2 146.08
4 132.05
6 132.03
8 127.25
10 128.09
12 124.42
14 125.47
16 136.63
18 137.11
20 135.44
22 137.48
24 130.43
26 131.17
28 129.74
30 129.61
32 165.18
34 162.53
36 162.78
38 161.19
40 156.07
42 152.3
44 153.36
46 157.47
48 155.53
50 154.47
52 153.14
54 161.64
56 160.8
58 153.58
60 154.64
62 190.93
64 220.39
66 220.42
68 216.56
70 214.75
72 215.73
74 215.54
76 215.23
78 215.87
80 215.68
82 215.36
84 216.06
86 216.99
88 215.92
90 217.25
92 213.82
94 215.93
96 216.08
98 216.32
100 212.65
102 210.4
104 210.83
106 208.85
108 211.14
110 210.89
112 210.47
114 211.77
116 211.72
118 213.44
120 214.55
122 211.08
124 209.62
126 344.79
128 345.74
130 344.8
132 345.61
134 345.79
136 343.46
138 343.82
140 344.03
142 344.55
144 345.66
146 346.32
148 344.18
150 339.98
152 343.44
154 340.47
156 337.54
158 343.95
160 342.02
162 342.21
164 345.19
166 341.1
168 341.55
170 342.99
172 345.4
174 348.71
176 349.09
178 343.86
180 349.79
182 348.24
184 348.07
186 339.89
188 351.32
190 341.71
192 339.28
194 355.01
196 348.95
198 348.89
200 352.2
202 347.32
204 347.66
206 354.84
208 364.05
210 349.82
212 362.07
214 349.85
216 357.42
218 360.11
220 355.76
222 353.71
224 355
226 358.3
228 362.68
230 361.96
232 358.53
234 351.31
236 355.84
238 348.12
240 346.48
242 350.85
244 349.86
246 352.66
248 348.27
250 640.41
252 640.19
254 642.63
256 638.93
258 639.21
260 638.5
262 634.53
264 630.82
266 636.38
268 634.14
270 631.48
272 630.92
274 631.79
276 626.05
278 630.53
280 634.76
282 626.26
284 638.87
286 644.9
288 648.51
290 636.32
292 635.9
294 635.5
296 628.2
298 625.29
300 628.84
302 634.26
304 633
306 630.88
308 629.12
310 625.55
312 630.23
314 635.23
316 628.61
318 625.8
320 626.87
322 633.46
324 627.96
326 620.71
328 618.92
330 619.33
332 622.85
334 623.91
336 618.16
338 616.69
340 616.4
342 615.43
344 621.66
346 620.02
348 621.4
350 622.22
352 613.69
354 615.87
356 619.25
358 615.61
360 612.45
362 614.31
364 620.05
366 617.01
368 622.33
370 619.24
372 617.38
374 626.34
376 617.21
378 614.57
380 611.05
382 615.93
384 612.61
386 612.63
388 611.89
390 616.08
392 613.53
394 614.46
396 613.62
398 612.93
400 612.2
402 607.71
404 606
406 614.75
408 614.19
410 614.45
412 612.97
414 606.14
416 607.86
418 608.16
420 606.48
422 610.45
424 607.9
426 605.22
428 606.3
430 611.51
432 613.81
434 606.96
436 603.13
438 607.58
440 607.59
442 608.89
444 607.58
446 605.19
448 609.23
450 607.55
452 607.36
454 610.69
456 606.28
458 616.22
460 611.48
462 612.2
464 611.43
466 605.71
468 613.4
470 609.82
472 612.88
474 614.38
476 614.37
478 612.65
480 612.87
482 613.16
484 606.2
486 609.07
488 606.6
490 605.13
492 615.65
494 613.9
496 610.92
498 608.95
500 1165.33
502 1213.36
504 1167.02
506 1163.61
508 1160.37
510 1160.71
512 1159.83
514 1161.47
516 1167.98
518 1161.77
520 1162.2
522 1163.63
524 1167.84
526 1170.58
528 1159.22
530 1164.22
532 1162.31
534 1159.77
536 1158.11
538 1164.57
540 1162.61
542 1157.55
544 1159.67
546 1157.87
548 1163.34
550 1159.48
552 1163.06
554 1163.06
556 1172.58
558 1161.18
560 1172.44
562 1173
564 1168.78
566 1161.06
568 1169.58
570 1165.67
572 1173.05
574 1162.87
576 1167.18
578 1157.24
580 1166.3
582 1167.18
584 1169.95
586 1160.69
588 1166.04
590 1164.86
592 1165.24
594 1178.93
596 1166.94
598 1170.57
600 1169.88
602 1164.35
604 1166.24
606 1168.52
608 1162.94
610 1162.29
612 1167.49
614 1172.67
616 1175.7
618 1156.8
620 1161.49
622 1162.04
624 1168.02
626 1163.78
628 1162.92
630 1161.86
632 1154.28
634 1160.13
636 1166.54
638 1169.71
640 1177.83
642 1161.9
644 1158.07
646 1159.79
648 1166.11
650 1164.79
652 1175.34
654 1165.14
656 1171.01
658 1164.93
660 1160.68
662 1161.15
664 1159.32
666 1164.35
668 1159.7
670 1155.93
672 1174.98
674 1172.1
676 1156.31
678 1162.89
680 1162.77
682 1162.29
684 1169.09
686 1161
688 1163.85
690 1158.98
692 1155.53
694 1152.65
696 1159.68
698 1155.97
700 1153.61
702 1160.04
704 1161.89
706 1163.29
708 1159.9
710 1160.52
712 1169.39
714 1155.69
716 1151.98
718 1165.75
720 1160.99
722 1154.02
724 1147.82
726 1166.14
728 1161.71
730 1173.45
732 1161.4
734 1165
736 1158.45
738 1159.86
740 1167.02
742 1154.51
744 1165.27
746 1163.63
748 1155.54
750 1162.28
752 1160.13
754 1171.2
756 1160.61
758 1164.02
760 1159.3
762 1159.3
764 1165.58
766 1155.27
768 1157.2
770 1162.89
772 1151.34
774 1152.64
776 1148.14
778 1155.83
780 1159.61
782 1165.35
784 1158.65
786 1162.51
788 1148.09
790 1161.23
792 1164.38
794 1166.63
796 1152.18
798 1153.73
800 1158.91
802 1157.44
804 1154.67
806 1155.37
808 1151.75
810 1156.3
812 1152.25
814 1155.62
816 1155.76
818 1160.08
820 1158.91
822 1153.98
824 1162.46
826 1166.55
828 1161.63
830 1167.21
832 1165.22
834 1157.31
836 1168.84
838 1165.61
840 1168.65
842 1166.77
844 1169.28
846 1165.65
848 1163.38
850 1167.19
852 1162.79
854 1173
856 1166.52
858 1173.23
860 1175.86
862 1167.64
864 1172.27
866 1176.59
868 1168.39
870 1173.52
872 1175.42
874 1177.25
876 1175.06
878 1196.08
880 1177.13
882 1173.72
884 1177.77
886 1179.59
888 1167.75
890 1170.27
892 1162.3
894 1175.6
896 1168.75
898 1167.06
900 1162.87
902 1169.86
904 1162.04
906 1161.11
908 1166.45
910 1168.74
912 1158.33
914 1167.15
916 1156.98
918 1159.24
920 1159
922 1164.81
924 1164.48
926 1166.77
928 1160.84
930 1162.19
932 1168.43
934 1163.64
936 1159.3
938 1167.56
940 1155.57
942 1160.77
944 1159.66
946 1153.82
948 1151.9
950 1156.37
952 1154.74
954 1159.24
956 1153.24
958 1159.14
960 1164.55
962 1168.06
964 1168.25
966 1167.39
968 1164.31
970 1157.53
972 1157.43
974 1158.36
976 1163.69
978 1165.66
980 1166.55
982 1160.07
984 1158.99
986 1161.39
988 1165.1
990 1166.44
992 1163.58
994 1162.15
996 1157.08
998 1162.93
1000 2281.21
1002 2285.49
1004 2277.87
1006 2279.03
1008 2277.9
1010 2290.07
1012 2278.66
1014 2284.01
1016 2284.45
1018 2269.74
1020 2292.61
1022 2284.68
1024 2288.07
1026 2284.78
1028 2285.35
1030 2296.93
1032 2289.85
1034 2276.26
1036 2281.97
1038 2275.36
1040 2278.4
1042 2277.93
1044 2281.05
1046 2274.1
1048 2268.22
1050 2282.12
1052 2275.8
1054 2273.5
1056 2264.75
1058 2279.65
1060 2266.38
1062 2275.27
1064 2287.24
1066 2269.7
1068 2265.33
1070 2265.94
1072 2262.74
1074 2269.21
1076 2293.29
1078 2274.38
1080 2280.78
1082 2274.35
1084 2275.7
1086 2261.42
1088 2275.45
1090 2284.94
1092 2273.98
1094 2279.85
1096 2265.74
1098 2273.4
1100 2275.63
1102 2288.66
1104 2285.35
1106 2282.14
1108 2280.05
1110 2269.7
1112 2269.62
1114 2276.96
1116 2272.17
1118 2272.76
1120 2271.84
1122 2268.84
1124 2268.82
1126 2266.2
1128 2265.1
1130 2262.74
1132 2261.49
1134 2265.58
1136 2266.95
1138 2266.9
1140 2266.77
1142 2269.73
1144 2269.72
1146 2268.16
1148 2263.17
1150 2266.32
1152 2270.88
1154 2274.46
1156 2265.54
1158 2266.23
1160 2269.12
1162 2282.87
1164 2284.49
1166 2260.16
1168 2265.98
1170 2269.29
1172 2268.42
1174 2269.41
1176 2260.22
1178 2264.51
1180 2279.1
1182 2281
1184 2267.56
1186 2254.71
1188 2266.7
1190 2266.47
1192 2279.75
1194 2281.66
1196 2289.91
1198 2285.51
1200 2271.9
1202 2269.86
1204 2269.62
1206 2286.22
1208 2257.88
1210 2269.86
1212 2268.11
1214 2269.08
1216 2258.68
1218 2270.62
1220 2271.48
1222 2275.87
1224 2270.85
1226 2278.3
1228 2277.21
1230 2266.46
1232 2267.32
1234 2275.08
1236 2261.1
1238 2269.29
1240 2270.23
1242 2263.65
1244 2258.36
1246 2265.84
1248 2273.21
1250 2270.68
1252 2266
1254 2273.62
1256 2273.23
1258 2273.63
1260 2280.55
1262 2270.19
1264 2257.42
1266 2264.29
1268 2273.98
1270 2261.28
1272 2260.2
1274 2293.8
1276 2270.96
1278 2271.45
1280 2263.88
1282 2264.74
1284 2267.88
1286 2267.83
1288 2270.57
1290 2275.43
1292 2273.39
1294 2267.86
1296 2266.48
1298 2280.22
1300 2270.75
1302 2274.08
1304 2272.74
1306 2287.48
1308 2274.47
1310 2272.9
1312 2270.28
1314 2276.1
1316 2261.57
1318 2264.79
1320 2267.1
1322 2269.06
1324 2264.06
1326 2287.54
1328 2273.01
1330 2294.48
1332 2271.73
1334 2274.05
1336 2274.33
1338 2276.78
1340 2293.05
1342 2264.36
1344 2291.73
1346 2271.04
1348 2274.59
1350 2308
1352 2263.58
1354 2275.91
1356 2280.55
1358 2280.82
1360 2264.13
1362 2282
1364 2264.85
1366 2286.68
1368 2277.61
1370 2271.83
1372 2275.24
1374 2290.11
1376 2268.15
1378 2283.56
1380 2270.86
1382 2269.5
1384 2267.49
1386 2275.34
1388 2277.59
1390 2280.95
1392 2277.85
1394 2288.89
1396 2278.83
1398 2280.86
1400 2275.74
1402 2270.13
1404 2269.3
1406 2275.19
1408 2272.19
1410 2272.52
1412 2272.29
1414 2273.6
1416 2275.08
1418 2272.59
1420 2284.02
1422 2270.2
1424 2271.2
1426 2272.88
1428 2272.71
1430 2268.01
1432 2280.91
1434 2277.53
1436 2279.31
1438 2263.81
1440 2286.18
1442 2277.86
1444 2267.28
1446 2268.01
1448 2269.65
1450 2276.22
1452 2261.11
1454 2268.72
1456 2268.51
1458 2279.89
1460 2265.23
1462 2265.27
1464 2271.78
1466 2275.7
1468 2269.14
1470 2270.06
1472 2273.68
1474 2282.81
1476 2263.65
1478 2277.86
1480 2269.43
1482 2280.51
1484 2272.73
1486 2267.4
1488 2264.54
1490 2265.83
1492 2255.97
1494 2261.17
1496 2282.31
1498 2272.45
1500 2258.2
1502 2268.45
1504 2267.06
1506 2282.39
1508 2273.15
1510 2270.16
1512 2275.22
1514 2265.96
1516 2284.04
1518 2273.18
1520 2257.22
1522 2270.88
1524 2267.51
1526 2257.47
1528 2275.57
1530 2262.14
1532 2280.26
1534 2278.85
1536 2273.4
1538 2261.68
1540 2261.92
1542 2277.51
1544 2269.3
1546 2273.62
1548 2271.31
1550 2263.67
1552 2274.94
1554 2303.61
1556 2292.96
1558 2269.66
1560 2278.58
1562 2270.58
1564 2270.19
1566 2272.44
1568 2270.06
1570 2268.15
1572 2275.09
1574 2269.18
1576 2267.39
1578 2272.91
1580 2274.73
1582 2270.37
1584 2265.81
1586 2271.24
1588 2260.4
1590 2281.87
1592 2262.73
1594 2260.65
1596 2295.62
1598 2274.53
1600 2269.78
1602 2265.76
1604 2276.2
1606 2255.51
1608 2266.55
1610 2284.16
1612 2267.99
1614 2257.42
1616 2273.29
1618 2265.91
1620 2286.58
1622 2258.14
1624 2272.51
1626 2274.77
1628 2275.28
1630 2269.38
1632 2260.43
1634 2262.69
1636 2260.76
1638 2256.16
1640 2263.23
1642 2267.85
1644 2272.83
1646 2261.21
1648 2273.28
1650 2264.03
1652 2259.76
1654 2263.48
1656 2269.34
1658 2263.45
1660 2273.23
1662 2261.47
1664 2256.04
1666 2257.53
1668 2263.03
1670 2269.61
1672 2268.65
1674 2271.64
1676 2259.84
1678 2265.06
1680 2277.4
1682 2268.52
1684 2273.76
1686 2283.64
1688 2265.26
1690 2260.9
1692 2260.83
1694 2250.88
1696 2261.34
1698 2261.98
1700 2271.61
1702 2272.71
1704 2275.7
1706 2263.19
1708 2260.21
1710 2266.05
1712 2266.58
1714 2264.2
1716 2264.59
1718 2280.45
1720 2274
1722 2268.78
1724 2277.23
1726 2264.62
1728 2266.73
1730 2266
1732 2275.87
1734 2264.43
1736 2267.14
1738 2273.97
1740 2270.59
1742 2262.02
1744 2275.92
1746 2267.65
1748 2260.16
1750 2271.96
1752 2258.39
1754 2281.57
1756 2282.63
1758 2255.35
1760 2276.86
1762 2268.87
1764 2268.16
1766 2269.1
1768 2263.9
1770 2272.48
1772 2274.04
1774 2256.42
1776 2261.89
1778 2266.91
1780 2259.24
1782 2264.39
1784 2254.67
1786 2268.18
1788 2256.84
1790 2261.95
1792 2269.45
1794 2273.31
1796 2262.02
1798 2265.56
1800 2269.7
1802 2273.39
1804 2265.95
1806 2276.98
1808 2284.14
1810 2263.04
1812 2267.69
1814 2261.52
1816 2260.26
1818 2261.79
1820 2261.09
1822 2279.24
1824 2271.02
1826 2264.69
1828 2266.16
1830 2266.23
1832 2255.86
1834 2258.11
1836 2259.21
1838 2283.18
1840 2281.07
1842 2290.02
1844 2269.23
1846 2276.12
1848 2288.94
1850 2287.48
1852 2288.7
1854 2297.26
1856 2275.4
1858 2264.63
1860 2277.6
1862 2270.82
1864 2288.92
1866 2269.09
1868 2267.86
1870 2265.56
1872 2264.67
1874 2274.43
1876 2273.08
1878 2268.57
1880 2268.39
1882 2273.82
1884 2271.61
1886 2272.67
1888 2289.58
1890 2261.15
1892 2275.94
1894 2260.77
1896 2273.96
1898 2279.83
1900 2256.03
1902 2264.26
1904 2266.75
1906 2276.12
1908 2271.47
1910 2276.02
1912 2266.02
1914 2263.71
1916 2271.31
1918 2272.55
1920 2269.31
1922 2261.84
1924 2284.42
1926 2255.62
1928 2253.73
1930 2261.03
1932 2261.43
1934 2266.62
1936 2277.66
1938 2270.57
1940 2267.82
1942 2270.81
1944 2264.28
1946 2257.26
1948 2263.98
1950 2259.18
1952 2259.46
1954 2273.72
1956 2277.11
1958 2264.72
1960 2273.63
1962 2273.65
1964 2270.66
1966 2277.59
1968 2263.29
1970 2271.18
1972 2274.87
1974 2267.48
1976 2256.48
1978 2269.15
1980 2260.21
1982 2259.22
1984 2260.6
1986 2271.39
1988 2271.82
1990 2258.1
1992 2265.61
1994 2270.07
1996 2266.19
1998 2261.49
2000 4502.66
