2 142.89
4 122.24
6 120.04
8 105.97
10 106.78
12 103.81
14 104.15
16 92.56
18 91.92
20 91.96
22 93.3
24 88.25
26 87.74
28 87.68
30 87.75
32 76.61
34 75.33
36 75.65
38 74.95
40 74.54
42 70.72
44 71.02
46 73.31
48 72.22
50 72.63
52 72.87
54 72.36
56 75.01
58 70.85
60 71.99
62 66.12
64 60.67
66 59.42
68 58.68
70 58.24
72 58.38
74 58.37
76 58.01
78 59.46
80 57.86
82 58.06
84 59.08
86 58.35
88 57.77
90 58.08
92 57.37
94 60.15
96 58.03
98 59.04
100 57.28
102 56.46
104 56.7
106 56.64
108 57.19
110 56.42
112 57.07
114 56.56
116 57.24
118 57.06
120 57.58
122 57.88
124 57.37
126 46.37
128 46.83
130 46.29
132 46.31
134 46.42
136 46.05
138 47.3
140 46.75
142 46.43
144 46.59
146 46.28
148 46.84
150 46.69
152 45.91
154 45.91
156 45.82
158 45.74
160 46.41
162 46.83
164 46.14
166 47.24
168 47.12
170 47.09
172 46.63
174 47.4
176 47.19
178 46.66
180 46.66
182 48.33
184 48.6
186 45.92
188 46.72
190 45.89
192 46.9
194 45.69
196 48.26
198 46.36
200 47.85
202 46.59
204 46.42
206 48.94
208 48.95
210 46.54
212 47.69
214 46.72
216 48.53
218 47.92
220 47.62
222 47.9
224 47.57
226 47.38
228 46.91
230 48.56
232 47.51
234 46.29
236 47.7
238 46.69
240 46.29
242 48.23
244 47.47
246 46.44
248 47.53
250 37.61
252 36.89
254 36.66
256 37.78
258 37.45
260 36.94
262 37.16
264 36.56
266 37.04
268 36.94
270 37.57
272 36.84
274 36.67
276 36.36
278 37.16
280 37.35
282 36.58
284 36.9
286 37.56
288 51.81
290 37.39
292 38.1
294 36.71
296 37.02
298 36.57
300 36.5
302 37.01
304 37.34
306 37.62
308 36.63
310 36.94
312 36.57
314 37.66
316 36.77
318 36.92
320 36.37
322 36.83
324 37.07
326 37.75
328 36.21
330 37.24
332 36.05
334 36.17
336 36.13
338 36.1
340 36.42
342 36.16
344 36.28
346 36.04
348 36.27
350 36.04
352 35.79
354 36.05
356 36.05
358 36.55
360 35.71
362 35.7
364 36.45
366 35.76
368 36.37
370 36.25
372 36.25
374 36.67
376 36.39
378 36.63
380 36.66
382 35.63
384 36.64
386 35.78
388 36.1
390 35.91
392 36.23
394 36.23
396 36
398 36.29
400 35.55
402 35.34
404 35.75
406 36.28
408 36.16
410 36.28
412 35.71
414 35.64
416 35.47
418 35.67
420 36.81
422 36.31
424 36.48
426 35.81
428 35.88
430 36.75
432 35.38
434 35.83
436 35.28
438 35.3
440 36.22
442 35.28
444 35.75
446 35.93
448 36.19
450 35.43
452 35.84
454 36.41
456 36.29
458 36.26
460 35.79
462 35.81
464 36.32
466 35.98
468 35.32
470 35.91
472 35.8
474 36.26
476 36.63
478 35.85
480 35.43
482 36.42
484 35.8
486 35.87
488 35.88
490 35.16
492 35.94
494 36.12
496 37.05
498 35.67
500 26.17
502 25.71
504 25.75
506 25.67
508 25.34
510 26.07
512 25.36
514 26.48
516 26.31
518 26.09
520 25.77
522 25.5
524 25.78
526 25.6
528 25.79
530 25.58
532 26.28
534 25.74
536 26.25
538 25.48
540 26.03
542 25.67
544 25.74
546 25.63
548 25.96
550 25.28
552 26.12
554 25.72
556 26.08
558 25.29
560 25.73
562 25.53
564 25.84
566 25.84
568 25.65
570 25.79
572 25.89
574 25.55
576 26.24
578 25.67
580 25.6
582 25.52
584 26.29
586 25.78
588 25.88
590 25.95
592 25.77
594 25.98
596 26.09
598 25.91
600 26.36
602 26.17
604 25.98
606 25.75
608 25.39
610 26.13
612 25.53
614 25.36
616 25.72
618 25.75
620 25.54
622 25.61
624 26.27
626 25.69
628 25.48
630 25.48
632 25.83
634 25.86
636 25.92
638 25.83
640 25.5
642 26.54
644 25.88
646 25.75
648 26.55
650 26.13
652 25.54
654 25.88
656 26.08
658 25.33
660 26.02
662 26.06
664 25.9
666 25.47
668 25.5
670 25.89
672 25.32
674 25.94
676 25.26
678 25.85
680 25.7
682 26.09
684 25.53
686 25.32
688 25.72
690 25.44
692 26.01
694 25.63
696 25.4
698 25.94
700 25.66
702 25.56
704 25.18
706 25.66
708 25.59
710 25.22
712 26.31
714 25.26
716 25.96
718 25.4
720 26.57
722 25.68
724 25.58
726 25.35
728 25.96
730 25.97
732 25.84
734 25.73
736 26
738 25.64
740 25.48
742 25.33
744 25.48
746 25.87
748 25.78
750 25.72
752 26.48
754 26.03
756 26.5
758 26
760 26.35
762 26.19
764 25.28
766 26.46
768 25.47
770 25.66
772 26
774 25.53
776 25.96
778 25.59
780 25.38
782 25.87
784 25.44
786 25.99
788 25.63
790 25.33
792 25.61
794 25.67
796 25.58
798 25.31
800 25.52
802 26.38
804 25.92
806 26.3
808 25.62
810 25.8
812 25.82
814 25.27
816 25.26
818 25.79
820 26.53
822 25.84
824 25.49
826 25.5
828 26.08
830 26.9
832 25.65
834 25.93
836 25.69
838 26.4
840 26.45
842 25.88
844 26.05
846 25.64
848 25.48
850 25.86
852 25.71
854 25.92
856 26
858 26.29
860 26.41
862 25.69
864 25.84
866 25.83
868 26.84
870 26.85
872 26.23
874 26.16
876 26.29
878 25.91
880 26.59
882 25.65
884 25.8
886 25.96
888 25.68
890 26.78
892 26.25
894 25.79
896 26.27
898 25.9
900 25.47
902 26.18
904 25.84
906 25.67
908 25.79
910 25.72
912 26.1
914 25.91
916 25.8
918 25.54
920 26.25
922 26.31
924 25.69
926 26
928 25.83
930 25.48
932 25.29
934 25.73
936 25.9
938 26.13
940 25.68
942 25.81
944 25.76
946 25.91
948 25.85
950 25.93
952 25.38
954 25.62
956 25.18
958 26.48
960 25.75
962 26.26
964 25.57
966 25.67
968 25.24
970 25.45
972 25.29
974 25.46
976 25.68
978 25.28
980 25.94
982 26.11
984 25.49
986 26.59
988 25.48
990 25.76
992 25.4
994 26.55
996 25.95
998 25.97
1000 16.23
1002 16.56
1004 16.39
1006 16.06
1008 16.44
1010 16.34
1012 16.59
1014 16.21
1016 16.39
1018 16.53
1020 16.44
1022 16.22
1024 16.55
1026 16.09
1028 16.15
1030 16.23
1032 16.04
1034 16.24
1036 16.77
1038 16.26
1040 16.4
1042 16.21
1044 16.38
1046 16.62
1048 16.53
1050 16.03
1052 16.28
1054 16.43
1056 16.2
1058 16.23
1060 16.03
1062 16.08
1064 16.91
1066 16.42
1068 16.43
1070 16.05
1072 16.27
1074 16.99
1076 16.43
1078 16.15
1080 16.11
1082 16.31
1084 17.15
1086 16.26
1088 16.45
1090 16.23
1092 16.75
1094 16.31
1096 16.22
1098 16.19
1100 16.59
1102 16.66
1104 16.58
1106 17.27
1108 16.25
1110 16.15
1112 16.2
1114 16.05
1116 16.39
1118 16.62
1120 16.23
1122 16.36
1124 16.88
1126 16.66
1128 16.48
1130 16.54
1132 16.26
1134 16.21
1136 16.63
1138 16.44
1140 16.55
1142 16.17
1144 16.75
1146 16.6
1148 16.02
1150 16.16
1152 16.15
1154 16.21
1156 16.2
1158 16.16
1160 16.53
1162 16.36
1164 16.33
1166 16.13
1168 16.39
1170 16.73
1172 16.03
1174 16.07
1176 16.36
1178 16.37
1180 16.14
1182 16.72
1184 16.28
1186 16.39
1188 16.37
1190 16.21
1192 16.77
1194 16.51
1196 16.15
1198 16.27
1200 16.26
1202 16.37
1204 16.4
1206 16.34
1208 16.04
1210 16.21
1212 16.4
1214 16.55
1216 16.36
1218 16.94
1220 16.19
1222 16.09
1224 16.46
1226 16.02
1228 16.38
1230 16.35
1232 16.59
1234 16.07
1236 16.44
1238 16.36
1240 16.22
1242 16.58
1244 16.61
1246 16.21
1248 16.27
1250 16.75
1252 16.77
1254 16.17
1256 16.28
1258 16.24
1260 16.63
1262 16.75
1264 16.05
1266 16.4
1268 16.93
1270 16.2
1272 16.04
1274 17.07
1276 16.45
1278 16.18
1280 16.17
1282 16.02
1284 16.74
1286 16.26
1288 16.39
1290 16.28
1292 16.69
1294 16.03
1296 16.03
1298 16.29
1300 16.24
1302 16.32
1304 16.27
1306 16.3
1308 16.42
1310 16.39
1312 16.54
1314 16.22
1316 16.05
1318 17.01
1320 16.35
1322 16.05
1324 16.21
1326 16.69
1328 16.22
1330 16.58
1332 16.1
1334 16.19
1336 16.25
1338 16.26
1340 16.73
1342 16.47
1344 16.45
1346 16.34
1348 16.06
1350 16.48
1352 16.08
1354 16.42
1356 16.93
1358 16.32
1360 16.09
1362 16.28
1364 16.04
1366 16.11
1368 16.39
1370 16.41
1372 16.17
1374 16.04
1376 16.24
1378 16.08
1380 16.31
1382 16.06
1384 16.5
1386 16.66
1388 16.06
1390 16.67
1392 16.61
1394 16.09
1396 16.13
1398 16.37
1400 16.38
1402 16.59
1404 16.57
1406 16.23
1408 16.23
1410 16.26
1412 16.61
1414 16.42
1416 16.36
1418 16.6
1420 16.26
1422 16.29
1424 16.34
1426 16.32
1428 16.22
1430 16.71
1432 16.58
1434 16.41
1436 16.32
1438 16.56
1440 16.56
1442 16.11
1444 16.23
1446 16.03
1448 16.4
1450 16.27
1452 17.13
1454 16.77
1456 16.24
1458 16.82
1460 16.06
1462 16.19
1464 16.1
1466 16.22
1468 16.78
1470 16.56
1472 16.24
1474 16.35
1476 16.92
1478 16.24
1480 16.83
1482 16.4
1484 16.2
1486 16.3
1488 16.32
1490 16.23
1492 16.47
1494 16.15
1496 16.24
1498 16.23
1500 16.54
1502 16.05
1504 16.33
1506 16.02
1508 16.5
1510 16.31
1512 16.35
1514 16.39
1516 16.07
1518 17.09
1520 16.05
1522 16.36
1524 16.24
1526 16.24
1528 16.2
1530 16.98
1532 16.41
1534 16.41
1536 16.09
1538 16.78
1540 16.22
1542 16.07
1544 16.72
1546 16.29
1548 16.24
1550 16.16
1552 16.28
1554 16.32
1556 16.23
1558 16.45
1560 16.44
1562 16.26
1564 16.38
1566 16.06
1568 16.05
1570 16.4
1572 16.39
1574 16.23
1576 16.51
1578 16.52
1580 16.2
1582 16.61
1584 16.07
1586 16.25
1588 16.07
1590 16.69
1592 16.2
1594 16.37
1596 16.63
1598 16.47
1600 16.71
1602 16.24
1604 16.18
1606 16.76
1608 16.37
1610 16.22
1612 16.22
1614 16.03
1616 16.2
1618 16.31
1620 16.4
1622 16.23
1624 16.34
1626 16.21
1628 16.18
1630 16.63
1632 16.19
1634 16.37
1636 16.53
1638 16.74
1640 16.03
1642 16.05
1644 16.37
1646 16.71
1648 16.01
1650 16.2
1652 16.08
1654 16.21
1656 16.26
1658 16.25
1660 16.23
1662 16.55
1664 16.26
1666 16.62
1668 16.12
1670 16.28
1672 16.06
1674 16.18
1676 16.91
1678 16.38
1680 16.27
1682 16.65
1684 16.87
1686 16.21
1688 16.78
1690 16.2
1692 16.48
1694 16.24
1696 16.03
1698 16.01
1700 16.56
1702 16.42
1704 16.01
1706 16.19
1708 16.02
1710 16.38
1712 16.19
1714 17.01
1716 16.38
1718 16.04
1720 16.79
1722 16.21
1724 16.3
1726 16.64
1728 16.42
1730 16.04
1732 16.15
1734 16.03
1736 16.21
1738 16.2
1740 16.55
1742 16.19
1744 16.27
1746 16.26
1748 16.66
1750 16.44
1752 16.47
1754 16.05
1756 16.44
1758 16.39
1760 16.21
1762 16.39
1764 16.28
1766 17.01
1768 16.21
1770 16.38
1772 16.03
1774 16.04
1776 16.39
1778 16.37
1780 16.22
1782 16.18
1784 16.6
1786 16.58
1788 16.02
1790 16.19
1792 16.31
1794 16.58
1796 16.6
1798 16.01
1800 16.57
1802 16.33
1804 16.43
1806 16.42
1808 16.69
1810 16.35
1812 16.49
1814 16.43
1816 16.69
1818 16.17
1820 16.36
1822 16.48
1824 16.88
1826 16.53
1828 16.52
1830 16.13
1832 16.21
1834 16.55
1836 16.44
1838 16.27
1840 16.28
1842 16.25
1844 16.2
1846 16.28
1848 16.27
1850 16.12
1852 16.39
1854 16.55
1856 16.1
1858 16.46
1860 16.35
1862 16.26
1864 16.19
1866 16.21
1868 16.24
1870 16.19
1872 16.1
1874 16.55
1876 16.15
1878 16.34
1880 16.62
1882 16.02
1884 16.23
1886 16.27
1888 16.43
1890 16.34
1892 16.25
1894 16.42
1896 16.19
1898 16.26
1900 16.29
1902 16.21
1904 16.2
1906 16.26
1908 16.6
1910 16.06
1912 16.57
1914 16.19
1916 16.37
1918 16.69
1920 16.16
1922 16.05
1924 16.38
1926 16.68
1928 16.2
1930 16.23
1932 16.85
1934 16.51
1936 16.86
1938 16.44
1940 16.02
1942 16.22
1944 16.23
1946 16.17
1948 16.58
1950 16.72
1952 16.01
1954 16.23
1956 16.06
1958 16.17
1960 16.72
1962 16.04
1964 16.26
1966 16.41
1968 16.61
1970 16.14
1972 16.43
1974 16.07
1976 16.21
1978 16.57
1980 16.02
1982 16.03
1984 16.21
1986 16.17
1988 16.4
1990 16.1
1992 16.28
1994 16.37
1996 16.38
1998 16.03
2000 6.07
