2 282
4 254
6 252
8 260
10 231
12 231
14 231
16 252
18 251
20 251
22 294
24 213
26 214
28 212
30 212
32 270
34 269
36 268
38 269
40 205
42 208
44 207
46 206
48 208
50 209
52 206
54 206
56 206
58 206
60 207
62 254
64 302
66 253
68 252
70 253
72 253
74 253
76 253
78 252
80 252
82 253
84 253
86 253
88 253
90 253
92 253
94 253
96 253
98 253
100 251
102 224
104 224
106 224
108 224
110 223
112 223
114 224
116 224
118 224
120 224
122 224
124 224
126 367
128 367
130 367
132 367
134 366
136 367
138 367
140 367
142 367
144 366
146 367
148 374
150 337
152 337
154 337
156 337
158 337
160 377
162 477
164 328
166 329
168 329
170 409
172 329
174 329
176 329
178 368
180 329
182 337
184 374
186 337
188 337
190 337
192 337
194 337
196 431
198 338
200 414
202 350
204 350
206 354
208 351
210 347
212 347
214 347
216 348
218 347
220 347
222 377
224 350
226 379
228 352
230 347
232 347
234 347
236 346
238 347
240 347
242 378
244 362
246 350
248 349
250 646
252 627
254 626
256 630
258 626
260 628
262 653
264 631
266 690
268 627
270 628
272 627
274 629
276 627
278 625
280 625
282 623
284 687
286 625
288 625
290 625
292 625
294 624
296 625
298 628
300 608
302 608
304 610
306 608
308 608
310 609
312 608
314 608
316 683
318 593
320 593
322 592
324 594
326 593
328 592
330 653
332 630
334 593
336 593
338 593
340 593
342 594
344 592
346 593
348 593
350 592
352 609
354 609
356 609
358 647
360 594
362 593
364 636
366 613
368 826
370 716
372 681
374 658
376 671
378 666
380 609
382 609
384 611
386 609
388 609
390 609
392 609
394 609
396 609
398 609
400 609
402 609
404 609
406 609
408 631
410 592
412 594
414 595
416 594
418 630
420 594
422 594
424 594
426 594
428 594
430 705
432 594
434 594
436 594
438 594
440 655
442 713
444 609
446 611
448 609
450 648
452 593
454 593
456 594
458 594
460 640
462 594
464 593
466 593
468 593
470 593
472 593
474 593
476 593
478 593
480 593
482 630
484 594
486 594
488 594
490 594
492 593
494 593
496 593
498 593
500 1131
502 1214
504 1186
506 1192
508 1131
510 1129
512 1168
514 1400
516 1131
518 1130
520 1131
522 1131
524 1708
526 1602
528 1162
530 1161
532 1131
534 1131
536 1201
538 1158
540 1131
542 1131
544 1129
546 1129
548 1170
550 1133
552 1216
554 1161
556 1177
558 1129
560 1168
562 1129
564 1131
566 1131
568 1131
570 1133
572 1167
574 1132
576 1132
578 1132
580 1253
582 1168
584 1168
586 1131
588 1131
590 1132
592 1169
594 1129
596 1204
598 1131
600 1286
602 1179
604 1131
606 1130
608 1132
610 1128
612 1132
614 1131
616 1131
618 1132
620 1131
622 1131
624 1324
626 1131
628 1131
630 1204
632 1130
634 1132
636 1206
638 1133
640 1133
642 1134
644 1131
646 1132
648 1133
650 1133
652 1133
654 1128
656 1260
658 1131
660 1131
662 1132
664 1132
666 1131
668 1169
670 1131
672 1132
674 1131
676 1132
678 1131
680 1169
682 1129
684 1207
686 1130
688 1132
690 1169
692 1168
694 1316
696 1132
698 1133
700 1129
702 1187
704 1167
706 1207
708 1129
710 1129
712 1133
714 1131
716 1189
718 1131
720 1190
722 1132
724 1132
726 1131
728 1166
730 1131
732 1131
734 1207
736 1267
738 1131
740 1203
742 1131
744 1130
746 1131
748 1131
750 1132
752 1205
754 1131
756 1133
758 1131
760 1237
762 1131
764 1168
766 1133
768 1128
770 1132
772 1133
774 1132
776 1169
778 1132
780 1131
782 1132
784 1131
786 1129
788 1204
790 1131
792 1130
794 1130
796 1131
798 1129
800 1169
802 1128
804 1131
806 1131
808 1129
810 1132
812 1133
814 1133
816 1132
818 1132
820 1202
822 1133
824 1130
826 1131
828 1130
830 1131
832 1130
834 1131
836 1172
838 1133
840 1133
842 1133
844 1134
846 1128
848 1131
850 1169
852 1131
854 1131
856 1131
858 1130
860 1184
862 1133
864 1131
866 1207
868 1168
870 1131
872 1162
874 1131
876 1244
878 1198
880 1162
882 1160
884 1203
886 1160
888 1160
890 1161
892 1160
894 1161
896 1200
898 1162
900 1161
902 1161
904 1202
906 1163
908 1160
910 1161
912 1198
914 1354
916 1131
918 1277
920 1161
922 1240
924 1160
926 1181
928 1202
930 1232
932 1161
934 1161
936 1161
938 1159
940 1132
942 1167
944 1132
946 1129
948 1129
950 1129
952 1132
954 1168
956 1237
958 1129
960 1282
962 1207
964 1131
966 1169
968 1131
970 1433
972 1274
974 1161
976 1165
978 1162
980 1206
982 1229
984 1189
986 1250
988 1196
990 1255
992 1196
994 1161
996 1159
998 1162
1000 2301
1002 2328
1004 2216
1006 2305
1008 2217
1010 2215
1012 2252
1014 2255
1016 2215
1018 2250
1020 2255
1022 2327
1024 2216
1026 2308
1028 2215
1030 2216
1032 2409
1034 2260
1036 2329
1038 2253
1040 2272
1042 2216
1044 2291
1046 2293
1048 2219
1050 2294
1052 2216
1054 2216
1056 2215
1058 2213
1060 2217
1062 2216
1064 2254
1066 2298
1068 2213
1070 2291
1072 2213
1074 2218
1076 2367
1078 2217
1080 2330
1082 2223
1084 2216
1086 2332
1088 2216
1090 2406
1092 2217
1094 2251
1096 2514
1098 2214
1100 2287
1102 2362
1104 2216
1106 2343
1108 2253
1110 2216
1112 2253
1114 2294
1116 2217
1118 2255
1120 2216
1122 2217
1124 2213
1126 2216
1128 2215
1130 2215
1132 2215
1134 2249
1136 2216
1138 2217
1140 2288
1142 2319
1144 2217
1146 2253
1148 2218
1150 2214
1152 2219
1154 2213
1156 2295
1158 2216
1160 2254
1162 2214
1164 2220
1166 2250
1168 2252
1170 2237
1172 2251
1174 2258
1176 2218
1178 2289
1180 2216
1182 2254
1184 2395
1186 2215
1188 2256
1190 2216
1192 2335
1194 2218
1196 2217
1198 2327
1200 2218
1202 2213
1204 2289
1206 2217
1208 2287
1210 2323
1212 2218
1214 2215
1216 2295
1218 2274
1220 2274
1222 2235
1224 2217
1226 2217
1228 2531
1230 2216
1232 2216
1234 2305
1236 2252
1238 2290
1240 2253
1242 2250
1244 2212
1246 2252
1248 2249
1250 2217
1252 2290
1254 2217
1256 2216
1258 2218
1260 2213
1262 2250
1264 2217
1266 2217
1268 2254
1270 2348
1272 2215
1274 2676
1276 2275
1278 2279
1280 2360
1282 2312
1284 2348
1286 2271
1288 2275
1290 2273
1292 2316
1294 2275
1296 2269
1298 2292
1300 2216
1302 2213
1304 2329
1306 2255
1308 2254
1310 2217
1312 2293
1314 2216
1316 2215
1318 2233
1320 2217
1322 2216
1324 2354
1326 2355
1328 2280
1330 2336
1332 2422
1334 2335
1336 2450
1338 2339
1340 2336
1342 2273
1344 2312
1346 2275
1348 2274
1350 2275
1352 2278
1354 2216
1356 2216
1358 2291
1360 2288
1362 2216
1364 2214
1366 2250
1368 2219
1370 2217
1372 2309
1374 2219
1376 2255
1378 2253
1380 2213
1382 2214
1384 2216
1386 2213
1388 2291
1390 2287
1392 2250
1394 2213
1396 2252
1398 2218
1400 2250
1402 2218
1404 2233
1406 2213
1408 2212
1410 2331
1412 2219
1414 2213
1416 2254
1418 2216
1420 2217
1422 2293
1424 2254
1426 2218
1428 2289
1430 2332
1432 2217
1434 2253
1436 2290
1438 2251
1440 2217
1442 2216
1444 2218
1446 2272
1448 2217
1450 2329
1452 2253
1454 2248
1456 2218
1458 2253
1460 2250
1462 2770
1464 2267
1466 2484
1468 2320
1470 2275
1472 2372
1474 2358
1476 2339
1478 2275
1480 2276
1482 2279
1484 2255
1486 2219
1488 2325
1490 2254
1492 2216
1494 2217
1496 2254
1498 2335
1500 2216
1502 2403
1504 2258
1506 2408
1508 2294
1510 2254
1512 2291
1514 2436
1516 2255
1518 2219
1520 2217
1522 2217
1524 2216
1526 2217
1528 2214
1530 2251
1532 2216
1534 2212
1536 2252
1538 2216
1540 2267
1542 2253
1544 2219
1546 2254
1548 2296
1550 2219
1552 2320
1554 2214
1556 2216
1558 2600
1560 2399
1562 2344
1564 2338
1566 2537
1568 2379
1570 2336
1572 2338
1574 2365
1576 2339
1578 2315
1580 2314
1582 2271
1584 2312
1586 2215
1588 2254
1590 2218
1592 2216
1594 2288
1596 2253
1598 2253
1600 2249
1602 2292
1604 2257
1606 2218
1608 2252
1610 2376
1612 2331
1614 2215
1616 2216
1618 2216
1620 2236
1622 2216
1624 2218
1626 2291
1628 2216
1630 2217
1632 2285
1634 2218
1636 2216
1638 2252
1640 2289
1642 2254
1644 2254
1646 2217
1648 2217
1650 2254
1652 2216
1654 2327
1656 2215
1658 2214
1660 2216
1662 2212
1664 2215
1666 2216
1668 2216
1670 2331
1672 2216
1674 2212
1676 2253
1678 2253
1680 2403
1682 2255
1684 2216
1686 2251
1688 2287
1690 2213
1692 2305
1694 2259
1696 2212
1698 2368
1700 2219
1702 2216
1704 2218
1706 2216
1708 2215
1710 2219
1712 2285
1714 2294
1716 2219
1718 2219
1720 2288
1722 2235
1724 2253
1726 2316
1728 2219
1730 2253
1732 2254
1734 2217
1736 2216
1738 2325
1740 2216
1742 2216
1744 2292
1746 2216
1748 2253
1750 2216
1752 2218
1754 2216
1756 2253
1758 2216
1760 2217
1762 2214
1764 2217
1766 2218
1768 2213
1770 2252
1772 2217
1774 2216
1776 2283
1778 2214
1780 2216
1782 2287
1784 2217
1786 2216
1788 2292
1790 2217
1792 2249
1794 2253
1796 2326
1798 2212
1800 2324
1802 2217
1804 2217
1806 2219
1808 2216
1810 2217
1812 2216
1814 2417
1816 2217
1818 2319
1820 2277
1822 2276
1824 2275
1826 2274
1828 2275
1830 2216
1832 2253
1834 2255
1836 2216
1838 2324
1840 2214
1842 2411
1844 2562
1846 2432
1848 2362
1850 2472
1852 2337
1854 2337
1856 2349
1858 2367
1860 2275
1862 2243
1864 2217
1866 2257
1868 2234
1870 2219
1872 2350
1874 2219
1876 2213
1878 2216
1880 2286
1882 2216
1884 2294
1886 2251
1888 2295
1890 2255
1892 2252
1894 2290
1896 2217
1898 2329
1900 2217
1902 2217
1904 2292
1906 2216
1908 2216
1910 2579
1912 2324
1914 2219
1916 2217
1918 2256
1920 2217
1922 2218
1924 2217
1926 2216
1928 2216
1930 2253
1932 2258
1934 2217
1936 2253
1938 2290
1940 2216
1942 2289
1944 2219
1946 2219
1948 2215
1950 2217
1952 2290
1954 2216
1956 2253
1958 2217
1960 2216
1962 2304
1964 2213
1966 2216
1968 2253
1970 2217
1972 2216
1974 2288
1976 2217
1978 2233
1980 2253
1982 2216
1984 2250
1986 2212
1988 2216
1990 2214
1992 2213
1994 2358
1996 2216
1998 2215
2000 4476
