2 526
4 483
6 476
8 452
10 424
12 419
14 419
16 405
18 403
20 402
22 379
24 342
26 341
28 341
30 339
32 337
34 336
36 334
38 335
40 254
42 254
44 254
46 253
48 252
50 256
52 254
54 254
56 254
58 253
60 254
62 273
64 281
66 236
68 234
70 233
72 234
74 233
76 232
78 232
80 233
82 232
84 232
86 232
88 233
90 233
92 233
94 232
96 231
98 233
100 205
102 206
104 206
106 205
108 205
110 206
112 205
114 205
116 206
118 206
120 206
122 205
124 206
126 266
128 267
130 266
132 265
134 266
136 266
138 265
140 265
142 265
144 265
146 267
148 245
150 245
152 244
154 244
156 243
158 244
160 283
162 238
164 238
166 237
168 238
170 238
172 238
174 383
176 241
178 238
180 257
182 248
184 247
186 246
188 248
190 244
192 244
194 244
196 266
198 245
200 278
202 263
204 260
206 312
208 336
210 364
212 254
214 260
216 254
218 254
220 255
222 255
224 252
226 253
228 252
230 256
232 278
234 273
236 283
238 255
240 254
242 254
244 258
246 339
248 255
250 384
252 386
254 385
256 418
258 380
260 381
262 381
264 384
266 408
268 383
270 384
272 421
274 382
276 385
278 380
280 381
282 384
284 382
286 381
288 381
290 410
292 381
294 380
296 380
298 380
300 381
302 380
304 380
306 380
308 380
310 380
312 385
314 370
316 369
318 370
320 370
322 370
324 370
326 393
328 370
330 370
332 370
334 370
336 369
338 371
340 370
342 370
344 370
346 370
348 370
350 377
352 360
354 360
356 360
358 419
360 371
362 370
364 371
366 370
368 361
370 361
372 361
374 361
376 360
378 360
380 361
382 361
384 361
386 361
388 361
390 361
392 361
394 361
396 361
398 361
400 361
402 361
404 361
406 361
408 380
410 361
412 361
414 360
416 360
418 361
420 425
422 372
424 371
426 370
428 382
430 361
432 397
434 361
436 360
438 361
440 434
442 360
444 360
446 360
448 361
450 360
452 361
454 370
456 370
458 370
460 372
462 361
464 361
466 361
468 361
470 381
472 361
474 361
476 361
478 398
480 361
482 360
484 361
486 361
488 361
490 361
492 412
494 360
496 361
498 361
500 607
502 607
504 606
506 641
508 623
510 638
512 605
514 605
516 622
518 656
520 624
522 606
524 606
526 642
528 606
530 678
532 606
534 606
536 606
538 606
540 606
542 759
544 607
546 606
548 606
550 606
552 649
554 656
556 622
558 606
560 605
562 605
564 626
566 642
568 606
570 606
572 607
574 607
576 605
578 642
580 606
582 606
584 605
586 606
588 606
590 670
592 660
594 606
596 606
598 606
600 663
602 679
604 605
606 606
608 608
610 606
612 606
614 606
616 606
618 606
620 606
622 606
624 671
626 642
628 607
630 608
632 607
634 606
636 606
638 606
640 607
642 607
644 606
646 749
648 706
650 608
652 608
654 703
656 624
658 624
660 670
662 622
664 622
666 622
668 622
670 666
672 624
674 622
676 607
678 626
680 606
682 606
684 606
686 606
688 627
690 606
692 608
694 606
696 642
698 605
700 687
702 606
704 606
706 606
708 643
710 606
712 606
714 695
716 608
718 607
720 670
722 607
724 606
726 606
728 623
730 606
732 643
734 606
736 607
738 606
740 605
742 643
744 643
746 606
748 606
750 607
752 606
754 606
756 708
758 681
760 606
762 622
764 622
766 659
768 623
770 747
772 622
774 622
776 622
778 621
780 622
782 622
784 643
786 644
788 605
790 670
792 606
794 606
796 607
798 606
800 607
802 679
804 606
806 606
808 607
810 605
812 606
814 714
816 632
818 605
820 605
822 606
824 607
826 643
828 606
830 643
832 607
834 606
836 606
838 606
840 606
842 607
844 606
846 607
848 606
850 606
852 606
854 606
856 605
858 606
860 606
862 606
864 606
866 679
868 606
870 606
872 606
874 607
876 643
878 623
880 622
882 622
884 622
886 667
888 621
890 663
892 622
894 622
896 622
898 622
900 623
902 623
904 699
906 658
908 622
910 622
912 623
914 622
916 745
918 622
920 695
922 622
924 697
926 677
928 679
930 621
932 623
934 622
936 622
938 680
940 623
942 623
944 624
946 740
948 625
950 606
952 607
954 606
956 606
958 606
960 606
962 606
964 726
966 606
968 607
970 607
972 668
974 606
976 625
978 606
980 605
982 605
984 606
986 605
988 605
990 606
992 606
994 606
996 606
998 606
1000 1115
1002 1114
1004 1151
1006 1187
1008 1113
1010 1188
1012 1142
1014 1142
1016 1142
1018 1112
1020 1186
1022 1114
1024 1114
1026 1112
1028 1114
1030 1150
1032 1114
1034 1112
1036 1113
1038 1113
1040 1114
1042 1114
1044 1114
1046 1112
1048 1112
1050 1114
1052 1222
1054 1112
1056 1113
1058 1112
1060 1112
1062 1114
1064 1112
1066 1173
1068 1115
1070 1115
1072 1114
1074 1114
1076 1115
1078 1193
1080 1114
1082 1149
1084 1146
1086 1145
1088 1189
1090 1113
1092 1133
1094 1114
1096 1113
1098 1113
1100 1118
1102 1260
1104 1399
1106 1144
1108 1143
1110 1143
1112 1264
1114 1206
1116 1146
1118 1144
1120 1146
1122 1242
1124 1314
1126 1164
1128 1146
1130 1144
1132 1132
1134 1115
1136 1114
1138 1114
1140 1114
1142 1114
1144 1114
1146 1112
1148 1112
1150 1112
1152 1137
1154 1113
1156 1113
1158 1185
1160 1114
1162 1114
1164 1148
1166 1113
1168 1112
1170 1114
1172 1112
1174 1223
1176 1113
1178 1114
1180 1114
1182 1113
1184 1185
1186 1116
1188 1114
1190 1165
1192 1155
1194 1152
1196 1306
1198 1246
1200 1283
1202 1419
1204 1272
1206 1242
1208 1218
1210 1213
1212 1215
1214 1214
1216 1214
1218 1182
1220 1182
1222 1182
1224 1225
1226 1220
1228 1182
1230 1181
1232 1181
1234 1191
1236 1150
1238 1309
1240 1577
1242 1184
1244 1182
1246 1213
1248 1213
1250 1213
1252 1181
1254 1180
1256 1189
1258 1150
1260 1171
1262 1149
1264 1149
1266 1151
1268 1187
1270 1224
1272 1233
1274 1186
1276 1224
1278 1151
1280 1151
1282 1150
1284 1187
1286 1149
1288 1149
1290 1149
1292 1150
1294 1150
1296 1154
1298 1159
1300 1152
1302 1152
1304 1151
1306 1300
1308 1153
1310 1443
1312 1223
1314 1216
1316 1215
1318 1215
1320 1181
1322 1269
1324 1182
1326 1151
1328 1180
1330 1412
1332 1354
1334 1304
1336 1214
1338 1212
1340 1211
1342 1181
1344 1179
1346 1179
1348 1150
1350 1151
1352 1151
1354 1187
1356 1299
1358 1212
1360 1253
1362 1183
1364 1149
1366 1260
1368 1154
1370 1152
1372 1152
1374 1151
1376 1226
1378 1151
1380 1151
1382 1152
1384 1150
1386 1150
1388 1434
1390 1287
1392 1185
1394 1213
1396 1276
1398 1183
1400 1181
1402 1211
1404 1187
1406 1154
1408 1193
1410 1154
1412 1153
1414 1231
1416 1152
1418 1151
1420 1151
1422 1188
1424 1151
1426 1150
1428 1150
1430 1150
1432 1187
1434 1150
1436 1261
1438 1224
1440 1151
1442 1151
1444 1151
1446 1187
1448 1186
1450 1149
1452 1149
1454 1148
1456 1148
1458 1149
1460 1150
1462 1151
1464 1149
1466 1150
1468 1188
1470 1150
1472 1227
1474 1150
1476 1150
1478 1183
1480 1180
1482 1185
1484 1153
1486 1151
1488 1150
1490 1151
1492 1151
1494 1228
1496 1153
1498 1152
1500 1188
1502 1151
1504 1152
1506 1151
1508 1151
1510 1189
1512 1189
1514 1149
1516 1150
1518 1151
1520 1150
1522 1151
1524 1150
1526 1189
1528 1152
1530 1151
1532 1246
1534 1153
1536 1151
1538 1151
1540 1370
1542 1198
1544 1262
1546 1207
1548 1217
1550 1265
1552 1198
1554 1181
1556 1180
1558 1151
1560 1150
1562 1255
1564 1185
1566 1220
1568 1181
1570 1220
1572 1181
1574 1190
1576 1152
1578 1152
1580 1152
1582 1151
1584 1225
1586 1152
1588 1304
1590 1151
1592 1150
1594 1150
1596 1152
1598 1150
1600 1150
1602 1152
1604 1150
1606 1187
1608 1224
1610 1224
1612 1186
1614 1150
1616 1150
1618 1149
1620 1264
1622 1150
1624 1187
1626 1149
1628 1149
1630 1149
1632 1149
1634 1149
1636 1149
1638 1188
1640 1149
1642 1150
1644 1186
1646 1149
1648 1150
1650 1155
1652 1153
1654 1229
1656 1152
1658 1153
1660 1154
1662 1152
1664 1150
1666 1152
1668 1170
1670 1155
1672 1153
1674 1152
1676 1494
1678 1211
1680 1340
1682 1295
1684 1183
1686 1287
1688 1210
1690 1287
1692 1185
1694 1196
1696 1154
1698 1152
1700 1188
1702 1150
1704 1150
1706 1225
1708 1152
1710 1224
1712 1151
1714 1223
1716 1150
1718 1187
1720 1186
1722 1150
1724 1186
1726 1150
1728 1224
1730 1151
1732 1155
1734 1153
1736 1152
1738 1190
1740 1153
1742 1190
1744 1188
1746 1152
1748 1188
1750 1151
1752 1151
1754 1152
1756 1151
1758 1170
1760 1199
1762 1158
1764 1229
1766 1226
1768 1236
1770 1219
1772 1219
1774 1221
1776 1185
1778 1222
1780 1246
1782 1250
1784 1334
1786 1188
1788 1208
1790 1190
1792 1185
1794 1185
1796 1186
1798 1186
1800 1186
1802 1156
1804 1156
1806 1230
1808 1155
1810 1155
1812 1155
1814 1156
1816 1192
1818 1155
1820 1231
1822 1191
1824 1155
1826 1155
1828 1232
1830 1173
1832 1185
1834 1222
1836 1221
1838 1156
1840 1192
1842 1155
1844 1154
1846 1155
1848 1229
1850 1155
1852 1155
1854 1155
1856 1156
1858 1156
1860 1193
1862 1156
1864 1193
1866 1192
1868 1156
1870 1158
1872 1156
1874 1155
1876 1193
1878 1156
1880 1155
1882 1156
1884 1156
1886 1157
1888 1157
1890 1157
1892 1154
1894 1154
1896 1231
1898 1185
1900 1155
1902 1155
1904 1234
1906 1156
1908 1156
1910 1192
1912 1156
1914 1157
1916 1156
1918 1230
1920 1155
1922 1156
1924 1155
1926 1154
1928 1156
1930 1155
1932 1155
1934 1156
1936 1155
1938 1155
1940 1299
1942 1158
1944 1157
1946 1187
1948 1223
1950 1305
1952 1186
1954 1186
1956 1186
1958 1192
1960 1260
1962 1316
1964 1303
1966 1261
1968 1189
1970 1188
1972 1189
1974 1272
1976 1189
1978 1188
1980 1212
1982 1330
1984 1310
1986 1224
1988 1189
1990 1193
1992 1157
1994 1158
1996 1250
1998 1158
2000 2347
