2 272
4 248
6 245
8 233
10 233
12 230
14 231
16 222
18 219
20 217
22 218
24 217
26 217
28 217
30 218
32 219
34 218
36 213
38 216
40 228
42 191
44 192
46 191
48 189
50 187
52 190
54 190
56 191
58 188
60 188
62 200
64 210
66 209
68 208
70 209
72 207
74 208
76 207
78 207
80 207
82 205
84 205
86 207
88 206
90 206
92 205
94 205
96 206
98 189
100 189
102 189
104 189
106 198
108 195
110 194
112 191
114 191
116 189
118 190
120 190
122 190
124 189
126 244
128 243
130 241
132 267
134 243
136 242
138 243
140 242
142 242
144 242
146 242
148 241
150 242
152 242
154 242
156 242
158 242
160 242
162 242
164 242
166 241
168 242
170 242
172 282
174 244
176 244
178 300
180 263
182 236
184 236
186 236
188 359
190 235
192 236
194 250
196 242
198 241
200 339
202 242
204 243
206 242
208 241
210 242
212 241
214 242
216 242
218 242
220 241
222 366
224 243
226 314
228 329
230 328
232 252
234 255
236 253
238 250
240 252
242 250
244 250
246 250
248 250
250 377
252 399
254 378
256 375
258 455
260 377
262 377
264 375
266 402
268 363
270 378
272 363
274 363
276 365
278 407
280 362
282 362
284 362
286 377
288 403
290 380
292 376
294 377
296 374
298 382
300 375
302 388
304 373
306 373
308 373
310 392
312 374
314 373
316 374
318 376
320 373
322 382
324 363
326 363
328 362
330 363
332 363
334 362
336 363
338 363
340 362
342 362
344 362
346 362
348 363
350 362
352 362
354 362
356 362
358 362
360 373
362 353
364 353
366 420
368 353
370 354
372 353
374 353
376 353
378 353
380 353
382 353
384 363
386 363
388 362
390 362
392 353
394 353
396 390
398 353
400 353
402 353
404 353
406 450
408 353
410 353
412 390
414 417
416 362
418 363
420 362
422 362
424 353
426 353
428 354
430 354
432 353
434 353
436 354
438 353
440 353
442 354
444 355
446 354
448 353
450 353
452 353
454 353
456 353
458 354
460 373
462 353
464 401
466 362
468 385
470 362
472 362
474 353
476 353
478 353
480 354
482 470
484 353
486 354
488 354
490 354
492 353
494 353
496 354
498 425
500 612
502 611
504 612
506 612
508 612
510 611
512 611
514 611
516 612
518 672
520 628
522 630
524 611
526 611
528 611
530 612
532 611
534 611
536 611
538 612
540 611
542 648
544 613
546 612
548 611
550 612
552 613
554 613
556 613
558 612
560 647
562 747
564 655
566 629
568 686
570 674
572 648
574 646
576 646
578 645
580 645
582 630
584 630
586 629
588 628
590 627
592 636
594 630
596 631
598 611
600 611
602 651
604 611
606 614
608 612
610 688
612 612
614 627
616 683
618 634
620 629
622 628
624 641
626 612
628 637
630 611
632 611
634 612
636 610
638 612
640 666
642 611
644 611
646 612
648 611
650 611
652 648
654 612
656 612
658 612
660 611
662 612
664 647
666 650
668 611
670 648
672 614
674 613
676 648
678 611
680 612
682 611
684 716
686 613
688 649
690 629
692 612
694 612
696 611
698 612
700 648
702 611
704 612
706 650
708 612
710 612
712 638
714 627
716 627
718 628
720 627
722 706
724 612
726 611
728 612
730 612
732 611
734 632
736 611
738 612
740 612
742 611
744 648
746 612
748 611
750 611
752 808
754 612
756 612
758 648
760 612
762 610
764 611
766 684
768 649
770 632
772 611
774 611
776 611
778 611
780 667
782 632
784 611
786 612
788 612
790 611
792 649
794 612
796 612
798 612
800 612
802 612
804 613
806 612
808 612
810 612
812 611
814 611
816 612
818 648
820 612
822 685
824 612
826 613
828 685
830 664
832 611
834 648
836 611
838 611
840 612
842 648
844 628
846 627
848 668
850 628
852 628
854 628
856 627
858 628
860 628
862 628
864 628
866 629
868 628
870 629
872 628
874 628
876 629
878 629
880 612
882 611
884 643
886 684
888 697
890 713
892 627
894 711
896 627
898 739
900 627
902 628
904 628
906 628
908 611
910 611
912 611
914 612
916 612
918 612
920 626
922 626
924 624
926 696
928 715
930 682
932 735
934 625
936 703
938 647
940 641
942 641
944 640
946 640
948 640
950 642
952 641
954 641
956 642
958 640
960 624
962 624
964 695
966 669
968 624
970 625
972 624
974 625
976 625
978 625
980 695
982 625
984 624
986 624
988 624
990 714
992 695
994 624
996 624
998 624
1000 1164
1002 1166
1004 1165
1006 1164
1008 1163
1010 1163
1012 1163
1014 1163
1016 1164
1018 1163
1020 1179
1022 1163
1024 1239
1026 1240
1028 1162
1030 1236
1032 1163
1034 1163
1036 1161
1038 1162
1040 1162
1042 1162
1044 1162
1046 1161
1048 1161
1050 1160
1052 1161
1054 1393
1056 1305
1058 1195
1060 1242
1062 1222
1064 1268
1066 1198
1068 1201
1070 1258
1072 1164
1074 1164
1076 1204
1078 1240
1080 1734
1082 1226
1084 1226
1086 1227
1088 1225
1090 1194
1092 1193
1094 1193
1096 1163
1098 1164
1100 1164
1102 1182
1104 1163
1106 1270
1108 1162
1110 1162
1112 1196
1114 1161
1116 1161
1118 1161
1120 1163
1122 1162
1124 1290
1126 1202
1128 1164
1130 1165
1132 1197
1134 1181
1136 1241
1138 1163
1140 1163
1142 1163
1144 1197
1146 1162
1148 1162
1150 1234
1152 1162
1154 1164
1156 1163
1158 1161
1160 1162
1162 1162
1164 1234
1166 1161
1168 1161
1170 1162
1172 1162
1174 1161
1176 1162
1178 1244
1180 1162
1182 1162
1184 1161
1186 1161
1188 1322
1190 1161
1192 1244
1194 1192
1196 1193
1198 1194
1200 1193
1202 1192
1204 1182
1206 1273
1208 1162
1210 1161
1212 1203
1214 1165
1216 1165
1218 1162
1220 1164
1222 1266
1224 1166
1226 1164
1228 1165
1230 1164
1232 1162
1234 1166
1236 1164
1238 1164
1240 1163
1242 1236
1244 1200
1246 1164
1248 1235
1250 1198
1252 1162
1254 1162
1256 1163
1258 1162
1260 1162
1262 1238
1264 1161
1266 1161
1268 1163
1270 1162
1272 1161
1274 1236
1276 1161
1278 1160
1280 1161
1282 1162
1284 1161
1286 1162
1288 1246
1290 1197
1292 1235
1294 1198
1296 1161
1298 1161
1300 1271
1302 1162
1304 1199
1306 1201
1308 1164
1310 1161
1312 1161
1314 1162
1316 1198
1318 1161
1320 1161
1322 1161
1324 1161
1326 1162
1328 1161
1330 1161
1332 1161
1334 1161
1336 1264
1338 1323
1340 1195
1342 1227
1344 1227
1346 1227
1348 1226
1350 1195
1352 1197
1354 1193
1356 1193
1358 1166
1360 1162
1362 1166
1364 1163
1366 1163
1368 1162
1370 1271
1372 1161
1374 1220
1376 1199
1378 1162
1380 1198
1382 1161
1384 1162
1386 1162
1388 1202
1390 1163
1392 1204
1394 1163
1396 1200
1398 1164
1400 1162
1402 1162
1404 1243
1406 1199
1408 1162
1410 1162
1412 1163
1414 1236
1416 1162
1418 1162
1420 1162
1422 1200
1424 1162
1426 1162
1428 1345
1430 1161
1432 1242
1434 1163
1436 1201
1438 1164
1440 1162
1442 1199
1444 1165
1446 1162
1448 1233
1450 1161
1452 1253
1454 1388
1456 1195
1458 1194
1460 1224
1462 1163
1464 1163
1466 1200
1468 1163
1470 1162
1472 1183
1474 1199
1476 1183
1478 1163
1480 1163
1482 1161
1484 1162
1486 1236
1488 1162
1490 1162
1492 1163
1494 1161
1496 1161
1498 1161
1500 1232
1502 1161
1504 1198
1506 1161
1508 1161
1510 1235
1512 1162
1514 1198
1516 1161
1518 1162
1520 1163
1522 1163
1524 1162
1526 1153
1528 1150
1530 1151
1532 1150
1534 1239
1536 1149
1538 1149
1540 1149
1542 1150
1544 1149
1546 1188
1548 1182
1550 1179
1552 1185
1554 1203
1556 1187
1558 1149
1560 1150
1562 1149
1564 1148
1566 1149
1568 1149
1570 1220
1572 1148
1574 1151
1576 1150
1578 1149
1580 1152
1582 1152
1584 1188
1586 1149
1588 1207
1590 1150
1592 1148
1594 1305
1596 1149
1598 1148
1600 1148
1602 1148
1604 1162
1606 1149
1608 1150
1610 1185
1612 1148
1614 1148
1616 1221
1618 1149
1620 1151
1622 1168
1624 1223
1626 1148
1628 1182
1630 1207
1632 1218
1634 1151
1636 1148
1638 1189
1640 1209
1642 1178
1644 1152
1646 1151
1648 1226
1650 1187
1652 1148
1654 1151
1656 1150
1658 1149
1660 1150
1662 1187
1664 1203
1666 1184
1668 1148
1670 1148
1672 1176
1674 1328
1676 1147
1678 1148
1680 1148
1682 1168
1684 1149
1686 1147
1688 1254
1690 1149
1692 1147
1694 1185
1696 1148
1698 1147
1700 1147
1702 1222
1704 1184
1706 1185
1708 1231
1710 1184
1712 1147
1714 1185
1716 1148
1718 1149
1720 1149
1722 1184
1724 1147
1726 1147
1728 1148
1730 1146
1732 1184
1734 1147
1736 1147
1738 1147
1740 1148
1742 1168
1744 1147
1746 1147
1748 1185
1750 1265
1752 1146
1754 1304
1756 1228
1758 1199
1760 1216
1762 1179
1764 1179
1766 1184
1768 1231
1770 1220
1772 1181
1774 1180
1776 1182
1778 2636
1780 1175
1782 1186
1784 1149
1786 1149
1788 1153
1790 1268
1792 1148
1794 1245
1796 1149
1798 1148
1800 1184
1802 1152
1804 1149
1806 1188
1808 1149
1810 1149
1812 1150
1814 1149
1816 1150
1818 1297
1820 1223
1822 1178
1824 1179
1826 1186
1828 1149
1830 1148
1832 1221
1834 1149
1836 1148
1838 1184
1840 1148
1842 1148
1844 1149
1846 1185
1848 1150
1850 1147
1852 1151
1854 1258
1856 1148
1858 1149
1860 1205
1862 1148
1864 1148
1866 1148
1868 1147
1870 1148
1872 1148
1874 1165
1876 1258
1878 1147
1880 1147
1882 1294
1884 1230
1886 1149
1888 1219
1890 1148
1892 1200
1894 1214
1896 1293
1898 1154
1900 1405
1902 1218
1904 1282
1906 1221
1908 1337
1910 1213
1912 1213
1914 1240
1916 1367
1918 1283
1920 1183
1922 1181
1924 1180
1926 1278
1928 1181
1930 1218
1932 1178
1934 1179
1936 1178
1938 1178
1940 1149
1942 1147
1944 1147
1946 1148
1948 1185
1950 1148
1952 1149
1954 1185
1956 1189
1958 1149
1960 1285
1962 1149
1964 1149
1966 1259
1968 1148
1970 1148
1972 1220
1974 1148
1976 1148
1978 1148
1980 1147
1982 1223
1984 1337
1986 1370
1988 1219
1990 1212
1992 1272
1994 1216
1996 1214
1998 1213
2000 2319
