2 141
4 120
6 120
8 106
10 106
12 106
14 105
16 93
18 93
20 93
22 93
24 93
26 93
28 93
30 93
32 72
34 72
36 75
38 71
40 71
42 71
44 71
46 72
48 72
50 71
52 72
54 71
56 72
58 71
60 71
62 66
64 61
66 60
68 60
70 60
72 60
74 60
76 65
78 61
80 60
82 60
84 60
86 61
88 61
90 62
92 55
94 56
96 56
98 56
100 56
102 55
104 56
106 56
108 56
110 56
112 54
114 54
116 54
118 54
120 54
122 54
124 54
126 44
128 45
130 44
132 44
134 44
136 44
138 44
140 44
142 44
144 44
146 44
148 44
150 44
152 44
154 44
156 45
158 44
160 44
162 44
164 44
166 44
168 44
170 44
172 45
174 44
176 44
178 44
180 44
182 44
184 44
186 44
188 44
190 44
192 44
194 44
196 44
198 44
200 44
202 44
204 44
206 44
208 44
210 44
212 45
214 44
216 61
218 44
220 44
222 45
224 44
226 45
228 44
230 44
232 44
234 44
236 44
238 44
240 44
242 44
244 44
246 44
248 45
250 35
252 35
254 35
256 35
258 35
260 35
262 35
264 35
266 35
268 35
270 35
272 35
274 35
276 35
278 35
280 35
282 35
284 35
286 35
288 35
290 35
292 35
294 35
296 35
298 35
300 35
302 35
304 35
306 35
308 35
310 35
312 35
314 35
316 35
318 35
320 34
322 35
324 35
326 35
328 35
330 35
332 35
334 35
336 35
338 35
340 35
342 35
344 35
346 35
348 35
350 35
352 35
354 35
356 35
358 35
360 35
362 35
364 35
366 35
368 35
370 35
372 35
374 36
376 38
378 46
380 36
382 36
384 111
386 36
388 36
390 35
392 36
394 36
396 36
398 36
400 35
402 36
404 36
406 35
408 36
410 36
412 36
414 35
416 35
418 35
420 35
422 35
424 35
426 35
428 35
430 35
432 35
434 35
436 35
438 35
440 35
442 35
444 35
446 34
448 94
450 35
452 36
454 35
456 36
458 36
460 36
462 36
464 36
466 36
468 35
470 36
472 35
474 34
476 35
478 35
480 35
482 35
484 35
486 35
488 35
490 35
492 35
494 35
496 35
498 35
500 25
502 25
504 25
506 25
508 26
510 26
512 26
514 26
516 26
518 26
520 26
522 26
524 26
526 26
528 26
530 32
532 26
534 26
536 26
538 26
540 26
542 26
544 40
546 26
548 25
550 25
552 25
554 25
556 25
558 26
560 26
562 27
564 27
566 32
568 27
570 27
572 27
574 27
576 27
578 27
580 27
582 26
584 26
586 30
588 27
590 26
592 27
594 27
596 27
598 27
600 26
602 29
604 27
606 27
608 27
610 27
612 27
614 26
616 27
618 26
620 26
622 26
624 27
626 28
628 27
630 27
632 27
634 27
636 27
638 27
640 31
642 27
644 27
646 27
648 27
650 27
652 26
654 27
656 27
658 27
660 26
662 26
664 26
666 26
668 26
670 26
672 26
674 26
676 26
678 26
680 26
682 26
684 26
686 25
688 25
690 25
692 26
694 26
696 26
698 26
700 26
702 25
704 25
706 25
708 25
710 25
712 27
714 26
716 26
718 25
720 25
722 25
724 25
726 25
728 25
730 25
732 25
734 25
736 25
738 25
740 25
742 25
744 25
746 26
748 26
750 26
752 25
754 25
756 25
758 25
760 25
762 25
764 25
766 25
768 25
770 26
772 26
774 26
776 25
778 25
780 25
782 25
784 25
786 25
788 25
790 25
792 25
794 44
796 25
798 25
800 26
802 26
804 26
806 26
808 26
810 26
812 26
814 25
816 25
818 25
820 25
822 26
824 26
826 25
828 25
830 25
832 25
834 25
836 25
838 25
840 25
842 25
844 25
846 25
848 25
850 25
852 26
854 25
856 25
858 25
860 25
862 25
864 56
866 25
868 25
870 25
872 25
874 25
876 25
878 25
880 25
882 25
884 25
886 25
888 26
890 25
892 25
894 40
896 25
898 25
900 25
902 25
904 25
906 26
908 27
910 26
912 28
914 26
916 26
918 25
920 25
922 25
924 25
926 25
928 25
930 25
932 25
934 25
936 25
938 26
940 26
942 26
944 26
946 26
948 25
950 25
952 25
954 25
956 25
958 25
960 25
962 26
964 35
966 25
968 25
970 26
972 26
974 26
976 26
978 26
980 26
982 25
984 25
986 25
988 25
990 25
992 25
994 25
996 25
998 53
1000 16
1002 16
1004 16
1006 16
1008 16
1010 16
1012 17
1014 16
1016 16
1018 16
1020 16
1022 16
1024 16
1026 16
1028 16
1030 16
1032 16
1034 16
1036 16
1038 16
1040 31
1042 16
1044 16
1046 16
1048 16
1050 16
1052 16
1054 16
1056 16
1058 16
1060 16
1062 16
1064 16
1066 16
1068 16
1070 16
1072 16
1074 16
1076 16
1078 16
1080 16
1082 16
1084 16
1086 16
1088 16
1090 16
1092 16
1094 16
1096 16
1098 16
1100 16
1102 16
1104 16
1106 16
1108 16
1110 16
1112 16
1114 16
1116 16
1118 16
1120 16
1122 16
1124 35
1126 16
1128 16
1130 16
1132 16
1134 16
1136 16
1138 16
1140 16
1142 16
1144 16
1146 16
1148 16
1150 16
1152 16
1154 16
1156 16
1158 16
1160 16
1162 16
1164 16
1166 16
1168 16
1170 16
1172 16
1174 16
1176 16
1178 16
1180 16
1182 32
1184 16
1186 16
1188 16
1190 16
1192 16
1194 16
1196 16
1198 16
1200 16
1202 16
1204 16
1206 16
1208 16
1210 16
1212 16
1214 16
1216 16
1218 16
1220 16
1222 16
1224 16
1226 16
1228 16
1230 16
1232 16
1234 16
1236 16
1238 16
1240 16
1242 16
1244 16
1246 16
1248 16
1250 16
1252 16
1254 16
1256 16
1258 16
1260 16
1262 16
1264 16
1266 16
1268 31
1270 16
1272 16
1274 34
1276 16
1278 16
1280 16
1282 16
1284 16
1286 16
1288 16
1290 16
1292 16
1294 16
1296 16
1298 16
1300 16
1302 16
1304 16
1306 17
1308 17
1310 16
1312 16
1314 16
1316 16
1318 16
1320 16
1322 16
1324 16
1326 16
1328 16
1330 36
1332 16
1334 16
1336 16
1338 16
1340 16
1342 16
1344 16
1346 16
1348 16
1350 16
1352 16
1354 16
1356 16
1358 16
1360 16
1362 16
1364 16
1366 16
1368 16
1370 16
1372 16
1374 16
1376 16
1378 16
1380 16
1382 16
1384 16
1386 16
1388 16
1390 16
1392 16
1394 16
1396 16
1398 16
1400 16
1402 16
1404 16
1406 16
1408 16
1410 16
1412 16
1414 16
1416 16
1418 16
1420 16
1422 16
1424 16
1426 16
1428 16
1430 16
1432 16
1434 16
1436 16
1438 16
1440 16
1442 16
1444 16
1446 16
1448 16
1450 16
1452 16
1454 16
1456 16
1458 16
1460 17
1462 16
1464 16
1466 16
1468 16
1470 16
1472 16
1474 16
1476 16
1478 16
1480 16
1482 16
1484 16
1486 16
1488 16
1490 16
1492 16
1494 16
1496 16
1498 16
1500 16
1502 16
1504 16
1506 16
1508 16
1510 16
1512 16
1514 16
1516 16
1518 16
1520 16
1522 16
1524 16
1526 16
1528 16
1530 35
1532 16
1534 16
1536 16
1538 50
1540 16
1542 16
1544 16
1546 16
1548 16
1550 16
1552 16
1554 21
1556 16
1558 37
1560 16
1562 16
1564 16
1566 16
1568 16
1570 16
1572 16
1574 16
1576 16
1578 16
1580 16
1582 16
1584 16
1586 35
1588 16
1590 16
1592 16
1594 16
1596 16
1598 16
1600 16
1602 16
1604 16
1606 16
1608 16
1610 16
1612 16
1614 16
1616 16
1618 16
1620 16
1622 16
1624 16
1626 16
1628 16
1630 16
1632 16
1634 32
1636 16
1638 16
1640 16
1642 16
1644 16
1646 16
1648 16
1650 16
1652 16
1654 16
1656 16
1658 16
1660 16
1662 16
1664 16
1666 16
1668 16
1670 16
1672 16
1674 16
1676 16
1678 16
1680 16
1682 16
1684 16
1686 16
1688 16
1690 16
1692 16
1694 16
1696 16
1698 16
1700 16
1702 16
1704 16
1706 16
1708 16
1710 16
1712 16
1714 16
1716 16
1718 16
1720 16
1722 16
1724 16
1726 16
1728 16
1730 16
1732 16
1734 16
1736 16
1738 16
1740 16
1742 16
1744 16
1746 16
1748 16
1750 16
1752 16
1754 16
1756 16
1758 36
1760 16
1762 16
1764 16
1766 16
1768 16
1770 16
1772 16
1774 16
1776 16
1778 16
1780 16
1782 16
1784 16
1786 16
1788 16
1790 16
1792 16
1794 16
1796 16
1798 16
1800 16
1802 16
1804 16
1806 16
1808 16
1810 16
1812 16
1814 16
1816 16
1818 16
1820 16
1822 16
1824 16
1826 16
1828 16
1830 16
1832 16
1834 16
1836 16
1838 16
1840 16
1842 16
1844 16
1846 16
1848 16
1850 16
1852 16
1854 16
1856 16
1858 16
1860 16
1862 16
1864 17
1866 17
1868 17
1870 16
1872 16
1874 16
1876 16
1878 16
1880 16
1882 16
1884 16
1886 16
1888 16
1890 16
1892 16
1894 16
1896 16
1898 16
1900 16
1902 16
1904 16
1906 16
1908 16
1910 16
1912 16
1914 16
1916 16
1918 16
1920 16
1922 16
1924 16
1926 16
1928 16
1930 16
1932 16
1934 16
1936 16
1938 16
1940 16
1942 16
1944 16
1946 16
1948 16
1950 16
1952 16
1954 16
1956 16
1958 16
1960 16
1962 16
1964 16
1966 16
1968 16
1970 16
1972 16
1974 16
1976 16
1978 16
1980 17
1982 16
1984 16
1986 16
1988 16
1990 16
1992 16
1994 16
1996 16
1998 16
2000 6
