2 128
4 115
6 115
8 112
10 112
12 112
14 112
16 122
18 122
20 122
22 122
24 121
26 121
28 129
30 121
32 154
34 154
36 154
38 156
40 199
42 155
44 155
46 154
48 154
50 155
52 154
54 155
56 154
58 153
60 153
62 207
64 206
66 206
68 242
70 207
72 206
74 206
76 207
78 206
80 206
82 206
84 206
86 206
88 206
90 206
92 206
94 206
96 206
98 206
100 206
102 206
104 206
106 206
108 206
110 207
112 206
114 206
116 206
118 206
120 208
122 206
124 206
126 337
128 337
130 337
132 337
134 337
136 337
138 337
140 377
142 337
144 337
146 337
148 337
150 440
152 337
154 337
156 337
158 337
160 337
162 337
164 337
166 337
168 337
170 337
172 351
174 427
176 395
178 401
180 377
182 374
184 374
186 380
188 337
190 338
192 337
194 424
196 337
198 337
200 444
202 337
204 374
206 338
208 396
210 346
212 347
214 346
216 347
218 347
220 346
222 375
224 346
226 347
228 347
230 346
232 347
234 347
236 347
238 362
240 337
242 337
244 337
246 336
248 336
250 609
252 609
254 609
256 609
258 609
260 609
262 610
264 594
266 593
268 593
270 593
272 593
274 610
276 593
278 591
280 684
282 593
284 708
286 593
288 593
290 593
292 627
294 632
296 594
298 594
300 591
302 594
304 594
306 593
308 592
310 593
312 592
314 593
316 593
318 594
320 593
322 593
324 593
326 630
328 655
330 593
332 592
334 593
336 593
338 594
340 593
342 625
344 609
346 593
348 704
350 593
352 594
354 593
356 593
358 593
360 592
362 593
364 668
366 591
368 593
370 593
372 593
374 593
376 736
378 593
380 593
382 593
384 593
386 593
388 594
390 672
392 593
394 593
396 684
398 593
400 593
402 593
404 593
406 593
408 593
410 593
412 630
414 593
416 593
418 593
420 593
422 593
424 593
426 593
428 592
430 612
432 593
434 593
436 594
438 594
440 594
442 594
444 594
446 594
448 594
450 593
452 592
454 594
456 593
458 593
460 593
462 593
464 594
466 593
468 593
470 651
472 749
474 595
476 593
478 593
480 593
482 593
484 593
486 592
488 592
490 593
492 593
494 593
496 630
498 630
500 1132
502 1131
504 1131
506 1132
508 1131
510 1243
512 1134
514 1133
516 1168
518 1132
520 1132
522 1206
524 1131
526 1130
528 1131
530 1131
532 1130
534 1241
536 1130
538 1131
540 1132
542 1131
544 1131
546 1205
548 1130
550 1131
552 1131
554 1132
556 1131
558 1168
560 1248
562 1198
564 1131
566 1132
568 1131
570 1168
572 1132
574 1131
576 1131
578 1130
580 1131
582 1205
584 1133
586 1131
588 1206
590 1133
592 1131
594 1205
596 1131
598 1131
600 1131
602 1130
604 1133
606 1207
608 1131
610 1131
612 1132
614 1132
616 1207
618 1166
620 1133
622 1132
624 1132
626 1131
628 1133
630 1167
632 1132
634 1132
636 1131
638 1132
640 1130
642 1243
644 1130
646 1132
648 1130
650 1188
652 1132
654 1168
656 1131
658 1281
660 1294
662 1132
664 1210
666 1168
668 1131
670 1131
672 1131
674 1131
676 1131
678 1241
680 1131
682 1235
684 1131
686 1131
688 1131
690 1168
692 1165
694 1131
696 1130
698 1131
700 1130
702 1206
704 1132
706 1131
708 1248
710 1133
712 1133
714 1216
716 1133
718 1132
720 1169
722 1131
724 1129
726 1169
728 1131
730 1131
732 1132
734 1131
736 1169
738 1205
740 1279
742 1169
744 1131
746 1131
748 1132
750 1168
752 1131
754 1131
756 1131
758 1214
760 1131
762 1244
764 1131
766 1131
768 1131
770 1218
772 1129
774 1167
776 1131
778 1131
780 1131
782 1130
784 1132
786 1169
788 1132
790 1205
792 1132
794 1131
796 1132
798 1168
800 1169
802 1131
804 1132
806 1131
808 1132
810 1131
812 1132
814 1132
816 1132
818 1203
820 1282
822 1132
824 1131
826 1131
828 1132
830 1166
832 1169
834 1130
836 1152
838 1162
840 1180
842 1198
844 1162
846 1199
848 1161
850 1200
852 1162
854 1162
856 1161
858 1200
860 1199
862 1162
864 1161
866 1200
868 1200
870 1198
872 1162
874 1390
876 1430
878 1413
880 1180
882 1394
884 1162
886 1272
888 1160
890 1160
892 1191
894 1160
896 1162
898 1259
900 1160
902 1160
904 1160
906 1161
908 1160
910 1131
912 1131
914 1170
916 1132
918 1131
920 1131
922 1131
924 1131
926 1131
928 1263
930 1133
932 1129
934 1133
936 1132
938 1285
940 1131
942 1131
944 1129
946 1170
948 1131
950 1213
952 1128
954 1129
956 1177
958 1129
960 1148
962 1133
964 1133
966 1132
968 1132
970 1128
972 1133
974 1131
976 1129
978 1128
980 1131
982 1131
984 1131
986 1131
988 1131
990 1131
992 1131
994 1132
996 1131
998 1131
1000 2217
1002 2253
1004 2235
1006 2216
1008 2215
1010 2216
1012 2218
1014 2218
1016 2219
1018 2293
1020 2216
1022 2291
1024 2251
1026 2290
1028 2255
1030 2334
1032 2218
1034 2216
1036 2216
1038 2213
1040 2212
1042 2215
1044 2217
1046 2237
1048 2215
1050 2295
1052 2217
1054 2217
1056 2405
1058 2359
1060 2382
1062 2393
1064 2395
1066 2519
1068 2345
1070 2340
1072 2382
1074 2338
1076 2342
1078 2331
1080 2400
1082 2275
1084 2275
1086 2277
1088 2275
1090 2242
1092 2289
1094 2271
1096 2250
1098 2235
1100 2799
1102 2444
1104 2253
1106 2384
1108 2302
1110 2312
1112 2244
1114 2216
1116 2295
1118 2253
1120 2316
1122 2272
1124 2257
1126 2216
1128 2217
1130 2214
1132 2251
1134 2292
1136 2272
1138 2383
1140 2218
1142 2252
1144 2215
1146 2217
1148 2328
1150 2216
1152 2369
1154 2287
1156 2216
1158 2402
1160 2255
1162 2276
1164 2213
1166 2254
1168 2213
1170 2252
1172 2218
1174 2215
1176 2218
1178 2324
1180 2218
1182 2307
1184 2213
1186 2293
1188 2252
1190 2216
1192 2294
1194 2219
1196 2348
1198 2367
1200 2237
1202 2217
1204 2327
1206 2217
1208 2216
1210 2217
1212 2289
1214 2220
1216 2218
1218 2213
1220 2610
1222 2333
1224 2277
1226 2274
1228 2275
1230 2278
1232 2348
1234 2217
1236 2217
1238 2216
1240 2217
1242 2257
1244 2216
1246 2216
1248 2526
1250 2219
1252 2218
1254 2460
1256 2273
1258 2275
1260 2319
1262 2261
1264 2253
1266 2252
1268 2216
1270 2235
1272 2292
1274 2219
1276 2219
1278 2293
1280 2292
1282 2253
1284 2254
1286 2217
1288 2238
1290 2289
1292 2216
1294 2216
1296 2254
1298 2291
1300 2215
1302 2215
1304 2290
1306 2215
1308 2216
1310 2293
1312 2293
1314 2216
1316 2254
1318 2220
1320 2216
1322 2275
1324 2216
1326 2215
1328 2215
1330 2216
1332 2216
1334 2213
1336 2215
1338 2216
1340 2216
1342 2286
1344 2213
1346 2213
1348 2293
1350 2260
1352 2251
1354 2253
1356 2216
1358 2217
1360 2216
1362 2217
1364 2216
1366 2217
1368 2213
1370 2216
1372 2287
1374 2327
1376 2254
1378 2250
1380 2251
1382 2254
1384 2216
1386 2327
1388 2216
1390 2216
1392 2253
1394 2216
1396 2216
1398 2215
1400 2326
1402 2216
1404 2449
1406 2217
1408 2217
1410 2219
1412 2217
1414 2368
1416 2293
1418 2253
1420 2217
1422 2257
1424 2252
1426 2216
1428 2372
1430 2409
1432 2218
1434 2219
1436 2253
1438 2216
1440 2219
1442 2330
1444 2217
1446 2216
1448 2219
1450 2253
1452 2217
1454 2217
1456 2345
1458 2213
1460 2308
1462 2440
1464 2333
1466 2310
1468 2253
1470 2286
1472 2259
1474 2311
1476 2274
1478 2248
1480 2272
1482 2217
1484 2217
1486 2289
1488 2279
1490 2254
1492 2216
1494 2218
1496 2327
1498 2216
1500 2217
1502 2213
1504 2216
1506 2849
1508 2413
1510 2276
1512 2276
1514 2275
1516 2315
1518 2352
1520 2216
1522 2291
1524 2217
1526 2255
1528 2296
1530 2252
1532 2216
1534 2253
1536 2373
1538 2216
1540 2215
1542 2252
1544 2218
1546 2337
1548 2324
1550 2216
1552 2218
1554 2252
1556 2217
1558 2253
1560 2216
1562 2399
1564 2306
1566 2217
1568 2219
1570 2216
1572 2291
1574 2250
1576 2286
1578 2216
1580 2252
1582 2215
1584 2215
1586 2251
1588 2217
1590 2215
1592 2291
1594 2217
1596 2216
1598 2252
1600 2216
1602 2217
1604 2218
1606 2288
1608 2213
1610 2275
1612 2215
1614 2215
1616 2216
1618 2250
1620 2236
1622 2216
1624 2254
1626 2219
1628 2219
1630 2254
1632 2218
1634 2290
1636 2252
1638 2254
1640 2215
1642 2216
1644 2216
1646 2216
1648 2289
1650 2216
1652 2216
1654 2214
1656 2290
1658 2217
1660 2325
1662 2255
1664 2401
1666 2219
1668 2254
1670 2219
1672 2459
1674 2381
1676 2217
1678 2348
1680 2454
1682 2275
1684 2417
1686 2274
1688 2274
1690 2298
1692 2216
1694 2213
1696 2217
1698 2290
1700 2217
1702 2216
1704 2216
1706 2288
1708 2216
1710 2216
1712 2328
1714 2217
1716 2252
1718 2253
1720 2216
1722 2294
1724 2363
1726 2290
1728 2213
1730 2295
1732 2216
1734 2213
1736 2302
1738 2255
1740 2214
1742 2218
1744 2216
1746 2216
1748 2255
1750 2325
1752 2221
1754 2219
1756 2254
1758 2214
1760 2252
1762 2253
1764 2299
1766 2215
1768 2401
1770 2217
1772 2255
1774 2289
1776 2218
1778 2292
1780 2215
1782 2255
1784 2219
1786 2213
1788 2216
1790 2217
1792 2412
1794 2704
1796 2352
1798 2276
1800 2276
1802 2512
1804 2372
1806 2275
1808 2293
1810 2216
1812 2350
1814 2216
1816 2330
1818 2217
1820 2216
1822 2402
1824 2219
1826 2219
1828 2335
1830 2213
1832 2219
1834 2314
1836 2216
1838 2395
1840 2315
1842 2259
1844 2216
1846 2215
1848 2216
1850 2216
1852 2328
1854 2254
1856 2219
1858 2216
1860 2216
1862 2216
1864 2287
1866 2214
1868 2541
1870 2239
1872 2275
1874 2276
1876 2261
1878 2217
1880 2217
1882 2216
1884 2291
1886 2220
1888 2254
1890 2252
1892 2287
1894 2216
1896 2327
1898 2212
1900 2216
1902 2326
1904 2213
1906 2294
1908 2256
1910 2217
1912 2324
1914 2292
1916 2219
1918 2216
1920 2321
1922 2214
1924 2214
1926 2218
1928 2288
1930 2216
1932 2218
1934 2325
1936 2251
1938 2214
1940 2251
1942 2217
1944 2216
1946 2327
1948 2562
1950 2217
1952 2250
1954 2219
1956 2254
1958 2238
1960 2219
1962 2218
1964 2216
1966 2375
1968 2217
1970 2216
1972 2216
1974 2216
1976 2375
1978 2253
1980 2256
1982 2254
1984 2292
1986 2216
1988 2218
1990 2296
1992 2219
1994 2220
1996 2330
1998 2217
2000 4457
