2 280
4 253
6 253
8 248
10 231
12 230
14 230
16 251
18 250
20 251
22 214
24 214
26 214
28 214
30 213
32 270
34 269
36 269
38 269
40 207
42 206
44 207
46 207
48 207
50 207
52 206
54 207
56 208
58 208
60 207
62 254
64 301
66 252
68 252
70 252
72 253
74 253
76 252
78 252
80 252
82 255
84 253
86 252
88 253
90 252
92 253
94 253
96 253
98 253
100 259
102 224
104 223
106 224
108 224
110 224
112 224
114 224
116 224
118 224
120 224
122 223
124 224
126 367
128 366
130 366
132 366
134 366
136 366
138 366
140 366
142 366
144 366
146 366
148 331
150 329
152 329
154 346
156 328
158 328
160 365
162 329
164 329
166 329
168 329
170 329
172 329
174 329
176 329
178 330
180 329
182 328
184 329
186 328
188 329
190 329
192 329
194 401
196 329
198 329
200 329
202 329
204 329
206 329
208 329
210 329
212 329
214 329
216 405
218 420
220 384
222 329
224 329
226 349
228 329
230 329
232 329
234 329
236 329
238 329
240 329
242 329
244 329
246 329
248 329
250 593
252 593
254 593
256 652
258 593
260 593
262 595
264 594
266 593
268 593
270 592
272 630
274 592
276 593
278 650
280 593
282 594
284 593
286 593
288 593
290 592
292 593
294 651
296 591
298 591
300 669
302 595
304 593
306 593
308 593
310 593
312 593
314 593
316 594
318 594
320 591
322 594
324 594
326 609
328 592
330 593
332 593
334 592
336 593
338 593
340 593
342 593
344 593
346 592
348 593
350 592
352 593
354 593
356 592
358 593
360 594
362 592
364 629
366 593
368 593
370 593
372 593
374 593
376 593
378 592
380 634
382 593
384 592
386 706
388 593
390 593
392 592
394 593
396 593
398 593
400 595
402 593
404 593
406 594
408 630
410 704
412 593
414 593
416 593
418 593
420 595
422 593
424 593
426 591
428 593
430 610
432 593
434 593
436 593
438 593
440 593
442 593
444 675
446 629
448 593
450 613
452 593
454 593
456 593
458 593
460 593
462 593
464 593
466 593
468 593
470 675
472 593
474 593
476 703
478 594
480 592
482 593
484 593
486 593
488 592
490 593
492 650
494 593
496 594
498 595
500 1130
502 1131
504 1129
506 1130
508 1205
510 1132
512 1132
514 1205
516 1131
518 1129
520 1202
522 1131
524 1319
526 1128
528 1128
530 1128
532 1132
534 1132
536 1131
538 1131
540 1131
542 1206
544 1212
546 1129
548 1131
550 1131
552 1129
554 1132
556 1188
558 1129
560 1131
562 1131
564 1131
566 1131
568 1216
570 1131
572 1130
574 1131
576 1206
578 1130
580 1206
582 1129
584 1305
586 1168
588 1131
590 1145
592 1196
594 1203
596 1162
598 1162
600 1162
602 1132
604 1168
606 1130
608 1131
610 1129
612 1130
614 1168
616 1228
618 1132
620 1134
622 1130
624 1131
626 1131
628 1204
630 1130
632 1131
634 1131
636 1130
638 1131
640 1205
642 1132
644 1131
646 1131
648 1206
650 1131
652 1168
654 1131
656 1131
658 1131
660 1131
662 1131
664 1131
666 1167
668 1131
670 1214
672 1349
674 2250
676 1250
678 1193
680 1192
682 1192
684 1448
686 1261
688 1215
690 1220
692 1206
694 1216
696 1206
698 1201
700 1202
702 1239
704 1201
706 1203
708 1195
710 1195
712 1288
714 1193
716 1193
718 1193
720 1193
722 1192
724 1191
726 1194
728 1215
730 1193
732 1192
734 1248
736 1274
738 1196
740 1258
742 1198
744 1221
746 1239
748 1223
750 1197
752 1193
754 1256
756 1204
758 1214
760 1294
762 1193
764 1277
766 1202
768 1192
770 1256
772 1194
774 1193
776 1219
778 1193
780 1229
782 1192
784 1193
786 1205
788 1193
790 1205
792 1255
794 1195
796 1196
798 1195
800 1194
802 1279
804 1196
806 1195
808 1194
810 1198
812 1198
814 1193
816 1193
818 1193
820 1193
822 1203
824 1163
826 1163
828 1336
830 1133
832 1134
834 1131
836 1132
838 1301
840 1160
842 1272
844 1658
846 1538
848 1259
850 1197
852 1197
854 1199
856 1203
858 1199
860 1197
862 1461
864 1161
866 1212
868 1198
870 1192
872 1228
874 1201
876 1194
878 1194
880 1199
882 1191
884 1192
886 1259
888 1193
890 1193
892 1193
894 1198
896 1193
898 1221
900 1337
902 1161
904 1163
906 1200
908 1214
910 1196
912 1247
914 1209
916 1200
918 1224
920 1195
922 1195
924 1196
926 1192
928 1225
930 1194
932 1192
934 1192
936 1249
938 1192
940 1161
942 1161
944 1161
946 1163
948 1161
950 1154
952 1133
954 1131
956 1131
958 1131
960 1131
962 1131
964 1163
966 1158
968 1174
970 1131
972 1131
974 1131
976 1133
978 1132
980 1133
982 1247
984 1161
986 1158
988 1160
990 1132
992 1131
994 1131
996 1190
998 1168
1000 2218
1002 2217
1004 2214
1006 2216
1008 2289
1010 2290
1012 2331
1014 2281
1016 2216
1018 2217
1020 2216
1022 2289
1024 2253
1026 2378
1028 2318
1030 2311
1032 2274
1034 2276
1036 2321
1038 2216
1040 2255
1042 2327
1044 2212
1046 2253
1048 2215
1050 2316
1052 2275
1054 2217
1056 2216
1058 2344
1060 2219
1062 2374
1064 2294
1066 2213
1068 2363
1070 2312
1072 2219
1074 2253
1076 2317
1078 2251
1080 2254
1082 2217
1084 2294
1086 2254
1088 2215
1090 2255
1092 2219
1094 2276
1096 2216
1098 2294
1100 2252
1102 2290
1104 2218
1106 2728
1108 2275
1110 2350
1112 2275
1114 2414
1116 2367
1118 2306
1120 2321
1122 2306
1124 2400
1126 2271
1128 2300
1130 2295
1132 2218
1134 2410
1136 2472
1138 2219
1140 2276
1142 2277
1144 2275
1146 2217
1148 2253
1150 2291
1152 2255
1154 2273
1156 2216
1158 2214
1160 2254
1162 2852
1164 2277
1166 2297
1168 2275
1170 2369
1172 2337
1174 2276
1176 2276
1178 2306
1180 2374
1182 2276
1184 2351
1186 2274
1188 2271
1190 2427
1192 2213
1194 2218
1196 2274
1198 2410
1200 2276
1202 2236
1204 2216
1206 2275
1208 2255
1210 2328
1212 2217
1214 2216
1216 2253
1218 2408
1220 2213
1222 2326
1224 2213
1226 2212
1228 2253
1230 2291
1232 2252
1234 2251
1236 2356
1238 2216
1240 2254
1242 2218
1244 2213
1246 2219
1248 2307
1250 2216
1252 2216
1254 2286
1256 2252
1258 2213
1260 2285
1262 2219
1264 2219
1266 2254
1268 2213
1270 2217
1272 2292
1274 2217
1276 2284
1278 2219
1280 2253
1282 2216
1284 2287
1286 2213
1288 2216
1290 2278
1292 2253
1294 2217
1296 2296
1298 2290
1300 2214
1302 2329
1304 2307
1306 2296
1308 2215
1310 2216
1312 2218
1314 2411
1316 2220
1318 2217
1320 2217
1322 2216
1324 2292
1326 2218
1328 2216
1330 2253
1332 2216
1334 2216
1336 2294
1338 2213
1340 2217
1342 2353
1344 2216
1346 2216
1348 2217
1350 2213
1352 2217
1354 2253
1356 2369
1358 2216
1360 2218
1362 2329
1364 2217
1366 2329
1368 2329
1370 2219
1372 2218
1374 2286
1376 2309
1378 2217
1380 2361
1382 2216
1384 2213
1386 2250
1388 2217
1390 2297
1392 2585
1394 2389
1396 2217
1398 2468
1400 2442
1402 2414
1404 2309
1406 2275
1408 2305
1410 2368
1412 2343
1414 2312
1416 2276
1418 2308
1420 2311
1422 2628
1424 2460
1426 2277
1428 2394
1430 2277
1432 2275
1434 2275
1436 2281
1438 2217
1440 2295
1442 2290
1444 2221
1446 2289
1448 2218
1450 2217
1452 2216
1454 2219
1456 2218
1458 2219
1460 2218
1462 2292
1464 2216
1466 2217
1468 2254
1470 2216
1472 2216
1474 2253
1476 2219
1478 2335
1480 2255
1482 2292
1484 2215
1486 2254
1488 2216
1490 2236
1492 2215
1494 2254
1496 2293
1498 2216
1500 2289
1502 2217
1504 2217
1506 2253
1508 2217
1510 2327
1512 2326
1514 2254
1516 2217
1518 2219
1520 2220
1522 2219
1524 2396
1526 2217
1528 2216
1530 2372
1532 2254
1534 2216
1536 2216
1538 2289
1540 2217
1542 2253
1544 2290
1546 2216
1548 2217
1550 2215
1552 2217
1554 2216
1556 2216
1558 2220
1560 2220
1562 2254
1564 2327
1566 2217
1568 2216
1570 2293
1572 2218
1574 2216
1576 2253
1578 2293
1580 2216
1582 2216
1584 2220
1586 2275
1588 2219
1590 2217
1592 2216
1594 2217
1596 2254
1598 2219
1600 2292
1602 2404
1604 2580
1606 2292
1608 2298
1610 2305
1612 2320
1614 2279
1616 2218
1618 2213
1620 2319
1622 2216
1624 2216
1626 2291
1628 2254
1630 2252
1632 2313
1634 2328
1636 2216
1638 2249
1640 2217
1642 2216
1644 2587
1646 2309
1648 2319
1650 2350
1652 2337
1654 2338
1656 2271
1658 2311
1660 2286
1662 2237
1664 2217
1666 2217
1668 2254
1670 2217
1672 2292
1674 2216
1676 2253
1678 2216
1680 2421
1682 2488
1684 2275
1686 2420
1688 2278
1690 2278
1692 2277
1694 2269
1696 2381
1698 2216
1700 2291
1702 2254
1704 2216
1706 2327
1708 2216
1710 2217
1712 2394
1714 2217
1716 2219
1718 2216
1720 2213
1722 2216
1724 2216
1726 2266
1728 2216
1730 2218
1732 2273
1734 2254
1736 2216
1738 2250
1740 2363
1742 2217
1744 2424
1746 2219
1748 2220
1750 2253
1752 2213
1754 2218
1756 2251
1758 2216
1760 2298
1762 2216
1764 2217
1766 2217
1768 2293
1770 2216
1772 2253
1774 2217
1776 2293
1778 2216
1780 2216
1782 2328
1784 2219
1786 2218
1788 2252
1790 2216
1792 2214
1794 2214
1796 2335
1798 2219
1800 2294
1802 2216
1804 2217
1806 2217
1808 2288
1810 2289
1812 2217
1814 2251
1816 2216
1818 2295
1820 2252
1822 2219
1824 2330
1826 2292
1828 2216
1830 2216
1832 2215
1834 2253
1836 2250
1838 2339
1840 2217
1842 2216
1844 2249
1846 2219
1848 2217
1850 2216
1852 2253
1854 2216
1856 2216
1858 2310
1860 2215
1862 2255
1864 2254
1866 2217
1868 2328
1870 2251
1872 2217
1874 2214
1876 2295
1878 2216
1880 2217
1882 2292
1884 2397
1886 2216
1888 2215
1890 2402
1892 2313
1894 2219
1896 2329
1898 2213
1900 2331
1902 2252
1904 2217
1906 2216
1908 2217
1910 2328
1912 2216
1914 2213
1916 2290
1918 2215
1920 2289
1922 2304
1924 2218
1926 2213
1928 2257
1930 2219
1932 2250
1934 2336
1936 2216
1938 2216
1940 2293
1942 2219
1944 2216
1946 2254
1948 2291
1950 2249
1952 2216
1954 2253
1956 2216
1958 2295
1960 2213
1962 2253
1964 2213
1966 2252
1968 2255
1970 2213
1972 2637
1974 2537
1976 2318
1978 2275
1980 2276
1982 2306
1984 2375
1986 2277
1988 2312
1990 2277
1992 2277
1994 2287
1996 2253
1998 2212
2000 4726
