2 525
4 485
6 479
8 452
10 425
12 423
14 420
16 403
18 403
20 445
22 369
24 343
26 339
28 337
30 339
32 341
34 337
36 333
38 333
40 256
42 255
44 257
46 254
48 253
50 254
52 253
54 254
56 255
58 254
60 254
62 271
64 281
66 235
68 234
70 235
72 234
74 232
76 232
78 232
80 235
82 232
84 232
86 232
88 233
90 232
92 234
94 232
96 232
98 232
100 206
102 205
104 205
106 205
108 206
110 206
112 206
114 205
116 207
118 206
120 207
122 206
124 205
126 269
128 268
130 266
132 266
134 266
136 266
138 265
140 266
142 266
144 266
146 282
148 245
150 245
152 245
154 245
156 245
158 304
160 247
162 348
164 239
166 294
168 238
170 239
172 279
174 238
176 245
178 245
180 245
182 244
184 320
186 245
188 245
190 245
192 245
194 245
196 307
198 265
200 272
202 345
204 285
206 264
208 345
210 322
212 252
214 252
216 250
218 250
220 251
222 252
224 263
226 255
228 257
230 359
232 338
234 257
236 268
238 253
240 253
242 251
244 250
246 251
248 250
250 371
252 369
254 370
256 367
258 368
260 368
262 367
264 366
266 367
268 368
270 421
272 369
274 367
276 367
278 367
280 368
282 367
284 367
286 368
288 390
290 369
292 368
294 370
296 371
298 448
300 405
302 371
304 370
306 367
308 367
310 375
312 396
314 372
316 367
318 368
320 367
322 368
324 368
326 417
328 369
330 368
332 404
334 368
336 384
338 373
340 371
342 370
344 377
346 370
348 369
350 372
352 369
354 368
356 367
358 383
360 370
362 368
364 369
366 368
368 368
370 368
372 369
374 367
376 368
378 367
380 357
382 359
384 357
386 357
388 357
390 393
392 358
394 358
396 359
398 357
400 358
402 357
404 357
406 358
408 357
410 357
412 358
414 358
416 357
418 348
420 392
422 357
424 358
426 358
428 358
430 358
432 397
434 350
436 349
438 348
440 348
442 349
444 365
446 348
448 349
450 349
452 348
454 386
456 348
458 373
460 358
462 348
464 349
466 424
468 348
470 348
472 348
474 348
476 348
478 348
480 348
482 377
484 385
486 409
488 358
490 358
492 359
494 358
496 396
498 371
500 594
502 594
504 594
506 631
508 593
510 593
512 594
514 630
516 593
518 593
520 593
522 596
524 594
526 610
528 609
530 623
532 682
534 594
536 593
538 629
540 593
542 807
544 593
546 593
548 593
550 593
552 593
554 629
556 593
558 593
560 655
562 734
564 610
566 611
568 609
570 624
572 628
574 627
576 626
578 625
580 626
582 610
584 609
586 608
588 608
590 608
592 690
594 593
596 593
598 593
600 593
602 609
604 593
606 593
608 593
610 593
612 593
614 593
616 593
618 593
620 593
622 592
624 592
626 593
628 593
630 593
632 593
634 593
636 593
638 610
640 593
642 593
644 593
646 593
648 595
650 593
652 630
654 592
656 592
658 593
660 593
662 592
664 592
666 592
668 592
670 594
672 592
674 667
676 629
678 593
680 592
682 593
684 593
686 630
688 594
690 593
692 631
694 593
696 593
698 630
700 687
702 593
704 593
706 593
708 592
710 629
712 593
714 594
716 593
718 592
720 593
722 613
724 593
726 592
728 667
730 593
732 654
734 593
736 594
738 630
740 593
742 593
744 593
746 592
748 592
750 592
752 593
754 594
756 594
758 594
760 593
762 593
764 705
766 630
768 664
770 593
772 678
774 593
776 706
778 593
780 595
782 593
784 593
786 593
788 593
790 593
792 593
794 658
796 593
798 593
800 592
802 594
804 668
806 629
808 593
810 593
812 593
814 595
816 594
818 593
820 593
822 593
824 645
826 593
828 593
830 593
832 593
834 593
836 593
838 594
840 593
842 593
844 593
846 595
848 593
850 594
852 593
854 594
856 593
858 593
860 593
862 593
864 593
866 593
868 594
870 593
872 593
874 629
876 592
878 631
880 593
882 609
884 609
886 609
888 609
890 611
892 609
894 609
896 609
898 608
900 609
902 608
904 609
906 608
908 609
910 609
912 610
914 608
916 609
918 609
920 746
922 610
924 732
926 695
928 629
930 609
932 680
934 609
936 609
938 609
940 608
942 652
944 608
946 611
948 657
950 609
952 608
954 608
956 637
958 608
960 610
962 608
964 608
966 611
968 610
970 611
972 609
974 644
976 609
978 744
980 610
982 654
984 656
986 631
988 630
990 593
992 593
994 668
996 668
998 594
1000 1143
1002 1142
1004 1142
1006 1141
1008 1165
1010 1141
1012 1216
1014 1143
1016 1141
1018 1142
1020 1141
1022 1368
1024 1141
1026 1215
1028 1178
1030 1141
1032 1178
1034 1222
1036 1140
1038 1141
1040 1142
1042 1141
1044 1141
1046 1141
1048 1141
1050 1141
1052 1141
1054 1141
1056 1141
1058 1141
1060 1251
1062 1140
1064 1141
1066 1177
1068 1140
1070 1142
1072 1215
1074 1141
1076 1140
1078 1140
1080 1141
1082 1140
1084 1140
1086 1141
1088 1140
1090 1177
1092 1141
1094 1140
1096 1140
1098 1215
1100 1142
1102 1177
1104 1177
1106 1142
1108 1141
1110 1223
1112 1140
1114 1140
1116 1178
1118 1201
1120 1142
1122 1141
1124 1141
1126 1140
1128 1141
1130 1142
1132 1142
1134 1178
1136 1140
1138 1142
1140 1143
1142 1215
1144 1143
1146 1142
1148 1251
1150 1141
1152 1141
1154 1140
1156 1226
1158 1177
1160 1140
1162 1141
1164 1141
1166 1140
1168 1140
1170 1177
1172 1140
1174 1140
1176 1140
1178 1177
1180 1140
1182 1140
1184 1140
1186 1250
1188 1140
1190 1141
1192 1177
1194 1141
1196 1178
1198 1141
1200 1213
1202 1142
1204 1141
1206 1141
1208 1142
1210 1140
1212 1140
1214 1145
1216 1144
1218 1143
1220 1142
1222 1142
1224 1230
1226 1193
1228 1226
1230 1188
1232 1152
1234 1122
1236 1121
1238 1250
1240 1125
1242 1124
1244 1123
1246 1121
1248 1409
1250 1240
1252 1151
1254 1150
1256 1328
1258 1232
1260 1152
1262 1153
1264 1178
1266 1178
1268 1123
1270 1160
1272 1120
1274 1157
1276 1120
1278 1122
1280 1156
1282 1120
1284 1120
1286 1208
1288 1120
1290 1119
1292 1195
1294 1120
1296 1120
1298 1214
1300 1119
1302 1120
1304 1120
1306 1120
1308 1157
1310 1119
1312 1309
1314 1122
1316 1121
1318 1158
1320 1122
1322 1177
1324 1313
1326 1196
1328 1159
1330 1502
1332 1152
1334 1151
1336 1224
1338 1150
1340 1151
1342 1175
1344 1125
1346 1122
1348 1122
1350 1121
1352 1121
1354 1120
1356 1122
1358 1122
1360 1125
1362 1123
1364 1123
1366 1121
1368 1193
1370 1122
1372 1120
1374 1157
1376 1196
1378 1140
1380 1120
1382 1123
1384 1122
1386 1121
1388 1120
1390 1119
1392 1120
1394 1121
1396 1122
1398 1121
1400 1120
1402 1120
1404 1121
1406 1241
1408 1122
1410 1121
1412 1119
1414 1120
1416 1120
1418 1156
1420 1216
1422 1119
1424 1119
1426 1156
1428 1119
1430 1119
1432 1121
1434 1142
1436 1121
1438 1120
1440 1121
1442 1119
1444 1155
1446 1120
1448 1120
1450 1176
1452 1120
1454 1119
1456 1121
1458 1124
1460 1123
1462 1122
1464 1225
1466 1121
1468 1121
1470 1120
1472 1120
1474 1121
1476 1121
1478 1120
1480 1119
1482 1157
1484 1120
1486 1120
1488 1157
1490 1120
1492 1120
1494 1210
1496 1269
1498 1153
1500 1151
1502 1232
1504 1153
1506 1154
1508 1153
1510 1187
1512 1152
1514 1151
1516 1120
1518 1220
1520 1143
1522 1152
1524 1156
1526 1154
1528 1153
1530 1152
1532 1121
1534 1121
1536 1451
1538 1213
1540 1152
1542 1151
1544 1242
1546 1123
1548 1151
1550 1179
1552 1150
1554 1135
1556 1195
1558 1121
1560 1121
1562 1120
1564 1120
1566 1120
1568 1120
1570 1203
1572 1197
1574 1122
1576 1180
1578 1121
1580 1124
1582 1122
1584 1153
1586 1121
1588 1121
1590 1123
1592 1124
1594 1230
1596 1155
1598 1121
1600 1277
1602 1120
1604 1157
1606 1122
1608 1121
1610 1196
1612 1201
1614 1124
1616 1122
1618 1120
1620 1122
1622 1120
1624 1122
1626 1123
1628 1120
1630 1120
1632 1158
1634 1121
1636 1156
1638 1207
1640 1157
1642 1156
1644 1120
1646 1120
1648 1120
1650 1121
1652 1119
1654 1121
1656 1121
1658 1121
1660 1121
1662 1120
1664 1207
1666 1121
1668 1156
1670 1121
1672 1121
1674 1157
1676 1120
1678 1141
1680 1120
1682 1119
1684 1120
1686 1125
1688 1123
1690 1122
1692 1122
1694 1122
1696 1158
1698 1158
1700 1120
1702 1122
1704 1122
1706 1120
1708 1124
1710 1121
1712 1157
1714 1123
1716 1120
1718 1156
1720 1120
1722 1230
1724 1139
1726 1120
1728 1156
1730 1120
1732 1119
1734 1120
1736 1120
1738 1119
1740 1119
1742 1120
1744 1120
1746 1315
1748 1119
1750 1119
1752 1140
1754 1119
1756 1175
1758 1199
1760 1120
1762 1232
1764 1150
1766 1153
1768 1149
1770 1120
1772 1122
1774 1120
1776 1120
1778 1121
1780 1120
1782 1121
1784 1122
1786 1121
1788 1121
1790 1120
1792 1120
1794 1119
1796 1119
1798 1120
1800 1147
1802 1184
1804 1218
1806 1176
1808 1173
1810 1138
1812 1173
1814 1275
1816 1135
1818 1136
1820 1137
1822 1209
1824 1135
1826 1128
1828 1382
1830 1143
1832 1136
1834 1140
1836 1138
1838 1136
1840 1140
1842 1143
1844 1111
1846 1108
1848 1108
1850 1149
1852 1108
1854 1106
1856 1107
1858 1106
1860 1294
1862 1106
1864 1108
1866 1176
1868 1136
1870 1135
1872 1149
1874 1106
1876 1222
1878 1105
1880 1108
1882 1126
1884 1106
1886 1209
1888 1199
1890 1139
1892 1130
1894 1135
1896 1107
1898 1142
1900 1107
1902 1244
1904 1106
1906 1179
1908 1105
1910 1105
1912 1104
1914 1105
1916 1125
1918 1106
1920 1183
1922 1107
1924 1220
1926 1105
1928 1105
1930 1105
1932 1105
1934 1191
1936 1105
1938 1107
1940 1105
1942 1106
1944 1253
1946 1245
1948 1136
1950 1134
1952 1127
1954 1106
1956 1216
1958 1105
1960 1107
1962 1143
1964 1106
1966 1105
1968 1105
1970 1105
1972 1105
1974 1105
1976 1105
1978 1105
1980 1106
1982 1125
1984 1105
1986 1104
1988 1141
1990 1180
1992 1106
1994 1253
1996 1105
1998 1105
2000 2180
