2 115
4 104
6 103
8 101
10 100
12 100
14 100
16 110
18 109
20 128
22 109
24 109
26 109
28 109
30 109
32 138
34 137
36 137
38 138
40 138
42 138
44 138
46 138
48 138
50 138
52 137
54 138
56 146
58 142
60 141
62 174
64 206
66 206
68 206
70 224
72 206
74 206
76 206
78 206
80 206
82 206
84 206
86 206
88 266
90 206
92 206
94 206
96 206
98 206
100 206
102 206
104 206
106 206
108 206
110 206
112 206
114 206
116 206
118 227
120 206
122 206
124 206
126 337
128 337
130 375
132 337
134 339
136 337
138 360
140 337
142 337
144 337
146 337
148 337
150 337
152 337
154 337
156 337
158 338
160 337
162 339
164 377
166 338
168 337
170 337
172 338
174 337
176 338
178 337
180 452
182 393
184 402
186 337
188 337
190 337
192 337
194 376
196 337
198 337
200 337
202 337
204 337
206 431
208 337
210 337
212 337
214 337
216 337
218 416
220 362
222 339
224 365
226 338
228 338
230 338
232 338
234 337
236 337
238 338
240 337
242 337
244 347
246 347
248 348
250 629
252 627
254 626
256 626
258 625
260 629
262 627
264 694
266 693
268 653
270 608
272 610
274 609
276 652
278 818
280 632
282 626
284 636
286 626
288 625
290 625
292 628
294 656
296 638
298 639
300 627
302 628
304 628
306 628
308 627
310 625
312 625
314 624
316 658
318 631
320 609
322 609
324 609
326 638
328 609
330 609
332 609
334 611
336 608
338 608
340 608
342 609
344 608
346 683
348 608
350 609
352 608
354 648
356 616
358 668
360 630
362 594
364 594
366 697
368 766
370 686
372 716
374 608
376 613
378 609
380 609
382 607
384 611
386 609
388 692
390 635
392 608
394 667
396 609
398 609
400 609
402 609
404 608
406 608
408 608
410 615
412 593
414 594
416 593
418 629
420 593
422 692
424 609
426 624
428 593
430 593
432 593
434 616
436 592
438 613
440 593
442 594
444 592
446 593
448 593
450 593
452 594
454 631
456 593
458 593
460 630
462 593
464 704
466 593
468 593
470 593
472 594
474 594
476 593
478 593
480 594
482 609
484 609
486 611
488 594
490 593
492 593
494 594
496 593
498 594
500 1213
502 1131
504 1168
506 1131
508 1131
510 1181
512 1190
514 1160
516 1263
518 1131
520 1251
522 1131
524 1168
526 1190
528 1131
530 1131
532 1170
534 1132
536 1169
538 1131
540 1131
542 1131
544 1130
546 1305
548 1197
550 1161
552 1161
554 1160
556 1160
558 1281
560 1217
562 1164
564 1133
566 1131
568 1131
570 1132
572 1166
574 1130
576 1130
578 1130
580 1130
582 1167
584 1242
586 1132
588 1131
590 1131
592 1167
594 1130
596 1167
598 1216
600 1132
602 1132
604 1133
606 1205
608 1209
610 1132
612 1133
614 1132
616 1133
618 1131
620 1169
622 1133
624 1133
626 1132
628 1147
630 1132
632 1131
634 1131
636 1131
638 1131
640 1132
642 1131
644 1131
646 1131
648 1131
650 1131
652 1131
654 1130
656 1129
658 1168
660 1131
662 1133
664 1131
666 1200
668 1156
670 1131
672 1131
674 1131
676 1131
678 1167
680 1132
682 1191
684 1206
686 1209
688 1130
690 1167
692 1131
694 1131
696 1132
698 1129
700 1206
702 1166
704 1132
706 1132
708 1131
710 1129
712 1131
714 1167
716 1131
718 1129
720 1129
722 1131
724 1131
726 1170
728 1132
730 1128
732 1295
734 1232
736 1196
738 1162
740 1199
742 1205
744 1162
746 1191
748 1199
750 1230
752 1173
754 1166
756 1197
758 1159
760 1197
762 1160
764 1161
766 1158
768 1161
770 1158
772 1158
774 1132
776 1219
778 1130
780 1131
782 1130
784 1171
786 1132
788 1131
790 1212
792 1133
794 1132
796 1132
798 1132
800 1130
802 1129
804 1169
806 1133
808 1283
810 1131
812 1130
814 1133
816 1133
818 1133
820 1130
822 1130
824 1131
826 1131
828 1132
830 1131
832 1356
834 1161
836 1160
838 1163
840 1163
842 1218
844 1161
846 1161
848 1198
850 1161
852 1257
854 1204
856 1159
858 1198
860 1163
862 1161
864 1198
866 1199
868 1161
870 1468
872 1161
874 1199
876 1159
878 1181
880 1161
882 1161
884 1202
886 1159
888 1161
890 1161
892 1128
894 1131
896 1131
898 1131
900 1168
902 1132
904 1174
906 1131
908 1132
910 1131
912 1129
914 1128
916 1133
918 1129
920 1129
922 1132
924 1235
926 1131
928 1131
930 1131
932 1205
934 1129
936 1166
938 1130
940 1131
942 1131
944 1129
946 1169
948 1167
950 1131
952 1131
954 1129
956 1129
958 1130
960 1277
962 1212
964 1413
966 1212
968 1161
970 1198
972 1161
974 1162
976 1214
978 1251
980 1161
982 1195
984 1161
986 1162
988 1161
990 1161
992 1161
994 1199
996 1161
998 1171
1000 2215
1002 2357
1004 2216
1006 2407
1008 2218
1010 2481
1012 2216
1014 2373
1016 2217
1018 2217
1020 2290
1022 2236
1024 2219
1026 2259
1028 2266
1030 2216
1032 2216
1034 2365
1036 2216
1038 2290
1040 2254
1042 2220
1044 2293
1046 2289
1048 2218
1050 2216
1052 2366
1054 2408
1056 2260
1058 2274
1060 2275
1062 2315
1064 2357
1066 2253
1068 2215
1070 2215
1072 2217
1074 2217
1076 2216
1078 2217
1080 2213
1082 2217
1084 2287
1086 2215
1088 2216
1090 2251
1092 2219
1094 2220
1096 2348
1098 2215
1100 2215
1102 2289
1104 2217
1106 2293
1108 2249
1110 2219
1112 2216
1114 2216
1116 2219
1118 2220
1120 2293
1122 2252
1124 2217
1126 2250
1128 2290
1130 2214
1132 2291
1134 2326
1136 2219
1138 2255
1140 2256
1142 2213
1144 2295
1146 2218
1148 2217
1150 2217
1152 2216
1154 2212
1156 2216
1158 2252
1160 2295
1162 2215
1164 2217
1166 2316
1168 2217
1170 2219
1172 2313
1174 2290
1176 2213
1178 2309
1180 2217
1182 2249
1184 2212
1186 2217
1188 2219
1190 2219
1192 2216
1194 2217
1196 2216
1198 2252
1200 2218
1202 2216
1204 2252
1206 2220
1208 2219
1210 2292
1212 2217
1214 2255
1216 2216
1218 2254
1220 2217
1222 2214
1224 2218
1226 2213
1228 2213
1230 2220
1232 2219
1234 2213
1236 2290
1238 2219
1240 2213
1242 2328
1244 2216
1246 2212
1248 2286
1250 2218
1252 2254
1254 2216
1256 2213
1258 2218
1260 2216
1262 2215
1264 2235
1266 2219
1268 2709
1270 2330
1272 2278
1274 2409
1276 2301
1278 2274
1280 2271
1282 2217
1284 2369
1286 2411
1288 2275
1290 2356
1292 2237
1294 2215
1296 2252
1298 2350
1300 2216
1302 2257
1304 2326
1306 2217
1308 2217
1310 2297
1312 2217
1314 2294
1316 2252
1318 2214
1320 2213
1322 2363
1324 2303
1326 2216
1328 2217
1330 2217
1332 2296
1334 2219
1336 2220
1338 2288
1340 2291
1342 2252
1344 2294
1346 2216
1348 2252
1350 2253
1352 2532
1354 2303
1356 2274
1358 2310
1360 2271
1362 2271
1364 2272
1366 2330
1368 2253
1370 2214
1372 2290
1374 2217
1376 2215
1378 2290
1380 2217
1382 2302
1384 2217
1386 2291
1388 2218
1390 2301
1392 2252
1394 2289
1396 2256
1398 2253
1400 2216
1402 2221
1404 2255
1406 2219
1408 2254
1410 2285
1412 2217
1414 2217
1416 2347
1418 2213
1420 2216
1422 2253
1424 2216
1426 2217
1428 2214
1430 2298
1432 2274
1434 2277
1436 2274
1438 2273
1440 2349
1442 2261
1444 2215
1446 2215
1448 2376
1450 2215
1452 2215
1454 2284
1456 2230
1458 2220
1460 2255
1462 2254
1464 2216
1466 2290
1468 2214
1470 2214
1472 2291
1474 2215
1476 2215
1478 2216
1480 2235
1482 2217
1484 2216
1486 2366
1488 2216
1490 2217
1492 2290
1494 2252
1496 2219
1498 2301
1500 2292
1502 2215
1504 2253
1506 2216
1508 2292
1510 2254
1512 2213
1514 2328
1516 2221
1518 2216
1520 2215
1522 2215
1524 2252
1526 2215
1528 2216
1530 2251
1532 2216
1534 2287
1536 2255
1538 2216
1540 2216
1542 2213
1544 2294
1546 2252
1548 2217
1550 2214
1552 2212
1554 2213
1556 2462
1558 2277
1560 2373
1562 2327
1564 2274
1566 2275
1568 2278
1570 2256
1572 2218
1574 2216
1576 2218
1578 2296
1580 2364
1582 2214
1584 2212
1586 2248
1588 2253
1590 2216
1592 2252
1594 2255
1596 2290
1598 2369
1600 2220
1602 2252
1604 2254
1606 2259
1608 2216
1610 2216
1612 2360
1614 2216
1616 2216
1618 2253
1620 2216
1622 2217
1624 2294
1626 2439
1628 2330
1630 2254
1632 2221
1634 2219
1636 2297
1638 2218
1640 2216
1642 2217
1644 2216
1646 2217
1648 2217
1650 2322
1652 2253
1654 2216
1656 2288
1658 2216
1660 2216
1662 2323
1664 2216
1666 2328
1668 2256
1670 2217
1672 2218
1674 2216
1676 2216
1678 2217
1680 2215
1682 2362
1684 2287
1686 2286
1688 2388
1690 2252
1692 2252
1694 2216
1696 2218
1698 2254
1700 2213
1702 2328
1704 2301
1706 2212
1708 2218
1710 2220
1712 2256
1714 2401
1716 2216
1718 2288
1720 2218
1722 2214
1724 2286
1726 2215
1728 2217
1730 2220
1732 2370
1734 2271
1736 2215
1738 2215
1740 2219
1742 2213
1744 2254
1746 2217
1748 2354
1750 2294
1752 2251
1754 2214
1756 2289
1758 2216
1760 2212
1762 2286
1764 2213
1766 2217
1768 2252
1770 2216
1772 2292
1774 2219
1776 2214
1778 2961
1780 2423
1782 2357
1784 2277
1786 2337
1788 2336
1790 2332
1792 2351
1794 2275
1796 2247
1798 2255
1800 2262
1802 2277
1804 2275
1806 2317
1808 2218
1810 2216
1812 2219
1814 2256
1816 2214
1818 2326
1820 2298
1822 2258
1824 2215
1826 2217
1828 2216
1830 2253
1832 2217
1834 2216
1836 2294
1838 2250
1840 2216
1842 2393
1844 2396
1846 2216
1848 2345
1850 2275
1852 2275
1854 2303
1856 2274
1858 2357
1860 2370
1862 2275
1864 2273
1866 2310
1868 2275
1870 2240
1872 2253
1874 2356
1876 2217
1878 2277
1880 2220
1882 2213
1884 2253
1886 2216
1888 2420
1890 2217
1892 2218
1894 2366
1896 2216
1898 2216
1900 2218
1902 2278
1904 2252
1906 2216
1908 2289
1910 2273
1912 2217
1914 2291
1916 2253
1918 2305
1920 2216
1922 2217
1924 2253
1926 2218
1928 2292
1930 2217
1932 2216
1934 2258
1936 2255
1938 2219
1940 2252
1942 2327
1944 2217
1946 2283
1948 2253
1950 2219
1952 2293
1954 2327
1956 2402
1958 2252
1960 2216
1962 2216
1964 2216
1966 2217
1968 2217
1970 2216
1972 2219
1974 2369
1976 2217
1978 2290
1980 2329
1982 2217
1984 2215
1986 2251
1988 2216
1990 2216
1992 2217
1994 2219
1996 2219
1998 2220
2000 4587
