2 115
4 104
6 103
8 101
10 101
12 100
14 101
16 110
18 109
20 110
22 109
24 109
26 110
28 109
30 109
32 138
34 138
36 174
38 139
40 137
42 138
44 137
46 137
48 138
50 138
52 137
54 138
56 146
58 142
60 141
62 174
64 204
66 206
68 206
70 206
72 206
74 206
76 206
78 206
80 206
82 206
84 206
86 206
88 206
90 206
92 207
94 206
96 206
98 223
100 206
102 206
104 205
106 206
108 206
110 206
112 206
114 216
116 212
118 212
120 212
122 212
124 211
126 347
128 348
130 347
132 329
134 332
136 329
138 366
140 380
142 347
144 347
146 347
148 349
150 349
152 348
154 347
156 347
158 347
160 347
162 348
164 369
166 346
168 347
170 351
172 347
174 347
176 347
178 352
180 347
182 348
184 337
186 337
188 337
190 337
192 337
194 337
196 393
198 340
200 403
202 405
204 407
206 328
208 338
210 338
212 337
214 337
216 337
218 338
220 337
222 408
224 337
226 337
228 337
230 337
232 338
234 433
236 338
238 337
240 336
242 337
244 337
246 337
248 337
250 609
252 609
254 609
256 609
258 609
260 609
262 609
264 607
266 609
268 644
270 686
272 610
274 610
276 610
278 607
280 611
282 594
284 594
286 630
288 593
290 595
292 593
294 593
296 593
298 592
300 610
302 630
304 666
306 843
308 594
310 593
312 592
314 594
316 593
318 593
320 593
322 593
324 593
326 593
328 594
330 593
332 593
334 593
336 593
338 593
340 593
342 593
344 593
346 593
348 594
350 592
352 593
354 593
356 692
358 594
360 593
362 594
364 613
366 593
368 593
370 630
372 593
374 593
376 593
378 593
380 593
382 633
384 594
386 632
388 594
390 594
392 594
394 594
396 595
398 594
400 594
402 594
404 594
406 632
408 611
410 594
412 594
414 594
416 594
418 594
420 594
422 594
424 594
426 595
428 711
430 594
432 594
434 594
436 594
438 594
440 594
442 594
444 613
446 593
448 593
450 764
452 680
454 701
456 609
458 609
460 609
462 609
464 680
466 608
468 624
470 608
472 677
474 609
476 630
478 701
480 609
482 609
484 609
486 609
488 609
490 609
492 609
494 644
496 611
498 637
500 1160
502 1160
504 1204
506 1132
508 1131
510 1131
512 1131
514 1134
516 1169
518 1130
520 1130
522 1131
524 1148
526 1131
528 1168
530 1168
532 1131
534 1166
536 1134
538 1133
540 1207
542 1131
544 1130
546 1131
548 1132
550 1131
552 1166
554 1130
556 1169
558 1238
560 1170
562 1155
564 1170
566 1132
568 1134
570 1475
572 1471
574 1204
576 1131
578 1131
580 1246
582 1161
584 1189
586 1161
588 1158
590 1165
592 1153
594 1131
596 1131
598 1244
600 1130
602 1131
604 1132
606 1131
608 1131
610 1169
612 1227
614 1131
616 1132
618 1131
620 1131
622 1167
624 1131
626 1132
628 1131
630 1131
632 1132
634 1170
636 1132
638 1170
640 1130
642 1131
644 1131
646 1131
648 1131
650 1132
652 1131
654 1131
656 1216
658 1132
660 1131
662 1131
664 1131
666 1131
668 1130
670 1131
672 1131
674 1130
676 1131
678 1217
680 1131
682 1131
684 1131
686 1131
688 1132
690 1150
692 1133
694 1131
696 1133
698 1132
700 1132
702 1168
704 1131
706 1132
708 1132
710 1212
712 1130
714 1129
716 1131
718 1132
720 1132
722 1133
724 1133
726 1132
728 1133
730 1132
732 1256
734 1133
736 1133
738 1133
740 1133
742 1131
744 1132
746 1132
748 1131
750 1133
752 1131
754 1133
756 1131
758 1170
760 1133
762 1169
764 1132
766 1131
768 1131
770 1132
772 1129
774 1131
776 1128
778 1133
780 1211
782 1131
784 1129
786 1131
788 1131
790 1355
792 1131
794 1131
796 1131
798 1131
800 1128
802 1168
804 1131
806 1129
808 1131
810 1131
812 1131
814 1131
816 1131
818 1131
820 1129
822 1168
824 1132
826 1131
828 1131
830 1132
832 1208
834 1167
836 1130
838 1131
840 1131
842 1129
844 1128
846 1131
848 1131
850 1132
852 1132
854 1133
856 1166
858 1130
860 1207
862 1131
864 1131
866 1321
868 1131
870 1131
872 1131
874 1164
876 1162
878 1198
880 1162
882 1162
884 1198
886 1202
888 1163
890 1161
892 1162
894 1162
896 1162
898 1163
900 1201
902 1161
904 1161
906 1199
908 1161
910 1168
912 1131
914 1314
916 1161
918 1161
920 1161
922 1161
924 1163
926 1161
928 1243
930 1309
932 1161
934 1161
936 1161
938 1161
940 1163
942 1197
944 1161
946 1161
948 1150
950 1128
952 1229
954 1131
956 1132
958 1132
960 1131
962 1170
964 1206
966 1168
968 1132
970 1131
972 1170
974 1131
976 1242
978 1130
980 1132
982 1131
984 1169
986 1131
988 1168
990 1131
992 1131
994 1131
996 1131
998 1133
1000 2326
1002 2220
1004 2215
1006 2735
1008 2354
1010 2388
1012 2446
1014 2357
1016 2275
1018 2274
1020 2274
1022 2369
1024 2328
1026 2216
1028 2259
1030 2252
1032 2213
1034 2220
1036 2296
1038 2250
1040 2216
1042 2347
1044 2253
1046 2220
1048 2217
1050 2216
1052 2296
1054 2217
1056 2233
1058 2212
1060 2291
1062 2254
1064 2253
1066 2213
1068 2254
1070 2251
1072 2216
1074 2254
1076 2315
1078 2217
1080 2293
1082 2220
1084 2251
1086 2215
1088 2215
1090 2293
1092 2251
1094 2324
1096 2253
1098 2218
1100 2251
1102 2219
1104 2216
1106 2253
1108 2368
1110 2216
1112 2252
1114 2220
1116 2291
1118 2216
1120 2218
1122 2454
1124 2217
1126 2217
1128 2256
1130 2216
1132 2218
1134 2234
1136 2255
1138 2253
1140 2215
1142 2212
1144 2250
1146 2215
1148 2293
1150 2251
1152 2344
1154 2255
1156 2301
1158 2217
1160 2217
1162 2327
1164 2217
1166 2217
1168 2253
1170 2220
1172 2219
1174 2318
1176 2216
1178 2216
1180 2290
1182 2402
1184 2219
1186 2291
1188 2367
1190 2216
1192 2215
1194 2271
1196 2215
1198 2215
1200 2327
1202 2216
1204 2217
1206 2253
1208 2217
1210 2292
1212 2292
1214 2217
1216 2217
1218 2217
1220 2254
1222 2217
1224 2217
1226 2292
1228 2369
1230 2216
1232 2314
1234 2280
1236 2415
1238 2377
1240 2362
1242 2370
1244 2360
1246 2362
1248 2693
1250 2378
1252 2596
1254 2338
1256 2391
1258 2336
1260 2383
1262 2337
1264 2359
1266 2356
1268 2359
1270 2275
1272 2354
1274 2275
1276 2275
1278 2277
1280 2347
1282 2403
1284 2423
1286 2312
1288 2377
1290 2385
1292 2450
1294 2346
1296 2391
1298 2359
1300 2336
1302 2368
1304 2366
1306 2345
1308 2277
1310 2310
1312 2275
1314 2308
1316 2275
1318 2323
1320 2252
1322 2332
1324 2292
1326 2289
1328 2217
1330 2367
1332 2254
1334 2216
1336 2284
1338 2217
1340 2215
1342 2216
1344 2215
1346 2253
1348 2218
1350 2327
1352 2288
1354 2217
1356 2268
1358 2290
1360 2217
1362 2291
1364 2328
1366 3597
1368 2287
1370 2412
1372 2275
1374 2276
1376 2268
1378 2297
1380 2217
1382 2365
1384 2217
1386 2291
1388 2254
1390 2258
1392 2431
1394 2217
1396 2216
1398 2216
1400 2218
1402 2217
1404 2217
1406 2258
1408 2219
1410 2219
1412 2254
1414 2249
1416 2249
1418 2253
1420 2217
1422 2217
1424 2301
1426 2253
1428 2217
1430 2254
1432 2253
1434 2216
1436 2330
1438 2289
1440 2274
1442 2217
1444 2252
1446 2360
1448 2215
1450 2309
1452 2250
1454 2216
1456 2219
1458 2216
1460 2215
1462 2215
1464 2368
1466 2216
1468 2217
1470 2290
1472 2313
1474 2217
1476 2252
1478 2217
1480 2217
1482 2308
1484 2216
1486 2212
1488 2296
1490 2218
1492 2217
1494 2220
1496 2254
1498 2249
1500 2213
1502 2345
1504 2219
1506 2219
1508 2368
1510 2216
1512 2216
1514 2273
1516 2212
1518 2213
1520 2253
1522 2331
1524 2217
1526 2252
1528 2289
1530 2215
1532 2328
1534 2216
1536 2292
1538 2388
1540 2328
1542 2276
1544 2271
1546 2216
1548 2293
1550 2216
1552 2330
1554 2445
1556 2217
1558 2256
1560 2216
1562 2293
1564 2290
1566 2217
1568 2253
1570 2256
1572 2218
1574 2219
1576 2254
1578 2804
1580 2570
1582 2360
1584 2338
1586 2338
1588 2337
1590 2412
1592 2275
1594 2399
1596 2316
1598 2274
1600 2403
1602 2275
1604 2354
1606 2290
1608 2289
1610 2536
1612 2273
1614 2271
1616 2281
1618 2330
1620 2538
1622 2252
1624 2312
1626 2277
1628 2259
1630 2432
1632 2217
1634 2219
1636 2313
1638 2289
1640 2217
1642 2212
1644 2213
1646 2212
1648 2296
1650 2288
1652 2216
1654 2453
1656 2253
1658 2277
1660 2277
1662 2391
1664 2254
1666 2218
1668 2338
1670 2218
1672 2219
1674 2362
1676 2290
1678 2216
1680 2236
1682 2217
1684 2216
1686 2252
1688 2213
1690 2219
1692 2219
1694 2256
1696 2299
1698 2329
1700 2295
1702 2217
1704 2214
1706 2254
1708 2253
1710 2216
1712 2289
1714 2292
1716 2217
1718 2254
1720 2213
1722 2336
1724 2219
1726 2218
1728 2272
1730 2216
1732 2217
1734 2216
1736 2212
1738 2254
1740 2219
1742 2219
1744 2329
1746 2219
1748 2221
1750 2292
1752 2252
1754 2252
1756 2216
1758 2219
1760 2219
1762 2213
1764 2253
1766 2272
1768 2216
1770 2254
1772 2217
1774 2219
1776 2252
1778 2216
1780 2253
1782 2289
1784 2217
1786 2329
1788 2288
1790 2356
1792 2277
1794 2215
1796 2214
1798 2219
1800 2455
1802 2216
1804 2218
1806 2251
1808 2253
1810 2664
1812 2271
1814 2314
1816 2401
1818 2276
1820 2275
1822 2332
1824 2359
1826 2386
1828 2283
1830 2289
1832 2275
1834 2277
1836 2216
1838 2251
1840 2424
1842 2219
1844 2255
1846 2217
1848 2217
1850 2216
1852 2328
1854 2217
1856 2217
1858 2217
1860 2216
1862 2253
1864 2291
1866 2503
1868 2394
1870 2275
1872 2366
1874 2275
1876 2274
1878 2275
1880 2323
1882 2346
1884 2216
1886 2288
1888 2254
1890 2215
1892 2213
1894 2258
1896 2219
1898 2217
1900 2253
1902 2217
1904 2213
1906 2290
1908 2216
1910 2217
1912 2271
1914 2294
1916 2217
1918 2216
1920 2216
1922 2218
1924 2216
1926 2293
1928 2256
1930 2216
1932 2253
1934 2235
1936 2288
1938 2255
1940 2217
1942 2482
1944 2442
1946 2217
1948 2219
1950 2251
1952 2290
1954 2295
1956 2326
1958 2216
1960 2289
1962 2216
1964 2290
1966 2254
1968 2217
1970 2216
1972 2218
1974 2254
1976 2217
1978 2292
1980 2254
1982 2327
1984 2299
1986 2216
1988 2251
1990 2216
1992 2328
1994 2254
1996 2216
1998 2217
2000 4642
