2 115
4 104
6 103
8 100
10 100
12 100
14 156
16 109
18 109
20 109
22 109
24 109
26 109
28 109
30 108
32 138
34 138
36 138
38 138
40 138
42 138
44 138
46 137
48 138
50 138
52 138
54 138
56 148
58 142
60 141
62 174
64 206
66 206
68 246
70 206
72 206
74 206
76 206
78 244
80 206
82 206
84 206
86 206
88 206
90 228
92 206
94 206
96 208
98 206
100 206
102 206
104 206
106 206
108 242
110 206
112 245
114 206
116 206
118 226
120 206
122 206
124 206
126 337
128 338
130 338
132 338
134 339
136 338
138 338
140 338
142 337
144 338
146 338
148 338
150 337
152 337
154 338
156 337
158 337
160 337
162 337
164 339
166 337
168 337
170 337
172 337
174 337
176 337
178 337
180 394
182 393
184 346
186 329
188 337
190 337
192 337
194 368
196 338
198 337
200 337
202 337
204 337
206 512
208 337
210 337
212 337
214 337
216 349
218 411
220 363
222 329
224 329
226 329
228 329
230 329
232 328
234 330
236 329
238 329
240 346
242 329
244 329
246 345
248 337
250 608
252 610
254 608
256 631
258 644
260 609
262 609
264 609
266 619
268 610
270 593
272 594
274 593
276 593
278 593
280 593
282 593
284 593
286 669
288 594
290 595
292 593
294 593
296 593
298 593
300 593
302 611
304 630
306 593
308 593
310 631
312 593
314 593
316 591
318 593
320 593
322 593
324 594
326 594
328 630
330 593
332 630
334 667
336 593
338 593
340 593
342 593
344 593
346 593
348 594
350 756
352 594
354 594
356 591
358 594
360 594
362 594
364 665
366 647
368 593
370 630
372 593
374 593
376 593
378 593
380 593
382 651
384 594
386 594
388 594
390 594
392 630
394 593
396 593
398 593
400 593
402 593
404 593
406 616
408 610
410 593
412 592
414 593
416 593
418 594
420 594
422 593
424 630
426 594
428 667
430 594
432 593
434 594
436 593
438 593
440 593
442 592
444 593
446 593
448 593
450 593
452 592
454 592
456 629
458 594
460 594
462 634
464 594
466 594
468 592
470 592
472 593
474 593
476 593
478 630
480 593
482 594
484 593
486 593
488 593
490 591
492 593
494 591
496 593
498 593
500 1131
502 1169
504 1131
506 1132
508 1131
510 1131
512 1167
514 1207
516 1131
518 1131
520 1131
522 1131
524 1169
526 1131
528 1131
530 1131
532 1131
534 1208
536 1205
538 1133
540 1131
542 1206
544 1132
546 1135
548 1243
550 1131
552 1131
554 1131
556 1131
558 1132
560 1131
562 1130
564 1132
566 1150
568 1169
570 1131
572 1131
574 1150
576 1131
578 1130
580 1131
582 1131
584 1133
586 1132
588 1133
590 1168
592 1131
594 1242
596 1131
598 1132
600 1133
602 1132
604 1131
606 1132
608 1131
610 1131
612 1169
614 1167
616 1131
618 1131
620 1131
622 1207
624 1132
626 1133
628 1132
630 1168
632 1148
634 1133
636 1132
638 1284
640 1245
642 1133
644 1134
646 1132
648 1132
650 1131
652 1346
654 1198
656 1162
658 1162
660 1162
662 1209
664 1162
666 1163
668 1420
670 1261
672 1160
674 1228
676 1194
678 1193
680 1193
682 1193
684 1189
686 1161
688 1163
690 1248
692 1161
694 1155
696 1132
698 1133
700 1168
702 1130
704 1131
706 1168
708 1132
710 1171
712 1205
714 1131
716 1131
718 1170
720 1132
722 1131
724 1170
726 1130
728 1131
730 1131
732 1131
734 1131
736 1168
738 1130
740 1131
742 1168
744 1133
746 1166
748 1199
750 1131
752 1130
754 1131
756 1130
758 1130
760 1208
762 1131
764 1131
766 1128
768 1131
770 1131
772 1131
774 1133
776 1133
778 1133
780 1167
782 1132
784 1132
786 1128
788 1134
790 1188
792 1130
794 1131
796 1133
798 1131
800 1130
802 1129
804 1132
806 1129
808 1131
810 1130
812 1131
814 1130
816 1130
818 1131
820 1167
822 1131
824 1204
826 1131
828 1166
830 1131
832 1203
834 1130
836 1166
838 1129
840 1205
842 1162
844 1162
846 1160
848 1165
850 1163
852 1163
854 1184
856 1161
858 1162
860 1160
862 1199
864 1163
866 1203
868 1162
870 1160
872 1182
874 1203
876 1162
878 1329
880 1163
882 1161
884 1161
886 1161
888 1159
890 1163
892 1202
894 1161
896 1162
898 1159
900 1160
902 1160
904 1159
906 1160
908 1162
910 1161
912 1167
914 1131
916 1131
918 1132
920 1131
922 1131
924 1131
926 1129
928 1131
930 1131
932 1129
934 1216
936 1131
938 1129
940 1131
942 1168
944 1130
946 1131
948 1131
950 1243
952 1129
954 1132
956 1134
958 1132
960 1133
962 1130
964 1131
966 1131
968 1204
970 1129
972 1252
974 1131
976 1130
978 1132
980 1129
982 1131
984 1131
986 1132
988 1132
990 1132
992 1131
994 1132
996 1132
998 1132
1000 2450
1002 2436
1004 2303
1006 2308
1008 2305
1010 2277
1012 2273
1014 2351
1016 2295
1018 2217
1020 2216
1022 2216
1024 2257
1026 2213
1028 2291
1030 2220
1032 2212
1034 2219
1036 2292
1038 2216
1040 2217
1042 2311
1044 2292
1046 2217
1048 2254
1050 2289
1052 2219
1054 2216
1056 2217
1058 2294
1060 2252
1062 2219
1064 2219
1066 2218
1068 2329
1070 2219
1072 2216
1074 2292
1076 2219
1078 2217
1080 2294
1082 2217
1084 2215
1086 2252
1088 2220
1090 2219
1092 2218
1094 2220
1096 2296
1098 2216
1100 2237
1102 2215
1104 2219
1106 2274
1108 2219
1110 2298
1112 2253
1114 2659
1116 2362
1118 2276
1120 2275
1122 2395
1124 2338
1126 2275
1128 2275
1130 2382
1132 2384
1134 2217
1136 2331
1138 2257
1140 2216
1142 2310
1144 2216
1146 2238
1148 2326
1150 2216
1152 2216
1154 2329
1156 2217
1158 2216
1160 2257
1162 2301
1164 2217
1166 2216
1168 2215
1170 2252
1172 2216
1174 2289
1176 2216
1178 2216
1180 2829
1182 2378
1184 2277
1186 2280
1188 2496
1190 2426
1192 2320
1194 2276
1196 2303
1198 2410
1200 2218
1202 2259
1204 2251
1206 2216
1208 2328
1210 2255
1212 2216
1214 2253
1216 2216
1218 2215
1220 2554
1222 2304
1224 2336
1226 2336
1228 2351
1230 2275
1232 2276
1234 2282
1236 2291
1238 2216
1240 2346
1242 2344
1244 2217
1246 2216
1248 2293
1250 2216
1252 2256
1254 2253
1256 2216
1258 2216
1260 2214
1262 2292
1264 2236
1266 2219
1268 2253
1270 2219
1272 2220
1274 2253
1276 2216
1278 2301
1280 2408
1282 2217
1284 2253
1286 2254
1288 2256
1290 2220
1292 2332
1294 2217
1296 2215
1298 2216
1300 2296
1302 2217
1304 2217
1306 2329
1308 2213
1310 2252
1312 2254
1314 2216
1316 2253
1318 2255
1320 2238
1322 2216
1324 2218
1326 2216
1328 2216
1330 2258
1332 2216
1334 2215
1336 2252
1338 2486
1340 2216
1342 2215
1344 2289
1346 2218
1348 2254
1350 2291
1352 2218
1354 2216
1356 2252
1358 2298
1360 2216
1362 2252
1364 2295
1366 2216
1368 2253
1370 2217
1372 2216
1374 2217
1376 2255
1378 2217
1380 2213
1382 2253
1384 2213
1386 2530
1388 2289
1390 2294
1392 2271
1394 2311
1396 2299
1398 2295
1400 2253
1402 2216
1404 2702
1406 2495
1408 2275
1410 2419
1412 2318
1414 2335
1416 2337
1418 2296
1420 2675
1422 2416
1424 2277
1426 2319
1428 2274
1430 2274
1432 2273
1434 2261
1436 2366
1438 2213
1440 2293
1442 2254
1444 2216
1446 2215
1448 2256
1450 2290
1452 2217
1454 2404
1456 2216
1458 2216
1460 2253
1462 2219
1464 2219
1466 2218
1468 2216
1470 2213
1472 2213
1474 2213
1476 2217
1478 2213
1480 2299
1482 2289
1484 2251
1486 2251
1488 2251
1490 2213
1492 2252
1494 2216
1496 2216
1498 2270
1500 2368
1502 2253
1504 2216
1506 2250
1508 2216
1510 2325
1512 2290
1514 2258
1516 2278
1518 2275
1520 2321
1522 2220
1524 2251
1526 2219
1528 2215
1530 2253
1532 2216
1534 2217
1536 2289
1538 2217
1540 2300
1542 2511
1544 2236
1546 2219
1548 2254
1550 2216
1552 2215
1554 2217
1556 2216
1558 2289
1560 2218
1562 2251
1564 2217
1566 2214
1568 2250
1570 2299
1572 2219
1574 2355
1576 2219
1578 2212
1580 2275
1582 2252
1584 2217
1586 2252
1588 2217
1590 2253
1592 2218
1594 2291
1596 2215
1598 2288
1600 2217
1602 2212
1604 2254
1606 2214
1608 2216
1610 2216
1612 2251
1614 2325
1616 2218
1618 2253
1620 2216
1622 2213
1624 2327
1626 2295
1628 2217
1630 2249
1632 2219
1634 2220
1636 2253
1638 2219
1640 2313
1642 2217
1644 2218
1646 2217
1648 2217
1650 2213
1652 2218
1654 2218
1656 2218
1658 2214
1660 2291
1662 2214
1664 2216
1666 2253
1668 2218
1670 2328
1672 2216
1674 2252
1676 2216
1678 2216
1680 2254
1682 2216
1684 2298
1686 2292
1688 2290
1690 2218
1692 2533
1694 2407
1696 2336
1698 2309
1700 2275
1702 2304
1704 2367
1706 2278
1708 2257
1710 2254
1712 2217
1714 2334
1716 2216
1718 2216
1720 2216
1722 2252
1724 2219
1726 2219
1728 2219
1730 2269
1732 2216
1734 2252
1736 2260
1738 2273
1740 2212
1742 2252
1744 2304
1746 2337
1748 2217
1750 2418
1752 2219
1754 2253
1756 2339
1758 2216
1760 2325
1762 2217
1764 2217
1766 2287
1768 2217
1770 2216
1772 2268
1774 2289
1776 2219
1778 2217
1780 2219
1782 2219
1784 2220
1786 2216
1788 2325
1790 2213
1792 2284
1794 2216
1796 2215
1798 2251
1800 2288
1802 2216
1804 2369
1806 2220
1808 2300
1810 2286
1812 2214
1814 2371
1816 2252
1818 2213
1820 2217
1822 2217
1824 2288
1826 2215
1828 2217
1830 2271
1832 2215
1834 2253
1836 2250
1838 2212
1840 2216
1842 2287
1844 2292
1846 2214
1848 2290
1850 2290
1852 2791
1854 2792
1856 2472
1858 2470
1860 2469
1862 2426
1864 2217
1866 2257
1868 2219
1870 2291
1872 2218
1874 2216
1876 2217
1878 2328
1880 2216
1882 2217
1884 2325
1886 2217
1888 2217
1890 2290
1892 2275
1894 2216
1896 2307
1898 2216
1900 2252
1902 2252
1904 2217
1906 2216
1908 2353
1910 2216
1912 2215
1914 2236
1916 2253
1918 2216
1920 2312
1922 2216
1924 2287
1926 2288
1928 2217
1930 2217
1932 2253
1934 2292
1936 2218
1938 2216
1940 2319
1942 2217
1944 2216
1946 2328
1948 2220
1950 2219
1952 2255
1954 2217
1956 2406
1958 2217
1960 2217
1962 2216
1964 2272
1966 2215
1968 2215
1970 2296
1972 2291
1974 2216
1976 2214
1978 2718
1980 2330
1982 2274
1984 2340
1986 2337
1988 2445
1990 2359
1992 2271
1994 2278
1996 2372
1998 2397
2000 4460
