2 215
4 199
6 196
8 184
10 183
12 182
14 182
16 174
18 173
20 174
22 173
24 171
26 171
28 172
30 171
32 174
34 174
36 170
38 172
40 169
42 169
44 170
46 168
48 169
50 209
52 171
54 191
56 177
58 177
60 177
62 185
64 196
66 195
68 191
70 190
72 190
74 189
76 226
78 193
80 193
82 194
84 192
86 191
88 193
90 193
92 189
94 189
96 192
98 190
100 189
102 189
104 189
106 189
108 189
110 189
112 184
114 184
116 184
118 184
120 204
122 244
124 185
126 233
128 234
130 254
132 239
134 239
136 238
138 261
140 274
142 239
144 238
146 239
148 239
150 238
152 239
154 238
156 239
158 239
160 238
162 238
164 239
166 239
168 239
170 239
172 239
174 239
176 274
178 239
180 239
182 239
184 239
186 260
188 238
190 258
192 239
194 242
196 243
198 277
200 239
202 239
204 239
206 240
208 239
210 239
212 239
214 259
216 240
218 416
220 232
222 235
224 233
226 232
228 233
230 302
232 233
234 252
236 238
238 238
240 238
242 238
244 238
246 239
248 238
250 362
252 361
254 361
256 362
258 374
260 352
262 352
264 351
266 351
268 371
270 364
272 352
274 351
276 351
278 351
280 352
282 351
284 352
286 352
288 352
290 389
292 351
294 352
296 352
298 352
300 411
302 352
304 352
306 441
308 351
310 458
312 352
314 352
316 351
318 352
320 351
322 351
324 351
326 351
328 351
330 352
332 388
334 352
336 352
338 352
340 459
342 351
344 352
346 352
348 353
350 352
352 352
354 351
356 351
358 351
360 465
362 352
364 351
366 432
368 352
370 352
372 351
374 371
376 483
378 421
380 384
382 352
384 438
386 353
388 352
390 351
392 360
394 361
396 361
398 360
400 360
402 360
404 361
406 362
408 360
410 361
412 361
414 361
416 361
418 407
420 362
422 364
424 361
426 362
428 361
430 351
432 428
434 352
436 352
438 352
440 352
442 352
444 352
446 352
448 352
450 351
452 351
454 351
456 423
458 352
460 351
462 351
464 351
466 351
468 352
470 352
472 352
474 451
476 383
478 419
480 368
482 353
484 353
486 352
488 352
490 352
492 352
494 352
496 352
498 386
500 631
502 602
504 602
506 602
508 640
510 619
512 641
514 681
516 602
518 638
520 602
522 602
524 602
526 603
528 604
530 603
532 602
534 602
536 603
538 602
540 604
542 604
544 603
546 603
548 602
550 602
552 602
554 602
556 602
558 636
560 602
562 691
564 602
566 602
568 603
570 602
572 654
574 602
576 602
578 602
580 603
582 602
584 804
586 602
588 762
590 621
592 620
594 619
596 618
598 619
600 621
602 622
604 619
606 637
608 618
610 621
612 603
614 603
616 603
618 620
620 602
622 602
624 603
626 640
628 601
630 639
632 603
634 603
636 603
638 603
640 604
642 676
644 603
646 603
648 602
650 602
652 602
654 641
656 602
658 602
660 602
662 603
664 602
666 639
668 603
670 603
672 604
674 603
676 604
678 603
680 603
682 602
684 602
686 603
688 602
690 602
692 675
694 640
696 602
698 604
700 603
702 603
704 602
706 602
708 602
710 602
712 602
714 602
716 602
718 602
720 603
722 602
724 602
726 603
728 602
730 602
732 602
734 602
736 602
738 602
740 603
742 603
744 603
746 676
748 603
750 604
752 678
754 603
756 602
758 700
760 603
762 685
764 623
766 620
768 619
770 619
772 619
774 619
776 628
778 603
780 603
782 603
784 602
786 639
788 602
790 602
792 603
794 603
796 603
798 676
800 603
802 603
804 641
806 603
808 602
810 602
812 603
814 603
816 603
818 603
820 602
822 603
824 602
826 603
828 603
830 602
832 602
834 603
836 602
838 602
840 603
842 602
844 603
846 603
848 603
850 603
852 603
854 603
856 602
858 603
860 603
862 603
864 603
866 603
868 602
870 602
872 639
874 602
876 602
878 602
880 602
882 681
884 602
886 603
888 603
890 602
892 603
894 713
896 603
898 603
900 604
902 602
904 603
906 679
908 602
910 602
912 602
914 639
916 603
918 642
920 603
922 602
924 603
926 602
928 602
930 602
932 603
934 620
936 603
938 602
940 603
942 603
944 603
946 676
948 604
950 603
952 603
954 603
956 602
958 602
960 602
962 664
964 603
966 602
968 602
970 603
972 603
974 618
976 734
978 747
980 732
982 604
984 621
986 664
988 619
990 619
992 622
994 618
996 618
998 619
1000 1168
1002 1159
1004 1173
1006 1173
1008 1136
1010 1174
1012 1137
1014 1136
1016 1137
1018 1136
1020 1135
1022 1186
1024 1171
1026 1168
1028 1167
1030 1166
1032 1165
1034 1138
1036 1137
1038 1215
1040 1167
1042 1166
1044 1204
1046 1165
1048 1318
1050 1251
1052 1136
1054 1165
1056 1166
1058 1165
1060 1135
1062 1247
1064 1134
1066 1171
1068 1230
1070 1135
1072 1172
1074 1135
1076 1136
1078 1173
1080 1135
1082 1135
1084 1208
1086 1168
1088 1198
1090 1190
1092 1168
1094 1167
1096 1227
1098 1198
1100 1199
1102 1199
1104 1304
1106 1167
1108 1167
1110 1320
1112 1165
1114 1165
1116 1165
1118 1281
1120 1166
1122 1166
1124 1276
1126 1165
1128 1166
1130 1165
1132 1166
1134 1166
1136 1167
1138 1165
1140 1165
1142 1166
1144 1166
1146 1165
1148 1165
1150 1166
1152 1164
1154 1164
1156 1204
1158 1165
1160 1165
1162 1275
1164 1203
1166 1166
1168 1234
1170 1264
1172 1306
1174 1201
1176 1199
1178 1200
1180 1234
1182 1197
1184 1197
1186 1269
1188 1197
1190 1166
1192 1202
1194 1207
1196 1166
1198 1166
1200 1225
1202 1166
1204 1165
1206 1165
1208 1239
1210 1203
1212 1167
1214 1166
1216 1166
1218 1242
1220 1165
1222 1166
1224 1381
1226 1388
1228 1237
1230 1231
1232 1230
1234 1231
1236 1217
1238 1197
1240 1196
1242 1196
1244 1197
1246 1195
1248 1165
1250 1185
1252 1168
1254 1203
1256 1167
1258 1167
1260 1166
1262 1166
1264 1278
1266 1240
1268 1166
1270 1166
1272 1267
1274 1297
1276 1199
1278 1238
1280 1214
1282 1459
1284 1170
1286 1199
1288 1201
1290 1199
1292 1201
1294 1198
1296 1198
1298 1347
1300 1199
1302 1199
1304 1198
1306 1197
1308 1196
1310 1196
1312 1196
1314 1240
1316 1167
1318 1316
1320 1196
1322 1208
1324 1255
1326 1169
1328 1166
1330 1166
1332 1245
1334 1166
1336 1166
1338 1165
1340 1166
1342 1166
1344 1168
1346 1166
1348 1223
1350 1169
1352 1353
1354 1166
1356 1165
1358 1202
1360 1241
1362 1166
1364 1260
1366 1166
1368 1164
1370 1167
1372 1241
1374 1241
1376 1167
1378 1245
1380 1277
1382 1224
1384 1170
1386 1169
1388 1169
1390 1167
1392 1166
1394 1166
1396 1203
1398 1316
1400 1165
1402 1314
1404 1168
1406 1204
1408 1239
1410 1166
1412 1165
1414 1165
1416 1168
1418 1280
1420 1166
1422 1166
1424 1165
1426 1238
1428 1165
1430 1165
1432 1166
1434 1165
1436 1203
1438 1165
1440 1239
1442 1164
1444 1164
1446 1276
1448 1164
1450 1203
1452 1279
1454 1166
1456 1167
1458 1259
1460 1241
1462 1165
1464 1165
1466 1165
1468 1165
1470 1166
1472 1167
1474 1166
1476 1165
1478 1202
1480 1165
1482 1165
1484 1166
1486 1282
1488 1201
1490 1203
1492 1246
1494 1165
1496 1305
1498 1165
1500 1239
1502 1239
1504 1165
1506 1203
1508 1226
1510 1202
1512 1165
1514 1315
1516 1165
1518 1187
1520 1165
1522 1203
1524 1166
1526 1165
1528 1166
1530 1166
1532 1167
1534 1165
1536 1166
1538 1165
1540 1201
1542 1222
1544 1202
1546 1202
1548 1167
1550 1165
1552 1166
1554 1165
1556 1166
1558 1167
1560 1303
1562 1200
1564 1248
1566 1285
1568 1170
1570 1205
1572 1198
1574 1197
1576 1433
1578 1206
1580 1205
1582 1270
1584 1198
1586 1197
1588 1203
1590 1166
1592 1166
1594 1166
1596 1166
1598 1165
1600 1202
1602 1165
1604 1203
1606 1210
1608 1166
1610 1167
1612 1165
1614 1166
1616 1166
1618 1202
1620 1164
1622 1165
1624 1164
1626 1202
1628 1201
1630 1168
1632 1203
1634 1164
1636 1166
1638 1260
1640 1167
1642 1166
1644 1203
1646 1165
1648 1241
1650 1132
1652 1128
1654 1127
1656 1128
1658 1164
1660 1127
1662 1241
1664 1129
1666 1129
1668 1165
1670 1128
1672 1128
1674 1128
1676 1200
1678 1126
1680 1164
1682 1146
1684 1126
1686 1126
1688 1128
1690 1126
1692 1164
1694 1165
1696 1494
1698 1315
1700 1397
1702 1230
1704 1274
1706 1157
1708 1246
1710 1191
1712 1187
1714 1162
1716 1159
1718 1128
1720 1201
1722 1127
1724 1128
1726 1129
1728 1204
1730 1128
1732 1127
1734 1127
1736 1129
1738 1127
1740 1127
1742 1202
1744 1164
1746 1129
1748 1221
1750 1128
1752 1127
1754 1224
1756 1127
1758 1127
1760 1126
1762 1165
1764 1127
1766 1126
1768 1127
1770 1127
1772 1201
1774 1127
1776 1127
1778 1211
1780 1203
1782 1270
1784 1158
1786 1158
1788 1128
1790 1167
1792 1129
1794 1128
1796 1200
1798 1184
1800 1161
1802 1160
1804 1159
1806 1128
1808 1164
1810 1128
1812 1128
1814 1199
1816 1127
1818 1165
1820 1128
1822 1128
1824 1163
1826 1129
1828 1128
1830 1126
1832 1167
1834 1163
1836 1239
1838 1164
1840 1126
1842 1126
1844 1126
1846 1163
1848 1255
1850 1169
1852 1158
1854 1162
1856 1159
1858 1158
1860 1199
1862 1128
1864 1130
1866 1258
1868 1127
1870 1195
1872 1126
1874 1237
1876 1128
1878 1128
1880 1201
1882 1127
1884 1163
1886 1126
1888 1213
1890 1131
1892 1170
1894 1130
1896 1129
1898 1128
1900 1129
1902 1129
1904 1128
1906 1129
1908 1128
1910 1128
1912 1144
1914 1128
1916 1127
1918 1128
1920 1126
1922 1128
1924 1163
1926 1259
1928 1127
1930 1208
1932 1126
1934 1126
1936 1128
1938 1127
1940 1127
1942 1127
1944 1164
1946 1127
1948 1127
1950 1128
1952 1127
1954 1126
1956 1219
1958 1128
1960 1129
1962 1401
1964 1128
1966 1156
1968 1229
1970 1156
1972 1323
1974 1248
1976 1155
1978 1157
1980 1157
1982 1158
1984 1161
1986 1159
1988 1128
1990 1207
1992 1128
1994 1127
1996 1126
1998 1126
2000 2242
