2 222
4 203
6 202
8 189
10 188
12 187
14 185
16 179
18 177
20 176
22 171
24 171
26 170
28 170
30 169
32 171
34 171
36 170
38 169
40 169
42 168
44 167
46 169
48 168
50 168
52 167
54 190
56 174
58 172
60 170
62 180
64 187
66 186
68 185
70 184
72 185
74 184
76 225
78 189
80 188
82 189
84 189
86 189
88 227
90 189
92 189
94 183
96 184
98 183
100 183
102 184
104 184
106 184
108 184
110 183
112 184
114 184
116 184
118 184
120 220
122 184
124 183
126 238
128 238
130 236
132 253
134 238
136 235
138 235
140 236
142 236
144 236
146 236
148 236
150 236
152 236
154 236
156 272
158 236
160 236
162 237
164 272
166 236
168 236
170 236
172 235
174 236
176 237
178 236
180 292
182 235
184 293
186 237
188 236
190 236
192 236
194 236
196 238
198 341
200 236
202 235
204 236
206 236
208 236
210 237
212 236
214 235
216 236
218 236
220 235
222 236
224 278
226 458
228 286
230 264
232 267
234 243
236 243
238 242
240 243
242 242
244 242
246 242
248 242
250 368
252 367
254 405
256 367
258 367
260 367
262 366
264 366
266 366
268 366
270 366
272 366
274 366
276 373
278 357
280 443
282 436
284 357
286 356
288 428
290 359
292 358
294 358
296 431
298 357
300 357
302 425
304 357
306 357
308 397
310 357
312 357
314 357
316 356
318 357
320 356
322 357
324 356
326 357
328 357
330 357
332 356
334 357
336 356
338 357
340 357
342 357
344 357
346 358
348 357
350 429
352 359
354 357
356 358
358 358
360 432
362 357
364 356
366 357
368 356
370 489
372 356
374 356
376 357
378 357
380 394
382 357
384 357
386 357
388 378
390 366
392 356
394 357
396 357
398 355
400 415
402 357
404 357
406 356
408 358
410 356
412 395
414 357
416 357
418 357
420 357
422 357
424 357
426 357
428 357
430 357
432 357
434 357
436 356
438 413
440 357
442 393
444 357
446 357
448 357
450 356
452 357
454 357
456 357
458 357
460 357
462 357
464 431
466 358
468 357
470 357
472 356
474 356
476 357
478 397
480 357
482 357
484 357
486 357
488 357
490 367
492 366
494 366
496 367
498 366
500 629
502 628
504 703
506 612
508 649
510 612
512 612
514 611
516 611
518 612
520 611
522 611
524 611
526 612
528 612
530 611
532 612
534 611
536 611
538 611
540 611
542 612
544 611
546 612
548 612
550 650
552 612
554 612
556 612
558 648
560 612
562 612
564 611
566 611
568 612
570 611
572 612
574 611
576 611
578 612
580 611
582 612
584 612
586 611
588 611
590 612
592 612
594 649
596 611
598 611
600 693
602 612
604 611
606 611
608 611
610 708
612 611
614 669
616 612
618 612
620 611
622 649
624 612
626 611
628 611
630 611
632 611
634 631
636 612
638 612
640 611
642 611
644 650
646 611
648 612
650 878
652 611
654 612
656 612
658 648
660 611
662 612
664 612
666 687
668 633
670 648
672 612
674 612
676 612
678 611
680 612
682 612
684 612
686 612
688 613
690 612
692 611
694 611
696 612
698 612
700 612
702 611
704 611
706 611
708 611
710 612
712 690
714 612
716 612
718 611
720 611
722 758
724 629
726 629
728 628
730 628
732 645
734 626
736 627
738 627
740 647
742 670
744 626
746 662
748 624
750 624
752 661
754 651
756 847
758 626
760 609
762 685
764 624
766 624
768 624
770 623
772 642
774 627
776 624
778 625
780 712
782 625
784 625
786 608
788 609
790 610
792 608
794 679
796 624
798 630
800 624
802 625
804 624
806 624
808 624
810 627
812 624
814 623
816 624
818 608
820 608
822 609
824 608
826 647
828 608
830 724
832 608
834 608
836 608
838 608
840 608
842 645
844 609
846 607
848 607
850 608
852 607
854 627
856 607
858 608
860 608
862 608
864 628
866 691
868 608
870 609
872 608
874 608
876 608
878 608
880 608
882 686
884 608
886 608
888 684
890 608
892 608
894 686
896 693
898 695
900 608
902 608
904 716
906 626
908 625
910 624
912 623
914 624
916 623
918 623
920 681
922 625
924 637
926 608
928 608
930 681
932 609
934 608
936 607
938 607
940 608
942 718
944 608
946 608
948 608
950 626
952 608
954 609
956 609
958 608
960 609
962 608
964 668
966 607
968 608
970 608
972 644
974 608
976 609
978 625
980 608
982 607
984 608
986 625
988 608
990 608
992 608
994 608
996 607
998 608
1000 1126
1002 1143
1004 1124
1006 1123
1008 1124
1010 1124
1012 1197
1014 1236
1016 1328
1018 1153
1020 1153
1022 1286
1024 1153
1026 1273
1028 1152
1030 1128
1032 1164
1034 1126
1036 1125
1038 1124
1040 1124
1042 1161
1044 1124
1046 1124
1048 1124
1050 1124
1052 1124
1054 1124
1056 1124
1058 1198
1060 1124
1062 1160
1064 1123
1066 1122
1068 1123
1070 1197
1072 1125
1074 1122
1076 1122
1078 1159
1080 1160
1082 1123
1084 1124
1086 1123
1088 1142
1090 1197
1092 1125
1094 1124
1096 1125
1098 1123
1100 1159
1102 1124
1104 1180
1106 1124
1108 1160
1110 1303
1112 1162
1114 1126
1116 1163
1118 1124
1120 1124
1122 1201
1124 1124
1126 1124
1128 1125
1130 1125
1132 1125
1134 1123
1136 1233
1138 1125
1140 1198
1142 1123
1144 1123
1146 1123
1148 1125
1150 1124
1152 1123
1154 1195
1156 1122
1158 1125
1160 1159
1162 1123
1164 1123
1166 1160
1168 1123
1170 1127
1172 1126
1174 1127
1176 1125
1178 1200
1180 1125
1182 1124
1184 1159
1186 1161
1188 1124
1190 1123
1192 1201
1194 1124
1196 1142
1198 1142
1200 1161
1202 1124
1204 1125
1206 1123
1208 1124
1210 1124
1212 1123
1214 1123
1216 1123
1218 1123
1220 1123
1222 1123
1224 1159
1226 1124
1228 1125
1230 1205
1232 1124
1234 1251
1236 1341
1238 1258
1240 1155
1242 1154
1244 1154
1246 1247
1248 1157
1250 1155
1252 1156
1254 1191
1256 1154
1258 1154
1260 1189
1262 1191
1264 1155
1266 1192
1268 1153
1270 1154
1272 1454
1274 1269
1276 1153
1278 1300
1280 1154
1282 1221
1284 1184
1286 1183
1288 1153
1290 1305
1292 1155
1294 1123
1296 1123
1298 1123
1300 1160
1302 1124
1304 1123
1306 1160
1308 1124
1310 1198
1312 1123
1314 1123
1316 1242
1318 1123
1320 1124
1322 1215
1324 1139
1326 1123
1328 1122
1330 1158
1332 1124
1334 1123
1336 1123
1338 1197
1340 1122
1342 1122
1344 1122
1346 1122
1348 1122
1350 1122
1352 1123
1354 1196
1356 1124
1358 1123
1360 1143
1362 1123
1364 1123
1366 1123
1368 1124
1370 1124
1372 1123
1374 1124
1376 1122
1378 1126
1380 1125
1382 1160
1384 1124
1386 1123
1388 1218
1390 1125
1392 1157
1394 1124
1396 1124
1398 1239
1400 1123
1402 1123
1404 1152
1406 1154
1408 1154
1410 1123
1412 1124
1414 1125
1416 1125
1418 1241
1420 1122
1422 1123
1424 1196
1426 1122
1428 1123
1430 1159
1432 1236
1434 1122
1436 1197
1438 1159
1440 1157
1442 1192
1444 1160
1446 1203
1448 1234
1450 1158
1452 1156
1454 1156
1456 1156
1458 1156
1460 1155
1462 1161
1464 1158
1466 1211
1468 1172
1470 1241
1472 1157
1474 1266
1476 1156
1478 1157
1480 1229
1482 1155
1484 1177
1486 1374
1488 1154
1490 1155
1492 1155
1494 1233
1496 1154
1498 1154
1500 1237
1502 1189
1504 1188
1506 1186
1508 1215
1510 1243
1512 1157
1514 1156
1516 1158
1518 1156
1520 1463
1522 1330
1524 1277
1526 1189
1528 1228
1530 1187
1532 1232
1534 1188
1536 1196
1538 1309
1540 1158
1542 1199
1544 1157
1546 1157
1548 1255
1550 1156
1552 1155
1554 1191
1556 1154
1558 1155
1560 1388
1562 1230
1564 1186
1566 1185
1568 1186
1570 1155
1572 1155
1574 1266
1576 1156
1578 1154
1580 1155
1582 1192
1584 1153
1586 1153
1588 1195
1590 1154
1592 1154
1594 1232
1596 1154
1598 1154
1600 1268
1602 1153
1604 1154
1606 1267
1608 1153
1610 1154
1612 1154
1614 1174
1616 1155
1618 1155
1620 1228
1622 1154
1624 1154
1626 1155
1628 1153
1630 1156
1632 1155
1634 1153
1636 1154
1638 1154
1640 1230
1642 1154
1644 1153
1646 1230
1648 1154
1650 1154
1652 1224
1654 1153
1656 1154
1658 1155
1660 1154
1662 1154
1664 1191
1666 1155
1668 1155
1670 1153
1672 1153
1674 1155
1676 1193
1678 1155
1680 1155
1682 1155
1684 1155
1686 1153
1688 1155
1690 1155
1692 1235
1694 1153
1696 1190
1698 1155
1700 1153
1702 1153
1704 1155
1706 1191
1708 1153
1710 1153
1712 1248
1714 1370
1716 1157
1718 1193
1720 1225
1722 1225
1724 1631
1726 1376
1728 1191
1730 1187
1732 1188
1734 1295
1736 1229
1738 1156
1740 1159
1742 1155
1744 1190
1746 1155
1748 1155
1750 1155
1752 1156
1754 1156
1756 1154
1758 1155
1760 1155
1762 1154
1764 1156
1766 1155
1768 1155
1770 1155
1772 1155
1774 1237
1776 1153
1778 1154
1780 1219
1782 1234
1784 1155
1786 1240
1788 1187
1790 1185
1792 1155
1794 1154
1796 1154
1798 1154
1800 1156
1802 1154
1804 1154
1806 1156
1808 1332
1810 1189
1812 1188
1814 1319
1816 1286
1818 1256
1820 1223
1822 1186
1824 1217
1826 1345
1828 1226
1830 1188
1832 1186
1834 1268
1836 1264
1838 1185
1840 1241
1842 1185
1844 1184
1846 1185
1848 1185
1850 1185
1852 1193
1854 1236
1856 1192
1858 1192
1860 1155
1862 1154
1864 1155
1866 1154
1868 1154
1870 1155
1872 1296
1874 1157
1876 1156
1878 1156
1880 1156
1882 1155
1884 1157
1886 1155
1888 1155
1890 1154
1892 1156
1894 1155
1896 1247
1898 1155
1900 1233
1902 1229
1904 1155
1906 1157
1908 1190
1910 1194
1912 1157
1914 1155
1916 1153
1918 1155
1920 1228
1922 1154
1924 1154
1926 1154
1928 1155
1930 1190
1932 1153
1934 1215
1936 1155
1938 1156
1940 1155
1942 1155
1944 1155
1946 1265
1948 1153
1950 1154
1952 1190
1954 1227
1956 1192
1958 1310
1960 1154
1962 1153
1964 1231
1966 1154
1968 1170
1970 1155
1972 1153
1974 1153
1976 1153
1978 1154
1980 1153
1982 1153
1984 1154
1986 1154
1988 1154
1990 1489
1992 1154
1994 1154
1996 1231
1998 1247
2000 2231
