2 217
4 199
6 196
8 185
10 184
12 184
14 184
16 175
18 173
20 174
22 171
24 171
26 171
28 171
30 173
32 174
34 170
36 169
38 169
40 170
42 170
44 204
46 168
48 168
50 168
52 168
54 226
56 172
58 172
60 171
62 181
64 191
66 209
68 191
70 191
72 190
74 190
76 189
78 189
80 189
82 189
84 190
86 189
88 188
90 189
92 189
94 189
96 223
98 190
100 189
102 190
104 189
106 189
108 189
110 224
112 190
114 189
116 188
118 189
120 189
122 189
124 189
126 244
128 244
130 271
132 315
134 295
136 277
138 273
140 245
142 244
144 243
146 254
148 275
150 244
152 243
154 244
156 246
158 247
160 244
162 244
164 245
166 244
168 244
170 243
172 242
174 244
176 243
178 245
180 243
182 243
184 243
186 243
188 244
190 244
192 243
194 242
196 243
198 244
200 243
202 246
204 245
206 245
208 281
210 244
212 243
214 245
216 244
218 244
220 244
222 243
224 243
226 243
228 243
230 243
232 243
234 243
236 243
238 242
240 243
242 334
244 281
246 243
248 243
250 371
252 372
254 370
256 371
258 371
260 449
262 369
264 370
266 369
268 448
270 555
272 386
274 394
276 499
278 382
280 383
282 384
284 383
286 402
288 387
290 384
292 388
294 403
296 383
298 381
300 390
302 380
304 380
306 380
308 380
310 381
312 380
314 380
316 380
318 380
320 380
322 380
324 389
326 381
328 415
330 371
332 569
334 417
336 371
338 370
340 370
342 470
344 380
346 380
348 379
350 382
352 384
354 385
356 384
358 381
360 381
362 382
364 386
366 385
368 382
370 381
372 380
374 382
376 381
378 381
380 380
382 380
384 382
386 379
388 379
390 379
392 380
394 380
396 380
398 387
400 370
402 369
404 370
406 369
408 370
410 369
412 404
414 370
416 369
418 369
420 370
422 370
424 381
426 360
428 359
430 359
432 360
434 397
436 361
438 361
440 360
442 422
444 370
446 369
448 369
450 380
452 403
454 398
456 360
458 360
460 362
462 360
464 370
466 370
468 370
470 370
472 360
474 359
476 360
478 360
480 360
482 360
484 393
486 361
488 360
490 360
492 360
494 432
496 361
498 362
500 610
502 646
504 608
506 647
508 608
510 608
512 608
514 669
516 624
518 624
520 609
522 609
524 609
526 682
528 608
530 609
532 609
534 609
536 608
538 629
540 609
542 610
544 608
546 609
548 609
550 608
552 609
554 609
556 609
558 609
560 609
562 625
564 627
566 609
568 609
570 610
572 610
574 609
576 609
578 609
580 683
582 683
584 649
586 611
588 609
590 609
592 609
594 609
596 609
598 646
600 609
602 609
604 609
606 609
608 610
610 629
612 609
614 685
616 630
618 609
620 610
622 682
624 609
626 609
628 609
630 610
632 609
634 609
636 609
638 613
640 685
642 611
644 612
646 611
648 906
650 756
652 658
654 612
656 801
658 631
660 667
662 627
664 626
666 626
668 665
670 646
672 628
674 628
676 627
678 626
680 627
682 627
684 627
686 690
688 611
690 630
692 611
694 610
696 610
698 685
700 612
702 627
704 626
706 626
708 626
710 627
712 611
714 699
716 611
718 611
720 611
722 709
724 611
726 647
728 611
730 610
732 610
734 610
736 610
738 647
740 610
742 610
744 611
746 610
748 610
750 688
752 610
754 610
756 610
758 610
760 611
762 647
764 610
766 610
768 610
770 611
772 611
774 647
776 611
778 611
780 611
782 611
784 611
786 721
788 610
790 610
792 611
794 611
796 611
798 631
800 685
802 610
804 689
806 611
808 611
810 683
812 610
814 647
816 740
818 610
820 612
822 647
824 610
826 610
828 611
830 611
832 610
834 647
836 611
838 611
840 610
842 611
844 610
846 611
848 610
850 611
852 611
854 852
856 686
858 611
860 737
862 610
864 626
866 627
868 627
870 626
872 627
874 628
876 756
878 628
880 627
882 626
884 635
886 610
888 610
890 609
892 610
894 610
896 630
898 611
900 611
902 611
904 611
906 611
908 684
910 610
912 610
914 726
916 610
918 610
920 610
922 610
924 609
926 801
928 610
930 732
932 610
934 642
936 610
938 685
940 611
942 611
944 611
946 611
948 611
950 647
952 612
954 611
956 610
958 611
960 610
962 684
964 610
966 611
968 648
970 610
972 610
974 649
976 646
978 611
980 611
982 611
984 611
986 611
988 611
990 611
992 682
994 610
996 612
998 611
1000 1126
1002 1125
1004 1160
1006 1124
1008 1124
1010 1123
1012 1153
1014 1192
1016 1122
1018 1200
1020 1205
1022 1123
1024 1143
1026 1154
1028 1151
1030 1151
1032 1176
1034 1152
1036 1188
1038 1151
1040 1263
1042 1151
1044 1151
1046 1152
1048 1189
1050 1152
1052 1151
1054 1190
1056 1151
1058 1151
1060 1160
1062 1122
1064 1122
1066 1124
1068 1122
1070 1122
1072 1308
1074 1122
1076 1122
1078 1122
1080 1123
1082 1122
1084 1122
1086 1122
1088 1122
1090 1123
1092 1122
1094 1121
1096 1197
1098 1122
1100 1122
1102 1122
1104 1194
1106 1123
1108 1122
1110 1157
1112 1186
1114 1123
1116 1123
1118 1127
1120 1125
1122 1124
1124 1201
1126 1123
1128 1125
1130 1160
1132 1159
1134 1161
1136 1179
1138 1122
1140 1125
1142 1160
1144 1122
1146 1124
1148 1122
1150 1123
1152 1123
1154 1196
1156 1122
1158 1122
1160 1122
1162 1122
1164 1122
1166 1123
1168 1236
1170 1122
1172 1197
1174 1160
1176 1123
1178 1124
1180 1123
1182 1199
1184 1159
1186 1122
1188 1122
1190 1123
1192 1123
1194 1122
1196 1122
1198 1125
1200 1159
1202 1122
1204 1123
1206 1158
1208 1159
1210 1125
1212 1207
1214 1239
1216 1156
1218 1157
1220 1222
1222 1209
1224 1158
1226 1160
1228 1197
1230 1195
1232 1127
1234 1125
1236 1125
1238 1127
1240 1125
1242 1277
1244 1162
1246 1139
1248 1258
1250 1125
1252 1124
1254 1202
1256 1155
1258 1153
1260 1152
1262 1123
1264 1122
1266 1122
1268 1158
1270 1227
1272 1122
1274 1159
1276 1124
1278 1122
1280 1123
1282 1123
1284 1143
1286 1123
1288 1123
1290 1123
1292 1122
1294 1140
1296 1124
1298 1123
1300 1197
1302 1122
1304 1124
1306 1123
1308 1122
1310 1121
1312 1122
1314 1122
1316 1402
1318 1123
1320 1188
1322 1153
1324 1151
1326 1122
1328 1122
1330 1121
1332 1122
1334 1122
1336 1121
1338 1123
1340 1123
1342 1199
1344 1232
1346 1122
1348 1122
1350 1195
1352 1121
1354 1122
1356 1122
1358 1123
1360 1293
1362 1125
1364 1124
1366 1155
1368 1199
1370 1153
1372 1153
1374 1154
1376 1154
1378 1123
1380 1123
1382 1150
1384 1149
1386 1148
1388 1180
1390 1179
1392 1179
1394 1389
1396 1186
1398 1148
1400 1185
1402 1206
1404 1148
1406 1168
1408 1295
1410 1147
1412 1147
1414 1147
1416 1147
1418 1146
1420 1147
1422 1146
1424 1267
1426 1268
1428 1365
1430 1182
1432 1423
1434 1211
1436 1210
1438 1213
1440 1179
1442 1231
1444 1180
1446 1185
1448 1262
1450 1147
1452 1146
1454 1163
1456 1147
1458 1147
1460 1147
1462 1146
1464 1146
1466 1146
1468 1220
1470 1146
1472 1146
1474 1146
1476 1145
1478 1148
1480 1184
1482 1148
1484 1296
1486 1147
1488 1147
1490 1147
1492 1145
1494 1147
1496 1146
1498 1149
1500 1185
1502 1489
1504 1187
1506 1168
1508 1267
1510 1180
1512 1180
1514 1207
1516 1178
1518 1177
1520 1150
1522 1149
1524 1189
1526 1147
1528 1148
1530 1148
1532 1185
1534 1149
1536 1167
1538 1219
1540 1148
1542 1291
1544 1207
1546 1148
1548 1182
1550 1147
1552 1147
1554 1147
1556 1146
1558 1146
1560 1147
1562 1181
1564 1148
1566 1145
1568 1146
1570 1147
1572 1148
1574 1186
1576 1183
1578 1147
1580 1149
1582 1257
1584 1146
1586 1147
1588 1145
1590 1146
1592 1146
1594 1181
1596 1146
1598 1166
1600 1146
1602 1179
1604 1146
1606 1291
1608 1146
1610 1146
1612 1146
1614 1148
1616 1147
1618 1184
1620 1223
1622 1146
1624 1146
1626 1184
1628 1147
1630 1147
1632 1222
1634 1146
1636 1146
1638 1147
1640 1146
1642 1146
1644 1147
1646 1145
1648 1146
1650 1146
1652 1201
1654 1146
1656 1184
1658 2735
1660 1149
1662 1149
1664 1147
1666 1164
1668 1167
1670 1147
1672 1147
1674 1147
1676 1147
1678 1146
1680 1206
1682 1257
1684 1184
1686 1148
1688 1228
1690 1147
1692 1148
1694 1146
1696 1146
1698 1147
1700 1184
1702 1146
1704 1381
1706 1147
1708 1177
1710 1178
1712 1178
1714 1148
1716 1148
1718 1225
1720 1257
1722 1146
1724 1147
1726 1184
1728 1146
1730 1145
1732 1184
1734 1147
1736 1147
1738 1148
1740 1148
1742 1146
1744 1184
1746 1258
1748 1146
1750 1147
1752 1146
1754 1145
1756 1145
1758 1183
1760 1148
1762 1146
1764 1256
1766 1147
1768 1147
1770 1298
1772 1145
1774 1145
1776 1220
1778 1146
1780 1146
1782 1146
1784 1147
1786 1145
1788 1146
1790 1373
1792 1273
1794 1181
1796 1180
1798 1179
1800 1209
1802 1251
1804 1189
1806 1185
1808 1148
1810 1187
1812 1183
1814 1147
1816 1254
1818 1183
1820 1147
1822 1299
1824 1300
1826 1225
1828 1176
1830 1214
1832 1215
1834 1149
1836 1150
1838 1147
1840 1147
1842 1181
1844 1292
1846 1150
1848 1188
1850 1178
1852 1178
1854 1179
1856 1184
1858 1148
1860 1149
1862 1148
1864 1147
1866 1167
1868 1146
1870 1148
1872 1148
1874 1148
1876 1146
1878 1146
1880 1218
1882 1146
1884 1185
1886 1221
1888 1146
1890 1146
1892 1146
1894 1219
1896 1147
1898 1222
1900 1220
1902 1147
1904 1148
1906 1232
1908 1147
1910 1183
1912 1148
1914 1176
1916 1146
1918 1223
1920 1147
1922 1146
1924 1146
1926 1146
1928 1146
1930 1219
1932 1147
1934 1145
1936 1145
1938 1182
1940 1146
1942 1147
1944 1256
1946 1147
1948 1147
1950 1183
1952 1146
1954 1123
1956 1121
1958 1123
1960 1193
1962 1153
1964 1152
1966 1151
1968 1151
1970 1150
1972 1148
1974 1149
1976 1150
1978 1119
1980 1194
1982 1120
1984 1119
1986 1193
1988 1119
1990 1191
1992 1118
1994 1156
1996 1119
1998 1123
2000 2217
