2 242
4 221
6 219
8 206
10 205
12 204
14 204
16 197
18 194
20 193
22 192
24 195
26 193
28 191
30 192
32 192
34 193
36 192
38 191
40 189
42 189
44 215
46 193
48 176
50 174
52 173
54 174
56 173
58 172
60 172
62 181
64 190
66 191
68 205
70 190
72 188
74 188
76 197
78 197
80 195
82 195
84 193
86 197
88 193
90 194
92 193
94 204
96 186
98 186
100 187
102 187
104 186
106 187
108 187
110 188
112 187
114 187
116 187
118 188
120 187
122 187
124 187
126 241
128 240
130 238
132 316
134 238
136 237
138 238
140 238
142 238
144 238
146 238
148 238
150 238
152 315
154 245
156 254
158 245
160 245
162 244
164 245
166 245
168 244
170 245
172 244
174 244
176 244
178 248
180 246
182 245
184 246
186 245
188 245
190 245
192 246
194 245
196 246
198 238
200 238
202 238
204 238
206 238
208 238
210 238
212 238
214 238
216 238
218 238
220 238
222 238
224 237
226 237
228 238
230 292
232 231
234 232
236 232
238 231
240 231
242 231
244 375
246 231
248 231
250 393
252 356
254 356
256 355
258 355
260 435
262 365
264 365
266 364
268 365
270 365
272 365
274 381
276 365
278 365
280 364
282 420
284 433
286 384
288 419
290 542
292 430
294 378
296 379
298 381
300 387
302 405
304 395
306 391
308 380
310 381
312 378
314 376
316 378
318 415
320 378
322 377
324 378
326 375
328 375
330 375
332 376
334 418
336 379
338 383
340 379
342 376
344 382
346 375
348 375
350 377
352 377
354 375
356 377
358 376
360 375
362 375
364 375
366 375
368 375
370 390
372 377
374 366
376 365
378 365
380 365
382 365
384 364
386 434
388 364
390 364
392 386
394 364
396 365
398 364
400 364
402 364
404 365
406 364
408 355
410 401
412 410
414 435
416 358
418 357
420 356
422 356
424 365
426 365
428 364
430 365
432 413
434 367
436 366
438 422
440 365
442 365
444 365
446 365
448 365
450 365
452 411
454 365
456 365
458 394
460 365
462 417
464 364
466 365
468 365
470 364
472 355
474 355
476 355
478 355
480 355
482 355
484 378
486 356
488 355
490 414
492 354
494 355
496 355
498 355
500 623
502 624
504 622
506 623
508 622
510 694
512 623
514 693
516 623
518 623
520 622
522 656
524 623
526 696
528 622
530 621
532 693
534 638
536 638
538 647
540 623
542 623
544 623
546 622
548 624
550 659
552 623
554 623
556 623
558 622
560 622
562 623
564 623
566 623
568 694
570 623
572 622
574 622
576 623
578 622
580 622
582 622
584 622
586 644
588 659
590 639
592 622
594 622
596 623
598 638
600 638
602 638
604 640
606 639
608 638
610 702
612 622
614 622
616 621
618 622
620 622
622 658
624 622
626 624
628 623
630 623
632 622
634 622
636 623
638 623
640 655
642 640
644 639
646 622
648 622
650 624
652 624
654 623
656 657
658 622
660 624
662 622
664 639
666 621
668 623
670 622
672 623
674 622
676 657
678 622
680 622
682 623
684 622
686 695
688 622
690 622
692 622
694 642
696 639
698 638
700 622
702 621
704 624
706 622
708 622
710 622
712 638
714 642
716 623
718 623
720 622
722 622
724 622
726 622
728 622
730 622
732 622
734 623
736 623
738 623
740 694
742 622
744 622
746 622
748 622
750 663
752 622
754 694
756 622
758 624
760 937
762 712
764 622
766 622
768 624
770 638
772 638
774 638
776 638
778 638
780 638
782 639
784 707
786 638
788 639
790 638
792 622
794 623
796 622
798 622
800 623
802 660
804 623
806 622
808 660
810 622
812 622
814 622
816 622
818 621
820 622
822 623
824 622
826 683
828 622
830 622
832 621
834 706
836 622
838 658
840 622
842 622
844 624
846 622
848 622
850 622
852 622
854 623
856 751
858 623
860 623
862 622
864 622
866 627
868 624
870 623
872 622
874 659
876 623
878 623
880 623
882 623
884 622
886 622
888 734
890 623
892 719
894 622
896 622
898 622
900 622
902 622
904 623
906 622
908 622
910 765
912 622
914 622
916 622
918 622
920 622
922 623
924 622
926 622
928 621
930 622
932 735
934 623
936 659
938 623
940 623
942 666
944 622
946 659
948 622
950 622
952 622
954 621
956 622
958 666
960 622
962 621
964 715
966 678
968 706
970 622
972 622
974 622
976 639
978 640
980 639
982 638
984 639
986 622
988 903
990 677
992 624
994 623
996 638
998 642
1000 1192
1002 1191
1004 1258
1006 1188
1008 1233
1010 1196
1012 1159
1014 1157
1016 1157
1018 1159
1020 1159
1022 1157
1024 1157
1026 1156
1028 1158
1030 1156
1032 1344
1034 1159
1036 1235
1038 1234
1040 1306
1042 1186
1044 1186
1046 1186
1048 1193
1050 1157
1052 1155
1054 1231
1056 1156
1058 1156
1060 1227
1062 1157
1064 1157
1066 1156
1068 1188
1070 1189
1072 1187
1074 1188
1076 1187
1078 1188
1080 1188
1082 1186
1084 1209
1086 1156
1088 1156
1090 1156
1092 1156
1094 1187
1096 1187
1098 1157
1100 1186
1102 1191
1104 1230
1106 1189
1108 1188
1110 1187
1112 1187
1114 1187
1116 1157
1118 1158
1120 1157
1122 1156
1124 1157
1126 1156
1128 1262
1130 1157
1132 1156
1134 1193
1136 1157
1138 1229
1140 1155
1142 1155
1144 1156
1146 1155
1148 1193
1150 1234
1152 1157
1154 1155
1156 1193
1158 1157
1160 1158
1162 1192
1164 1157
1166 1262
1168 1156
1170 1156
1172 1233
1174 1157
1176 1175
1178 1230
1180 1157
1182 1157
1184 1178
1186 1155
1188 1156
1190 1156
1192 1409
1194 1357
1196 1345
1198 1343
1200 1252
1202 1209
1204 1209
1206 1270
1208 1178
1210 1177
1212 1296
1214 1146
1216 1165
1218 1178
1220 1177
1222 1184
1224 1180
1226 1250
1228 1307
1230 1210
1232 1212
1234 1180
1236 1177
1238 1211
1240 1407
1242 1246
1244 1179
1246 1177
1248 1177
1250 1177
1252 1177
1254 1215
1256 1145
1258 1145
1260 1145
1262 1147
1264 1147
1266 1147
1268 1147
1270 1146
1272 1234
1274 1244
1276 1320
1278 1179
1280 1284
1282 1270
1284 1179
1286 1178
1288 1207
1290 1179
1292 1180
1294 1188
1296 1149
1298 1198
1300 1146
1302 1148
1304 1258
1306 1147
1308 1262
1310 1146
1312 1146
1314 1217
1316 1146
1318 1145
1320 1170
1322 1145
1324 1146
1326 1145
1328 1146
1330 1255
1332 1145
1334 1145
1336 1184
1338 1147
1340 1147
1342 1146
1344 1146
1346 1185
1348 1183
1350 1145
1352 1145
1354 1217
1356 1145
1358 1151
1360 1215
1362 1148
1364 1147
1366 1147
1368 1208
1370 1147
1372 1146
1374 1146
1376 1419
1378 1147
1380 1146
1382 1178
1384 1177
1386 1181
1388 1180
1390 1179
1392 1163
1394 1181
1396 1147
1398 1263
1400 1148
1402 1146
1404 1147
1406 1146
1408 1148
1410 1252
1412 1146
1414 1218
1416 1218
1418 1145
1420 1147
1422 1146
1424 1145
1426 1146
1428 1145
1430 1145
1432 1145
1434 1146
1436 1147
1438 1147
1440 1147
1442 1183
1444 1146
1446 1146
1448 1288
1450 1405
1452 1147
1454 1221
1456 1206
1458 1176
1460 1178
1462 1146
1464 1146
1466 1146
1468 1146
1470 1145
1472 1147
1474 1146
1476 1145
1478 1146
1480 1183
1482 1147
1484 1145
1486 1256
1488 1146
1490 1164
1492 1146
1494 1146
1496 1146
1498 1145
1500 1146
1502 1145
1504 1146
1506 1145
1508 1146
1510 1147
1512 1164
1514 1212
1516 1177
1518 1283
1520 1145
1522 1183
1524 1146
1526 1146
1528 1240
1530 1145
1532 1145
1534 1147
1536 1183
1538 1146
1540 1147
1542 1221
1544 1147
1546 1146
1548 1147
1550 1147
1552 1145
1554 1150
1556 1148
1558 1148
1560 1220
1562 1580
1564 1205
1566 1275
1568 1328
1570 1180
1572 1180
1574 1207
1576 1179
1578 1176
1580 1260
1582 1147
1584 1226
1586 1146
1588 1276
1590 1430
1592 1293
1594 1223
1596 1177
1598 1177
1600 1179
1602 1176
1604 1271
1606 1179
1608 1179
1610 1177
1612 1218
1614 1258
1616 1146
1618 1308
1620 1183
1622 1146
1624 1146
1626 1182
1628 1145
1630 1147
1632 1147
1634 1162
1636 1146
1638 1147
1640 1145
1642 1145
1644 1173
1646 1145
1648 1221
1650 1183
1652 1146
1654 1145
1656 1147
1658 1145
1660 1146
1662 1146
1664 1218
1666 1146
1668 1146
1670 1219
1672 1146
1674 1146
1676 1145
1678 1149
1680 1149
1682 1149
1684 1147
1686 1147
1688 1185
1690 1147
1692 1146
1694 1147
1696 1149
1698 1148
1700 1147
1702 1148
1704 1186
1706 1147
1708 1187
1710 1146
1712 1187
1714 1252
1716 1146
1718 1147
1720 1182
1722 1146
1724 1146
1726 1146
1728 1218
1730 1146
1732 1146
1734 1145
1736 1205
1738 1146
1740 1145
1742 1146
1744 1146
1746 1201
1748 1145
1750 1146
1752 1183
1754 1150
1756 1148
1758 1226
1760 1153
1762 1191
1764 1369
1766 1151
1768 1152
1770 1264
1772 1181
1774 1182
1776 1182
1778 1181
1780 1172
1782 1152
1784 1153
1786 1154
1788 1217
1790 1152
1792 1151
1794 1663
1796 1186
1798 1220
1800 1314
1802 1185
1804 1184
1806 1183
1808 1183
1810 1182
1812 1182
1814 1188
1816 1247
1818 1224
1820 1151
1822 1154
1824 1270
1826 1186
1828 1185
1830 1218
1832 1183
1834 1185
1836 1274
1838 1151
1840 1151
1842 1211
1844 1228
1846 1151
1848 1281
1850 1154
1852 1174
1854 1260
1856 1182
1858 1213
1860 1182
1862 1185
1864 1184
1866 1186
1868 1184
1870 1181
1872 1181
1874 1182
1876 1151
1878 1151
1880 1151
1882 1151
1884 1151
1886 1150
1888 1233
1890 1208
1892 1152
1894 1229
1896 1151
1898 1151
1900 1153
1902 1152
1904 1222
1906 1152
1908 1151
1910 1227
1912 1150
1914 1151
1916 1150
1918 1152
1920 1152
1922 1152
1924 1152
1926 1152
1928 1152
1930 1152
1932 1189
1934 1152
1936 1208
1938 1151
1940 1225
1942 1262
1944 1189
1946 1157
1948 1192
1950 1154
1952 1153
1954 1153
1956 1255
1958 1154
1960 1153
1962 1156
1964 1152
1966 1223
1968 1230
1970 1152
1972 1151
1974 1151
1976 1151
1978 1151
1980 1152
1982 1152
1984 1187
1986 1226
1988 1151
1990 1151
1992 1258
1994 1150
1996 1229
1998 1211
2000 2332
