2 273
4 233
6 233
8 205
10 217
12 192
14 193
16 170
18 169
20 170
22 170
24 145
26 144
28 144
30 144
32 125
34 125
36 125
38 126
40 117
42 97
44 97
46 96
48 96
50 96
52 97
54 96
56 96
58 97
60 97
62 90
64 82
66 81
68 68
70 68
72 68
74 68
76 69
78 68
80 68
82 68
84 68
86 68
88 68
90 68
92 68
94 69
96 68
98 68
100 68
102 60
104 60
106 61
108 60
110 60
112 61
114 61
116 60
118 60
120 60
122 60
124 60
126 49
128 49
130 50
132 50
134 49
136 49
138 50
140 50
142 49
144 50
146 50
148 62
150 46
152 46
154 46
156 46
158 45
160 45
162 46
164 67
166 44
168 44
170 44
172 44
174 44
176 44
178 44
180 44
182 45
184 46
186 46
188 45
190 46
192 46
194 46
196 45
198 47
200 46
202 48
204 49
206 78
208 54
210 56
212 56
214 47
216 55
218 47
220 47
222 47
224 48
226 47
228 47
230 48
232 48
234 48
236 57
238 47
240 47
242 47
244 47
246 48
248 55
250 37
252 40
254 37
256 37
258 37
260 37
262 37
264 37
266 36
268 37
270 37
272 37
274 37
276 37
278 37
280 37
282 37
284 37
286 37
288 37
290 36
292 37
294 37
296 36
298 36
300 36
302 37
304 37
306 37
308 36
310 36
312 37
314 36
316 35
318 35
320 36
322 36
324 36
326 36
328 37
330 36
332 36
334 36
336 36
338 36
340 36
342 36
344 36
346 36
348 36
350 35
352 35
354 35
356 35
358 34
360 36
362 35
364 36
366 36
368 36
370 35
372 35
374 54
376 35
378 35
380 35
382 35
384 35
386 35
388 35
390 34
392 35
394 35
396 35
398 35
400 35
402 35
404 35
406 35
408 34
410 56
412 35
414 35
416 35
418 34
420 35
422 35
424 35
426 36
428 35
430 35
432 35
434 35
436 35
438 35
440 35
442 35
444 35
446 35
448 35
450 35
452 35
454 35
456 36
458 36
460 36
462 35
464 35
466 35
468 35
470 35
472 51
474 35
476 35
478 35
480 34
482 34
484 35
486 35
488 34
490 35
492 35
494 35
496 35
498 35
500 25
502 25
504 25
506 25
508 26
510 26
512 25
514 25
516 25
518 26
520 26
522 25
524 25
526 25
528 25
530 25
532 25
534 25
536 25
538 25
540 25
542 25
544 25
546 25
548 25
550 25
552 25
554 27
556 26
558 26
560 25
562 25
564 25
566 26
568 25
570 25
572 25
574 25
576 25
578 25
580 25
582 25
584 25
586 25
588 25
590 25
592 26
594 42
596 25
598 25
600 25
602 25
604 25
606 25
608 25
610 25
612 25
614 25
616 26
618 25
620 25
622 25
624 25
626 26
628 25
630 25
632 25
634 25
636 25
638 25
640 25
642 25
644 25
646 25
648 26
650 34
652 25
654 25
656 26
658 26
660 26
662 26
664 26
666 26
668 26
670 26
672 26
674 26
676 26
678 25
680 26
682 25
684 25
686 25
688 25
690 25
692 25
694 25
696 25
698 25
700 25
702 25
704 25
706 25
708 25
710 25
712 25
714 25
716 25
718 25
720 25
722 25
724 25
726 25
728 25
730 26
732 25
734 25
736 25
738 25
740 25
742 25
744 25
746 25
748 25
750 25
752 25
754 25
756 25
758 60
760 25
762 25
764 26
766 26
768 26
770 26
772 26
774 26
776 26
778 26
780 26
782 26
784 26
786 25
788 25
790 25
792 25
794 25
796 25
798 25
800 25
802 25
804 25
806 25
808 25
810 25
812 25
814 25
816 25
818 27
820 25
822 25
824 25
826 25
828 25
830 25
832 25
834 25
836 25
838 25
840 45
842 25
844 25
846 25
848 25
850 25
852 25
854 25
856 25
858 25
860 25
862 25
864 25
866 25
868 25
870 94
872 25
874 25
876 25
878 25
880 26
882 26
884 26
886 26
888 26
890 26
892 26
894 26
896 26
898 26
900 26
902 26
904 26
906 26
908 26
910 26
912 26
914 26
916 26
918 26
920 26
922 26
924 26
926 26
928 26
930 26
932 26
934 26
936 26
938 26
940 49
942 26
944 26
946 26
948 25
950 26
952 25
954 25
956 25
958 25
960 25
962 25
964 25
966 25
968 25
970 25
972 25
974 26
976 25
978 25
980 25
982 25
984 25
986 25
988 25
990 25
992 25
994 25
996 25
998 25
1000 16
1002 16
1004 16
1006 16
1008 16
1010 16
1012 16
1014 16
1016 16
1018 16
1020 16
1022 16
1024 16
1026 16
1028 16
1030 16
1032 16
1034 16
1036 16
1038 16
1040 16
1042 16
1044 16
1046 24
1048 16
1050 16
1052 16
1054 16
1056 16
1058 16
1060 16
1062 16
1064 16
1066 16
1068 16
1070 16
1072 16
1074 16
1076 16
1078 16
1080 16
1082 16
1084 16
1086 16
1088 16
1090 16
1092 16
1094 36
1096 16
1098 16
1100 16
1102 16
1104 16
1106 16
1108 16
1110 16
1112 16
1114 16
1116 16
1118 16
1120 16
1122 16
1124 16
1126 16
1128 31
1130 16
1132 16
1134 16
1136 16
1138 16
1140 16
1142 16
1144 16
1146 16
1148 16
1150 16
1152 16
1154 16
1156 16
1158 16
1160 16
1162 16
1164 16
1166 16
1168 16
1170 16
1172 16
1174 16
1176 17
1178 16
1180 16
1182 15
1184 16
1186 16
1188 16
1190 16
1192 16
1194 16
1196 16
1198 19
1200 17
1202 17
1204 17
1206 17
1208 17
1210 17
1212 17
1214 17
1216 17
1218 17
1220 16
1222 16
1224 16
1226 16
1228 16
1230 16
1232 16
1234 16
1236 16
1238 16
1240 16
1242 17
1244 16
1246 16
1248 17
1250 17
1252 17
1254 16
1256 16
1258 16
1260 16
1262 32
1264 16
1266 16
1268 16
1270 16
1272 16
1274 16
1276 16
1278 16
1280 16
1282 16
1284 16
1286 16
1288 16
1290 16
1292 16
1294 16
1296 16
1298 16
1300 16
1302 16
1304 16
1306 16
1308 16
1310 16
1312 33
1314 16
1316 17
1318 17
1320 17
1322 16
1324 16
1326 16
1328 16
1330 16
1332 16
1334 16
1336 16
1338 17
1340 17
1342 17
1344 16
1346 16
1348 16
1350 16
1352 16
1354 16
1356 16
1358 16
1360 16
1362 16
1364 16
1366 16
1368 16
1370 16
1372 16
1374 16
1376 16
1378 16
1380 16
1382 16
1384 16
1386 16
1388 16
1390 17
1392 16
1394 16
1396 17
1398 16
1400 16
1402 16
1404 16
1406 16
1408 16
1410 33
1412 16
1414 16
1416 16
1418 16
1420 16
1422 16
1424 16
1426 16
1428 16
1430 16
1432 16
1434 16
1436 16
1438 16
1440 16
1442 16
1444 16
1446 16
1448 16
1450 16
1452 35
1454 16
1456 16
1458 16
1460 16
1462 16
1464 16
1466 16
1468 16
1470 16
1472 16
1474 16
1476 16
1478 16
1480 16
1482 16
1484 16
1486 16
1488 16
1490 16
1492 16
1494 16
1496 16
1498 16
1500 16
1502 16
1504 16
1506 16
1508 16
1510 16
1512 16
1514 16
1516 16
1518 16
1520 16
1522 16
1524 16
1526 16
1528 16
1530 16
1532 16
1534 16
1536 16
1538 16
1540 16
1542 16
1544 17
1546 17
1548 17
1550 17
1552 17
1554 16
1556 16
1558 16
1560 16
1562 16
1564 16
1566 16
1568 16
1570 16
1572 16
1574 16
1576 16
1578 16
1580 16
1582 16
1584 16
1586 16
1588 16
1590 16
1592 16
1594 35
1596 16
1598 16
1600 16
1602 16
1604 16
1606 16
1608 16
1610 16
1612 16
1614 16
1616 16
1618 16
1620 16
1622 16
1624 16
1626 16
1628 16
1630 16
1632 16
1634 16
1636 16
1638 16
1640 16
1642 16
1644 16
1646 16
1648 16
1650 16
1652 16
1654 16
1656 16
1658 16
1660 16
1662 16
1664 16
1666 16
1668 16
1670 35
1672 16
1674 16
1676 16
1678 35
1680 16
1682 16
1684 16
1686 16
1688 16
1690 16
1692 16
1694 16
1696 16
1698 16
1700 16
1702 16
1704 16
1706 16
1708 16
1710 16
1712 16
1714 16
1716 16
1718 16
1720 16
1722 16
1724 16
1726 16
1728 16
1730 16
1732 16
1734 16
1736 16
1738 16
1740 16
1742 16
1744 16
1746 16
1748 16
1750 16
1752 16
1754 16
1756 16
1758 16
1760 36
1762 16
1764 16
1766 16
1768 16
1770 16
1772 17
1774 17
1776 16
1778 16
1780 16
1782 17
1784 16
1786 17
1788 16
1790 16
1792 16
1794 16
1796 16
1798 16
1800 16
1802 16
1804 16
1806 16
1808 16
1810 16
1812 16
1814 16
1816 16
1818 16
1820 16
1822 16
1824 16
1826 16
1828 16
1830 17
1832 16
1834 16
1836 16
1838 16
1840 16
1842 16
1844 16
1846 16
1848 16
1850 16
1852 16
1854 16
1856 16
1858 16
1860 16
1862 16
1864 16
1866 16
1868 16
1870 16
1872 16
1874 16
1876 16
1878 16
1880 16
1882 16
1884 16
1886 16
1888 16
1890 16
1892 16
1894 16
1896 16
1898 16
1900 16
1902 16
1904 16
1906 16
1908 15
1910 16
1912 16
1914 16
1916 16
1918 17
1920 16
1922 16
1924 16
1926 16
1928 16
1930 16
1932 16
1934 16
1936 16
1938 16
1940 16
1942 17
1944 16
1946 16
1948 16
1950 16
1952 16
1954 16
1956 16
1958 16
1960 16
1962 16
1964 16
1966 17
1968 16
1970 16
1972 16
1974 16
1976 16
1978 16
1980 16
1982 16
1984 17
1986 16
1988 16
1990 16
1992 16
1994 16
1996 16
1998 16
2000 6
