2 129
4 116
6 115
8 113
10 112
12 112
14 112
16 122
18 122
20 122
22 122
24 121
26 121
28 121
30 122
32 154
34 154
36 153
38 154
40 154
42 158
44 155
46 154
48 154
50 154
52 152
54 154
56 153
58 154
60 153
62 188
64 216
66 206
68 206
70 206
72 206
74 242
76 207
78 206
80 207
82 206
84 206
86 206
88 206
90 206
92 206
94 206
96 206
98 206
100 206
102 206
104 206
106 206
108 206
110 206
112 206
114 206
116 206
118 206
120 206
122 206
124 206
126 395
128 338
130 337
132 337
134 385
136 338
138 337
140 337
142 337
144 338
146 376
148 337
150 337
152 338
154 337
156 340
158 337
160 337
162 338
164 338
166 337
168 337
170 337
172 337
174 451
176 506
178 328
180 365
182 328
184 328
186 331
188 477
190 329
192 329
194 329
196 329
198 329
200 329
202 329
204 329
206 329
208 329
210 431
212 338
214 371
216 348
218 348
220 347
222 347
224 347
226 348
228 349
230 347
232 351
234 347
236 348
238 355
240 367
242 352
244 354
246 348
248 396
250 626
252 626
254 627
256 627
258 628
260 665
262 635
264 632
266 626
268 628
270 624
272 627
274 682
276 633
278 654
280 631
282 626
284 626
286 625
288 628
290 670
292 634
294 630
296 633
298 632
300 629
302 635
304 629
306 632
308 625
310 625
312 626
314 625
316 625
318 624
320 625
322 625
324 625
326 625
328 625
330 624
332 627
334 624
336 625
338 609
340 609
342 609
344 609
346 609
348 610
350 609
352 609
354 609
356 609
358 609
360 609
362 609
364 609
366 609
368 646
370 661
372 609
374 609
376 657
378 593
380 592
382 593
384 632
386 593
388 592
390 593
392 593
394 592
396 592
398 593
400 593
402 593
404 592
406 667
408 593
410 593
412 593
414 593
416 593
418 593
420 593
422 593
424 593
426 593
428 630
430 594
432 591
434 594
436 594
438 594
440 607
442 653
444 609
446 609
448 674
450 594
452 593
454 593
456 594
458 633
460 591
462 593
464 593
466 593
468 699
470 593
472 593
474 593
476 594
478 593
480 593
482 593
484 593
486 593
488 595
490 630
492 631
494 593
496 593
498 593
500 1131
502 1202
504 1164
506 1203
508 1131
510 1168
512 1133
514 1134
516 1133
518 1205
520 1131
522 1167
524 1147
526 1132
528 1131
530 1208
532 1132
534 1131
536 1133
538 1229
540 1131
542 1194
544 1158
546 1174
548 1132
550 1131
552 1131
554 1168
556 1192
558 1204
560 1131
562 1171
564 1131
566 1202
568 1130
570 1132
572 1368
574 1455
576 1230
578 1162
580 1161
582 1134
584 1131
586 1191
588 1202
590 1130
592 1132
594 1131
596 1131
598 1131
600 1240
602 1131
604 1132
606 1133
608 1133
610 1128
612 1166
614 1132
616 1210
618 1199
620 1161
622 1133
624 1243
626 1151
628 1161
630 1161
632 1161
634 1161
636 1177
638 1131
640 1132
642 1211
644 1168
646 1131
648 1177
650 1163
652 1132
654 1131
656 1131
658 1133
660 1162
662 1131
664 1131
666 1132
668 1131
670 1132
672 1476
674 1245
676 1133
678 1132
680 1165
682 1207
684 1195
686 1189
688 1291
690 1162
692 1247
694 1198
696 1161
698 1161
700 1161
702 1131
704 1163
706 1205
708 1262
710 1131
712 1131
714 1212
716 1132
718 1244
720 1131
722 1131
724 1131
726 1132
728 1208
730 1171
732 1169
734 1131
736 1132
738 1169
740 1132
742 1242
744 1131
746 1131
748 1131
750 1131
752 1133
754 1203
756 1132
758 1131
760 1167
762 1132
764 1131
766 1172
768 1132
770 1132
772 1132
774 1132
776 1169
778 1167
780 1131
782 1131
784 1132
786 1131
788 1131
790 1167
792 1207
794 1149
796 1132
798 1132
800 1132
802 1220
804 1131
806 1132
808 1131
810 1131
812 1131
814 1204
816 1131
818 1131
820 1205
822 1168
824 1131
826 1167
828 1132
830 1131
832 1168
834 1209
836 1163
838 1199
840 1159
842 1164
844 1163
846 1162
848 1203
850 1197
852 1161
854 1161
856 1199
858 1199
860 1162
862 1232
864 1163
866 1196
868 1160
870 1201
872 1161
874 1318
876 1160
878 1233
880 1162
882 1267
884 1199
886 1275
888 1160
890 1160
892 1164
894 1160
896 1160
898 1201
900 1161
902 1163
904 1161
906 1173
908 1151
910 1133
912 1177
914 1131
916 1131
918 1131
920 1131
922 1131
924 1133
926 1131
928 1131
930 1131
932 1133
934 1133
936 1133
938 1133
940 1133
942 1132
944 1169
946 1171
948 1132
950 1132
952 1244
954 1204
956 1168
958 1131
960 1131
962 1131
964 1168
966 1169
968 1132
970 1204
972 1131
974 1131
976 1131
978 1229
980 1132
982 1237
984 1162
986 1162
988 1162
990 1197
992 1162
994 1150
996 1132
998 1169
1000 2217
1002 2329
1004 2250
1006 2254
1008 2233
1010 2216
1012 2218
1014 2253
1016 2328
1018 2220
1020 2255
1022 2218
1024 2236
1026 2293
1028 2218
1030 2217
1032 2290
1034 2219
1036 2218
1038 2291
1040 2216
1042 2215
1044 2270
1046 2293
1048 2217
1050 2251
1052 2216
1054 2250
1056 2252
1058 2218
1060 2217
1062 2219
1064 2272
1066 2217
1068 2216
1070 2329
1072 2219
1074 2219
1076 2377
1078 2216
1080 2216
1082 2218
1084 2217
1086 2214
1088 2216
1090 2216
1092 2215
1094 2253
1096 2217
1098 2213
1100 2252
1102 2252
1104 2217
1106 2216
1108 2291
1110 2218
1112 2212
1114 2289
1116 2500
1118 2456
1120 2279
1122 2430
1124 2371
1126 2277
1128 2275
1130 2247
1132 2272
1134 2216
1136 2292
1138 2254
1140 2217
1142 2213
1144 2218
1146 2251
1148 2254
1150 2297
1152 2216
1154 2251
1156 2215
1158 2287
1160 2217
1162 2336
1164 2274
1166 2212
1168 2216
1170 2250
1172 2216
1174 2218
1176 2217
1178 2291
1180 2219
1182 2254
1184 2217
1186 2217
1188 2249
1190 2215
1192 2286
1194 2217
1196 2253
1198 2213
1200 2334
1202 2339
1204 2212
1206 2328
1208 2292
1210 2216
1212 2286
1214 2236
1216 2218
1218 2212
1220 2273
1222 2217
1224 2217
1226 2401
1228 2250
1230 2413
1232 2290
1234 2216
1236 2289
1238 2216
1240 2325
1242 2219
1244 2296
1246 2254
1248 2217
1250 2276
1252 2411
1254 2298
1256 2334
1258 2331
1260 2215
1262 2254
1264 2259
1266 2268
1268 2283
1270 2216
1272 2216
1274 2218
1276 2217
1278 2289
1280 2217
1282 2253
1284 2217
1286 2367
1288 2218
1290 2308
1292 2220
1294 2219
1296 2326
1298 2290
1300 2216
1302 2253
1304 2220
1306 2256
1308 2219
1310 2216
1312 2215
1314 2216
1316 2219
1318 2218
1320 2218
1322 2255
1324 2217
1326 2252
1328 2364
1330 2250
1332 2216
1334 2288
1336 2216
1338 2218
1340 2216
1342 2216
1344 2215
1346 2213
1348 2391
1350 2369
1352 2312
1354 2305
1356 2337
1358 2337
1360 2321
1362 2276
1364 2275
1366 2243
1368 2219
1370 2219
1372 2236
1374 2377
1376 2252
1378 2253
1380 2291
1382 2218
1384 2311
1386 2219
1388 2284
1390 2253
1392 2216
1394 2218
1396 2294
1398 2290
1400 2255
1402 2215
1404 2293
1406 2216
1408 2733
1410 2474
1412 2357
1414 2307
1416 2274
1418 2305
1420 2434
1422 2281
1424 2216
1426 2296
1428 2216
1430 2254
1432 2354
1434 2216
1436 2250
1438 2291
1440 2291
1442 2215
1444 2321
1446 2252
1448 2217
1450 2283
1452 2217
1454 2214
1456 2252
1458 2287
1460 2216
1462 2254
1464 2213
1466 2255
1468 2298
1470 2291
1472 2218
1474 2214
1476 2214
1478 2216
1480 2217
1482 2253
1484 2217
1486 2214
1488 2253
1490 2216
1492 2215
1494 2254
1496 2218
1498 2253
1500 2284
1502 2256
1504 2254
1506 2216
1508 2217
1510 2216
1512 2216
1514 2290
1516 2217
1518 2251
1520 2296
1522 2219
1524 2335
1526 2288
1528 2385
1530 2221
1532 2255
1534 2217
1536 2218
1538 2291
1540 2213
1542 2327
1544 2216
1546 2253
1548 2219
1550 2216
1552 2332
1554 2217
1556 2216
1558 2217
1560 2253
1562 2216
1564 2217
1566 2213
1568 2213
1570 2290
1572 2237
1574 2216
1576 2273
1578 2216
1580 2441
1582 2291
1584 2212
1586 2290
1588 2254
1590 2213
1592 2254
1594 2218
1596 2218
1598 2219
1600 2399
1602 2213
1604 2215
1606 2294
1608 2250
1610 2290
1612 2274
1614 2291
1616 2216
1618 2216
1620 2253
1622 2216
1624 2288
1626 2232
1628 2497
1630 2354
1632 2277
1634 2280
1636 2266
1638 2298
1640 2217
1642 2216
1644 2232
1646 2214
1648 2216
1650 2216
1652 2366
1654 2219
1656 2214
1658 2251
1660 2216
1662 2215
1664 2464
1666 2216
1668 2284
1670 2217
1672 2252
1674 2254
1676 2216
1678 2298
1680 2365
1682 2237
1684 2290
1686 2292
1688 2219
1690 2330
1692 2216
1694 2212
1696 2310
1698 2738
1700 2361
1702 2363
1704 2291
1706 2276
1708 2377
1710 2438
1712 2275
1714 2351
1716 2281
1718 2323
1720 2332
1722 2215
1724 2219
1726 2386
1728 2213
1730 2213
1732 2253
1734 2217
1736 2217
1738 2216
1740 2217
1742 2214
1744 2215
1746 2253
1748 2303
1750 2253
1752 2344
1754 2216
1756 2440
1758 2312
1760 2275
1762 2292
1764 2308
1766 2216
1768 2217
1770 2250
1772 2213
1774 2213
1776 2309
1778 2213
1780 2219
1782 2288
1784 2215
1786 2252
1788 2217
1790 2294
1792 2216
1794 2212
1796 2251
1798 2216
1800 2252
1802 2297
1804 2213
1806 2294
1808 2352
1810 2250
1812 2216
1814 2318
1816 2253
1818 2213
1820 2212
1822 2297
1824 2250
1826 2214
1828 2588
1830 2213
1832 2216
1834 2254
1836 2217
1838 2217
1840 2292
1842 2217
1844 2252
1846 2287
1848 2218
1850 2213
1852 2214
1854 2216
1856 2216
1858 2216
1860 2216
1862 2212
1864 2253
1866 2324
1868 2485
1870 2212
1872 2301
1874 2327
1876 2214
1878 2292
1880 2216
1882 2215
1884 2290
1886 2213
1888 2219
1890 2326
1892 2217
1894 2218
1896 2249
1898 2252
1900 2214
1902 2253
1904 2216
1906 2218
1908 2214
1910 2290
1912 2300
1914 2213
1916 2290
1918 2217
1920 2213
1922 2252
1924 2409
1926 2311
1928 2409
1930 2324
1932 2276
1934 2391
1936 2460
1938 2347
1940 2274
1942 2378
1944 2275
1946 2274
1948 2274
1950 2276
1952 2418
1954 2252
1956 2290
1958 2218
1960 2216
1962 2215
1964 2289
1966 2335
1968 2219
1970 2295
1972 2290
1974 2217
1976 2218
1978 2291
1980 2216
1982 2216
1984 2467
1986 2216
1988 2674
1990 2371
1992 2391
1994 2315
1996 2329
1998 2272
2000 4516
