2 328
4 303
6 294
8 279
10 275
12 273
14 276
16 263
18 261
20 258
22 257
24 258
26 277
28 220
30 219
32 216
34 214
36 215
38 215
40 211
42 211
44 211
46 213
48 213
50 211
52 211
54 211
56 210
58 212
60 211
62 221
64 233
66 208
68 206
70 205
72 205
74 204
76 206
78 203
80 204
82 203
84 206
86 204
88 203
90 204
92 204
94 204
96 203
98 204
100 204
102 204
104 203
106 204
108 203
110 203
112 204
114 204
116 203
118 203
120 219
122 182
124 182
126 234
128 234
130 234
132 233
134 269
136 232
138 233
140 233
142 233
144 232
146 233
148 233
150 232
152 378
154 233
156 232
158 232
160 233
162 234
164 233
166 233
168 270
170 233
172 233
174 232
176 232
178 232
180 232
182 233
184 233
186 232
188 294
190 233
192 233
194 233
196 233
198 233
200 233
202 250
204 233
206 233
208 233
210 233
212 233
214 233
216 233
218 232
220 232
222 233
224 233
226 232
228 233
230 234
232 233
234 232
236 233
238 239
240 239
242 239
244 240
246 238
248 239
250 360
252 359
254 359
256 360
258 358
260 359
262 349
264 350
266 423
268 349
270 430
272 350
274 349
276 349
278 349
280 349
282 408
284 349
286 349
288 351
290 349
292 349
294 349
296 349
298 349
300 349
302 349
304 423
306 349
308 348
310 349
312 349
314 350
316 349
318 349
320 349
322 349
324 349
326 348
328 349
330 349
332 349
334 349
336 349
338 349
340 349
342 349
344 350
346 386
348 349
350 349
352 349
354 349
356 349
358 349
360 409
362 415
364 359
366 359
368 359
370 358
372 358
374 369
376 360
378 359
380 358
382 358
384 359
386 359
388 395
390 360
392 358
394 441
396 360
398 359
400 360
402 358
404 358
406 359
408 358
410 358
412 359
414 358
416 358
418 359
420 358
422 359
424 359
426 359
428 378
430 359
432 377
434 359
436 358
438 359
440 415
442 359
444 358
446 359
448 359
450 360
452 368
454 477
456 420
458 376
460 373
462 465
464 393
466 371
468 370
470 369
472 370
474 389
476 374
478 401
480 452
482 434
484 374
486 371
488 370
490 382
492 377
494 381
496 370
498 369
500 631
502 629
504 630
506 673
508 629
510 630
512 628
514 628
516 643
518 629
520 630
522 626
524 629
526 627
528 628
530 683
532 628
534 628
536 628
538 628
540 628
542 670
544 634
546 632
548 629
550 630
552 628
554 630
556 629
558 628
560 629
562 627
564 628
566 642
568 627
570 628
572 627
574 631
576 613
578 611
580 611
582 612
584 660
586 595
588 595
590 596
592 595
594 596
596 735
598 611
600 610
602 611
604 596
606 596
608 596
610 596
612 595
614 595
616 595
618 595
620 673
622 596
624 595
626 595
628 595
630 596
632 596
634 595
636 595
638 611
640 610
642 633
644 595
646 595
648 595
650 595
652 594
654 596
656 595
658 595
660 595
662 595
664 681
666 746
668 595
670 631
672 595
674 595
676 611
678 648
680 611
682 617
684 595
686 629
688 611
690 612
692 611
694 594
696 617
698 595
700 595
702 595
704 595
706 595
708 612
710 595
712 595
714 595
716 595
718 596
720 631
722 595
724 596
726 660
728 611
730 611
732 649
734 595
736 596
738 632
740 597
742 596
744 632
746 670
748 595
750 595
752 595
754 595
756 632
758 596
760 631
762 596
764 595
766 595
768 639
770 612
772 611
774 597
776 597
778 596
780 632
782 595
784 595
786 598
788 597
790 596
792 596
794 595
796 651
798 596
800 595
802 595
804 595
806 595
808 701
810 611
812 595
814 596
816 596
818 595
820 596
822 595
824 596
826 596
828 595
830 596
832 595
834 597
836 596
838 596
840 595
842 595
844 595
846 596
848 610
850 612
852 595
854 595
856 634
858 595
860 595
862 595
864 594
866 595
868 595
870 595
872 596
874 595
876 595
878 617
880 595
882 595
884 595
886 700
888 595
890 596
892 595
894 595
896 595
898 595
900 597
902 595
904 595
906 594
908 594
910 595
912 595
914 595
916 595
918 595
920 633
922 632
924 595
926 596
928 596
930 596
932 595
934 595
936 595
938 596
940 632
942 595
944 597
946 596
948 596
950 595
952 595
954 595
956 595
958 595
960 615
962 611
964 611
966 612
968 611
970 611
972 646
974 623
976 660
978 1033
980 880
982 647
984 622
986 622
988 660
990 622
992 622
994 621
996 621
998 622
1000 1405
1002 1168
1004 1135
1006 1250
1008 1250
1010 1139
1012 1175
1014 1190
1016 1342
1018 1271
1020 1161
1022 1172
1024 1171
1026 1309
1028 1251
1030 1287
1032 1176
1034 1177
1036 1173
1038 1173
1040 1176
1042 1177
1044 1139
1046 1139
1048 1284
1050 1112
1052 1110
1054 1112
1056 1139
1058 1110
1060 1111
1062 1110
1064 1110
1066 1283
1068 1112
1070 1110
1072 1161
1074 1111
1076 1112
1078 1141
1080 1140
1082 1141
1084 1111
1086 1111
1088 1109
1090 1109
1092 1152
1094 1109
1096 1113
1098 1112
1100 1148
1102 1111
1104 1112
1106 1111
1108 1111
1110 1110
1112 1111
1114 1109
1116 1109
1118 1197
1120 1109
1122 1110
1124 1147
1126 1109
1128 1224
1130 1110
1132 1109
1134 1109
1136 1108
1138 1108
1140 1108
1142 1108
1144 1145
1146 1109
1148 1109
1150 1109
1152 1110
1154 1109
1156 1183
1158 1109
1160 1109
1162 1184
1164 1109
1166 1110
1168 1108
1170 1144
1172 1108
1174 1108
1176 1128
1178 1110
1180 1110
1182 1111
1184 1109
1186 1108
1188 1183
1190 1109
1192 1109
1194 1148
1196 1108
1198 1108
1200 1146
1202 1146
1204 1184
1206 1227
1208 1129
1210 1145
1212 1109
1214 1109
1216 1108
1218 1184
1220 1110
1222 1218
1224 1182
1226 1109
1228 1109
1230 1109
1232 1109
1234 1262
1236 1109
1238 1108
1240 1107
1242 1111
1244 1110
1246 1110
1248 1182
1250 1108
1252 1109
1254 1260
1256 1109
1258 1110
1260 1109
1262 1110
1264 1189
1266 1145
1268 1110
1270 1110
1272 1146
1274 1150
1276 1110
1278 1154
1280 1109
1282 1183
1284 1109
1286 1109
1288 1183
1290 1108
1292 1108
1294 1107
1296 1218
1298 1108
1300 1108
1302 1109
1304 1399
1306 1281
1308 1158
1310 1210
1312 1140
1314 1139
1316 1213
1318 1145
1320 1142
1322 1186
1324 1110
1326 1110
1328 1110
1330 1110
1332 1110
1334 1362
1336 1140
1338 1137
1340 1137
1342 1137
1344 1171
1346 1137
1348 1138
1350 1140
1352 1139
1354 1138
1356 1115
1358 1113
1360 1112
1362 1110
1364 1109
1366 1111
1368 1191
1370 1111
1372 1147
1374 1108
1376 1108
1378 1191
1380 1108
1382 1109
1384 1110
1386 1109
1388 1109
1390 1108
1392 1109
1394 1109
1396 1108
1398 1108
1400 1108
1402 1109
1404 1219
1406 1110
1408 1110
1410 1130
1412 1110
1414 1108
1416 1185
1418 1109
1420 1110
1422 1110
1424 1110
1426 1184
1428 1309
1430 1108
1432 1108
1434 1108
1436 1107
1438 1108
1440 1108
1442 1146
1444 1145
1446 1107
1448 1304
1450 1110
1452 1108
1454 1139
1456 1138
1458 1138
1460 1107
1462 1110
1464 1110
1466 1110
1468 1146
1470 1145
1472 1108
1474 1145
1476 1108
1478 1108
1480 1220
1482 1108
1484 1108
1486 1110
1488 1144
1490 1107
1492 1107
1494 1107
1496 1108
1498 1108
1500 1108
1502 1107
1504 1108
1506 1220
1508 1108
1510 1108
1512 1306
1514 1205
1516 1109
1518 1111
1520 1109
1522 1250
1524 1110
1526 1110
1528 1110
1530 1109
1532 1108
1534 1108
1536 1108
1538 1108
1540 1109
1542 1109
1544 1183
1546 1108
1548 1109
1550 1108
1552 1144
1554 1108
1556 1109
1558 1110
1560 1148
1562 1145
1564 1344
1566 1177
1568 1175
1570 1337
1572 1177
1574 1175
1576 1295
1578 1143
1580 1180
1582 1147
1584 1146
1586 1144
1588 1181
1590 1218
1592 1144
1594 1163
1596 1247
1598 1173
1600 1197
1602 1206
1604 1175
1606 1176
1608 1174
1610 1174
1612 1173
1614 1179
1616 1145
1618 1273
1620 1144
1622 1145
1624 1145
1626 1221
1628 1144
1630 1142
1632 1143
1634 1143
1636 1144
1638 1144
1640 1144
1642 1142
1644 1211
1646 1144
1648 1145
1650 1180
1652 1143
1654 1144
1656 1297
1658 1143
1660 1144
1662 1143
1664 1312
1666 1144
1668 1144
1670 1144
1672 1142
1674 1144
1676 1161
1678 1143
1680 1160
1682 1144
1684 1144
1686 1183
1688 1179
1690 1142
1692 1142
1694 1254
1696 1180
1698 1142
1700 1144
1702 1143
1704 1217
1706 1218
1708 1143
1710 1142
1712 1144
1714 1144
1716 1144
1718 1142
1720 1142
1722 1142
1724 1463
1726 1175
1728 1174
1730 1174
1732 1174
1734 1173
1736 1162
1738 1180
1740 1144
1742 1143
1744 1181
1746 1146
1748 1181
1750 1164
1752 1144
1754 1143
1756 1143
1758 1142
1760 1143
1762 1142
1764 1142
1766 1142
1768 1179
1770 1144
1772 1180
1774 1144
1776 1255
1778 1144
1780 1217
1782 1244
1784 1142
1786 1142
1788 1142
1790 1143
1792 1143
1794 1141
1796 1144
1798 1145
1800 1144
1802 1143
1804 1255
1806 1143
1808 1143
1810 1143
1812 1179
1814 1142
1816 1142
1818 1254
1820 1144
1822 1143
1824 1143
1826 1201
1828 1143
1830 1143
1832 1255
1834 1143
1836 1142
1838 1528
1840 1229
1842 1145
1844 1249
1846 1173
1848 1143
1850 1143
1852 1144
1854 1143
1856 1143
1858 1143
1860 1143
1862 1146
1864 1146
1866 1144
1868 1144
1870 1144
1872 1145
1874 1144
1876 1180
1878 1143
1880 1144
1882 1143
1884 1281
1886 1173
1888 1174
1890 1243
1892 1204
1894 1173
1896 1181
1898 1143
1900 1144
1902 1181
1904 1177
1906 1175
1908 1144
1910 1143
1912 1282
1914 1146
1916 1146
1918 1147
1920 1143
1922 1144
1924 1145
1926 1180
1928 1143
1930 1143
1932 1320
1934 1143
1936 1143
1938 1179
1940 1142
1942 1142
1944 1308
1946 1143
1948 1143
1950 1142
1952 1142
1954 1144
1956 1143
1958 1263
1960 1143
1962 1142
1964 1144
1966 1143
1968 1143
1970 1144
1972 1143
1974 1142
1976 1179
1978 1144
1980 1143
1982 1200
1984 1175
1986 1175
1988 1143
1990 1143
1992 1143
1994 1219
1996 1143
1998 1143
2000 2316
