2 240
4 249
6 247
8 233
10 233
12 230
14 230
16 219
18 219
20 214
22 215
24 215
26 214
28 214
30 259
32 192
34 191
36 189
38 188
40 186
42 187
44 186
46 186
48 186
50 186
52 186
54 186
56 186
58 186
60 186
62 198
64 208
66 208
68 207
70 207
72 209
74 206
76 207
78 206
80 206
82 206
84 206
86 206
88 206
90 189
92 190
94 189
96 189
98 189
100 189
102 189
104 189
106 190
108 225
110 189
112 189
114 189
116 190
118 190
120 188
122 190
124 189
126 244
128 244
130 260
132 243
134 243
136 243
138 243
140 243
142 243
144 245
146 242
148 244
150 244
152 244
154 243
156 244
158 244
160 245
162 245
164 243
166 265
168 245
170 237
172 236
174 240
176 237
178 238
180 334
182 239
184 237
186 238
188 238
190 238
192 384
194 238
196 238
198 236
200 236
202 238
204 285
206 269
208 325
210 301
212 328
214 264
216 279
218 258
220 256
222 251
224 253
226 252
228 251
230 250
232 250
234 250
236 279
238 253
240 253
242 251
244 251
246 265
248 252
250 378
252 378
254 393
256 417
258 381
260 384
262 378
264 378
266 405
268 379
270 378
272 377
274 377
276 377
278 440
280 377
282 378
284 380
286 378
288 377
290 388
292 366
294 367
296 368
298 367
300 471
302 367
304 365
306 366
308 366
310 357
312 357
314 357
316 357
318 394
320 357
322 359
324 357
326 357
328 394
330 357
332 357
334 357
336 358
338 356
340 357
342 355
344 367
346 367
348 358
350 357
352 356
354 358
356 357
358 357
360 357
362 355
364 357
366 357
368 357
370 357
372 357
374 357
376 357
378 357
380 358
382 358
384 426
386 357
388 357
390 357
392 501
394 358
396 359
398 357
400 356
402 357
404 435
406 497
408 450
410 406
412 366
414 367
416 442
418 355
420 358
422 367
424 366
426 367
428 366
430 367
432 367
434 367
436 367
438 367
440 367
442 384
444 457
446 366
448 367
450 403
452 367
454 367
456 367
458 366
460 393
462 355
464 357
466 357
468 414
470 357
472 357
474 358
476 358
478 397
480 357
482 355
484 357
486 355
488 355
490 403
492 365
494 377
496 357
498 366
500 624
502 607
504 607
506 607
508 609
510 608
512 607
514 606
516 606
518 607
520 606
522 606
524 638
526 607
528 608
530 626
532 662
534 645
536 607
538 607
540 684
542 607
544 607
546 607
548 607
550 609
552 692
554 638
556 607
558 605
560 605
562 608
564 686
566 609
568 608
570 607
572 697
574 606
576 645
578 608
580 607
582 608
584 609
586 607
588 668
590 608
592 606
594 606
596 606
598 606
600 644
602 608
604 607
606 682
608 608
610 607
612 665
614 607
616 609
618 607
620 682
622 609
624 644
626 608
628 607
630 608
632 685
634 607
636 725
638 607
640 607
642 607
644 607
646 606
648 680
650 607
652 608
654 608
656 607
658 608
660 645
662 606
664 607
666 607
668 606
670 606
672 692
674 607
676 608
678 607
680 607
682 609
684 644
686 608
688 608
690 608
692 608
694 680
696 607
698 607
700 607
702 607
704 609
706 607
708 607
710 608
712 607
714 644
716 607
718 606
720 607
722 607
724 607
726 607
728 607
730 607
732 608
734 606
736 606
738 606
740 607
742 606
744 681
746 608
748 608
750 608
752 608
754 608
756 719
758 608
760 610
762 608
764 608
766 607
768 665
770 608
772 607
774 607
776 606
778 607
780 643
782 706
784 608
786 608
788 607
790 607
792 626
794 607
796 607
798 607
800 608
802 608
804 645
806 606
808 606
810 606
812 606
814 606
816 643
818 606
820 606
822 606
824 606
826 607
828 651
830 639
832 622
834 670
836 624
838 623
840 623
842 643
844 623
846 623
848 623
850 624
852 622
854 623
856 623
858 625
860 622
862 623
864 806
866 607
868 607
870 608
872 607
874 609
876 607
878 647
880 624
882 623
884 707
886 625
888 624
890 624
892 662
894 624
896 622
898 622
900 622
902 607
904 607
906 607
908 606
910 606
912 606
914 605
916 606
918 606
920 607
922 608
924 608
926 607
928 608
930 608
932 608
934 608
936 608
938 607
940 699
942 608
944 607
946 607
948 607
950 607
952 607
954 659
956 607
958 607
960 607
962 607
964 607
966 713
968 607
970 606
972 607
974 607
976 607
978 646
980 608
982 644
984 607
986 608
988 667
990 708
992 668
994 608
996 607
998 624
1000 1148
1002 1176
1004 1175
1006 1149
1008 1148
1010 1118
1012 1117
1014 1154
1016 1116
1018 1228
1020 1116
1022 1116
1024 1226
1026 1405
1028 1148
1030 1148
1032 1145
1034 1149
1036 1182
1038 1117
1040 1118
1042 1246
1044 1119
1046 1157
1048 1116
1050 1163
1052 1119
1054 1203
1056 1117
1058 1116
1060 1195
1062 1116
1064 1116
1066 1180
1068 1116
1070 1115
1072 1231
1074 1116
1076 1115
1078 1117
1080 1116
1082 1116
1084 1314
1086 1114
1088 1113
1090 1139
1092 1119
1094 1117
1096 1117
1098 1154
1100 1118
1102 1117
1104 1142
1106 1204
1108 1170
1110 1171
1112 1211
1114 1171
1116 1169
1118 1139
1120 1139
1122 1138
1124 1139
1126 1139
1128 1176
1130 1137
1132 1137
1134 1137
1136 1213
1138 1138
1140 1139
1142 1179
1144 1173
1146 1136
1148 1135
1150 1137
1152 1137
1154 1138
1156 1135
1158 1297
1160 1135
1162 1136
1164 1137
1166 1135
1168 1173
1170 1137
1172 1193
1174 1247
1176 1135
1178 1135
1180 1135
1182 1138
1184 1211
1186 1137
1188 1137
1190 1217
1192 1139
1194 1137
1196 1137
1198 1137
1200 1152
1202 1196
1204 1211
1206 1199
1208 1181
1210 1141
1212 1138
1214 1205
1216 1138
1218 1138
1220 1137
1222 1138
1224 1213
1226 1139
1228 1143
1230 1162
1232 1139
1234 1212
1236 1137
1238 1137
1240 1139
1242 1249
1244 1139
1246 1212
1248 1137
1250 1139
1252 1139
1254 1139
1256 1215
1258 1135
1260 1135
1262 1174
1264 1138
1266 1138
1268 1139
1270 1137
1272 1135
1274 1139
1276 1137
1278 1265
1280 1211
1282 1313
1284 1178
1286 1170
1288 1169
1290 1436
1292 1261
1294 1240
1296 1204
1298 1200
1300 1205
1302 1172
1304 1206
1306 1168
1308 1206
1310 1168
1312 1174
1314 1218
1316 1175
1318 1289
1320 1137
1322 1249
1324 1173
1326 1138
1328 1139
1330 1139
1332 1139
1334 1212
1336 1138
1338 1139
1340 1137
1342 1138
1344 1139
1346 1138
1348 1206
1350 1136
1352 1136
1354 1173
1356 1137
1358 1137
1360 1137
1362 1137
1364 1137
1366 1211
1368 1135
1370 1136
1372 1137
1374 1138
1376 1137
1378 1137
1380 1138
1382 1137
1384 1137
1386 1174
1388 1135
1390 1135
1392 1136
1394 1139
1396 1253
1398 1136
1400 1136
1402 1137
1404 1136
1406 1139
1408 1139
1410 1138
1412 1137
1414 1137
1416 1137
1418 1172
1420 1136
1422 1135
1424 1210
1426 1137
1428 1210
1430 1135
1432 1139
1434 1137
1436 1136
1438 1142
1440 1141
1442 1140
1444 1139
1446 1315
1448 1140
1450 1138
1452 1139
1454 1139
1456 1173
1458 1177
1460 1138
1462 1175
1464 1138
1466 1139
1468 1139
1470 1139
1472 1139
1474 1139
1476 1139
1478 1139
1480 1214
1482 1174
1484 1136
1486 1136
1488 1139
1490 1139
1492 1140
1494 1174
1496 1302
1498 1138
1500 1173
1502 1284
1504 1135
1506 1170
1508 1138
1510 1138
1512 1139
1514 1139
1516 1216
1518 1141
1520 1140
1522 1139
1524 1139
1526 1137
1528 1137
1530 1138
1532 1245
1534 1138
1536 1138
1538 1137
1540 1139
1542 1139
1544 1140
1546 1138
1548 1138
1550 1139
1552 1137
1554 1138
1556 1140
1558 1156
1560 1139
1562 1139
1564 1195
1566 1138
1568 1138
1570 1182
1572 1281
1574 1169
1576 1243
1578 1169
1580 1172
1582 1173
1584 1247
1586 1139
1588 1177
1590 1290
1592 1138
1594 1140
1596 1138
1598 1214
1600 1138
1602 1175
1604 1218
1606 1138
1608 1137
1610 1139
1612 1137
1614 1137
1616 1139
1618 1222
1620 1137
1622 1137
1624 1155
1626 1138
1628 1139
1630 1137
1632 1174
1634 1137
1636 1137
1638 1215
1640 1138
1642 1139
1644 1138
1646 1136
1648 1138
1650 1137
1652 1136
1654 1136
1656 1137
1658 1139
1660 1137
1662 1137
1664 1243
1666 1137
1668 1138
1670 1211
1672 1137
1674 1175
1676 1138
1678 1139
1680 1137
1682 1136
1684 1133
1686 1132
1688 1243
1690 1133
1692 1133
1694 1170
1696 1133
1698 1133
1700 1133
1702 1245
1704 1135
1706 1134
1708 1134
1710 1134
1712 1134
1714 1135
1716 1133
1718 1151
1720 1135
1722 1133
1724 1133
1726 1171
1728 1150
1730 1133
1732 1209
1734 1204
1736 1135
1738 1155
1740 1206
1742 1131
1744 1131
1746 1206
1748 1133
1750 1133
1752 1133
1754 1134
1756 1134
1758 1134
1760 1217
1762 1200
1764 1230
1766 1212
1768 1238
1770 1166
1772 1164
1774 1164
1776 1164
1778 1164
1780 1135
1782 1133
1784 1283
1786 1136
1788 1207
1790 1210
1792 1136
1794 1135
1796 1205
1798 1133
1800 1134
1802 1205
1804 1135
1806 1134
1808 1207
1810 1133
1812 1133
1814 1133
1816 1133
1818 1133
1820 1133
1822 1133
1824 1135
1826 1134
1828 1204
1830 1132
1832 1169
1834 1168
1836 1135
1838 1134
1840 1135
1842 1134
1844 1134
1846 1133
1848 1133
1850 1132
1852 1132
1854 1133
1856 1134
1858 1132
1860 1258
1862 1166
1864 2846
1866 1227
1868 1135
1870 1136
1872 1134
1874 1136
1876 1136
1878 1133
1880 1222
1882 1170
1884 1132
1886 1206
1888 1173
1890 1136
1892 1133
1894 1133
1896 1133
1898 1131
1900 1132
1902 1207
1904 1168
1906 1330
1908 1133
1910 1134
1912 1170
1914 1210
1916 1131
1918 1131
1920 1169
1922 1134
1924 1134
1926 1154
1928 1205
1930 1134
1932 1134
1934 1151
1936 1133
1938 1170
1940 1133
1942 1131
1944 1131
1946 1131
1948 1132
1950 1131
1952 1160
1954 1135
1956 1131
1958 1170
1960 1135
1962 1134
1964 1170
1966 1134
1968 1132
1970 1209
1972 1133
1974 1133
1976 1132
1978 1133
1980 1133
1982 1132
1984 1131
1986 1134
1988 1222
1990 1170
1992 1133
1994 1133
1996 1170
1998 1131
2000 2225
