2 128
4 118
6 115
8 113
10 112
12 112
14 112
16 122
18 122
20 122
22 121
24 121
26 122
28 121
30 122
32 154
34 138
36 138
38 138
40 137
42 138
44 138
46 146
48 141
50 142
52 141
54 140
56 141
58 141
60 141
62 174
64 206
66 206
68 206
70 207
72 206
74 206
76 206
78 206
80 206
82 206
84 206
86 206
88 208
90 206
92 206
94 206
96 206
98 244
100 206
102 206
104 206
106 206
108 206
110 206
112 206
114 206
116 206
118 206
120 206
122 206
124 206
126 337
128 339
130 337
132 337
134 337
136 337
138 337
140 338
142 338
144 338
146 338
148 360
150 338
152 337
154 338
156 337
158 339
160 338
162 337
164 338
166 338
168 338
170 338
172 376
174 435
176 393
178 329
180 329
182 329
184 328
186 328
188 531
190 329
192 329
194 329
196 328
198 329
200 374
202 337
204 410
206 337
208 337
210 337
212 360
214 398
216 376
218 439
220 377
222 349
224 348
226 348
228 347
230 348
232 348
234 349
236 350
238 369
240 350
242 352
244 349
246 348
248 347
250 628
252 656
254 640
256 630
258 660
260 626
262 625
264 626
266 625
268 626
270 628
272 625
274 624
276 624
278 636
280 628
282 626
284 626
286 624
288 626
290 626
292 610
294 609
296 610
298 608
300 609
302 608
304 608
306 608
308 608
310 610
312 608
314 608
316 608
318 608
320 608
322 608
324 608
326 608
328 608
330 608
332 609
334 609
336 609
338 608
340 608
342 609
344 607
346 607
348 592
350 746
352 591
354 591
356 631
358 592
360 592
362 629
364 592
366 593
368 593
370 593
372 592
374 676
376 607
378 615
380 594
382 592
384 633
386 592
388 592
390 630
392 594
394 593
396 591
398 593
400 591
402 591
404 591
406 593
408 593
410 592
412 594
414 594
416 668
418 592
420 593
422 592
424 592
426 629
428 592
430 593
432 658
434 607
436 624
438 591
440 591
442 591
444 594
446 592
448 630
450 593
452 593
454 591
456 591
458 591
460 591
462 611
464 591
466 594
468 592
470 595
472 591
474 591
476 591
478 591
480 591
482 611
484 593
486 593
488 592
490 594
492 592
494 592
496 592
498 593
500 1243
502 1159
504 1130
506 1203
508 1129
510 1128
512 1129
514 1207
516 1161
518 1166
520 1131
522 1131
524 1168
526 1171
528 1129
530 1167
532 1132
534 1131
536 1129
538 1253
540 1132
542 1206
544 1166
546 1132
548 1128
550 1133
552 1133
554 1166
556 1131
558 1128
560 1132
562 1201
564 1209
566 1167
568 1132
570 1134
572 1131
574 1130
576 1128
578 1166
580 1130
582 1132
584 1130
586 1245
588 1130
590 1167
592 1130
594 1129
596 1129
598 1233
600 1132
602 1167
604 1130
606 1129
608 1133
610 1130
612 1282
614 1187
616 1136
618 1129
620 1129
622 1130
624 1129
626 1165
628 1132
630 1133
632 1129
634 1131
636 1131
638 1166
640 1407
642 1255
644 1161
646 1161
648 1161
650 1162
652 1161
654 1160
656 1170
658 1275
660 1270
662 1133
664 1170
666 1160
668 1160
670 1160
672 1192
674 1166
676 1204
678 1132
680 1131
682 1208
684 1169
686 1131
688 1247
690 1132
692 1246
694 1131
696 1167
698 1133
700 1131
702 1131
704 1131
706 1131
708 1154
710 1133
712 1250
714 1131
716 1170
718 1132
720 1132
722 1208
724 1132
726 1133
728 1132
730 1132
732 1134
734 1246
736 1131
738 1131
740 1131
742 1132
744 1131
746 1131
748 1131
750 1132
752 1151
754 1132
756 1130
758 1132
760 1133
762 1206
764 1132
766 1131
768 1131
770 1131
772 1131
774 1131
776 1132
778 1130
780 1131
782 1188
784 1133
786 1171
788 1131
790 1131
792 1131
794 1205
796 1131
798 1132
800 1131
802 1131
804 1131
806 1168
808 1132
810 1131
812 1131
814 1131
816 1131
818 1244
820 1132
822 1131
824 1130
826 1130
828 1130
830 1241
832 1132
834 1213
836 1201
838 1193
840 1162
842 1178
844 1162
846 1161
848 1161
850 1161
852 1240
854 1162
856 1161
858 1161
860 1161
862 1161
864 1198
866 1161
868 1199
870 1161
872 1162
874 1312
876 1131
878 1133
880 1132
882 1172
884 1163
886 1160
888 1221
890 1162
892 1161
894 1163
896 1161
898 1161
900 1161
902 1201
904 1131
906 1133
908 1131
910 1242
912 1131
914 1607
916 1215
918 1163
920 1196
922 1245
924 1196
926 1190
928 1162
930 1199
932 1197
934 1208
936 1161
938 1159
940 1161
942 1286
944 1169
946 1131
948 1131
950 1130
952 1171
954 1206
956 1130
958 1197
960 1131
962 1129
964 1128
966 1171
968 1205
970 1131
972 1130
974 1209
976 1170
978 1215
980 1131
982 1166
984 1131
986 1131
988 1130
990 1167
992 1130
994 1131
996 1129
998 1291
1000 2254
1002 2216
1004 2216
1006 2290
1008 2218
1010 2218
1012 2376
1014 2290
1016 2218
1018 2328
1020 2219
1022 2220
1024 2219
1026 2216
1028 2335
1030 2219
1032 2254
1034 2219
1036 2219
1038 2217
1040 2217
1042 2219
1044 2276
1046 2252
1048 2216
1050 2253
1052 2217
1054 2280
1056 2257
1058 2219
1060 2219
1062 2291
1064 2216
1066 2216
1068 2217
1070 2218
1072 2218
1074 2220
1076 2216
1078 2216
1080 2218
1082 2255
1084 2271
1086 2216
1088 2307
1090 2216
1092 2217
1094 2336
1096 2216
1098 2574
1100 2216
1102 2260
1104 2345
1106 2508
1108 2397
1110 2275
1112 2302
1114 2275
1116 2312
1118 2275
1120 2274
1122 2342
1124 2214
1126 2218
1128 2217
1130 2291
1132 2301
1134 2216
1136 2404
1138 2218
1140 2216
1142 2254
1144 2215
1146 2249
1148 2324
1150 2217
1152 2284
1154 2236
1156 2275
1158 2215
1160 2217
1162 2214
1164 2217
1166 2217
1168 2250
1170 2217
1172 2216
1174 2324
1176 2216
1178 2286
1180 2254
1182 2219
1184 2219
1186 2322
1188 2216
1190 2289
1192 2237
1194 2292
1196 2217
1198 2218
1200 2213
1202 2251
1204 2216
1206 2215
1208 2215
1210 2213
1212 2216
1214 2253
1216 2216
1218 2287
1220 2216
1222 2216
1224 2327
1226 2254
1228 2217
1230 2251
1232 2218
1234 2216
1236 2236
1238 2294
1240 2217
1242 2214
1244 2219
1246 2219
1248 2292
1250 2236
1252 2219
1254 2213
1256 2288
1258 2215
1260 2280
1262 2253
1264 2399
1266 2214
1268 2371
1270 2252
1272 2253
1274 2216
1276 2542
1278 2215
1280 2376
1282 2275
1284 2275
1286 2356
1288 2277
1290 2277
1292 2356
1294 2217
1296 2253
1298 2294
1300 2217
1302 2217
1304 2213
1306 2217
1308 2216
1310 2216
1312 2215
1314 2212
1316 2216
1318 2214
1320 2330
1322 2243
1324 2217
1326 2276
1328 2217
1330 2216
1332 2255
1334 2213
1336 2216
1338 2216
1340 2216
1342 2216
1344 2320
1346 2253
1348 2217
1350 2214
1352 2309
1354 2255
1356 2217
1358 2254
1360 2219
1362 2256
1364 2254
1366 2215
1368 2216
1370 2216
1372 2219
1374 2219
1376 2328
1378 2219
1380 2219
1382 2422
1384 2311
1386 2217
1388 2664
1390 2312
1392 2413
1394 2340
1396 2305
1398 2278
1400 2304
1402 2427
1404 2217
1406 2254
1408 2254
1410 2424
1412 2213
1414 2367
1416 2215
1418 2216
1420 2392
1422 2216
1424 2216
1426 2216
1428 2219
1430 2213
1432 2254
1434 2213
1436 2216
1438 2219
1440 2292
1442 2218
1444 2217
1446 2286
1448 2217
1450 2361
1452 2327
1454 2216
1456 2217
1458 2252
1460 2215
1462 2215
1464 2217
1466 2216
1468 2217
1470 2216
1472 2331
1474 2219
1476 2213
1478 2328
1480 2212
1482 2219
1484 2254
1486 2213
1488 2216
1490 2326
1492 2219
1494 2219
1496 2218
1498 2217
1500 2255
1502 2216
1504 2217
1506 2217
1508 2289
1510 2290
1512 2216
1514 2215
1516 2254
1518 2291
1520 2215
1522 2253
1524 2217
1526 2216
1528 2392
1530 2217
1532 2328
1534 2247
1536 2216
1538 2217
1540 2257
1542 2217
1544 2218
1546 2216
1548 2372
1550 2213
1552 2216
1554 2250
1556 2371
1558 2409
1560 2288
1562 2219
1564 2327
1566 2349
1568 2502
1570 2480
1572 2565
1574 2315
1576 2276
1578 2424
1580 2275
1582 2278
1584 2276
1586 2216
1588 2294
1590 2294
1592 2251
1594 2219
1596 2326
1598 2215
1600 2217
1602 2253
1604 2216
1606 2217
1608 2333
1610 2219
1612 2220
1614 2336
1616 2475
1618 2362
1620 2275
1622 2349
1624 2351
1626 2279
1628 2274
1630 2355
1632 2359
1634 2275
1636 2274
1638 2278
1640 2280
1642 2275
1644 2355
1646 2388
1648 2275
1650 2275
1652 2319
1654 2359
1656 2365
1658 2335
1660 2433
1662 2275
1664 2277
1666 2271
1668 2275
1670 2308
1672 2255
1674 2370
1676 2345
1678 2369
1680 2275
1682 2359
1684 2304
1686 2403
1688 2252
1690 2215
1692 2292
1694 2255
1696 2405
1698 2314
1700 2252
1702 2217
1704 2399
1706 2232
1708 2217
1710 2219
1712 2217
1714 2216
1716 2291
1718 2253
1720 2216
1722 2217
1724 2252
1726 2252
1728 2270
1730 2293
1732 2288
1734 2217
1736 2292
1738 2253
1740 2253
1742 2254
1744 2274
1746 2216
1748 2290
1750 2218
1752 2216
1754 2325
1756 2220
1758 2217
1760 2212
1762 2330
1764 2253
1766 2216
1768 2251
1770 2253
1772 2216
1774 2217
1776 2348
1778 2367
1780 2218
1782 2253
1784 2271
1786 2216
1788 2219
1790 2237
1792 2280
1794 2219
1796 2219
1798 2293
1800 2216
1802 2289
1804 2215
1806 2216
1808 3768
1810 2376
1812 2270
1814 2281
1816 2305
1818 2234
1820 2252
1822 2253
1824 2274
1826 2298
1828 2273
1830 2214
1832 2292
1834 2216
1836 2316
1838 2252
1840 2409
1842 2328
1844 2251
1846 2216
1848 2385
1850 2257
1852 2217
1854 2311
1856 2253
1858 2217
1860 2273
1862 2217
1864 2253
1866 2385
1868 2328
1870 2288
1872 2218
1874 2924
1876 2366
1878 2400
1880 2342
1882 2336
1884 2338
1886 2317
1888 2358
1890 2275
1892 2216
1894 2217
1896 2297
1898 2220
1900 2252
1902 2253
1904 2255
1906 2305
1908 2217
1910 2254
1912 2252
1914 2258
1916 2312
1918 2360
1920 2215
1922 2215
1924 2217
1926 2289
1928 2218
1930 2216
1932 2215
1934 2217
1936 2215
1938 2251
1940 2254
1942 2217
1944 2293
1946 2213
1948 2213
1950 2329
1952 2216
1954 2217
1956 2217
1958 2217
1960 2213
1962 2472
1964 2405
1966 2403
1968 2275
1970 2275
1972 2273
1974 2374
1976 2275
1978 2219
1980 2216
1982 2253
1984 2438
1986 2212
1988 2320
1990 2274
1992 2275
1994 2305
1996 2328
1998 2217
2000 4435
