2 270
4 247
6 246
8 233
10 230
12 229
14 229
16 219
18 219
20 218
22 217
24 216
26 215
28 217
30 221
32 220
34 218
36 215
38 214
40 188
42 188
44 188
46 188
48 188
50 188
52 188
54 188
56 188
58 188
60 188
62 199
64 214
66 209
68 208
70 206
72 221
74 210
76 211
78 206
80 206
82 209
84 209
86 210
88 210
90 210
92 210
94 209
96 212
98 190
100 190
102 190
104 189
106 190
108 189
110 190
112 189
114 189
116 189
118 189
120 189
122 190
124 190
126 245
128 245
130 243
132 243
134 244
136 244
138 243
140 243
142 243
144 242
146 243
148 243
150 243
152 242
154 243
156 243
158 243
160 243
162 243
164 336
166 284
168 237
170 237
172 236
174 239
176 236
178 508
180 237
182 236
184 244
186 243
188 280
190 242
192 242
194 242
196 243
198 242
200 279
202 243
204 348
206 255
208 255
210 345
212 339
214 301
216 253
218 252
220 251
222 252
224 252
226 253
228 263
230 254
232 253
234 253
236 254
238 253
240 253
242 253
244 252
246 253
248 252
250 383
252 382
254 379
256 378
258 379
260 381
262 379
264 411
266 387
268 379
270 378
272 378
274 407
276 378
278 379
280 412
282 383
284 378
286 379
288 380
290 385
292 380
294 378
296 379
298 402
300 383
302 378
304 378
306 377
308 382
310 379
312 388
314 378
316 379
318 408
320 384
322 381
324 381
326 409
328 409
330 409
332 381
334 381
336 379
338 379
340 378
342 380
344 382
346 380
348 378
350 379
352 379
354 378
356 378
358 378
360 378
362 417
364 380
366 379
368 378
370 368
372 369
374 368
376 368
378 369
380 368
382 369
384 368
386 368
388 368
390 445
392 368
394 368
396 368
398 369
400 370
402 370
404 369
406 380
408 360
410 370
412 369
414 368
416 368
418 368
420 368
422 359
424 359
426 359
428 361
430 432
432 358
434 359
436 358
438 358
440 358
442 359
444 378
446 358
448 358
450 358
452 359
454 359
456 474
458 397
460 375
462 374
464 368
466 368
468 368
470 368
472 368
474 368
476 405
478 368
480 368
482 368
484 360
486 358
488 358
490 358
492 450
494 444
496 425
498 390
500 627
502 629
504 662
506 627
508 627
510 626
512 655
514 627
516 671
518 652
520 628
522 611
524 610
526 611
528 627
530 611
532 611
534 610
536 611
538 611
540 724
542 610
544 611
546 611
548 612
550 627
552 666
554 672
556 611
558 759
560 611
562 610
564 611
566 611
568 612
570 611
572 612
574 672
576 645
578 613
580 611
582 761
584 636
586 627
588 630
590 627
592 627
594 628
596 692
598 685
600 611
602 611
604 611
606 626
608 627
610 626
612 627
614 627
616 629
618 611
620 612
622 611
624 626
626 611
628 611
630 611
632 611
634 631
636 610
638 611
640 611
642 614
644 613
646 671
648 611
650 612
652 612
654 610
656 610
658 610
660 611
662 610
664 610
666 610
668 609
670 611
672 610
674 612
676 610
678 610
680 610
682 611
684 611
686 648
688 611
690 611
692 611
694 705
696 613
698 611
700 611
702 611
704 611
706 648
708 611
710 611
712 611
714 611
716 611
718 684
720 610
722 610
724 610
726 761
728 632
730 611
732 692
734 611
736 626
738 626
740 626
742 626
744 626
746 638
748 611
750 650
752 611
754 611
756 610
758 611
760 611
762 610
764 610
766 611
768 611
770 610
772 612
774 685
776 611
778 612
780 611
782 611
784 611
786 611
788 611
790 611
792 610
794 611
796 612
798 612
800 611
802 611
804 611
806 686
808 611
810 611
812 610
814 611
816 611
818 610
820 611
822 627
824 627
826 629
828 680
830 627
832 627
834 626
836 626
838 627
840 626
842 627
844 665
846 626
848 629
850 626
852 627
854 627
856 627
858 781
860 647
862 611
864 611
866 627
868 627
870 627
872 667
874 627
876 626
878 666
880 627
882 627
884 627
886 627
888 611
890 650
892 610
894 610
896 610
898 611
900 611
902 611
904 611
906 611
908 611
910 611
912 613
914 611
916 610
918 610
920 611
922 611
924 611
926 611
928 611
930 610
932 610
934 612
936 611
938 697
940 610
942 610
944 611
946 611
948 611
950 648
952 611
954 667
956 611
958 611
960 611
962 610
964 652
966 647
968 611
970 611
972 611
974 610
976 610
978 674
980 611
982 610
984 610
986 611
988 611
990 724
992 611
994 611
996 611
998 611
1000 1249
1002 1137
1004 1136
1006 1136
1008 1137
1010 1137
1012 1136
1014 1137
1016 1136
1018 1137
1020 1136
1022 1252
1024 1137
1026 1169
1028 1166
1030 1196
1032 1166
1034 1166
1036 1166
1038 1181
1040 1184
1042 1265
1044 1206
1046 1150
1048 1179
1050 1181
1052 1179
1054 1149
1056 1241
1058 1151
1060 1150
1062 1149
1064 1149
1066 1189
1068 1150
1070 1189
1072 1147
1074 1149
1076 1149
1078 1147
1080 1184
1082 1148
1084 1147
1086 1148
1088 1329
1090 1149
1092 1147
1094 1149
1096 1150
1098 1148
1100 1147
1102 1150
1104 1188
1106 1147
1108 1147
1110 1148
1112 1204
1114 1149
1116 1149
1118 1222
1120 1148
1122 1148
1124 1148
1126 1148
1128 1147
1130 1185
1132 1147
1134 1147
1136 1148
1138 1152
1140 1150
1142 1150
1144 1150
1146 1150
1148 1149
1150 1262
1152 1148
1154 1148
1156 1185
1158 1148
1160 1184
1162 1148
1164 1223
1166 1147
1168 1147
1170 1148
1172 1149
1174 1148
1176 1147
1178 1149
1180 1148
1182 1220
1184 1186
1186 1148
1188 1258
1190 1168
1192 1147
1194 1147
1196 1148
1198 1185
1200 1148
1202 1147
1204 1147
1206 1147
1208 1149
1210 1148
1212 1148
1214 1225
1216 1151
1218 1148
1220 1185
1222 1182
1224 1148
1226 1147
1228 1148
1230 1185
1232 1149
1234 1148
1236 1148
1238 1148
1240 1147
1242 1225
1244 1149
1246 1148
1248 1227
1250 1184
1252 1148
1254 1149
1256 1147
1258 1221
1260 1150
1262 1148
1264 1191
1266 1148
1268 1148
1270 1184
1272 1148
1274 1147
1276 1147
1278 1221
1280 1148
1282 1282
1284 1151
1286 1150
1288 1200
1290 1213
1292 1148
1294 1148
1296 1185
1298 1148
1300 1147
1302 1185
1304 1149
1306 1148
1308 1152
1310 1258
1312 1177
1314 1181
1316 1371
1318 1182
1320 1181
1322 1180
1324 1149
1326 1284
1328 1150
1330 1255
1332 1149
1334 1149
1336 1149
1338 1185
1340 1148
1342 1148
1344 1146
1346 1220
1348 1220
1350 1147
1352 1184
1354 1149
1356 1217
1358 1149
1360 1149
1362 1149
1364 1148
1366 1147
1368 1147
1370 1147
1372 1149
1374 1259
1376 1211
1378 1217
1380 1214
1382 1215
1384 1212
1386 1212
1388 1211
1390 1211
1392 1180
1394 1247
1396 1179
1398 1148
1400 1182
1402 1148
1404 1185
1406 1148
1408 1148
1410 1149
1412 1148
1414 1148
1416 1169
1418 1149
1420 1149
1422 1148
1424 1148
1426 1147
1428 1147
1430 1147
1432 1258
1434 1146
1436 1147
1438 1217
1440 1147
1442 1146
1444 1148
1446 1149
1448 1222
1450 1186
1452 1147
1454 1147
1456 1149
1458 1262
1460 1149
1462 1150
1464 1166
1466 1147
1468 1149
1470 1260
1472 1148
1474 1148
1476 1147
1478 1147
1480 1184
1482 1224
1484 1185
1486 1149
1488 1149
1490 1185
1492 1149
1494 1149
1496 1149
1498 1186
1500 1148
1502 1202
1504 1147
1506 1147
1508 1227
1510 1149
1512 1147
1514 1148
1516 1147
1518 1147
1520 1147
1522 1148
1524 1149
1526 1148
1528 1147
1530 1147
1532 1147
1534 1222
1536 1149
1538 1149
1540 1148
1542 1225
1544 1148
1546 1258
1548 1149
1550 1147
1552 1221
1554 1148
1556 1147
1558 1149
1560 1148
1562 1148
1564 1147
1566 1147
1568 1147
1570 1225
1572 1148
1574 1148
1576 1266
1578 1186
1580 1149
1582 1149
1584 1303
1586 1148
1588 1147
1590 1147
1592 1148
1594 1147
1596 1151
1598 1276
1600 1181
1602 1354
1604 1182
1606 1182
1608 1181
1610 1248
1612 1309
1614 1219
1616 1221
1618 1219
1620 1270
1622 1220
1624 1255
1626 1279
1628 1251
1630 1249
1632 1218
1634 1219
1636 1253
1638 1222
1640 1185
1642 1185
1644 1201
1646 1185
1648 1184
1650 1262
1652 1185
1654 1184
1656 1222
1658 1186
1660 1186
1662 1186
1664 1190
1666 1190
1668 1228
1670 1187
1672 1277
1674 1187
1676 1186
1678 1225
1680 1185
1682 1186
1684 1186
1686 1186
1688 1186
1690 1186
1692 1186
1694 1185
1696 1184
1698 1222
1700 1185
1702 1185
1704 1185
1706 1186
1708 1187
1710 1186
1712 1296
1714 1186
1716 1221
1718 1261
1720 1188
1722 1185
1724 1185
1726 1186
1728 1187
1730 1186
1732 1186
1734 1186
1736 1184
1738 1185
1740 1185
1742 1258
1744 1185
1746 1184
1748 1184
1750 1200
1752 1184
1754 1185
1756 1258
1758 1184
1760 1185
1762 1260
1764 1185
1766 1184
1768 1313
1770 1185
1772 1185
1774 1374
1776 1185
1778 1184
1780 1294
1782 1185
1784 1186
1786 1186
1788 1184
1790 1184
1792 1184
1794 1185
1796 1184
1798 1221
1800 1186
1802 1201
1804 1184
1806 1338
1808 1186
1810 1186
1812 1262
1814 1183
1816 1302
1818 1259
1820 1186
1822 1184
1824 1294
1826 1184
1828 1187
1830 1222
1832 1187
1834 1187
1836 1185
1838 1295
1840 1184
1842 1185
1844 1185
1846 1185
1848 1185
1850 1186
1852 1186
1854 1261
1856 1185
1858 1185
1860 1215
1862 1221
1864 1185
1866 1184
1868 1223
1870 1185
1872 1184
1874 1186
1876 1184
1878 1184
1880 1185
1882 1313
1884 1219
1886 1378
1888 1221
1890 1278
1892 1219
1894 1219
1896 1267
1898 1480
1900 1220
1902 1256
1904 1217
1906 1219
1908 1216
1910 1217
1912 1217
1914 1217
1916 1185
1918 1186
1920 1262
1922 1222
1924 1400
1926 1188
1928 1189
1930 1189
1932 1267
1934 1186
1936 1186
1938 1186
1940 1186
1942 1186
1944 1185
1946 1185
1948 1187
1950 1186
1952 1226
1954 1189
1956 1187
1958 1188
1960 1187
1962 1188
1964 1186
1966 1185
1968 1186
1970 1185
1972 1222
1974 1185
1976 1186
1978 1186
1980 1186
1982 1184
1984 1185
1986 1184
1988 1258
1990 1185
1992 1258
1994 1261
1996 1184
1998 1185
2000 2246
