2 240
4 221
6 217
8 205
10 204
12 203
14 202
16 195
18 193
20 194
22 193
24 192
26 191
28 192
30 192
32 170
34 170
36 167
38 168
40 168
42 167
44 168
46 168
48 168
50 166
52 199
54 177
56 177
58 213
60 174
62 185
64 196
66 192
68 191
70 234
72 191
74 190
76 190
78 190
80 191
82 190
84 229
86 212
88 195
90 194
92 196
94 190
96 190
98 191
100 190
102 190
104 190
106 190
108 190
110 190
112 190
114 194
116 193
118 190
120 191
122 191
124 190
126 246
128 245
130 244
132 283
134 244
136 245
138 244
140 245
142 299
144 244
146 244
148 245
150 272
152 245
154 244
156 244
158 244
160 244
162 244
164 244
166 244
168 250
170 250
172 244
174 265
176 244
178 336
180 385
182 238
184 238
186 237
188 238
190 240
192 290
194 238
196 237
198 238
200 238
202 256
204 244
206 244
208 244
210 245
212 244
214 285
216 244
218 255
220 254
222 255
224 325
226 273
228 254
230 253
232 253
234 252
236 251
238 252
240 262
242 254
244 253
246 390
248 339
250 899
252 813
254 812
256 724
258 698
260 691
262 529
264 529
266 531
268 577
270 538
272 524
274 449
276 446
278 445
280 444
282 444
284 463
286 445
288 394
290 393
292 395
294 393
296 394
298 394
300 394
302 396
304 394
306 399
308 399
310 485
312 409
314 382
316 373
318 373
320 372
322 373
324 407
326 377
328 374
330 375
332 374
334 372
336 373
338 373
340 391
342 374
344 372
346 374
348 373
350 373
352 373
354 373
356 373
358 373
360 373
362 373
364 372
366 372
368 372
370 372
372 372
374 381
376 363
378 363
380 363
382 364
384 362
386 363
388 362
390 401
392 362
394 362
396 362
398 362
400 363
402 362
404 361
406 362
408 362
410 363
412 371
414 353
416 363
418 363
420 364
422 363
424 363
426 363
428 353
430 352
432 353
434 353
436 445
438 353
440 353
442 353
444 353
446 354
448 354
450 354
452 353
454 354
456 353
458 353
460 354
462 353
464 354
466 353
468 353
470 353
472 354
474 363
476 373
478 417
480 363
482 363
484 363
486 363
488 363
490 363
492 353
494 353
496 353
498 353
500 613
502 613
504 612
506 612
508 612
510 612
512 612
514 611
516 611
518 611
520 611
522 611
524 611
526 611
528 627
530 627
532 645
534 630
536 611
538 612
540 648
542 688
544 611
546 612
548 736
550 610
552 612
554 611
556 611
558 611
560 611
562 629
564 609
566 608
568 711
570 813
572 664
574 624
576 624
578 607
580 608
582 661
584 727
586 608
588 608
590 607
592 608
594 608
596 608
598 608
600 641
602 641
604 647
606 659
608 624
610 624
612 623
614 623
616 623
618 623
620 623
622 630
624 608
626 607
628 608
630 630
632 607
634 607
636 624
638 624
640 632
642 663
644 626
646 608
648 609
650 608
652 608
654 608
656 607
658 636
660 608
662 607
664 721
666 608
668 610
670 608
672 623
674 608
676 607
678 608
680 610
682 610
684 608
686 690
688 609
690 611
692 608
694 607
696 607
698 607
700 608
702 608
704 608
706 608
708 608
710 608
712 609
714 608
716 608
718 608
720 607
722 623
724 608
726 607
728 607
730 607
732 607
734 709
736 609
738 608
740 608
742 685
744 608
746 681
748 608
750 607
752 607
754 607
756 609
758 680
760 608
762 624
764 607
766 608
768 607
770 644
772 607
774 608
776 608
778 607
780 607
782 608
784 608
786 608
788 682
790 607
792 607
794 608
796 608
798 608
800 607
802 608
804 607
806 609
808 608
810 608
812 607
814 661
816 641
818 641
820 624
822 624
824 623
826 624
828 640
830 623
832 625
834 624
836 623
838 624
840 623
842 624
844 649
846 623
848 624
850 623
852 774
854 607
856 607
858 608
860 622
862 623
864 623
866 665
868 624
870 624
872 624
874 664
876 624
878 624
880 699
882 607
884 608
886 722
888 607
890 607
892 621
894 608
896 609
898 644
900 609
902 608
904 608
906 683
908 608
910 644
912 608
914 607
916 607
918 609
920 608
922 664
924 608
926 740
928 705
930 608
932 607
934 664
936 785
938 624
940 624
942 624
944 658
946 624
948 625
950 711
952 625
954 624
956 658
958 624
960 624
962 660
964 624
966 694
968 610
970 609
972 608
974 608
976 688
978 609
980 609
982 608
984 609
986 608
988 610
990 610
992 608
994 608
996 607
998 607
1000 1137
1002 1135
1004 1134
1006 1191
1008 1133
1010 1133
1012 1164
1014 1171
1016 1132
1018 1132
1020 1216
1022 1135
1024 1190
1026 1134
1028 1133
1030 1231
1032 1138
1034 1167
1036 1168
1038 1164
1040 1277
1042 1197
1044 1135
1046 1133
1048 1134
1050 1235
1052 1269
1054 1135
1056 1134
1058 1148
1060 1137
1062 1135
1064 1208
1066 1134
1068 1133
1070 1133
1072 1137
1074 1136
1076 1135
1078 1135
1080 1134
1082 1135
1084 1247
1086 1135
1088 1132
1090 1204
1092 1135
1094 1134
1096 1206
1098 1133
1100 1243
1102 1132
1104 1133
1106 1170
1108 1132
1110 1134
1112 1136
1114 1134
1116 1169
1118 1135
1120 1134
1122 1243
1124 1133
1126 1134
1128 1208
1130 1134
1132 1133
1134 1239
1136 1135
1138 1134
1140 1134
1142 1133
1144 1133
1146 1133
1148 1132
1150 1169
1152 1133
1154 1170
1156 1132
1158 1132
1160 1246
1162 1133
1164 1134
1166 1170
1168 1135
1170 1135
1172 1171
1174 1325
1176 1138
1178 1173
1180 1134
1182 1135
1184 1246
1186 1135
1188 1213
1190 1134
1192 1133
1194 1133
1196 1132
1198 1171
1200 1134
1202 1209
1204 1188
1206 1137
1208 1137
1210 1137
1212 1134
1214 1133
1216 1135
1218 1134
1220 1134
1222 1135
1224 1135
1226 1135
1228 1257
1230 1202
1232 1151
1234 1134
1236 1229
1238 1193
1240 1134
1242 1171
1244 1133
1246 1134
1248 1133
1250 1133
1252 1133
1254 1133
1256 1238
1258 1154
1260 1165
1262 1169
1264 1168
1266 1196
1268 1163
1270 1168
1272 1166
1274 1165
1276 1135
1278 1135
1280 1134
1282 1134
1284 1134
1286 1135
1288 1296
1290 1133
1292 1207
1294 1169
1296 1200
1298 1206
1300 1167
1302 1134
1304 1135
1306 1170
1308 1133
1310 1207
1312 1134
1314 1134
1316 1132
1318 1133
1320 1133
1322 1132
1324 1220
1326 1133
1328 1133
1330 1190
1332 1133
1334 1206
1336 1132
1338 1132
1340 1132
1342 1117
1344 1405
1346 1286
1348 1820
1350 1181
1352 1268
1354 1252
1356 1396
1358 1331
1360 1170
1362 1146
1364 1220
1366 1247
1368 1237
1370 1246
1372 1178
1374 1201
1376 1175
1378 1175
1380 1175
1382 1143
1384 1143
1386 1143
1388 1247
1390 1143
1392 1131
1394 1244
1396 1145
1398 1133
1400 1115
1402 1165
1404 1115
1406 1119
1408 1154
1410 1187
1412 1116
1414 1114
1416 1154
1418 1115
1420 1114
1422 1116
1424 1114
1426 1228
1428 1115
1430 1151
1432 1151
1434 1152
1436 1135
1438 1113
1440 1114
1442 1113
1444 1113
1446 1113
1448 1113
1450 1151
1452 1112
1454 1113
1456 1113
1458 1150
1460 1114
1462 1155
1464 1144
1466 1182
1468 1116
1470 1115
1472 1131
1474 1114
1476 1114
1478 1114
1480 1248
1482 1114
1484 1115
1486 1114
1488 1114
1490 1113
1492 1112
1494 1113
1496 1131
1498 1151
1500 1150
1502 1150
1504 1112
1506 1113
1508 1113
1510 1113
1512 1113
1514 1203
1516 1115
1518 1114
1520 1151
1522 1265
1524 1114
1526 1113
1528 1113
1530 1150
1532 1194
1534 1115
1536 1114
1538 1238
1540 1116
1542 1369
1544 1336
1546 1147
1548 1146
1550 1146
1552 1145
1554 1274
1556 1116
1558 1116
1560 1115
1562 1116
1564 1114
1566 1114
1568 1113
1570 1186
1572 1114
1574 1114
1576 1114
1578 1113
1580 1218
1582 1113
1584 1114
1586 1115
1588 1115
1590 1115
1592 1115
1594 1113
1596 1114
1598 1113
1600 1113
1602 1189
1604 1113
1606 1113
1608 1113
1610 1115
1612 1115
1614 1115
1616 1114
1618 1115
1620 1115
1622 1113
1624 1113
1626 1206
1628 1224
1630 1112
1632 1112
1634 1176
1636 1113
1638 1130
1640 1151
1642 1142
1644 1142
1646 1142
1648 1113
1650 1114
1652 1113
1654 1151
1656 1113
1658 1114
1660 1114
1662 1113
1664 1113
1666 1192
1668 1114
1670 1114
1672 1149
1674 1114
1676 1114
1678 1150
1680 1208
1682 1113
1684 1186
1686 1150
1688 1113
1690 1113
1692 1114
1694 1150
1696 1113
1698 1245
1700 1115
1702 1115
1704 1219
1706 1116
1708 1116
1710 1114
1712 1116
1714 1114
1716 1114
1718 1221
1720 1112
1722 1151
1724 1114
1726 1113
1728 1113
1730 1224
1732 1113
1734 1114
1736 1150
1738 1114
1740 1113
1742 1150
1744 1133
1746 1113
1748 1114
1750 1114
1752 1114
1754 1115
1756 1113
1758 1192
1760 1115
1762 1264
1764 1114
1766 1150
1768 1150
1770 1115
1772 1114
1774 1227
1776 1115
1778 1112
1780 1193
1782 1114
1784 1112
1786 1114
1788 1114
1790 1114
1792 1114
1794 1187
1796 1113
1798 1114
1800 1190
1802 1114
1804 1114
1806 1151
1808 1114
1810 1113
1812 1115
1814 1130
1816 1115
1818 1187
1820 1114
1822 1115
1824 1115
1826 1150
1828 1113
1830 1195
1832 1150
1834 1114
1836 1218
1838 1139
1840 1146
1842 1146
1844 1218
1846 1147
1848 1118
1850 1179
1852 1115
1854 1118
1856 1117
1858 1161
1860 1151
1862 1115
1864 1114
1866 1114
1868 1189
1870 1221
1872 1114
1874 1113
1876 1170
1878 1114
1880 1114
1882 1153
1884 1136
1886 1113
1888 1114
1890 1113
1892 1114
1894 1114
1896 1113
1898 1114
1900 1114
1902 1114
1904 1114
1906 1114
1908 1186
1910 1113
1912 1168
1914 1149
1916 1124
1918 1122
1920 1151
1922 1151
1924 1151
1926 1180
1928 1181
1930 1180
1932 1149
1934 1150
1936 1156
1938 1223
1940 1121
1942 1121
1944 1121
1946 1119
1948 1195
1950 1120
1952 1196
1954 1120
1956 1118
1958 1155
1960 1118
1962 1119
1964 1118
1966 1119
1968 1118
1970 1156
1972 1118
1974 1118
1976 1118
1978 1119
1980 1120
1982 1200
1984 1234
1986 1118
1988 1119
1990 1158
1992 1121
1994 1161
1996 1121
1998 1121
2000 2196
