2 112
4 95
6 95
8 84
10 84
12 84
14 84
16 74
18 74
20 73
22 74
24 74
26 74
28 74
30 73
32 64
34 64
36 64
38 64
40 64
42 64
44 64
46 64
48 64
50 64
52 64
54 64
56 68
58 64
60 64
62 60
64 54
66 54
68 54
70 54
72 54
74 54
76 54
78 54
80 54
82 54
84 97
86 54
88 54
90 54
92 54
94 54
96 54
98 54
100 54
102 54
104 54
106 54
108 54
110 54
112 54
114 72
116 56
118 55
120 56
122 56
124 55
126 46
128 46
130 46
132 46
134 46
136 46
138 46
140 47
142 46
144 45
146 46
148 46
150 46
152 46
154 46
156 46
158 46
160 45
162 46
164 46
166 45
168 46
170 46
172 45
174 46
176 46
178 46
180 46
182 46
184 46
186 45
188 46
190 46
192 61
194 45
196 46
198 45
200 46
202 45
204 46
206 45
208 45
210 46
212 46
214 45
216 46
218 46
220 45
222 45
224 61
226 44
228 44
230 44
232 44
234 44
236 44
238 44
240 44
242 44
244 44
246 44
248 44
250 54
252 35
254 35
256 35
258 68
260 35
262 56
264 35
266 36
268 36
270 35
272 36
274 36
276 36
278 56
280 36
282 35
284 35
286 36
288 1487
290 43
292 42
294 37
296 37
298 37
300 37
302 40
304 51
306 37
308 37
310 37
312 40
314 37
316 37
318 37
320 37
322 37
324 37
326 37
328 36
330 36
332 36
334 36
336 36
338 36
340 36
342 36
344 36
346 36
348 36
350 37
352 37
354 36
356 36
358 36
360 36
362 36
364 36
366 38
368 37
370 37
372 37
374 54
376 36
378 36
380 35
382 36
384 36
386 37
388 39
390 37
392 36
394 37
396 36
398 37
400 37
402 37
404 36
406 36
408 36
410 35
412 36
414 35
416 36
418 36
420 35
422 35
424 36
426 35
428 35
430 52
432 35
434 35
436 35
438 35
440 35
442 36
444 35
446 36
448 36
450 35
452 35
454 37
456 35
458 35
460 35
462 35
464 35
466 34
468 35
470 72
472 35
474 35
476 65
478 35
480 35
482 35
484 36
486 36
488 36
490 35
492 36
494 36
496 36
498 35
500 26
502 26
504 26
506 26
508 26
510 26
512 25
514 46
516 25
518 25
520 25
522 26
524 26
526 25
528 25
530 25
532 25
534 25
536 25
538 25
540 25
542 25
544 46
546 25
548 25
550 25
552 25
554 25
556 25
558 25
560 25
562 25
564 25
566 25
568 25
570 25
572 25
574 25
576 26
578 26
580 25
582 25
584 25
586 25
588 25
590 27
592 26
594 26
596 25
598 25
600 26
602 26
604 26
606 26
608 26
610 26
612 26
614 26
616 26
618 26
620 26
622 29
624 29
626 26
628 26
630 27
632 26
634 27
636 27
638 27
640 26
642 26
644 26
646 26
648 45
650 25
652 25
654 25
656 25
658 25
660 45
662 25
664 25
666 25
668 25
670 42
672 25
674 25
676 25
678 25
680 25
682 26
684 25
686 25
688 25
690 26
692 25
694 26
696 26
698 26
700 26
702 26
704 25
706 26
708 25
710 25
712 25
714 25
716 25
718 25
720 25
722 25
724 25
726 25
728 25
730 25
732 25
734 25
736 25
738 25
740 25
742 25
744 25
746 25
748 25
750 25
752 25
754 25
756 25
758 25
760 25
762 25
764 25
766 25
768 25
770 25
772 25
774 25
776 25
778 25
780 25
782 25
784 25
786 25
788 25
790 25
792 25
794 25
796 25
798 25
800 25
802 25
804 25
806 25
808 25
810 25
812 25
814 25
816 25
818 25
820 25
822 25
824 25
826 25
828 25
830 25
832 25
834 25
836 25
838 25
840 25
842 25
844 25
846 25
848 25
850 25
852 25
854 25
856 25
858 25
860 25
862 25
864 25
866 25
868 25
870 25
872 25
874 25
876 25
878 25
880 25
882 25
884 25
886 25
888 25
890 25
892 25
894 25
896 25
898 25
900 25
902 25
904 41
906 25
908 25
910 25
912 25
914 25
916 25
918 25
920 25
922 25
924 25
926 25
928 25
930 25
932 25
934 25
936 25
938 25
940 25
942 25
944 25
946 26
948 26
950 26
952 26
954 26
956 25
958 25
960 25
962 25
964 25
966 25
968 25
970 25
972 25
974 25
976 25
978 25
980 26
982 26
984 26
986 26
988 26
990 26
992 25
994 25
996 25
998 25
1000 16
1002 16
1004 16
1006 16
1008 16
1010 16
1012 16
1014 16
1016 16
1018 16
1020 16
1022 16
1024 16
1026 16
1028 16
1030 16
1032 16
1034 16
1036 16
1038 16
1040 16
1042 16
1044 16
1046 16
1048 16
1050 16
1052 16
1054 16
1056 16
1058 16
1060 16
1062 16
1064 16
1066 16
1068 16
1070 16
1072 16
1074 16
1076 16
1078 16
1080 16
1082 16
1084 16
1086 16
1088 35
1090 16
1092 16
1094 16
1096 16
1098 16
1100 16
1102 16
1104 16
1106 16
1108 16
1110 16
1112 16
1114 16
1116 16
1118 16
1120 16
1122 16
1124 16
1126 16
1128 16
1130 16
1132 16
1134 16
1136 16
1138 16
1140 16
1142 16
1144 16
1146 16
1148 16
1150 16
1152 16
1154 16
1156 16
1158 16
1160 16
1162 16
1164 16
1166 16
1168 16
1170 16
1172 16
1174 16
1176 16
1178 16
1180 16
1182 16
1184 16
1186 16
1188 16
1190 16
1192 35
1194 17
1196 19
1198 16
1200 16
1202 16
1204 16
1206 16
1208 16
1210 16
1212 17
1214 16
1216 16
1218 16
1220 16
1222 16
1224 16
1226 16
1228 16
1230 16
1232 16
1234 16
1236 16
1238 35
1240 16
1242 16
1244 16
1246 16
1248 16
1250 16
1252 16
1254 16
1256 16
1258 16
1260 16
1262 16
1264 16
1266 16
1268 16
1270 16
1272 16
1274 16
1276 16
1278 16
1280 16
1282 16
1284 16
1286 16
1288 16
1290 16
1292 16
1294 16
1296 16
1298 16
1300 16
1302 16
1304 16
1306 16
1308 16
1310 16
1312 16
1314 16
1316 16
1318 15
1320 16
1322 16
1324 16
1326 16
1328 16
1330 16
1332 16
1334 16
1336 16
1338 16
1340 16
1342 16
1344 16
1346 16
1348 16
1350 16
1352 16
1354 16
1356 16
1358 16
1360 16
1362 16
1364 16
1366 16
1368 16
1370 16
1372 16
1374 16
1376 16
1378 16
1380 20
1382 16
1384 16
1386 16
1388 16
1390 16
1392 16
1394 16
1396 16
1398 16
1400 16
1402 16
1404 16
1406 16
1408 16
1410 16
1412 16
1414 16
1416 16
1418 16
1420 16
1422 16
1424 16
1426 16
1428 16
1430 16
1432 16
1434 16
1436 16
1438 16
1440 16
1442 17
1444 16
1446 16
1448 16
1450 16
1452 16
1454 16
1456 16
1458 18
1460 16
1462 16
1464 16
1466 16
1468 16
1470 16
1472 16
1474 16
1476 16
1478 16
1480 16
1482 16
1484 16
1486 16
1488 16
1490 16
1492 16
1494 16
1496 16
1498 16
1500 16
1502 16
1504 16
1506 16
1508 16
1510 16
1512 16
1514 16
1516 16
1518 16
1520 16
1522 16
1524 16
1526 16
1528 16
1530 16
1532 16
1534 16
1536 16
1538 16
1540 16
1542 16
1544 16
1546 16
1548 16
1550 16
1552 16
1554 16
1556 16
1558 16
1560 16
1562 16
1564 16
1566 16
1568 16
1570 16
1572 16
1574 16
1576 16
1578 16
1580 16
1582 16
1584 16
1586 16
1588 16
1590 16
1592 16
1594 16
1596 16
1598 16
1600 16
1602 16
1604 16
1606 16
1608 16
1610 16
1612 16
1614 16
1616 16
1618 16
1620 16
1622 16
1624 16
1626 16
1628 16
1630 16
1632 16
1634 16
1636 16
1638 16
1640 16
1642 16
1644 16
1646 16
1648 16
1650 16
1652 16
1654 16
1656 16
1658 16
1660 16
1662 16
1664 16
1666 16
1668 25
1670 16
1672 16
1674 16
1676 16
1678 16
1680 16
1682 16
1684 16
1686 16
1688 16
1690 16
1692 16
1694 16
1696 16
1698 16
1700 16
1702 16
1704 16
1706 16
1708 16
1710 16
1712 16
1714 16
1716 16
1718 16
1720 16
1722 16
1724 16
1726 16
1728 16
1730 16
1732 16
1734 16
1736 16
1738 16
1740 16
1742 16
1744 16
1746 16
1748 16
1750 16
1752 16
1754 16
1756 16
1758 16
1760 16
1762 16
1764 16
1766 16
1768 16
1770 16
1772 16
1774 16
1776 16
1778 16
1780 16
1782 16
1784 16
1786 16
1788 16
1790 16
1792 16
1794 16
1796 16
1798 16
1800 16
1802 16
1804 16
1806 16
1808 16
1810 16
1812 16
1814 31
1816 16
1818 16
1820 16
1822 16
1824 16
1826 16
1828 16
1830 16
1832 16
1834 16
1836 35
1838 17
1840 17
1842 17
1844 16
1846 17
1848 17
1850 16
1852 16
1854 16
1856 16
1858 16
1860 16
1862 16
1864 16
1866 16
1868 16
1870 16
1872 16
1874 16
1876 16
1878 16
1880 16
1882 16
1884 16
1886 37
1888 17
1890 16
1892 16
1894 16
1896 16
1898 16
1900 16
1902 16
1904 16
1906 16
1908 16
1910 16
1912 16
1914 16
1916 16
1918 16
1920 16
1922 16
1924 16
1926 16
1928 16
1930 16
1932 16
1934 16
1936 16
1938 16
1940 16
1942 16
1944 16
1946 16
1948 16
1950 16
1952 16
1954 16
1956 16
1958 16
1960 16
1962 16
1964 17
1966 16
1968 16
1970 16
1972 16
1974 16
1976 16
1978 16
1980 16
1982 16
1984 16
1986 16
1988 16
1990 16
1992 16
1994 16
1996 16
1998 16
2000 6
