2 282
4 254
6 253
8 248
10 260
12 231
14 231
16 251
18 251
20 251
22 253
24 216
26 214
28 216
30 213
32 269
34 270
36 269
38 269
40 207
42 207
44 207
46 207
48 207
50 207
52 207
54 208
56 207
58 207
60 207
62 255
64 301
66 296
68 252
70 252
72 253
74 253
76 253
78 253
80 253
82 253
84 253
86 252
88 253
90 252
92 253
94 253
96 252
98 253
100 274
102 224
104 223
106 224
108 224
110 224
112 224
114 223
116 224
118 224
120 224
122 224
124 223
126 366
128 367
130 366
132 366
134 366
136 366
138 366
140 366
142 366
144 367
146 367
148 337
150 338
152 337
154 338
156 337
158 338
160 395
162 364
164 329
166 348
168 329
170 365
172 329
174 509
176 338
178 338
180 338
182 337
184 337
186 337
188 337
190 337
192 337
194 337
196 374
198 339
200 440
202 355
204 423
206 348
208 397
210 515
212 348
214 347
216 348
218 347
220 347
222 348
224 382
226 348
228 463
230 518
232 452
234 398
236 429
238 348
240 347
242 350
244 347
246 346
248 347
250 627
252 643
254 693
256 626
258 629
260 629
262 628
264 626
266 626
268 624
270 658
272 628
274 625
276 627
278 625
280 629
282 625
284 624
286 625
288 626
290 651
292 626
294 627
296 628
298 737
300 715
302 675
304 636
306 625
308 626
310 625
312 627
314 658
316 626
318 625
320 625
322 653
324 625
326 641
328 627
330 658
332 633
334 626
336 626
338 666
340 630
342 691
344 631
346 627
348 626
350 631
352 624
354 627
356 627
358 665
360 629
362 626
364 656
366 626
368 626
370 630
372 626
374 626
376 625
378 627
380 638
382 646
384 609
386 609
388 609
390 609
392 609
394 608
396 608
398 608
400 608
402 608
404 609
406 609
408 608
410 608
412 608
414 608
416 610
418 659
420 594
422 609
424 609
426 609
428 608
430 609
432 608
434 594
436 594
438 593
440 592
442 594
444 633
446 593
448 593
450 593
452 593
454 593
456 593
458 592
460 609
462 616
464 631
466 594
468 594
470 594
472 594
474 595
476 630
478 594
480 594
482 654
484 610
486 593
488 609
490 608
492 609
494 609
496 608
498 608
500 1343
502 1131
504 1131
506 1130
508 1206
510 1205
512 1131
514 1131
516 1133
518 1168
520 1130
522 1261
524 1131
526 1200
528 1160
530 1161
532 1204
534 1131
536 1131
538 1131
540 1130
542 1133
544 1166
546 1131
548 1131
550 1208
552 1131
554 1133
556 1208
558 1131
560 1131
562 1226
564 1186
566 1198
568 1160
570 1160
572 1252
574 1192
576 1192
578 1192
580 1193
582 1188
584 1161
586 1161
588 1161
590 1196
592 1161
594 1309
596 1131
598 1131
600 1131
602 1205
604 1167
606 1206
608 1205
610 1131
612 1131
614 1206
616 1134
618 1133
620 1133
622 1132
624 1132
626 1168
628 1277
630 1132
632 1207
634 1131
636 1131
638 1199
640 1132
642 1132
644 1131
646 1131
648 1131
650 1168
652 1243
654 1131
656 1187
658 1131
660 1131
662 1188
664 1133
666 1131
668 1133
670 1132
672 1134
674 1133
676 1131
678 1248
680 1167
682 1169
684 1131
686 1131
688 1131
690 1130
692 1131
694 1132
696 1132
698 1131
700 1130
702 1131
704 1131
706 1131
708 1131
710 1132
712 1151
714 1131
716 1131
718 1168
720 1131
722 1168
724 1132
726 1134
728 1133
730 1132
732 1132
734 1132
736 1206
738 1131
740 1133
742 1168
744 1168
746 1131
748 1170
750 1133
752 1133
754 1206
756 1131
758 1131
760 1167
762 1131
764 1131
766 1131
768 1171
770 1133
772 1168
774 1131
776 1131
778 1131
780 1131
782 1132
784 1168
786 1131
788 1131
790 1131
792 1132
794 1213
796 1133
798 1133
800 1133
802 1133
804 1132
806 1133
808 1131
810 1131
812 1168
814 1233
816 1132
818 1131
820 1163
822 1131
824 1131
826 1168
828 1131
830 1131
832 1249
834 1131
836 1133
838 1130
840 1130
842 1131
844 1222
846 1131
848 1131
850 1130
852 1130
854 1131
856 1206
858 1281
860 1132
862 1131
864 1131
866 1132
868 1168
870 1131
872 1131
874 1131
876 1131
878 1246
880 1168
882 1207
884 1162
886 1162
888 1162
890 1217
892 1198
894 1161
896 1219
898 1161
900 1161
902 1200
904 1205
906 1162
908 1162
910 1163
912 1163
914 1163
916 1200
918 1161
920 1347
922 1157
924 1161
926 1497
928 1455
930 1161
932 1195
934 1202
936 1163
938 1161
940 1161
942 1240
944 1225
946 1331
948 1179
950 1162
952 1163
954 1162
956 1230
958 1326
960 1196
962 1292
964 1162
966 1208
968 1201
970 1237
972 1193
974 1162
976 1163
978 1161
980 1163
982 1163
984 1169
986 1187
988 1131
990 1170
992 1131
994 1132
996 1132
998 1133
1000 2218
1002 2217
1004 2328
1006 2216
1008 2219
1010 2268
1012 2220
1014 2215
1016 2290
1018 2215
1020 2253
1022 2216
1024 2217
1026 2217
1028 2219
1030 2215
1032 2216
1034 2217
1036 2253
1038 2216
1040 2252
1042 2402
1044 2217
1046 2218
1048 2274
1050 2217
1052 2375
1054 2289
1056 2290
1058 2256
1060 2216
1062 2216
1064 2253
1066 2217
1068 2219
1070 2273
1072 2216
1074 2253
1076 2218
1078 2217
1080 2295
1082 2219
1084 2293
1086 2254
1088 2290
1090 2217
1092 2312
1094 2219
1096 2218
1098 2256
1100 2215
1102 2216
1104 2217
1106 2215
1108 2216
1110 2216
1112 2289
1114 2218
1116 2255
1118 2217
1120 2216
1122 2252
1124 2325
1126 2217
1128 2218
1130 2251
1132 2215
1134 2216
1136 2329
1138 2219
1140 2255
1142 2216
1144 2215
1146 2216
1148 2293
1150 2217
1152 2216
1154 2216
1156 2252
1158 2217
1160 2220
1162 2326
1164 2361
1166 2216
1168 2405
1170 2331
1172 2217
1174 2362
1176 2216
1178 2294
1180 2293
1182 2255
1184 2214
1186 2217
1188 2217
1190 2216
1192 2216
1194 2216
1196 2216
1198 2216
1200 2329
1202 2215
1204 2216
1206 2326
1208 2215
1210 2287
1212 2323
1214 2357
1216 2216
1218 2249
1220 2218
1222 2216
1224 2253
1226 2218
1228 2385
1230 2311
1232 2273
1234 2273
1236 2290
1238 2365
1240 2216
1242 2216
1244 2253
1246 2217
1248 2300
1250 2516
1252 2308
1254 2275
1256 2300
1258 2325
1260 2275
1262 2340
1264 2275
1266 2277
1268 2398
1270 2216
1272 2217
1274 2216
1276 2292
1278 2328
1280 2252
1282 2217
1284 2252
1286 2217
1288 2294
1290 2217
1292 2254
1294 2287
1296 2212
1298 2311
1300 2289
1302 2217
1304 2215
1306 2252
1308 2217
1310 2216
1312 2212
1314 2287
1316 2216
1318 2216
1320 2216
1322 2252
1324 2257
1326 2389
1328 2355
1330 2275
1332 2380
1334 2278
1336 2279
1338 2272
1340 2275
1342 2405
1344 2216
1346 2333
1348 2218
1350 2291
1352 2250
1354 2218
1356 2253
1358 2216
1360 2315
1362 2295
1364 2220
1366 2219
1368 2219
1370 2251
1372 2216
1374 2217
1376 2216
1378 2216
1380 2233
1382 2251
1384 2215
1386 2215
1388 2253
1390 2219
1392 2328
1394 2291
1396 2216
1398 2215
1400 2254
1402 2216
1404 2253
1406 2295
1408 2326
1410 2216
1412 2255
1414 2217
1416 2216
1418 2291
1420 2216
1422 2220
1424 2220
1426 2324
1428 2295
1430 2220
1432 2252
1434 2216
1436 2250
1438 2252
1440 2217
1442 2253
1444 2216
1446 2273
1448 2216
1450 2292
1452 2218
1454 2219
1456 2292
1458 2506
1460 2216
1462 2216
1464 2326
1466 2216
1468 2217
1470 2296
1472 2252
1474 2217
1476 2252
1478 2291
1480 2220
1482 2344
1484 2216
1486 2216
1488 2291
1490 2330
1492 2219
1494 2295
1496 4167
1498 2237
1500 2278
1502 2380
1504 2298
1506 2275
1508 2316
1510 2276
1512 2279
1514 2277
1516 2281
1518 2501
1520 2217
1522 2357
1524 2428
1526 2274
1528 2274
1530 2347
1532 2281
1534 2254
1536 2218
1538 2440
1540 2275
1542 2418
1544 2450
1546 2217
1548 2285
1550 2279
1552 2277
1554 2404
1556 2218
1558 2324
1560 2335
1562 2216
1564 2217
1566 2318
1568 2216
1570 2216
1572 2217
1574 2216
1576 2255
1578 2217
1580 2385
1582 2217
1584 2261
1586 2253
1588 2219
1590 2288
1592 2249
1594 2216
1596 2252
1598 2251
1600 2216
1602 2217
1604 2300
1606 2216
1608 2271
1610 2308
1612 2217
1614 2217
1616 2217
1618 2256
1620 2219
1622 2218
1624 2293
1626 2215
1628 2251
1630 2252
1632 2216
1634 2215
1636 2254
1638 2333
1640 2368
1642 2402
1644 2218
1646 2217
1648 2253
1650 2254
1652 2308
1654 2252
1656 2421
1658 2216
1660 2215
1662 2252
1664 2217
1666 2213
1668 2216
1670 2252
1672 2215
1674 2217
1676 2367
1678 2216
1680 2233
1682 2255
1684 2219
1686 2324
1688 2251
1690 2217
1692 2218
1694 2289
1696 2217
1698 2217
1700 2414
1702 2253
1704 2217
1706 2252
1708 2289
1710 2215
1712 2290
1714 2294
1716 2213
1718 2212
1720 2216
1722 2216
1724 2252
1726 2271
1728 2219
1730 2216
1732 2289
1734 2216
1736 2216
1738 2289
1740 2217
1742 2217
1744 2254
1746 2217
1748 2216
1750 2293
1752 2216
1754 2219
1756 2220
1758 2213
1760 2429
1762 2218
1764 2312
1766 2271
1768 2275
1770 2305
1772 2253
1774 2215
1776 2327
1778 2217
1780 2214
1782 2290
1784 2216
1786 2212
1788 2292
1790 2254
1792 2336
1794 2290
1796 2217
1798 2217
1800 2213
1802 2218
1804 2415
1806 2276
1808 2276
1810 2314
1812 2277
1814 2394
1816 2291
1818 2479
1820 2274
1822 2275
1824 2319
1826 2276
1828 2378
1830 2495
1832 2455
1834 2367
1836 2275
1838 2308
1840 2378
1842 2460
1844 2286
1846 2216
1848 2292
1850 2251
1852 2215
1854 2274
1856 2294
1858 2216
1860 2216
1862 2668
1864 2253
1866 2252
1868 2347
1870 2271
1872 2287
1874 2296
1876 2217
1878 2219
1880 2351
1882 2217
1884 2217
1886 2309
1888 2539
1890 2316
1892 2312
1894 2217
1896 2254
1898 2219
1900 2276
1902 2295
1904 2216
1906 2252
1908 2220
1910 2293
1912 2295
1914 2220
1916 2220
1918 2269
1920 2254
1922 2215
1924 2215
1926 2215
1928 2216
1930 2216
1932 2253
1934 2217
1936 2412
1938 2274
1940 2298
1942 2288
1944 2336
1946 2219
1948 2310
1950 2276
1952 2275
1954 2254
1956 2212
1958 2327
1960 2219
1962 2292
1964 2214
1966 2218
1968 2214
1970 2253
1972 2293
1974 2212
1976 2327
1978 2218
1980 2217
1982 2325
1984 2237
1986 2213
1988 2213
1990 2219
1992 2216
1994 2292
1996 2255
1998 2217
2000 4532
