2 125
4 107
6 106
8 94
10 93
12 94
14 93
16 82
18 82
20 82
22 82
24 82
26 82
28 82
30 82
32 74
34 71
36 72
38 95
40 72
42 71
44 71
46 71
48 72
50 72
52 72
54 71
56 72
58 72
60 71
62 66
64 56
66 56
68 55
70 56
72 56
74 56
76 55
78 55
80 55
82 56
84 56
86 56
88 55
90 56
92 56
94 56
96 55
98 55
100 56
102 56
104 56
106 56
108 75
110 55
112 56
114 56
116 56
118 56
120 55
122 57
124 55
126 46
128 46
130 45
132 46
134 46
136 46
138 46
140 46
142 45
144 46
146 65
148 46
150 45
152 45
154 46
156 46
158 46
160 46
162 45
164 46
166 45
168 46
170 46
172 44
174 44
176 44
178 44
180 44
182 44
184 44
186 44
188 44
190 44
192 46
194 45
196 46
198 45
200 46
202 46
204 46
206 60
208 47
210 47
212 54
214 57
216 57
218 56
220 50
222 47
224 47
226 47
228 47
230 47
232 48
234 47
236 47
238 48
240 47
242 47
244 48
246 47
248 47
250 37
252 37
254 37
256 40
258 37
260 37
262 36
264 36
266 37
268 37
270 37
272 37
274 40
276 38
278 37
280 37
282 37
284 37
286 37
288 37
290 37
292 36
294 37
296 37
298 37
300 37
302 36
304 36
306 36
308 36
310 36
312 37
314 37
316 36
318 36
320 36
322 36
324 36
326 35
328 50
330 36
332 37
334 36
336 35
338 36
340 36
342 36
344 36
346 36
348 36
350 36
352 36
354 36
356 36
358 36
360 36
362 36
364 36
366 36
368 35
370 50
372 36
374 35
376 36
378 35
380 35
382 35
384 35
386 35
388 35
390 35
392 35
394 35
396 35
398 35
400 35
402 35
404 35
406 35
408 36
410 36
412 36
414 36
416 35
418 35
420 35
422 35
424 35
426 35
428 35
430 35
432 35
434 35
436 35
438 35
440 35
442 35
444 35
446 35
448 35
450 35
452 35
454 34
456 35
458 35
460 35
462 35
464 35
466 55
468 35
470 35
472 35
474 75
476 35
478 35
480 35
482 35
484 35
486 35
488 35
490 35
492 36
494 36
496 36
498 36
500 26
502 26
504 26
506 26
508 26
510 26
512 26
514 26
516 26
518 25
520 25
522 25
524 25
526 31
528 31
530 26
532 26
534 26
536 26
538 26
540 26
542 26
544 26
546 26
548 26
550 26
552 26
554 26
556 26
558 26
560 26
562 26
564 26
566 26
568 26
570 26
572 26
574 26
576 26
578 26
580 25
582 25
584 25
586 25
588 25
590 25
592 25
594 25
596 25
598 25
600 25
602 25
604 25
606 25
608 26
610 60
612 25
614 25
616 25
618 25
620 25
622 25
624 25
626 25
628 25
630 25
632 44
634 25
636 25
638 25
640 25
642 25
644 25
646 25
648 25
650 25
652 25
654 25
656 25
658 25
660 25
662 25
664 46
666 26
668 25
670 25
672 25
674 25
676 25
678 25
680 25
682 25
684 25
686 25
688 25
690 25
692 25
694 25
696 25
698 25
700 27
702 27
704 25
706 25
708 25
710 26
712 26
714 26
716 26
718 26
720 26
722 26
724 25
726 25
728 25
730 57
732 26
734 26
736 26
738 26
740 26
742 25
744 25
746 25
748 25
750 25
752 25
754 25
756 25
758 25
760 25
762 25
764 25
766 45
768 25
770 25
772 25
774 25
776 26
778 26
780 26
782 26
784 26
786 25
788 25
790 25
792 26
794 25
796 25
798 25
800 25
802 25
804 25
806 25
808 25
810 25
812 25
814 25
816 25
818 25
820 25
822 25
824 25
826 25
828 26
830 26
832 26
834 26
836 26
838 26
840 26
842 26
844 26
846 26
848 26
850 26
852 26
854 26
856 26
858 26
860 26
862 26
864 27
866 25
868 25
870 25
872 26
874 26
876 26
878 27
880 26
882 26
884 27
886 27
888 27
890 26
892 27
894 26
896 26
898 26
900 26
902 26
904 25
906 25
908 26
910 25
912 25
914 25
916 25
918 25
920 25
922 42
924 25
926 25
928 25
930 25
932 25
934 25
936 25
938 25
940 25
942 25
944 25
946 25
948 25
950 25
952 25
954 25
956 25
958 56
960 25
962 25
964 25
966 25
968 25
970 25
972 25
974 25
976 25
978 25
980 25
982 25
984 25
986 25
988 25
990 25
992 25
994 25
996 25
998 25
1000 16
1002 16
1004 16
1006 16
1008 16
1010 16
1012 16
1014 16
1016 16
1018 16
1020 16
1022 16
1024 16
1026 16
1028 16
1030 16
1032 16
1034 16
1036 16
1038 16
1040 16
1042 16
1044 16
1046 16
1048 16
1050 16
1052 16
1054 16
1056 16
1058 16
1060 16
1062 16
1064 16
1066 16
1068 16
1070 16
1072 16
1074 16
1076 16
1078 18
1080 16
1082 16
1084 16
1086 16
1088 16
1090 16
1092 16
1094 16
1096 16
1098 16
1100 16
1102 16
1104 16
1106 16
1108 16
1110 16
1112 16
1114 16
1116 16
1118 16
1120 16
1122 16
1124 16
1126 16
1128 16
1130 16
1132 16
1134 16
1136 16
1138 16
1140 16
1142 16
1144 16
1146 16
1148 16
1150 16
1152 16
1154 16
1156 16
1158 16
1160 16
1162 16
1164 16
1166 16
1168 16
1170 16
1172 16
1174 16
1176 16
1178 16
1180 16
1182 16
1184 16
1186 16
1188 16
1190 16
1192 16
1194 20
1196 23
1198 16
1200 16
1202 33
1204 16
1206 16
1208 16
1210 16
1212 16
1214 16
1216 16
1218 16
1220 16
1222 16
1224 16
1226 16
1228 16
1230 16
1232 16
1234 16
1236 16
1238 16
1240 16
1242 16
1244 16
1246 16
1248 16
1250 16
1252 16
1254 16
1256 16
1258 16
1260 16
1262 16
1264 16
1266 16
1268 16
1270 16
1272 16
1274 16
1276 16
1278 16
1280 16
1282 16
1284 16
1286 16
1288 16
1290 16
1292 16
1294 16
1296 16
1298 16
1300 16
1302 16
1304 16
1306 16
1308 16
1310 16
1312 16
1314 16
1316 16
1318 16
1320 16
1322 16
1324 16
1326 34
1328 16
1330 16
1332 16
1334 16
1336 16
1338 17
1340 16
1342 16
1344 16
1346 16
1348 16
1350 16
1352 16
1354 16
1356 16
1358 16
1360 16
1362 16
1364 16
1366 16
1368 16
1370 16
1372 16
1374 16
1376 16
1378 16
1380 16
1382 16
1384 16
1386 16
1388 16
1390 16
1392 52
1394 16
1396 16
1398 16
1400 16
1402 16
1404 16
1406 16
1408 16
1410 16
1412 16
1414 16
1416 16
1418 16
1420 16
1422 16
1424 16
1426 16
1428 16
1430 16
1432 16
1434 16
1436 16
1438 16
1440 16
1442 16
1444 16
1446 16
1448 16
1450 16
1452 16
1454 16
1456 16
1458 16
1460 16
1462 16
1464 16
1466 32
1468 16
1470 16
1472 16
1474 16
1476 16
1478 16
1480 16
1482 16
1484 16
1486 16
1488 16
1490 16
1492 16
1494 16
1496 16
1498 16
1500 16
1502 16
1504 16
1506 16
1508 16
1510 16
1512 16
1514 16
1516 16
1518 16
1520 16
1522 16
1524 16
1526 16
1528 32
1530 16
1532 16
1534 16
1536 16
1538 16
1540 16
1542 16
1544 16
1546 16
1548 16
1550 16
1552 16
1554 16
1556 16
1558 16
1560 16
1562 16
1564 16
1566 16
1568 16
1570 16
1572 16
1574 16
1576 16
1578 16
1580 16
1582 16
1584 16
1586 16
1588 16
1590 16
1592 16
1594 16
1596 16
1598 16
1600 16
1602 16
1604 16
1606 16
1608 16
1610 16
1612 16
1614 16
1616 16
1618 17
1620 16
1622 16
1624 16
1626 16
1628 16
1630 16
1632 16
1634 16
1636 16
1638 16
1640 16
1642 16
1644 16
1646 37
1648 16
1650 16
1652 16
1654 16
1656 17
1658 17
1660 17
1662 16
1664 16
1666 16
1668 16
1670 16
1672 16
1674 16
1676 16
1678 16
1680 16
1682 16
1684 16
1686 16
1688 16
1690 16
1692 16
1694 16
1696 16
1698 16
1700 16
1702 16
1704 16
1706 16
1708 16
1710 16
1712 30
1714 16
1716 16
1718 16
1720 16
1722 16
1724 16
1726 16
1728 16
1730 16
1732 16
1734 16
1736 16
1738 16
1740 16
1742 16
1744 16
1746 16
1748 16
1750 16
1752 16
1754 16
1756 16
1758 16
1760 16
1762 16
1764 16
1766 16
1768 16
1770 16
1772 16
1774 16
1776 16
1778 16
1780 16
1782 16
1784 16
1786 16
1788 16
1790 16
1792 16
1794 16
1796 16
1798 16
1800 16
1802 16
1804 16
1806 16
1808 16
1810 16
1812 16
1814 16
1816 16
1818 16
1820 16
1822 16
1824 16
1826 16
1828 16
1830 16
1832 16
1834 16
1836 16
1838 16
1840 16
1842 16
1844 16
1846 16
1848 16
1850 16
1852 16
1854 16
1856 16
1858 16
1860 16
1862 16
1864 16
1866 16
1868 16
1870 16
1872 16
1874 16
1876 16
1878 16
1880 16
1882 16
1884 16
1886 16
1888 16
1890 16
1892 16
1894 16
1896 16
1898 16
1900 16
1902 16
1904 16
1906 16
1908 36
1910 16
1912 35
1914 16
1916 16
1918 16
1920 16
1922 16
1924 16
1926 16
1928 16
1930 16
1932 16
1934 16
1936 16
1938 16
1940 16
1942 16
1944 16
1946 16
1948 16
1950 16
1952 16
1954 16
1956 16
1958 16
1960 16
1962 16
1964 16
1966 16
1968 35
1970 16
1972 16
1974 16
1976 16
1978 16
1980 16
1982 16
1984 16
1986 16
1988 16
1990 16
1992 16
1994 16
1996 16
1998 16
2000 6
