2 128
4 116
6 115
8 113
10 112
12 112
14 112
16 123
18 122
20 121
22 122
24 122
26 122
28 122
30 122
32 166
34 138
36 137
38 138
40 137
42 138
44 138
46 217
48 157
50 142
52 141
54 146
56 142
58 142
60 140
62 174
64 206
66 282
68 206
70 206
72 206
74 206
76 206
78 206
80 206
82 206
84 206
86 206
88 206
90 206
92 206
94 206
96 206
98 206
100 206
102 206
104 206
106 206
108 244
110 206
112 206
114 201
116 201
118 201
120 201
122 201
124 201
126 329
128 329
130 329
132 329
134 329
136 329
138 329
140 329
142 371
144 337
146 337
148 337
150 337
152 337
154 337
156 337
158 337
160 337
162 337
164 337
166 337
168 337
170 337
172 337
174 337
176 337
178 337
180 376
182 337
184 337
186 337
188 337
190 339
192 337
194 337
196 337
198 410
200 337
202 337
204 338
206 391
208 337
210 337
212 338
214 337
216 337
218 337
220 339
222 376
224 471
226 329
228 402
230 328
232 328
234 328
236 407
238 337
240 337
242 337
244 337
246 356
248 339
250 608
252 608
254 609
256 610
258 610
260 610
262 610
264 610
266 628
268 610
270 608
272 608
274 609
276 683
278 649
280 607
282 609
284 609
286 609
288 609
290 609
292 609
294 609
296 609
298 615
300 594
302 594
304 594
306 596
308 630
310 593
312 593
314 627
316 593
318 593
320 594
322 592
324 592
326 631
328 593
330 593
332 593
334 593
336 593
338 593
340 594
342 594
344 630
346 593
348 593
350 630
352 593
354 593
356 593
358 593
360 646
362 848
364 679
366 656
368 593
370 738
372 613
374 610
376 610
378 611
380 608
382 609
384 609
386 609
388 609
390 643
392 609
394 636
396 608
398 624
400 610
402 610
404 706
406 609
408 609
410 609
412 609
414 609
416 611
418 609
420 609
422 608
424 609
426 609
428 609
430 593
432 593
434 593
436 630
438 594
440 593
442 593
444 593
446 593
448 593
450 593
452 628
454 595
456 593
458 593
460 591
462 593
464 652
466 593
468 594
470 592
472 593
474 632
476 592
478 594
480 593
482 593
484 592
486 593
488 592
490 593
492 593
494 593
496 593
498 593
500 1131
502 1132
504 1131
506 1132
508 1168
510 1129
512 1130
514 1131
516 1451
518 1391
520 1256
522 1217
524 1164
526 1163
528 1162
530 1163
532 1162
534 1160
536 1160
538 1161
540 1247
542 1161
544 1161
546 1205
548 1131
550 1133
552 1206
554 1167
556 1201
558 1212
560 1131
562 1129
564 1230
566 1184
568 1131
570 1131
572 1132
574 1131
576 1131
578 1168
580 1129
582 1130
584 1130
586 1130
588 1211
590 1168
592 1129
594 1134
596 1176
598 1163
600 1131
602 1168
604 1130
606 1168
608 1130
610 1131
612 1130
614 1168
616 1132
618 1131
620 1129
622 1131
624 1206
626 1205
628 1130
630 1129
632 1131
634 1211
636 1131
638 1169
640 1129
642 1169
644 1130
646 1130
648 1130
650 1243
652 1131
654 1131
656 1131
658 1131
660 1132
662 1204
664 1131
666 1129
668 1131
670 1131
672 1132
674 1225
676 1133
678 1131
680 1131
682 1132
684 1131
686 1171
688 1132
690 1132
692 1132
694 1169
696 1168
698 1131
700 1205
702 1132
704 1172
706 1133
708 1133
710 1131
712 1131
714 1131
716 1131
718 1166
720 1131
722 1132
724 1131
726 1133
728 1129
730 1131
732 1130
734 1129
736 1168
738 1131
740 1249
742 1131
744 1130
746 1130
748 1131
750 1205
752 1171
754 1130
756 1130
758 1129
760 1132
762 1132
764 1131
766 1131
768 1131
770 1171
772 1168
774 1130
776 1130
778 1320
780 1131
782 1131
784 1131
786 1147
788 1162
790 1161
792 1198
794 1161
796 1161
798 1132
800 1130
802 1173
804 1129
806 1170
808 1130
810 1132
812 1168
814 1167
816 1131
818 1130
820 1134
822 1132
824 1262
826 1132
828 1132
830 1315
832 1199
834 1161
836 1161
838 1161
840 1161
842 1204
844 1131
846 1130
848 1131
850 1131
852 1131
854 1132
856 1132
858 1131
860 1131
862 1131
864 1132
866 1131
868 1131
870 1130
872 1168
874 1131
876 1132
878 1131
880 1226
882 1132
884 1131
886 1132
888 1131
890 1187
892 1193
894 1131
896 1133
898 1132
900 1168
902 1148
904 1131
906 1131
908 1206
910 1132
912 1133
914 1168
916 1205
918 1131
920 1169
922 1132
924 1133
926 1130
928 1130
930 1131
932 1167
934 1131
936 1203
938 1131
940 1131
942 1131
944 1131
946 1131
948 1131
950 1131
952 1132
954 1131
956 1167
958 1131
960 1131
962 1182
964 1131
966 1133
968 1132
970 1133
972 1131
974 1132
976 1131
978 1131
980 1131
982 1131
984 1131
986 1131
988 1131
990 1131
992 1130
994 1131
996 1132
998 1131
1000 2394
1002 2216
1004 2294
1006 2216
1008 2293
1010 2219
1012 2294
1014 2217
1016 2216
1018 2216
1020 2218
1022 2217
1024 2217
1026 2254
1028 2251
1030 2299
1032 2220
1034 2697
1036 2348
1038 2274
1040 2276
1042 2328
1044 2246
1046 2283
1048 2311
1050 2863
1052 2361
1054 2317
1056 2317
1058 2325
1060 2330
1062 2218
1064 2290
1066 2216
1068 2216
1070 2294
1072 2275
1074 2350
1076 2278
1078 2278
1080 2272
1082 2458
1084 2402
1086 2444
1088 2274
1090 2335
1092 2275
1094 2312
1096 2309
1098 2270
1100 2289
1102 2251
1104 2217
1106 2217
1108 2253
1110 2212
1112 2217
1114 2366
1116 2396
1118 2259
1120 2252
1122 2217
1124 2293
1126 2291
1128 2290
1130 2217
1132 2253
1134 2216
1136 2253
1138 2216
1140 2217
1142 2297
1144 2251
1146 2327
1148 2217
1150 2252
1152 2294
1154 2219
1156 2315
1158 2253
1160 2216
1162 2216
1164 2253
1166 2213
1168 2255
1170 2294
1172 2212
1174 2219
1176 2343
1178 2212
1180 2253
1182 2217
1184 2254
1186 2216
1188 2218
1190 2253
1192 2219
1194 2293
1196 2270
1198 2313
1200 2213
1202 2350
1204 2254
1206 2214
1208 2306
1210 2258
1212 2290
1214 2279
1216 2219
1218 2219
1220 2216
1222 2213
1224 2217
1226 2291
1228 2217
1230 2216
1232 2214
1234 2288
1236 2254
1238 2287
1240 2358
1242 2254
1244 2215
1246 2274
1248 2217
1250 2216
1252 2253
1254 2288
1256 2289
1258 2216
1260 2217
1262 2288
1264 2215
1266 2216
1268 2237
1270 2238
1272 2310
1274 2216
1276 2216
1278 2325
1280 2219
1282 2218
1284 2260
1286 2252
1288 2624
1290 2345
1292 2275
1294 2431
1296 2337
1298 2336
1300 2350
1302 2277
1304 2270
1306 2217
1308 2295
1310 2349
1312 2215
1314 2216
1316 2216
1318 2216
1320 2737
1322 2356
1324 2322
1326 2274
1328 2460
1330 2316
1332 2214
1334 2291
1336 2247
1338 2392
1340 2318
1342 2297
1344 2252
1346 2236
1348 2217
1350 2288
1352 2217
1354 2290
1356 2296
1358 2251
1360 2213
1362 2254
1364 2215
1366 2215
1368 2295
1370 2273
1372 2216
1374 2217
1376 2308
1378 2291
1380 2254
1382 2252
1384 2218
1386 2217
1388 2252
1390 2290
1392 2216
1394 2288
1396 2214
1398 2217
1400 2289
1402 2253
1404 2290
1406 2212
1408 2220
1410 2331
1412 2218
1414 2252
1416 2251
1418 2288
1420 2255
1422 2213
1424 2216
1426 2274
1428 2216
1430 2216
1432 2367
1434 2218
1436 2219
1438 2313
1440 2213
1442 2216
1444 2216
1446 2290
1448 2217
1450 2220
1452 2212
1454 2217
1456 2217
1458 2253
1460 2216
1462 2220
1464 2254
1466 2217
1468 2347
1470 2309
1472 2274
1474 2272
1476 2275
1478 2231
1480 2217
1482 2216
1484 2218
1486 2400
1488 2216
1490 2404
1492 2213
1494 2216
1496 2416
1498 2219
1500 2235
1502 2253
1504 2372
1506 2219
1508 2250
1510 2216
1512 2217
1514 2214
1516 2216
1518 2214
1520 2252
1522 2253
1524 2253
1526 2216
1528 2404
1530 2218
1532 2216
1534 2290
1536 2220
1538 2219
1540 2256
1542 2217
1544 2256
1546 2217
1548 2217
1550 2213
1552 2254
1554 2274
1556 2217
1558 2255
1560 2360
1562 2217
1564 2216
1566 2254
1568 2257
1570 2218
1572 2328
1574 2220
1576 2219
1578 2290
1580 2636
1582 2277
1584 2281
1586 2339
1588 2309
1590 2218
1592 2215
1594 2251
1596 2217
1598 2233
1600 2294
1602 2220
1604 2255
1606 2249
1608 2601
1610 2343
1612 2277
1614 2310
1616 2447
1618 2360
1620 2275
1622 2275
1624 2307
1626 2367
1628 2325
1630 2406
1632 2217
1634 2297
1636 2216
1638 2217
1640 2364
1642 2219
1644 2216
1646 2505
1648 2217
1650 2274
1652 2324
1654 2313
1656 2313
1658 2272
1660 2286
1662 2215
1664 2217
1666 2219
1668 2299
1670 2219
1672 2361
1674 2300
1676 2217
1678 2250
1680 2214
1682 2216
1684 2254
1686 2215
1688 2295
1690 2252
1692 2325
1694 2213
1696 2327
1698 2218
1700 2291
1702 2217
1704 2420
1706 2217
1708 2218
1710 2217
1712 2217
1714 2217
1716 2253
1718 2216
1720 2290
1722 2252
1724 2219
1726 2275
1728 2289
1730 2255
1732 2338
1734 2213
1736 2254
1738 2256
1740 2256
1742 2216
1744 2217
1746 2217
1748 2321
1750 2254
1752 2216
1754 2289
1756 2296
1758 2254
1760 2475
1762 2292
1764 2305
1766 2277
1768 2277
1770 2274
1772 2219
1774 2371
1776 2216
1778 2303
1780 2216
1782 2216
1784 2217
1786 2253
1788 2219
1790 2295
1792 2291
1794 2219
1796 2302
1798 2290
1800 2219
1802 2253
1804 2217
1806 2216
1808 2217
1810 2215
1812 2253
1814 2292
1816 2255
1818 2292
1820 2216
1822 2366
1824 2290
1826 2252
1828 2216
1830 2252
1832 2291
1834 2216
1836 2254
1838 2216
1840 2216
1842 2316
1844 2235
1846 2292
1848 2361
1850 2251
1852 2216
1854 2254
1856 2212
1858 2212
1860 2218
1862 2250
1864 2212
1866 2216
1868 2251
1870 2253
1872 2252
1874 2328
1876 2217
1878 2216
1880 2216
1882 2291
1884 2212
1886 2253
1888 2217
1890 2253
1892 2216
1894 2254
1896 2217
1898 2557
1900 2485
1902 2290
1904 2371
1906 2276
1908 2274
1910 2274
1912 2277
1914 2367
1916 2216
1918 2291
1920 2254
1922 2252
1924 2253
1926 2216
1928 2217
1930 2254
1932 2219
1934 2219
1936 2219
1938 2216
1940 2364
1942 2291
1944 2326
1946 2217
1948 2254
1950 2289
1952 2216
1954 2313
1956 2253
1958 2253
1960 2256
1962 2249
1964 2216
1966 2217
1968 2219
1970 2216
1972 2217
1974 2293
1976 2216
1978 2217
1980 2252
1982 2288
1984 2232
1986 2215
1988 2309
1990 2216
1992 2216
1994 2249
1996 2217
1998 2329
2000 4645
