2 115
4 104
6 103
8 101
10 101
12 101
14 100
16 109
18 109
20 108
22 109
24 109
26 109
28 108
30 108
32 138
34 138
36 137
38 138
40 137
42 138
44 137
46 138
48 138
50 138
52 138
54 138
56 148
58 141
60 142
62 174
64 206
66 206
68 206
70 206
72 223
74 206
76 206
78 206
80 227
82 212
84 212
86 211
88 206
90 207
92 206
94 206
96 206
98 206
100 206
102 206
104 206
106 206
108 206
110 206
112 206
114 206
116 206
118 206
120 206
122 206
124 206
126 373
128 346
130 328
132 329
134 368
136 329
138 329
140 329
142 329
144 375
146 338
148 337
150 337
152 372
154 337
156 337
158 337
160 337
162 337
164 337
166 337
168 391
170 337
172 337
174 337
176 337
178 337
180 337
182 359
184 337
186 338
188 338
190 338
192 337
194 338
196 338
198 338
200 338
202 337
204 338
206 337
208 338
210 338
212 376
214 396
216 461
218 404
220 338
222 338
224 340
226 338
228 338
230 407
232 337
234 337
236 337
238 352
240 338
242 387
244 337
246 354
248 337
250 609
252 691
254 774
256 692
258 609
260 609
262 634
264 610
266 609
268 609
270 612
272 611
274 610
276 649
278 784
280 630
282 631
284 630
286 648
288 626
290 628
292 644
294 628
296 630
298 624
300 626
302 626
304 626
306 646
308 628
310 624
312 625
314 628
316 630
318 625
320 625
322 625
324 628
326 669
328 630
330 628
332 630
334 628
336 628
338 628
340 626
342 625
344 626
346 663
348 625
350 625
352 626
354 623
356 626
358 626
360 626
362 625
364 625
366 626
368 632
370 625
372 626
374 626
376 637
378 608
380 609
382 608
384 681
386 609
388 608
390 609
392 608
394 609
396 607
398 593
400 593
402 593
404 593
406 593
408 593
410 593
412 593
414 631
416 593
418 592
420 632
422 594
424 593
426 593
428 671
430 609
432 609
434 607
436 623
438 592
440 595
442 595
444 594
446 594
448 628
450 593
452 593
454 593
456 592
458 706
460 593
462 594
464 646
466 609
468 646
470 610
472 630
474 610
476 610
478 610
480 610
482 610
484 609
486 610
488 610
490 609
492 631
494 593
496 593
498 593
500 1131
502 1131
504 1131
506 1210
508 1161
510 1172
512 1130
514 1130
516 1131
518 1167
520 1207
522 1206
524 1131
526 1132
528 1131
530 1202
532 1133
534 1171
536 1168
538 1168
540 1168
542 1496
544 1257
546 1198
548 1291
550 1162
552 1162
554 1161
556 1162
558 1196
560 1190
562 1162
564 1190
566 1162
568 1162
570 1132
572 1197
574 1205
576 1133
578 1131
580 1132
582 1241
584 1132
586 1213
588 1160
590 1150
592 1131
594 1132
596 1132
598 1129
600 1128
602 1131
604 1131
606 1131
608 1185
610 1131
612 1131
614 1131
616 1242
618 1133
620 1133
622 1179
624 1160
626 1131
628 1168
630 1133
632 1130
634 1206
636 1130
638 1129
640 1217
642 1131
644 1258
646 1131
648 1131
650 1129
652 1133
654 1203
656 1169
658 1131
660 1132
662 1187
664 1132
666 1132
668 1204
670 1131
672 1287
674 1284
676 1130
678 1162
680 1159
682 1160
684 1162
686 1161
688 1200
690 1129
692 1167
694 1168
696 1131
698 1129
700 1131
702 1131
704 1167
706 1131
708 1131
710 1131
712 1131
714 1131
716 1207
718 1134
720 1128
722 1132
724 1130
726 1130
728 1167
730 1131
732 1130
734 1130
736 1131
738 1132
740 1237
742 1129
744 1131
746 1204
748 1132
750 1172
752 1225
754 1236
756 1299
758 1255
760 1161
762 1230
764 1200
766 1162
768 1214
770 1162
772 1162
774 1198
776 1160
778 1162
780 1246
782 1161
784 1395
786 1198
788 1161
790 1422
792 1160
794 1270
796 1205
798 1132
800 1132
802 1134
804 1162
806 1130
808 1131
810 1152
812 1131
814 1133
816 1130
818 1132
820 1133
822 1148
824 1130
826 1131
828 1128
830 1131
832 1133
834 1131
836 1131
838 1207
840 1155
842 1165
844 1131
846 1130
848 1202
850 1130
852 1131
854 1149
856 1131
858 1131
860 1132
862 1132
864 1168
866 1204
868 1230
870 1133
872 1132
874 1129
876 1128
878 1133
880 1167
882 1132
884 1131
886 1260
888 1130
890 1130
892 1131
894 1614
896 1234
898 1204
900 1163
902 1199
904 1161
906 1166
908 1229
910 1162
912 1163
914 1162
916 1131
918 1133
920 1132
922 1168
924 1131
926 1168
928 1131
930 1131
932 1131
934 1162
936 1162
938 1162
940 1164
942 1160
944 1161
946 1161
948 1198
950 1162
952 1158
954 1133
956 1132
958 1133
960 1207
962 1132
964 1209
966 1198
968 1160
970 1160
972 1198
974 1161
976 1163
978 1161
980 1220
982 1163
984 1310
986 1133
988 1131
990 1157
992 1161
994 1163
996 1160
998 1201
1000 2274
1002 2317
1004 2273
1006 2339
1008 2293
1010 2348
1012 2313
1014 2275
1016 2291
1018 2234
1020 2257
1022 2255
1024 2238
1026 2217
1028 2251
1030 2361
1032 2215
1034 2251
1036 2287
1038 2327
1040 2285
1042 2218
1044 2213
1046 2216
1048 2233
1050 2216
1052 2215
1054 2213
1056 2216
1058 2213
1060 2415
1062 2216
1064 2313
1066 2292
1068 2216
1070 2325
1072 2330
1074 2213
1076 2216
1078 2253
1080 2236
1082 2219
1084 2277
1086 2222
1088 2254
1090 2219
1092 2215
1094 2220
1096 2219
1098 2303
1100 2212
1102 2212
1104 2287
1106 2253
1108 2216
1110 2252
1112 2397
1114 2285
1116 2272
1118 2294
1120 2213
1122 2292
1124 2290
1126 2219
1128 2254
1130 2254
1132 2216
1134 2249
1136 2217
1138 2290
1140 2213
1142 2212
1144 2252
1146 2253
1148 2216
1150 2219
1152 2217
1154 2253
1156 2213
1158 2690
1160 2584
1162 2336
1164 2276
1166 2344
1168 2303
1170 2408
1172 2254
1174 2252
1176 2254
1178 2294
1180 2336
1182 2216
1184 2253
1186 2212
1188 2218
1190 2233
1192 2216
1194 2213
1196 2369
1198 2213
1200 2291
1202 2251
1204 2217
1206 2290
1208 2216
1210 2215
1212 2289
1214 2213
1216 2325
1218 2213
1220 2212
1222 2253
1224 2286
1226 2215
1228 2327
1230 2404
1232 2219
1234 2297
1236 2300
1238 2252
1240 2216
1242 2249
1244 2219
1246 2218
1248 2212
1250 2218
1252 2219
1254 2253
1256 2217
1258 2216
1260 2285
1262 2218
1264 2236
1266 2250
1268 2293
1270 2291
1272 2330
1274 2218
1276 2292
1278 2255
1280 2217
1282 2291
1284 2216
1286 2216
1288 2253
1290 2216
1292 2326
1294 2332
1296 2446
1298 2422
1300 2276
1302 2278
1304 2253
1306 2217
1308 2218
1310 2252
1312 2215
1314 2215
1316 2289
1318 2217
1320 2214
1322 2329
1324 2254
1326 2216
1328 2290
1330 2217
1332 2216
1334 2216
1336 2216
1338 2217
1340 2252
1342 2216
1344 2216
1346 2252
1348 2368
1350 2216
1352 2250
1354 2419
1356 2276
1358 2277
1360 2275
1362 2274
1364 2275
1366 2265
1368 2213
1370 2214
1372 2254
1374 2426
1376 2348
1378 2252
1380 2216
1382 2214
1384 2290
1386 2213
1388 2252
1390 2252
1392 2215
1394 2214
1396 2217
1398 2216
1400 2217
1402 2216
1404 2216
1406 2216
1408 2291
1410 2255
1412 2449
1414 2275
1416 2312
1418 2243
1420 2218
1422 2254
1424 2216
1426 2326
1428 2255
1430 2216
1432 2218
1434 2292
1436 2253
1438 2218
1440 2358
1442 2289
1444 2216
1446 2706
1448 2277
1450 2276
1452 2350
1454 2366
1456 2340
1458 2277
1460 2275
1462 2285
1464 2326
1466 2254
1468 2218
1470 2252
1472 2290
1474 2217
1476 2311
1478 2217
1480 2327
1482 2343
1484 2213
1486 2238
1488 2236
1490 2217
1492 2254
1494 2313
1496 2217
1498 2217
1500 2253
1502 2214
1504 2286
1506 2217
1508 2334
1510 2217
1512 2259
1514 2289
1516 2253
1518 2217
1520 2255
1522 2215
1524 2219
1526 2256
1528 2392
1530 2217
1532 2326
1534 2213
1536 2288
1538 2288
1540 2219
1542 2219
1544 2219
1546 2217
1548 2218
1550 2348
1552 2767
1554 2275
1556 2274
1558 2337
1560 2337
1562 2338
1564 2274
1566 2274
1568 2317
1570 2215
1572 2255
1574 2326
1576 2216
1578 2255
1580 2251
1582 2215
1584 2215
1586 2423
1588 2217
1590 2217
1592 2253
1594 2216
1596 2252
1598 2254
1600 2292
1602 2218
1604 2291
1606 2216
1608 2218
1610 2217
1612 2212
1614 2333
1616 2219
1618 2217
1620 2217
1622 2216
1624 2253
1626 2216
1628 2296
1630 2256
1632 2220
1634 2291
1636 2253
1638 2218
1640 2219
1642 2365
1644 2217
1646 2212
1648 2231
1650 2257
1652 2219
1654 2219
1656 2216
1658 2217
1660 2323
1662 2288
1664 2216
1666 2254
1668 2216
1670 2295
1672 2217
1674 2254
1676 2213
1678 2214
1680 2293
1682 2213
1684 2290
1686 2272
1688 2217
1690 2219
1692 2328
1694 2220
1696 2219
1698 2219
1700 2218
1702 2317
1704 2219
1706 2214
1708 2277
1710 2277
1712 2278
1714 2217
1716 2214
1718 2303
1720 2219
1722 2217
1724 2253
1726 2217
1728 2213
1730 2325
1732 2408
1734 2218
1736 2280
1738 2302
1740 2404
1742 2401
1744 2219
1746 2219
1748 2320
1750 2423
1752 2253
1754 2216
1756 2294
1758 2214
1760 2329
1762 2219
1764 2252
1766 2364
1768 2216
1770 2291
1772 2251
1774 2214
1776 2254
1778 2250
1780 2340
1782 2218
1784 2327
1786 2216
1788 2217
1790 2290
1792 2219
1794 2583
1796 2406
1798 2254
1800 2286
1802 2292
1804 2220
1806 2304
1808 2302
1810 2336
1812 2216
1814 2236
1816 2218
1818 2370
1820 2216
1822 2216
1824 2289
1826 2213
1828 2252
1830 2215
1832 2216
1834 2290
1836 2405
1838 2277
1840 2252
1842 2213
1844 2366
1846 2236
1848 2220
1850 2358
1852 2290
1854 2219
1856 2216
1858 2251
1860 2216
1862 2252
1864 2294
1866 2250
1868 2217
1870 2290
1872 2251
1874 2215
1876 2287
1878 2405
1880 2213
1882 2216
1884 2289
1886 2253
1888 2217
1890 2294
1892 2217
1894 2252
1896 2218
1898 2215
1900 2253
1902 2314
1904 2216
1906 2213
1908 2253
1910 2287
1912 2216
1914 2215
1916 2362
1918 2216
1920 2291
1922 2276
1924 2219
1926 2220
1928 2311
1930 2216
1932 2290
1934 2216
1936 2216
1938 2251
1940 2216
1942 2220
1944 2254
1946 2253
1948 2370
1950 2213
1952 2254
1954 2256
1956 2289
1958 2293
1960 2292
1962 2216
1964 2289
1966 2291
1968 2217
1970 2364
1972 2216
1974 2216
1976 2216
1978 2291
1980 2399
1982 2213
1984 2290
1986 2253
1988 2215
1990 2216
1992 2254
1994 2288
1996 2369
1998 2325
2000 4436
