2 145
4 131
6 130
8 127
10 127
12 126
14 126
16 138
18 137
20 137
22 137
24 138
26 137
28 138
30 140
32 154
34 154
36 154
38 153
40 154
42 154
44 154
46 154
48 153
50 153
52 153
54 158
56 153
58 154
60 153
62 189
64 223
66 224
68 224
70 224
72 224
74 224
76 225
78 224
80 223
82 224
84 223
86 224
88 223
90 221
92 206
94 206
96 206
98 206
100 205
102 206
104 206
106 206
108 205
110 219
112 201
114 201
116 262
118 200
120 201
122 280
124 199
126 327
128 329
130 329
132 404
134 329
136 329
138 329
140 329
142 329
144 329
146 329
148 329
150 329
152 329
154 406
156 329
158 328
160 329
162 328
164 328
166 328
168 329
170 329
172 329
174 329
176 389
178 329
180 329
182 329
184 329
186 329
188 328
190 329
192 329
194 329
196 328
198 328
200 329
202 329
204 329
206 328
208 329
210 404
212 329
214 404
216 329
218 329
220 328
222 329
224 328
226 329
228 329
230 329
232 328
234 329
236 329
238 329
240 329
242 329
244 329
246 385
248 329
250 594
252 672
254 593
256 593
258 592
260 593
262 593
264 592
266 655
268 593
270 593
272 593
274 667
276 593
278 593
280 593
282 593
284 592
286 595
288 658
290 593
292 593
294 593
296 592
298 593
300 630
302 593
304 591
306 668
308 593
310 709
312 594
314 593
316 594
318 593
320 593
322 593
324 671
326 594
328 594
330 594
332 594
334 594
336 594
338 594
340 594
342 592
344 595
346 591
348 595
350 591
352 593
354 594
356 593
358 592
360 593
362 594
364 595
366 594
368 593
370 593
372 692
374 870
376 767
378 723
380 608
382 609
384 636
386 608
388 609
390 680
392 609
394 609
396 609
398 609
400 609
402 609
404 609
406 609
408 610
410 609
412 683
414 594
416 593
418 594
420 592
422 592
424 594
426 593
428 593
430 595
432 687
434 704
436 594
438 594
440 630
442 593
444 593
446 593
448 655
450 656
452 610
454 609
456 609
458 609
460 609
462 609
464 609
466 609
468 646
470 608
472 593
474 704
476 593
478 593
480 593
482 593
484 593
486 593
488 668
490 593
492 592
494 668
496 593
498 593
500 1131
502 1131
504 1131
506 1130
508 1222
510 1162
512 1161
514 1161
516 1161
518 1163
520 1198
522 1198
524 1198
526 1161
528 1163
530 1182
532 1199
534 1161
536 1162
538 1161
540 1196
542 1161
544 1161
546 1353
548 1133
550 1133
552 1131
554 1131
556 1133
558 1163
560 1469
562 1362
564 1274
566 1310
568 1193
570 1197
572 1199
574 1202
576 1195
578 1200
580 1343
582 1161
584 1162
586 1199
588 1192
590 1257
592 1193
594 1192
596 1201
598 1193
600 1197
602 1200
604 1215
606 1197
608 1194
610 1221
612 1193
614 1229
616 1204
618 1193
620 1213
622 1190
624 1192
626 1292
628 1227
630 1227
632 1267
634 1220
636 1200
638 1362
640 1335
642 1208
644 1196
646 1367
648 1198
650 1192
652 1192
654 1192
656 1192
658 1186
660 1160
662 1161
664 1195
666 1160
668 1160
670 1160
672 1196
674 1160
676 1160
678 1194
680 1160
682 1232
684 1231
686 1131
688 1239
690 1170
692 1161
694 1229
696 1161
698 1161
700 1166
702 1131
704 1131
706 1131
708 1131
710 1131
712 1225
714 1161
716 1161
718 1131
720 1131
722 1287
724 1131
726 1131
728 1169
730 1131
732 1168
734 1131
736 1131
738 1131
740 1131
742 1131
744 1231
746 1160
748 1161
750 1161
752 1130
754 1203
756 1167
758 1200
760 1131
762 1131
764 1131
766 1132
768 1271
770 1160
772 1161
774 1161
776 1168
778 1131
780 1168
782 1133
784 1133
786 1132
788 1132
790 1168
792 1238
794 1256
796 1129
798 1173
800 1161
802 1161
804 1161
806 1161
808 1162
810 1160
812 1167
814 1131
816 1279
818 1129
820 1220
822 1162
824 1161
826 1192
828 1130
830 1130
832 1129
834 1130
836 1205
838 1211
840 1131
842 1132
844 1211
846 1132
848 1131
850 1194
852 1162
854 1131
856 1131
858 1131
860 1131
862 1192
864 1131
866 1131
868 1131
870 1130
872 1131
874 1204
876 1130
878 1131
880 1131
882 1130
884 1131
886 1281
888 1161
890 1132
892 1206
894 1220
896 1170
898 1130
900 1130
902 1212
904 1204
906 1164
908 1178
910 1163
912 1178
914 1161
916 1131
918 1131
920 1132
922 1132
924 1131
926 1169
928 1131
930 1254
932 1266
934 1133
936 1133
938 1162
940 1164
942 1198
944 1239
946 1159
948 1131
950 1131
952 1131
954 1129
956 1131
958 1130
960 1131
962 1446
964 1306
966 1133
968 1167
970 1161
972 1161
974 1162
976 1225
978 1290
980 1161
982 1268
984 1132
986 1131
988 1132
990 1131
992 1131
994 1168
996 1151
998 1193
1000 2216
1002 2215
1004 2216
1006 2216
1008 2217
1010 2216
1012 2363
1014 2212
1016 2217
1018 2272
1020 2340
1022 2273
1024 2325
1026 2276
1028 2354
1030 2315
1032 2313
1034 2279
1036 2324
1038 2275
1040 2556
1042 2490
1044 2395
1046 2384
1048 2313
1050 2275
1052 2274
1054 2341
1056 2232
1058 2295
1060 2253
1062 2348
1064 2297
1066 2255
1068 2277
1070 2310
1072 2315
1074 2217
1076 2289
1078 2215
1080 2218
1082 2218
1084 2216
1086 2216
1088 2321
1090 2216
1092 2218
1094 2216
1096 2254
1098 2216
1100 2216
1102 2294
1104 2216
1106 2216
1108 2218
1110 2291
1112 2272
1114 2217
1116 2322
1118 2216
1120 2218
1122 2308
1124 2273
1126 2218
1128 2322
1130 2217
1132 2217
1134 2253
1136 2253
1138 2216
1140 2373
1142 2217
1144 2216
1146 2217
1148 2217
1150 2216
1152 2217
1154 2214
1156 2216
1158 2217
1160 2216
1162 2290
1164 2216
1166 2291
1168 2216
1170 2253
1172 2292
1174 2219
1176 2213
1178 2326
1180 2217
1182 2277
1184 2239
1186 2216
1188 2216
1190 2216
1192 2218
1194 2395
1196 2216
1198 2216
1200 2216
1202 2216
1204 2217
1206 2252
1208 2216
1210 2253
1212 2219
1214 2285
1216 2294
1218 2214
1220 2219
1222 2289
1224 2218
1226 2213
1228 2270
1230 2324
1232 2217
1234 2218
1236 2216
1238 2218
1240 2311
1242 2219
1244 2219
1246 2272
1248 2253
1250 2216
1252 2218
1254 2289
1256 2216
1258 2377
1260 2253
1262 2289
1264 2220
1266 2302
1268 2439
1270 2217
1272 2323
1274 2367
1276 2216
1278 2284
1280 2220
1282 2214
1284 2395
1286 2254
1288 2213
1290 2271
1292 2217
1294 2216
1296 2428
1298 2502
1300 2309
1302 2512
1304 2332
1306 2340
1308 2357
1310 2276
1312 2277
1314 2310
1316 2275
1318 2405
1320 2275
1322 2216
1324 2215
1326 2349
1328 2772
1330 2398
1332 2346
1334 2274
1336 2414
1338 2271
1340 2275
1342 2291
1344 2713
1346 2268
1348 2321
1350 2315
1352 2274
1354 2348
1356 2307
1358 2364
1360 2218
1362 2363
1364 2217
1366 2218
1368 2266
1370 2216
1372 2292
1374 2213
1376 2216
1378 2216
1380 2216
1382 2216
1384 2216
1386 2216
1388 2287
1390 2297
1392 2214
1394 2217
1396 2292
1398 2289
1400 2289
1402 2293
1404 2212
1406 2216
1408 2292
1410 2216
1412 2216
1414 2316
1416 2217
1418 2213
1420 2217
1422 2216
1424 2217
1426 2218
1428 2218
1430 2219
1432 2217
1434 2214
1436 2419
1438 2219
1440 2308
1442 2283
1444 2213
1446 2218
1448 2291
1450 2214
1452 2216
1454 2368
1456 2216
1458 2352
1460 2476
1462 2275
1464 2275
1466 2275
1468 2308
1470 2275
1472 2328
1474 2217
1476 2253
1478 2254
1480 2218
1482 2291
1484 2254
1486 2213
1488 2295
1490 2250
1492 2216
1494 2217
1496 2292
1498 2212
1500 2214
1502 2287
1504 2215
1506 2408
1508 2217
1510 2216
1512 2217
1514 2216
1516 2363
1518 2219
1520 2312
1522 2269
1524 2216
1526 2216
1528 2302
1530 2349
1532 2325
1534 2362
1536 2274
1538 2322
1540 2314
1542 2212
1544 2217
1546 2215
1548 2213
1550 2217
1552 2714
1554 2343
1556 5111
1558 2438
1560 2277
1562 2379
1564 2304
1566 2275
1568 2277
1570 2311
1572 2275
1574 2275
1576 2307
1578 2214
1580 2217
1582 2287
1584 2217
1586 2337
1588 2252
1590 2373
1592 2218
1594 2256
1596 2310
1598 2219
1600 2292
1602 2218
1604 2257
1606 2216
1608 2220
1610 2217
1612 2291
1614 2217
1616 2217
1618 2216
1620 2387
1622 2217
1624 2230
1626 2252
1628 2293
1630 2218
1632 2253
1634 2231
1636 2216
1638 2252
1640 2293
1642 2217
1644 2366
1646 2253
1648 2372
1650 2290
1652 2219
1654 2217
1656 2217
1658 2217
1660 2217
1662 2292
1664 2216
1666 2254
1668 2273
1670 2291
1672 2353
1674 2291
1676 2332
1678 2216
1680 2217
1682 2339
1684 2216
1686 2292
1688 2254
1690 2253
1692 2215
1694 2236
1696 2219
1698 2218
1700 2220
1702 2219
1704 2253
1706 2367
1708 2217
1710 2217
1712 2215
1714 2253
1716 2218
1718 2216
1720 2254
1722 2217
1724 2217
1726 2293
1728 2217
1730 2286
1732 2253
1734 2297
1736 2253
1738 2219
1740 2302
1742 2216
1744 2397
1746 2217
1748 2216
1750 2213
1752 2216
1754 2216
1756 2216
1758 2235
1760 2290
1762 2295
1764 2397
1766 2216
1768 2253
1770 2292
1772 2219
1774 2217
1776 2251
1778 2219
1780 2216
1782 2254
1784 2288
1786 2219
1788 2219
1790 2285
1792 2217
1794 2216
1796 2255
1798 2291
1800 2215
1802 2350
1804 2216
1806 2215
1808 2252
1810 2217
1812 2213
1814 2347
1816 2217
1818 2218
1820 2255
1822 2252
1824 2216
1826 2255
1828 2291
1830 2355
1832 2217
1834 2216
1836 2216
1838 2669
1840 2252
1842 2335
1844 2275
1846 2274
1848 2305
1850 2343
1852 2266
1854 2353
1856 2322
1858 2687
1860 2428
1862 2383
1864 2336
1866 2336
1868 2341
1870 2277
1872 2271
1874 2370
1876 2251
1878 2328
1880 2289
1882 2213
1884 2217
1886 2213
1888 2256
1890 2217
1892 2216
1894 2328
1896 2253
1898 2216
1900 2251
1902 2292
1904 2216
1906 2249
1908 2218
1910 2213
1912 2233
1914 2260
1916 2301
1918 2215
1920 2254
1922 2218
1924 2216
1926 2299
1928 2219
1930 2352
1932 2252
1934 2328
1936 2218
1938 2251
1940 2215
1942 2250
1944 2289
1946 2216
1948 2217
1950 2213
1952 2251
1954 2293
1956 2219
1958 2252
1960 2217
1962 2290
1964 2253
1966 2217
1968 2294
1970 2289
1972 2258
1974 2252
1976 2250
1978 2218
1980 2529
1982 2311
1984 2314
1986 2217
1988 2217
1990 2215
1992 2217
1994 2368
1996 2294
1998 2213
2000 4436
