2 215
4 197
6 196
8 184
10 183
12 183
14 182
16 174
18 175
20 171
22 171
24 172
26 172
28 171
30 171
32 170
34 169
36 167
38 168
40 168
42 167
44 167
46 167
48 167
50 168
52 168
54 189
56 193
58 175
60 174
62 183
64 189
66 193
68 189
70 189
72 188
74 188
76 187
78 187
80 187
82 187
84 187
86 188
88 188
90 225
92 189
94 188
96 191
98 188
100 188
102 187
104 188
106 188
108 187
110 187
112 188
114 188
116 186
118 188
120 188
122 187
124 187
126 239
128 241
130 238
132 241
134 242
136 238
138 255
140 240
142 241
144 241
146 241
148 278
150 239
152 239
154 239
156 238
158 277
160 238
162 239
164 238
166 235
168 235
170 233
172 232
174 232
176 232
178 232
180 232
182 232
184 231
186 232
188 232
190 232
192 232
194 232
196 232
198 232
200 232
202 232
204 233
206 232
208 232
210 233
212 238
214 238
216 238
218 273
220 238
222 239
224 238
226 360
228 270
230 233
232 233
234 234
236 232
238 271
240 365
242 233
244 248
246 238
248 239
250 378
252 359
254 359
256 359
258 453
260 377
262 358
264 359
266 358
268 358
270 358
272 359
274 358
276 359
278 359
280 358
282 358
284 363
286 350
288 349
290 349
292 349
294 349
296 349
298 349
300 350
302 349
304 369
306 349
308 348
310 350
312 349
314 349
316 349
318 349
320 368
322 349
324 350
326 459
328 350
330 437
332 349
334 350
336 348
338 349
340 349
342 349
344 349
346 348
348 350
350 349
352 350
354 350
356 350
358 349
360 349
362 350
364 349
366 350
368 349
370 349
372 349
374 349
376 350
378 350
380 349
382 349
384 349
386 349
388 409
390 351
392 351
394 350
396 349
398 350
400 349
402 350
404 351
406 350
408 352
410 390
412 349
414 350
416 349
418 349
420 350
422 406
424 349
426 350
428 349
430 350
432 386
434 350
436 350
438 349
440 349
442 349
444 349
446 349
448 349
450 349
452 349
454 349
456 349
458 350
460 350
462 349
464 350
466 350
468 350
470 349
472 349
474 349
476 350
478 350
480 350
482 421
484 349
486 371
488 349
490 349
492 349
494 349
496 386
498 349
500 599
502 599
504 598
506 598
508 598
510 598
512 598
514 598
516 598
518 598
520 597
522 598
524 598
526 598
528 598
530 598
532 597
534 598
536 598
538 598
540 598
542 598
544 598
546 634
548 598
550 598
552 617
554 598
556 598
558 671
560 598
562 598
564 598
566 598
568 598
570 635
572 598
574 598
576 598
578 598
580 675
582 635
584 691
586 600
588 598
590 598
592 598
594 691
596 680
598 662
600 614
602 613
604 615
606 649
608 614
610 669
612 616
614 615
616 647
618 616
620 598
622 598
624 598
626 636
628 710
630 599
632 601
634 598
636 598
638 598
640 635
642 599
644 598
646 598
648 598
650 599
652 598
654 599
656 599
658 599
660 599
662 598
664 599
666 598
668 599
670 598
672 598
674 597
676 599
678 598
680 598
682 598
684 622
686 619
688 597
690 598
692 598
694 598
696 598
698 638
700 598
702 597
704 597
706 598
708 598
710 598
712 598
714 645
716 600
718 615
720 651
722 614
724 634
726 617
728 617
730 658
732 598
734 598
736 684
738 600
740 598
742 598
744 598
746 599
748 618
750 598
752 598
754 598
756 598
758 597
760 601
762 599
764 599
766 598
768 598
770 599
772 598
774 598
776 599
778 598
780 599
782 598
784 598
786 598
788 599
790 598
792 598
794 598
796 598
798 598
800 598
802 598
804 598
806 597
808 598
810 600
812 598
814 599
816 598
818 598
820 598
822 599
824 599
826 699
828 598
830 597
832 598
834 599
836 674
838 598
840 598
842 598
844 598
846 631
848 598
850 598
852 598
854 598
856 598
858 636
860 598
862 599
864 598
866 598
868 598
870 635
872 599
874 599
876 634
878 598
880 599
882 598
884 598
886 598
888 598
890 597
892 674
894 598
896 598
898 598
900 598
902 599
904 598
906 671
908 598
910 598
912 599
914 635
916 598
918 709
920 598
922 597
924 599
926 598
928 598
930 634
932 597
934 597
936 597
938 598
940 634
942 709
944 598
946 599
948 598
950 598
952 598
954 634
956 597
958 598
960 597
962 598
964 598
966 598
968 599
970 599
972 672
974 598
976 598
978 599
980 615
982 614
984 615
986 663
988 717
990 600
992 599
994 599
996 598
998 598
1000 1143
1002 1150
1004 1151
1006 1151
1008 1190
1010 1149
1012 1148
1014 1149
1016 1187
1018 1139
1020 1415
1022 1150
1024 1148
1026 1227
1028 1150
1030 1147
1032 1147
1034 1168
1036 1147
1038 1146
1040 1147
1042 1118
1044 1155
1046 1119
1048 1119
1050 1159
1052 1121
1054 1122
1056 1141
1058 1193
1060 1118
1062 1118
1064 1118
1066 1119
1068 1118
1070 1152
1072 1152
1074 1231
1076 1415
1078 1152
1080 1150
1082 1216
1084 1221
1086 1185
1088 1208
1090 1182
1092 1230
1094 1234
1096 1151
1098 1191
1100 1152
1102 1155
1104 1181
1106 1179
1108 1182
1110 1222
1112 1148
1114 1168
1116 1148
1118 1149
1120 1150
1122 1148
1124 1185
1126 1149
1128 1149
1130 1148
1132 1148
1134 1184
1136 1336
1138 1148
1140 1148
1142 1148
1144 1152
1146 1212
1148 1151
1150 1150
1152 1223
1154 1150
1156 1149
1158 1148
1160 1149
1162 1148
1164 1148
1166 1148
1168 1225
1170 1150
1172 1187
1174 1221
1176 1148
1178 1148
1180 1147
1182 1148
1184 1148
1186 1147
1188 1149
1190 1150
1192 1186
1194 1149
1196 1150
1198 1150
1200 1226
1202 1259
1204 1149
1206 1224
1208 1148
1210 1148
1212 1149
1214 1149
1216 1149
1218 1185
1220 1148
1222 1149
1224 1150
1226 1147
1228 1148
1230 1186
1232 1148
1234 1148
1236 1148
1238 1147
1240 1186
1242 1185
1244 1185
1246 1148
1248 1148
1250 1259
1252 1148
1254 1148
1256 1185
1258 1148
1260 1149
1262 1226
1264 1149
1266 1165
1268 1149
1270 1148
1272 1146
1274 1146
1276 1148
1278 1148
1280 1146
1282 1147
1284 1147
1286 1146
1288 1187
1290 1149
1292 1308
1294 1225
1296 1150
1298 1149
1300 1180
1302 1182
1304 1181
1306 1149
1308 1150
1310 1149
1312 1255
1314 1149
1316 1224
1318 1185
1320 1184
1322 1148
1324 1228
1326 1185
1328 1148
1330 1148
1332 1148
1334 1148
1336 1148
1338 1148
1340 1149
1342 1148
1344 1148
1346 1178
1348 1179
1350 1215
1352 1148
1354 1149
1356 1162
1358 1148
1360 1148
1362 1221
1364 1245
1366 1297
1368 1181
1370 1186
1372 1183
1374 1182
1376 1180
1378 1223
1380 1182
1382 1254
1384 1181
1386 1178
1388 1179
1390 1165
1392 1295
1394 1150
1396 1225
1398 1186
1400 1151
1402 1150
1404 1150
1406 1150
1408 1175
1410 1148
1412 1150
1414 1149
1416 1148
1418 1148
1420 1148
1422 1148
1424 1150
1426 1150
1428 1150
1430 1166
1432 1147
1434 1228
1436 1224
1438 1152
1440 1151
1442 1152
1444 1149
1446 1148
1448 1150
1450 1188
1452 1148
1454 1150
1456 1189
1458 1149
1460 1148
1462 1148
1464 1151
1466 1149
1468 1149
1470 1149
1472 1149
1474 1259
1476 1185
1478 1186
1480 1205
1482 1148
1484 1150
1486 1150
1488 1148
1490 1221
1492 1148
1494 1150
1496 1149
1498 1149
1500 1221
1502 1149
1504 1150
1506 1151
1508 1148
1510 1147
1512 1148
1514 1223
1516 1186
1518 1149
1520 1149
1522 1150
1524 1148
1526 1148
1528 1148
1530 1184
1532 1229
1534 1149
1536 1184
1538 1258
1540 1150
1542 1148
1544 1147
1546 1150
1548 1148
1550 1149
1552 1150
1554 1302
1556 1149
1558 1149
1560 1149
1562 1149
1564 1149
1566 1149
1568 1148
1570 1223
1572 1148
1574 1227
1576 1148
1578 1148
1580 1262
1582 1149
1584 1149
1586 1187
1588 1148
1590 1148
1592 1149
1594 1204
1596 1148
1598 1149
1600 1148
1602 1148
1604 1148
1606 1149
1608 1149
1610 1148
1612 1148
1614 1148
1616 1148
1618 1184
1620 1148
1622 1148
1624 1297
1626 1176
1628 1181
1630 1182
1632 1168
1634 1149
1636 1149
1638 1148
1640 1148
1642 1149
1644 1163
1646 1162
1648 1198
1650 1238
1652 1163
1654 1433
1656 1281
1658 1193
1660 1231
1662 1222
1664 1233
1666 1231
1668 1161
1670 1160
1672 1221
1674 1160
1676 1161
1678 1198
1680 1160
1682 1161
1684 1160
1686 1160
1688 1176
1690 1160
1692 1160
1694 1254
1696 1164
1698 1162
1700 1163
1702 1237
1704 1199
1706 1164
1708 1163
1710 1198
1712 1469
1714 1221
1716 1297
1718 1194
1720 1192
1722 1193
1724 1191
1726 1192
1728 1238
1730 1160
1732 1161
1734 1198
1736 1160
1738 1160
1740 1160
1742 1160
1744 1179
1746 1160
1748 1160
1750 1160
1752 1159
1754 1161
1756 1161
1758 1159
1760 1165
1762 1163
1764 1201
1766 1164
1768 1163
1770 1162
1772 1163
1774 1162
1776 1161
1778 1196
1780 1234
1782 1161
1784 1197
1786 1161
1788 1251
1790 1161
1792 1161
1794 1198
1796 1161
1798 1160
1800 1162
1802 1198
1804 1161
1806 1161
1808 1161
1810 1161
1812 1161
1814 1160
1816 1197
1818 1159
1820 1235
1822 1197
1824 1160
1826 1160
1828 1161
1830 1160
1832 1159
1834 1160
1836 1160
1838 1161
1840 1162
1842 1160
1844 1160
1846 1161
1848 1160
1850 1180
1852 1161
1854 1159
1856 1350
1858 1160
1860 1161
1862 1161
1864 1161
1866 1236
1868 1159
1870 1159
1872 1270
1874 1196
1876 1159
1878 1233
1880 1160
1882 1159
1884 1241
1886 1161
1888 1257
1890 1160
1892 1163
1894 1161
1896 1162
1898 1161
1900 1161
1902 1160
1904 1160
1906 1160
1908 1196
1910 1160
1912 1237
1914 1160
1916 1234
1918 1159
1920 1160
1922 1237
1924 1160
1926 1162
1928 1160
1930 1160
1932 1161
1934 1160
1936 1160
1938 1161
1940 1257
1942 1292
1944 1162
1946 1195
1948 1230
1950 1246
1952 1195
1954 1196
1956 1222
1958 1192
1960 1195
1962 1180
1964 1197
1966 1235
1968 1162
1970 1164
1972 1161
1974 1160
1976 1239
1978 1161
1980 1161
1982 1161
1984 1159
1986 1160
1988 1160
1990 1162
1992 1161
1994 1160
1996 1233
1998 1160
2000 2379
