2 134
4 132
6 132
8 118
10 202
12 100
14 100
16 109
18 110
20 109
22 109
24 109
26 109
28 109
30 109
32 138
34 138
36 137
38 141
40 141
42 147
44 142
46 142
48 161
50 142
52 141
54 141
56 141
58 142
60 146
62 182
64 206
66 206
68 206
70 207
72 206
74 206
76 206
78 206
80 206
82 206
84 208
86 206
88 206
90 206
92 206
94 206
96 276
98 206
100 206
102 206
104 206
106 206
108 206
110 206
112 206
114 235
116 205
118 205
120 206
122 206
124 206
126 337
128 374
130 337
132 356
134 337
136 337
138 337
140 337
142 337
144 337
146 337
148 337
150 337
152 338
154 337
156 337
158 372
160 337
162 337
164 337
166 354
168 337
170 337
172 337
174 338
176 338
178 337
180 338
182 337
184 337
186 337
188 357
190 337
192 337
194 337
196 337
198 337
200 337
202 337
204 337
206 337
208 337
210 376
212 338
214 359
216 337
218 357
220 337
222 477
224 384
226 329
228 329
230 329
232 329
234 329
236 523
238 328
240 329
242 350
244 337
246 337
248 385
250 609
252 608
254 608
256 609
258 609
260 609
262 609
264 609
266 609
268 645
270 610
272 608
274 608
276 608
278 609
280 608
282 718
284 659
286 591
288 668
290 593
292 593
294 593
296 746
298 594
300 593
302 630
304 593
306 593
308 594
310 610
312 593
314 593
316 593
318 593
320 593
322 593
324 593
326 593
328 594
330 592
332 592
334 593
336 593
338 593
340 593
342 593
344 594
346 593
348 631
350 592
352 630
354 592
356 593
358 593
360 593
362 666
364 594
366 593
368 594
370 593
372 594
374 704
376 593
378 593
380 593
382 629
384 593
386 593
388 593
390 593
392 659
394 593
396 630
398 594
400 594
402 594
404 594
406 594
408 591
410 594
412 595
414 594
416 594
418 594
420 594
422 594
424 608
426 594
428 593
430 594
432 593
434 594
436 594
438 593
440 593
442 593
444 593
446 596
448 593
450 592
452 593
454 636
456 704
458 748
460 660
462 593
464 845
466 593
468 593
470 593
472 593
474 650
476 975
478 831
480 693
482 691
484 711
486 693
488 609
490 609
492 633
494 626
496 626
498 626
500 1194
502 1194
504 1194
506 1181
508 1160
510 1160
512 1160
514 1161
516 1171
518 1131
520 1203
522 1131
524 1132
526 1131
528 1131
530 1207
532 1204
534 1131
536 1132
538 1169
540 1131
542 1168
544 1167
546 1133
548 1131
550 1131
552 1131
554 1132
556 1242
558 1132
560 1131
562 1131
564 1167
566 1131
568 1169
570 1131
572 1131
574 1131
576 1167
578 1131
580 1167
582 1131
584 1131
586 1131
588 1130
590 1131
592 1211
594 1249
596 1132
598 1133
600 1132
602 1132
604 1169
606 1131
608 1242
610 1133
612 1133
614 1133
616 1231
618 1133
620 1133
622 1134
624 1131
626 1133
628 1168
630 1206
632 1133
634 1133
636 1132
638 1130
640 1207
642 1131
644 1131
646 1131
648 1134
650 1133
652 1204
654 1131
656 1212
658 1131
660 1131
662 1131
664 1167
666 1131
668 1131
670 1133
672 1131
674 1211
676 1169
678 1132
680 1296
682 1240
684 1167
686 1131
688 1131
690 1131
692 1162
694 1161
696 1161
698 1160
700 1181
702 1146
704 1133
706 1279
708 1131
710 1131
712 1169
714 1132
716 1131
718 1131
720 1131
722 1130
724 1131
726 1131
728 1131
730 1131
732 1131
734 1242
736 1132
738 1168
740 1131
742 1167
744 1131
746 1205
748 1130
750 1131
752 1131
754 1131
756 1170
758 1247
760 1131
762 1131
764 1131
766 1151
768 1132
770 1204
772 1131
774 1129
776 1130
778 1130
780 1132
782 1242
784 1133
786 1133
788 1131
790 1131
792 1132
794 1168
796 1132
798 1131
800 1131
802 1133
804 1131
806 1210
808 1131
810 1170
812 1247
814 1131
816 1131
818 1167
820 1130
822 1129
824 1132
826 1439
828 1309
830 1276
832 1161
834 1229
836 1211
838 1160
840 1255
842 1198
844 1192
846 1192
848 1192
850 1223
852 1197
854 1160
856 1245
858 1161
860 1160
862 1204
864 1161
866 1163
868 1161
870 1161
872 1161
874 1183
876 1131
878 1131
880 1170
882 1131
884 1131
886 1206
888 1168
890 1131
892 1131
894 1131
896 1131
898 1205
900 1168
902 1131
904 1131
906 1131
908 1209
910 1168
912 1152
914 1167
916 1153
918 1169
920 1131
922 1217
924 1131
926 1131
928 1293
930 1161
932 1240
934 1161
936 1161
938 1168
940 1202
942 1133
944 1248
946 1132
948 1129
950 1131
952 1131
954 1170
956 1241
958 1128
960 1132
962 1204
964 1132
966 1131
968 1289
970 1170
972 1133
974 1132
976 1129
978 1129
980 1186
982 1206
984 1131
986 1131
988 1131
990 1131
992 1168
994 1130
996 1131
998 1130
1000 2253
1002 2290
1004 2336
1006 2217
1008 2292
1010 2217
1012 2213
1014 2253
1016 2220
1018 2214
1020 2213
1022 2219
1024 2254
1026 2215
1028 2219
1030 2214
1032 2219
1034 2289
1036 2217
1038 2253
1040 2251
1042 2254
1044 2216
1046 2328
1048 2218
1050 2219
1052 2214
1054 2213
1056 2219
1058 2216
1060 2213
1062 2252
1064 2218
1066 2294
1068 2217
1070 2217
1072 2315
1074 2276
1076 2345
1078 2311
1080 2275
1082 2314
1084 2312
1086 2276
1088 2276
1090 2337
1092 2256
1094 2216
1096 2254
1098 2253
1100 2363
1102 2540
1104 2407
1106 2495
1108 2386
1110 2275
1112 2272
1114 2313
1116 2280
1118 2235
1120 2217
1122 2219
1124 2219
1126 2219
1128 2364
1130 2216
1132 2216
1134 2365
1136 2215
1138 2215
1140 2295
1142 2216
1144 2218
1146 2253
1148 2250
1150 2291
1152 2220
1154 2217
1156 2217
1158 2213
1160 2427
1162 2217
1164 2217
1166 2324
1168 2255
1170 2214
1172 2253
1174 2614
1176 2591
1178 2445
1180 2342
1182 2682
1184 2459
1186 2340
1188 2335
1190 2336
1192 2338
1194 2336
1196 2499
1198 2342
1200 2395
1202 2371
1204 2338
1206 2338
1208 2348
1210 2353
1212 2338
1214 2338
1216 2336
1218 2275
1220 2399
1222 2310
1224 2270
1226 2271
1228 2282
1230 2287
1232 2213
1234 2327
1236 2288
1238 2311
1240 2286
1242 2287
1244 2213
1246 2233
1248 2271
1250 2212
1252 2212
1254 2361
1256 2294
1258 2213
1260 2255
1262 2213
1264 2289
1266 2212
1268 2252
1270 2213
1272 2213
1274 2288
1276 2213
1278 2250
1280 2290
1282 2292
1284 2213
1286 2252
1288 2251
1290 2212
1292 2213
1294 2216
1296 2324
1298 2253
1300 2213
1302 2212
1304 2556
1306 2364
1308 2553
1310 2275
1312 2278
1314 2275
1316 2274
1318 2271
1320 2278
1322 2291
1324 2252
1326 2256
1328 2214
1330 2254
1332 2215
1334 2217
1336 2292
1338 2216
1340 2213
1342 2213
1344 2219
1346 2214
1348 2212
1350 2220
1352 2212
1354 2251
1356 2291
1358 2458
1360 2253
1362 2347
1364 2310
1366 2362
1368 2251
1370 2217
1372 2253
1374 2276
1376 2311
1378 2257
1380 2308
1382 2212
1384 2234
1386 2299
1388 2216
1390 2324
1392 2219
1394 2361
1396 2271
1398 2311
1400 2478
1402 2277
1404 2310
1406 2278
1408 2357
1410 2313
1412 2271
1414 2273
1416 2273
1418 2266
1420 2213
1422 2213
1424 2288
1426 2297
1428 2604
1430 2453
1432 2277
1434 2321
1436 2336
1438 2337
1440 2296
1442 2297
1444 2271
1446 2254
1448 2431
1450 2214
1452 2215
1454 2293
1456 2215
1458 2293
1460 2253
1462 2214
1464 2442
1466 2326
1468 2345
1470 2271
1472 2357
1474 2246
1476 2216
1478 2331
1480 2217
1482 2962
1484 2277
1486 2276
1488 2308
1490 2344
1492 2272
1494 2275
1496 2287
1498 2217
1500 2253
1502 2216
1504 2255
1506 2213
1508 2219
1510 2214
1512 2216
1514 2217
1516 2348
1518 2297
1520 2256
1522 2382
1524 2296
1526 2217
1528 2251
1530 2216
1532 2217
1534 2250
1536 2215
1538 2213
1540 2334
1542 2295
1544 2253
1546 2280
1548 2215
1550 2285
1552 2326
1554 2274
1556 2275
1558 2350
1560 2219
1562 2250
1564 2251
1566 2212
1568 2219
1570 2249
1572 2289
1574 2213
1576 2289
1578 2213
1580 2255
1582 2297
1584 2213
1586 2252
1588 2216
1590 2254
1592 2221
1594 2219
1596 2324
1598 2219
1600 2364
1602 2289
1604 2253
1606 2249
1608 2314
1610 2392
1612 2216
1614 2216
1616 2214
1618 2217
1620 2251
1622 2254
1624 2214
1626 2290
1628 2252
1630 2250
1632 2212
1634 2344
1636 2216
1638 2213
1640 2441
1642 2251
1644 2215
1646 2249
1648 2212
1650 2215
1652 2591
1654 2212
1656 2218
1658 2328
1660 2213
1662 2219
1664 2251
1666 2212
1668 2251
1670 2213
1672 2216
1674 2214
1676 2217
1678 2370
1680 2250
1682 2213
1684 2252
1686 2213
1688 2250
1690 2326
1692 2212
1694 2255
1696 2289
1698 2216
1700 2212
1702 2218
1704 2326
1706 2212
1708 2214
1710 2216
1712 2213
1714 2215
1716 2252
1718 2217
1720 2217
1722 2290
1724 2213
1726 2253
1728 2287
1730 2213
1732 2369
1734 2252
1736 2212
1738 2216
1740 2212
1742 2254
1744 2468
1746 2344
1748 2292
1750 2352
1752 2271
1754 2347
1756 2276
1758 2278
1760 2394
1762 2326
1764 2416
1766 2320
1768 2277
1770 2277
1772 2631
1774 2393
1776 2277
1778 2407
1780 2374
1782 2276
1784 2274
1786 2305
1788 2456
1790 2216
1792 2219
1794 2297
1796 2216
1798 2217
1800 2353
1802 2219
1804 2217
1806 2218
1808 2285
1810 2216
1812 2218
1814 2323
1816 2216
1818 2277
1820 2318
1822 2217
1824 2217
1826 2255
1828 2220
1830 2295
1832 2254
1834 2369
1836 2216
1838 2502
1840 2221
1842 2219
1844 2291
1846 2217
1848 2216
1850 2365
1852 2309
1854 2217
1856 2296
1858 2214
1860 2292
1862 2216
1864 2255
1866 2216
1868 2253
1870 2216
1872 2217
1874 2216
1876 2251
1878 2217
1880 2217
1882 2331
1884 2216
1886 2217
1888 2291
1890 2217
1892 2282
1894 2421
1896 2216
1898 2254
1900 2219
1902 2216
1904 2217
1906 2217
1908 2413
1910 2221
1912 2215
1914 2292
1916 2217
1918 2253
1920 2388
1922 2219
1924 2219
1926 2314
1928 2216
1930 2216
1932 2544
1934 2276
1936 2314
1938 2312
1940 2219
1942 2213
1944 2218
1946 2219
1948 2217
1950 2217
1952 2217
1954 2217
1956 2219
1958 2252
1960 2294
1962 2255
1964 2292
1966 2335
1968 2216
1970 2252
1972 2218
1974 2294
1976 2297
1978 2215
1980 2291
1982 2217
1984 2220
1986 2252
1988 2291
1990 2256
1992 2217
1994 2217
1996 2255
1998 2217
2000 4400
