2 281
4 253
6 253
8 246
10 231
12 230
14 230
16 251
18 251
20 251
22 258
24 214
26 213
28 214
30 214
32 270
34 269
36 269
38 269
40 206
42 207
44 207
46 206
48 206
50 206
52 207
54 208
56 207
58 205
60 207
62 255
64 301
66 286
68 253
70 252
72 253
74 253
76 252
78 252
80 253
82 252
84 252
86 253
88 252
90 253
92 252
94 252
96 253
98 252
100 270
102 224
104 224
106 224
108 224
110 224
112 224
114 224
116 224
118 223
120 223
122 224
124 223
126 367
128 366
130 366
132 368
134 367
136 367
138 366
140 367
142 367
144 366
146 366
148 338
150 338
152 338
154 338
156 338
158 337
160 450
162 393
164 364
166 328
168 329
170 329
172 328
174 368
176 329
178 331
180 329
182 337
184 337
186 411
188 337
190 337
192 338
194 338
196 338
198 416
200 363
202 354
204 359
206 362
208 495
210 417
212 439
214 349
216 355
218 349
220 348
222 351
224 352
226 358
228 352
230 352
232 355
234 374
236 428
238 349
240 352
242 351
244 351
246 448
248 396
250 638
252 697
254 629
256 626
258 627
260 627
262 626
264 626
266 628
268 660
270 631
272 643
274 627
276 627
278 627
280 627
282 628
284 625
286 627
288 625
290 711
292 626
294 625
296 627
298 626
300 626
302 626
304 627
306 626
308 628
310 626
312 626
314 607
316 609
318 609
320 607
322 609
324 608
326 609
328 667
330 610
332 610
334 607
336 607
338 610
340 610
342 610
344 610
346 611
348 610
350 610
352 593
354 591
356 593
358 591
360 608
362 608
364 608
366 608
368 733
370 593
372 593
374 654
376 593
378 668
380 593
382 592
384 594
386 593
388 612
390 593
392 593
394 593
396 593
398 593
400 593
402 593
404 595
406 593
408 593
410 628
412 593
414 593
416 593
418 593
420 593
422 609
424 609
426 609
428 609
430 593
432 593
434 592
436 593
438 592
440 593
442 594
444 593
446 593
448 593
450 630
452 592
454 675
456 609
458 646
460 609
462 619
464 592
466 593
468 593
470 593
472 594
474 631
476 593
478 592
480 631
482 593
484 593
486 593
488 593
490 593
492 633
494 593
496 593
498 593
500 1132
502 1132
504 1202
506 1286
508 1161
510 1163
512 1130
514 1132
516 1205
518 1161
520 1200
522 1131
524 1131
526 1131
528 1132
530 1131
532 1132
534 1132
536 1131
538 1132
540 1131
542 1132
544 1131
546 1130
548 1132
550 1131
552 1131
554 1179
556 1162
558 1158
560 1132
562 1131
564 1131
566 1132
568 1131
570 1262
572 1131
574 1131
576 1170
578 1129
580 1132
582 1169
584 1132
586 1133
588 1133
590 1172
592 1161
594 1131
596 1132
598 1132
600 1131
602 1130
604 1133
606 1166
608 1131
610 1203
612 1130
614 1130
616 1297
618 1131
620 1132
622 1131
624 1131
626 1188
628 1131
630 1131
632 1130
634 1131
636 1130
638 1130
640 1213
642 1131
644 1131
646 1131
648 1441
650 1386
652 1322
654 1200
656 1161
658 1160
660 1162
662 1163
664 1162
666 1191
668 1160
670 1163
672 1205
674 1308
676 1146
678 1131
680 1228
682 1133
684 1167
686 1131
688 1206
690 1131
692 1131
694 1131
696 1131
698 1168
700 1132
702 1131
704 1133
706 1131
708 1131
710 1131
712 1131
714 1131
716 1207
718 1131
720 1131
722 1131
724 1131
726 1132
728 1236
730 1159
732 1133
734 1131
736 1131
738 1131
740 1207
742 1133
744 1131
746 1131
748 1132
750 1131
752 1167
754 1132
756 1131
758 1475
760 1131
762 1145
764 1161
766 1161
768 1162
770 1163
772 1161
774 1163
776 1163
778 1163
780 1206
782 1163
784 1161
786 1168
788 1133
790 1132
792 1243
794 1132
796 1131
798 1132
800 1132
802 1131
804 1129
806 1133
808 1132
810 1133
812 1132
814 1134
816 1132
818 1165
820 1131
822 1166
824 1131
826 1131
828 1131
830 1131
832 1168
834 1131
836 1132
838 1131
840 1225
842 1131
844 1130
846 1130
848 1130
850 1131
852 1169
854 1133
856 1133
858 1218
860 1131
862 1131
864 1168
866 1130
868 1131
870 1131
872 1131
874 1132
876 1169
878 1204
880 1164
882 1162
884 1205
886 1164
888 1158
890 1202
892 1198
894 1161
896 1162
898 1200
900 1197
902 1162
904 1161
906 1199
908 1199
910 1239
912 1162
914 1160
916 1315
918 1162
920 1160
922 1198
924 1161
926 1184
928 1162
930 1244
932 1162
934 1163
936 1163
938 1163
940 1198
942 1160
944 1197
946 1190
948 1131
950 1131
952 1131
954 1132
956 1206
958 1131
960 1131
962 1131
964 1131
966 1206
968 1168
970 1131
972 1130
974 1148
976 1223
978 1131
980 1166
982 1133
984 1133
986 1133
988 1135
990 1133
992 1169
994 1204
996 1132
998 1204
1000 2217
1002 2291
1004 2216
1006 2363
1008 2289
1010 2217
1012 2271
1014 2276
1016 2275
1018 2243
1020 2219
1022 2216
1024 2216
1026 2292
1028 2327
1030 2216
1032 2216
1034 2290
1036 2217
1038 2404
1040 2292
1042 2216
1044 2215
1046 2308
1048 2217
1050 2217
1052 2252
1054 2217
1056 2216
1058 2216
1060 2291
1062 2217
1064 2216
1066 2350
1068 2219
1070 2255
1072 2295
1074 2217
1076 2289
1078 2291
1080 2290
1082 2358
1084 2274
1086 2274
1088 2232
1090 2253
1092 2216
1094 2234
1096 2253
1098 2255
1100 2373
1102 2216
1104 2563
1106 2275
1108 2275
1110 2267
1112 2284
1114 2245
1116 2437
1118 2277
1120 2338
1122 2386
1124 2217
1126 2336
1128 2323
1130 2310
1132 2271
1134 2329
1136 2216
1138 2216
1140 2379
1142 2216
1144 2216
1146 2327
1148 2219
1150 2219
1152 2291
1154 2267
1156 2217
1158 2215
1160 2291
1162 2215
1164 2254
1166 2250
1168 2217
1170 2252
1172 2255
1174 2219
1176 2216
1178 2252
1180 2216
1182 2215
1184 2322
1186 2215
1188 2216
1190 2288
1192 2336
1194 2274
1196 2478
1198 2536
1200 2352
1202 2495
1204 2351
1206 2347
1208 2405
1210 2362
1212 2339
1214 2366
1216 2336
1218 2399
1220 2274
1222 2275
1224 2276
1226 2276
1228 2326
1230 2272
1232 2311
1234 2275
1236 2215
1238 2254
1240 2789
1242 2389
1244 2316
1246 2320
1248 2337
1250 2336
1252 2300
1254 2310
1256 2349
1258 2412
1260 2219
1262 2253
1264 2292
1266 2217
1268 2366
1270 2217
1272 2218
1274 2217
1276 2217
1278 2217
1280 2215
1282 2327
1284 2217
1286 2298
1288 2290
1290 2217
1292 2216
1294 2252
1296 2391
1298 2217
1300 2253
1302 2215
1304 2216
1306 2216
1308 2253
1310 2217
1312 2558
1314 2330
1316 2336
1318 2336
1320 2319
1322 2438
1324 2315
1326 2233
1328 2214
1330 2309
1332 2322
1334 2326
1336 2459
1338 2338
1340 2341
1342 2359
1344 2312
1346 2275
1348 2331
1350 2216
1352 2217
1354 2253
1356 2294
1358 2337
1360 2275
1362 2274
1364 2360
1366 2216
1368 2216
1370 2291
1372 2321
1374 2216
1376 2254
1378 2258
1380 2216
1382 2253
1384 2322
1386 2219
1388 2219
1390 2671
1392 2216
1394 2275
1396 2428
1398 2274
1400 2453
1402 2277
1404 2260
1406 2354
1408 2253
1410 2234
1412 2297
1414 2332
1416 2217
1418 2217
1420 2253
1422 2270
1424 2292
1426 2330
1428 2260
1430 2212
1432 2254
1434 2217
1436 2292
1438 2216
1440 2217
1442 2213
1444 2215
1446 2253
1448 2216
1450 2219
1452 2309
1454 2219
1456 2218
1458 2293
1460 2216
1462 2214
1464 2254
1466 2290
1468 2217
1470 2254
1472 2216
1474 2519
1476 2292
1478 2289
1480 2311
1482 2359
1484 2283
1486 2293
1488 2362
1490 2219
1492 2251
1494 2330
1496 2217
1498 2217
1500 2255
1502 2217
1504 2255
1506 2217
1508 2329
1510 2217
1512 2216
1514 2254
1516 2218
1518 2252
1520 2367
1522 2218
1524 2217
1526 2217
1528 2217
1530 2215
1532 2317
1534 2217
1536 2217
1538 2293
1540 2731
1542 2359
1544 2350
1546 2620
1548 2336
1550 2336
1552 2337
1554 2278
1556 2273
1558 2368
1560 2216
1562 2425
1564 2381
1566 2275
1568 2279
1570 2278
1572 2275
1574 2276
1576 2216
1578 2212
1580 2216
1582 2296
1584 2217
1586 2297
1588 2292
1590 2218
1592 2219
1594 2307
1596 2216
1598 2216
1600 2364
1602 2217
1604 2217
1606 2216
1608 2217
1610 2216
1612 2216
1614 2289
1616 2214
1618 2216
1620 2254
1622 2218
1624 2217
1626 2295
1628 2213
1630 2219
1632 2253
1634 2216
1636 2218
1638 2214
1640 2326
1642 2217
1644 2217
1646 2216
1648 2290
1650 2297
1652 2294
1654 2216
1656 2343
1658 2293
1660 2215
1662 2216
1664 2252
1666 2217
1668 2217
1670 2431
1672 2217
1674 2216
1676 2218
1678 2337
1680 2217
1682 2351
1684 2261
1686 2278
1688 2278
1690 2274
1692 2275
1694 2274
1696 2291
1698 2215
1700 2297
1702 2297
1704 2219
1706 2336
1708 2216
1710 2251
1712 2216
1714 2331
1716 2219
1718 2219
1720 2254
1722 2255
1724 2292
1726 2255
1728 2217
1730 2217
1732 2319
1734 2255
1736 2217
1738 2319
1740 2216
1742 2217
1744 2220
1746 2216
1748 2217
1750 2304
1752 2323
1754 2291
1756 2217
1758 2252
1760 2405
1762 2253
1764 2529
1766 2353
1768 2275
1770 2341
1772 2338
1774 2336
1776 2277
1778 2277
1780 2465
1782 2547
1784 2441
1786 2652
1788 2275
1790 2275
1792 2349
1794 2277
1796 2278
1798 2312
1800 2275
1802 2289
1804 2252
1806 2215
1808 2216
1810 2253
1812 2216
1814 2215
1816 2217
1818 2251
1820 2217
1822 2218
1824 2253
1826 2409
1828 2216
1830 2491
1832 2275
1834 2275
1836 2275
1838 2216
1840 2216
1842 2255
1844 2373
1846 2219
1848 2256
1850 2216
1852 2326
1854 2272
1856 2216
1858 2217
1860 2218
1862 2215
1864 2294
1866 2216
1868 2215
1870 2216
1872 2216
1874 2253
1876 2216
1878 2289
1880 2251
1882 2369
1884 2215
1886 2251
1888 2254
1890 2215
1892 2292
1894 2220
1896 2219
1898 2311
1900 2236
1902 2290
1904 2216
1906 2215
1908 2216
1910 2215
1912 2311
1914 2215
1916 2216
1918 2284
1920 2216
1922 2217
1924 2251
1926 2217
1928 2216
1930 2253
1932 2217
1934 2292
1936 2290
1938 2216
1940 2550
1942 2637
1944 2217
1946 2400
1948 2302
1950 2275
1952 2272
1954 2275
1956 2274
1958 2235
1960 2301
1962 2696
1964 2275
1966 2292
1968 2276
1970 2275
1972 2574
1974 2278
1976 2275
1978 2274
1980 2231
1982 2219
1984 2293
1986 2275
1988 2275
1990 2286
1992 2215
1994 2216
1996 2251
1998 2217
2000 4476
