2 116
4 103
6 103
8 101
10 100
12 100
14 117
16 109
18 109
20 109
22 109
24 109
26 109
28 109
30 111
32 138
34 138
36 138
38 137
40 138
42 138
44 137
46 137
48 138
50 155
52 138
54 138
56 176
58 138
60 137
62 169
64 201
66 248
68 206
70 206
72 206
74 206
76 206
78 206
80 205
82 206
84 205
86 206
88 206
90 205
92 206
94 206
96 206
98 206
100 206
102 206
104 205
106 206
108 206
110 206
112 206
114 206
116 206
118 206
120 206
122 206
124 206
126 338
128 338
130 338
132 360
134 473
136 418
138 378
140 391
142 338
144 354
146 358
148 356
150 338
152 338
154 337
156 391
158 337
160 337
162 337
164 337
166 337
168 337
170 337
172 337
174 337
176 372
178 337
180 337
182 337
184 337
186 384
188 366
190 337
192 337
194 337
196 337
198 337
200 512
202 402
204 337
206 337
208 337
210 337
212 337
214 337
216 339
218 337
220 337
222 337
224 337
226 337
228 337
230 337
232 355
234 338
236 338
238 338
240 337
242 395
244 338
246 373
248 337
250 609
252 609
254 680
256 608
258 609
260 608
262 626
264 609
266 611
268 691
270 657
272 732
274 634
276 802
278 628
280 628
282 632
284 634
286 667
288 675
290 632
292 631
294 636
296 709
298 626
300 626
302 630
304 625
306 625
308 625
310 625
312 629
314 626
316 625
318 625
320 625
322 627
324 625
326 629
328 627
330 610
332 634
334 699
336 659
338 609
340 609
342 712
344 632
346 625
348 625
350 628
352 686
354 631
356 636
358 638
360 630
362 629
364 633
366 657
368 627
370 626
372 627
374 665
376 625
378 625
380 626
382 627
384 625
386 624
388 624
390 625
392 625
394 625
396 626
398 625
400 608
402 688
404 611
406 607
408 607
410 610
412 610
414 609
416 609
418 609
420 608
422 628
424 609
426 593
428 593
430 593
432 593
434 593
436 593
438 593
440 593
442 594
444 609
446 607
448 626
450 609
452 593
454 613
456 594
458 594
460 594
462 591
464 649
466 607
468 610
470 607
472 615
474 630
476 593
478 593
480 593
482 630
484 616
486 593
488 593
490 593
492 592
494 593
496 592
498 593
500 1131
502 1131
504 1130
506 1209
508 1128
510 1131
512 1129
514 1132
516 1163
518 1162
520 1165
522 1129
524 1131
526 1131
528 1129
530 1132
532 1132
534 1206
536 1132
538 1133
540 1133
542 1133
544 1190
546 1132
548 1130
550 1131
552 1168
554 1214
556 1130
558 1129
560 1131
562 1216
564 1197
566 1171
568 1130
570 1131
572 1131
574 1131
576 1209
578 1131
580 1130
582 1129
584 1181
586 1190
588 1204
590 1129
592 1129
594 1204
596 1169
598 1133
600 1131
602 1128
604 1132
606 1132
608 1167
610 1130
612 1206
614 1129
616 1196
618 1130
620 1132
622 1130
624 1131
626 1130
628 1129
630 1130
632 1129
634 1130
636 1243
638 1130
640 1130
642 1132
644 1168
646 1131
648 1170
650 1528
652 1260
654 1132
656 1222
658 1311
660 1161
662 1162
664 1190
666 1161
668 1162
670 1190
672 1162
674 1161
676 1200
678 1162
680 1199
682 1163
684 1205
686 1163
688 1172
690 1132
692 1148
694 1173
696 1132
698 1441
700 1132
702 1168
704 1161
706 1161
708 1161
710 1199
712 1172
714 1130
716 1130
718 1130
720 1131
722 1131
724 1133
726 1133
728 1132
730 1249
732 1133
734 1134
736 1133
738 1208
740 1132
742 1131
744 1133
746 1131
748 1168
750 1131
752 1134
754 1133
756 1134
758 1133
760 1280
762 1131
764 1133
766 1134
768 1132
770 1216
772 1168
774 1131
776 1131
778 1169
780 1130
782 1129
784 1131
786 1130
788 1132
790 1131
792 1131
794 1131
796 1131
798 1168
800 1131
802 1131
804 1131
806 1130
808 1131
810 1208
812 1133
814 1133
816 1131
818 1131
820 1132
822 1130
824 1168
826 1131
828 1131
830 1408
832 1172
834 1132
836 1207
838 1131
840 1131
842 1132
844 1131
846 1213
848 1131
850 1131
852 1131
854 1336
856 1339
858 1288
860 1173
862 1128
864 1170
866 1161
868 1161
870 1161
872 1190
874 1162
876 1162
878 1161
880 1230
882 1161
884 1161
886 1133
888 1134
890 1129
892 1148
894 1131
896 1196
898 1132
900 1131
902 1130
904 1240
906 1131
908 1130
910 1133
912 1131
914 1131
916 1205
918 1131
920 1132
922 1168
924 1130
926 1132
928 1131
930 1131
932 1131
934 1175
936 1131
938 1131
940 1130
942 1213
944 1131
946 1131
948 1167
950 1131
952 1131
954 1206
956 1130
958 1130
960 1131
962 1131
964 1132
966 1131
968 1132
970 1131
972 1131
974 1131
976 1131
978 1131
980 1131
982 1244
984 1130
986 1213
988 1131
990 1131
992 1131
994 1170
996 1131
998 1167
1000 2215
1002 2215
1004 2291
1006 2215
1008 2213
1010 2336
1012 2333
1014 2310
1016 2275
1018 2252
1020 2253
1022 2216
1024 2289
1026 2284
1028 2275
1030 2314
1032 2382
1034 2275
1036 2276
1038 2278
1040 2317
1042 2437
1044 2350
1046 2347
1048 2311
1050 2331
1052 2275
1054 2406
1056 2275
1058 2274
1060 2241
1062 2329
1064 2216
1066 2253
1068 2383
1070 2217
1072 2217
1074 2216
1076 2217
1078 2300
1080 2291
1082 2328
1084 2218
1086 2344
1088 2217
1090 2253
1092 2251
1094 2219
1096 2220
1098 2290
1100 2217
1102 2254
1104 2215
1106 2406
1108 2296
1110 2293
1112 2384
1114 2233
1116 2216
1118 2384
1120 2217
1122 2217
1124 2256
1126 2254
1128 2290
1130 2253
1132 2326
1134 2219
1136 2256
1138 2216
1140 2330
1142 2216
1144 2216
1146 2217
1148 2217
1150 2289
1152 2217
1154 2292
1156 2254
1158 2218
1160 2333
1162 2250
1164 2220
1166 2289
1168 2217
1170 2335
1172 2218
1174 2251
1176 2215
1178 2216
1180 2218
1182 2291
1184 2255
1186 2216
1188 2254
1190 2254
1192 2364
1194 2276
1196 2217
1198 2332
1200 2217
1202 2217
1204 2217
1206 2216
1208 2253
1210 2216
1212 2292
1214 2636
1216 2266
1218 2275
1220 2274
1222 2348
1224 2344
1226 2217
1228 2216
1230 2245
1232 2380
1234 2217
1236 2335
1238 2375
1240 2217
1242 2216
1244 2217
1246 2235
1248 2219
1250 2467
1252 2217
1254 2217
1256 2338
1258 2311
1260 2273
1262 2318
1264 2291
1266 2219
1268 2212
1270 2216
1272 2220
1274 2219
1276 2254
1278 2329
1280 2216
1282 2252
1284 2216
1286 2233
1288 2328
1290 2218
1292 2295
1294 2238
1296 2217
1298 2215
1300 2215
1302 2252
1304 2212
1306 2291
1308 2250
1310 2254
1312 2219
1314 2253
1316 2216
1318 2270
1320 2264
1322 2275
1324 2273
1326 2275
1328 2216
1330 2218
1332 2287
1334 2216
1336 2296
1338 2289
1340 2216
1342 2217
1344 2217
1346 2214
1348 2295
1350 2252
1352 2216
1354 2217
1356 2217
1358 2250
1360 2465
1362 2367
1364 2257
1366 2331
1368 2275
1370 2310
1372 2275
1374 2311
1376 2275
1378 2324
1380 2216
1382 2253
1384 2218
1386 2291
1388 2347
1390 2275
1392 2277
1394 2275
1396 2258
1398 2216
1400 2296
1402 2216
1404 2237
1406 2216
1408 2334
1410 2216
1412 2215
1414 2327
1416 2213
1418 2289
1420 2288
1422 2217
1424 2218
1426 2326
1428 2588
1430 2385
1432 2572
1434 2325
1436 2335
1438 2387
1440 2291
1442 2275
1444 2274
1446 2216
1448 2217
1450 2217
1452 2291
1454 2223
1456 2257
1458 2217
1460 2292
1462 2216
1464 2290
1466 2334
1468 2238
1470 2218
1472 2294
1474 2279
1476 2293
1478 2290
1480 2216
1482 2216
1484 2289
1486 2217
1488 2217
1490 2326
1492 2254
1494 2219
1496 2253
1498 2296
1500 2213
1502 2360
1504 2468
1506 2219
1508 2433
1510 2275
1512 2274
1514 2275
1516 2313
1518 2355
1520 2255
1522 2216
1524 2217
1526 2288
1528 2292
1530 2216
1532 2249
1534 2215
1536 2252
1538 2388
1540 2216
1542 2291
1544 2219
1546 2237
1548 2294
1550 2216
1552 2253
1554 2216
1556 2291
1558 2252
1560 2287
1562 2253
1564 2291
1566 2254
1568 2219
1570 2332
1572 2216
1574 2216
1576 2216
1578 2216
1580 2216
1582 2215
1584 2217
1586 2253
1588 2219
1590 2393
1592 2217
1594 2216
1596 2367
1598 2217
1600 2234
1602 2292
1604 2287
1606 2216
1608 2253
1610 2327
1612 2216
1614 2253
1616 2215
1618 2216
1620 2253
1622 2218
1624 2291
1626 2217
1628 2254
1630 2325
1632 2216
1634 2216
1636 2214
1638 2253
1640 2252
1642 2217
1644 2217
1646 2292
1648 2292
1650 2219
1652 2254
1654 2306
1656 2216
1658 2349
1660 2397
1662 2217
1664 2256
1666 2243
1668 2219
1670 2350
1672 2216
1674 2216
1676 2289
1678 2213
1680 2275
1682 2290
1684 2217
1686 2216
1688 2217
1690 2217
1692 2217
1694 2217
1696 2328
1698 2217
1700 2252
1702 2253
1704 2214
1706 2216
1708 2299
1710 2274
1712 2274
1714 2325
1716 2217
1718 2213
1720 2270
1722 2216
1724 2251
1726 2216
1728 2214
1730 2216
1732 2217
1734 2329
1736 2216
1738 2290
1740 2327
1742 2253
1744 2217
1746 2289
1748 2216
1750 2214
1752 2301
1754 2219
1756 2220
1758 2212
1760 2215
1762 2328
1764 2253
1766 2213
1768 2215
1770 2253
1772 2254
1774 2221
1776 2434
1778 2364
1780 2217
1782 2212
1784 2290
1786 2216
1788 2212
1790 2327
1792 2457
1794 2431
1796 2368
1798 2277
1800 2277
1802 2277
1804 2358
1806 2216
1808 2253
1810 2218
1812 2331
1814 2329
1816 2213
1818 2216
1820 2254
1822 2218
1824 2217
1826 2216
1828 2296
1830 2275
1832 2354
1834 2282
1836 2354
1838 2252
1840 2251
1842 2287
1844 2257
1846 2589
1848 2213
1850 2232
1852 2271
1854 2274
1856 2276
1858 2247
1860 2216
1862 2216
1864 2284
1866 2213
1868 2244
1870 2292
1872 2217
1874 2216
1876 2251
1878 2216
1880 2216
1882 2293
1884 2218
1886 2291
1888 2252
1890 2218
1892 2219
1894 2264
1896 2217
1898 2216
1900 2218
1902 2217
1904 2217
1906 2217
1908 2217
1910 2217
1912 2217
1914 2342
1916 2316
1918 2252
1920 2234
1922 2216
1924 2215
1926 2250
1928 2216
1930 2217
1932 2326
1934 2253
1936 2257
1938 2254
1940 2217
1942 2252
1944 2217
1946 2216
1948 2214
1950 2251
1952 2212
1954 2407
1956 2213
1958 2362
1960 2504
1962 2276
1964 2310
1966 2323
1968 2274
1970 2391
1972 2352
1974 2275
1976 2274
1978 2314
1980 2216
1982 2250
1984 2216
1986 2216
1988 2250
1990 2218
1992 2290
1994 2219
1996 2253
1998 2421
2000 4675
