2 115
4 104
6 197
8 101
10 100
12 100
14 100
16 109
18 109
20 109
22 109
24 109
26 200
28 109
30 125
32 143
34 141
36 142
38 142
40 141
42 141
44 140
46 141
48 143
50 140
52 141
54 161
56 142
58 142
60 142
62 174
64 206
66 206
68 248
70 206
72 207
74 206
76 206
78 206
80 229
82 207
84 206
86 206
88 207
90 206
92 206
94 206
96 206
98 206
100 206
102 206
104 206
106 206
108 206
110 206
112 206
114 206
116 207
118 206
120 206
122 206
124 206
126 383
128 337
130 337
132 337
134 337
136 337
138 337
140 337
142 337
144 376
146 337
148 337
150 338
152 337
154 337
156 337
158 337
160 337
162 337
164 337
166 337
168 337
170 337
172 337
174 337
176 337
178 337
180 487
182 390
184 346
186 329
188 329
190 329
192 365
194 581
196 329
198 329
200 328
202 328
204 329
206 473
208 337
210 337
212 337
214 337
216 356
218 355
220 461
222 415
224 365
226 508
228 503
230 508
232 506
234 496
236 503
238 505
240 501
242 500
244 502
246 349
248 519
250 881
252 934
254 980
256 1036
258 1042
260 953
262 930
264 933
266 935
268 850
270 888
272 969
274 937
276 663
278 808
280 947
282 670
284 628
286 677
288 629
290 659
292 680
294 644
296 609
298 628
300 654
302 634
304 1010
306 628
308 657
310 628
312 628
314 626
316 626
318 630
320 625
322 625
324 625
326 626
328 651
330 626
332 654
334 626
336 623
338 625
340 626
342 629
344 627
346 624
348 628
350 669
352 628
354 625
356 625
358 625
360 628
362 627
364 626
366 625
368 625
370 627
372 685
374 632
376 630
378 659
380 700
382 629
384 626
386 628
388 626
390 625
392 624
394 656
396 636
398 628
400 627
402 627
404 625
406 627
408 625
410 626
412 625
414 625
416 628
418 639
420 610
422 610
424 685
426 608
428 609
430 608
432 608
434 608
436 608
438 607
440 749
442 593
444 668
446 630
448 594
450 594
452 593
454 593
456 614
458 610
460 609
462 609
464 628
466 610
468 610
470 608
472 608
474 609
476 608
478 594
480 667
482 635
484 630
486 594
488 594
490 594
492 594
494 608
496 609
498 608
500 1162
502 1160
504 1204
506 1161
508 1200
510 1216
512 1160
514 1160
516 1160
518 1131
520 1244
522 1131
524 1130
526 1130
528 1131
530 1131
532 1132
534 1131
536 1206
538 1130
540 1132
542 1131
544 1181
546 1161
548 1162
550 1199
552 1133
554 1134
556 1132
558 1208
560 1334
562 1378
564 1225
566 1194
568 1206
570 1355
572 1259
574 1162
576 1317
578 1162
580 1196
582 1192
584 1192
586 1191
588 1193
590 1211
592 1162
594 1197
596 1274
598 1163
600 1359
602 1373
604 1181
606 1162
608 1161
610 1157
612 1132
614 1161
616 1131
618 1132
620 1128
622 1131
624 1131
626 1133
628 1131
630 1131
632 1131
634 1131
636 1224
638 1133
640 1132
642 1131
644 1131
646 1130
648 1169
650 1158
652 1205
654 1132
656 1132
658 1129
660 1133
662 1133
664 1168
666 1131
668 1168
670 1133
672 1131
674 1203
676 1225
678 1131
680 1207
682 1133
684 1132
686 1133
688 1169
690 1131
692 1188
694 1151
696 1132
698 1131
700 1205
702 1132
704 1131
706 1297
708 1216
710 1201
712 1132
714 1171
716 1130
718 1133
720 1134
722 1189
724 1131
726 1131
728 1130
730 1219
732 1215
734 1133
736 1132
738 1131
740 1131
742 1277
744 1131
746 1132
748 1131
750 1132
752 1169
754 1239
756 1131
758 1131
760 1131
762 1131
764 1130
766 1131
768 1168
770 1131
772 1131
774 1133
776 1131
778 1131
780 1131
782 1184
784 1147
786 1131
788 1131
790 1131
792 1133
794 1133
796 1169
798 1133
800 1132
802 1133
804 1132
806 1207
808 1167
810 1131
812 1180
814 1162
816 1162
818 1256
820 1179
822 1162
824 1161
826 1202
828 1162
830 1159
832 1162
834 1161
836 1161
838 1161
840 1162
842 1197
844 1161
846 1162
848 1162
850 1355
852 1131
854 1147
856 1131
858 1131
860 1176
862 1161
864 1203
866 1161
868 1162
870 1159
872 1160
874 1161
876 1161
878 1159
880 1161
882 1209
884 1170
886 1131
888 1167
890 1131
892 1132
894 1131
896 1131
898 1130
900 1167
902 1131
904 1216
906 1129
908 1130
910 1217
912 1168
914 1168
916 1131
918 1131
920 1132
922 1131
924 1168
926 1132
928 1229
930 1131
932 1131
934 1131
936 1203
938 1131
940 1131
942 1131
944 1192
946 1133
948 1169
950 1132
952 1131
954 1252
956 1133
958 1133
960 1263
962 1130
964 1131
966 1129
968 1285
970 1131
972 1168
974 1131
976 1129
978 1297
980 1223
982 1169
984 1244
986 1205
988 1297
990 1192
992 1194
994 1193
996 1193
998 1194
1000 2298
1002 2275
1004 2275
1006 2216
1008 2294
1010 2345
1012 2218
1014 2215
1016 2278
1018 2215
1020 2526
1022 2325
1024 2277
1026 2273
1028 2293
1030 2218
1032 2307
1034 2252
1036 2216
1038 2251
1040 2389
1042 2295
1044 2604
1046 2275
1048 2275
1050 2492
1052 2578
1054 2395
1056 2598
1058 2418
1060 2449
1062 2365
1064 2335
1066 2332
1068 2304
1070 2358
1072 2256
1074 2217
1076 2403
1078 2380
1080 2216
1082 2372
1084 2217
1086 2212
1088 2327
1090 2214
1092 2419
1094 2325
1096 2353
1098 2272
1100 2274
1102 2216
1104 2218
1106 2301
1108 2217
1110 2218
1112 2217
1114 2291
1116 2256
1118 2214
1120 2325
1122 2218
1124 2401
1126 2400
1128 2413
1130 2274
1132 2275
1134 2307
1136 2324
1138 2275
1140 2275
1142 2275
1144 2275
1146 2381
1148 2278
1150 2277
1152 2216
1154 2217
1156 2289
1158 2212
1160 2290
1162 2252
1164 2215
1166 2213
1168 2252
1170 2219
1172 2219
1174 2289
1176 2330
1178 2216
1180 2216
1182 2216
1184 2464
1186 2414
1188 2275
1190 2341
1192 2575
1194 2217
1196 2235
1198 2309
1200 2277
1202 2273
1204 2286
1206 2213
1208 2253
1210 2249
1212 2212
1214 2262
1216 2213
1218 2216
1220 2213
1222 2216
1224 2219
1226 2218
1228 2219
1230 2216
1232 2217
1234 2215
1236 2252
1238 2216
1240 2213
1242 2327
1244 2217
1246 2289
1248 2290
1250 2220
1252 2295
1254 2214
1256 2252
1258 2213
1260 2218
1262 2216
1264 2215
1266 2217
1268 2289
1270 2216
1272 2218
1274 2252
1276 2215
1278 2295
1280 2252
1282 2290
1284 2216
1286 2249
1288 2214
1290 2216
1292 2217
1294 2215
1296 2290
1298 2291
1300 2712
1302 2358
1304 2385
1306 2358
1308 2298
1310 2493
1312 2344
1314 2337
1316 2337
1318 2276
1320 2276
1322 2437
1324 2217
1326 2269
1328 2359
1330 2679
1332 2324
1334 2424
1336 2275
1338 2274
1340 2563
1342 2445
1344 3243
1346 2365
1348 2347
1350 3431
1352 2360
1354 2450
1356 2370
1358 2372
1360 2372
1362 2359
1364 2359
1366 2339
1368 2370
1370 2336
1372 2277
1374 2347
1376 2314
1378 2275
1380 2348
1382 2313
1384 2272
1386 2351
1388 2275
1390 2274
1392 2276
1394 2216
1396 2287
1398 2533
1400 2666
1402 2597
1404 2336
1406 2339
1408 2372
1410 2401
1412 2347
1414 2339
1416 2401
1418 2339
1420 2339
1422 2339
1424 2332
1426 2307
1428 2271
1430 2274
1432 2280
1434 2275
1436 2273
1438 2234
1440 2254
1442 2215
1444 2372
1446 2325
1448 2216
1450 2252
1452 2255
1454 2255
1456 2218
1458 2368
1460 2215
1462 2236
1464 2213
1466 2215
1468 2213
1470 2216
1472 2308
1474 2441
1476 2217
1478 2291
1480 2216
1482 2216
1484 2326
1486 2270
1488 2216
1490 2254
1492 2216
1494 2290
1496 2214
1498 2215
1500 2215
1502 2253
1504 2216
1506 2216
1508 2255
1510 2387
1512 2216
1514 2217
1516 2255
1518 2342
1520 2216
1522 2321
1524 2593
1526 2631
1528 2338
1530 2367
1532 2380
1534 2337
1536 2375
1538 2349
1540 2342
1542 2346
1544 2375
1546 2353
1548 2351
1550 2345
1552 2293
1554 2274
1556 2274
1558 2311
1560 2238
1562 2255
1564 2525
1566 2275
1568 2273
1570 2314
1572 2560
1574 2618
1576 2927
1578 2275
1580 2310
1582 2358
1584 2360
1586 2336
1588 2336
1590 2390
1592 2435
1594 2313
1596 2432
1598 2277
1600 2271
1602 2277
1604 2277
1606 2278
1608 2314
1610 2218
1612 2524
1614 2436
1616 2358
1618 2274
1620 2274
1622 2348
1624 2427
1626 2278
1628 2275
1630 2280
1632 2257
1634 2337
1636 2214
1638 2217
1640 2218
1642 2254
1644 2296
1646 2219
1648 2322
1650 2218
1652 2256
1654 2325
1656 2291
1658 2275
1660 2217
1662 2292
1664 2253
1666 2217
1668 2216
1670 2254
1672 2215
1674 2253
1676 2217
1678 2217
1680 2372
1682 2255
1684 2220
1686 2254
1688 2217
1690 2318
1692 2216
1694 2216
1696 2287
1698 2216
1700 2253
1702 2300
1704 2645
1706 2543
1708 2704
1710 2574
1712 2440
1714 2382
1716 2340
1718 2371
1720 2337
1722 2300
1724 2276
1726 2274
1728 2275
1730 2275
1732 2319
1734 2216
1736 2219
1738 2408
1740 2276
1742 2275
1744 2270
1746 2315
1748 2217
1750 2253
1752 2218
1754 2217
1756 2253
1758 2254
1760 2352
1762 2252
1764 2219
1766 2214
1768 2290
1770 2216
1772 2212
1774 2380
1776 2216
1778 2213
1780 2235
1782 2288
1784 2217
1786 2291
1788 2216
1790 2216
1792 2217
1794 2213
1796 2292
1798 2254
1800 2234
1802 2300
1804 2217
1806 2326
1808 2216
1810 2218
1812 2253
1814 2216
1816 2216
1818 2287
1820 2288
1822 2255
1824 2216
1826 2291
1828 2271
1830 2288
1832 2297
1834 2216
1836 2215
1838 2290
1840 2288
1842 2217
1844 2253
1846 2217
1848 2216
1850 2254
1852 2252
1854 2252
1856 2288
1858 2216
1860 2369
1862 2254
1864 2217
1866 2291
1868 2217
1870 2218
1872 2240
1874 2217
1876 2216
1878 2339
1880 2325
1882 2594
1884 2593
1886 2738
1888 2389
1890 2337
1892 2336
1894 2347
1896 2337
1898 2518
1900 2343
1902 2340
1904 2326
1906 2365
1908 2926
1910 2985
1912 2316
1914 2377
1916 2507
1918 2310
1920 2280
1922 2304
1924 2403
1926 2351
1928 2271
1930 2276
1932 2385
1934 2217
1936 2290
1938 2279
1940 2327
1942 2289
1944 2217
1946 2272
1948 2215
1950 2217
1952 2216
1954 2217
1956 2254
1958 2217
1960 2290
1962 2217
1964 2369
1966 2326
1968 2217
1970 2403
1972 2249
1974 2253
1976 2217
1978 2325
1980 2212
1982 2219
1984 2250
1986 2215
1988 2366
1990 2216
1992 2290
1994 2215
1996 2447
1998 2218
2000 4555
