2 265
4 253
6 253
8 246
10 247
12 231
14 231
16 251
18 316
20 252
22 251
24 213
26 212
28 213
30 213
32 269
34 270
36 270
38 269
40 207
42 207
44 210
46 208
48 208
50 207
52 207
54 205
56 207
58 207
60 207
62 254
64 301
66 303
68 253
70 252
72 253
74 252
76 253
78 252
80 252
82 252
84 253
86 252
88 252
90 253
92 252
94 260
96 252
98 252
100 256
102 223
104 224
106 224
108 224
110 224
112 225
114 224
116 224
118 224
120 224
122 224
124 224
126 366
128 367
130 366
132 366
134 367
136 366
138 366
140 366
142 367
144 368
146 367
148 377
150 337
152 338
154 337
156 374
158 340
160 409
162 328
164 328
166 328
168 329
170 367
172 435
174 328
176 329
178 329
180 328
182 422
184 337
186 337
188 337
190 337
192 337
194 435
196 338
198 337
200 337
202 374
204 337
206 337
208 337
210 337
212 337
214 337
216 337
218 337
220 378
222 337
224 340
226 337
228 337
230 337
232 337
234 338
236 337
238 337
240 337
242 337
244 337
246 337
248 337
250 609
252 610
254 609
256 609
258 609
260 608
262 645
264 613
266 594
268 593
270 593
272 595
274 593
276 593
278 593
280 670
282 592
284 630
286 592
288 593
290 593
292 595
294 594
296 630
298 593
300 593
302 593
304 593
306 627
308 593
310 592
312 593
314 593
316 593
318 593
320 593
322 593
324 593
326 593
328 593
330 593
332 592
334 593
336 593
338 667
340 593
342 592
344 593
346 594
348 613
350 673
352 593
354 594
356 593
358 594
360 593
362 593
364 593
366 594
368 593
370 669
372 594
374 594
376 594
378 595
380 594
382 667
384 593
386 593
388 593
390 595
392 594
394 591
396 594
398 594
400 594
402 594
404 594
406 591
408 594
410 594
412 594
414 594
416 594
418 594
420 594
422 594
424 680
426 594
428 594
430 593
432 593
434 689
436 593
438 593
440 593
442 705
444 593
446 593
448 594
450 593
452 593
454 630
456 594
458 593
460 593
462 593
464 593
466 594
468 594
470 593
472 668
474 593
476 710
478 593
480 593
482 593
484 593
486 592
488 593
490 667
492 630
494 593
496 593
498 594
500 1188
502 1272
504 1399
506 1281
508 1151
510 1193
512 1192
514 1193
516 1193
518 1192
520 1200
522 1162
524 1243
526 1160
528 1159
530 1187
532 1245
534 1133
536 1131
538 1264
540 1131
542 1131
544 1171
546 1131
548 1235
550 1131
552 1130
554 1131
556 1168
558 1565
560 1226
562 1160
564 1161
566 1159
568 1196
570 1158
572 1188
574 1161
576 1161
578 1217
580 1161
582 1171
584 1168
586 1203
588 1129
590 1166
592 1130
594 1130
596 1168
598 1133
600 1128
602 1170
604 1131
606 1133
608 1129
610 1128
612 1130
614 1133
616 1133
618 1128
620 1128
622 1128
624 1133
626 1133
628 1130
630 1131
632 1132
634 1131
636 1293
638 1161
640 1161
642 1161
644 1161
646 1164
648 1164
650 1170
652 1133
654 1133
656 1209
658 1131
660 1131
662 1168
664 1129
666 1130
668 1132
670 1130
672 1131
674 1168
676 1130
678 1131
680 1130
682 1131
684 1132
686 1280
688 1330
690 1132
692 1174
694 1199
696 1163
698 1198
700 1161
702 1161
704 1161
706 1161
708 1161
710 1271
712 1161
714 1131
716 1131
718 1131
720 1131
722 1131
724 1130
726 1150
728 1410
730 1316
732 1152
734 1264
736 1161
738 1198
740 1160
742 1160
744 1243
746 1197
748 1161
750 1248
752 1161
754 1196
756 1161
758 1161
760 1161
762 1161
764 1159
766 1198
768 1162
770 1161
772 1161
774 1161
776 1166
778 1188
780 1131
782 1186
784 1132
786 1132
788 1132
790 1212
792 1131
794 1131
796 1130
798 1130
800 1130
802 1204
804 1132
806 1205
808 1164
810 1131
812 1131
814 1195
816 1130
818 1203
820 1130
822 1130
824 1131
826 1203
828 1133
830 1131
832 1130
834 1207
836 1131
838 1204
840 1128
842 1132
844 1132
846 1133
848 1133
850 1170
852 1130
854 1131
856 1242
858 1132
860 1131
862 1225
864 1131
866 1131
868 1131
870 1131
872 1131
874 1202
876 1131
878 1168
880 1167
882 1131
884 1131
886 1205
888 1162
890 1196
892 1162
894 1163
896 1161
898 1159
900 1160
902 1159
904 1161
906 1160
908 1182
910 1162
912 1163
914 1163
916 1199
918 1163
920 1198
922 1160
924 1347
926 1209
928 1133
930 1260
932 1195
934 1206
936 1164
938 1345
940 1159
942 1160
944 1197
946 1200
948 1158
950 1162
952 1163
954 1162
956 1162
958 1164
960 1172
962 1129
964 1129
966 1198
968 1130
970 1133
972 1131
974 1131
976 1170
978 1131
980 1131
982 1165
984 1131
986 1130
988 1131
990 1130
992 1133
994 1132
996 1133
998 1134
1000 2292
1002 2254
1004 2290
1006 2216
1008 2254
1010 2218
1012 2218
1014 2290
1016 2317
1018 2216
1020 2466
1022 2600
1024 2487
1026 2335
1028 2338
1030 2328
1032 2346
1034 2276
1036 2272
1038 2272
1040 2346
1042 2236
1044 2358
1046 2217
1048 2253
1050 2288
1052 2274
1054 2219
1056 2219
1058 2538
1060 2274
1062 2275
1064 2276
1066 2275
1068 2275
1070 2269
1072 2216
1074 2217
1076 2253
1078 2216
1080 2214
1082 2555
1084 2354
1086 2362
1088 2348
1090 2340
1092 2681
1094 2371
1096 2339
1098 2413
1100 2364
1102 2335
1104 2298
1106 2275
1108 2324
1110 2219
1112 2219
1114 2219
1116 2266
1118 2275
1120 2293
1122 2216
1124 2219
1126 2219
1128 2220
1130 2292
1132 2219
1134 2293
1136 2308
1138 2256
1140 2256
1142 2540
1144 2338
1146 2252
1148 2327
1150 2267
1152 2320
1154 2251
1156 2394
1158 2277
1160 2275
1162 2216
1164 2315
1166 2302
1168 2274
1170 2310
1172 2321
1174 2280
1176 2215
1178 2273
1180 2216
1182 2289
1184 2215
1186 2296
1188 2256
1190 2216
1192 2261
1194 2217
1196 2254
1198 2295
1200 2219
1202 2324
1204 2372
1206 2234
1208 2216
1210 2327
1212 2214
1214 2253
1216 2215
1218 2216
1220 2217
1222 2218
1224 2217
1226 2217
1228 2214
1230 2364
1232 2420
1234 2513
1236 2359
1238 2275
1240 2274
1242 2316
1244 2271
1246 2279
1248 2253
1250 2313
1252 2214
1254 2333
1256 2213
1258 2254
1260 2295
1262 2216
1264 2258
1266 2294
1268 2216
1270 2217
1272 2291
1274 2409
1276 2536
1278 2322
1280 2323
1282 2302
1284 2367
1286 2271
1288 2277
1290 2334
1292 2262
1294 2215
1296 2288
1298 2216
1300 2332
1302 2289
1304 2293
1306 2220
1308 2463
1310 2217
1312 2255
1314 2216
1316 2217
1318 2215
1320 2216
1322 2252
1324 2217
1326 2369
1328 2292
1330 2218
1332 2299
1334 2296
1336 2292
1338 2216
1340 2251
1342 2220
1344 2291
1346 2216
1348 2217
1350 2216
1352 2255
1354 2252
1356 2213
1358 2216
1360 2290
1362 2216
1364 2288
1366 2409
1368 2219
1370 2219
1372 2329
1374 2213
1376 2254
1378 2216
1380 2212
1382 2219
1384 2218
1386 2270
1388 2216
1390 2216
1392 2464
1394 2254
1396 3409
1398 2643
1400 2276
1402 2354
1404 2335
1406 2338
1408 2339
1410 2337
1412 2333
1414 2275
1416 2275
1418 2284
1420 2251
1422 2216
1424 2213
1426 2361
1428 2251
1430 2217
1432 2613
1434 2216
1436 2283
1438 2319
1440 2276
1442 2274
1444 2345
1446 2271
1448 2327
1450 2253
1452 2243
1454 2313
1456 2275
1458 2266
1460 2217
1462 2294
1464 2216
1466 2213
1468 2288
1470 2218
1472 2217
1474 2253
1476 2252
1478 2290
1480 2217
1482 2297
1484 2217
1486 2310
1488 2254
1490 2216
1492 2292
1494 2216
1496 2219
1498 2219
1500 2220
1502 2217
1504 2216
1506 2439
1508 2382
1510 2249
1512 2345
1514 2311
1516 2275
1518 2275
1520 2347
1522 2245
1524 2218
1526 2255
1528 2328
1530 2215
1532 2216
1534 2217
1536 2216
1538 2216
1540 2218
1542 2216
1544 2216
1546 2216
1548 2216
1550 2217
1552 2291
1554 2216
1556 2254
1558 2326
1560 2216
1562 2216
1564 2253
1566 2219
1568 2644
1570 2353
1572 2277
1574 2275
1576 2275
1578 2274
1580 2250
1582 2218
1584 2307
1586 2252
1588 2216
1590 2289
1592 2255
1594 2330
1596 2377
1598 2275
1600 2272
1602 2326
1604 2212
1606 2339
1608 2356
1610 2296
1612 2215
1614 2291
1616 2215
1618 2216
1620 2290
1622 2217
1624 2290
1626 2300
1628 2217
1630 2216
1632 2217
1634 2254
1636 2217
1638 2313
1640 2216
1642 2217
1644 2217
1646 2217
1648 2217
1650 2217
1652 2216
1654 2297
1656 2215
1658 2287
1660 2218
1662 2336
1664 2295
1666 2218
1668 2357
1670 2274
1672 2282
1674 2291
1676 2219
1678 2215
1680 2294
1682 2288
1684 2292
1686 2295
1688 2217
1690 2216
1692 2218
1694 2253
1696 2217
1698 2216
1700 2290
1702 2216
1704 2217
1706 2251
1708 2216
1710 2292
1712 2216
1714 2292
1716 2219
1718 2290
1720 2217
1722 2216
1724 2522
1726 2471
1728 2349
1730 2250
1732 2274
1734 2302
1736 2502
1738 2249
1740 2216
1742 2407
1744 2251
1746 2295
1748 2218
1750 2327
1752 2253
1754 2216
1756 2233
1758 2212
1760 2218
1762 2213
1764 2213
1766 2216
1768 2251
1770 2287
1772 2566
1774 2216
1776 2255
1778 2275
1780 2275
1782 2294
1784 2274
1786 2313
1788 2291
1790 2216
1792 2216
1794 2347
1796 2218
1798 2217
1800 2361
1802 2216
1804 2215
1806 2295
1808 2216
1810 2213
1812 2317
1814 2216
1816 2216
1818 2252
1820 2219
1822 2219
1824 2238
1826 2216
1828 2217
1830 2216
1832 2213
1834 2216
1836 2217
1838 2327
1840 2212
1842 2216
1844 2288
1846 2218
1848 2219
1850 2255
1852 2480
1854 2273
1856 2326
1858 2216
1860 2219
1862 2255
1864 2307
1866 2218
1868 2217
1870 2254
1872 2216
1874 2216
1876 2213
1878 2291
1880 2216
1882 2216
1884 2217
1886 2216
1888 2215
1890 2217
1892 2328
1894 2253
1896 2217
1898 2275
1900 2213
1902 2216
1904 2313
1906 2216
1908 2217
1910 2216
1912 2216
1914 2216
1916 2217
1918 2212
1920 2219
1922 2219
1924 2252
1926 2217
1928 2216
1930 2325
1932 2218
1934 2216
1936 2254
1938 2220
1940 2219
1942 2251
1944 2292
1946 2277
1948 2280
1950 2216
1952 2217
1954 2217
1956 2213
1958 2216
1960 2217
1962 2213
1964 2289
1966 2220
1968 2254
1970 2217
1972 2217
1974 2356
1976 2216
1978 2213
1980 2285
1982 2318
1984 2217
1986 2254
1988 2249
1990 2216
1992 2252
1994 2216
1996 2215
1998 2215
2000 4401
