2 115
4 104
6 103
8 102
10 100
12 100
14 100
16 109
18 109
20 128
22 109
24 109
26 109
28 109
30 109
32 138
34 138
36 138
38 138
40 138
42 138
44 177
46 141
48 141
50 142
52 138
54 205
56 138
58 138
60 138
62 169
64 200
66 201
68 200
70 201
72 200
74 200
76 201
78 201
80 201
82 200
84 200
86 201
88 201
90 200
92 201
94 201
96 200
98 217
100 201
102 200
104 201
106 201
108 201
110 200
112 244
114 201
116 279
118 238
120 201
122 201
124 200
126 329
128 329
130 329
132 328
134 328
136 329
138 328
140 327
142 328
144 328
146 328
148 327
150 329
152 387
154 328
156 328
158 328
160 328
162 328
164 367
166 366
168 329
170 329
172 329
174 329
176 329
178 328
180 328
182 366
184 328
186 329
188 349
190 328
192 329
194 331
196 329
198 327
200 365
202 329
204 329
206 327
208 327
210 329
212 327
214 327
216 327
218 327
220 327
222 419
224 329
226 329
228 331
230 329
232 329
234 364
236 328
238 328
240 328
242 329
244 328
246 377
248 337
250 684
252 609
254 609
256 610
258 609
260 647
262 609
264 608
266 608
268 608
270 609
272 609
274 610
276 643
278 609
280 609
282 608
284 608
286 609
288 608
290 609
292 608
294 645
296 609
298 609
300 609
302 644
304 608
306 609
308 667
310 625
312 595
314 593
316 592
318 593
320 592
322 593
324 593
326 592
328 593
330 593
332 595
334 593
336 593
338 593
340 593
342 593
344 629
346 610
348 733
350 593
352 593
354 612
356 805
358 593
360 609
362 608
364 670
366 609
368 609
370 612
372 630
374 608
376 608
378 609
380 608
382 608
384 644
386 607
388 612
390 610
392 610
394 648
396 608
398 619
400 593
402 593
404 592
406 630
408 594
410 593
412 706
414 593
416 593
418 593
420 609
422 593
424 593
426 592
428 593
430 593
432 669
434 593
436 593
438 595
440 593
442 592
444 593
446 631
448 593
450 593
452 593
454 593
456 594
458 591
460 594
462 593
464 593
466 595
468 629
470 593
472 669
474 593
476 594
478 593
480 593
482 593
484 593
486 593
488 593
490 593
492 593
494 593
496 594
498 593
500 1168
502 1133
504 1132
506 1206
508 1129
510 1131
512 1204
514 1134
516 1132
518 1169
520 1134
522 1129
524 1131
526 1128
528 1128
530 1169
532 1131
534 1272
536 1131
538 1131
540 1206
542 1188
544 1130
546 1132
548 1131
550 1131
552 1204
554 1168
556 1173
558 1131
560 1131
562 1261
564 1131
566 1205
568 1132
570 1132
572 1129
574 1133
576 1131
578 1149
580 1133
582 1131
584 1130
586 1132
588 1209
590 1167
592 1131
594 1130
596 1131
598 1131
600 1131
602 1168
604 1131
606 1131
608 1206
610 1132
612 1133
614 1204
616 1205
618 1131
620 1207
622 1129
624 1132
626 1205
628 1128
630 1133
632 1128
634 1129
636 1133
638 1169
640 1128
642 1169
644 1185
646 1132
648 1185
650 1188
652 1132
654 1131
656 1131
658 1133
660 1130
662 1187
664 1131
666 1168
668 1131
670 1131
672 1130
674 1209
676 1148
678 1131
680 1222
682 1131
684 1170
686 1204
688 1131
690 1129
692 1132
694 1131
696 1129
698 1242
700 1131
702 1131
704 1129
706 1129
708 1129
710 1167
712 1130
714 1130
716 1131
718 1131
720 1131
722 1190
724 1132
726 1131
728 1132
730 1206
732 1168
734 1150
736 1131
738 1130
740 1170
742 1131
744 1131
746 1259
748 1238
750 1252
752 1161
754 1161
756 1163
758 1197
760 1161
762 1201
764 1191
766 1292
768 1270
770 1160
772 1162
774 1166
776 1163
778 1191
780 1176
782 1260
784 1131
786 1131
788 1131
790 1131
792 1245
794 1133
796 1206
798 1131
800 1131
802 1131
804 1234
806 1131
808 1129
810 1131
812 1131
814 1131
816 1167
818 1131
820 1131
822 1131
824 1131
826 1132
828 1167
830 1131
832 1131
834 1131
836 1211
838 1167
840 1160
842 1131
844 1131
846 1129
848 1205
850 1131
852 1131
854 1131
856 1131
858 1131
860 1204
862 1132
864 1169
866 1130
868 1131
870 1132
872 1132
874 1134
876 1242
878 1131
880 1131
882 1131
884 1133
886 1131
888 1167
890 1131
892 1133
894 1131
896 1132
898 1131
900 1168
902 1132
904 1205
906 1131
908 1131
910 1240
912 1167
914 1132
916 1131
918 1132
920 1206
922 1132
924 1168
926 1133
928 1133
930 1132
932 1131
934 1131
936 1132
938 1131
940 1131
942 1129
944 1131
946 1131
948 1168
950 1131
952 1131
954 1168
956 1131
958 1208
960 1132
962 1131
964 1170
966 1130
968 1130
970 1168
972 1133
974 1129
976 1131
978 1131
980 1132
982 1247
984 1132
986 1131
988 1132
990 1131
992 1130
994 1312
996 1130
998 1132
1000 2330
1002 2292
1004 2253
1006 2218
1008 2216
1010 2216
1012 2217
1014 2216
1016 2328
1018 2220
1020 2218
1022 2251
1024 2218
1026 2218
1028 2216
1030 2293
1032 2217
1034 2381
1036 2314
1038 2276
1040 2276
1042 2312
1044 2275
1046 2314
1048 2313
1050 2337
1052 2341
1054 2311
1056 2274
1058 2314
1060 2274
1062 2272
1064 2633
1066 2493
1068 2321
1070 2333
1072 2349
1074 2275
1076 2274
1078 2275
1080 2242
1082 2292
1084 2298
1086 2216
1088 2217
1090 2218
1092 2216
1094 2216
1096 2218
1098 2219
1100 2291
1102 2215
1104 2253
1106 2254
1108 2251
1110 2271
1112 2220
1114 2296
1116 2253
1118 2215
1120 2257
1122 2216
1124 2216
1126 2216
1128 2275
1130 2218
1132 2216
1134 2216
1136 2254
1138 2216
1140 2251
1142 2295
1144 2215
1146 2252
1148 2253
1150 2253
1152 2216
1154 2740
1156 2380
1158 2275
1160 2268
1162 2452
1164 2335
1166 2354
1168 2274
1170 2306
1172 2434
1174 2217
1176 2291
1178 2314
1180 2219
1182 2219
1184 2216
1186 2341
1188 2216
1190 2251
1192 2313
1194 2372
1196 2257
1198 2217
1200 2216
1202 2338
1204 2219
1206 2294
1208 2216
1210 2213
1212 2218
1214 2274
1216 2289
1218 2217
1220 2276
1222 2251
1224 2216
1226 2291
1228 2249
1230 2213
1232 2217
1234 2290
1236 2213
1238 2271
1240 2216
1242 2254
1244 2217
1246 2251
1248 2216
1250 2290
1252 2219
1254 2275
1256 2256
1258 2216
1260 2419
1262 2370
1264 2687
1266 2346
1268 2304
1270 2335
1272 2337
1274 2336
1276 2291
1278 2274
1280 2275
1282 2253
1284 2252
1286 2217
1288 2294
1290 2257
1292 2257
1294 2235
1296 2217
1298 2217
1300 2218
1302 2213
1304 2216
1306 2218
1308 2213
1310 2236
1312 2220
1314 2253
1316 2365
1318 2218
1320 2218
1322 2253
1324 2216
1326 2214
1328 2288
1330 2220
1332 2255
1334 2213
1336 2272
1338 2403
1340 2218
1342 2336
1344 2216
1346 2350
1348 2290
1350 2290
1352 2219
1354 2327
1356 2216
1358 2254
1360 2294
1362 2213
1364 2253
1366 2217
1368 2217
1370 2255
1372 2218
1374 2326
1376 2217
1378 2218
1380 2212
1382 2217
1384 2217
1386 2253
1388 2218
1390 2252
1392 2364
1394 2214
1396 2217
1398 2254
1400 2216
1402 2341
1404 2319
1406 2213
1408 2371
1410 2215
1412 2217
1414 2217
1416 2217
1418 2213
1420 2219
1422 2276
1424 2253
1426 2217
1428 2237
1430 2286
1432 2217
1434 2296
1436 2254
1438 2213
1440 2216
1442 2666
1444 2356
1446 2274
1448 2282
1450 2290
1452 2216
1454 2280
1456 2277
1458 2275
1460 2518
1462 2217
1464 2395
1466 2277
1468 2275
1470 2267
1472 2391
1474 2216
1476 2217
1478 2217
1480 2213
1482 2373
1484 2252
1486 2315
1488 2219
1490 2310
1492 2296
1494 2216
1496 2254
1498 2325
1500 2217
1502 2364
1504 2255
1506 2213
1508 2257
1510 2324
1512 2213
1514 2255
1516 2214
1518 2297
1520 2217
1522 2255
1524 2213
1526 2290
1528 2216
1530 2252
1532 2215
1534 2269
1536 2326
1538 2218
1540 2217
1542 2310
1544 2218
1546 2288
1548 2325
1550 2273
1552 2219
1554 2219
1556 2213
1558 2254
1560 2216
1562 2360
1564 2216
1566 2218
1568 2253
1570 2250
1572 2217
1574 2288
1576 2217
1578 2363
1580 2329
1582 2214
1584 2218
1586 2253
1588 2217
1590 2325
1592 2216
1594 2217
1596 2217
1598 2216
1600 2255
1602 2219
1604 2294
1606 2289
1608 2237
1610 2289
1612 2254
1614 2219
1616 2213
1618 2327
1620 2216
1622 2273
1624 2215
1626 2217
1628 2402
1630 2219
1632 2217
1634 2287
1636 2294
1638 2367
1640 2217
1642 2220
1644 2362
1646 2216
1648 2213
1650 2289
1652 2219
1654 2274
1656 2252
1658 2324
1660 2217
1662 2292
1664 2217
1666 2328
1668 2216
1670 2220
1672 2293
1674 2213
1676 2217
1678 2213
1680 2217
1682 2288
1684 2217
1686 2348
1688 2359
1690 2215
1692 2290
1694 2326
1696 2370
1698 2216
1700 2399
1702 2366
1704 2408
1706 2253
1708 2220
1710 2257
1712 2217
1714 2218
1716 2214
1718 2217
1720 2287
1722 2215
1724 2217
1726 2327
1728 2250
1730 2298
1732 2485
1734 2217
1736 2273
1738 2363
1740 2276
1742 2275
1744 2317
1746 2276
1748 2365
1750 2331
1752 2278
1754 2259
1756 2296
1758 2218
1760 2256
1762 2293
1764 2216
1766 2215
1768 2252
1770 2216
1772 2356
1774 2254
1776 2216
1778 2309
1780 2300
1782 2218
1784 2214
1786 2251
1788 2216
1790 2254
1792 2292
1794 2216
1796 2216
1798 2290
1800 2217
1802 2218
1804 2217
1806 2341
1808 2658
1810 2246
1812 2272
1814 2353
1816 2266
1818 2332
1820 2257
1822 2233
1824 2290
1826 2219
1828 2213
1830 2331
1832 2212
1834 2253
1836 2212
1838 2233
1840 2213
1842 2288
1844 2214
1846 2570
1848 2219
1850 2253
1852 2277
1854 2275
1856 2344
1858 2274
1860 2275
1862 2265
1864 2291
1866 2311
1868 2370
1870 2216
1872 2216
1874 2251
1876 2406
1878 2297
1880 2458
1882 2368
1884 2389
1886 2276
1888 2316
1890 2289
1892 2326
1894 2216
1896 2218
1898 2270
1900 2217
1902 2217
1904 2217
1906 2291
1908 2214
1910 2252
1912 2306
1914 2291
1916 2409
1918 2253
1920 2330
1922 2290
1924 2299
1926 2217
1928 2310
1930 2392
1932 2357
1934 2349
1936 2312
1938 2336
1940 2337
1942 2307
1944 2275
1946 2275
1948 2307
1950 2218
1952 2216
1954 2254
1956 2218
1958 2219
1960 2291
1962 2216
1964 2215
1966 2216
1968 2217
1970 2251
1972 2219
1974 2295
1976 2217
1978 2290
1980 2254
1982 2252
1984 2216
1986 2326
1988 2215
1990 2438
1992 2236
1994 2213
1996 2213
1998 2216
2000 4398
