2 293
4 199
6 196
8 186
10 184
12 198
14 182
16 176
18 175
20 174
22 173
24 174
26 173
28 174
30 174
32 175
34 175
36 174
38 173
40 172
42 172
44 171
46 169
48 169
50 169
52 169
54 237
56 179
58 177
60 175
62 185
64 191
66 225
68 194
70 229
72 191
74 191
76 190
78 189
80 189
82 189
84 189
86 189
88 189
90 189
92 188
94 190
96 247
98 189
100 190
102 190
104 190
106 189
108 189
110 189
112 188
114 188
116 224
118 189
120 189
122 188
124 189
126 242
128 241
130 240
132 241
134 277
136 240
138 240
140 240
142 240
144 240
146 240
148 240
150 240
152 240
154 239
156 240
158 239
160 240
162 239
164 259
166 240
168 240
170 240
172 240
174 240
176 240
178 240
180 333
182 262
184 269
186 234
188 233
190 233
192 233
194 234
196 250
198 233
200 234
202 234
204 234
206 234
208 234
210 240
212 240
214 240
216 239
218 277
220 241
222 1438
224 328
226 328
228 335
230 337
232 342
234 252
236 287
238 248
240 247
242 247
244 247
246 250
248 255
250 390
252 375
254 373
256 373
258 374
260 374
262 376
264 408
266 382
268 362
270 399
272 362
274 372
276 410
278 375
280 372
282 400
284 372
286 374
288 372
290 372
292 373
294 401
296 373
298 371
300 371
302 373
304 627
306 373
308 373
310 444
312 811
314 812
316 796
318 689
320 691
322 690
324 529
326 530
328 529
330 530
332 529
334 448
336 446
338 449
340 446
342 455
344 445
346 453
348 449
350 394
352 392
354 426
356 393
358 393
360 392
362 393
364 393
366 393
368 393
370 392
372 392
374 396
376 372
378 384
380 363
382 362
384 362
386 362
388 400
390 362
392 362
394 422
396 362
398 362
400 362
402 362
404 362
406 362
408 362
410 363
412 361
414 362
416 362
418 367
420 361
422 353
424 353
426 390
428 411
430 390
432 410
434 352
436 352
438 352
440 427
442 362
444 361
446 361
448 420
450 364
452 364
454 371
456 362
458 361
460 362
462 402
464 362
466 362
468 362
470 362
472 362
474 414
476 352
478 352
480 352
482 352
484 352
486 353
488 452
490 436
492 424
494 453
496 362
498 362
500 609
502 609
504 675
506 608
508 609
510 609
512 610
514 609
516 593
518 594
520 593
522 593
524 595
526 594
528 593
530 593
532 593
534 594
536 593
538 593
540 593
542 627
544 609
546 609
548 593
550 652
552 592
554 593
556 593
558 592
560 593
562 667
564 648
566 609
568 646
570 592
572 593
574 705
576 592
578 613
580 608
582 609
584 609
586 608
588 608
590 608
592 592
594 592
596 592
598 641
600 609
602 595
604 594
606 594
608 594
610 593
612 593
614 593
616 592
618 593
620 593
622 593
624 592
626 593
628 593
630 593
632 609
634 593
636 593
638 593
640 631
642 593
644 653
646 592
648 592
650 593
652 656
654 596
656 594
658 595
660 618
662 593
664 593
666 593
668 592
670 594
672 593
674 737
676 593
678 593
680 631
682 595
684 594
686 593
688 593
690 674
692 593
694 593
696 594
698 593
700 593
702 629
704 593
706 594
708 593
710 593
712 593
714 592
716 592
718 593
720 593
722 593
724 610
726 593
728 592
730 593
732 593
734 593
736 592
738 593
740 593
742 593
744 943
746 661
748 681
750 608
752 609
754 608
756 608
758 609
760 731
762 610
764 609
766 608
768 609
770 644
772 609
774 609
776 593
778 595
780 593
782 593
784 593
786 592
788 593
790 593
792 660
794 593
796 593
798 593
800 593
802 595
804 667
806 594
808 593
810 593
812 593
814 635
816 649
818 609
820 608
822 611
824 609
826 608
828 607
830 608
832 608
834 625
836 608
838 609
840 608
842 608
844 609
846 609
848 608
850 609
852 721
854 691
856 594
858 594
860 593
862 707
864 609
866 705
868 609
870 649
872 608
874 608
876 608
878 607
880 608
882 607
884 608
886 608
888 608
890 609
892 609
894 614
896 592
898 592
900 593
902 593
904 592
906 593
908 593
910 593
912 592
914 593
916 687
918 592
920 592
922 593
924 593
926 593
928 593
930 594
932 594
934 593
936 593
938 613
940 593
942 593
944 592
946 592
948 592
950 593
952 592
954 593
956 629
958 592
960 593
962 593
964 593
966 667
968 671
970 593
972 664
974 594
976 595
978 593
980 666
982 618
984 729
986 610
988 650
990 608
992 609
994 609
996 609
998 609
1000 1187
1002 1152
1004 1151
1006 1150
1008 1121
1010 1120
1012 1120
1014 1120
1016 1120
1018 1423
1020 1153
1022 1150
1024 1150
1026 1151
1028 1151
1030 1285
1032 1122
1034 1123
1036 1154
1038 1150
1040 1158
1042 1120
1044 1120
1046 1120
1048 1121
1050 1120
1052 1120
1054 1120
1056 1156
1058 1119
1060 1119
1062 1178
1064 1156
1066 1118
1068 1155
1070 1120
1072 1121
1074 1118
1076 1174
1078 1120
1080 1120
1082 1119
1084 1118
1086 1118
1088 1230
1090 1119
1092 1230
1094 1120
1096 1121
1098 1518
1100 1223
1102 1148
1104 1147
1106 1147
1108 1146
1110 1117
1112 1117
1114 1189
1116 1118
1118 1118
1120 1117
1122 1118
1124 1153
1126 1116
1128 1174
1130 1117
1132 1133
1134 1117
1136 1116
1138 1154
1140 1116
1142 1116
1144 1117
1146 1117
1148 1153
1150 1118
1152 1115
1154 1115
1156 1117
1158 1116
1160 1116
1162 1116
1164 1117
1166 1117
1168 1115
1170 1226
1172 1170
1174 1116
1176 1182
1178 1115
1180 1115
1182 1115
1184 1117
1186 1116
1188 1234
1190 1116
1192 1115
1194 1115
1196 1283
1198 1115
1200 1116
1202 1116
1204 1115
1206 1115
1208 1228
1210 1115
1212 1115
1214 1153
1216 1154
1218 1116
1220 1133
1222 1115
1224 1115
1226 1115
1228 1115
1230 1115
1232 1114
1234 1116
1236 1123
1238 1117
1240 1153
1242 1115
1244 1115
1246 1116
1248 1192
1250 1115
1252 1132
1254 1153
1256 1188
1258 1114
1260 1115
1262 1115
1264 1116
1266 1116
1268 1115
1270 1115
1272 1191
1274 1117
1276 1117
1278 1118
1280 1190
1282 1115
1284 1154
1286 1115
1288 1116
1290 1116
1292 1116
1294 1116
1296 1116
1298 1226
1300 1115
1302 1115
1304 1752
1306 1181
1308 1202
1310 1181
1312 1192
1314 1150
1316 1150
1318 1150
1320 1148
1322 1257
1324 1120
1326 1118
1328 1158
1330 1153
1332 1117
1334 1173
1336 1116
1338 1117
1340 1153
1342 1116
1344 1116
1346 1117
1348 1116
1350 1116
1352 1212
1354 1116
1356 1116
1358 1115
1360 1190
1362 1115
1364 1115
1366 1208
1368 1119
1370 1118
1372 1152
1374 1117
1376 1119
1378 1118
1380 1116
1382 1117
1384 1117
1386 1117
1388 1117
1390 1118
1392 1116
1394 1117
1396 1116
1398 1136
1400 1118
1402 1117
1404 1153
1406 1156
1408 1118
1410 1116
1412 1117
1414 1117
1416 1116
1418 1150
1420 1116
1422 1116
1424 1117
1426 1117
1428 1118
1430 1116
1432 1189
1434 1117
1436 1153
1438 1154
1440 1116
1442 1135
1444 1118
1446 1117
1448 1115
1450 1116
1452 1116
1454 1115
1456 1136
1458 1117
1460 1190
1462 1115
1464 1155
1466 1116
1468 1152
1470 1154
1472 1116
1474 1116
1476 1117
1478 1116
1480 1135
1482 1154
1484 1116
1486 1116
1488 1115
1490 1116
1492 1115
1494 1152
1496 1116
1498 1188
1500 1152
1502 1221
1504 1153
1506 1116
1508 1115
1510 1115
1512 1116
1514 1118
1516 1117
1518 1115
1520 1116
1522 1116
1524 1116
1526 1152
1528 1153
1530 1118
1532 1151
1534 1117
1536 1268
1538 1117
1540 1155
1542 1116
1544 1191
1546 1271
1548 1116
1550 1116
1552 1116
1554 1116
1556 1116
1558 1193
1560 1116
1562 1116
1564 1151
1566 1116
1568 1190
1570 1116
1572 1157
1574 1116
1576 1116
1578 1115
1580 1115
1582 1115
1584 1116
1586 1116
1588 1117
1590 1153
1592 1116
1594 1117
1596 1153
1598 1457
1600 1119
1602 1342
1604 1363
1606 1148
1608 1184
1610 1175
1612 1260
1614 1148
1616 1148
1618 1150
1620 1157
1622 1154
1624 1117
1626 1162
1628 1116
1630 1116
1632 1116
1634 1117
1636 1117
1638 1117
1640 1154
1642 1116
1644 1116
1646 1172
1648 1115
1650 1115
1652 1115
1654 1116
1656 1115
1658 1169
1660 1117
1662 1117
1664 1115
1666 1116
1668 1116
1670 1117
1672 1115
1674 1136
1676 1137
1678 1209
1680 1135
1682 1210
1684 1170
1686 1133
1688 1133
1690 1132
1692 1132
1694 1134
1696 1134
1698 1133
1700 1133
1702 1133
1704 1132
1706 1132
1708 1132
1710 1133
1712 1132
1714 1169
1716 1170
1718 1133
1720 1133
1722 1217
1724 1135
1726 1134
1728 1243
1730 1133
1732 1133
1734 1175
1736 1136
1738 1208
1740 1209
1742 1135
1744 1135
1746 1132
1748 1133
1750 1133
1752 1132
1754 1132
1756 1169
1758 1133
1760 1133
1762 1134
1764 1169
1766 1169
1768 1133
1770 1206
1772 1213
1774 1135
1776 1133
1778 1169
1780 1166
1782 1137
1784 1135
1786 1133
1788 1172
1790 1134
1792 1133
1794 1132
1796 1132
1798 1150
1800 1133
1802 1134
1804 1170
1806 1132
1808 1132
1810 1132
1812 1132
1814 1132
1816 1132
1818 1132
1820 1170
1822 1132
1824 1152
1826 1135
1828 1133
1830 1132
1832 1134
1834 1132
1836 1206
1838 1132
1840 1132
1842 1202
1844 1132
1846 1132
1848 1133
1850 1132
1852 1202
1854 1132
1856 1132
1858 1151
1860 1133
1862 1314
1864 1209
1866 1134
1868 1189
1870 1191
1872 1162
1874 1155
1876 1133
1878 1132
1880 1206
1882 1254
1884 1133
1886 1242
1888 1286
1890 1241
1892 1267
1894 1164
1896 1163
1898 1225
1900 1166
1902 1169
1904 1199
1906 1164
1908 1133
1910 1135
1912 1209
1914 1205
1916 1136
1918 1135
1920 1134
1922 1134
1924 1132
1926 1205
1928 1169
1930 1134
1932 1134
1934 1132
1936 1205
1938 1134
1940 1133
1942 1203
1944 1169
1946 1216
1948 1153
1950 1132
1952 1132
1954 1132
1956 1132
1958 1133
1960 1134
1962 1132
1964 1132
1966 1132
1968 1131
1970 1188
1972 1170
1974 1169
1976 1134
1978 1214
1980 1169
1982 1132
1984 1208
1986 1132
1988 1132
1990 1131
1992 1132
1994 1133
1996 1131
1998 1261
2000 2318
