2 128
4 116
6 115
8 112
10 112
12 112
14 112
16 123
18 122
20 122
22 122
24 122
26 121
28 121
30 121
32 154
34 154
36 153
38 154
40 154
42 179
44 155
46 154
48 163
50 141
52 141
54 141
56 142
58 141
60 141
62 174
64 224
66 206
68 206
70 206
72 206
74 206
76 206
78 206
80 206
82 206
84 206
86 206
88 205
90 206
92 206
94 206
96 206
98 206
100 206
102 206
104 206
106 206
108 206
110 206
112 207
114 206
116 206
118 206
120 246
122 206
124 206
126 339
128 358
130 338
132 338
134 338
136 338
138 338
140 338
142 338
144 338
146 338
148 338
150 338
152 338
154 338
156 338
158 337
160 337
162 337
164 337
166 337
168 337
170 337
172 337
174 452
176 505
178 328
180 328
182 329
184 329
186 392
188 426
190 337
192 337
194 337
196 338
198 458
200 337
202 337
204 337
206 337
208 338
210 433
212 358
214 337
216 337
218 337
220 337
222 337
224 337
226 337
228 337
230 337
232 337
234 337
236 337
238 337
240 337
242 337
244 337
246 339
248 351
250 593
252 593
254 593
256 630
258 670
260 594
262 594
264 594
266 593
268 594
270 591
272 591
274 591
276 594
278 594
280 591
282 594
284 591
286 671
288 592
290 593
292 592
294 593
296 593
298 671
300 593
302 593
304 669
306 595
308 593
310 593
312 593
314 593
316 673
318 594
320 631
322 593
324 593
326 630
328 595
330 669
332 684
334 594
336 593
338 593
340 593
342 632
344 593
346 670
348 594
350 594
352 596
354 627
356 592
358 594
360 592
362 593
364 593
366 593
368 593
370 593
372 593
374 593
376 593
378 593
380 593
382 593
384 630
386 593
388 593
390 630
392 593
394 705
396 593
398 593
400 593
402 593
404 593
406 630
408 593
410 594
412 593
414 593
416 593
418 593
420 593
422 593
424 593
426 593
428 593
430 595
432 755
434 593
436 593
438 593
440 593
442 668
444 593
446 593
448 612
450 592
452 592
454 593
456 592
458 593
460 593
462 593
464 593
466 593
468 593
470 630
472 592
474 593
476 593
478 594
480 594
482 593
484 679
486 593
488 595
490 593
492 629
494 593
496 593
498 593
500 1168
502 1131
504 1131
506 1131
508 1131
510 1131
512 1133
514 1131
516 1209
518 1324
520 1131
522 1131
524 1130
526 1217
528 1132
530 1205
532 1131
534 1131
536 1168
538 1131
540 1131
542 1242
544 1131
546 1131
548 1169
550 1131
552 1131
554 1167
556 1131
558 1131
560 1131
562 1131
564 1130
566 1241
568 1301
570 1197
572 1199
574 1208
576 1240
578 1229
580 1519
582 1195
584 1274
586 1192
588 1193
590 1198
592 1193
594 1196
596 1233
598 1193
600 1194
602 1196
604 1192
606 1192
608 1369
610 1208
612 1201
614 1197
616 1374
618 1203
620 1219
622 1194
624 1194
626 1205
628 1190
630 1195
632 1194
634 1194
636 1190
638 1194
640 1161
642 1162
644 1160
646 1161
648 1161
650 1150
652 1172
654 1130
656 1163
658 1245
660 1270
662 1222
664 1163
666 1259
668 1167
670 1163
672 1162
674 1162
676 1161
678 1160
680 1191
682 1160
684 1197
686 1161
688 1161
690 1162
692 1187
694 1160
696 1163
698 1161
700 1202
702 1161
704 1132
706 1132
708 1163
710 1200
712 1197
714 1162
716 1131
718 1132
720 1131
722 1206
724 1131
726 1131
728 1132
730 1282
732 1131
734 1282
736 1167
738 1220
740 1163
742 1206
744 1161
746 1169
748 1132
750 1131
752 1211
754 1168
756 1131
758 1209
760 1133
762 1129
764 1131
766 1131
768 1131
770 1199
772 1161
774 1161
776 1131
778 1131
780 1131
782 1211
784 1131
786 1131
788 1131
790 1131
792 1131
794 1167
796 1189
798 1169
800 1131
802 1131
804 1133
806 1219
808 1161
810 1174
812 1131
814 1207
816 1131
818 1167
820 1130
822 1130
824 1205
826 1131
828 1131
830 1168
832 1133
834 1210
836 1191
838 1161
840 1162
842 1162
844 1162
846 1240
848 1160
850 1160
852 1201
854 1242
856 1161
858 1199
860 1161
862 1161
864 1227
866 1189
868 1162
870 1162
872 1268
874 1212
876 1334
878 1166
880 1320
882 1131
884 1302
886 1198
888 1160
890 1161
892 1160
894 1160
896 1158
898 1158
900 1162
902 1162
904 1196
906 1209
908 1148
910 1131
912 1205
914 1131
916 1130
918 1132
920 1130
922 1132
924 1130
926 1131
928 1232
930 1132
932 1130
934 1131
936 1131
938 1131
940 1133
942 1133
944 1133
946 1133
948 1168
950 1207
952 1131
954 1132
956 1243
958 1130
960 1130
962 1204
964 1129
966 1132
968 1150
970 1131
972 1132
974 1130
976 1132
978 1132
980 1130
982 1131
984 1131
986 1133
988 1133
990 1131
992 1131
994 1132
996 1131
998 1129
1000 2217
1002 2215
1004 2325
1006 2216
1008 2450
1010 3484
1012 3252
1014 2598
1016 2384
1018 2347
1020 2473
1022 2355
1024 2338
1026 2784
1028 3083
1030 2343
1032 2340
1034 2303
1036 2275
1038 2313
1040 2293
1042 2258
1044 2215
1046 2216
1048 2217
1050 2337
1052 2217
1054 2219
1056 2216
1058 2291
1060 2218
1062 2365
1064 2215
1066 2332
1068 2277
1070 2216
1072 2218
1074 2253
1076 2297
1078 2219
1080 2220
1082 2219
1084 2219
1086 2255
1088 2215
1090 2482
1092 2219
1094 2217
1096 2216
1098 2252
1100 2347
1102 2218
1104 2638
1106 2376
1108 2275
1110 2275
1112 2278
1114 2384
1116 2364
1118 2261
1120 2254
1122 2216
1124 2288
1126 2293
1128 2213
1130 2254
1132 2272
1134 2216
1136 2291
1138 2217
1140 2370
1142 2217
1144 2308
1146 2291
1148 2328
1150 2254
1152 2216
1154 2297
1156 2232
1158 2291
1160 2217
1162 2253
1164 2213
1166 2217
1168 2289
1170 2216
1172 2273
1174 2252
1176 2216
1178 2216
1180 2330
1182 2220
1184 2292
1186 2217
1188 2216
1190 2216
1192 2251
1194 2235
1196 2216
1198 2291
1200 2287
1202 2217
1204 2291
1206 2288
1208 2215
1210 2215
1212 2293
1214 2216
1216 2253
1218 2294
1220 2216
1222 2216
1224 2361
1226 2291
1228 2217
1230 2329
1232 2216
1234 2216
1236 2215
1238 2250
1240 2217
1242 2218
1244 2217
1246 2217
1248 2218
1250 2293
1252 2218
1254 2293
1256 2255
1258 2216
1260 2217
1262 2363
1264 2219
1266 2296
1268 2216
1270 2252
1272 2215
1274 2217
1276 2217
1278 2216
1280 2217
1282 2218
1284 2216
1286 2438
1288 2290
1290 2216
1292 2216
1294 2329
1296 2215
1298 2290
1300 2253
1302 2216
1304 2216
1306 2374
1308 2218
1310 2292
1312 2215
1314 2217
1316 2214
1318 2216
1320 2323
1322 2297
1324 2216
1326 2508
1328 2274
1330 2275
1332 2261
1334 2329
1336 2216
1338 2252
1340 2218
1342 2216
1344 2303
1346 2217
1348 2216
1350 2216
1352 2217
1354 2320
1356 2291
1358 2334
1360 2298
1362 2219
1364 2216
1366 2316
1368 2275
1370 2275
1372 2267
1374 2219
1376 2328
1378 2219
1380 2291
1382 2333
1384 2282
1386 2215
1388 2254
1390 2289
1392 2216
1394 2580
1396 2412
1398 2275
1400 2287
1402 2440
1404 2397
1406 2324
1408 2277
1410 2277
1412 2429
1414 2216
1416 2216
1418 2397
1420 2275
1422 2275
1424 2258
1426 2220
1428 2217
1430 2250
1432 2217
1434 2214
1436 2216
1438 2213
1440 2298
1442 2282
1444 2216
1446 2216
1448 2218
1450 2309
1452 2215
1454 2374
1456 2257
1458 2253
1460 2217
1462 2430
1464 2220
1466 2304
1468 2253
1470 2254
1472 2218
1474 2291
1476 2216
1478 2218
1480 2326
1482 2218
1484 2216
1486 2216
1488 2216
1490 2216
1492 2215
1494 2326
1496 2216
1498 2271
1500 2292
1502 2293
1504 2215
1506 2329
1508 2256
1510 2216
1512 2281
1514 2216
1516 2255
1518 2237
1520 2215
1522 2250
1524 2394
1526 2219
1528 2295
1530 2220
1532 2233
1534 2254
1536 2215
1538 2290
1540 2220
1542 2219
1544 2254
1546 2216
1548 2216
1550 2328
1552 2216
1554 2218
1556 2219
1558 2255
1560 2251
1562 2332
1564 2218
1566 2216
1568 2328
1570 2367
1572 2216
1574 2305
1576 2255
1578 2217
1580 2278
1582 2325
1584 2274
1586 2294
1588 2292
1590 2219
1592 2252
1594 2219
1596 2217
1598 2217
1600 2298
1602 2216
1604 2404
1606 2218
1608 2213
1610 2218
1612 2220
1614 2216
1616 2252
1618 2310
1620 2458
1622 2216
1624 2217
1626 2365
1628 2217
1630 2217
1632 2289
1634 2215
1636 2213
1638 2252
1640 2328
1642 2214
1644 2361
1646 2216
1648 2216
1650 2216
1652 2215
1654 2216
1656 2291
1658 2215
1660 2216
1662 2215
1664 2299
1666 2240
1668 2212
1670 2254
1672 2290
1674 2216
1676 2591
1678 2325
1680 2277
1682 2650
1684 2358
1686 2274
1688 2369
1690 2340
1692 2216
1694 2303
1696 2301
1698 2283
1700 2289
1702 2216
1704 2299
1706 2253
1708 2233
1710 2218
1712 2250
1714 2213
1716 2277
1718 2365
1720 2217
1722 2218
1724 2216
1726 2213
1728 2299
1730 2253
1732 2253
1734 2217
1736 2329
1738 2233
1740 2212
1742 2328
1744 2280
1746 2214
1748 2217
1750 2390
1752 2217
1754 2216
1756 2374
1758 2216
1760 2212
1762 2276
1764 2275
1766 2271
1768 2332
1770 2216
1772 2217
1774 2216
1776 2216
1778 2212
1780 2216
1782 2289
1784 2217
1786 2251
1788 2217
1790 2217
1792 2216
1794 2294
1796 2218
1798 2217
1800 2214
1802 2290
1804 2217
1806 2253
1808 2218
1810 2215
1812 2251
1814 2292
1816 2215
1818 2288
1820 2216
1822 2216
1824 2326
1826 2254
1828 2217
1830 2217
1832 2219
1834 2219
1836 2220
1838 2508
1840 2264
1842 2282
1844 2277
1846 2275
1848 2217
1850 2332
1852 2213
1854 2257
1856 2217
1858 2216
1860 2369
1862 2298
1864 2217
1866 2217
1868 2485
1870 2293
1872 2334
1874 2327
1876 2274
1878 2274
1880 2350
1882 2218
1884 2213
1886 2295
1888 2217
1890 2298
1892 2294
1894 2212
1896 2297
1898 2216
1900 2217
1902 2216
1904 2214
1906 2253
1908 2216
1910 2219
1912 2369
1914 2214
1916 2277
1918 2314
1920 2285
1922 2289
1924 2216
1926 2214
1928 2292
1930 2216
1932 2218
1934 2252
1936 2213
1938 2233
1940 2312
1942 2293
1944 2212
1946 2249
1948 2216
1950 2216
1952 2216
1954 2218
1956 2254
1958 2216
1960 2213
1962 2212
1964 2212
1966 2401
1968 2212
1970 2759
1972 2315
1974 2343
1976 2273
1978 2344
1980 2302
1982 2274
1984 2341
1986 2253
1988 2217
1990 2217
1992 2258
1994 2218
1996 2218
1998 2217
2000 4546
