2 168
4 143
6 143
8 126
10 126
12 126
14 126
16 111
18 111
20 110
22 111
24 110
26 110
28 93
30 93
32 81
34 81
36 81
38 80
40 81
42 81
44 81
46 80
48 81
50 81
52 81
54 81
56 81
58 81
60 80
62 75
64 69
66 68
68 60
70 60
72 60
74 60
76 60
78 60
80 60
82 60
84 60
86 60
88 60
90 60
92 60
94 60
96 60
98 60
100 60
102 60
104 60
106 61
108 60
110 60
112 60
114 60
116 60
118 60
120 60
122 54
124 54
126 44
128 44
130 44
132 44
134 44
136 44
138 44
140 44
142 44
144 44
146 44
148 44
150 44
152 44
154 44
156 44
158 45
160 44
162 44
164 44
166 45
168 44
170 44
172 44
174 64
176 44
178 44
180 44
182 44
184 44
186 44
188 44
190 65
192 44
194 44
196 44
198 44
200 44
202 44
204 44
206 44
208 44
210 44
212 44
214 44
216 44
218 44
220 44
222 44
224 44
226 44
228 44
230 44
232 44
234 44
236 44
238 44
240 46
242 46
244 46
246 45
248 45
250 36
252 36
254 36
256 36
258 36
260 36
262 36
264 35
266 35
268 35
270 35
272 35
274 35
276 35
278 35
280 35
282 35
284 51
286 34
288 35
290 35
292 35
294 35
296 35
298 54
300 35
302 35
304 35
306 35
308 35
310 35
312 35
314 35
316 35
318 35
320 35
322 35
324 35
326 35
328 35
330 35
332 35
334 35
336 35
338 35
340 34
342 35
344 35
346 35
348 35
350 35
352 35
354 35
356 35
358 35
360 35
362 35
364 36
366 36
368 36
370 36
372 36
374 36
376 74
378 36
380 36
382 36
384 36
386 36
388 36
390 35
392 36
394 36
396 36
398 36
400 36
402 36
404 35
406 36
408 36
410 36
412 36
414 36
416 36
418 36
420 36
422 36
424 35
426 36
428 35
430 53
432 36
434 36
436 35
438 35
440 35
442 52
444 36
446 36
448 35
450 36
452 35
454 35
456 56
458 40
460 37
462 37
464 44
466 37
468 37
470 37
472 37
474 37
476 37
478 37
480 37
482 60
484 45
486 38
488 37
490 37
492 37
494 37
496 37
498 37
500 27
502 27
504 27
506 27
508 27
510 27
512 27
514 27
516 26
518 31
520 26
522 27
524 27
526 26
528 27
530 27
532 29
534 27
536 26
538 27
540 27
542 26
544 26
546 27
548 27
550 26
552 27
554 27
556 26
558 27
560 26
562 26
564 27
566 27
568 27
570 26
572 27
574 27
576 26
578 26
580 26
582 26
584 26
586 26
588 25
590 25
592 25
594 25
596 25
598 26
600 26
602 26
604 26
606 25
608 25
610 25
612 25
614 25
616 25
618 25
620 25
622 25
624 25
626 25
628 25
630 25
632 25
634 25
636 25
638 25
640 26
642 26
644 27
646 25
648 25
650 25
652 25
654 25
656 25
658 25
660 25
662 25
664 25
666 25
668 25
670 25
672 25
674 25
676 25
678 26
680 26
682 26
684 25
686 25
688 26
690 26
692 26
694 26
696 25
698 46
700 25
702 25
704 25
706 25
708 25
710 25
712 25
714 25
716 25
718 25
720 73
722 25
724 25
726 25
728 26
730 26
732 26
734 26
736 25
738 25
740 25
742 25
744 25
746 25
748 25
750 25
752 25
754 25
756 25
758 25
760 25
762 25
764 25
766 25
768 25
770 27
772 26
774 26
776 25
778 25
780 25
782 25
784 25
786 87
788 25
790 25
792 25
794 25
796 25
798 25
800 25
802 25
804 25
806 25
808 25
810 26
812 26
814 25
816 25
818 25
820 25
822 25
824 25
826 25
828 25
830 25
832 25
834 25
836 25
838 25
840 25
842 25
844 25
846 25
848 25
850 26
852 25
854 25
856 25
858 25
860 25
862 25
864 25
866 25
868 25
870 25
872 25
874 25
876 25
878 25
880 42
882 25
884 25
886 25
888 25
890 25
892 25
894 25
896 25
898 25
900 25
902 25
904 25
906 25
908 25
910 25
912 25
914 25
916 25
918 25
920 25
922 25
924 25
926 25
928 25
930 25
932 25
934 25
936 25
938 25
940 25
942 25
944 25
946 25
948 25
950 25
952 25
954 25
956 25
958 25
960 25
962 46
964 26
966 26
968 26
970 26
972 26
974 27
976 26
978 26
980 27
982 31
984 26
986 26
988 26
990 26
992 26
994 26
996 26
998 26
1000 16
1002 16
1004 16
1006 16
1008 16
1010 16
1012 16
1014 16
1016 16
1018 16
1020 16
1022 17
1024 17
1026 17
1028 17
1030 16
1032 16
1034 17
1036 17
1038 17
1040 17
1042 17
1044 16
1046 16
1048 16
1050 16
1052 16
1054 16
1056 16
1058 16
1060 16
1062 16
1064 16
1066 16
1068 16
1070 16
1072 16
1074 52
1076 16
1078 16
1080 16
1082 16
1084 16
1086 16
1088 16
1090 16
1092 16
1094 17
1096 16
1098 16
1100 16
1102 16
1104 16
1106 16
1108 17
1110 16
1112 16
1114 16
1116 16
1118 16
1120 16
1122 16
1124 16
1126 16
1128 16
1130 16
1132 16
1134 16
1136 16
1138 16
1140 16
1142 16
1144 16
1146 16
1148 16
1150 16
1152 16
1154 35
1156 16
1158 16
1160 16
1162 16
1164 16
1166 16
1168 16
1170 16
1172 16
1174 16
1176 16
1178 32
1180 16
1182 16
1184 16
1186 16
1188 16
1190 16
1192 16
1194 16
1196 16
1198 16
1200 16
1202 16
1204 16
1206 16
1208 16
1210 16
1212 16
1214 16
1216 16
1218 16
1220 16
1222 16
1224 16
1226 16
1228 16
1230 16
1232 16
1234 16
1236 16
1238 16
1240 16
1242 35
1244 16
1246 16
1248 16
1250 16
1252 16
1254 16
1256 16
1258 16
1260 16
1262 16
1264 16
1266 16
1268 16
1270 16
1272 16
1274 16
1276 17
1278 16
1280 17
1282 16
1284 16
1286 16
1288 16
1290 16
1292 16
1294 16
1296 16
1298 16
1300 16
1302 16
1304 16
1306 17
1308 35
1310 16
1312 16
1314 16
1316 16
1318 16
1320 16
1322 16
1324 16
1326 16
1328 16
1330 16
1332 16
1334 16
1336 19
1338 16
1340 16
1342 16
1344 16
1346 16
1348 16
1350 16
1352 16
1354 16
1356 16
1358 16
1360 16
1362 16
1364 16
1366 16
1368 16
1370 16
1372 16
1374 16
1376 16
1378 16
1380 16
1382 16
1384 16
1386 16
1388 16
1390 16
1392 16
1394 16
1396 16
1398 16
1400 16
1402 16
1404 16
1406 16
1408 16
1410 16
1412 16
1414 16
1416 16
1418 16
1420 16
1422 16
1424 16
1426 16
1428 16
1430 16
1432 16
1434 16
1436 16
1438 16
1440 16
1442 16
1444 16
1446 16
1448 16
1450 16
1452 16
1454 16
1456 16
1458 16
1460 16
1462 16
1464 16
1466 16
1468 16
1470 16
1472 16
1474 16
1476 16
1478 16
1480 16
1482 16
1484 16
1486 16
1488 16
1490 16
1492 16
1494 16
1496 16
1498 16
1500 16
1502 16
1504 16
1506 16
1508 16
1510 16
1512 16
1514 16
1516 16
1518 16
1520 16
1522 16
1524 16
1526 16
1528 16
1530 16
1532 16
1534 16
1536 16
1538 16
1540 16
1542 16
1544 35
1546 16
1548 16
1550 16
1552 16
1554 16
1556 16
1558 16
1560 16
1562 16
1564 16
1566 17
1568 16
1570 16
1572 16
1574 16
1576 16
1578 16
1580 16
1582 16
1584 16
1586 16
1588 16
1590 16
1592 16
1594 16
1596 35
1598 42
1600 16
1602 17
1604 16
1606 16
1608 16
1610 16
1612 16
1614 16
1616 16
1618 16
1620 16
1622 16
1624 16
1626 16
1628 16
1630 16
1632 16
1634 16
1636 16
1638 16
1640 16
1642 16
1644 16
1646 16
1648 16
1650 16
1652 16
1654 16
1656 16
1658 16
1660 16
1662 16
1664 16
1666 16
1668 16
1670 16
1672 16
1674 16
1676 16
1678 16
1680 16
1682 16
1684 16
1686 16
1688 16
1690 16
1692 16
1694 16
1696 16
1698 16
1700 16
1702 16
1704 16
1706 16
1708 16
1710 16
1712 16
1714 16
1716 16
1718 16
1720 16
1722 16
1724 16
1726 16
1728 16
1730 16
1732 16
1734 16
1736 16
1738 16
1740 16
1742 16
1744 16
1746 16
1748 16
1750 16
1752 32
1754 16
1756 16
1758 16
1760 16
1762 16
1764 16
1766 16
1768 16
1770 16
1772 16
1774 16
1776 16
1778 16
1780 16
1782 16
1784 16
1786 16
1788 16
1790 16
1792 16
1794 16
1796 16
1798 16
1800 16
1802 16
1804 16
1806 16
1808 16
1810 16
1812 16
1814 16
1816 16
1818 16
1820 16
1822 16
1824 16
1826 16
1828 32
1830 16
1832 16
1834 16
1836 16
1838 16
1840 17
1842 16
1844 16
1846 16
1848 16
1850 16
1852 16
1854 16
1856 16
1858 16
1860 16
1862 16
1864 16
1866 16
1868 16
1870 16
1872 16
1874 16
1876 16
1878 16
1880 16
1882 16
1884 16
1886 18
1888 16
1890 16
1892 16
1894 16
1896 16
1898 16
1900 16
1902 16
1904 16
1906 16
1908 16
1910 16
1912 16
1914 16
1916 16
1918 16
1920 16
1922 16
1924 16
1926 16
1928 16
1930 16
1932 16
1934 16
1936 16
1938 16
1940 16
1942 16
1944 16
1946 16
1948 16
1950 16
1952 16
1954 16
1956 16
1958 16
1960 16
1962 16
1964 16
1966 16
1968 16
1970 16
1972 16
1974 16
1976 16
1978 16
1980 16
1982 16
1984 17
1986 16
1988 16
1990 16
1992 16
1994 16
1996 16
1998 16
2000 6
