2 217
4 198
6 197
8 185
10 183
12 184
14 182
16 175
18 173
20 172
22 171
24 172
26 171
28 171
30 171
32 172
34 171
36 169
38 169
40 169
42 168
44 168
46 168
48 167
50 168
52 167
54 234
56 191
58 173
60 170
62 178
64 189
66 191
68 191
70 186
72 186
74 185
76 185
78 184
80 185
82 184
84 185
86 185
88 185
90 184
92 185
94 239
96 187
98 184
100 184
102 211
104 189
106 190
108 190
110 190
112 189
114 190
116 190
118 189
120 189
122 209
124 189
126 247
128 248
130 246
132 247
134 272
136 246
138 246
140 246
142 245
144 246
146 246
148 246
150 246
152 245
154 246
156 246
158 246
160 247
162 247
164 268
166 246
168 247
170 246
172 274
174 246
176 245
178 246
180 245
182 246
184 247
186 246
188 246
190 245
192 246
194 247
196 279
198 267
200 246
202 246
204 246
206 246
208 245
210 267
212 312
214 240
216 239
218 239
220 240
222 240
224 241
226 240
228 240
230 239
232 239
234 240
236 239
238 239
240 240
242 239
244 239
246 239
248 240
250 358
252 358
254 357
256 367
258 388
260 357
262 356
264 356
266 550
268 356
270 356
272 356
274 365
276 366
278 366
280 402
282 427
284 380
286 386
288 381
290 381
292 377
294 376
296 378
298 378
300 401
302 379
304 378
306 379
308 377
310 376
312 379
314 380
316 379
318 376
320 376
322 375
324 375
326 375
328 376
330 375
332 376
334 375
336 375
338 376
340 376
342 376
344 375
346 379
348 367
350 366
352 368
354 400
356 366
358 411
360 368
362 368
364 406
366 382
368 407
370 377
372 377
374 495
376 435
378 434
380 365
382 366
384 375
386 378
388 376
390 376
392 395
394 378
396 380
398 376
400 377
402 366
404 452
406 366
408 366
410 365
412 368
414 366
416 366
418 365
420 366
422 405
424 367
426 365
428 365
430 365
432 365
434 365
436 366
438 367
440 357
442 383
444 366
446 366
448 366
450 372
452 356
454 357
456 356
458 357
460 357
462 355
464 356
466 356
468 356
470 356
472 356
474 356
476 356
478 356
480 429
482 356
484 356
486 356
488 356
490 356
492 357
494 356
496 356
498 356
500 637
502 661
504 600
506 600
508 600
510 600
512 682
514 599
516 599
518 599
520 616
522 616
524 726
526 691
528 638
530 616
532 618
534 617
536 617
538 616
540 616
542 616
544 616
546 616
548 618
550 616
552 600
554 677
556 600
558 638
560 600
562 600
564 673
566 600
568 601
570 637
572 705
574 615
576 615
578 600
580 602
582 636
584 601
586 600
588 657
590 600
592 600
594 674
596 600
598 600
600 600
602 616
604 645
606 623
608 600
610 600
612 600
614 600
616 600
618 659
620 599
622 599
624 710
626 601
628 600
630 600
632 600
634 600
636 599
638 601
640 600
642 615
644 622
646 599
648 600
650 600
652 655
654 600
656 600
658 600
660 599
662 600
664 673
666 601
668 600
670 599
672 602
674 601
676 713
678 600
680 599
682 619
684 600
686 600
688 636
690 600
692 600
694 600
696 600
698 600
700 657
702 600
704 601
706 600
708 600
710 600
712 600
714 602
716 637
718 601
720 601
722 601
724 600
726 600
728 600
730 599
732 599
734 599
736 621
738 601
740 600
742 600
744 601
746 600
748 600
750 641
752 600
754 600
756 600
758 600
760 599
762 600
764 600
766 600
768 601
770 601
772 600
774 658
776 601
778 600
780 599
782 600
784 600
786 600
788 600
790 600
792 600
794 600
796 600
798 600
800 599
802 600
804 600
806 636
808 600
810 600
812 602
814 603
816 602
818 601
820 601
822 601
824 1036
826 652
828 640
830 601
832 601
834 673
836 600
838 601
840 629
842 601
844 600
846 620
848 618
850 658
852 618
854 618
856 666
858 664
860 616
862 641
864 600
866 601
868 600
870 601
872 618
874 602
876 601
878 677
880 600
882 600
884 601
886 600
888 600
890 603
892 602
894 600
896 601
898 601
900 659
902 600
904 600
906 600
908 601
910 601
912 637
914 601
916 601
918 602
920 601
922 676
924 637
926 600
928 601
930 601
932 601
934 599
936 680
938 617
940 617
942 600
944 601
946 600
948 686
950 600
952 601
954 600
956 600
958 600
960 619
962 600
964 600
966 602
968 600
970 601
972 601
974 601
976 602
978 601
980 600
982 600
984 601
986 600
988 639
990 600
992 601
994 601
996 601
998 601
1000 1160
1002 1216
1004 1215
1006 1170
1008 1170
1010 1213
1012 1169
1014 1169
1016 1207
1018 1171
1020 1170
1022 1168
1024 1241
1026 1138
1028 1138
1030 1139
1032 1140
1034 1369
1036 1138
1038 1473
1040 1337
1042 1171
1044 1170
1046 1170
1048 1169
1050 1203
1052 1203
1054 1201
1056 1170
1058 1255
1060 1212
1062 1173
1064 1205
1066 1169
1068 1140
1070 1138
1072 1139
1074 1159
1076 1138
1078 1140
1080 1176
1082 1140
1084 1137
1086 1137
1088 1138
1090 1139
1092 1139
1094 1139
1096 1196
1098 1138
1100 1138
1102 1138
1104 1137
1106 1137
1108 1138
1110 1141
1112 1139
1114 1213
1116 1138
1118 1212
1120 1139
1122 1138
1124 1138
1126 1139
1128 1252
1130 1248
1132 1140
1134 1159
1136 1138
1138 1175
1140 1139
1142 1138
1144 1213
1146 1139
1148 1137
1150 1137
1152 1137
1154 1137
1156 1218
1158 1138
1160 1211
1162 1137
1164 1137
1166 1211
1168 1139
1170 1138
1172 1212
1174 1139
1176 1212
1178 1138
1180 1138
1182 1138
1184 1141
1186 1138
1188 1137
1190 1139
1192 1138
1194 1138
1196 1177
1198 1214
1200 1139
1202 1174
1204 1175
1206 1138
1208 1137
1210 1138
1212 1139
1214 1138
1216 1138
1218 1139
1220 1218
1222 1139
1224 1137
1226 1270
1228 1138
1230 1139
1232 1138
1234 1215
1236 1213
1238 1137
1240 1175
1242 1169
1244 1167
1246 1137
1248 1321
1250 1137
1252 1137
1254 1212
1256 1212
1258 1138
1260 1138
1262 1138
1264 1138
1266 1138
1268 1138
1270 1138
1272 1175
1274 1137
1276 1138
1278 1138
1280 1211
1282 1137
1284 1138
1286 1233
1288 1141
1290 1139
1292 1159
1294 1139
1296 1140
1298 1139
1300 1139
1302 1138
1304 1138
1306 1138
1308 1138
1310 1138
1312 1138
1314 1138
1316 1158
1318 1211
1320 1138
1322 1138
1324 1139
1326 1139
1328 1139
1330 1260
1332 1163
1334 1169
1336 1169
1338 1173
1340 1172
1342 1222
1344 1169
1346 1169
1348 1218
1350 1168
1352 1173
1354 1168
1356 1169
1358 1168
1360 1168
1362 1169
1364 1207
1366 1177
1368 1140
1370 1220
1372 1139
1374 1140
1376 1215
1378 1138
1380 1138
1382 1213
1384 1138
1386 1138
1388 1138
1390 1234
1392 1137
1394 1138
1396 1138
1398 1139
1400 1138
1402 1139
1404 1139
1406 1138
1408 1138
1410 1138
1412 1271
1414 1195
1416 1138
1418 1249
1420 1138
1422 1139
1424 1137
1426 1138
1428 1214
1430 1139
1432 1142
1434 1141
1436 1140
1438 1139
1440 1139
1442 1139
1444 1215
1446 1140
1448 1138
1450 1173
1452 1174
1454 1141
1456 1138
1458 1138
1460 1218
1462 1137
1464 1138
1466 1139
1468 1138
1470 1138
1472 1138
1474 1157
1476 1188
1478 1186
1480 1211
1482 1184
1484 1185
1486 1185
1488 1221
1490 1220
1492 1184
1494 1191
1496 1153
1498 1154
1500 1237
1502 1153
1504 1153
1506 1154
1508 1234
1510 1153
1512 1153
1514 1226
1516 1153
1518 1190
1520 1154
1522 1152
1524 1188
1526 1152
1528 1152
1530 1152
1532 1154
1534 1153
1536 1155
1538 1152
1540 1189
1542 1153
1544 1154
1546 1154
1548 1154
1550 1151
1552 1337
1554 1154
1556 1184
1558 1183
1560 1184
1562 1153
1564 1153
1566 1190
1568 1151
1570 1153
1572 1152
1574 1236
1576 1153
1578 1227
1580 1188
1582 1153
1584 1152
1586 1153
1588 1152
1590 1153
1592 1153
1594 1152
1596 1153
1598 1152
1600 1158
1602 1230
1604 1154
1606 1153
1608 1154
1610 1189
1612 1190
1614 1156
1616 1155
1618 1583
1620 1186
1622 1183
1624 1186
1626 1185
1628 1213
1630 1264
1632 1158
1634 1194
1636 1193
1638 1153
1640 1233
1642 1154
1644 1153
1646 1153
1648 1304
1650 1153
1652 1183
1654 1182
1656 1182
1658 1152
1660 1152
1662 1153
1664 1152
1666 1153
1668 1188
1670 1152
1672 1152
1674 1188
1676 1153
1678 1152
1680 1227
1682 1153
1684 1154
1686 1225
1688 1153
1690 1154
1692 1190
1694 1153
1696 1153
1698 1153
1700 1153
1702 1236
1704 1227
1706 1152
1708 1190
1710 1153
1712 1153
1714 1152
1716 1227
1718 1189
1720 1152
1722 1152
1724 1191
1726 1152
1728 1153
1730 1152
1732 1152
1734 1190
1736 1153
1738 1156
1740 1192
1742 1191
1744 1154
1746 1153
1748 1192
1750 1152
1752 1152
1754 1293
1756 1186
1758 1188
1760 1217
1762 1152
1764 1185
1766 1155
1768 1228
1770 1152
1772 1153
1774 1152
1776 1152
1778 1153
1780 1153
1782 1152
1784 1191
1786 1153
1788 1309
1790 1154
1792 1226
1794 1153
1796 1152
1798 1229
1800 1153
1802 1190
1804 1155
1806 1173
1808 1154
1810 1154
1812 1189
1814 1152
1816 1191
1818 1153
1820 1152
1822 1152
1824 1152
1826 1152
1828 1153
1830 1263
1832 1152
1834 1152
1836 1188
1838 1152
1840 1153
1842 1153
1844 1155
1846 1152
1848 1184
1850 1234
1852 1154
1854 1190
1856 1156
1858 1154
1860 1152
1862 1226
1864 1154
1866 1153
1868 1189
1870 1152
1872 1225
1874 1187
1876 1229
1878 1152
1880 1211
1882 1187
1884 1185
1886 1479
1888 1412
1890 1310
1892 1186
1894 1184
1896 1185
1898 1284
1900 1185
1902 1224
1904 1293
1906 1156
1908 1186
1910 1234
1912 1185
1914 1303
1916 1279
1918 1187
1920 1158
1922 1154
1924 1247
1926 1155
1928 1153
1930 1174
1932 1152
1934 1152
1936 1232
1938 1159
1940 1155
1942 1192
1944 1154
1946 1184
1948 1154
1950 1153
1952 1187
1954 1228
1956 1153
1958 1152
1960 1152
1962 1152
1964 1152
1966 1151
1968 1227
1970 1153
1972 1187
1974 1152
1976 1192
1978 1152
1980 1152
1982 1226
1984 1190
1986 1189
1988 1152
1990 1299
1992 1152
1994 1153
1996 1274
1998 1172
2000 2212
