2 145
4 131
6 130
8 126
10 126
12 126
14 126
16 138
18 137
20 137
22 138
24 137
26 141
28 137
30 137
32 174
34 173
36 153
38 185
40 154
42 154
44 153
46 153
48 154
50 154
52 154
54 153
56 153
58 153
60 153
62 188
64 224
66 222
68 224
70 222
72 224
74 224
76 224
78 224
80 224
82 224
84 222
86 224
88 223
90 224
92 224
94 255
96 206
98 206
100 205
102 206
104 206
106 206
108 206
110 206
112 206
114 206
116 206
118 206
120 223
122 206
124 206
126 336
128 379
130 338
132 338
134 338
136 338
138 338
140 338
142 338
144 338
146 338
148 337
150 337
152 338
154 337
156 337
158 337
160 337
162 337
164 337
166 337
168 337
170 466
172 476
174 328
176 329
178 412
180 340
182 338
184 338
186 337
188 337
190 337
192 337
194 410
196 337
198 338
200 337
202 337
204 337
206 417
208 379
210 337
212 337
214 337
216 337
218 337
220 337
222 337
224 337
226 337
228 337
230 337
232 337
234 337
236 337
238 337
240 337
242 337
244 337
246 337
248 337
250 609
252 608
254 608
256 608
258 609
260 687
262 594
264 593
266 593
268 593
270 630
272 667
274 594
276 594
278 594
280 594
282 595
284 594
286 594
288 591
290 594
292 593
294 677
296 593
298 592
300 594
302 647
304 593
306 593
308 593
310 593
312 629
314 593
316 593
318 593
320 595
322 594
324 593
326 593
328 593
330 593
332 594
334 704
336 594
338 594
340 596
342 594
344 594
346 594
348 609
350 666
352 593
354 593
356 595
358 594
360 594
362 594
364 594
366 594
368 594
370 594
372 593
374 654
376 593
378 593
380 593
382 592
384 593
386 631
388 594
390 593
392 592
394 690
396 594
398 593
400 593
402 593
404 593
406 594
408 593
410 593
412 593
414 596
416 630
418 593
420 593
422 594
424 593
426 593
428 592
430 593
432 629
434 593
436 593
438 594
440 594
442 594
444 594
446 594
448 594
450 614
452 593
454 593
456 593
458 640
460 593
462 593
464 592
466 593
468 593
470 593
472 592
474 593
476 593
478 594
480 666
482 593
484 593
486 593
488 593
490 593
492 593
494 669
496 614
498 594
500 1207
502 1132
504 1131
506 1131
508 1133
510 1131
512 1188
514 1131
516 1176
518 1129
520 1131
522 1132
524 1204
526 1131
528 1131
530 1206
532 1131
534 1131
536 1237
538 1130
540 1130
542 1130
544 1131
546 1130
548 1208
550 1131
552 1131
554 1131
556 1131
558 1131
560 1203
562 1213
564 1129
566 1133
568 1133
570 1132
572 1511
574 1254
576 1161
578 1161
580 1256
582 1161
584 1160
586 1161
588 1159
590 1159
592 1167
594 1160
596 1132
598 1204
600 1131
602 1131
604 1206
606 1131
608 1209
610 1133
612 1131
614 1212
616 1203
618 1130
620 1132
622 1131
624 1130
626 1130
628 1167
630 1132
632 1132
634 1128
636 1132
638 1133
640 1205
642 1132
644 1131
646 1130
648 1131
650 1131
652 1168
654 1134
656 1207
658 1149
660 1131
662 1131
664 1167
666 1131
668 1130
670 1131
672 1131
674 1168
676 1206
678 1131
680 1131
682 1131
684 1208
686 1131
688 1167
690 1131
692 1130
694 1167
696 1131
698 1130
700 1203
702 1131
704 1131
706 1131
708 1132
710 1130
712 1206
714 1131
716 1130
718 1210
720 1131
722 1132
724 1168
726 1129
728 1131
730 1132
732 1131
734 1168
736 1202
738 1241
740 1133
742 1133
744 1248
746 1128
748 1204
750 1131
752 1170
754 1131
756 1204
758 1131
760 1189
762 1134
764 1132
766 1204
768 1131
770 1130
772 1167
774 1131
776 1129
778 1130
780 1131
782 1130
784 1131
786 1130
788 1130
790 1132
792 1133
794 1133
796 1132
798 1130
800 1129
802 1129
804 1131
806 1132
808 1148
810 1131
812 1131
814 1131
816 1213
818 1132
820 1188
822 1131
824 1201
826 1131
828 1169
830 1271
832 1154
834 1201
836 1163
838 1163
840 1164
842 1204
844 1161
846 1181
848 1200
850 1164
852 1162
854 1161
856 1162
858 1162
860 1164
862 1161
864 1200
866 1162
868 1162
870 1162
872 1360
874 1148
876 1162
878 1162
880 1161
882 1161
884 1162
886 1205
888 1162
890 1161
892 1164
894 1275
896 1160
898 1160
900 1160
902 1162
904 1159
906 1170
908 1132
910 1207
912 1131
914 1168
916 1131
918 1130
920 1130
922 1375
924 1132
926 1131
928 1131
930 1149
932 1133
934 1145
936 1133
938 1131
940 1132
942 1131
944 1130
946 1149
948 1130
950 1131
952 1130
954 1132
956 1132
958 1170
960 1149
962 1131
964 1132
966 1131
968 1132
970 1203
972 1133
974 1131
976 1129
978 1131
980 1149
982 1241
984 1134
986 1134
988 1133
990 1131
992 1132
994 1203
996 1133
998 1131
1000 2410
1002 2362
1004 2216
1006 2369
1008 2217
1010 2216
1012 2216
1014 2216
1016 2217
1018 2292
1020 2216
1022 2250
1024 2213
1026 2255
1028 2292
1030 2251
1032 2372
1034 2290
1036 2471
1038 2328
1040 2375
1042 2498
1044 2347
1046 2360
1048 2410
1050 2358
1052 2392
1054 2371
1056 2369
1058 2477
1060 2376
1062 2432
1064 2386
1066 2376
1068 2370
1070 2360
1072 2403
1074 2361
1076 2362
1078 2364
1080 2397
1082 2440
1084 2308
1086 2358
1088 2407
1090 2337
1092 2314
1094 2276
1096 2275
1098 2314
1100 2277
1102 2271
1104 2251
1106 2212
1108 2256
1110 2325
1112 2213
1114 2216
1116 2235
1118 2218
1120 2218
1122 2217
1124 2219
1126 2219
1128 2286
1130 2252
1132 2299
1134 2216
1136 2324
1138 2252
1140 2403
1142 2271
1144 2276
1146 2310
1148 2345
1150 2219
1152 2219
1154 2255
1156 2220
1158 2218
1160 2217
1162 2291
1164 2217
1166 2218
1168 2252
1170 2216
1172 2405
1174 2290
1176 2250
1178 2255
1180 2487
1182 2219
1184 2217
1186 2403
1188 2217
1190 2293
1192 2253
1194 2216
1196 2216
1198 2215
1200 2287
1202 2216
1204 2216
1206 2216
1208 2217
1210 2279
1212 2254
1214 2214
1216 2217
1218 2291
1220 2289
1222 2215
1224 2254
1226 2217
1228 2292
1230 2235
1232 2289
1234 2217
1236 2217
1238 2212
1240 2219
1242 2329
1244 2253
1246 2213
1248 2217
1250 2275
1252 2214
1254 2214
1256 2303
1258 2217
1260 2212
1262 2366
1264 2216
1266 2216
1268 2318
1270 2216
1272 2216
1274 2253
1276 2292
1278 2215
1280 2251
1282 2217
1284 2212
1286 2213
1288 2289
1290 2401
1292 2461
1294 2345
1296 2274
1298 2274
1300 2310
1302 2275
1304 2328
1306 2276
1308 2215
1310 2217
1312 2264
1314 2247
1316 2276
1318 2275
1320 2255
1322 2220
1324 2213
1326 2253
1328 2217
1330 2303
1332 2288
1334 2218
1336 2289
1338 2307
1340 2249
1342 2217
1344 2590
1346 2219
1348 2265
1350 2277
1352 2277
1354 2307
1356 2271
1358 2278
1360 2234
1362 2253
1364 2213
1366 2293
1368 2254
1370 2220
1372 2255
1374 2417
1376 2219
1378 2929
1380 2390
1382 2286
1384 2407
1386 2373
1388 2276
1390 2272
1392 2312
1394 2364
1396 2271
1398 2272
1400 2257
1402 2216
1404 2326
1406 2279
1408 2291
1410 2213
1412 2218
1414 2291
1416 2217
1418 2255
1420 2215
1422 2292
1424 2253
1426 2288
1428 2217
1430 2255
1432 2220
1434 2218
1436 2514
1438 2217
1440 2215
1442 2291
1444 2217
1446 2250
1448 2251
1450 2292
1452 2215
1454 2252
1456 2217
1458 2335
1460 2217
1462 2218
1464 2296
1466 2253
1468 2217
1470 2218
1472 2279
1474 2290
1476 2218
1478 2216
1480 2290
1482 2218
1484 2217
1486 2253
1488 2218
1490 2254
1492 2374
1494 2219
1496 2291
1498 2218
1500 2214
1502 2217
1504 2249
1506 2292
1508 2217
1510 2216
1512 2253
1514 2216
1516 2217
1518 2251
1520 2215
1522 2220
1524 2331
1526 2217
1528 2252
1530 2213
1532 2218
1534 2217
1536 2304
1538 2466
1540 2217
1542 2238
1544 2381
1546 2275
1548 2395
1550 2272
1552 2274
1554 2326
1556 2214
1558 2216
1560 2329
1562 2290
1564 2216
1566 2253
1568 2216
1570 2217
1572 2254
1574 2216
1576 2217
1578 2250
1580 2291
1582 2217
1584 2253
1586 2255
1588 2213
1590 2292
1592 2253
1594 2333
1596 2217
1598 2293
1600 2221
1602 2409
1604 2407
1606 2218
1608 2216
1610 2314
1612 2215
1614 2213
1616 2217
1618 2256
1620 2414
1622 2216
1624 2216
1626 2255
1628 2217
1630 2253
1632 2650
1634 2344
1636 2381
1638 2277
1640 2278
1642 2387
1644 2275
1646 2217
1648 2255
1650 2217
1652 2217
1654 2342
1656 2219
1658 2219
1660 2256
1662 2214
1664 2216
1666 2217
1668 2335
1670 2216
1672 2288
1674 2252
1676 2323
1678 2252
1680 2322
1682 2215
1684 2215
1686 2288
1688 2212
1690 2216
1692 2394
1694 2217
1696 2216
1698 2327
1700 2216
1702 2287
1704 2293
1706 2217
1708 2217
1710 2217
1712 2216
1714 2213
1716 2219
1718 2363
1720 2217
1722 2217
1724 2252
1726 2255
1728 2371
1730 2327
1732 2214
1734 2326
1736 2216
1738 2217
1740 2216
1742 2216
1744 2361
1746 2213
1748 2213
1750 2287
1752 2213
1754 2216
1756 3958
1758 2378
1760 2216
1762 2277
1764 2275
1766 2274
1768 2275
1770 2275
1772 2268
1774 2290
1776 2216
1778 2217
1780 2328
1782 2217
1784 2304
1786 2416
1788 2216
1790 2218
1792 2290
1794 2216
1796 2216
1798 2216
1800 2219
1802 2220
1804 2219
1806 2247
1808 2215
1810 2290
1812 2287
1814 2217
1816 2216
1818 2288
1820 2252
1822 2292
1824 2288
1826 2217
1828 2217
1830 2252
1832 2216
1834 2216
1836 2216
1838 2216
1840 2215
1842 2213
1844 2219
1846 2453
1848 2216
1850 2292
1852 2252
1854 2217
1856 2254
1858 2213
1860 2254
1862 2251
1864 2212
1866 2292
1868 2215
1870 2216
1872 2218
1874 2253
1876 2217
1878 2293
1880 2217
1882 2253
1884 2257
1886 2213
1888 2255
1890 2216
1892 2292
1894 2368
1896 2217
1898 2216
1900 2288
1902 2216
1904 2217
1906 2217
1908 2291
1910 2253
1912 2216
1914 2214
1916 2216
1918 2216
1920 2216
1922 2216
1924 2649
1926 2314
1928 2216
1930 2274
1932 2375
1934 2468
1936 2394
1938 2314
1940 2279
1942 2243
1944 2424
1946 2256
1948 2217
1950 2254
1952 2216
1954 2216
1956 2357
1958 2217
1960 2216
1962 2253
1964 2213
1966 2214
1968 2254
1970 2273
1972 2293
1974 2236
1976 2237
1978 2216
1980 2216
1982 2329
1984 2290
1986 2217
1988 2252
1990 2214
1992 2217
1994 2275
1996 2217
1998 2290
2000 4473
