2 118
4 106
6 106
8 104
10 126
12 104
14 103
16 112
18 112
20 112
22 112
24 112
26 112
28 112
30 112
32 141
34 142
36 141
38 141
40 141
42 141
44 141
46 142
48 141
50 138
52 138
54 233
56 137
58 137
60 137
62 169
64 219
66 201
68 201
70 201
72 201
74 200
76 200
78 207
80 201
82 200
84 201
86 199
88 200
90 200
92 216
94 206
96 206
98 206
100 259
102 206
104 206
106 206
108 206
110 206
112 205
114 206
116 206
118 206
120 206
122 205
124 206
126 337
128 337
130 338
132 329
134 327
136 329
138 349
140 329
142 327
144 329
146 328
148 329
150 329
152 329
154 329
156 329
158 437
160 329
162 329
164 329
166 329
168 329
170 368
172 329
174 329
176 328
178 328
180 329
182 329
184 329
186 349
188 338
190 329
192 337
194 338
196 338
198 338
200 337
202 338
204 346
206 347
208 376
210 338
212 338
214 338
216 338
218 337
220 338
222 338
224 338
226 337
228 337
230 337
232 337
234 337
236 375
238 338
240 338
242 337
244 338
246 338
248 338
250 629
252 607
254 649
256 608
258 608
260 608
262 608
264 608
266 609
268 609
270 609
272 608
274 688
276 645
278 611
280 701
282 594
284 593
286 671
288 723
290 609
292 609
294 609
296 609
298 608
300 608
302 680
304 671
306 776
308 655
310 630
312 631
314 627
316 625
318 626
320 638
322 1112
324 945
326 793
328 630
330 627
332 627
334 629
336 632
338 691
340 633
342 628
344 628
346 626
348 624
350 629
352 623
354 626
356 624
358 626
360 654
362 625
364 625
366 624
368 625
370 654
372 629
374 627
376 636
378 627
380 626
382 626
384 626
386 626
388 626
390 626
392 623
394 625
396 609
398 609
400 609
402 608
404 608
406 608
408 609
410 609
412 608
414 613
416 594
418 628
420 591
422 594
424 594
426 593
428 592
430 593
432 592
434 632
436 592
438 593
440 593
442 594
444 611
446 610
448 678
450 625
452 665
454 879
456 638
458 704
460 630
462 633
464 625
466 625
468 625
470 625
472 624
474 625
476 633
478 626
480 625
482 625
484 624
486 625
488 624
490 609
492 609
494 675
496 610
498 607
500 1159
502 1162
504 1128
506 1133
508 1158
510 1129
512 1131
514 1129
516 1203
518 1206
520 1131
522 1131
524 1167
526 1131
528 1130
530 1131
532 1130
534 1129
536 1203
538 1160
540 1174
542 1131
544 1131
546 1131
548 1205
550 1133
552 1129
554 1131
556 1129
558 1129
560 1203
562 1243
564 1171
566 1194
568 1130
570 1129
572 1131
574 1131
576 1207
578 1130
580 1204
582 1131
584 1222
586 1325
588 1129
590 1150
592 1161
594 1246
596 1158
598 1162
600 1221
602 1131
604 1130
606 1131
608 1129
610 1167
612 1130
614 1205
616 1206
618 1151
620 1131
622 1130
624 1129
626 1205
628 1130
630 1131
632 1130
634 1132
636 1130
638 1243
640 1133
642 1133
644 1132
646 1200
648 1204
650 1128
652 1133
654 1203
656 1133
658 1170
660 1170
662 1129
664 1130
666 1132
668 1131
670 1168
672 1166
674 1130
676 1130
678 1129
680 1129
682 1132
684 1130
686 1130
688 1132
690 1129
692 1131
694 1167
696 1130
698 1129
700 1129
702 1129
704 1208
706 1201
708 1131
710 1229
712 1160
714 1161
716 1159
718 1161
720 1159
722 1128
724 1128
726 1129
728 1133
730 1129
732 1179
734 1316
736 1130
738 1129
740 1131
742 1129
744 1129
746 1129
748 1205
750 1129
752 1129
754 1128
756 1129
758 1131
760 1128
762 1129
764 1168
766 1130
768 1131
770 1131
772 1129
774 1131
776 1129
778 1129
780 1131
782 1129
784 1130
786 1183
788 1131
790 1128
792 1149
794 1396
796 1281
798 1160
800 1266
802 1165
804 1252
806 1162
808 1184
810 1161
812 1161
814 1192
816 1160
818 1230
820 1314
822 1132
824 1131
826 1169
828 1131
830 1130
832 1131
834 1131
836 1294
838 1192
840 1131
842 1204
844 1129
846 1130
848 1130
850 1169
852 1133
854 1131
856 1131
858 1204
860 1131
862 1168
864 1132
866 1153
868 1131
870 1131
872 1163
874 1198
876 1188
878 1193
880 1197
882 1161
884 1180
886 1161
888 1161
890 1161
892 1160
894 1160
896 1242
898 1162
900 1162
902 1162
904 1162
906 1199
908 1181
910 1307
912 1131
914 1335
916 1163
918 1237
920 1162
922 1276
924 1162
926 1194
928 1192
930 1193
932 1192
934 1193
936 1184
938 1162
940 1160
942 1161
944 1161
946 1175
948 1132
950 1171
952 1132
954 1219
956 1131
958 1131
960 1131
962 1128
964 1169
966 1167
968 1168
970 1132
972 1131
974 1130
976 1130
978 1208
980 1131
982 1132
984 1131
986 1129
988 1131
990 1222
992 1132
994 1131
996 1168
998 1131
1000 2256
1002 2220
1004 2255
1006 2254
1008 2253
1010 2255
1012 2219
1014 2216
1016 2598
1018 2276
1020 2275
1022 2275
1024 2276
1026 2350
1028 2277
1030 2366
1032 2252
1034 2216
1036 2475
1038 2253
1040 2236
1042 2388
1044 2275
1046 2270
1048 2255
1050 2252
1052 2290
1054 2216
1056 2216
1058 2300
1060 2216
1062 2289
1064 2217
1066 2293
1068 2275
1070 2254
1072 2215
1074 2344
1076 2255
1078 2216
1080 2288
1082 2252
1084 2217
1086 2217
1088 2368
1090 2216
1092 2217
1094 2218
1096 2333
1098 2219
1100 2220
1102 2216
1104 2217
1106 2254
1108 2233
1110 2216
1112 2287
1114 2253
1116 2216
1118 2255
1120 2330
1122 2218
1124 2218
1126 2289
1128 2220
1130 2219
1132 2219
1134 2360
1136 2216
1138 2252
1140 2217
1142 2217
1144 2216
1146 2294
1148 2253
1150 2216
1152 2299
1154 2219
1156 2219
1158 2308
1160 2216
1162 2213
1164 2214
1166 2219
1168 2255
1170 2367
1172 2253
1174 2217
1176 2254
1178 2253
1180 2521
1182 2593
1184 2376
1186 2275
1188 2271
1190 2275
1192 2405
1194 2274
1196 2299
1198 2255
1200 2214
1202 2345
1204 2219
1206 2216
1208 2253
1210 2292
1212 2232
1214 2216
1216 2217
1218 2212
1220 2216
1222 2246
1224 2287
1226 2217
1228 2278
1230 2213
1232 2255
1234 2253
1236 2219
1238 2277
1240 2255
1242 2255
1244 2218
1246 2216
1248 2215
1250 2339
1252 2498
1254 2652
1256 2316
1258 2352
1260 2319
1262 2273
1264 2469
1266 2350
1268 2277
1270 2278
1272 2279
1274 2277
1276 2290
1278 2214
1280 2216
1282 2291
1284 2220
1286 2212
1288 2325
1290 2216
1292 2269
1294 2216
1296 2217
1298 2288
1300 2252
1302 2288
1304 2216
1306 2289
1308 2252
1310 2337
1312 2253
1314 2256
1316 2219
1318 2325
1320 2292
1322 2215
1324 2217
1326 2217
1328 2212
1330 2290
1332 2213
1334 2274
1336 2290
1338 2216
1340 2216
1342 2217
1344 2761
1346 2321
1348 2275
1350 2271
1352 2277
1354 2276
1356 2253
1358 2328
1360 2290
1362 2219
1364 2292
1366 2219
1368 2290
1370 2325
1372 2288
1374 2252
1376 2232
1378 2216
1380 2216
1382 2251
1384 2216
1386 2215
1388 2213
1390 2216
1392 2217
1394 2216
1396 2271
1398 2215
1400 2234
1402 2330
1404 2215
1406 2326
1408 2253
1410 2216
1412 2299
1414 2213
1416 2291
1418 2272
1420 2213
1422 2309
1424 2216
1426 2328
1428 2330
1430 2217
1432 2332
1434 2385
1436 2270
1438 2216
1440 2253
1442 2332
1444 2216
1446 2253
1448 2215
1450 2217
1452 2254
1454 2218
1456 2289
1458 2301
1460 2219
1462 2217
1464 2216
1466 2213
1468 2325
1470 2387
1472 2274
1474 2389
1476 2494
1478 2375
1480 2217
1482 2287
1484 2247
1486 2422
1488 2347
1490 2294
1492 2277
1494 2253
1496 2524
1498 2329
1500 2275
1502 2275
1504 2274
1506 2274
1508 2310
1510 2233
1512 2253
1514 2216
1516 2254
1518 2218
1520 2215
1522 2365
1524 2216
1526 2213
1528 2552
1530 2308
1532 2267
1534 2278
1536 2339
1538 2239
1540 2217
1542 2256
1544 2289
1546 2221
1548 2212
1550 2364
1552 2290
1554 2216
1556 2249
1558 2215
1560 2290
1562 2252
1564 2289
1566 2212
1568 2290
1570 2216
1572 2250
1574 2219
1576 2214
1578 2216
1580 2218
1582 2251
1584 2213
1586 2293
1588 2253
1590 2216
1592 2250
1594 2256
1596 2219
1598 2291
1600 2256
1602 2219
1604 2219
1606 2253
1608 2291
1610 2313
1612 2216
1614 2216
1616 2219
1618 2213
1620 2212
1622 2381
1624 2217
1626 2255
1628 2219
1630 2287
1632 2296
1634 2215
1636 2292
1638 2254
1640 2214
1642 2287
1644 2273
1646 2216
1648 2253
1650 2287
1652 2220
1654 2255
1656 2213
1658 2217
1660 2510
1662 2250
1664 2216
1666 2213
1668 2216
1670 2254
1672 2219
1674 2219
1676 2293
1678 2216
1680 2269
1682 2254
1684 2216
1686 2290
1688 2287
1690 2216
1692 2254
1694 2291
1696 2217
1698 2215
1700 2216
1702 2254
1704 2217
1706 2212
1708 2362
1710 2218
1712 2216
1714 2252
1716 2252
1718 2235
1720 2254
1722 2290
1724 2214
1726 2237
1728 2216
1730 2217
1732 2218
1734 2216
1736 2217
1738 2218
1740 2217
1742 2218
1744 2289
1746 2253
1748 2216
1750 2219
1752 2215
1754 2216
1756 2357
1758 2505
1760 2214
1762 2364
1764 2277
1766 2312
1768 2276
1770 2273
1772 2357
1774 2273
1776 2312
1778 2312
1780 2275
1782 2275
1784 2318
1786 2255
1788 2213
1790 2216
1792 2215
1794 2251
1796 2217
1798 2213
1800 2253
1802 2271
1804 2214
1806 2252
1808 2217
1810 2213
1812 2219
1814 2217
1816 2326
1818 2216
1820 2441
1822 2632
1824 2730
1826 2338
1828 2336
1830 2337
1832 2335
1834 2315
1836 2275
1838 2276
1840 2317
1842 2328
1844 2216
1846 2478
1848 2215
1850 2215
1852 2395
1854 2349
1856 2385
1858 2535
1860 2359
1862 2302
1864 2347
1866 2581
1868 2336
1870 2338
1872 2336
1874 2338
1876 2353
1878 2275
1880 2276
1882 2268
1884 2346
1886 2267
1888 2322
1890 2298
1892 2215
1894 2250
1896 2216
1898 2253
1900 2374
1902 2216
1904 2213
1906 2272
1908 2277
1910 2218
1912 2296
1914 2252
1916 2216
1918 2236
1920 2220
1922 2212
1924 2293
1926 2216
1928 2310
1930 2214
1932 2216
1934 2215
1936 2219
1938 2843
1940 2276
1942 2217
1944 2280
1946 2212
1948 2311
1950 2251
1952 2294
1954 2216
1956 2252
1958 2212
1960 2216
1962 2290
1964 2212
1966 2328
1968 2213
1970 2235
1972 2256
1974 2216
1976 2215
1978 2217
1980 2292
1982 2254
1984 2329
1986 2217
1988 2254
1990 2255
1992 2216
1994 2290
1996 2289
1998 2252
2000 4499
