2 265
4 239
6 238
8 225
10 196
12 231
14 231
16 251
18 258
20 251
22 251
24 213
26 214
28 213
30 214
32 271
34 270
36 270
38 269
40 287
42 206
44 239
46 238
48 235
50 246
52 207
54 207
56 208
58 211
60 207
62 254
64 253
66 253
68 252
70 253
72 253
74 253
76 251
78 253
80 253
82 253
84 253
86 253
88 253
90 253
92 252
94 253
96 253
98 224
100 223
102 223
104 224
106 224
108 224
110 224
112 224
114 224
116 223
118 224
120 225
122 224
124 225
126 367
128 367
130 367
132 367
134 367
136 367
138 366
140 366
142 366
144 366
146 337
148 337
150 337
152 338
154 338
156 365
158 338
160 338
162 338
164 338
166 338
168 360
170 338
172 337
174 337
176 337
178 338
180 337
182 338
184 337
186 337
188 350
190 329
192 329
194 329
196 329
198 329
200 428
202 329
204 329
206 329
208 329
210 329
212 329
214 337
216 337
218 337
220 337
222 337
224 338
226 337
228 422
230 445
232 329
234 401
236 329
238 328
240 329
242 437
244 328
246 328
248 337
250 608
252 679
254 610
256 609
258 608
260 612
262 861
264 660
266 935
268 777
270 636
272 718
274 639
276 627
278 627
280 629
282 631
284 897
286 864
288 862
290 861
292 868
294 877
296 889
298 881
300 864
302 866
304 866
306 876
308 884
310 886
312 869
314 873
316 892
318 890
320 879
322 884
324 1162
326 631
328 630
330 626
332 664
334 629
336 632
338 633
340 626
342 632
344 630
346 625
348 625
350 625
352 624
354 658
356 654
358 626
360 626
362 626
364 625
366 625
368 629
370 627
372 627
374 626
376 626
378 626
380 626
382 627
384 626
386 626
388 628
390 638
392 648
394 609
396 609
398 677
400 609
402 609
404 609
406 609
408 609
410 609
412 609
414 686
416 679
418 608
420 608
422 609
424 609
426 610
428 608
430 609
432 607
434 609
436 609
438 609
440 609
442 609
444 609
446 610
448 594
450 594
452 594
454 631
456 593
458 671
460 592
462 593
464 595
466 594
468 593
470 629
472 630
474 593
476 630
478 594
480 593
482 593
484 610
486 609
488 648
490 608
492 593
494 594
496 593
498 593
500 1131
502 1131
504 1131
506 1132
508 1131
510 1411
512 1203
514 1161
516 1161
518 1161
520 1202
522 1210
524 1192
526 1131
528 1167
530 1131
532 1131
534 1131
536 1131
538 1240
540 1131
542 1132
544 1206
546 1158
548 1175
550 1130
552 1171
554 1132
556 1133
558 1133
560 1204
562 1202
564 1213
566 1162
568 1213
570 1130
572 1169
574 1156
576 1131
578 1131
580 1168
582 1167
584 1132
586 1133
588 1131
590 1131
592 1279
594 1131
596 1133
598 1169
600 1131
602 1207
604 1199
606 1172
608 1131
610 1131
612 1241
614 1130
616 1240
618 1133
620 1169
622 1131
624 1131
626 1132
628 1168
630 1131
632 1131
634 1151
636 1230
638 1132
640 1244
642 1130
644 1132
646 1242
648 1131
650 1131
652 1266
654 1161
656 1186
658 1131
660 1131
662 1132
664 1238
666 1131
668 1203
670 1131
672 1134
674 1131
676 1170
678 1178
680 1163
682 1160
684 1162
686 1171
688 1168
690 1228
692 1131
694 1131
696 1131
698 1131
700 1259
702 1131
704 1131
706 1220
708 1130
710 1131
712 1133
714 1131
716 1131
718 1207
720 1131
722 1168
724 1148
726 1131
728 1132
730 1131
732 1131
734 1276
736 1133
738 1133
740 1132
742 1132
744 1132
746 1204
748 1131
750 1130
752 1130
754 1207
756 1132
758 1168
760 1129
762 1133
764 1132
766 1133
768 1133
770 1172
772 1131
774 1131
776 1132
778 1187
780 1133
782 1210
784 1225
786 1131
788 1131
790 1131
792 1131
794 1208
796 1131
798 1130
800 1132
802 1203
804 1133
806 1210
808 1132
810 1132
812 1131
814 1131
816 1481
818 1396
820 1161
822 1161
824 1161
826 1161
828 1163
830 1159
832 1189
834 1158
836 1226
838 1132
840 1168
842 1132
844 1206
846 1130
848 1169
850 1131
852 1167
854 1130
856 1131
858 1170
860 1131
862 1131
864 1203
866 1131
868 1202
870 1128
872 1128
874 1129
876 1204
878 1131
880 1132
882 1131
884 1132
886 1131
888 1169
890 1131
892 1188
894 1255
896 1132
898 1133
900 1169
902 1133
904 1131
906 1241
908 1133
910 1167
912 1168
914 1131
916 1131
918 1132
920 1131
922 1246
924 1203
926 1303
928 1131
930 1131
932 1131
934 1132
936 1169
938 1133
940 1131
942 1241
944 1211
946 1132
948 1168
950 1131
952 1131
954 1167
956 1134
958 1133
960 1206
962 1130
964 1131
966 1242
968 1133
970 1133
972 1149
974 1131
976 1169
978 1132
980 1131
982 1206
984 1169
986 1133
988 1133
990 1131
992 1131
994 1131
996 1217
998 1162
1000 2277
1002 2392
1004 2311
1006 2279
1008 2313
1010 2311
1012 2217
1014 2217
1016 2313
1018 2277
1020 2315
1022 2358
1024 2482
1026 2321
1028 2483
1030 2271
1032 2344
1034 2271
1036 2337
1038 2276
1040 2273
1042 2273
1044 2332
1046 2276
1048 2274
1050 2244
1052 2219
1054 2219
1056 2219
1058 2409
1060 2216
1062 2213
1064 2306
1066 2216
1068 2290
1070 2252
1072 2330
1074 2234
1076 2313
1078 2215
1080 2291
1082 2326
1084 2220
1086 2325
1088 2251
1090 2214
1092 2288
1094 2274
1096 2218
1098 2217
1100 2236
1102 2220
1104 2365
1106 2216
1108 2219
1110 2212
1112 2219
1114 2218
1116 2251
1118 2293
1120 2253
1122 2293
1124 2214
1126 2238
1128 2217
1130 2254
1132 2252
1134 2216
1136 2217
1138 2328
1140 2324
1142 2219
1144 2292
1146 2212
1148 2215
1150 2365
1152 2215
1154 2216
1156 2256
1158 2255
1160 2214
1162 2217
1164 2216
1166 2297
1168 2215
1170 2220
1172 2219
1174 2219
1176 2213
1178 2450
1180 2331
1182 2281
1184 2277
1186 2275
1188 2263
1190 2412
1192 2217
1194 2286
1196 2275
1198 2368
1200 2384
1202 2213
1204 2344
1206 2343
1208 2427
1210 2271
1212 2332
1214 2213
1216 2252
1218 2251
1220 2254
1222 2213
1224 2251
1226 2328
1228 2216
1230 2251
1232 2254
1234 2214
1236 2234
1238 2285
1240 2274
1242 2275
1244 2277
1246 2254
1248 2215
1250 2217
1252 2217
1254 2216
1256 2352
1258 2216
1260 2215
1262 2252
1264 2251
1266 2212
1268 2294
1270 2215
1272 2252
1274 2254
1276 2220
1278 2219
1280 2218
1282 2254
1284 2215
1286 2215
1288 2219
1290 2219
1292 2218
1294 2559
1296 2254
1298 2321
1300 2274
1302 2289
1304 2216
1306 2251
1308 2285
1310 2299
1312 2290
1314 2217
1316 2218
1318 2254
1320 2216
1322 2293
1324 2217
1326 2329
1328 2216
1330 2254
1332 2213
1334 2214
1336 2291
1338 2253
1340 2293
1342 2216
1344 2250
1346 2254
1348 2217
1350 2326
1352 2328
1354 2217
1356 2291
1358 2220
1360 2219
1362 2361
1364 2213
1366 2219
1368 2369
1370 2217
1372 2216
1374 2315
1376 2269
1378 2550
1380 2255
1382 2571
1384 2317
1386 2349
1388 2276
1390 2272
1392 2271
1394 2278
1396 2277
1398 2277
1400 2301
1402 2217
1404 2217
1406 2265
1408 2213
1410 2374
1412 2253
1414 2286
1416 2254
1418 2253
1420 2288
1422 2218
1424 2252
1426 2217
1428 2255
1430 2252
1432 2216
1434 2253
1436 2217
1438 2219
1440 2301
1442 2216
1444 2216
1446 2218
1448 2213
1450 2289
1452 2212
1454 2219
1456 2251
1458 2333
1460 2219
1462 2251
1464 2219
1466 2214
1468 2290
1470 2294
1472 2218
1474 2351
1476 2472
1478 2216
1480 2318
1482 2304
1484 2483
1486 2379
1488 2275
1490 2263
1492 2299
1494 2424
1496 2219
1498 2217
1500 2254
1502 2214
1504 2252
1506 2213
1508 2217
1510 2250
1512 2289
1514 2307
1516 2252
1518 2213
1520 2253
1522 2287
1524 2270
1526 2295
1528 2503
1530 2349
1532 2275
1534 2395
1536 2275
1538 2367
1540 2348
1542 2216
1544 2220
1546 2256
1548 2290
1550 2215
1552 2216
1554 2218
1556 2294
1558 2217
1560 2216
1562 2217
1564 2216
1566 2298
1568 2218
1570 2217
1572 2292
1574 2217
1576 2217
1578 2364
1580 2254
1582 2253
1584 2253
1586 2384
1588 2273
1590 2346
1592 2268
1594 2251
1596 2217
1598 2217
1600 2216
1602 2216
1604 2216
1606 2252
1608 2217
1610 2255
1612 2217
1614 2256
1616 2329
1618 2219
1620 2218
1622 2253
1624 2217
1626 2215
1628 2215
1630 2324
1632 2219
1634 2216
1636 2219
1638 2214
1640 2256
1642 2252
1644 2216
1646 2216
1648 2290
1650 2217
1652 2216
1654 2253
1656 2293
1658 2217
1660 2253
1662 2292
1664 2253
1666 2254
1668 2219
1670 2218
1672 2257
1674 2256
1676 2219
1678 2381
1680 2216
1682 2216
1684 2328
1686 2216
1688 2217
1690 2253
1692 2254
1694 2219
1696 2219
1698 2216
1700 2274
1702 2368
1704 2218
1706 2218
1708 2217
1710 2216
1712 2218
1714 2356
1716 2216
1718 2215
1720 2216
1722 2325
1724 2331
1726 2219
1728 2328
1730 2253
1732 2218
1734 2254
1736 2217
1738 2216
1740 2300
1742 2213
1744 2218
1746 2255
1748 2232
1750 2289
1752 2217
1754 2216
1756 2216
1758 2257
1760 2387
1762 2766
1764 2266
1766 2274
1768 2341
1770 2304
1772 2277
1774 2366
1776 2345
1778 2276
1780 2285
1782 2330
1784 2219
1786 2234
1788 2274
1790 2216
1792 2300
1794 2220
1796 2250
1798 2213
1800 2218
1802 2233
1804 2217
1806 2325
1808 2254
1810 2254
1812 2217
1814 2291
1816 2216
1818 2290
1820 2389
1822 2217
1824 2216
1826 2254
1828 2253
1830 2295
1832 2216
1834 2252
1836 2216
1838 2217
1840 2325
1842 2216
1844 2216
1846 2368
1848 2213
1850 2253
1852 2292
1854 2219
1856 2329
1858 2252
1860 2491
1862 2277
1864 2309
1866 2315
1868 2275
1870 2275
1872 2423
1874 2216
1876 2327
1878 2384
1880 2216
1882 2252
1884 2218
1886 2323
1888 2255
1890 2271
1892 2288
1894 2217
1896 2216
1898 2216
1900 2254
1902 2216
1904 2216
1906 2250
1908 2322
1910 2310
1912 2218
1914 2215
1916 2215
1918 2268
1920 2290
1922 2328
1924 2220
1926 2328
1928 2290
1930 2213
1932 2253
1934 2328
1936 2414
1938 2327
1940 2216
1942 2216
1944 2253
1946 2250
1948 2219
1950 2219
1952 2218
1954 2216
1956 2216
1958 2256
1960 2397
1962 2216
1964 2338
1966 2849
1968 2313
1970 2274
1972 2274
1974 2312
1976 2217
1978 2358
1980 2252
1982 2292
1984 2216
1986 2255
1988 2256
1990 2219
1992 2219
1994 2291
1996 2334
1998 2214
2000 4436
