2 115
4 104
6 103
8 101
10 100
12 100
14 100
16 109
18 109
20 109
22 109
24 109
26 109
28 109
30 109
32 140
34 138
36 138
38 138
40 138
42 138
44 138
46 137
48 138
50 137
52 155
54 137
56 160
58 141
60 156
62 173
64 206
66 205
68 206
70 206
72 204
74 206
76 206
78 206
80 207
82 206
84 206
86 206
88 206
90 206
92 206
94 206
96 208
98 206
100 205
102 206
104 206
106 205
108 206
110 206
112 206
114 206
116 206
118 206
120 212
122 206
124 206
126 336
128 374
130 337
132 338
134 339
136 337
138 356
140 338
142 338
144 338
146 338
148 338
150 338
152 337
154 357
156 337
158 337
160 337
162 337
164 339
166 337
168 329
170 329
172 328
174 328
176 328
178 328
180 328
182 328
184 328
186 329
188 328
190 329
192 329
194 366
196 368
198 329
200 329
202 329
204 329
206 328
208 328
210 328
212 355
214 337
216 337
218 337
220 376
222 338
224 338
226 479
228 387
230 329
232 329
234 329
236 329
238 401
240 425
242 329
244 329
246 347
248 337
250 609
252 610
254 607
256 610
258 702
260 650
262 644
264 609
266 609
268 607
270 609
272 611
274 609
276 609
278 644
280 608
282 608
284 608
286 608
288 609
290 608
292 611
294 608
296 608
298 608
300 608
302 608
304 620
306 593
308 593
310 632
312 594
314 593
316 592
318 593
320 631
322 593
324 593
326 666
328 593
330 594
332 594
334 592
336 593
338 592
340 630
342 593
344 593
346 593
348 665
350 594
352 594
354 594
356 594
358 592
360 593
362 593
364 594
366 593
368 592
370 611
372 593
374 630
376 593
378 698
380 591
382 593
384 593
386 593
388 594
390 594
392 592
394 593
396 592
398 614
400 593
402 593
404 593
406 789
408 594
410 593
412 629
414 594
416 594
418 596
420 591
422 594
424 668
426 593
428 593
430 592
432 593
434 591
436 594
438 594
440 594
442 594
444 594
446 615
448 593
450 593
452 592
454 593
456 592
458 593
460 593
462 593
464 630
466 595
468 594
470 594
472 614
474 594
476 593
478 594
480 594
482 594
484 594
486 595
488 594
490 591
492 591
494 594
496 628
498 593
500 1320
502 1129
504 1129
506 1128
508 1131
510 1131
512 1131
514 1130
516 1207
518 1165
520 1131
522 1132
524 1132
526 1131
528 1131
530 1130
532 1130
534 1130
536 1130
538 1131
540 1129
542 1129
544 1217
546 1159
548 1202
550 1162
552 1163
554 1168
556 1129
558 1132
560 1130
562 1130
564 1245
566 1129
568 1130
570 1131
572 1129
574 1131
576 1310
578 1128
580 1134
582 1132
584 1210
586 1129
588 1129
590 1132
592 1129
594 1129
596 1131
598 1129
600 1131
602 1134
604 1131
606 1165
608 1185
610 1131
612 1360
614 1388
616 1319
618 1146
620 1242
622 1255
624 1161
626 1161
628 1161
630 1161
632 1163
634 1190
636 1160
638 1162
640 1161
642 1161
644 1161
646 1161
648 1158
650 1164
652 1169
654 1128
656 1149
658 1130
660 1133
662 1165
664 1159
666 1159
668 1161
670 1159
672 1173
674 1149
676 1130
678 1130
680 1130
682 1217
684 1131
686 1131
688 1132
690 1131
692 1131
694 1133
696 1167
698 1131
700 1133
702 1133
704 1229
706 1131
708 1131
710 1168
712 1129
714 1168
716 1192
718 1131
720 1166
722 1129
724 1131
726 1326
728 1480
730 1476
732 1219
734 1279
736 1150
738 1162
740 1161
742 1161
744 1161
746 1269
748 1161
750 1203
752 1161
754 1161
756 1161
758 1165
760 1132
762 1168
764 1211
766 1132
768 1242
770 1172
772 1170
774 1131
776 1129
778 1169
780 1152
782 1131
784 1128
786 1129
788 1133
790 1134
792 1242
794 1131
796 1131
798 1131
800 1129
802 1130
804 1168
806 1128
808 1173
810 1129
812 1133
814 1131
816 1185
818 1133
820 1133
822 1133
824 1267
826 1132
828 1168
830 1131
832 1130
834 1129
836 1131
838 1132
840 1132
842 1129
844 1133
846 1130
848 1133
850 1129
852 1129
854 1131
856 1131
858 1129
860 1131
862 1129
864 1166
866 1131
868 1168
870 1134
872 1134
874 1148
876 1186
878 1131
880 1168
882 1206
884 1130
886 1132
888 1131
890 1131
892 1131
894 1129
896 1132
898 1131
900 1130
902 1129
904 1131
906 1131
908 1130
910 1130
912 1168
914 1171
916 1131
918 1264
920 1133
922 1133
924 1204
926 1131
928 1131
930 1131
932 1131
934 1131
936 1204
938 1132
940 1131
942 1241
944 1132
946 1131
948 1134
950 1133
952 1133
954 1132
956 1133
958 1134
960 1130
962 1130
964 1132
966 1131
968 1130
970 1206
972 1131
974 1129
976 1221
978 1159
980 1163
982 1153
984 1129
986 1129
988 1284
990 1132
992 1131
994 1289
996 1132
998 1161
1000 2309
1002 2365
1004 2313
1006 2300
1008 2275
1010 2275
1012 2275
1014 2272
1016 2303
1018 2350
1020 2348
1022 2361
1024 2333
1026 2319
1028 2314
1030 2277
1032 2273
1034 2213
1036 2217
1038 2419
1040 2232
1042 2213
1044 2216
1046 2287
1048 2222
1050 2253
1052 2257
1054 2219
1056 2220
1058 2348
1060 2217
1062 2216
1064 2255
1066 2215
1068 2217
1070 2212
1072 2216
1074 2290
1076 2218
1078 2250
1080 2300
1082 2216
1084 2257
1086 2219
1088 2214
1090 2325
1092 2298
1094 2293
1096 2253
1098 2213
1100 2213
1102 2250
1104 2294
1106 2216
1108 2324
1110 2374
1112 2218
1114 2274
1116 2276
1118 2275
1120 2234
1122 2327
1124 2219
1126 2220
1128 2252
1130 2308
1132 2214
1134 2333
1136 2219
1138 2292
1140 2250
1142 2409
1144 2646
1146 2356
1148 2288
1150 2275
1152 2377
1154 2306
1156 2274
1158 2349
1160 2246
1162 2236
1164 2252
1166 2294
1168 2377
1170 2311
1172 2273
1174 2275
1176 2235
1178 2215
1180 2216
1182 2217
1184 2216
1186 2216
1188 2216
1190 2252
1192 2216
1194 2297
1196 2326
1198 2300
1200 2218
1202 2326
1204 2216
1206 2291
1208 2291
1210 2219
1212 2219
1214 2291
1216 2216
1218 2218
1220 2215
1222 2215
1224 2216
1226 2216
1228 2217
1230 2216
1232 2217
1234 2253
1236 2215
1238 2217
1240 2253
1242 2213
1244 2294
1246 2290
1248 2219
1250 2220
1252 2293
1254 2213
1256 2218
1258 2253
1260 2289
1262 2214
1264 2254
1266 2252
1268 2214
1270 2216
1272 2213
1274 2292
1276 2217
1278 2272
1280 2217
1282 2216
1284 2252
1286 2217
1288 2416
1290 2276
1292 2217
1294 2291
1296 2215
1298 2253
1300 2217
1302 2290
1304 2219
1306 2255
1308 2252
1310 2330
1312 2369
1314 2711
1316 2333
1318 2274
1320 2323
1322 2336
1324 2339
1326 2294
1328 2317
1330 2278
1332 2219
1334 2254
1336 2218
1338 2255
1340 2299
1342 2293
1344 2217
1346 2380
1348 2218
1350 2217
1352 2216
1354 2253
1356 2218
1358 2219
1360 2290
1362 2219
1364 2216
1366 2290
1368 2218
1370 2222
1372 2291
1374 2220
1376 2220
1378 2256
1380 2292
1382 2217
1384 2252
1386 2289
1388 2216
1390 2216
1392 2234
1394 2218
1396 2253
1398 2216
1400 2296
1402 2249
1404 2291
1406 2219
1408 2219
1410 2253
1412 2215
1414 2289
1416 2253
1418 2219
1420 2220
1422 2325
1424 2217
1426 2253
1428 2374
1430 2216
1432 2592
1434 2306
1436 2277
1438 2277
1440 2484
1442 2477
1444 2217
1446 2272
1448 2343
1450 2377
1452 2217
1454 2260
1456 2374
1458 2217
1460 2216
1462 2214
1464 2212
1466 2291
1468 2217
1470 2217
1472 2274
1474 2217
1476 2219
1478 2323
1480 2275
1482 2292
1484 2250
1486 2220
1488 2257
1490 2280
1492 2216
1494 2220
1496 2249
1498 2216
1500 2217
1502 2216
1504 2327
1506 2216
1508 2216
1510 2292
1512 2254
1514 2358
1516 2327
1518 2214
1520 2235
1522 2273
1524 2291
1526 2219
1528 2255
1530 2289
1532 2220
1534 2222
1536 2214
1538 2217
1540 2214
1542 2274
1544 2214
1546 2257
1548 2250
1550 2217
1552 2257
1554 2297
1556 2215
1558 2217
1560 2251
1562 2218
1564 2215
1566 2249
1568 2218
1570 2217
1572 2214
1574 2255
1576 2220
1578 2290
1580 2327
1582 2254
1584 2216
1586 2290
1588 2216
1590 2291
1592 2221
1594 2292
1596 2214
1598 2255
1600 2215
1602 2216
1604 2217
1606 2253
1608 2219
1610 2359
1612 2249
1614 2295
1616 2217
1618 2366
1620 2212
1622 2257
1624 2330
1626 2219
1628 2221
1630 2217
1632 2219
1634 2221
1636 2267
1638 2326
1640 2404
1642 2219
1644 2293
1646 2253
1648 2213
1650 2274
1652 2214
1654 2290
1656 2256
1658 2213
1660 2220
1662 2217
1664 2219
1666 2289
1668 2217
1670 2292
1672 2213
1674 2219
1676 2288
1678 2217
1680 2292
1682 2253
1684 2292
1686 2216
1688 2216
1690 2219
1692 2219
1694 2213
1696 2216
1698 2252
1700 2212
1702 2233
1704 2218
1706 2216
1708 2256
1710 2216
1712 2686
1714 2458
1716 2273
1718 2401
1720 2496
1722 2307
1724 2338
1726 2365
1728 2387
1730 2349
1732 2272
1734 2236
1736 2364
1738 2368
1740 2216
1742 2253
1744 2329
1746 2216
1748 2296
1750 2218
1752 2217
1754 2252
1756 2413
1758 2216
1760 2217
1762 2289
1764 2215
1766 2213
1768 2289
1770 2253
1772 2217
1774 2337
1776 2220
1778 2255
1780 2253
1782 2217
1784 2216
1786 2254
1788 2216
1790 2214
1792 2220
1794 2296
1796 2219
1798 2290
1800 2217
1802 2255
1804 2219
1806 2254
1808 2217
1810 2217
1812 2327
1814 2217
1816 2216
1818 2252
1820 2217
1822 2218
1824 2328
1826 2289
1828 2253
1830 2253
1832 2220
1834 2218
1836 2216
1838 2233
1840 2219
1842 2256
1844 2254
1846 2216
1848 2216
1850 2250
1852 2256
1854 2288
1856 2294
1858 2218
1860 2221
1862 2369
1864 2216
1866 2215
1868 2290
1870 2216
1872 2217
1874 2253
1876 2333
1878 2216
1880 2216
1882 2368
1884 2220
1886 2345
1888 2289
1890 2218
1892 2215
1894 2296
1896 2217
1898 2250
1900 2216
1902 2220
1904 2219
1906 2220
1908 2217
1910 2218
1912 2216
1914 2253
1916 2216
1918 2219
1920 2252
1922 2252
1924 2297
1926 2253
1928 2256
1930 2216
1932 2216
1934 2218
1936 2539
1938 2274
1940 2275
1942 2284
1944 2255
1946 2215
1948 2220
1950 2219
1952 2253
1954 2217
1956 2217
1958 2253
1960 2341
1962 2215
1964 2251
1966 2218
1968 2220
1970 2217
1972 2217
1974 2274
1976 2218
1978 2214
1980 2217
1982 2217
1984 2254
1986 2217
1988 2217
1990 2290
1992 2217
1994 2216
1996 2249
1998 2219
2000 4544
