2 527
4 482
6 479
8 463
10 418
12 420
14 417
16 402
18 404
20 402
22 344
24 343
26 339
28 337
30 334
32 337
34 337
36 333
38 311
40 254
42 253
44 256
46 254
48 256
50 252
52 253
54 256
56 255
58 255
60 254
62 267
64 280
66 240
68 232
70 232
72 231
74 232
76 232
78 231
80 231
82 234
84 231
86 231
88 231
90 231
92 231
94 231
96 230
98 232
100 206
102 205
104 205
106 204
108 204
110 203
112 204
114 204
116 204
118 205
120 204
122 204
124 204
126 263
128 263
130 262
132 262
134 263
136 262
138 261
140 261
142 262
144 262
146 278
148 242
150 241
152 241
154 241
156 241
158 334
160 263
162 235
164 234
166 234
168 235
170 235
172 365
174 234
176 235
178 235
180 252
182 241
184 278
186 241
188 241
190 241
192 240
194 240
196 257
198 308
200 252
202 312
204 251
206 252
208 250
210 249
212 247
214 248
216 248
218 249
220 250
222 260
224 251
226 249
228 249
230 248
232 248
234 248
236 253
238 251
240 250
242 261
244 252
246 251
248 249
250 373
252 371
254 371
256 371
258 373
260 405
262 374
264 375
266 371
268 372
270 373
272 370
274 371
276 371
278 370
280 370
282 370
284 375
286 372
288 372
290 373
292 372
294 370
296 371
298 361
300 361
302 361
304 361
306 362
308 361
310 362
312 361
314 361
316 370
318 351
320 352
322 353
324 352
326 352
328 352
330 412
332 352
334 352
336 435
338 352
340 351
342 352
344 352
346 352
348 352
350 416
352 361
354 361
356 362
358 372
360 351
362 431
364 352
366 471
368 416
370 455
372 402
374 361
376 379
378 364
380 362
382 362
384 361
386 361
388 361
390 361
392 361
394 361
396 390
398 361
400 361
402 361
404 360
406 428
408 363
410 353
412 352
414 352
416 352
418 352
420 351
422 351
424 351
426 396
428 352
430 352
432 352
434 351
436 351
438 351
440 354
442 363
444 362
446 361
448 361
450 352
452 352
454 352
456 352
458 351
460 352
462 351
464 391
466 351
468 351
470 351
472 351
474 351
476 351
478 351
480 351
482 351
484 354
486 352
488 352
490 352
492 351
494 351
496 352
498 405
500 607
502 623
504 639
506 635
508 607
510 607
512 630
514 606
516 612
518 611
520 611
522 610
524 684
526 661
528 627
530 634
532 684
534 610
536 612
538 610
540 610
542 610
544 609
546 610
548 610
550 610
552 626
554 661
556 609
558 610
560 610
562 610
564 610
566 609
568 610
570 609
572 609
574 610
576 610
578 609
580 663
582 610
584 609
586 609
588 611
590 610
592 611
594 611
596 609
598 610
600 610
602 652
604 610
606 718
608 610
610 610
612 755
614 610
616 609
618 646
620 609
622 610
624 610
626 609
628 611
630 647
632 610
634 611
636 609
638 609
640 609
642 645
644 669
646 609
648 609
650 610
652 610
654 609
656 611
658 609
660 610
662 609
664 609
666 609
668 610
670 610
672 610
674 610
676 610
678 611
680 609
682 609
684 610
686 610
688 610
690 610
692 610
694 610
696 610
698 683
700 647
702 609
704 610
706 609
708 610
710 610
712 609
714 610
716 627
718 611
720 630
722 611
724 610
726 609
728 610
730 609
732 609
734 610
736 646
738 610
740 610
742 610
744 612
746 609
748 609
750 609
752 610
754 609
756 610
758 609
760 609
762 609
764 609
766 611
768 609
770 609
772 609
774 609
776 646
778 646
780 610
782 610
784 610
786 609
788 611
790 610
792 610
794 610
796 611
798 611
800 609
802 609
804 610
806 609
808 610
810 739
812 609
814 609
816 610
818 609
820 610
822 647
824 610
826 610
828 610
830 610
832 611
834 716
836 610
838 609
840 610
842 609
844 609
846 646
848 721
850 610
852 611
854 611
856 610
858 629
860 610
862 610
864 610
866 610
868 610
870 633
872 610
874 610
876 627
878 626
880 627
882 667
884 626
886 626
888 627
890 626
892 627
894 696
896 627
898 627
900 627
902 627
904 625
906 667
908 628
910 627
912 730
914 610
916 636
918 628
920 626
922 626
924 626
926 714
928 626
930 625
932 625
934 626
936 626
938 609
940 610
942 610
944 611
946 611
948 709
950 610
952 610
954 610
956 610
958 609
960 613
962 610
964 610
966 867
968 759
970 691
972 627
974 627
976 626
978 626
980 626
982 626
984 625
986 687
988 626
990 625
992 627
994 626
996 626
998 627
1000 1117
1002 1233
1004 1118
1006 1116
1008 1116
1010 1115
1012 1114
1014 1152
1016 1189
1018 1114
1020 1113
1022 1114
1024 1151
1026 1115
1028 1115
1030 1115
1032 1145
1034 1113
1036 1113
1038 1113
1040 1114
1042 1114
1044 1113
1046 1112
1048 1114
1050 1114
1052 1114
1054 1115
1056 1150
1058 1113
1060 1233
1062 1113
1064 1112
1066 1133
1068 1114
1070 1113
1072 1114
1074 1112
1076 1113
1078 1188
1080 1113
1082 1165
1084 1224
1086 1113
1088 1149
1090 1113
1092 1113
1094 1113
1096 1114
1098 1114
1100 1114
1102 1113
1104 1113
1106 1113
1108 1112
1110 1113
1112 1114
1114 1113
1116 1113
1118 1268
1120 1150
1122 1113
1124 1114
1126 1270
1128 1114
1130 1115
1132 1114
1134 1114
1136 1115
1138 1114
1140 1113
1142 1117
1144 1116
1146 1154
1148 1114
1150 1134
1152 1197
1154 1113
1156 1149
1158 1245
1160 1114
1162 1150
1164 1114
1166 1220
1168 1115
1170 1168
1172 1115
1174 1115
1176 1115
1178 1114
1180 1114
1182 1113
1184 1132
1186 1114
1188 1149
1190 1151
1192 1113
1194 1113
1196 1113
1198 1113
1200 1113
1202 1113
1204 1113
1206 1113
1208 1112
1210 1113
1212 1150
1214 1366
1216 1159
1218 1144
1220 1144
1222 1223
1224 1113
1226 1113
1228 1155
1230 1115
1232 1114
1234 1116
1236 1151
1238 1115
1240 1113
1242 1114
1244 1113
1246 1113
1248 1113
1250 1113
1252 1114
1254 1150
1256 1113
1258 1113
1260 1150
1262 1198
1264 1114
1266 1186
1268 1115
1270 1114
1272 1242
1274 1237
1276 1145
1278 1152
1280 1143
1282 1222
1284 1229
1286 1179
1288 1143
1290 1171
1292 1272
1294 1146
1296 1116
1298 1116
1300 1116
1302 1188
1304 1117
1306 1116
1308 1116
1310 1152
1312 1114
1314 1113
1316 1114
1318 1188
1320 1187
1322 1248
1324 1668
1326 1219
1328 1218
1330 1305
1332 1274
1334 1275
1336 1249
1338 1249
1340 1257
1342 1214
1344 1214
1346 1215
1348 1214
1350 1213
1352 1259
1354 1184
1356 1184
1358 1221
1360 1182
1362 1183
1364 1262
1366 1181
1368 1182
1370 1181
1372 1253
1374 1181
1376 1218
1378 1182
1380 1182
1382 1182
1384 1267
1386 1184
1388 1182
1390 1291
1392 1185
1394 1184
1396 1294
1398 1183
1400 1182
1402 1182
1404 1182
1406 1182
1408 1182
1410 1182
1412 1183
1414 1367
1416 1181
1418 1183
1420 1183
1422 1183
1424 1182
1426 1183
1428 1183
1430 1182
1432 1184
1434 1183
1436 1184
1438 1184
1440 1255
1442 1182
1444 1219
1446 1218
1448 1182
1450 1182
1452 1202
1454 1182
1456 1182
1458 1183
1460 1299
1462 1326
1464 1182
1466 1327
1468 1443
1470 1215
1472 1247
1474 1246
1476 1247
1478 1214
1480 1213
1482 1200
1484 1182
1486 1182
1488 1182
1490 1184
1492 1218
1494 1182
1496 1183
1498 1182
1500 1182
1502 1182
1504 1224
1506 1182
1508 1182
1510 1182
1512 1183
1514 1182
1516 1180
1518 1312
1520 1259
1522 1185
1524 1223
1526 1324
1528 1183
1530 1184
1532 1219
1534 1184
1536 1184
1538 1204
1540 1184
1542 1182
1544 1182
1546 1183
1548 1182
1550 1182
1552 1183
1554 1182
1556 1398
1558 1364
1560 1184
1562 1215
1564 1349
1566 1454
1568 1251
1570 1250
1572 1249
1574 1251
1576 1247
1578 1214
1580 1215
1582 1214
1584 1184
1586 1184
1588 1259
1590 1183
1592 1183
1594 1185
1596 1257
1598 1182
1600 1185
1602 1182
1604 1216
1606 1220
1608 1219
1610 1183
1612 1290
1614 1184
1616 1221
1618 1220
1620 1317
1622 1182
1624 1182
1626 1260
1628 1183
1630 1219
1632 1181
1634 1332
1636 1182
1638 1184
1640 1185
1642 1181
1644 1182
1646 1183
1648 1183
1650 1182
1652 1182
1654 1184
1656 1255
1658 1184
1660 1183
1662 1240
1664 1182
1666 1182
1668 1257
1670 1184
1672 1183
1674 1185
1676 1219
1678 1182
1680 1182
1682 1257
1684 1182
1686 1183
1688 1183
1690 1184
1692 1182
1694 1220
1696 1183
1698 1224
1700 1219
1702 1183
1704 1182
1706 1219
1708 1256
1710 1182
1712 1201
1714 1182
1716 1181
1718 1181
1720 1183
1722 1276
1724 1182
1726 1182
1728 1182
1730 1184
1732 1182
1734 1182
1736 1289
1738 1182
1740 1182
1742 1182
1744 1254
1746 1184
1748 1330
1750 1253
1752 1182
1754 1183
1756 1222
1758 1182
1760 1302
1762 1255
1764 1182
1766 1182
1768 1182
1770 1219
1772 1184
1774 1183
1776 1182
1778 1182
1780 1182
1782 1182
1784 1264
1786 1182
1788 1182
1790 1182
1792 1182
1794 1183
1796 1219
1798 1182
1800 1184
1802 1183
1804 1219
1806 1219
1808 1183
1810 1184
1812 1259
1814 1323
1816 1185
1818 1252
1820 1215
1822 1215
1824 1299
1826 1219
1828 1201
1830 1187
1832 1184
1834 1184
1836 1184
1838 1184
1840 1257
1842 1183
1844 1335
1846 1216
1848 1383
1850 1250
1852 1248
1854 1289
1856 1217
1858 1218
1860 1299
1862 1220
1864 1185
1866 1217
1868 1200
1870 1182
1872 1218
1874 1182
1876 1182
1878 1182
1880 1183
1882 1184
1884 1186
1886 1140
1888 1173
1890 1139
1892 1138
1894 1139
1896 1137
1898 1191
1900 1236
1902 1140
1904 1138
1906 1140
1908 1138
1910 1228
1912 1176
1914 1175
1916 1223
1918 1199
1920 1139
1922 1223
1924 1136
1926 1138
1928 1137
1930 1137
1932 1138
1934 1137
1936 1138
1938 1137
1940 1138
1942 1136
1944 1136
1946 1173
1948 1174
1950 1138
1952 1137
1954 1210
1956 1175
1958 1136
1960 1136
1962 1136
1964 1136
1966 1210
1968 1136
1970 1211
1972 1137
1974 1136
1976 1138
1978 1216
1980 1174
1982 1137
1984 1284
1986 1174
1988 1138
1990 1137
1992 1137
1994 1137
1996 1137
1998 1136
2000 2233
