2 128
4 116
6 123
8 113
10 112
12 112
14 111
16 122
18 121
20 122
22 122
24 122
26 122
28 122
30 122
32 154
34 154
36 154
38 154
40 154
42 154
44 154
46 160
48 154
50 153
52 154
54 154
56 154
58 154
60 153
62 199
64 200
66 199
68 200
70 201
72 201
74 201
76 200
78 200
80 200
82 200
84 201
86 201
88 201
90 201
92 201
94 201
96 201
98 200
100 200
102 201
104 237
106 214
108 269
110 210
112 210
114 210
116 217
118 201
120 201
122 201
124 201
126 329
128 329
130 368
132 329
134 329
136 329
138 328
140 328
142 328
144 328
146 328
148 357
150 329
152 329
154 329
156 329
158 329
160 329
162 329
164 329
166 329
168 329
170 363
172 329
174 329
176 328
178 331
180 329
182 329
184 329
186 329
188 328
190 329
192 328
194 329
196 375
198 426
200 471
202 377
204 408
206 338
208 337
210 337
212 337
214 337
216 337
218 337
220 337
222 337
224 337
226 337
228 337
230 345
232 344
234 393
236 328
238 329
240 328
242 328
244 391
246 432
248 329
250 593
252 594
254 708
256 620
258 609
260 609
262 609
264 609
266 611
268 609
270 648
272 630
274 693
276 608
278 609
280 648
282 609
284 609
286 609
288 643
290 609
292 638
294 623
296 626
298 627
300 626
302 626
304 623
306 627
308 625
310 625
312 628
314 610
316 610
318 611
320 646
322 609
324 609
326 609
328 609
330 653
332 592
334 834
336 818
338 593
340 710
342 593
344 593
346 593
348 593
350 608
352 610
354 608
356 608
358 608
360 608
362 608
364 608
366 608
368 608
370 608
372 610
374 608
376 609
378 609
380 631
382 608
384 608
386 608
388 593
390 593
392 647
394 593
396 593
398 676
400 593
402 664
404 593
406 593
408 666
410 594
412 593
414 592
416 593
418 593
420 591
422 593
424 594
426 594
428 594
430 595
432 594
434 593
436 594
438 593
440 630
442 687
444 629
446 592
448 593
450 593
452 593
454 593
456 593
458 593
460 593
462 593
464 594
466 630
468 593
470 593
472 595
474 593
476 593
478 667
480 593
482 668
484 594
486 596
488 611
490 592
492 593
494 593
496 593
498 630
500 1131
502 1129
504 1170
506 1131
508 1130
510 1131
512 1185
514 1170
516 1276
518 1131
520 1131
522 1131
524 1131
526 1169
528 1168
530 1131
532 1131
534 1168
536 1132
538 1132
540 1214
542 1131
544 1131
546 1131
548 1281
550 1130
552 1287
554 1305
556 1252
558 1164
560 1277
562 1268
564 1162
566 1160
568 1214
570 1161
572 1197
574 1161
576 1199
578 1199
580 1161
582 1180
584 1161
586 1205
588 1199
590 1163
592 1157
594 1129
596 1131
598 1206
600 1177
602 1311
604 1131
606 1382
608 1131
610 1351
612 1161
614 1274
616 1591
618 1352
620 1200
622 1200
624 1254
626 1203
628 1225
630 1284
632 1196
634 1331
636 1194
638 1193
640 1198
642 1194
644 1194
646 1202
648 1193
650 1221
652 1276
654 1199
656 1199
658 1195
660 1199
662 1195
664 1197
666 1253
668 1193
670 1195
672 1222
674 1193
676 1194
678 1193
680 1226
682 1162
684 1203
686 1161
688 1161
690 1160
692 1160
694 1160
696 1163
698 1163
700 1160
702 1257
704 1196
706 1159
708 1194
710 1132
712 1132
714 1128
716 1210
718 1207
720 1202
722 1131
724 1131
726 1131
728 1131
730 1131
732 1166
734 1129
736 1131
738 1129
740 1131
742 1131
744 1162
746 1163
748 1191
750 1131
752 1132
754 1131
756 1152
758 1169
760 1133
762 1133
764 1128
766 1129
768 1133
770 1207
772 1204
774 1132
776 1172
778 1129
780 1161
782 1182
784 1150
786 1131
788 1168
790 1215
792 1195
794 1163
796 1132
798 1129
800 1129
802 1131
804 1132
806 1192
808 1132
810 1133
812 1168
814 1131
816 1132
818 1129
820 1129
822 1131
824 1280
826 1131
828 1162
830 1161
832 1158
834 1169
836 1167
838 1170
840 1132
842 1133
844 1130
846 1133
848 1170
850 1134
852 1178
854 1166
856 1129
858 1131
860 1168
862 1132
864 1131
866 1170
868 1204
870 1129
872 1308
874 1288
876 1238
878 1161
880 1161
882 1161
884 1195
886 1280
888 1162
890 1255
892 1192
894 1214
896 1161
898 1162
900 1161
902 1161
904 1163
906 1198
908 1161
910 1162
912 1162
914 1162
916 1163
918 1131
920 1208
922 1129
924 1131
926 1131
928 1131
930 1132
932 1130
934 1130
936 1170
938 1128
940 1132
942 1165
944 1131
946 1130
948 1202
950 1131
952 1132
954 1148
956 1131
958 1131
960 1188
962 1133
964 1169
966 1178
968 1133
970 1133
972 1242
974 1132
976 1131
978 1131
980 1131
982 1131
984 1168
986 1128
988 1129
990 1130
992 1131
994 1131
996 1223
998 1248
1000 2293
1002 2218
1004 2254
1006 2325
1008 2216
1010 2215
1012 2250
1014 2252
1016 2217
1018 2216
1020 2233
1022 2216
1024 2216
1026 2252
1028 2406
1030 2286
1032 2252
1034 2216
1036 2216
1038 2358
1040 2300
1042 2255
1044 2254
1046 2289
1048 2216
1050 2300
1052 2217
1054 2293
1056 2213
1058 2371
1060 2212
1062 2216
1064 2289
1066 2214
1068 2216
1070 2270
1072 2323
1074 2216
1076 2254
1078 2251
1080 2216
1082 2253
1084 2399
1086 2279
1088 2342
1090 2340
1092 2359
1094 2997
1096 2275
1098 2276
1100 2306
1102 2316
1104 2276
1106 2314
1108 2275
1110 2312
1112 2381
1114 2626
1116 2353
1118 2491
1120 2274
1122 2323
1124 2275
1126 2256
1128 2216
1130 2216
1132 2289
1134 2213
1136 2217
1138 2216
1140 2217
1142 2253
1144 2216
1146 2359
1148 2327
1150 2213
1152 2304
1154 2291
1156 2254
1158 2217
1160 2340
1162 2217
1164 2271
1166 2276
1168 2220
1170 2446
1172 2237
1174 2221
1176 2254
1178 2219
1180 2325
1182 2251
1184 2256
1186 2252
1188 2216
1190 2216
1192 2268
1194 2216
1196 2253
1198 2254
1200 2217
1202 2329
1204 2253
1206 2252
1208 2220
1210 2399
1212 2216
1214 2289
1216 2216
1218 2251
1220 2517
1222 2374
1224 2271
1226 2404
1228 2369
1230 2276
1232 2392
1234 2303
1236 2252
1238 2330
1240 2252
1242 2294
1244 2216
1246 2216
1248 2216
1250 2219
1252 2291
1254 2395
1256 2214
1258 2262
1260 2277
1262 2271
1264 2245
1266 2256
1268 2243
1270 2235
1272 2254
1274 2217
1276 2216
1278 2299
1280 2250
1282 2290
1284 2217
1286 2216
1288 2216
1290 2305
1292 2287
1294 2219
1296 2291
1298 2255
1300 2255
1302 2217
1304 2287
1306 2217
1308 2215
1310 2365
1312 2216
1314 2333
1316 2252
1318 2216
1320 2216
1322 2215
1324 2255
1326 2212
1328 2352
1330 2219
1332 2292
1334 2253
1336 2289
1338 2216
1340 2233
1342 2291
1344 2217
1346 2217
1348 2254
1350 2212
1352 2236
1354 2291
1356 2216
1358 2291
1360 2216
1362 2216
1364 2216
1366 2214
1368 2326
1370 2219
1372 2220
1374 2291
1376 2366
1378 2219
1380 2254
1382 2362
1384 2215
1386 2330
1388 2216
1390 2216
1392 2217
1394 2217
1396 2216
1398 2216
1400 2247
1402 2216
1404 2216
1406 2217
1408 2329
1410 2257
1412 2287
1414 2249
1416 2277
1418 2255
1420 2219
1422 2213
1424 2287
1426 2212
1428 2217
1430 2217
1432 2214
1434 2214
1436 2217
1438 2214
1440 2288
1442 2219
1444 2328
1446 2216
1448 2255
1450 2254
1452 2218
1454 2291
1456 2288
1458 2216
1460 2367
1462 2215
1464 2217
1466 2213
1468 2216
1470 2275
1472 2212
1474 2544
1476 2439
1478 2266
1480 2333
1482 2274
1484 2274
1486 2272
1488 2274
1490 2216
1492 2212
1494 2216
1496 2216
1498 2215
1500 2324
1502 2291
1504 2218
1506 2294
1508 2216
1510 2217
1512 2707
1514 2360
1516 2367
1518 2275
1520 2311
1522 2305
1524 2326
1526 2369
1528 2232
1530 2317
1532 2348
1534 2308
1536 2275
1538 2212
1540 2218
1542 2259
1544 2213
1546 2325
1548 2218
1550 2217
1552 2214
1554 2253
1556 2320
1558 2331
1560 2212
1562 2287
1564 2220
1566 2253
1568 2253
1570 2302
1572 2217
1574 2216
1576 2254
1578 2212
1580 2212
1582 2215
1584 2219
1586 2359
1588 2292
1590 2254
1592 2217
1594 2252
1596 2219
1598 2220
1600 2327
1602 2216
1604 2375
1606 2312
1608 2333
1610 2299
1612 2256
1614 2219
1616 2319
1618 2254
1620 2217
1622 2216
1624 2367
1626 2216
1628 2216
1630 2255
1632 2216
1634 2213
1636 2253
1638 2217
1640 2290
1642 2217
1644 2441
1646 2213
1648 2220
1650 2326
1652 2212
1654 2217
1656 2253
1658 2216
1660 2213
1662 2253
1664 2253
1666 2216
1668 2288
1670 2232
1672 2216
1674 2325
1676 2216
1678 2216
1680 2252
1682 2354
1684 2216
1686 2219
1688 2253
1690 2215
1692 2213
1694 2326
1696 2217
1698 2249
1700 2254
1702 2216
1704 2362
1706 2256
1708 2216
1710 2217
1712 2214
1714 2213
1716 2217
1718 2217
1720 2321
1722 2219
1724 2213
1726 2254
1728 2216
1730 2215
1732 2293
1734 2217
1736 2217
1738 2286
1740 2338
1742 2213
1744 2289
1746 2217
1748 2216
1750 2219
1752 2221
1754 2213
1756 2253
1758 2329
1760 2213
1762 2352
1764 2301
1766 2216
1768 2216
1770 2290
1772 2256
1774 2219
1776 2255
1778 2213
1780 2218
1782 2254
1784 2217
1786 2217
1788 2253
1790 2252
1792 2217
1794 2213
1796 2254
1798 2296
1800 2216
1802 2787
1804 2439
1806 2275
1808 2276
1810 2275
1812 2311
1814 2333
1816 2266
1818 2291
1820 2294
1822 2458
1824 2257
1826 2323
1828 2321
1830 2275
1832 2311
1834 2216
1836 2217
1838 2326
1840 2217
1842 2218
1844 2298
1846 2391
1848 2926
1850 2333
1852 2365
1854 2399
1856 2287
1858 2273
1860 2314
1862 2274
1864 2312
1866 2275
1868 2218
1870 2257
1872 2217
1874 2435
1876 2472
1878 2483
1880 2275
1882 2275
1884 2275
1886 2277
1888 2275
1890 2383
1892 2218
1894 2216
1896 2252
1898 2217
1900 2253
1902 2332
1904 2399
1906 2351
1908 2275
1910 2277
1912 2262
1914 2215
1916 2216
1918 2338
1920 2253
1922 2289
1924 2252
1926 2251
1928 2216
1930 2253
1932 2216
1934 2216
1936 2403
1938 2220
1940 2220
1942 2344
1944 2251
1946 2327
1948 2219
1950 2372
1952 2215
1954 2235
1956 2221
1958 2326
1960 2275
1962 2274
1964 2216
1966 2216
1968 2253
1970 2359
1972 2253
1974 2250
1976 2216
1978 2287
1980 2288
1982 2216
1984 2331
1986 2252
1988 2290
1990 2254
1992 2219
1994 2219
1996 2519
1998 2276
2000 4552
