2 527
4 485
6 480
8 451
10 420
12 421
14 444
16 403
18 397
20 397
22 380
24 343
26 338
28 339
30 341
32 336
34 334
36 332
38 331
40 254
42 253
44 253
46 252
48 259
50 253
52 253
54 252
56 255
58 253
60 253
62 268
64 287
66 240
68 239
70 240
72 239
74 234
76 233
78 233
80 233
82 234
84 236
86 238
88 237
90 234
92 234
94 232
96 237
98 236
100 206
102 206
104 205
106 206
108 208
110 210
112 210
114 209
116 208
118 206
120 206
122 206
124 206
126 264
128 265
130 264
132 264
134 264
136 264
138 263
140 263
142 264
144 263
146 265
148 243
150 243
152 243
154 243
156 243
158 247
160 316
162 240
164 238
166 237
168 243
170 244
172 284
174 242
176 281
178 325
180 308
182 480
184 265
186 243
188 243
190 243
192 309
194 263
196 245
198 251
200 244
202 321
204 245
206 243
208 243
210 242
212 243
214 243
216 243
218 242
220 243
222 244
224 243
226 258
228 243
230 243
232 243
234 243
236 243
238 243
240 243
242 242
244 294
246 288
248 245
250 369
252 369
254 368
256 367
258 367
260 367
262 368
264 367
266 386
268 370
270 360
272 359
274 359
276 380
278 358
280 358
282 358
284 359
286 358
288 358
290 358
292 358
294 358
296 358
298 358
300 358
302 358
304 359
306 358
308 358
310 358
312 358
314 358
316 434
318 358
320 358
322 359
324 466
326 359
328 359
330 359
332 395
334 358
336 358
338 357
340 358
342 358
344 430
346 358
348 368
350 379
352 359
354 358
356 359
358 359
360 359
362 359
364 415
366 358
368 358
370 358
372 358
374 358
376 358
378 358
380 358
382 360
384 358
386 410
388 357
390 358
392 358
394 359
396 358
398 359
400 358
402 397
404 358
406 359
408 358
410 359
412 445
414 358
416 358
418 358
420 358
422 358
424 358
426 358
428 358
430 358
432 358
434 358
436 358
438 358
440 358
442 358
444 358
446 358
448 358
450 358
452 358
454 359
456 358
458 358
460 358
462 359
464 368
466 368
468 367
470 383
472 368
474 368
476 367
478 367
480 368
482 377
484 357
486 358
488 359
490 358
492 358
494 358
496 358
498 358
500 616
502 617
504 617
506 653
508 617
510 617
512 616
514 617
516 618
518 654
520 616
522 617
524 617
526 616
528 653
530 716
532 617
534 617
536 618
538 617
540 617
542 687
544 617
546 617
548 617
550 617
552 618
554 687
556 616
558 617
560 616
562 616
564 616
566 653
568 616
570 653
572 617
574 617
576 616
578 616
580 616
582 616
584 691
586 638
588 617
590 616
592 813
594 717
596 690
598 634
600 674
602 633
604 633
606 633
608 632
610 794
612 701
614 765
616 635
618 636
620 633
622 633
624 633
626 633
628 676
630 636
632 634
634 633
636 633
638 670
640 616
642 617
644 616
646 616
648 727
650 617
652 616
654 616
656 616
658 616
660 616
662 616
664 616
666 616
668 616
670 615
672 617
674 616
676 616
678 617
680 688
682 616
684 616
686 633
688 617
690 616
692 688
694 618
696 617
698 616
700 617
702 617
704 617
706 616
708 617
710 617
712 617
714 654
716 617
718 617
720 616
722 616
724 616
726 617
728 616
730 616
732 616
734 615
736 615
738 617
740 758
742 617
744 617
746 617
748 616
750 616
752 617
754 616
756 617
758 616
760 617
762 616
764 616
766 616
768 616
770 688
772 617
774 617
776 616
778 616
780 616
782 616
784 616
786 616
788 616
790 634
792 617
794 617
796 618
798 617
800 617
802 616
804 616
806 617
808 617
810 653
812 616
814 616
816 616
818 616
820 616
822 616
824 690
826 616
828 617
830 617
832 616
834 617
836 617
838 617
840 616
842 616
844 616
846 617
848 658
850 616
852 634
854 616
856 616
858 616
860 616
862 616
864 653
866 616
868 616
870 617
872 616
874 617
876 724
878 680
880 634
882 651
884 730
886 672
888 634
890 635
892 633
894 633
896 633
898 650
900 664
902 650
904 650
906 649
908 650
910 633
912 633
914 632
916 633
918 651
920 634
922 633
924 633
926 756
928 616
930 616
932 713
934 635
936 632
938 633
940 673
942 632
944 635
946 634
948 633
950 633
952 632
954 632
956 632
958 633
960 632
962 632
964 617
966 617
968 616
970 617
972 616
974 617
976 616
978 637
980 617
982 617
984 617
986 612
988 609
990 609
992 608
994 608
996 718
998 681
1000 1146
1002 1146
1004 1146
1006 1146
1008 1182
1010 1145
1012 1145
1014 1165
1016 1145
1018 1144
1020 1144
1022 1227
1024 1146
1026 1145
1028 1504
1030 1147
1032 1175
1034 1239
1036 1177
1038 1222
1040 1228
1042 1180
1044 1146
1046 1147
1048 1145
1050 1146
1052 1149
1054 1148
1056 1147
1058 1146
1060 1146
1062 1145
1064 1224
1066 1146
1068 1242
1070 1219
1072 1146
1074 1145
1076 1146
1078 1144
1080 1144
1082 1223
1084 1175
1086 1176
1088 1184
1090 1144
1092 1310
1094 1145
1096 1145
1098 1144
1100 1144
1102 1146
1104 1218
1106 1146
1108 1181
1110 1144
1112 1181
1114 1254
1116 1144
1118 1144
1120 1143
1122 1146
1124 1145
1126 1146
1128 1250
1130 1144
1132 1145
1134 1144
1136 1144
1138 1145
1140 1330
1142 1144
1144 1146
1146 1217
1148 1144
1150 1144
1152 1145
1154 1145
1156 1144
1158 1144
1160 1144
1162 1143
1164 1143
1166 1147
1168 1148
1170 1146
1172 1146
1174 1183
1176 1146
1178 1255
1180 1144
1182 1253
1184 1218
1186 1144
1188 1146
1190 1144
1192 1144
1194 1145
1196 1143
1198 1144
1200 1218
1202 1144
1204 1143
1206 1143
1208 1144
1210 1336
1212 1145
1214 1145
1216 1251
1218 1218
1220 1144
1222 1545
1224 1147
1226 1190
1228 1178
1230 1177
1232 1275
1234 1178
1236 1177
1238 1166
1240 1145
1242 1145
1244 1221
1246 1145
1248 1146
1250 1146
1252 1146
1254 1146
1256 1304
1258 1145
1260 1144
1262 1146
1264 1165
1266 1384
1268 1176
1270 1175
1272 1175
1274 1175
1276 1191
1278 1176
1280 1190
1282 1174
1284 1145
1286 1144
1288 1219
1290 1145
1292 1144
1294 1144
1296 1145
1298 1144
1300 1145
1302 1145
1304 1144
1306 1144
1308 1143
1310 1143
1312 1143
1314 1144
1316 1145
1318 1174
1320 1174
1322 1174
1324 1144
1326 1182
1328 1146
1330 1144
1332 1144
1334 1145
1336 1146
1338 1187
1340 1143
1342 1145
1344 1145
1346 1144
1348 1219
1350 1145
1352 1145
1354 1146
1356 1146
1358 1144
1360 1144
1362 1242
1364 1147
1366 1147
1368 1146
1370 1146
1372 1145
1374 1260
1376 1145
1378 1145
1380 1244
1382 1145
1384 1145
1386 1145
1388 1182
1390 1146
1392 1221
1394 1348
1396 1147
1398 1219
1400 1175
1402 1175
1404 1175
1406 1178
1408 1175
1410 1175
1412 1469
1414 1288
1416 1177
1418 1177
1420 1177
1422 1177
1424 1182
1426 1146
1428 1145
1430 1223
1432 1218
1434 1146
1436 1165
1438 1220
1440 1146
1442 1145
1444 1144
1446 1145
1448 1144
1450 1147
1452 1146
1454 1182
1456 1145
1458 1145
1460 1145
1462 1145
1464 1145
1466 1145
1468 1144
1470 1145
1472 1218
1474 1220
1476 1144
1478 1144
1480 1180
1482 1144
1484 1144
1486 1300
1488 1144
1490 1235
1492 1230
1494 1146
1496 1146
1498 1260
1500 1146
1502 1145
1504 1145
1506 1147
1508 1146
1510 1422
1512 1178
1514 1177
1516 1215
1518 1310
1520 1177
1522 1176
1524 1248
1526 1212
1528 1175
1530 1175
1532 1177
1534 1145
1536 1219
1538 1146
1540 1144
1542 1145
1544 1146
1546 1219
1548 1238
1550 1144
1552 1175
1554 1175
1556 1212
1558 1175
1560 1179
1562 1174
1564 1155
1566 1171
1568 1152
1570 1188
1572 1230
1574 1151
1576 1151
1578 1153
1580 1153
1582 1153
1584 1153
1586 1151
1588 1188
1590 1151
1592 1152
1594 1189
1596 1151
1598 1151
1600 1189
1602 1151
1604 1224
1606 1153
1608 1153
1610 1190
1612 1151
1614 1151
1616 1151
1618 1169
1620 1153
1622 1152
1624 1150
1626 1150
1628 1187
1630 1227
1632 1152
1634 1152
1636 1185
1638 1151
1640 1151
1642 1188
1644 1151
1646 1153
1648 1151
1650 1151
1652 1153
1654 1224
1656 1151
1658 1153
1660 1230
1662 1151
1664 1151
1666 1262
1668 1151
1670 1172
1672 1152
1674 1152
1676 1153
1678 1152
1680 1151
1682 1151
1684 1151
1686 1228
1688 1150
1690 1150
1692 1151
1694 1151
1696 1152
1698 1264
1700 1151
1702 1151
1704 1189
1706 1188
1708 1151
1710 1152
1712 1150
1714 1151
1716 1151
1718 1152
1720 1152
1722 1152
1724 1152
1726 1194
1728 1154
1730 1226
1732 1152
1734 1152
1736 1188
1738 1152
1740 1227
1742 1152
1744 1152
1746 1151
1748 1340
1750 1155
1752 1179
1754 1251
1756 1183
1758 1172
1760 1152
1762 1153
1764 1153
1766 1153
1768 1151
1770 1151
1772 1151
1774 1151
1776 1151
1778 1151
1780 1263
1782 1151
1784 1151
1786 1187
1788 1154
1790 1153
1792 1262
1794 1155
1796 1154
1798 1197
1800 1228
1802 1154
1804 1238
1806 1185
1808 1183
1810 1280
1812 1183
1814 1188
1816 1222
1818 1184
1820 1175
1822 1153
1824 1152
1826 1151
1828 1151
1830 1151
1832 1151
1834 1226
1836 1152
1838 1152
1840 1152
1842 1188
1844 1151
1846 1151
1848 1188
1850 1151
1852 1151
1854 1298
1856 1153
1858 1188
1860 1246
1862 1150
1864 1150
1866 1150
1868 1151
1870 1151
1872 1151
1874 1151
1876 1187
1878 1151
1880 1151
1882 1150
1884 1150
1886 1186
1888 1226
1890 1151
1892 1227
1894 1152
1896 1152
1898 1150
1900 1187
1902 1156
1904 1155
1906 1156
1908 1152
1910 1151
1912 1153
1914 1151
1916 1152
1918 1154
1920 1152
1922 1152
1924 1152
1926 1151
1928 1227
1930 1189
1932 1152
1934 1153
1936 1189
1938 1152
1940 1151
1942 1152
1944 1151
1946 1152
1948 1151
1950 1151
1952 1152
1954 1151
1956 1152
1958 1151
1960 1224
1962 1188
1964 1152
1966 1224
1968 1222
1970 1151
1972 1150
1974 1151
1976 1150
1978 1188
1980 1150
1982 1152
1984 1152
1986 1155
1988 1262
1990 1272
1992 1233
1994 1182
1996 1183
1998 1183
2000 2232
