2 115
4 104
6 103
8 101
10 100
12 101
14 100
16 109
18 109
20 109
22 109
24 109
26 109
28 134
30 109
32 138
34 138
36 138
38 137
40 138
42 138
44 138
46 138
48 138
50 205
52 138
54 138
56 138
58 137
60 138
62 169
64 200
66 201
68 199
70 200
72 201
74 201
76 200
78 200
80 200
82 200
84 200
86 200
88 201
90 200
92 200
94 202
96 200
98 200
100 201
102 217
104 201
106 201
108 200
110 200
112 200
114 221
116 206
118 205
120 206
122 206
124 206
126 337
128 337
130 337
132 338
134 338
136 338
138 338
140 338
142 338
144 337
146 337
148 338
150 336
152 337
154 337
156 337
158 336
160 338
162 338
164 336
166 338
168 338
170 338
172 338
174 361
176 337
178 337
180 337
182 337
184 337
186 337
188 337
190 337
192 337
194 337
196 337
198 337
200 337
202 337
204 337
206 337
208 376
210 337
212 338
214 338
216 373
218 328
220 328
222 328
224 329
226 328
228 328
230 328
232 328
234 328
236 328
238 328
240 328
242 385
244 328
246 328
248 328
250 593
252 594
254 593
256 593
258 593
260 592
262 629
264 610
266 735
268 669
270 593
272 593
274 755
276 594
278 593
280 609
282 609
284 609
286 607
288 702
290 719
292 664
294 648
296 642
298 628
300 628
302 628
304 627
306 691
308 635
310 630
312 627
314 627
316 628
318 633
320 676
322 656
324 626
326 626
328 626
330 626
332 624
334 626
336 624
338 653
340 627
342 625
344 625
346 624
348 625
350 625
352 632
354 630
356 608
358 718
360 607
362 646
364 607
366 611
368 752
370 633
372 630
374 646
376 627
378 609
380 664
382 625
384 609
386 609
388 681
390 625
392 625
394 625
396 624
398 625
400 625
402 624
404 625
406 932
408 856
410 874
412 609
414 609
416 608
418 609
420 686
422 612
424 593
426 594
428 620
430 593
432 592
434 593
436 592
438 630
440 594
442 641
444 624
446 625
448 610
450 611
452 683
454 644
456 609
458 609
460 610
462 610
464 609
466 608
468 609
470 631
472 623
474 591
476 594
478 594
480 665
482 592
484 593
486 592
488 593
490 593
492 699
494 610
496 609
498 608
500 1200
502 1131
504 1131
506 1132
508 1131
510 1132
512 1233
514 1133
516 1190
518 1128
520 1131
522 1132
524 1174
526 1206
528 1180
530 1161
532 1161
534 1131
536 1186
538 1132
540 1222
542 1168
544 1130
546 1131
548 1240
550 1134
552 1133
554 1133
556 1133
558 1132
560 1205
562 1131
564 1131
566 1130
568 1131
570 1131
572 1232
574 1131
576 1180
578 1161
580 1165
582 1209
584 1297
586 1169
588 1130
590 1204
592 1203
594 1200
596 1161
598 1131
600 1131
602 1130
604 1132
606 1166
608 1131
610 1129
612 1168
614 1129
616 1131
618 1203
620 1131
622 1131
624 1438
626 1224
628 1263
630 1163
632 1247
634 1162
636 1161
638 1161
640 1161
642 1161
644 1159
646 1267
648 1161
650 1205
652 1131
654 1131
656 1133
658 1132
660 1132
662 1131
664 1169
666 1253
668 1131
670 1130
672 1211
674 1132
676 1131
678 1131
680 1131
682 1197
684 1162
686 1160
688 1131
690 1132
692 1131
694 1214
696 1132
698 1132
700 1132
702 1132
704 1173
706 1196
708 1195
710 1160
712 1199
714 1165
716 1130
718 1206
720 1132
722 1174
724 1133
726 1133
728 1133
730 1133
732 1134
734 1133
736 1154
738 1162
740 1133
742 1132
744 1133
746 1131
748 1131
750 1131
752 1131
754 1132
756 1132
758 1131
760 1133
762 1168
764 1131
766 1169
768 1132
770 1132
772 1131
774 1168
776 1135
778 1132
780 1133
782 1133
784 1131
786 1131
788 1132
790 1131
792 1249
794 1131
796 1131
798 1132
800 1132
802 1132
804 1167
806 1189
808 1131
810 1131
812 1132
814 1131
816 1131
818 1169
820 1132
822 1133
824 1132
826 1169
828 1244
830 1168
832 1148
834 1131
836 1132
838 1168
840 1130
842 1169
844 1132
846 1171
848 1132
850 1134
852 1133
854 1169
856 1131
858 1132
860 1132
862 1207
864 1132
866 1167
868 1131
870 1131
872 1131
874 1131
876 1132
878 1167
880 1203
882 1168
884 1130
886 1151
888 1131
890 1206
892 1132
894 1132
896 1167
898 1131
900 1131
902 1133
904 1133
906 1133
908 1133
910 1133
912 1134
914 1132
916 1209
918 1169
920 1133
922 1133
924 1133
926 1133
928 1207
930 1132
932 1131
934 1131
936 1168
938 1132
940 1152
942 1131
944 1132
946 1204
948 1131
950 1133
952 1135
954 1132
956 1243
958 1132
960 1131
962 1131
964 1132
966 1131
968 1131
970 1131
972 1133
974 1312
976 1131
978 1132
980 1131
982 1133
984 1149
986 1148
988 1240
990 1131
992 1168
994 1131
996 1133
998 1148
1000 2277
1002 2216
1004 2216
1006 2296
1008 2279
1010 2331
1012 2275
1014 2332
1016 2331
1018 2275
1020 2317
1022 2273
1024 2270
1026 2292
1028 2216
1030 2214
1032 2254
1034 2308
1036 2411
1038 2405
1040 2367
1042 2387
1044 2359
1046 2275
1048 2379
1050 2283
1052 2307
1054 2252
1056 2215
1058 2275
1060 2251
1062 2360
1064 2255
1066 2250
1068 2217
1070 2216
1072 2216
1074 2346
1076 2217
1078 2216
1080 2324
1082 2250
1084 2217
1086 2249
1088 2323
1090 2468
1092 2278
1094 2279
1096 2275
1098 2275
1100 2305
1102 2264
1104 2278
1106 2256
1108 2252
1110 2291
1112 2256
1114 2214
1116 2284
1118 2217
1120 2215
1122 2213
1124 2278
1126 2216
1128 2216
1130 2374
1132 2414
1134 2294
1136 2230
1138 2384
1140 2216
1142 2273
1144 2274
1146 2277
1148 2372
1150 2269
1152 2497
1154 2281
1156 2275
1158 2277
1160 2279
1162 2277
1164 2277
1166 2350
1168 2213
1170 2216
1172 2347
1174 2217
1176 2291
1178 2336
1180 2253
1182 2217
1184 2297
1186 2219
1188 2219
1190 2293
1192 2254
1194 2216
1196 2255
1198 2331
1200 2212
1202 2284
1204 2218
1206 2335
1208 2216
1210 2217
1212 2217
1214 2217
1216 2289
1218 2217
1220 2291
1222 2251
1224 2289
1226 2216
1228 2360
1230 2335
1232 2213
1234 2324
1236 2216
1238 2216
1240 2215
1242 2217
1244 2216
1246 2215
1248 2330
1250 2289
1252 2215
1254 2288
1256 2216
1258 2216
1260 2296
1262 2327
1264 2255
1266 2328
1268 2216
1270 2216
1272 2252
1274 2296
1276 2217
1278 2217
1280 2216
1282 2293
1284 2253
1286 2443
1288 2327
1290 2275
1292 2275
1294 2287
1296 2249
1298 2253
1300 2301
1302 2216
1304 2251
1306 2219
1308 2219
1310 2385
1312 2256
1314 2216
1316 2214
1318 2213
1320 2291
1322 2254
1324 2216
1326 2302
1328 2216
1330 2325
1332 2215
1334 2214
1336 2252
1338 2217
1340 2212
1342 2326
1344 2403
1346 2216
1348 2217
1350 2215
1352 2234
1354 2218
1356 2266
1358 2217
1360 2217
1362 2252
1364 2217
1366 2217
1368 2290
1370 2364
1372 2216
1374 2362
1376 2217
1378 2299
1380 2693
1382 2467
1384 2369
1386 2343
1388 2277
1390 2305
1392 2385
1394 2219
1396 2212
1398 2256
1400 2213
1402 2297
1404 2297
1406 2216
1408 2236
1410 2215
1412 2269
1414 2213
1416 2218
1418 2271
1420 2370
1422 2244
1424 2254
1426 2219
1428 2593
1430 2254
1432 2287
1434 2277
1436 2277
1438 2292
1440 2217
1442 2216
1444 2218
1446 2216
1448 2217
1450 2218
1452 2215
1454 2253
1456 2253
1458 2289
1460 2216
1462 2292
1464 2216
1466 2216
1468 2291
1470 2216
1472 2290
1474 2290
1476 2217
1478 2217
1480 2297
1482 2216
1484 2217
1486 2289
1488 2290
1490 2216
1492 2217
1494 2276
1496 2255
1498 2436
1500 2252
1502 2216
1504 2216
1506 2290
1508 2217
1510 2253
1512 2288
1514 2217
1516 2252
1518 2216
1520 2253
1522 2216
1524 2217
1526 2217
1528 2234
1530 2253
1532 2251
1534 2253
1536 2216
1538 2289
1540 2216
1542 2406
1544 2308
1546 2217
1548 2291
1550 2217
1552 2216
1554 4282
1556 2252
1558 2252
1560 2275
1562 2275
1564 2284
1566 2269
1568 2216
1570 2217
1572 2279
1574 2212
1576 2256
1578 2219
1580 2250
1582 2337
1584 2215
1586 2216
1588 2253
1590 2217
1592 2290
1594 2254
1596 2217
1598 2217
1600 2217
1602 2253
1604 2292
1606 2300
1608 2215
1610 2212
1612 2271
1614 2255
1616 2219
1618 2293
1620 2251
1622 2218
1624 2250
1626 2253
1628 2253
1630 2219
1632 2217
1634 2214
1636 2333
1638 2217
1640 2218
1642 2216
1644 2213
1646 2293
1648 2290
1650 2333
1652 2252
1654 2218
1656 2254
1658 2255
1660 2291
1662 2216
1664 2215
1666 2329
1668 2219
1670 2257
1672 2640
1674 2299
1676 2273
1678 2276
1680 2271
1682 2247
1684 2216
1686 2881
1688 2374
1690 2347
1692 2397
1694 2338
1696 2338
1698 2303
1700 2446
1702 2275
1704 2277
1706 2277
1708 2281
1710 2438
1712 2216
1714 2375
1716 2278
1718 2272
1720 2287
1722 2230
1724 2410
1726 2253
1728 2289
1730 2252
1732 2293
1734 2217
1736 2217
1738 2217
1740 2266
1742 2255
1744 2379
1746 2216
1748 2217
1750 2370
1752 2274
1754 2279
1756 2338
1758 2253
1760 2216
1762 2215
1764 2254
1766 2214
1768 2217
1770 2289
1772 2217
1774 2217
1776 2315
1778 2216
1780 2216
1782 2216
1784 2385
1786 2492
1788 2216
1790 2276
1792 2319
1794 2276
1796 2305
1798 2273
1800 2284
1802 2293
1804 2216
1806 2293
1808 2293
1810 2212
1812 2329
1814 2292
1816 2291
1818 2217
1820 2215
1822 2216
1824 2216
1826 2216
1828 2216
1830 2217
1832 2252
1834 2250
1836 2216
1838 2255
1840 2250
1842 2482
1844 2216
1846 2280
1848 2254
1850 2216
1852 2216
1854 2216
1856 2217
1858 2254
1860 2251
1862 2281
1864 2325
1866 2254
1868 2217
1870 2364
1872 2253
1874 2216
1876 2216
1878 2292
1880 2219
1882 2213
1884 2294
1886 2216
1888 2285
1890 2372
1892 2290
1894 2219
1896 2292
1898 2267
1900 2254
1902 2254
1904 2285
1906 2216
1908 2216
1910 2332
1912 2319
1914 2525
1916 2296
1918 2276
1920 2275
1922 2274
1924 2332
1926 2278
1928 2308
1930 2218
1932 2253
1934 2253
1936 2256
1938 2217
1940 2216
1942 2218
1944 2216
1946 2216
1948 2254
1950 2216
1952 2254
1954 2288
1956 2290
1958 2254
1960 2705
1962 2381
1964 2275
1966 2383
1968 2302
1970 2304
1972 2275
1974 2275
1976 2665
1978 2315
1980 2275
1982 2315
1984 2318
1986 2213
1988 2216
1990 2250
1992 2254
1994 2217
1996 2252
1998 2336
2000 4444
