2 254
4 198
6 196
8 186
10 237
12 184
14 184
16 175
18 174
20 173
22 171
24 172
26 172
28 173
30 172
32 177
34 175
36 215
38 169
40 170
42 170
44 169
46 169
48 171
50 171
52 171
54 202
56 178
58 176
60 174
62 206
64 193
66 193
68 191
70 191
72 190
74 191
76 191
78 191
80 190
82 190
84 191
86 190
88 190
90 191
92 191
94 190
96 190
98 190
100 191
102 190
104 191
106 190
108 191
110 191
112 191
114 190
116 191
118 191
120 190
122 190
124 190
126 246
128 246
130 244
132 244
134 244
136 243
138 243
140 243
142 243
144 243
146 244
148 243
150 262
152 243
154 243
156 244
158 244
160 287
162 244
164 243
166 281
168 243
170 244
172 244
174 243
176 243
178 243
180 282
182 237
184 357
186 237
188 237
190 237
192 239
194 279
196 243
198 317
200 243
202 243
204 243
206 244
208 243
210 244
212 243
214 243
216 280
218 244
220 257
222 254
224 256
226 352
228 273
230 253
232 252
234 260
236 255
238 255
240 253
242 256
244 257
246 281
248 302
250 385
252 388
254 383
256 381
258 379
260 379
262 386
264 380
266 378
268 378
270 378
272 382
274 379
276 378
278 379
280 380
282 417
284 381
286 378
288 378
290 381
292 379
294 378
296 381
298 379
300 378
302 378
304 395
306 382
308 380
310 389
312 379
314 383
316 380
318 385
320 382
322 378
324 378
326 377
328 381
330 379
332 379
334 379
336 379
338 378
340 378
342 379
344 378
346 379
348 378
350 379
352 378
354 379
356 379
358 391
360 368
362 368
364 369
366 385
368 368
370 368
372 369
374 369
376 368
378 359
380 359
382 385
384 370
386 370
388 369
390 368
392 368
394 359
396 359
398 358
400 359
402 361
404 358
406 358
408 358
410 358
412 395
414 359
416 358
418 358
420 418
422 456
424 409
426 423
428 369
430 369
432 399
434 369
436 368
438 433
440 369
442 369
444 368
446 368
448 368
450 368
452 359
454 358
456 359
458 387
460 359
462 358
464 358
466 359
468 359
470 359
472 359
474 359
476 359
478 359
480 358
482 399
484 358
486 359
488 359
490 359
492 381
494 371
496 409
498 369
500 660
502 642
504 620
506 727
508 622
510 621
512 621
514 621
516 620
518 619
520 620
522 620
524 620
526 620
528 620
530 731
532 619
534 620
536 620
538 654
540 637
542 637
544 653
546 620
548 620
550 695
552 661
554 621
556 621
558 636
560 637
562 637
564 674
566 637
568 637
570 621
572 639
574 621
576 656
578 620
580 620
582 696
584 620
586 621
588 657
590 620
592 622
594 636
596 651
598 620
600 620
602 621
604 674
606 636
608 621
610 620
612 619
614 697
616 621
618 621
620 621
622 621
624 620
626 620
628 621
630 620
632 620
634 620
636 620
638 620
640 620
642 620
644 657
646 621
648 658
650 620
652 619
654 619
656 639
658 621
660 620
662 620
664 621
666 621
668 622
670 620
672 620
674 620
676 620
678 620
680 621
682 620
684 620
686 620
688 620
690 621
692 620
694 620
696 620
698 620
700 620
702 620
704 620
706 621
708 620
710 620
712 696
714 657
716 620
718 620
720 620
722 620
724 619
726 620
728 620
730 621
732 620
734 621
736 620
738 620
740 620
742 620
744 620
746 620
748 726
750 621
752 620
754 620
756 620
758 620
760 621
762 621
764 620
766 621
768 620
770 619
772 704
774 621
776 621
778 717
780 620
782 620
784 620
786 620
788 620
790 657
792 620
794 621
796 620
798 620
800 621
802 656
804 620
806 620
808 620
810 643
812 620
814 657
816 621
818 620
820 620
822 620
824 657
826 659
828 620
830 620
832 637
834 662
836 637
838 638
840 636
842 637
844 634
846 633
848 632
850 934
852 658
854 659
856 634
858 633
860 635
862 632
864 632
866 632
868 632
870 726
872 632
874 633
876 632
878 632
880 633
882 633
884 657
886 632
888 632
890 632
892 633
894 634
896 631
898 633
900 632
902 631
904 651
906 616
908 616
910 616
912 615
914 616
916 615
918 615
920 616
922 616
924 616
926 617
928 616
930 616
932 616
934 616
936 616
938 616
940 616
942 616
944 616
946 617
948 618
950 617
952 616
954 615
956 616
958 615
960 615
962 615
964 616
966 616
968 616
970 617
972 616
974 616
976 616
978 616
980 616
982 616
984 676
986 616
988 616
990 616
992 691
994 814
996 659
998 617
1000 1157
1002 1158
1004 1188
1006 1156
1008 1155
1010 1160
1012 1157
1014 1156
1016 1159
1018 1221
1020 1196
1022 1125
1024 1161
1026 1123
1028 1137
1030 1123
1032 1124
1034 1197
1036 1124
1038 1127
1040 1168
1042 1202
1044 1125
1046 1124
1048 1124
1050 1204
1052 1161
1054 1297
1056 1164
1058 1156
1060 1155
1062 1200
1064 1125
1066 1129
1068 1199
1070 1125
1072 1201
1074 1125
1076 1125
1078 1125
1080 1125
1082 1125
1084 1125
1086 1124
1088 1162
1090 1125
1092 1124
1094 1219
1096 1124
1098 1124
1100 1161
1102 1123
1104 1124
1106 1124
1108 1124
1110 1123
1112 1199
1114 1123
1116 1125
1118 1125
1120 1125
1122 1124
1124 1125
1126 1201
1128 1126
1130 1125
1132 1160
1134 1123
1136 1123
1138 1123
1140 1125
1142 1126
1144 1125
1146 1139
1148 1125
1150 1124
1152 1124
1154 1143
1156 1123
1158 1162
1160 1123
1162 1145
1164 1162
1166 1124
1168 1198
1170 1125
1172 1124
1174 1124
1176 1125
1178 1124
1180 1124
1182 1124
1184 1124
1186 1160
1188 1127
1190 1197
1192 1124
1194 1124
1196 1160
1198 1123
1200 1203
1202 1125
1204 1123
1206 1124
1208 1124
1210 1160
1212 1123
1214 1123
1216 1123
1218 1123
1220 1123
1222 1196
1224 1124
1226 1124
1228 1162
1230 1124
1232 1125
1234 1237
1236 1124
1238 1236
1240 1199
1242 1125
1244 1182
1246 1124
1248 1124
1250 1124
1252 1124
1254 1334
1256 1125
1258 1125
1260 1124
1262 1124
1264 1124
1266 1235
1268 1222
1270 1279
1272 1197
1274 1154
1276 1154
1278 1162
1280 1125
1282 1125
1284 1252
1286 1125
1288 1530
1290 1237
1292 1157
1294 1157
1296 1156
1298 1198
1300 1190
1302 1191
1304 1188
1306 1155
1308 1156
1310 1194
1312 1161
1314 1195
1316 1127
1318 1126
1320 1127
1322 1127
1324 1126
1326 1127
1328 1125
1330 1126
1332 1125
1334 1126
1336 1126
1338 1126
1340 1124
1342 1124
1344 1126
1346 1161
1348 1124
1350 1125
1352 1124
1354 1127
1356 1126
1358 1200
1360 1126
1362 1125
1364 1125
1366 1125
1368 1124
1370 1124
1372 1183
1374 1124
1376 1123
1378 1160
1380 1124
1382 1124
1384 1124
1386 1123
1388 1124
1390 1124
1392 1124
1394 1124
1396 1124
1398 1124
1400 1126
1402 1124
1404 1161
1406 1124
1408 1201
1410 1156
1412 1155
1414 1153
1416 1220
1418 1126
1420 1125
1422 1161
1424 1162
1426 1124
1428 1124
1430 1282
1432 1126
1434 1126
1436 1123
1438 1124
1440 1147
1442 1124
1444 1124
1446 1162
1448 1124
1450 1123
1452 1125
1454 1125
1456 1125
1458 1125
1460 1125
1462 1125
1464 1125
1466 1198
1468 1200
1470 1124
1472 1199
1474 1155
1476 1157
1478 1168
1480 1124
1482 1124
1484 1124
1486 1124
1488 1124
1490 1124
1492 1182
1494 1181
1496 1272
1498 1213
1500 1213
1502 1211
1504 1212
1506 1212
1508 1180
1510 1275
1512 1180
1514 1180
1516 1261
1518 1181
1520 1179
1522 1289
1524 1180
1526 1179
1528 1181
1530 1208
1532 1210
1534 1209
1536 1178
1538 1179
1540 1180
1542 1179
1544 1216
1546 1178
1548 1179
1550 1179
1552 1180
1554 1179
1556 1179
1558 1180
1560 1196
1562 1179
1564 1179
1566 1216
1568 1180
1570 1196
1572 1253
1574 1180
1576 1433
1578 1273
1580 1183
1582 1215
1584 1347
1586 1212
1588 1214
1590 1265
1592 1242
1594 1213
1596 1214
1598 1182
1600 1184
1602 1292
1604 1180
1606 1181
1608 1216
1610 1181
1612 1219
1614 1180
1616 1294
1618 1180
1620 1180
1622 1179
1624 1202
1626 1179
1628 1179
1630 1181
1632 1216
1634 1179
1636 1179
1638 1216
1640 1182
1642 1340
1644 1180
1646 1181
1648 1180
1650 1180
1652 1255
1654 1181
1656 1179
1658 1216
1660 1179
1662 1179
1664 1179
1666 1180
1668 1181
1670 1179
1672 1180
1674 1180
1676 1180
1678 1180
1680 1180
1682 1178
1684 1181
1686 1181
1688 1181
1690 1196
1692 1193
1694 1179
1696 1216
1698 1255
1700 1255
1702 1215
1704 1180
1706 1178
1708 1178
1710 1181
1712 1255
1714 1179
1716 1180
1718 1180
1720 1180
1722 1179
1724 1179
1726 1217
1728 1179
1730 1179
1732 1217
1734 1216
1736 1178
1738 1178
1740 1215
1742 1495
1744 1183
1746 1256
1748 1212
1750 1210
1752 1218
1754 1181
1756 1179
1758 1179
1760 1259
1762 1330
1764 1179
1766 1181
1768 1180
1770 1178
1772 1215
1774 1179
1776 1255
1778 1178
1780 1179
1782 1179
1784 1178
1786 1178
1788 1179
1790 1179
1792 1179
1794 1181
1796 1179
1798 1178
1800 1181
1802 1178
1804 1178
1806 1178
1808 1342
1810 1182
1812 1255
1814 1217
1816 1194
1818 1180
1820 1179
1822 1251
1824 1217
1826 1254
1828 1179
1830 1179
1832 1181
1834 1179
1836 1179
1838 1179
1840 1255
1842 1217
1844 1252
1846 1179
1848 1180
1850 1179
1852 1217
1854 1180
1856 1179
1858 1248
1860 1209
1862 1178
1864 1361
1866 1183
1868 1239
1870 1419
1872 1213
1874 1217
1876 1288
1878 1213
1880 1214
1882 1295
1884 1181
1886 1181
1888 1217
1890 1181
1892 1181
1894 1217
1896 1179
1898 1179
1900 1179
1902 1179
1904 1180
1906 1179
1908 1217
1910 1180
1912 1179
1914 1179
1916 1179
1918 1179
1920 1179
1922 1220
1924 1178
1926 1179
1928 1179
1930 1180
1932 1216
1934 1178
1936 1179
1938 1215
1940 1179
1942 1178
1944 1262
1946 1179
1948 1184
1950 1219
1952 1182
1954 1180
1956 1180
1958 1217
1960 1182
1962 1182
1964 1180
1966 1347
1968 1183
1970 1182
1972 1182
1974 1181
1976 1180
1978 1180
1980 1255
1982 1180
1984 1179
1986 1217
1988 1325
1990 1179
1992 1444
1994 1217
1996 1211
1998 1210
2000 2340
