2 115
4 104
6 103
8 101
10 101
12 100
14 100
16 109
18 109
20 109
22 109
24 109
26 109
28 109
30 109
32 138
34 137
36 137
38 137
40 138
42 137
44 137
46 137
48 137
50 137
52 137
54 137
56 138
58 138
60 137
62 169
64 201
66 201
68 201
70 200
72 201
74 201
76 201
78 201
80 201
82 200
84 244
86 243
88 206
90 220
92 200
94 200
96 200
98 201
100 201
102 200
104 201
106 201
108 201
110 201
112 200
114 199
116 201
118 201
120 200
122 200
124 201
126 329
128 329
130 329
132 329
134 328
136 330
138 328
140 328
142 328
144 328
146 328
148 328
150 329
152 328
154 328
156 328
158 328
160 329
162 328
164 328
166 328
168 328
170 329
172 371
174 328
176 328
178 328
180 328
182 328
184 328
186 328
188 328
190 328
192 328
194 329
196 329
198 405
200 329
202 329
204 329
206 365
208 328
210 328
212 328
214 328
216 365
218 329
220 329
222 329
224 328
226 329
228 405
230 329
232 365
234 328
236 328
238 328
240 328
242 328
244 328
246 328
248 328
250 593
252 593
254 592
256 594
258 593
260 594
262 593
264 609
266 609
268 609
270 609
272 609
274 610
276 609
278 609
280 609
282 615
284 593
286 593
288 704
290 592
292 592
294 593
296 593
298 593
300 592
302 593
304 593
306 593
308 630
310 593
312 593
314 595
316 593
318 592
320 631
322 594
324 593
326 593
328 593
330 593
332 700
334 592
336 593
338 594
340 593
342 592
344 665
346 594
348 594
350 594
352 595
354 594
356 594
358 594
360 594
362 594
364 594
366 654
368 593
370 593
372 594
374 593
376 593
378 593
380 593
382 593
384 593
386 593
388 610
390 593
392 594
394 593
396 593
398 593
400 834
402 673
404 593
406 593
408 635
410 593
412 593
414 593
416 593
418 608
420 607
422 680
424 610
426 610
428 608
430 610
432 608
434 608
436 608
438 593
440 593
442 593
444 593
446 593
448 593
450 592
452 593
454 593
456 593
458 593
460 593
462 594
464 593
466 629
468 594
470 671
472 593
474 593
476 593
478 593
480 593
482 592
484 593
486 593
488 631
490 593
492 630
494 593
496 593
498 593
500 1131
502 1129
504 1132
506 1129
508 1168
510 1131
512 1129
514 1129
516 1128
518 1131
520 1203
522 1130
524 1131
526 1169
528 1129
530 1131
532 1167
534 1130
536 1131
538 1206
540 1129
542 1132
544 1203
546 1167
548 1131
550 1130
552 1131
554 1130
556 1291
558 1129
560 1131
562 1298
564 1194
566 1163
568 1163
570 1247
572 1263
574 1200
576 1161
578 1191
580 1163
582 1233
584 1202
586 1195
588 1191
590 1202
592 1196
594 1206
596 1162
598 1160
600 1161
602 1241
604 1161
606 1201
608 1202
610 1161
612 1163
614 1161
616 1161
618 1159
620 1161
622 1330
624 1168
626 1330
628 1163
630 1307
632 1161
634 1257
636 1339
638 1534
640 1204
642 1196
644 1195
646 1231
648 1196
650 1200
652 1194
654 1221
656 1246
658 1224
660 1196
662 1197
664 1192
666 1192
668 1262
670 1193
672 1192
674 1193
676 1190
678 1183
680 1161
682 1199
684 1163
686 1164
688 1212
690 1132
692 1133
694 1132
696 1133
698 1132
700 1131
702 1131
704 1131
706 1131
708 1131
710 1131
712 1307
714 1163
716 1152
718 1131
720 1131
722 1131
724 1129
726 1130
728 1131
730 1419
732 1166
734 1163
736 1163
738 1163
740 1160
742 1175
744 1133
746 1219
748 1161
750 1169
752 1134
754 1132
756 1133
758 1133
760 1134
762 1134
764 1530
766 1303
768 1161
770 1295
772 1158
774 1162
776 1163
778 1179
780 1190
782 1161
784 1162
786 1245
788 1161
790 1161
792 1161
794 1161
796 1133
798 1132
800 1131
802 1131
804 1207
806 1169
808 1133
810 1161
812 1131
814 1131
816 1130
818 1130
820 1200
822 1149
824 1130
826 1131
828 1163
830 1220
832 1160
834 1161
836 1198
838 1172
840 1129
842 1155
844 1208
846 1132
848 1206
850 1195
852 1131
854 1131
856 1132
858 1131
860 1131
862 1131
864 1131
866 1131
868 1132
870 1131
872 1131
874 1191
876 1133
878 1133
880 1215
882 1306
884 1130
886 1133
888 1131
890 1171
892 1132
894 1133
896 1168
898 1191
900 1131
902 1242
904 1132
906 1131
908 1131
910 1132
912 1169
914 1204
916 1131
918 1171
920 1132
922 1131
924 1131
926 1242
928 1129
930 1131
932 1131
934 1206
936 1131
938 1168
940 1166
942 1131
944 1131
946 1131
948 1131
950 1262
952 1131
954 1131
956 1132
958 1132
960 1130
962 1167
964 1167
966 1131
968 1131
970 1132
972 1131
974 1132
976 1244
978 1133
980 1131
982 1131
984 1131
986 1132
988 1131
990 1131
992 1130
994 1190
996 1132
998 1206
1000 2218
1002 2332
1004 2252
1006 2217
1008 2215
1010 2216
1012 2216
1014 2259
1016 2216
1018 2216
1020 2216
1022 2215
1024 2272
1026 2252
1028 2330
1030 2252
1032 2251
1034 2217
1036 2251
1038 2217
1040 2217
1042 2332
1044 2216
1046 2216
1048 2289
1050 2216
1052 2332
1054 2367
1056 2365
1058 2217
1060 2291
1062 2299
1064 2398
1066 2316
1068 2278
1070 2331
1072 2275
1074 2276
1076 2275
1078 2274
1080 2276
1082 2276
1084 2499
1086 2218
1088 2274
1090 2277
1092 2394
1094 2274
1096 2310
1098 2275
1100 2215
1102 2216
1104 2216
1106 2216
1108 2217
1110 2216
1112 2216
1114 2413
1116 2392
1118 2275
1120 2312
1122 2289
1124 2217
1126 2218
1128 2253
1130 2219
1132 2220
1134 2328
1136 2216
1138 2218
1140 2289
1142 2213
1144 2216
1146 2289
1148 2215
1150 2216
1152 2253
1154 2217
1156 2216
1158 2218
1160 2328
1162 2217
1164 2578
1166 2466
1168 2312
1170 2277
1172 2505
1174 2500
1176 2274
1178 2315
1180 2305
1182 2372
1184 2333
1186 2257
1188 2217
1190 2291
1192 2254
1194 2216
1196 2327
1198 2217
1200 2214
1202 2213
1204 2219
1206 2414
1208 2213
1210 2217
1212 2248
1214 2252
1216 2219
1218 2219
1220 2219
1222 2294
1224 2216
1226 2213
1228 2252
1230 2216
1232 2217
1234 2293
1236 2216
1238 2216
1240 2282
1242 2217
1244 2216
1246 2413
1248 2216
1250 2216
1252 2218
1254 2217
1256 2216
1258 2365
1260 2305
1262 2216
1264 2216
1266 2285
1268 2219
1270 2219
1272 2358
1274 2215
1276 2216
1278 2287
1280 2293
1282 2287
1284 2289
1286 2282
1288 2253
1290 2476
1292 2218
1294 2275
1296 2275
1298 2275
1300 2220
1302 2216
1304 2252
1306 2216
1308 2216
1310 2290
1312 2217
1314 2217
1316 2265
1318 2272
1320 2216
1322 2250
1324 2216
1326 2217
1328 2297
1330 2216
1332 2216
1334 2289
1336 2250
1338 2218
1340 2609
1342 2320
1344 2275
1346 2275
1348 2217
1350 2275
1352 2363
1354 2252
1356 2217
1358 2217
1360 2250
1362 2217
1364 2215
1366 2313
1368 2216
1370 2307
1372 2590
1374 2255
1376 2278
1378 2275
1380 2376
1382 2276
1384 2275
1386 2490
1388 2328
1390 2430
1392 2278
1394 2284
1396 2404
1398 2498
1400 2216
1402 2414
1404 2276
1406 2353
1408 2275
1410 2279
1412 2277
1414 2271
1416 2279
1418 2272
1420 2253
1422 2217
1424 2213
1426 2290
1428 2216
1430 2234
1432 2251
1434 2217
1436 2217
1438 2287
1440 2212
1442 2216
1444 2212
1446 2217
1448 2292
1450 2217
1452 2467
1454 2455
1456 2275
1458 2450
1460 2365
1462 2275
1464 2309
1466 2217
1468 2364
1470 2255
1472 2302
1474 2217
1476 2254
1478 2252
1480 2213
1482 2380
1484 2219
1486 2219
1488 2369
1490 2216
1492 2216
1494 2218
1496 2216
1498 2255
1500 2220
1502 2216
1504 2650
1506 2277
1508 2277
1510 2312
1512 2315
1514 2350
1516 2235
1518 2253
1520 2289
1522 2235
1524 2343
1526 2314
1528 2216
1530 2329
1532 2253
1534 2251
1536 2216
1538 2213
1540 2213
1542 2253
1544 2215
1546 2255
1548 2217
1550 2214
1552 2281
1554 2216
1556 2213
1558 2254
1560 2217
1562 2217
1564 2254
1566 2325
1568 2216
1570 2216
1572 2216
1574 2216
1576 2217
1578 2234
1580 2216
1582 2315
1584 2255
1586 2274
1588 2311
1590 2314
1592 2217
1594 2216
1596 3327
1598 2215
1600 2216
1602 2383
1604 2217
1606 2217
1608 2331
1610 2214
1612 2331
1614 2253
1616 2216
1618 2216
1620 2213
1622 2212
1624 2217
1626 2371
1628 2220
1630 2214
1632 2400
1634 2212
1636 2253
1638 2296
1640 2216
1642 2327
1644 2451
1646 2216
1648 2254
1650 2277
1652 2277
1654 2335
1656 2216
1658 2292
1660 2219
1662 2213
1664 2293
1666 2216
1668 2256
1670 2253
1672 2217
1674 2312
1676 2217
1678 2217
1680 2216
1682 2293
1684 2213
1686 2929
1688 2589
1690 2366
1692 2274
1694 2308
1696 2301
1698 2275
1700 2392
1702 2319
1704 2286
1706 2254
1708 2260
1710 2220
1712 2328
1714 2213
1716 2217
1718 2290
1720 2216
1722 2215
1724 2216
1726 2216
1728 2218
1730 2275
1732 2216
1734 2254
1736 2216
1738 2219
1740 2220
1742 2657
1744 2514
1746 2392
1748 2275
1750 2275
1752 2274
1754 2275
1756 2344
1758 2401
1760 2219
1762 2308
1764 2257
1766 2218
1768 2286
1770 2365
1772 2216
1774 2293
1776 2255
1778 2217
1780 2297
1782 2216
1784 2216
1786 2298
1788 2216
1790 2297
1792 2217
1794 2233
1796 2218
1798 2217
1800 2289
1802 2218
1804 2255
1806 2256
1808 2219
1810 2292
1812 2253
1814 2221
1816 2219
1818 2326
1820 2297
1822 2236
1824 2289
1826 2216
1828 2292
1830 2216
1832 2271
1834 2252
1836 2214
1838 2253
1840 2359
1842 2219
1844 2254
1846 2217
1848 2289
1850 2252
1852 2216
1854 2217
1856 2212
1858 2348
1860 2219
1862 2253
1864 2745
1866 2282
1868 2276
1870 2275
1872 2275
1874 2274
1876 2274
1878 2216
1880 2216
1882 2219
1884 2216
1886 2254
1888 2290
1890 2216
1892 2249
1894 2326
1896 2214
1898 2213
1900 2254
1902 2216
1904 2289
1906 2295
1908 2216
1910 2216
1912 2522
1914 2439
1916 2222
1918 2348
1920 2424
1922 2275
1924 2307
1926 2298
1928 2212
1930 2216
1932 2329
1934 2219
1936 2255
1938 2252
1940 2217
1942 2252
1944 2310
1946 2218
1948 2253
1950 2253
1952 2216
1954 2217
1956 2216
1958 2234
1960 2218
1962 2219
1964 2251
1966 2305
1968 2217
1970 2253
1972 2217
1974 2215
1976 2289
1978 2214
1980 2287
1982 2217
1984 2217
1986 2216
1988 2291
1990 2216
1992 2216
1994 2215
1996 2256
1998 2217
2000 4533
