2 128
4 116
6 115
8 113
10 112
12 112
14 112
16 122
18 122
20 122
22 122
24 121
26 122
28 121
30 122
32 154
34 154
36 154
38 153
40 153
42 154
44 154
46 156
48 153
50 141
52 141
54 141
56 141
58 141
60 141
62 173
64 206
66 206
68 206
70 206
72 206
74 206
76 206
78 206
80 206
82 206
84 206
86 206
88 228
90 206
92 206
94 206
96 206
98 206
100 206
102 206
104 206
106 204
108 206
110 206
112 206
114 206
116 205
118 206
120 206
122 206
124 206
126 377
128 339
130 337
132 375
134 337
136 338
138 337
140 337
142 337
144 379
146 338
148 338
150 338
152 337
154 378
156 337
158 339
160 337
162 337
164 338
166 338
168 337
170 337
172 337
174 338
176 338
178 346
180 337
182 337
184 337
186 337
188 378
190 337
192 337
194 337
196 337
198 337
200 412
202 338
204 337
206 337
208 337
210 337
212 434
214 379
216 337
218 337
220 337
222 337
224 337
226 337
228 338
230 337
232 337
234 337
236 337
238 337
240 337
242 337
244 338
246 337
248 339
250 609
252 609
254 609
256 609
258 607
260 608
262 609
264 594
266 594
268 594
270 591
272 591
274 628
276 593
278 593
280 671
282 593
284 593
286 593
288 679
290 673
292 593
294 593
296 594
298 593
300 593
302 593
304 593
306 594
308 593
310 593
312 594
314 593
316 593
318 594
320 594
322 631
324 593
326 595
328 594
330 592
332 593
334 592
336 593
338 594
340 592
342 593
344 664
346 594
348 593
350 593
352 594
354 629
356 592
358 593
360 593
362 592
364 593
366 702
368 699
370 592
372 594
374 593
376 594
378 666
380 594
382 594
384 595
386 631
388 593
390 592
392 592
394 593
396 593
398 593
400 665
402 634
404 591
406 594
408 702
410 594
412 594
414 593
416 593
418 593
420 593
422 593
424 593
426 593
428 594
430 593
432 630
434 593
436 594
438 594
440 594
442 592
444 592
446 591
448 593
450 700
452 592
454 593
456 593
458 593
460 593
462 595
464 591
466 592
468 593
470 593
472 668
474 593
476 593
478 594
480 593
482 594
484 593
486 679
488 674
490 594
492 689
494 731
496 665
498 716
500 1205
502 1450
504 1315
506 1316
508 1200
510 1192
512 1192
514 1195
516 1196
518 1224
520 1197
522 1198
524 1199
526 1216
528 1236
530 1195
532 1195
534 1200
536 1194
538 1197
540 1250
542 1194
544 1194
546 1192
548 1192
550 1196
552 1193
554 1203
556 1193
558 1195
560 1195
562 1192
564 1194
566 1193
568 1194
570 1221
572 1194
574 1193
576 1193
578 1193
580 1277
582 1301
584 1406
586 1199
588 1195
590 1193
592 1195
594 1195
596 1206
598 1198
600 1195
602 1194
604 1194
606 1200
608 1198
610 1192
612 1196
614 1192
616 1193
618 1158
620 1161
622 1162
624 1161
626 1162
628 1162
630 1131
632 1130
634 1203
636 1335
638 1211
640 1160
642 1161
644 1161
646 1202
648 1161
650 1228
652 1289
654 1413
656 1587
658 1548
660 1194
662 1192
664 1190
666 1192
668 1192
670 1318
672 1354
674 1198
676 1205
678 1197
680 1194
682 1194
684 1189
686 1205
688 1210
690 1182
692 1161
694 1161
696 1163
698 1234
700 1197
702 1161
704 1198
706 1162
708 1161
710 1161
712 1132
714 1133
716 1132
718 1172
720 1133
722 1133
724 1133
726 1209
728 1132
730 1132
732 1132
734 1241
736 1285
738 1273
740 1131
742 1255
744 1161
746 1159
748 1162
750 1196
752 1161
754 1179
756 1161
758 1261
760 1161
762 1161
764 1131
766 1131
768 1131
770 1169
772 1132
774 1132
776 1132
778 1132
780 1133
782 1281
784 1131
786 1131
788 1132
790 1327
792 1131
794 1131
796 1131
798 1241
800 1239
802 1205
804 1130
806 1132
808 1132
810 1207
812 1205
814 1157
816 1163
818 1405
820 1132
822 1224
824 1181
826 1162
828 1200
830 1163
832 1198
834 1162
836 1201
838 1161
840 1160
842 1161
844 1181
846 1162
848 1163
850 1163
852 1161
854 1163
856 1161
858 1162
860 1320
862 1169
864 1316
866 1131
868 1337
870 1160
872 1280
874 1163
876 1158
878 1163
880 1163
882 1130
884 1187
886 1187
888 1393
890 1399
892 1290
894 1267
896 1373
898 1302
900 1227
902 1235
904 1194
906 1193
908 1192
910 1220
912 1272
914 1195
916 1192
918 1192
920 1197
922 1196
924 1197
926 1198
928 1205
930 1195
932 1204
934 1206
936 1209
938 1197
940 1205
942 1198
944 1193
946 1197
948 1193
950 1192
952 1192
954 1197
956 1193
958 1192
960 1161
962 1161
964 1161
966 1226
968 1234
970 1160
972 1160
974 1160
976 1160
978 1160
980 1315
982 1205
984 1183
986 1481
988 1604
990 1203
992 1195
994 1207
996 1192
998 1193
1000 2564
1002 2608
1004 2340
1006 2339
1008 2415
1010 2338
1012 2370
1014 2295
1016 2275
1018 2275
1020 2373
1022 2232
1024 2346
1026 2319
1028 2219
1030 2350
1032 2218
1034 2217
1036 2301
1038 2212
1040 2298
1042 2216
1044 2220
1046 2219
1048 2219
1050 2219
1052 2219
1054 2217
1056 2252
1058 2254
1060 2218
1062 2363
1064 2215
1066 2217
1068 2290
1070 2303
1072 2215
1074 2326
1076 2293
1078 2293
1080 2217
1082 2216
1084 2250
1086 2213
1088 2216
1090 2290
1092 2217
1094 2253
1096 2252
1098 2213
1100 2326
1102 2216
1104 2217
1106 2253
1108 2729
1110 2560
1112 2368
1114 2347
1116 2338
1118 2346
1120 2376
1122 2311
1124 2315
1126 2330
1128 2275
1130 2274
1132 2271
1134 2309
1136 2629
1138 2534
1140 2499
1142 2274
1144 2274
1146 2305
1148 2357
1150 2274
1152 2274
1154 2275
1156 2339
1158 2382
1160 2219
1162 2295
1164 2290
1166 2216
1168 2213
1170 2217
1172 2216
1174 2216
1176 2219
1178 2308
1180 2216
1182 2401
1184 2216
1186 2216
1188 2216
1190 2217
1192 2218
1194 2217
1196 2213
1198 2249
1200 2216
1202 2250
1204 2218
1206 2213
1208 2291
1210 2253
1212 2217
1214 2251
1216 2252
1218 2218
1220 2253
1222 2328
1224 2216
1226 2216
1228 2216
1230 2254
1232 2219
1234 2326
1236 2216
1238 2252
1240 2252
1242 2401
1244 2215
1246 2321
1248 2219
1250 2219
1252 2684
1254 2626
1256 2628
1258 2473
1260 2339
1262 2340
1264 2331
1266 2275
1268 2311
1270 2275
1272 2275
1274 2313
1276 2235
1278 2216
1280 2217
1282 2213
1284 2436
1286 2464
1288 2275
1290 2347
1292 2264
1294 2293
1296 2292
1298 2363
1300 2215
1302 2252
1304 2296
1306 2335
1308 2216
1310 2292
1312 2250
1314 2216
1316 2216
1318 2254
1320 2254
1322 2218
1324 2253
1326 2288
1328 2218
1330 2328
1332 2215
1334 2216
1336 2215
1338 2216
1340 2256
1342 2219
1344 2216
1346 2216
1348 2216
1350 2216
1352 2218
1354 2216
1356 2284
1358 2293
1360 2216
1362 2292
1364 2217
1366 2217
1368 2540
1370 2536
1372 2328
1374 2338
1376 2476
1378 2891
1380 2346
1382 2421
1384 2355
1386 2342
1388 2457
1390 2340
1392 2339
1394 2397
1396 2341
1398 2337
1400 2332
1402 2421
1404 2275
1406 2311
1408 2318
1410 2277
1412 2273
1414 2280
1416 2540
1418 2255
1420 2251
1422 2247
1424 2414
1426 2571
1428 2265
1430 2274
1432 2304
1434 2409
1436 2274
1438 2274
1440 2312
1442 2275
1444 2339
1446 2252
1448 2219
1450 2293
1452 2219
1454 2309
1456 2269
1458 2292
1460 2369
1462 2219
1464 2325
1466 2299
1468 2214
1470 2253
1472 2349
1474 2449
1476 2420
1478 2349
1480 2414
1482 2651
1484 2396
1486 2335
1488 2366
1490 2362
1492 2346
1494 2462
1496 2395
1498 2344
1500 2337
1502 2366
1504 2337
1506 2275
1508 2275
1510 2275
1512 2217
1514 2216
1516 2255
1518 2291
1520 2216
1522 2334
1524 2216
1526 2217
1528 2301
1530 2215
1532 2216
1534 2216
1536 2215
1538 2219
1540 2213
1542 2216
1544 2216
1546 2367
1548 2312
1550 2337
1552 2277
1554 2276
1556 2316
1558 2217
1560 2253
1562 2293
1564 2219
1566 2391
1568 2217
1570 2216
1572 2329
1574 2304
1576 2215
1578 2216
1580 2216
1582 2237
1584 2212
1586 2343
1588 2275
1590 2276
1592 2364
1594 2215
1596 2219
1598 2327
1600 2217
1602 2217
1604 2440
1606 2216
1608 2252
1610 2395
1612 2217
1614 2217
1616 2293
1618 2217
1620 2252
1622 2254
1624 2287
1626 2216
1628 2300
1630 2370
1632 2219
1634 2276
1636 2216
1638 2216
1640 2237
1642 2252
1644 2255
1646 2253
1648 2216
1650 2219
1652 2327
1654 2216
1656 2217
1658 2215
1660 2251
1662 2372
1664 2219
1666 2295
1668 2254
1670 2217
1672 2429
1674 2215
1676 2216
1678 2215
1680 2216
1682 2217
1684 2252
1686 2215
1688 2215
1690 2251
1692 2324
1694 2216
1696 2217
1698 2287
1700 2566
1702 2277
1704 2358
1706 2276
1708 2437
1710 2467
1712 2312
1714 2275
1716 2277
1718 2414
1720 2274
1722 2275
1724 2294
1726 2278
1728 2414
1730 2213
1732 2290
1734 2292
1736 2345
1738 2253
1740 2249
1742 2217
1744 2290
1746 2329
1748 2294
1750 2217
1752 2217
1754 2218
1756 2213
1758 2290
1760 2293
1762 2220
1764 2323
1766 2353
1768 2253
1770 2275
1772 2277
1774 2308
1776 2275
1778 2275
1780 2235
1782 2254
1784 2289
1786 2213
1788 2218
1790 2253
1792 2216
1794 2218
1796 2250
1798 2219
1800 2217
1802 2368
1804 2219
1806 2291
1808 2215
1810 2292
1812 2218
1814 2217
1816 2442
1818 2290
1820 2272
1822 2279
1824 2278
1826 2273
1828 2348
1830 2275
1832 2256
1834 2291
1836 2219
1838 2290
1840 2327
1842 2216
1844 2296
1846 2255
1848 2291
1850 2253
1852 2217
1854 2216
1856 2216
1858 2217
1860 2216
1862 2216
1864 2251
1866 2253
1868 2287
1870 2325
1872 2293
1874 2351
1876 2253
1878 2253
1880 2256
1882 2272
1884 2252
1886 2216
1888 2216
1890 2290
1892 2217
1894 2216
1896 2217
1898 2253
1900 2288
1902 2219
1904 2290
1906 2330
1908 2400
1910 2438
1912 2275
1914 2272
1916 2275
1918 2232
1920 2291
1922 2254
1924 2290
1926 2216
1928 2252
1930 2292
1932 2216
1934 2217
1936 2216
1938 2254
1940 2216
1942 2217
1944 2218
1946 2216
1948 2328
1950 2218
1952 2214
1954 2288
1956 2218
1958 2217
1960 2336
1962 2216
1964 2291
1966 2254
1968 2254
1970 2217
1972 2253
1974 2292
1976 2217
1978 2216
1980 2218
1982 2216
1984 2216
1986 2217
1988 2542
1990 2415
1992 2392
1994 2413
1996 2369
1998 2276
2000 4582
