2 115
4 104
6 104
8 102
10 101
12 101
14 178
16 118
18 116
20 115
22 115
24 115
26 115
28 115
30 116
32 193
34 138
36 138
38 137
40 138
42 138
44 138
46 138
48 157
50 155
52 138
54 138
56 138
58 153
60 142
62 174
64 206
66 206
68 223
70 206
72 206
74 206
76 206
78 206
80 206
82 206
84 206
86 206
88 208
90 206
92 206
94 206
96 206
98 206
100 206
102 206
104 206
106 206
108 206
110 206
112 206
114 226
116 212
118 277
120 322
122 228
124 240
126 337
128 337
130 337
132 337
134 337
136 337
138 337
140 337
142 337
144 337
146 337
148 337
150 337
152 340
154 337
156 337
158 337
160 337
162 337
164 337
166 337
168 337
170 337
172 337
174 337
176 408
178 338
180 337
182 339
184 337
186 337
188 338
190 338
192 338
194 338
196 338
198 338
200 338
202 338
204 337
206 338
208 403
210 329
212 330
214 329
216 329
218 329
220 329
222 329
224 328
226 329
228 329
230 329
232 329
234 338
236 338
238 338
240 338
242 352
244 337
246 337
248 337
250 611
252 647
254 609
256 608
258 643
260 609
262 609
264 646
266 609
268 609
270 608
272 609
274 609
276 607
278 646
280 609
282 662
284 680
286 748
288 766
290 634
292 608
294 608
296 610
298 610
300 610
302 754
304 610
306 610
308 609
310 698
312 626
314 643
316 609
318 608
320 610
322 631
324 609
326 643
328 608
330 609
332 608
334 608
336 608
338 643
340 607
342 609
344 644
346 610
348 610
350 610
352 610
354 610
356 610
358 611
360 610
362 610
364 610
366 610
368 593
370 593
372 592
374 592
376 593
378 594
380 592
382 593
384 592
386 668
388 593
390 593
392 630
394 593
396 593
398 593
400 594
402 593
404 594
406 592
408 629
410 594
412 594
414 631
416 594
418 594
420 593
422 593
424 593
426 593
428 593
430 677
432 593
434 593
436 728
438 593
440 593
442 593
444 594
446 593
448 592
450 655
452 592
454 593
456 631
458 593
460 593
462 592
464 592
466 593
468 593
470 593
472 593
474 593
476 593
478 593
480 592
482 593
484 593
486 593
488 593
490 593
492 593
494 751
496 593
498 593
500 1131
502 1131
504 1131
506 1133
508 1187
510 1131
512 1196
514 1131
516 1131
518 1132
520 1168
522 1131
524 1131
526 1131
528 1131
530 1132
532 1210
534 1130
536 1130
538 1130
540 1204
542 1131
544 1168
546 1131
548 1131
550 1131
552 1132
554 1131
556 1193
558 1166
560 1131
562 1131
564 1131
566 1152
568 1372
570 1261
572 1130
574 1131
576 1131
578 1290
580 1131
582 1258
584 1132
586 1132
588 1156
590 1232
592 1160
594 1161
596 1161
598 1249
600 1131
602 1131
604 1131
606 1204
608 1169
610 1192
612 1131
614 1173
616 1133
618 1133
620 1132
622 1151
624 1131
626 1205
628 1131
630 1132
632 1130
634 1130
636 1169
638 1231
640 1133
642 1133
644 1133
646 1168
648 1131
650 1133
652 1133
654 1159
656 1163
658 1131
660 1132
662 1131
664 1130
666 1131
668 1165
670 1131
672 1132
674 1133
676 1133
678 1201
680 1167
682 1132
684 1132
686 1131
688 1131
690 1168
692 1131
694 1130
696 1131
698 1130
700 1131
702 1130
704 1167
706 1130
708 1131
710 1168
712 1132
714 1131
716 1131
718 1333
720 1161
722 1164
724 1161
726 1162
728 1161
730 1184
732 1133
734 1131
736 1308
738 1131
740 1131
742 1130
744 1167
746 1131
748 1129
750 1129
752 1132
754 1132
756 1131
758 1131
760 1131
762 1129
764 1205
766 1129
768 1130
770 1129
772 1130
774 1129
776 1130
778 1132
780 1167
782 1131
784 1129
786 1206
788 1129
790 1128
792 1128
794 1129
796 1129
798 1131
800 1129
802 1131
804 1131
806 1133
808 1132
810 1132
812 1129
814 1207
816 1131
818 1132
820 1129
822 1129
824 1166
826 1131
828 1163
830 1239
832 1166
834 1130
836 1129
838 1129
840 1130
842 1281
844 1161
846 1164
848 1162
850 1163
852 1202
854 1159
856 1227
858 1130
860 1130
862 1130
864 1229
866 1131
868 1284
870 1130
872 1130
874 1131
876 1168
878 1131
880 1132
882 1131
884 1169
886 1133
888 1130
890 1132
892 1128
894 1128
896 1203
898 1133
900 1129
902 1169
904 1130
906 1132
908 1131
910 1168
912 1131
914 1131
916 1128
918 1132
920 1128
922 1129
924 1133
926 1130
928 1131
930 1129
932 1131
934 1133
936 1131
938 1242
940 1130
942 1187
944 1129
946 1130
948 1129
950 1175
952 1163
954 1196
956 1161
958 1160
960 1198
962 1203
964 1162
966 1159
968 1161
970 1161
972 1196
974 1161
976 1219
978 1161
980 1161
982 1160
984 1207
986 1224
988 1161
990 1328
992 1200
994 1194
996 1199
998 1194
1000 2335
1002 2428
1004 2275
1006 2320
1008 2336
1010 2441
1012 2314
1014 2328
1016 2277
1018 2288
1020 2284
1022 2213
1024 2235
1026 2409
1028 2217
1030 2333
1032 2290
1034 2216
1036 2216
1038 2307
1040 2293
1042 2218
1044 2252
1046 2216
1048 2289
1050 2253
1052 2216
1054 2253
1056 2255
1058 2217
1060 2691
1062 2325
1064 2426
1066 2377
1068 2275
1070 2275
1072 2306
1074 2359
1076 2275
1078 2275
1080 2279
1082 2411
1084 2219
1086 2261
1088 2275
1090 2312
1092 2247
1094 2400
1096 2215
1098 2212
1100 2291
1102 2215
1104 2270
1106 2328
1108 2216
1110 2213
1112 2233
1114 2218
1116 2291
1118 2316
1120 2217
1122 2348
1124 2217
1126 2394
1128 2216
1130 2213
1132 2293
1134 2291
1136 2302
1138 2281
1140 2275
1142 2275
1144 2389
1146 2275
1148 2380
1150 2274
1152 2312
1154 2479
1156 2278
1158 2314
1160 2308
1162 2796
1164 2355
1166 2217
1168 2343
1170 2216
1172 2298
1174 2249
1176 2275
1178 2217
1180 2217
1182 2216
1184 2215
1186 2289
1188 2359
1190 2254
1192 2216
1194 2330
1196 2218
1198 2216
1200 2297
1202 2382
1204 2468
1206 2283
1208 2274
1210 2315
1212 2289
1214 2217
1216 2216
1218 2295
1220 2287
1222 2254
1224 2331
1226 2254
1228 2216
1230 2332
1232 2216
1234 2274
1236 2315
1238 2218
1240 2291
1242 2303
1244 2219
1246 2212
1248 2296
1250 2218
1252 2254
1254 2344
1256 2217
1258 2313
1260 2215
1262 2342
1264 2217
1266 2254
1268 2291
1270 2219
1272 2253
1274 2213
1276 2217
1278 2269
1280 2217
1282 2254
1284 2236
1286 2217
1288 2292
1290 2252
1292 2220
1294 2215
1296 2290
1298 2216
1300 2291
1302 2213
1304 2249
1306 2296
1308 2217
1310 2293
1312 2253
1314 2418
1316 2327
1318 2455
1320 2216
1322 2357
1324 2334
1326 2419
1328 2539
1330 2431
1332 2391
1334 2357
1336 2339
1338 2275
1340 2275
1342 2275
1344 2381
1346 2472
1348 2372
1350 2430
1352 2274
1354 2274
1356 2378
1358 2308
1360 2214
1362 2217
1364 2254
1366 2215
1368 2213
1370 2253
1372 2366
1374 2253
1376 2251
1378 2216
1380 2251
1382 2216
1384 2216
1386 2216
1388 2311
1390 2251
1392 2255
1394 2216
1396 2258
1398 2218
1400 2219
1402 2289
1404 2216
1406 2216
1408 2217
1410 2214
1412 2252
1414 2218
1416 2325
1418 2219
1420 2357
1422 2829
1424 2275
1426 2427
1428 2397
1430 2454
1432 2275
1434 2343
1436 2383
1438 2278
1440 2353
1442 2273
1444 2274
1446 2254
1448 2238
1450 2293
1452 2254
1454 2292
1456 2217
1458 2292
1460 2217
1462 2276
1464 2216
1466 2253
1468 2240
1470 2216
1472 2215
1474 2254
1476 2216
1478 3225
1480 3085
1482 3129
1484 2377
1486 2387
1488 2338
1490 2336
1492 2338
1494 2350
1496 2299
1498 2274
1500 2274
1502 2428
1504 2336
1506 2559
1508 2594
1510 2414
1512 2425
1514 2353
1516 2420
1518 2421
1520 2363
1522 2372
1524 2351
1526 2342
1528 2365
1530 2335
1532 2373
1534 2364
1536 2336
1538 2275
1540 2317
1542 2577
1544 2376
1546 2335
1548 2367
1550 2332
1552 2402
1554 2487
1556 2362
1558 2464
1560 2414
1562 2342
1564 2370
1566 2424
1568 2369
1570 2354
1572 2381
1574 2384
1576 2314
1578 2277
1580 2276
1582 2278
1584 2277
1586 2275
1588 2250
1590 2252
1592 2214
1594 2215
1596 2295
1598 2217
1600 2287
1602 2219
1604 2219
1606 2257
1608 2216
1610 2215
1612 2217
1614 2216
1616 2218
1618 2723
1620 2290
1622 2263
1624 2279
1626 2694
1628 2420
1630 2275
1632 2275
1634 2274
1636 2278
1638 2327
1640 2305
1642 2410
1644 2272
1646 2278
1648 2274
1650 2217
1652 2292
1654 2217
1656 2329
1658 2216
1660 2217
1662 2254
1664 2256
1666 2294
1668 2322
1670 2216
1672 2255
1674 2258
1676 2213
1678 2217
1680 2291
1682 2219
1684 2306
1686 2217
1688 2292
1690 2215
1692 2252
1694 2292
1696 2219
1698 2219
1700 2252
1702 2216
1704 2217
1706 2325
1708 2254
1710 2217
1712 2290
1714 2217
1716 2478
1718 2217
1720 2213
1722 2463
1724 2217
1726 2216
1728 2293
1730 2220
1732 2328
1734 2270
1736 2216
1738 2253
1740 2216
1742 2218
1744 2293
1746 2217
1748 2217
1750 2291
1752 2217
1754 2213
1756 2216
1758 2217
1760 2217
1762 2217
1764 2218
1766 2291
1768 2219
1770 2271
1772 2217
1774 2219
1776 2523
1778 2272
1780 2275
1782 2310
1784 2217
1786 2253
1788 2252
1790 2218
1792 2216
1794 2326
1796 2214
1798 2214
1800 2216
1802 2213
1804 2299
1806 2219
1808 2252
1810 2393
1812 2217
1814 2287
1816 2219
1818 2221
1820 2293
1822 2215
1824 2292
1826 2250
1828 2216
1830 2213
1832 2214
1834 2292
1836 2217
1838 2216
1840 2217
1842 2256
1844 2218
1846 2293
1848 2217
1850 2217
1852 2251
1854 2792
1856 2301
1858 2371
1860 2274
1862 2275
1864 2301
1866 2274
1868 2275
1870 2274
1872 2309
1874 2216
1876 2339
1878 2213
1880 2329
1882 2325
1884 2218
1886 2219
1888 2255
1890 2216
1892 2479
1894 2327
1896 2370
1898 2376
1900 2335
1902 2277
1904 2281
1906 2299
1908 2217
1910 2288
1912 2216
1914 2611
1916 2351
1918 2253
1920 2278
1922 2303
1924 2432
1926 2344
1928 2216
1930 2215
1932 2278
1934 2398
1936 2299
1938 2220
1940 2221
1942 2219
1944 2251
1946 2322
1948 2216
1950 2346
1952 2216
1954 2216
1956 2325
1958 2216
1960 2330
1962 2213
1964 2268
1966 2216
1968 2217
1970 2219
1972 2291
1974 2218
1976 2250
1978 2216
1980 2435
1982 2252
1984 2217
1986 2219
1988 2252
1990 2216
1992 2216
1994 2364
1996 2251
1998 2213
2000 4476
