2 216
4 198
6 195
8 185
10 184
12 183
14 183
16 176
18 193
20 192
22 171
24 173
26 173
28 172
30 171
32 174
34 171
36 171
38 168
40 167
42 167
44 223
46 172
48 171
50 174
52 168
54 205
56 173
58 170
60 170
62 178
64 190
66 186
68 186
70 184
72 184
74 183
76 187
78 186
80 183
82 184
84 182
86 183
88 183
90 183
92 257
94 183
96 183
98 183
100 183
102 183
104 182
106 183
108 182
110 187
112 184
114 184
116 183
118 183
120 183
122 183
124 182
126 236
128 235
130 235
132 235
134 308
136 235
138 234
140 234
142 234
144 235
146 234
148 234
150 234
152 234
154 234
156 234
158 234
160 234
162 234
164 235
166 235
168 235
170 234
172 234
174 234
176 234
178 234
180 234
182 235
184 234
186 235
188 302
190 234
192 234
194 234
196 236
198 234
200 234
202 234
204 234
206 235
208 235
210 235
212 234
214 235
216 234
218 234
220 234
222 235
224 235
226 235
228 235
230 235
232 234
234 235
236 235
238 235
240 234
242 234
244 234
246 259
248 240
250 365
252 363
254 365
256 364
258 363
260 363
262 364
264 364
266 364
268 363
270 364
272 363
274 363
276 363
278 363
280 399
282 364
284 364
286 363
288 363
290 364
292 364
294 364
296 363
298 363
300 363
302 364
304 364
306 363
308 364
310 354
312 354
314 355
316 354
318 354
320 354
322 426
324 354
326 354
328 354
330 355
332 354
334 354
336 355
338 354
340 354
342 356
344 378
346 456
348 527
350 356
352 354
354 371
356 354
358 354
360 364
362 365
364 363
366 364
368 363
370 460
372 384
374 364
376 364
378 363
380 364
382 364
384 364
386 364
388 364
390 364
392 363
394 364
396 364
398 355
400 355
402 355
404 354
406 354
408 354
410 428
412 354
414 353
416 353
418 374
420 354
422 354
424 545
426 355
428 354
430 354
432 390
434 355
436 354
438 354
440 354
442 354
444 354
446 354
448 353
450 354
452 354
454 354
456 354
458 354
460 353
462 354
464 354
466 354
468 354
470 354
472 437
474 354
476 354
478 354
480 354
482 354
484 355
486 354
488 390
490 354
492 354
494 354
496 354
498 354
500 606
502 606
504 605
506 677
508 604
510 604
512 604
514 604
516 604
518 603
520 604
522 604
524 604
526 604
528 604
530 605
532 604
534 605
536 605
538 605
540 604
542 605
544 605
546 761
548 605
550 605
552 605
554 604
556 606
558 605
560 605
562 605
564 604
566 605
568 605
570 605
572 604
574 605
576 624
578 605
580 605
582 604
584 604
586 604
588 604
590 604
592 604
594 604
596 641
598 604
600 605
602 604
604 679
606 658
608 605
610 606
612 604
614 605
616 604
618 605
620 605
622 605
624 605
626 604
628 604
630 604
632 603
634 603
636 604
638 604
640 604
642 604
644 605
646 736
648 606
650 606
652 605
654 605
656 606
658 677
660 605
662 605
664 605
666 604
668 606
670 679
672 605
674 606
676 604
678 604
680 605
682 604
684 604
686 604
688 605
690 606
692 642
694 605
696 605
698 605
700 605
702 604
704 605
706 604
708 605
710 604
712 606
714 604
716 661
718 606
720 625
722 639
724 605
726 604
728 604
730 604
732 605
734 742
736 605
738 605
740 605
742 605
744 605
746 855
748 683
750 621
752 620
754 620
756 737
758 620
760 649
762 710
764 621
766 620
768 620
770 620
772 620
774 621
776 621
778 620
780 641
782 605
784 605
786 604
788 646
790 604
792 605
794 604
796 645
798 605
800 605
802 605
804 604
806 604
808 604
810 604
812 604
814 605
816 605
818 661
820 734
822 604
824 604
826 604
828 605
830 605
832 604
834 604
836 606
838 605
840 631
842 605
844 605
846 607
848 605
850 604
852 678
854 604
856 604
858 606
860 604
862 604
864 604
866 604
868 756
870 604
872 604
874 604
876 604
878 604
880 644
882 605
884 605
886 604
888 604
890 604
892 667
894 604
896 604
898 605
900 605
902 606
904 604
906 605
908 605
910 605
912 605
914 605
916 604
918 604
920 604
922 604
924 605
926 604
928 604
930 678
932 604
934 604
936 641
938 606
940 605
942 605
944 718
946 606
948 641
950 604
952 604
954 605
956 608
958 604
960 677
962 604
964 605
966 605
968 607
970 604
972 677
974 604
976 604
978 604
980 641
982 605
984 641
986 605
988 605
990 642
992 604
994 604
996 640
998 604
1000 1137
1002 1135
1004 1136
1006 1136
1008 1136
1010 1208
1012 1134
1014 1134
1016 1169
1018 1133
1020 1133
1022 1170
1024 1134
1026 1134
1028 1134
1030 1208
1032 1153
1034 1170
1036 1168
1038 1169
1040 1166
1042 1165
1044 1224
1046 1209
1048 1283
1050 1251
1052 1171
1054 1169
1056 1168
1058 1207
1060 1167
1062 1168
1064 1138
1066 1140
1068 1167
1070 1266
1072 1167
1074 1168
1076 1167
1078 1167
1080 1137
1082 1135
1084 1248
1086 1136
1088 1135
1090 1210
1092 1172
1094 1135
1096 1172
1098 1135
1100 1137
1102 1137
1104 1136
1106 1255
1108 1137
1110 1172
1112 1137
1114 1136
1116 1137
1118 1138
1120 1136
1122 1173
1124 1139
1126 1137
1128 1172
1130 1136
1132 1136
1134 1136
1136 1276
1138 1211
1140 1136
1142 1137
1144 1137
1146 1137
1148 1174
1150 1137
1152 1137
1154 1303
1156 1206
1158 1179
1160 1139
1162 1216
1164 1212
1166 1172
1168 1171
1170 1168
1172 1141
1174 1139
1176 1176
1178 1140
1180 1138
1182 1176
1184 1178
1186 1142
1188 1141
1190 1138
1192 1141
1194 1138
1196 1140
1198 1138
1200 1137
1202 1138
1204 1136
1206 1138
1208 1174
1210 1135
1212 1135
1214 1138
1216 1136
1218 1136
1220 1153
1222 1136
1224 1214
1226 1137
1228 1136
1230 1209
1232 1172
1234 1212
1236 1136
1238 1137
1240 1172
1242 1136
1244 1137
1246 1155
1248 1136
1250 1134
1252 1134
1254 1136
1256 1135
1258 1135
1260 1423
1262 1139
1264 1273
1266 1168
1268 1194
1270 1201
1272 1200
1274 1183
1276 1167
1278 1167
1280 1136
1282 1267
1284 1139
1286 1138
1288 1216
1290 1173
1292 1137
1294 1155
1296 1209
1298 1136
1300 1136
1302 1247
1304 1136
1306 1173
1308 1138
1310 1135
1312 1135
1314 1135
1316 1136
1318 1136
1320 1136
1322 1136
1324 1136
1326 1210
1328 1135
1330 1135
1332 1135
1334 1172
1336 1136
1338 1136
1340 1247
1342 1136
1344 1136
1346 1139
1348 1137
1350 1135
1352 1135
1354 1135
1356 1136
1358 1135
1360 1136
1362 1136
1364 1135
1366 1226
1368 1137
1370 1136
1372 1172
1374 1136
1376 1136
1378 1219
1380 1136
1382 1135
1384 1136
1386 1136
1388 1136
1390 1136
1392 1138
1394 1214
1396 1136
1398 1137
1400 1135
1402 1136
1404 1135
1406 1135
1408 1136
1410 1153
1412 1136
1414 1135
1416 1172
1418 1210
1420 1135
1422 1135
1424 1135
1426 1135
1428 1135
1430 1135
1432 1135
1434 1136
1436 1138
1438 1136
1440 1137
1442 1275
1444 1171
1446 1205
1448 1238
1450 1289
1452 1156
1454 1167
1456 1198
1458 1277
1460 1141
1462 1139
1464 1169
1466 1169
1468 1169
1470 1137
1472 1140
1474 1139
1476 1140
1478 1173
1480 1139
1482 1139
1484 1173
1486 1136
1488 1137
1490 1137
1492 1210
1494 1138
1496 1136
1498 1137
1500 1136
1502 1137
1504 1135
1506 1135
1508 1174
1510 1136
1512 1172
1514 1173
1516 1172
1518 1284
1520 1137
1522 1246
1524 1172
1526 1137
1528 1137
1530 1137
1532 1139
1534 1137
1536 1136
1538 1174
1540 1137
1542 1136
1544 1136
1546 1137
1548 1137
1550 1135
1552 1136
1554 1173
1556 1135
1558 1137
1560 1138
1562 1137
1564 1137
1566 1137
1568 1136
1570 1137
1572 1137
1574 1135
1576 1212
1578 1136
1580 1136
1582 1136
1584 1136
1586 1137
1588 1139
1590 1137
1592 1172
1594 1136
1596 1136
1598 1172
1600 1135
1602 1135
1604 1136
1606 1135
1608 1191
1610 1135
1612 1136
1614 1135
1616 1135
1618 1138
1620 1133
1622 1131
1624 1166
1626 1128
1628 1127
1630 1202
1632 1127
1634 1127
1636 1186
1638 1126
1640 1163
1642 1126
1644 1127
1646 1126
1648 1126
1650 1125
1652 1126
1654 1127
1656 1127
1658 1126
1660 1127
1662 1126
1664 1128
1666 1126
1668 1201
1670 1126
1672 1126
1674 1162
1676 1127
1678 1126
1680 1126
1682 1127
1684 1126
1686 1126
1688 1127
1690 1128
1692 1127
1694 1132
1696 1202
1698 1129
1700 1132
1702 1131
1704 1130
1706 1128
1708 1127
1710 1128
1712 1221
1714 1129
1716 1164
1718 1128
1720 1128
1722 1201
1724 1128
1726 1127
1728 1127
1730 1390
1732 1250
1734 1130
1736 1194
1738 1266
1740 1161
1742 1158
1744 1188
1746 1206
1748 1128
1750 1127
1752 1127
1754 1251
1756 1126
1758 1126
1760 1127
1762 1129
1764 1128
1766 1201
1768 1126
1770 1126
1772 1127
1774 1127
1776 1165
1778 1146
1780 1128
1782 1126
1784 1128
1786 1127
1788 1126
1790 1149
1792 1126
1794 1127
1796 1129
1798 1163
1800 1127
1802 1128
1804 1188
1806 1280
1808 1127
1810 1158
1812 1157
1814 1157
1816 1128
1818 1126
1820 1146
1822 1126
1824 1125
1826 1126
1828 1125
1830 1171
1832 1126
1834 1163
1836 1165
1838 1146
1840 1127
1842 1239
1844 1163
1846 1128
1848 1163
1850 1167
1852 1198
1854 1156
1856 1158
1858 1156
1860 1156
1862 1164
1864 1126
1866 1126
1868 1126
1870 1126
1872 1126
1874 1126
1876 1206
1878 1129
1880 1195
1882 1160
1884 1198
1886 1162
1888 1157
1890 1244
1892 1127
1894 1127
1896 1276
1898 1164
1900 1129
1902 1130
1904 1165
1906 1127
1908 1129
1910 1238
1912 1127
1914 1126
1916 1142
1918 1126
1920 1164
1922 1128
1924 1164
1926 1305
1928 1203
1930 1156
1932 1274
1934 1156
1936 1188
1938 1188
1940 1188
1942 1194
1944 1194
1946 1157
1948 1164
1950 1127
1952 1165
1954 1126
1956 1126
1958 1126
1960 1200
1962 1127
1964 1128
1966 1164
1968 1126
1970 1168
1972 1162
1974 1126
1976 1163
1978 1126
1980 1125
1982 1128
1984 1163
1986 1127
1988 1127
1990 1162
1992 1160
1994 1128
1996 1127
1998 1237
2000 2296
