2 142
4 120
6 120
8 106
10 105
12 105
14 105
16 93
18 93
20 93
22 93
24 93
26 93
28 93
30 93
32 81
34 81
36 81
38 81
40 81
42 72
44 71
46 72
48 72
50 73
52 72
54 72
56 72
58 72
60 72
62 66
64 61
66 60
68 60
70 60
72 60
74 61
76 61
78 61
80 61
82 61
84 60
86 60
88 60
90 60
92 61
94 60
96 60
98 77
100 57
102 57
104 57
106 58
108 57
110 65
112 57
114 58
116 114
118 67
120 65
122 68
124 70
126 56
128 56
130 54
132 48
134 50
136 47
138 47
140 48
142 47
144 48
146 50
148 47
150 47
152 47
154 47
156 47
158 47
160 47
162 47
164 47
166 47
168 47
170 47
172 55
174 48
176 47
178 47
180 47
182 47
184 47
186 47
188 47
190 47
192 47
194 47
196 50
198 47
200 47
202 47
204 53
206 48
208 48
210 48
212 54
214 76
216 47
218 47
220 47
222 47
224 49
226 47
228 47
230 46
232 46
234 45
236 80
238 57
240 45
242 65
244 46
246 46
248 46
250 36
252 36
254 37
256 36
258 36
260 36
262 37
264 37
266 37
268 38
270 44
272 37
274 37
276 37
278 37
280 37
282 37
284 37
286 37
288 37
290 37
292 38
294 37
296 36
298 37
300 37
302 37
304 37
306 37
308 37
310 37
312 37
314 37
316 36
318 37
320 36
322 37
324 37
326 37
328 37
330 36
332 37
334 37
336 37
338 36
340 37
342 37
344 36
346 36
348 37
350 36
352 37
354 37
356 37
358 37
360 37
362 37
364 37
366 36
368 36
370 37
372 37
374 37
376 37
378 37
380 37
382 37
384 37
386 37
388 37
390 37
392 36
394 37
396 36
398 36
400 37
402 36
404 37
406 37
408 37
410 37
412 37
414 37
416 37
418 37
420 36
422 37
424 37
426 37
428 37
430 36
432 36
434 37
436 37
438 36
440 36
442 37
444 37
446 36
448 37
450 36
452 37
454 37
456 35
458 36
460 36
462 35
464 36
466 36
468 35
470 36
472 36
474 36
476 35
478 37
480 36
482 36
484 36
486 36
488 36
490 37
492 37
494 37
496 35
498 35
500 45
502 27
504 27
506 27
508 31
510 27
512 27
514 27
516 27
518 27
520 27
522 27
524 27
526 27
528 27
530 27
532 27
534 27
536 27
538 26
540 26
542 26
544 26
546 26
548 26
550 27
552 27
554 26
556 26
558 26
560 26
562 26
564 26
566 26
568 26
570 26
572 27
574 27
576 26
578 26
580 26
582 26
584 26
586 26
588 26
590 26
592 26
594 26
596 26
598 30
600 27
602 27
604 27
606 26
608 27
610 27
612 26
614 27
616 27
618 27
620 27
622 27
624 27
626 27
628 27
630 27
632 27
634 27
636 27
638 27
640 26
642 26
644 26
646 27
648 26
650 26
652 27
654 27
656 27
658 27
660 27
662 27
664 27
666 27
668 27
670 27
672 27
674 27
676 26
678 26
680 26
682 26
684 26
686 26
688 25
690 25
692 25
694 26
696 26
698 26
700 26
702 25
704 25
706 25
708 25
710 25
712 25
714 25
716 25
718 25
720 25
722 25
724 25
726 25
728 26
730 26
732 25
734 25
736 25
738 25
740 25
742 25
744 25
746 25
748 25
750 25
752 25
754 25
756 25
758 25
760 25
762 25
764 25
766 25
768 25
770 25
772 25
774 25
776 25
778 25
780 25
782 26
784 25
786 25
788 25
790 25
792 25
794 25
796 25
798 25
800 25
802 25
804 25
806 25
808 45
810 25
812 25
814 25
816 25
818 25
820 25
822 25
824 25
826 43
828 26
830 26
832 26
834 45
836 26
838 26
840 25
842 25
844 25
846 25
848 25
850 25
852 25
854 25
856 25
858 25
860 25
862 25
864 25
866 25
868 25
870 25
872 25
874 25
876 25
878 25
880 25
882 25
884 25
886 25
888 25
890 25
892 25
894 25
896 25
898 25
900 25
902 26
904 26
906 26
908 46
910 26
912 26
914 26
916 26
918 26
920 26
922 26
924 26
926 26
928 26
930 26
932 26
934 26
936 26
938 26
940 25
942 25
944 25
946 26
948 26
950 26
952 26
954 26
956 26
958 26
960 26
962 26
964 26
966 26
968 25
970 25
972 25
974 25
976 25
978 25
980 25
982 25
984 25
986 25
988 42
990 25
992 25
994 25
996 25
998 25
1000 16
1002 16
1004 16
1006 16
1008 35
1010 16
1012 16
1014 16
1016 16
1018 16
1020 16
1022 16
1024 16
1026 16
1028 16
1030 16
1032 16
1034 16
1036 16
1038 16
1040 16
1042 16
1044 16
1046 16
1048 16
1050 16
1052 16
1054 16
1056 16
1058 16
1060 16
1062 16
1064 16
1066 16
1068 16
1070 16
1072 32
1074 16
1076 16
1078 16
1080 21
1082 16
1084 16
1086 16
1088 16
1090 17
1092 17
1094 17
1096 17
1098 17
1100 17
1102 17
1104 17
1106 17
1108 17
1110 17
1112 17
1114 17
1116 17
1118 17
1120 17
1122 17
1124 17
1126 17
1128 17
1130 16
1132 16
1134 16
1136 16
1138 16
1140 16
1142 16
1144 16
1146 16
1148 16
1150 16
1152 16
1154 16
1156 16
1158 16
1160 16
1162 16
1164 16
1166 16
1168 16
1170 16
1172 16
1174 16
1176 16
1178 16
1180 16
1182 16
1184 16
1186 16
1188 16
1190 16
1192 16
1194 16
1196 16
1198 16
1200 16
1202 16
1204 16
1206 16
1208 16
1210 16
1212 16
1214 16
1216 16
1218 16
1220 16
1222 16
1224 16
1226 16
1228 16
1230 16
1232 16
1234 16
1236 16
1238 16
1240 16
1242 16
1244 16
1246 16
1248 16
1250 16
1252 16
1254 16
1256 16
1258 16
1260 16
1262 16
1264 16
1266 16
1268 16
1270 16
1272 16
1274 16
1276 16
1278 16
1280 16
1282 16
1284 17
1286 16
1288 16
1290 16
1292 16
1294 16
1296 16
1298 16
1300 16
1302 16
1304 16
1306 16
1308 16
1310 16
1312 16
1314 16
1316 16
1318 16
1320 16
1322 17
1324 16
1326 16
1328 16
1330 16
1332 16
1334 16
1336 16
1338 16
1340 16
1342 16
1344 16
1346 16
1348 16
1350 16
1352 16
1354 16
1356 26
1358 16
1360 17
1362 16
1364 16
1366 16
1368 16
1370 16
1372 16
1374 16
1376 16
1378 16
1380 16
1382 16
1384 16
1386 16
1388 16
1390 16
1392 16
1394 16
1396 16
1398 16
1400 16
1402 16
1404 16
1406 16
1408 16
1410 16
1412 33
1414 16
1416 16
1418 16
1420 16
1422 16
1424 17
1426 16
1428 16
1430 16
1432 16
1434 16
1436 16
1438 16
1440 16
1442 16
1444 16
1446 16
1448 16
1450 16
1452 16
1454 16
1456 16
1458 16
1460 16
1462 16
1464 16
1466 16
1468 16
1470 16
1472 16
1474 16
1476 16
1478 16
1480 16
1482 16
1484 16
1486 16
1488 16
1490 16
1492 16
1494 16
1496 16
1498 16
1500 16
1502 16
1504 16
1506 16
1508 16
1510 16
1512 16
1514 16
1516 16
1518 16
1520 16
1522 16
1524 16
1526 16
1528 16
1530 16
1532 16
1534 16
1536 16
1538 16
1540 16
1542 16
1544 16
1546 16
1548 16
1550 16
1552 16
1554 16
1556 16
1558 16
1560 16
1562 16
1564 16
1566 16
1568 16
1570 16
1572 16
1574 16
1576 16
1578 16
1580 16
1582 16
1584 16
1586 16
1588 16
1590 16
1592 16
1594 16
1596 16
1598 16
1600 16
1602 16
1604 16
1606 16
1608 16
1610 16
1612 16
1614 16
1616 16
1618 16
1620 16
1622 16
1624 16
1626 16
1628 16
1630 16
1632 16
1634 16
1636 16
1638 16
1640 16
1642 16
1644 16
1646 33
1648 16
1650 16
1652 16
1654 16
1656 16
1658 16
1660 17
1662 16
1664 16
1666 17
1668 17
1670 17
1672 16
1674 16
1676 16
1678 16
1680 16
1682 16
1684 16
1686 16
1688 16
1690 16
1692 16
1694 16
1696 16
1698 16
1700 16
1702 16
1704 16
1706 33
1708 16
1710 16
1712 16
1714 16
1716 16
1718 16
1720 16
1722 16
1724 16
1726 16
1728 16
1730 16
1732 16
1734 16
1736 16
1738 16
1740 33
1742 16
1744 16
1746 16
1748 16
1750 16
1752 16
1754 16
1756 16
1758 16
1760 16
1762 16
1764 16
1766 16
1768 16
1770 35
1772 17
1774 16
1776 16
1778 16
1780 16
1782 16
1784 16
1786 16
1788 16
1790 16
1792 16
1794 16
1796 16
1798 16
1800 16
1802 16
1804 16
1806 16
1808 16
1810 16
1812 16
1814 16
1816 16
1818 16
1820 16
1822 16
1824 16
1826 16
1828 16
1830 16
1832 16
1834 16
1836 16
1838 16
1840 16
1842 16
1844 16
1846 16
1848 16
1850 16
1852 16
1854 16
1856 16
1858 16
1860 16
1862 16
1864 16
1866 16
1868 16
1870 16
1872 16
1874 16
1876 16
1878 16
1880 16
1882 16
1884 16
1886 16
1888 16
1890 16
1892 16
1894 16
1896 16
1898 16
1900 16
1902 16
1904 16
1906 16
1908 16
1910 16
1912 31
1914 16
1916 16
1918 16
1920 16
1922 16
1924 16
1926 16
1928 16
1930 16
1932 17
1934 16
1936 16
1938 16
1940 17
1942 17
1944 17
1946 17
1948 17
1950 16
1952 16
1954 16
1956 16
1958 16
1960 16
1962 16
1964 16
1966 16
1968 16
1970 16
1972 16
1974 16
1976 16
1978 16
1980 16
1982 16
1984 16
1986 16
1988 16
1990 16
1992 16
1994 36
1996 16
1998 16
2000 7
