2 240
4 221
6 220
8 206
10 205
12 205
14 204
16 197
18 192
20 191
22 191
24 191
26 191
28 190
30 190
32 172
34 171
36 169
38 169
40 168
42 169
44 168
46 193
48 178
50 174
52 174
54 190
56 172
58 173
60 173
62 186
64 193
66 195
68 194
70 194
72 190
74 194
76 194
78 193
80 191
82 189
84 189
86 227
88 192
90 189
92 189
94 190
96 189
98 189
100 189
102 188
104 189
106 189
108 189
110 189
112 202
114 183
116 183
118 184
120 184
122 184
124 184
126 237
128 239
130 237
132 237
134 236
136 235
138 236
140 236
142 243
144 262
146 280
148 242
150 243
152 242
154 242
156 243
158 243
160 243
162 242
164 243
166 243
168 243
170 243
172 243
174 243
176 242
178 243
180 243
182 242
184 242
186 241
188 243
190 242
192 242
194 243
196 243
198 243
200 278
202 242
204 242
206 243
208 243
210 242
212 278
214 242
216 243
218 243
220 333
222 265
224 240
226 236
228 240
230 237
232 236
234 352
236 246
238 242
240 242
242 242
244 242
246 292
248 242
250 367
252 367
254 403
256 366
258 366
260 366
262 366
264 367
266 366
268 366
270 367
272 366
274 366
276 368
278 367
280 367
282 367
284 367
286 366
288 366
290 366
292 367
294 367
296 367
298 394
300 357
302 357
304 356
306 357
308 357
310 357
312 377
314 357
316 357
318 357
320 357
322 357
324 358
326 358
328 395
330 358
332 359
334 359
336 357
338 357
340 357
342 358
344 358
346 357
348 357
350 357
352 357
354 356
356 357
358 357
360 487
362 496
364 440
366 436
368 456
370 357
372 366
374 468
376 368
378 367
380 368
382 367
384 366
386 366
388 366
390 367
392 366
394 365
396 427
398 410
400 407
402 367
404 369
406 368
408 367
410 366
412 366
414 365
416 367
418 366
420 401
422 366
424 366
426 366
428 376
430 429
432 357
434 399
436 356
438 357
440 357
442 356
444 432
446 357
448 356
450 356
452 357
454 356
456 356
458 357
460 357
462 356
464 375
466 356
468 357
470 357
472 358
474 357
476 357
478 357
480 357
482 357
484 433
486 357
488 357
490 357
492 412
494 357
496 357
498 357
500 609
502 609
504 609
506 609
508 609
510 609
512 608
514 608
516 703
518 896
520 645
522 609
524 624
526 624
528 624
530 624
532 653
534 625
536 626
538 625
540 627
542 626
544 626
546 609
548 608
550 608
552 608
554 665
556 608
558 608
560 646
562 608
564 608
566 608
568 607
570 646
572 685
574 608
576 608
578 608
580 646
582 610
584 609
586 646
588 607
590 607
592 608
594 608
596 623
598 608
600 609
602 609
604 610
606 608
608 609
610 608
612 609
614 609
616 609
618 609
620 609
622 608
624 608
626 610
628 609
630 609
632 609
634 608
636 608
638 608
640 609
642 609
644 608
646 608
648 670
650 608
652 608
654 608
656 644
658 608
660 608
662 609
664 715
666 608
668 608
670 609
672 609
674 625
676 645
678 608
680 645
682 608
684 609
686 640
688 607
690 607
692 609
694 608
696 647
698 715
700 607
702 608
704 608
706 608
708 644
710 626
712 608
714 609
716 608
718 608
720 607
722 713
724 606
726 607
728 605
730 606
732 606
734 643
736 607
738 605
740 606
742 606
744 606
746 643
748 605
750 605
752 606
754 679
756 606
758 644
760 606
762 606
764 605
766 605
768 606
770 606
772 606
774 606
776 836
778 607
780 606
782 643
784 662
786 622
788 622
790 621
792 621
794 655
796 636
798 606
800 606
802 643
804 606
806 607
808 606
810 606
812 605
814 606
816 606
818 642
820 605
822 774
824 605
826 605
828 605
830 623
832 622
834 621
836 622
838 658
840 624
842 605
844 678
846 606
848 606
850 606
852 683
854 606
856 606
858 606
860 644
862 605
864 695
866 605
868 605
870 606
872 605
874 643
876 642
878 606
880 622
882 606
884 605
886 606
888 605
890 606
892 606
894 677
896 606
898 605
900 605
902 642
904 606
906 606
908 606
910 605
912 605
914 606
916 606
918 607
920 605
922 605
924 749
926 606
928 607
930 606
932 607
934 606
936 642
938 605
940 608
942 605
944 605
946 605
948 677
950 605
952 605
954 642
956 605
958 605
960 625
962 607
964 676
966 605
968 605
970 644
972 625
974 606
976 605
978 606
980 606
982 606
984 644
986 607
988 680
990 606
992 606
994 606
996 643
998 606
1000 1152
1002 1152
1004 1187
1006 1187
1008 1150
1010 1186
1012 1188
1014 1151
1016 1221
1018 1150
1020 1151
1022 1222
1024 1150
1026 1151
1028 1188
1030 1149
1032 1150
1034 1349
1036 1194
1038 1183
1040 1183
1042 1292
1044 1299
1046 1154
1048 1183
1050 1236
1052 1247
1054 1183
1056 1212
1058 1183
1060 1255
1062 1150
1064 1226
1066 1153
1068 1153
1070 1217
1072 1182
1074 1180
1076 1217
1078 1462
1080 1151
1082 1189
1084 1150
1086 1184
1088 1184
1090 1181
1092 1181
1094 1182
1096 1182
1098 1150
1100 1151
1102 1150
1104 1150
1106 1151
1108 1150
1110 1149
1112 1151
1114 1150
1116 1151
1118 1150
1120 1149
1122 1224
1124 1150
1126 1221
1128 1150
1130 1150
1132 1150
1134 1150
1136 1152
1138 1188
1140 1151
1142 1154
1144 1154
1146 1154
1148 1152
1150 1152
1152 1151
1154 1188
1156 1150
1158 1151
1160 1150
1162 1150
1164 1150
1166 1151
1168 1149
1170 1149
1172 1149
1174 1169
1176 1221
1178 1150
1180 1151
1182 1187
1184 1257
1186 1150
1188 1150
1190 1186
1192 1150
1194 1150
1196 1187
1198 1153
1200 1152
1202 1169
1204 1151
1206 1150
1208 1155
1210 1152
1212 1191
1214 1150
1216 1150
1218 1150
1220 1187
1222 1150
1224 1190
1226 1188
1228 1150
1230 1152
1232 1186
1234 1150
1236 1152
1238 1150
1240 1150
1242 1152
1244 1151
1246 1149
1248 1149
1250 1150
1252 1149
1254 1151
1256 1149
1258 1186
1260 1149
1262 1151
1264 1245
1266 1150
1268 1219
1270 1149
1272 1149
1274 1149
1276 1150
1278 1154
1280 1152
1282 1262
1284 1153
1286 1152
1288 1292
1290 1185
1292 1303
1294 1213
1296 1213
1298 1215
1300 1215
1302 1180
1304 1194
1306 1187
1308 1150
1310 1152
1312 1188
1314 1150
1316 1151
1318 1152
1320 1260
1322 1185
1324 1185
1326 1210
1328 1181
1330 1190
1332 1153
1334 1152
1336 1188
1338 1154
1340 1155
1342 1152
1344 1270
1346 1206
1348 1152
1350 1310
1352 1154
1354 1153
1356 1151
1358 1188
1360 1226
1362 1152
1364 1152
1366 1152
1368 1182
1370 1151
1372 1151
1374 1152
1376 1150
1378 1152
1380 1151
1382 1150
1384 1150
1386 1150
1388 1150
1390 1152
1392 1151
1394 1150
1396 1151
1398 1150
1400 1187
1402 1152
1404 1149
1406 1223
1408 1149
1410 1148
1412 1151
1414 1149
1416 1149
1418 1189
1420 1150
1422 1149
1424 1134
1426 1133
1428 1132
1430 1132
1432 1132
1434 1130
1436 1130
1438 1130
1440 1131
1442 1131
1444 1166
1446 1130
1448 1168
1450 1186
1452 1131
1454 1132
1456 1130
1458 1130
1460 1215
1462 1129
1464 1130
1466 1130
1468 1280
1470 1192
1472 1160
1474 1160
1476 1161
1478 1130
1480 1130
1482 1203
1484 1130
1486 1130
1488 1130
1490 1132
1492 1130
1494 1130
1496 1129
1498 1224
1500 1130
1502 1130
1504 1161
1506 1130
1508 1130
1510 1129
1512 1130
1514 1201
1516 1131
1518 1203
1520 1167
1522 1129
1524 1166
1526 1129
1528 1129
1530 1129
1532 1241
1534 1128
1536 1129
1538 1222
1540 1132
1542 1132
1544 1133
1546 1193
1548 1167
1550 1168
1552 1167
1554 1130
1556 1130
1558 1130
1560 1130
1562 1130
1564 1130
1566 1130
1568 1130
1570 1130
1572 1129
1574 1129
1576 1129
1578 1303
1580 1213
1582 1161
1584 1161
1586 1321
1588 1130
1590 1186
1592 1132
1594 1130
1596 1130
1598 1130
1600 1129
1602 1170
1604 1129
1606 1261
1608 1235
1610 1163
1612 1162
1614 1161
1616 1192
1618 1164
1620 1163
1622 1162
1624 1160
1626 1134
1628 1171
1630 1133
1632 1133
1634 1131
1636 1276
1638 1133
1640 1132
1642 1133
1644 1253
1646 1135
1648 1156
1650 1162
1652 1162
1654 1160
1656 1162
1658 1161
1660 1131
1662 1168
1664 1202
1666 1130
1668 1131
1670 1204
1672 1130
1674 1166
1676 1130
1678 1129
1680 1202
1682 1131
1684 1131
1686 1166
1688 1131
1690 1129
1692 1129
1694 1129
1696 1204
1698 1130
1700 1167
1702 1167
1704 1136
1706 1210
1708 1169
1710 1132
1712 1131
1714 1132
1716 1131
1718 1130
1720 1132
1722 1130
1724 1129
1726 1131
1728 1169
1730 1168
1732 1130
1734 1235
1736 1130
1738 1130
1740 1167
1742 1130
1744 1130
1746 1130
1748 1130
1750 1130
1752 1130
1754 1148
1756 1130
1758 1130
1760 1131
1762 1168
1764 1159
1766 1160
1768 1158
1770 1130
1772 1167
1774 1130
1776 1129
1778 1167
1780 1129
1782 1204
1784 1130
1786 1167
1788 1203
1790 1130
1792 1129
1794 1129
1796 1130
1798 1129
1800 1129
1802 1205
1804 1148
1806 1167
1808 1131
1810 1166
1812 1129
1814 1130
1816 1129
1818 1194
1820 1130
1822 1128
1824 1131
1826 1131
1828 1131
1830 1132
1832 1131
1834 1131
1836 1130
1838 1129
1840 1204
1842 1131
1844 1148
1846 1131
1848 1170
1850 1134
1852 1133
1854 1205
1856 1131
1858 1131
1860 1202
1862 1132
1864 1134
1866 1132
1868 1131
1870 1130
1872 1166
1874 1131
1876 1184
1878 1132
1880 1167
1882 1131
1884 1130
1886 1257
1888 1132
1890 1131
1892 1131
1894 1131
1896 1166
1898 1256
1900 1130
1902 1192
1904 1260
1906 1164
1908 1163
1910 1192
1912 1162
1914 1135
1916 1172
1918 1280
1920 1172
1922 1209
1924 1132
1926 1207
1928 1168
1930 1131
1932 1129
1934 1129
1936 1204
1938 1130
1940 1130
1942 1130
1944 1130
1946 1130
1948 1129
1950 1166
1952 1130
1954 1130
1956 1130
1958 1131
1960 1130
1962 1132
1964 1131
1966 1167
1968 1238
1970 1131
1972 1261
1974 1166
1976 1130
1978 1129
1980 1129
1982 1172
1984 1131
1986 1131
1988 1150
1990 1167
1992 1131
1994 1131
1996 1130
1998 1130
2000 2247
