2 116
4 104
6 104
8 101
10 100
12 100
14 100
16 109
18 109
20 109
22 110
24 109
26 110
28 108
30 108
32 157
34 138
36 137
38 138
40 138
42 138
44 138
46 138
48 138
50 138
52 138
54 138
56 155
58 141
60 141
62 173
64 206
66 247
68 206
70 206
72 206
74 206
76 206
78 206
80 206
82 206
84 206
86 206
88 206
90 206
92 206
94 206
96 206
98 206
100 206
102 206
104 206
106 206
108 206
110 205
112 222
114 206
116 206
118 207
120 206
122 206
124 231
126 337
128 337
130 337
132 360
134 339
136 337
138 338
140 337
142 361
144 328
146 328
148 401
150 329
152 329
154 329
156 328
158 328
160 329
162 329
164 328
166 328
168 328
170 328
172 328
174 328
176 328
178 329
180 328
182 376
184 329
186 328
188 328
190 330
192 338
194 338
196 337
198 337
200 337
202 337
204 380
206 338
208 338
210 338
212 352
214 337
216 338
218 338
220 337
222 338
224 338
226 339
228 338
230 373
232 478
234 328
236 328
238 329
240 328
242 328
244 418
246 329
248 328
250 610
252 737
254 609
256 610
258 610
260 717
262 630
264 647
266 610
268 610
270 608
272 608
274 608
276 611
278 608
280 609
282 609
284 608
286 653
288 608
290 611
292 610
294 609
296 610
298 609
300 645
302 609
304 609
306 647
308 593
310 594
312 594
314 594
316 595
318 594
320 594
322 631
324 593
326 593
328 593
330 593
332 593
334 594
336 593
338 593
340 594
342 594
344 594
346 594
348 595
350 667
352 593
354 593
356 593
358 593
360 593
362 593
364 693
366 693
368 609
370 609
372 647
374 608
376 608
378 609
380 608
382 608
384 609
386 608
388 654
390 609
392 679
394 609
396 609
398 609
400 609
402 609
404 610
406 628
408 608
410 609
412 609
414 609
416 609
418 609
420 608
422 619
424 593
426 593
428 593
430 593
432 592
434 700
436 593
438 630
440 593
442 631
444 593
446 593
448 593
450 594
452 593
454 593
456 664
458 594
460 593
462 594
464 593
466 593
468 629
470 593
472 593
474 593
476 593
478 593
480 593
482 612
484 594
486 593
488 593
490 594
492 593
494 734
496 804
498 692
500 1343
502 1161
504 1162
506 1161
508 1162
510 1178
512 1244
514 1162
516 1253
518 1130
520 1172
522 1160
524 1161
526 1191
528 1161
530 1248
532 1131
534 1238
536 1128
538 1214
540 1131
542 1161
544 1161
546 1161
548 1161
550 1159
552 1154
554 1130
556 1279
558 1130
560 1131
562 1278
564 1131
566 1128
568 1167
570 1129
572 1131
574 1132
576 1132
578 1129
580 1262
582 1155
584 1132
586 1320
588 1210
590 1132
592 1168
594 1129
596 1132
598 1205
600 1131
602 1131
604 1211
606 1166
608 1131
610 1131
612 1131
614 1129
616 1168
618 1129
620 1221
622 1419
624 1184
626 1130
628 1165
630 1160
632 1161
634 1188
636 1198
638 1157
640 1133
642 1204
644 1205
646 1133
648 1130
650 1132
652 1133
654 1133
656 1133
658 1133
660 1133
662 1133
664 1130
666 1172
668 1205
670 1132
672 1150
674 1242
676 1129
678 1131
680 1129
682 1131
684 1131
686 1168
688 1130
690 1130
692 1129
694 1130
696 1167
698 1240
700 1130
702 1131
704 1204
706 1129
708 1132
710 1168
712 1132
714 1171
716 1129
718 1131
720 1166
722 1243
724 1130
726 1131
728 1167
730 1132
732 1131
734 1166
736 1131
738 1129
740 1130
742 1132
744 1129
746 1242
748 1133
750 1129
752 1132
754 1132
756 1133
758 1210
760 1132
762 1131
764 1167
766 1132
768 1170
770 1208
772 1131
774 1132
776 1167
778 1131
780 1133
782 1257
784 1263
786 1226
788 1132
790 1207
792 1197
794 1197
796 1162
798 1158
800 1164
802 1146
804 1130
806 1167
808 1130
810 1131
812 1131
814 1131
816 1132
818 1242
820 1168
822 1132
824 1131
826 1131
828 1132
830 1205
832 1131
834 1131
836 1131
838 1131
840 1131
842 1244
844 1130
846 1131
848 1131
850 1132
852 1130
854 1167
856 1168
858 1129
860 1226
862 1131
864 1131
866 1133
868 1132
870 1133
872 1134
874 1131
876 1131
878 1154
880 1131
882 1131
884 1131
886 1130
888 1131
890 1132
892 1133
894 1132
896 1131
898 1131
900 1131
902 1221
904 1131
906 1131
908 1131
910 1277
912 1131
914 1132
916 1134
918 1133
920 1212
922 1208
924 1131
926 1133
928 1131
930 1131
932 1170
934 1131
936 1131
938 1148
940 1129
942 1130
944 1133
946 1132
948 1134
950 1131
952 1132
954 1131
956 1131
958 1131
960 1132
962 1131
964 1131
966 1131
968 1130
970 1169
972 1131
974 1131
976 1131
978 1131
980 1132
982 1169
984 1130
986 1130
988 1161
990 1161
992 1164
994 1162
996 1160
998 1158
1000 2293
1002 2275
1004 2389
1006 2272
1008 2309
1010 2349
1012 2304
1014 2216
1016 2298
1018 2216
1020 2216
1022 2807
1024 2334
1026 2422
1028 2495
1030 2549
1032 2318
1034 2336
1036 2336
1038 2385
1040 2277
1042 2278
1044 2323
1046 2292
1048 2287
1050 2213
1052 2324
1054 2219
1056 2219
1058 2219
1060 2219
1062 2399
1064 2216
1066 2218
1068 2317
1070 2216
1072 2277
1074 2216
1076 2216
1078 2302
1080 2217
1082 2216
1084 2256
1086 2219
1088 2213
1090 2310
1092 2252
1094 2216
1096 2238
1098 2324
1100 2217
1102 2294
1104 2216
1106 2254
1108 2215
1110 2216
1112 2291
1114 2216
1116 2251
1118 2220
1120 2260
1122 2289
1124 2294
1126 2290
1128 2250
1130 2217
1132 2290
1134 2289
1136 2255
1138 2216
1140 2272
1142 2218
1144 2216
1146 2275
1148 2218
1150 2216
1152 2217
1154 2292
1156 2251
1158 2219
1160 2347
1162 2215
1164 2327
1166 2327
1168 2217
1170 2218
1172 2309
1174 2325
1176 2216
1178 2326
1180 2330
1182 2220
1184 2327
1186 2216
1188 2220
1190 2219
1192 2219
1194 2220
1196 2217
1198 2292
1200 2220
1202 2216
1204 2295
1206 2217
1208 2217
1210 2252
1212 2216
1214 2406
1216 2280
1218 2219
1220 2218
1222 2256
1224 2217
1226 2216
1228 2217
1230 2216
1232 2217
1234 2252
1236 2290
1238 2216
1240 2252
1242 2327
1244 2217
1246 2218
1248 2252
1250 2216
1252 2215
1254 2331
1256 2216
1258 2253
1260 2217
1262 2216
1264 2217
1266 2693
1268 2401
1270 2311
1272 2272
1274 2279
1276 2308
1278 2308
1280 2315
1282 2219
1284 2219
1286 2291
1288 2214
1290 2216
1292 2289
1294 2215
1296 2215
1298 2358
1300 2273
1302 2347
1304 2319
1306 2274
1308 2289
1310 2403
1312 2435
1314 2457
1316 2366
1318 2275
1320 2396
1322 2303
1324 2371
1326 2274
1328 2274
1330 2242
1332 2219
1334 2328
1336 2218
1338 2216
1340 2252
1342 2215
1344 2216
1346 2276
1348 2216
1350 2289
1352 2216
1354 2343
1356 2409
1358 2217
1360 2255
1362 2312
1364 2253
1366 2216
1368 2218
1370 2251
1372 2252
1374 2216
1376 2214
1378 2253
1380 2217
1382 2254
1384 2415
1386 2217
1388 2313
1390 2322
1392 2277
1394 2214
1396 2214
1398 2217
1400 2213
1402 2216
1404 2212
1406 2217
1408 2217
1410 2290
1412 2295
1414 2289
1416 2258
1418 2216
1420 2328
1422 2251
1424 2212
1426 2216
1428 2292
1430 2212
1432 2218
1434 2216
1436 2215
1438 2215
1440 2215
1442 2217
1444 2325
1446 2418
1448 2411
1450 2298
1452 2274
1454 2303
1456 2239
1458 2251
1460 2292
1462 2217
1464 2215
1466 2294
1468 2216
1470 2217
1472 2359
1474 2335
1476 2217
1478 2280
1480 2216
1482 2253
1484 2289
1486 2290
1488 2254
1490 2258
1492 2217
1494 2218
1496 2217
1498 2253
1500 2406
1502 2219
1504 2219
1506 2253
1508 2216
1510 2217
1512 2218
1514 2289
1516 2323
1518 2216
1520 2216
1522 2289
1524 2216
1526 2216
1528 2327
1530 2216
1532 2275
1534 2256
1536 2254
1538 2308
1540 2217
1542 2275
1544 2256
1546 2254
1548 2216
1550 2217
1552 2218
1554 2275
1556 2252
1558 2217
1560 2350
1562 2217
1564 2256
1566 2253
1568 2219
1570 2252
1572 2289
1574 2216
1576 2217
1578 2218
1580 2217
1582 2216
1584 2252
1586 2218
1588 2216
1590 2442
1592 2220
1594 2215
1596 2277
1598 2447
1600 2401
1602 2378
1604 2253
1606 2275
1608 2314
1610 2449
1612 2253
1614 2257
1616 2219
1618 2216
1620 2216
1622 2213
1624 2290
1626 2219
1628 2217
1630 2217
1632 2217
1634 2256
1636 2219
1638 2295
1640 2268
1642 2216
1644 2407
1646 2216
1648 2301
1650 2341
1652 2277
1654 2328
1656 2313
1658 2289
1660 2291
1662 2374
1664 2216
1666 2290
1668 2253
1670 2217
1672 2328
1674 2217
1676 2291
1678 2257
1680 2216
1682 2217
1684 2256
1686 2219
1688 2219
1690 2278
1692 2217
1694 2250
1696 2215
1698 2254
1700 2219
1702 2216
1704 2400
1706 2405
1708 2275
1710 2343
1712 2275
1714 2217
1716 2252
1718 2292
1720 2219
1722 2481
1724 2254
1726 2254
1728 2254
1730 2217
1732 2295
1734 2338
1736 2214
1738 2216
1740 2218
1742 2216
1744 2217
1746 2289
1748 2257
1750 2216
1752 2216
1754 2289
1756 2254
1758 2216
1760 2400
1762 2296
1764 2418
1766 2629
1768 2215
1770 2355
1772 2400
1774 2275
1776 2275
1778 2352
1780 2276
1782 2217
1784 2253
1786 2364
1788 2278
1790 2290
1792 2255
1794 2219
1796 2259
1798 2216
1800 2219
1802 2219
1804 2218
1806 2219
1808 2218
1810 2240
1812 2237
1814 2217
1816 2290
1818 2216
1820 2256
1822 2481
1824 2220
1826 2330
1828 2327
1830 2217
1832 2217
1834 2257
1836 2215
1838 2278
1840 2297
1842 2216
1844 2218
1846 2219
1848 2215
1850 2273
1852 2278
1854 2283
1856 2360
1858 2216
1860 2218
1862 2213
1864 2252
1866 2254
1868 2329
1870 2217
1872 2275
1874 2212
1876 2215
1878 2290
1880 2216
1882 2765
1884 2472
1886 2375
1888 2275
1890 2320
1892 2305
1894 2388
1896 2254
1898 2216
1900 2322
1902 2253
1904 2294
1906 2216
1908 2249
1910 2219
1912 2290
1914 2214
1916 2216
1918 2217
1920 2213
1922 2252
1924 2251
1926 2216
1928 2255
1930 2475
1932 2290
1934 2256
1936 2213
1938 2421
1940 2288
1942 2216
1944 2216
1946 2248
1948 2215
1950 2352
1952 2216
1954 2218
1956 2254
1958 2251
1960 2212
1962 2218
1964 2327
1966 2253
1968 2217
1970 2216
1972 2253
1974 2216
1976 2216
1978 2249
1980 2215
1982 2216
1984 2217
1986 2219
1988 2251
1990 2217
1992 2216
1994 2291
1996 2218
1998 2457
2000 4401
