2 216
4 199
6 197
8 185
10 185
12 183
14 184
16 175
18 172
20 173
22 173
24 171
26 172
28 172
30 171
32 259
34 174
36 209
38 169
40 169
42 169
44 168
46 169
48 168
50 169
52 169
54 241
56 178
58 176
60 175
62 184
64 193
66 193
68 191
70 193
72 193
74 190
76 190
78 190
80 189
82 191
84 190
86 190
88 190
90 190
92 191
94 191
96 263
98 196
100 192
102 194
104 192
106 229
108 191
110 190
112 190
114 191
116 190
118 190
120 191
122 190
124 189
126 263
128 244
130 242
132 242
134 242
136 242
138 242
140 242
142 242
144 242
146 242
148 242
150 242
152 242
154 242
156 242
158 241
160 242
162 242
164 299
166 244
168 244
170 244
172 243
174 246
176 242
178 259
180 259
182 297
184 238
186 236
188 236
190 235
192 237
194 291
196 238
198 238
200 236
202 236
204 236
206 242
208 242
210 241
212 242
214 242
216 262
218 242
220 297
222 256
224 253
226 250
228 254
230 250
232 250
234 250
236 250
238 249
240 248
242 251
244 250
246 266
248 252
250 373
252 371
254 371
256 369
258 370
260 371
262 373
264 371
266 370
268 370
270 373
272 370
274 369
276 369
278 370
280 390
282 371
284 373
286 378
288 401
290 371
292 370
294 371
296 371
298 370
300 369
302 369
304 372
306 399
308 370
310 370
312 372
314 359
316 359
318 360
320 360
322 359
324 360
326 359
328 359
330 360
332 359
334 359
336 359
338 359
340 359
342 360
344 360
346 360
348 360
350 361
352 350
354 422
356 350
358 351
360 350
362 350
364 350
366 388
368 350
370 350
372 351
374 412
376 359
378 360
380 359
382 372
384 350
386 350
388 350
390 350
392 351
394 351
396 350
398 350
400 350
402 350
404 350
406 350
408 394
410 350
412 422
414 350
416 350
418 350
420 350
422 350
424 350
426 350
428 352
430 350
432 350
434 350
436 350
438 457
440 350
442 351
444 396
446 359
448 360
450 359
452 360
454 359
456 359
458 358
460 360
462 360
464 359
466 360
468 350
470 387
472 350
474 351
476 350
478 350
480 351
482 350
484 351
486 352
488 350
490 351
492 350
494 350
496 424
498 350
500 610
502 611
504 609
506 609
508 677
510 626
512 648
514 609
516 665
518 704
520 610
522 609
524 647
526 609
528 609
530 679
532 625
534 625
536 682
538 728
540 611
542 610
544 768
546 724
548 626
550 625
552 626
554 626
556 625
558 729
560 649
562 625
564 625
566 625
568 625
570 624
572 624
574 625
576 624
578 624
580 625
582 625
584 625
586 625
588 609
590 652
592 609
594 608
596 609
598 609
600 609
602 659
604 625
606 609
608 608
610 609
612 713
614 611
616 610
618 609
620 610
622 644
624 609
626 609
628 609
630 609
632 608
634 610
636 608
638 609
640 609
642 682
644 626
646 610
648 609
650 608
652 609
654 646
656 702
658 609
660 609
662 609
664 609
666 647
668 608
670 608
672 719
674 609
676 609
678 609
680 609
682 608
684 609
686 608
688 609
690 611
692 609
694 610
696 609
698 609
700 611
702 609
704 610
706 610
708 609
710 609
712 609
714 646
716 608
718 609
720 609
722 611
724 609
726 608
728 609
730 609
732 647
734 609
736 609
738 719
740 609
742 608
744 610
746 609
748 609
750 609
752 609
754 609
756 609
758 609
760 609
762 609
764 687
766 610
768 609
770 609
772 609
774 646
776 669
778 645
780 625
782 608
784 608
786 608
788 648
790 685
792 648
794 611
796 610
798 609
800 738
802 810
804 611
806 626
808 625
810 625
812 624
814 626
816 625
818 624
820 625
822 624
824 626
826 624
828 609
830 609
832 609
834 650
836 628
838 627
840 626
842 625
844 625
846 625
848 672
850 661
852 663
854 662
856 670
858 625
860 647
862 625
864 625
866 627
868 626
870 627
872 808
874 626
876 626
878 625
880 624
882 677
884 625
886 649
888 626
890 626
892 625
894 625
896 628
898 625
900 625
902 625
904 625
906 664
908 697
910 625
912 624
914 624
916 624
918 625
920 625
922 624
924 609
926 609
928 608
930 608
932 608
934 608
936 609
938 609
940 609
942 609
944 609
946 609
948 609
950 609
952 608
954 609
956 609
958 609
960 609
962 610
964 610
966 608
968 608
970 608
972 609
974 609
976 609
978 609
980 609
982 608
984 608
986 609
988 608
990 608
992 609
994 609
996 609
998 663
1000 1186
1002 1150
1004 1148
1006 1223
1008 1147
1010 1165
1012 1146
1014 1146
1016 1146
1018 1146
1020 1145
1022 1183
1024 1145
1026 1145
1028 1145
1030 1147
1032 1304
1034 1146
1036 1145
1038 1181
1040 1221
1042 1181
1044 1216
1046 1586
1048 1289
1050 1167
1052 1171
1054 1337
1056 1321
1058 1171
1060 1170
1062 1200
1064 1274
1066 1173
1068 1258
1070 1240
1072 1141
1074 1251
1076 1140
1078 1140
1080 1139
1082 1139
1084 1252
1086 1139
1088 1138
1090 1138
1092 1138
1094 1166
1096 1140
1098 1140
1100 1139
1102 1139
1104 1139
1106 1217
1108 1140
1110 1178
1112 1251
1114 1139
1116 1217
1118 1139
1120 1138
1122 1140
1124 1139
1126 1140
1128 1140
1130 1140
1132 1139
1134 1176
1136 1140
1138 1215
1140 1139
1142 1138
1144 1251
1146 1140
1148 1140
1150 1139
1152 1138
1154 1137
1156 1176
1158 1138
1160 1138
1162 1138
1164 1138
1166 1138
1168 1140
1170 1139
1172 1139
1174 1142
1176 1202
1178 1139
1180 1140
1182 1195
1184 1138
1186 1157
1188 1138
1190 1138
1192 1139
1194 1175
1196 1139
1198 1139
1200 1139
1202 1139
1204 1139
1206 1139
1208 1211
1210 1175
1212 1139
1214 1268
1216 1138
1218 1139
1220 1137
1222 1139
1224 1139
1226 1139
1228 1209
1230 1137
1232 1227
1234 1175
1236 1139
1238 1141
1240 1173
1242 1140
1244 1140
1246 1255
1248 1139
1250 1138
1252 1139
1254 1140
1256 1139
1258 1176
1260 1138
1262 1138
1264 1138
1266 1138
1268 1139
1270 1139
1272 1138
1274 1138
1276 1138
1278 1344
1280 1140
1282 1140
1284 1285
1286 1237
1288 1139
1290 1141
1292 1138
1294 1139
1296 1140
1298 1139
1300 1138
1302 1138
1304 1138
1306 1138
1308 1138
1310 1211
1312 1192
1314 1138
1316 1175
1318 1180
1320 1140
1322 1139
1324 1138
1326 1138
1328 1138
1330 1138
1332 1138
1334 1197
1336 1139
1338 1368
1340 1171
1342 1278
1344 1340
1346 1203
1348 1201
1350 1171
1352 1256
1354 1173
1356 1140
1358 1229
1360 1142
1362 1141
1364 1140
1366 1176
1368 1175
1370 1218
1372 1175
1374 1139
1376 1141
1378 1140
1380 1140
1382 1182
1384 1139
1386 1139
1388 1138
1390 1176
1392 1138
1394 1138
1396 1254
1398 1139
1400 1139
1402 1138
1404 1213
1406 1139
1408 1139
1410 1140
1412 1139
1414 1139
1416 1140
1418 1139
1420 1139
1422 1178
1424 1142
1426 1141
1428 1140
1430 1140
1432 1141
1434 1140
1436 1142
1438 1141
1440 1142
1442 1176
1444 1139
1446 1177
1448 1228
1450 1139
1452 1141
1454 1217
1456 1140
1458 1139
1460 1250
1462 1140
1464 1139
1466 1138
1468 1140
1470 1253
1472 1138
1474 1138
1476 1138
1478 1198
1480 1140
1482 1200
1484 1139
1486 1139
1488 1140
1490 1138
1492 1212
1494 1138
1496 1138
1498 1158
1500 1138
1502 1217
1504 1140
1506 1138
1508 1139
1510 1140
1512 1137
1514 1137
1516 1158
1518 1138
1520 1138
1522 1138
1524 1249
1526 1139
1528 1140
1530 1176
1532 1137
1534 1174
1536 1137
1538 1138
1540 1138
1542 1142
1544 1143
1546 1203
1548 1139
1550 1139
1552 1140
1554 1140
1556 1177
1558 1139
1560 1213
1562 1175
1564 1139
1566 1139
1568 1138
1570 1140
1572 1139
1574 1139
1576 1223
1578 1175
1580 1138
1582 1140
1584 1139
1586 1140
1588 1175
1590 1140
1592 1140
1594 1139
1596 1139
1598 1139
1600 1218
1602 1139
1604 1139
1606 1175
1608 1138
1610 1176
1612 1175
1614 1212
1616 1139
1618 1137
1620 1135
1622 1208
1624 1189
1626 1279
1628 1165
1630 1203
1632 1298
1634 1167
1636 1165
1638 1192
1640 1165
1642 1167
1644 1158
1646 1171
1648 1135
1650 1135
1652 1135
1654 1134
1656 1134
1658 1171
1660 1134
1662 1209
1664 1135
1666 1135
1668 1190
1670 1133
1672 1132
1674 1169
1676 1191
1678 1133
1680 1133
1682 1169
1684 1132
1686 1133
1688 1133
1690 1133
1692 1154
1694 1133
1696 1133
1698 1133
1700 1170
1702 1134
1704 1134
1706 1189
1708 1134
1710 1135
1712 1134
1714 1133
1716 1134
1718 1169
1720 1133
1722 1134
1724 1134
1726 1133
1728 1132
1730 1132
1732 1169
1734 1132
1736 1248
1738 1210
1740 1134
1742 1133
1744 1170
1746 1133
1748 1133
1750 1134
1752 1134
1754 1134
1756 1134
1758 1134
1760 1134
1762 1209
1764 1133
1766 1132
1768 1216
1770 1133
1772 1132
1774 1132
1776 1244
1778 1132
1780 1170
1782 1133
1784 1134
1786 1134
1788 1135
1790 1131
1792 1132
1794 1132
1796 1134
1798 1134
1800 1210
1802 1132
1804 1243
1806 1132
1808 1169
1810 1132
1812 1245
1814 1134
1816 1132
1818 1133
1820 1134
1822 1134
1824 1133
1826 1133
1828 1134
1830 1134
1832 1243
1834 1133
1836 1132
1838 1133
1840 1170
1842 1134
1844 1134
1846 1215
1848 1132
1850 1132
1852 1132
1854 1132
1856 1132
1858 1131
1860 1132
1862 1132
1864 1207
1866 1135
1868 1133
1870 1134
1872 1245
1874 1132
1876 1133
1878 1207
1880 1132
1882 1133
1884 1170
1886 1132
1888 1169
1890 1134
1892 1131
1894 1131
1896 1232
1898 1133
1900 1173
1902 1133
1904 1169
1906 1170
1908 1132
1910 1354
1912 1133
1914 1170
1916 1239
1918 1297
1920 1137
1922 1249
1924 1168
1926 1165
1928 1166
1930 1167
1932 1173
1934 1224
1936 1135
1938 1134
1940 1134
1942 1135
1944 1204
1946 1133
1948 1134
1950 1133
1952 1153
1954 1134
1956 1163
1958 1164
1960 1163
1962 1135
1964 1172
1966 1134
1968 1132
1970 1133
1972 1132
1974 1171
1976 1134
1978 1170
1980 1134
1982 1135
1984 1170
1986 1134
1988 1170
1990 1133
1992 1134
1994 1134
1996 1134
1998 1132
2000 2215
