2 216
4 199
6 196
8 185
10 185
12 183
14 182
16 175
18 174
20 172
22 172
24 171
26 257
28 172
30 171
32 174
34 172
36 170
38 169
40 169
42 169
44 170
46 224
48 169
50 170
52 169
54 192
56 185
58 207
60 183
62 198
64 210
66 324
68 197
70 196
72 188
74 187
76 187
78 187
80 246
82 192
84 194
86 207
88 192
90 205
92 194
94 192
96 192
98 193
100 193
102 191
104 192
106 192
108 192
110 192
112 192
114 192
116 192
118 193
120 191
122 192
124 191
126 243
128 243
130 242
132 277
134 242
136 241
138 242
140 241
142 241
144 242
146 241
148 242
150 303
152 266
154 243
156 242
158 257
160 241
162 241
164 242
166 242
168 242
170 242
172 242
174 241
176 241
178 241
180 243
182 242
184 241
186 241
188 242
190 241
192 241
194 290
196 235
198 273
200 276
202 235
204 236
206 235
208 235
210 305
212 238
214 237
216 236
218 236
220 236
222 236
224 236
226 235
228 236
230 236
232 310
234 253
236 236
238 236
240 235
242 242
244 242
246 242
248 347
250 444
252 360
254 360
256 421
258 359
260 360
262 362
264 450
266 368
268 368
270 369
272 427
274 431
276 386
278 416
280 389
282 381
284 381
286 381
288 381
290 396
292 383
294 380
296 385
298 385
300 442
302 420
304 381
306 379
308 380
310 379
312 379
314 379
316 379
318 369
320 431
322 369
324 369
326 396
328 370
330 369
332 370
334 441
336 381
338 447
340 384
342 370
344 369
346 369
348 369
350 369
352 407
354 381
356 416
358 384
360 382
362 399
364 387
366 381
368 383
370 384
372 380
374 379
376 379
378 405
380 388
382 380
384 379
386 380
388 380
390 379
392 379
394 379
396 379
398 380
400 379
402 379
404 379
406 379
408 392
410 369
412 370
414 369
416 369
418 369
420 371
422 369
424 369
426 369
428 369
430 369
432 369
434 382
436 359
438 396
440 360
442 360
444 360
446 360
448 360
450 360
452 368
454 376
456 361
458 360
460 359
462 359
464 497
466 360
468 360
470 360
472 360
474 360
476 360
478 360
480 361
482 360
484 360
486 359
488 359
490 360
492 434
494 359
496 360
498 360
500 610
502 609
504 608
506 609
508 645
510 609
512 681
514 625
516 624
518 610
520 682
522 608
524 608
526 608
528 684
530 608
532 665
534 609
536 624
538 625
540 609
542 609
544 645
546 608
548 608
550 608
552 609
554 608
556 608
558 608
560 608
562 609
564 609
566 647
568 609
570 646
572 678
574 685
576 626
578 645
580 754
582 686
584 608
586 608
588 608
590 644
592 608
594 609
596 608
598 608
600 608
602 661
604 609
606 609
608 609
610 608
612 608
614 685
616 608
618 609
620 628
622 625
624 608
626 644
628 608
630 809
632 608
634 608
636 686
638 645
640 608
642 682
644 671
646 624
648 625
650 682
652 608
654 608
656 608
658 625
660 609
662 645
664 608
666 608
668 609
670 695
672 609
674 645
676 608
678 609
680 609
682 609
684 676
686 666
688 609
690 609
692 610
694 609
696 627
698 645
700 609
702 609
704 608
706 609
708 609
710 645
712 608
714 610
716 609
718 609
720 610
722 708
724 609
726 609
728 608
730 656
732 608
734 609
736 610
738 609
740 608
742 624
744 625
746 624
748 662
750 623
752 627
754 644
756 645
758 608
760 608
762 607
764 608
766 608
768 610
770 608
772 608
774 608
776 645
778 609
780 609
782 607
784 723
786 608
788 608
790 609
792 684
794 608
796 609
798 608
800 608
802 608
804 609
806 646
808 608
810 609
812 610
814 609
816 609
818 608
820 608
822 608
824 608
826 608
828 609
830 626
832 609
834 608
836 607
838 608
840 608
842 645
844 608
846 608
848 608
850 719
852 609
854 608
856 609
858 608
860 608
862 622
864 658
866 657
868 620
870 619
872 760
874 682
876 621
878 620
880 652
882 638
884 636
886 664
888 635
890 636
892 692
894 619
896 619
898 620
900 620
902 620
904 620
906 618
908 637
910 620
912 620
914 620
916 620
918 620
920 766
922 693
924 619
926 620
928 620
930 774
932 697
934 621
936 637
938 636
940 711
942 637
944 636
946 636
948 636
950 636
952 636
954 636
956 699
958 621
960 620
962 620
964 619
966 620
968 619
970 620
972 731
974 619
976 620
978 656
980 620
982 654
984 620
986 620
988 620
990 620
992 620
994 693
996 619
998 619
1000 1189
1002 1326
1004 1192
1006 1234
1008 1189
1010 1189
1012 1189
1014 1189
1016 1188
1018 1222
1020 1240
1022 1156
1024 1233
1026 1157
1028 1392
1030 1231
1032 1158
1034 1186
1036 1187
1038 1187
1040 1187
1042 1188
1044 1186
1046 1186
1048 1186
1050 1268
1052 1199
1054 1155
1056 1156
1058 1233
1060 1158
1062 1157
1064 1156
1066 1155
1068 1155
1070 1156
1072 1156
1074 1156
1076 1155
1078 1155
1080 1158
1082 1156
1084 1158
1086 1157
1088 1192
1090 1212
1092 1158
1094 1277
1096 1158
1098 1159
1100 1230
1102 1155
1104 1159
1106 1229
1108 1193
1110 1156
1112 1176
1114 1156
1116 1230
1118 1157
1120 1156
1122 1156
1124 1156
1126 1157
1128 1197
1130 1155
1132 1192
1134 1155
1136 1266
1138 1159
1140 1157
1142 1157
1144 1230
1146 1156
1148 1156
1150 1237
1152 1156
1154 1197
1156 1267
1158 1155
1160 1156
1162 1156
1164 1176
1166 1156
1168 1156
1170 1176
1172 1157
1174 1157
1176 1157
1178 1157
1180 1157
1182 1156
1184 1158
1186 1158
1188 1193
1190 1157
1192 1156
1194 1230
1196 1157
1198 1158
1200 1156
1202 1156
1204 1156
1206 1156
1208 1156
1210 1156
1212 1157
1214 1156
1216 1181
1218 1187
1220 1187
1222 1173
1224 1156
1226 1157
1228 1156
1230 1229
1232 1156
1234 1156
1236 1158
1238 1158
1240 1158
1242 1158
1244 1192
1246 1156
1248 1156
1250 1430
1252 1489
1254 1192
1256 1189
1258 1188
1260 1189
1262 1300
1264 1160
1266 1159
1268 1231
1270 1157
1272 1231
1274 1197
1276 1253
1278 1159
1280 1196
1282 1157
1284 1231
1286 1469
1288 1158
1290 1295
1292 1188
1294 1188
1296 1190
1298 1187
1300 1187
1302 1194
1304 1156
1306 1156
1308 1157
1310 1157
1312 1220
1314 1157
1316 1156
1318 1157
1320 1156
1322 1155
1324 1293
1326 1487
1328 1265
1330 1189
1332 1258
1334 1187
1336 1188
1338 1192
1340 1159
1342 1160
1344 1159
1346 1302
1348 1158
1350 1157
1352 1157
1354 1194
1356 1156
1358 1157
1360 1193
1362 1156
1364 1192
1366 1156
1368 1230
1370 1156
1372 1156
1374 1156
1376 1199
1378 1156
1380 1157
1382 1157
1384 1230
1386 1156
1388 1157
1390 1233
1392 1193
1394 1157
1396 1156
1398 1214
1400 1157
1402 1157
1404 1269
1406 1157
1408 1156
1410 1193
1412 1157
1414 1196
1416 1158
1418 1233
1420 1157
1422 1157
1424 1156
1426 1156
1428 1156
1430 1158
1432 1158
1434 1157
1436 1174
1438 1157
1440 1371
1442 1196
1444 1197
1446 1158
1448 1194
1450 1197
1452 1158
1454 1159
1456 1157
1458 1157
1460 1157
1462 1176
1464 1161
1466 1160
1468 1159
1470 1158
1472 1269
1474 1220
1476 1158
1478 1159
1480 1194
1482 1157
1484 1156
1486 1194
1488 1231
1490 1156
1492 1231
1494 1157
1496 1124
1498 1123
1500 1435
1502 1225
1504 1124
1506 1122
1508 1139
1510 1121
1512 1121
1514 1197
1516 1121
1518 1121
1520 1121
1522 1121
1524 1126
1526 1125
1528 1125
1530 1159
1532 1191
1534 1121
1536 1264
1538 1154
1540 1168
1542 1152
1544 1151
1546 1150
1548 1209
1550 1152
1552 1158
1554 1234
1556 1160
1558 1124
1560 1265
1562 1122
1564 1197
1566 1121
1568 1198
1570 1122
1572 1121
1574 1121
1576 1122
1578 1201
1580 1121
1582 1140
1584 1320
1586 1158
1588 1158
1590 1121
1592 1194
1594 1120
1596 1122
1598 1266
1600 1120
1602 1120
1604 1120
1606 1120
1608 1120
1610 1120
1612 1122
1614 1121
1616 1120
1618 1269
1620 1219
1622 1190
1624 1151
1626 1185
1628 1121
1630 1121
1632 1122
1634 1121
1636 1232
1638 1122
1640 1122
1642 1158
1644 1122
1646 1177
1648 1121
1650 1231
1652 1121
1654 1120
1656 1121
1658 1122
1660 1122
1662 1121
1664 1121
1666 1120
1668 1122
1670 1123
1672 1121
1674 1157
1676 1122
1678 1248
1680 1122
1682 1121
1684 1180
1686 1149
1688 1151
1690 1144
1692 1124
1694 1125
1696 1123
1698 1121
1700 1123
1702 1124
1704 1197
1706 1158
1708 1188
1710 1122
1712 1158
1714 1203
1716 1121
1718 1121
1720 1121
1722 1120
1724 1121
1726 1121
1728 1121
1730 1122
1732 1121
1734 1121
1736 1120
1738 1121
1740 1121
1742 1140
1744 1121
1746 1122
1748 1121
1750 1194
1752 1120
1754 1121
1756 1121
1758 1120
1760 1119
1762 1194
1764 1122
1766 1202
1768 1120
1770 1122
1772 1278
1774 1120
1776 1291
1778 1122
1780 1121
1782 1194
1784 1121
1786 1121
1788 1157
1790 1121
1792 1120
1794 1121
1796 1120
1798 1124
1800 1141
1802 1122
1804 1122
1806 1121
1808 1121
1810 1121
1812 1121
1814 1194
1816 1121
1818 1157
1820 1233
1822 1121
1824 1243
1826 1372
1828 1271
1830 1156
1832 1203
1834 1152
1836 1152
1838 1155
1840 1138
1842 1122
1844 1199
1846 1123
1848 1122
1850 1122
1852 1126
1854 1125
1856 1229
1858 1122
1860 1121
1862 1157
1864 1121
1866 1121
1868 1137
1870 1120
1872 1121
1874 1253
1876 1195
1878 1141
1880 1123
1882 1158
1884 1124
1886 1123
1888 1122
1890 1122
1892 1121
1894 1121
1896 1120
1898 1120
1900 1157
1902 1152
1904 1147
1906 1122
1908 1283
1910 1121
1912 1195
1914 1156
1916 1122
1918 1123
1920 1121
1922 1122
1924 1123
1926 1123
1928 1121
1930 1121
1932 1121
1934 1120
1936 1120
1938 1120
1940 1177
1942 1122
1944 1159
1946 1158
1948 1121
1950 1120
1952 1120
1954 1120
1956 1120
1958 1120
1960 1122
1962 1122
1964 1300
1966 1122
1968 1122
1970 1120
1972 1156
1974 1121
1976 1121
1978 1232
1980 1121
1982 1158
1984 1120
1986 1119
1988 1121
1990 1121
1992 1119
1994 1121
1996 1120
1998 1120
2000 2252
