2 265
4 239
6 286
8 247
10 249
12 231
14 231
16 252
18 251
20 251
22 292
24 215
26 213
28 213
30 212
32 269
34 270
36 270
38 270
40 257
42 207
44 207
46 207
48 206
50 206
52 207
54 207
56 207
58 207
60 207
62 255
64 302
66 304
68 253
70 253
72 253
74 252
76 253
78 253
80 253
82 255
84 253
86 252
88 252
90 253
92 252
94 251
96 252
98 252
100 252
102 224
104 224
106 224
108 222
110 224
112 224
114 224
116 224
118 225
120 222
122 224
124 224
126 367
128 367
130 366
132 366
134 367
136 367
138 367
140 367
142 367
144 367
146 367
148 391
150 338
152 338
154 338
156 337
158 337
160 338
162 338
164 338
166 377
168 338
170 338
172 337
174 337
176 337
178 339
180 337
182 338
184 367
186 337
188 338
190 337
192 337
194 337
196 337
198 337
200 338
202 337
204 373
206 340
208 450
210 329
212 329
214 329
216 329
218 329
220 435
222 329
224 329
226 329
228 329
230 338
232 337
234 337
236 337
238 339
240 338
242 372
244 337
246 337
248 337
250 609
252 609
254 609
256 612
258 594
260 667
262 593
264 592
266 593
268 593
270 593
272 594
274 593
276 697
278 659
280 594
282 664
284 593
286 593
288 593
290 593
292 686
294 616
296 609
298 609
300 611
302 608
304 608
306 609
308 609
310 609
312 609
314 594
316 594
318 594
320 594
322 594
324 629
326 593
328 593
330 593
332 593
334 593
336 593
338 593
340 669
342 593
344 593
346 630
348 593
350 593
352 593
354 593
356 593
358 594
360 593
362 593
364 593
366 644
368 634
370 593
372 614
374 593
376 593
378 594
380 593
382 593
384 592
386 594
388 702
390 593
392 593
394 630
396 593
398 593
400 592
402 592
404 593
406 593
408 592
410 593
412 593
414 593
416 593
418 593
420 630
422 593
424 594
426 593
428 592
430 594
432 593
434 593
436 593
438 629
440 593
442 593
444 594
446 592
448 592
450 592
452 668
454 593
456 593
458 593
460 593
462 592
464 594
466 593
468 592
470 613
472 593
474 629
476 593
478 612
480 593
482 592
484 594
486 593
488 592
490 593
492 592
494 593
496 630
498 593
500 1203
502 1134
504 1132
506 1132
508 1132
510 1133
512 1131
514 1131
516 1131
518 1129
520 1492
522 1347
524 1225
526 1243
528 1162
530 1163
532 1161
534 1161
536 1266
538 1161
540 1162
542 1215
544 1161
546 1161
548 1161
550 1161
552 1161
554 1160
556 1161
558 1131
560 1131
562 1215
564 1134
566 1204
568 1130
570 1130
572 1166
574 1131
576 1132
578 1203
580 1130
582 1130
584 1131
586 1189
588 1131
590 1243
592 1242
594 1226
596 1131
598 1131
600 1204
602 1160
604 1160
606 1161
608 1162
610 1162
612 1146
614 1131
616 1132
618 1132
620 1130
622 1131
624 1131
626 1167
628 1131
630 1132
632 1131
634 1131
636 1132
638 1131
640 1133
642 1131
644 1152
646 1131
648 1131
650 1129
652 1131
654 1130
656 1131
658 1131
660 1131
662 1134
664 1132
666 1133
668 1129
670 1133
672 1132
674 1131
676 1168
678 1132
680 1132
682 1131
684 1132
686 1131
688 1132
690 1131
692 1132
694 1131
696 1131
698 1131
700 1150
702 1131
704 1131
706 1132
708 1131
710 1132
712 1164
714 1132
716 1132
718 1133
720 1204
722 1132
724 1131
726 1131
728 1133
730 1131
732 1131
734 1132
736 1204
738 1132
740 1131
742 1131
744 1131
746 1198
748 1132
750 1132
752 1133
754 1170
756 1167
758 1168
760 1238
762 1131
764 1167
766 1131
768 1131
770 1132
772 1168
774 1132
776 1132
778 1134
780 1168
782 1238
784 1132
786 1130
788 1131
790 1206
792 1132
794 1167
796 1131
798 1130
800 1202
802 1132
804 1132
806 1188
808 1131
810 1132
812 1131
814 1131
816 1168
818 1204
820 1131
822 1131
824 1131
826 1131
828 1131
830 1256
832 1131
834 1131
836 1211
838 1132
840 1133
842 1168
844 1131
846 1131
848 1132
850 1131
852 1132
854 1201
856 1132
858 1132
860 1167
862 1131
864 1204
866 1209
868 1131
870 1217
872 1146
874 1168
876 1163
878 1163
880 1197
882 1197
884 1172
886 1131
888 1130
890 1219
892 1133
894 1133
896 1189
898 1221
900 1149
902 1132
904 1132
906 1131
908 1205
910 1131
912 1132
914 1197
916 1131
918 1170
920 1132
922 1131
924 1132
926 1209
928 1131
930 1132
932 1131
934 1132
936 1131
938 1234
940 1131
942 1205
944 1131
946 1132
948 1132
950 1167
952 1131
954 1168
956 1130
958 1131
960 1254
962 1208
964 1132
966 1167
968 1131
970 1133
972 1151
974 1132
976 1132
978 1131
980 1131
982 1131
984 1199
986 1130
988 1130
990 1130
992 1131
994 1130
996 1133
998 1132
1000 2219
1002 2219
1004 2253
1006 2219
1008 2329
1010 2252
1012 2215
1014 2315
1016 2272
1018 2219
1020 2320
1022 2275
1024 2216
1026 2218
1028 2217
1030 2301
1032 2302
1034 2233
1036 2586
1038 2275
1040 2275
1042 2301
1044 2400
1046 2347
1048 2271
1050 2377
1052 2306
1054 2383
1056 2213
1058 2301
1060 2255
1062 2253
1064 2215
1066 2291
1068 2217
1070 2217
1072 2322
1074 2307
1076 2250
1078 2309
1080 2216
1082 2237
1084 2283
1086 2328
1088 2216
1090 2251
1092 2289
1094 2216
1096 2217
1098 2288
1100 2291
1102 2212
1104 2252
1106 2212
1108 2388
1110 2251
1112 2214
1114 2328
1116 2254
1118 2277
1120 2218
1122 2290
1124 2483
1126 2216
1128 2366
1130 2336
1132 2278
1134 2346
1136 2276
1138 2272
1140 2315
1142 2313
1144 2276
1146 2427
1148 2217
1150 2309
1152 2292
1154 2216
1156 2332
1158 2289
1160 2217
1162 2274
1164 2329
1166 2275
1168 2334
1170 2289
1172 2297
1174 2212
1176 2254
1178 2252
1180 2287
1182 2253
1184 2292
1186 2217
1188 2213
1190 2214
1192 2219
1194 2219
1196 2324
1198 2218
1200 2219
1202 2291
1204 2337
1206 2216
1208 2291
1210 2216
1212 2217
1214 2289
1216 2219
1218 2353
1220 2217
1222 2218
1224 2219
1226 2325
1228 2217
1230 2217
1232 2325
1234 2217
1236 2217
1238 2291
1240 2224
1242 2241
1244 2213
1246 2327
1248 2214
1250 2254
1252 2250
1254 2217
1256 2216
1258 2324
1260 2216
1262 2252
1264 2214
1266 2216
1268 2213
1270 2217
1272 2423
1274 2288
1276 2216
1278 2291
1280 2216
1282 2216
1284 2399
1286 2217
1288 2218
1290 2309
1292 2218
1294 2217
1296 2274
1298 2328
1300 2358
1302 2371
1304 2217
1306 2281
1308 2275
1310 2315
1312 2349
1314 2313
1316 2271
1318 2215
1320 2212
1322 2586
1324 2271
1326 2277
1328 2289
1330 2420
1332 2383
1334 2288
1336 2276
1338 2306
1340 2398
1342 2318
1344 2356
1346 2352
1348 2274
1350 2264
1352 2218
1354 2217
1356 2292
1358 2288
1360 2216
1362 2213
1364 2325
1366 2216
1368 2298
1370 2301
1372 2213
1374 2217
1376 2253
1378 2219
1380 2293
1382 2216
1384 2253
1386 2216
1388 2216
1390 2362
1392 2217
1394 2213
1396 2253
1398 2216
1400 2322
1402 2216
1404 2292
1406 2216
1408 2217
1410 2213
1412 2216
1414 2255
1416 2278
1418 2214
1420 2217
1422 2213
1424 2215
1426 2217
1428 2395
1430 2217
1432 2272
1434 2252
1436 2215
1438 2286
1440 2287
1442 2219
1444 2219
1446 2214
1448 2216
1450 2289
1452 2219
1454 2217
1456 2217
1458 2216
1460 2477
1462 2359
1464 2215
1466 2328
1468 2215
1470 2215
1472 2325
1474 2215
1476 2215
1478 2250
1480 2291
1482 2217
1484 2253
1486 2217
1488 2215
1490 2216
1492 2216
1494 2216
1496 2288
1498 2216
1500 2255
1502 2218
1504 2250
1506 2439
1508 2217
1510 2295
1512 2216
1514 2235
1516 2253
1518 2402
1520 2288
1522 2329
1524 2275
1526 2276
1528 2275
1530 2219
1532 2254
1534 2216
1536 2214
1538 2214
1540 2214
1542 2366
1544 2253
1546 2217
1548 2347
1550 2216
1552 2215
1554 2292
1556 2252
1558 2255
1560 2292
1562 2214
1564 2217
1566 2251
1568 2219
1570 2220
1572 2213
1574 2214
1576 2348
1578 2443
1580 2292
1582 2275
1584 2274
1586 2281
1588 2217
1590 2216
1592 2216
1594 2216
1596 2218
1598 2217
1600 2216
1602 2254
1604 2327
1606 2255
1608 2217
1610 2579
1612 2357
1614 2219
1616 2278
1618 2435
1620 2314
1622 2343
1624 2366
1626 2307
1628 2322
1630 2309
1632 2259
1634 2298
1636 2290
1638 2216
1640 2253
1642 2218
1644 2219
1646 2348
1648 2254
1650 2383
1652 2254
1654 2216
1656 2340
1658 2233
1660 2216
1662 2217
1664 2217
1666 2219
1668 2219
1670 2332
1672 2253
1674 2217
1676 2217
1678 2253
1680 2216
1682 2218
1684 2327
1686 2217
1688 2218
1690 2253
1692 2260
1694 2484
1696 2392
1698 2275
1700 2305
1702 2657
1704 2217
1706 2268
1708 2361
1710 2276
1712 2234
1714 2255
1716 2217
1718 2216
1720 2344
1722 2213
1724 2255
1726 2235
1728 2216
1730 2216
1732 2217
1734 2217
1736 2213
1738 2291
1740 2253
1742 2253
1744 2253
1746 2325
1748 2253
1750 2216
1752 2302
1754 2218
1756 2291
1758 2276
1760 2326
1762 2219
1764 2255
1766 2251
1768 2215
1770 2253
1772 2215
1774 2213
1776 2216
1778 2254
1780 2217
1782 2288
1784 2254
1786 2214
1788 2213
1790 2296
1792 2213
1794 2402
1796 2250
1798 2213
1800 2215
1802 2367
1804 2216
1806 2254
1808 2217
1810 2216
1812 2417
1814 2252
1816 2332
1818 2255
1820 2219
1822 2293
1824 2219
1826 2215
1828 2326
1830 2217
1832 2217
1834 2255
1836 2217
1838 2251
1840 2297
1842 2216
1844 2216
1846 2217
1848 2275
1850 2216
1852 2215
1854 2382
1856 2220
1858 2252
1860 2252
1862 2217
1864 2254
1866 2254
1868 2218
1870 2219
1872 2252
1874 2254
1876 2218
1878 2252
1880 2213
1882 2220
1884 2288
1886 2214
1888 2218
1890 2217
1892 2254
1894 2217
1896 2254
1898 2585
1900 2366
1902 2287
1904 2400
1906 2367
1908 2277
1910 2353
1912 2304
1914 2383
1916 2289
1918 2217
1920 2275
1922 2329
1924 2272
1926 2303
1928 2275
1930 2347
1932 2270
1934 2214
1936 2216
1938 2372
1940 2216
1942 2214
1944 2328
1946 2236
1948 2320
1950 2251
1952 2215
1954 2294
1956 2218
1958 2219
1960 2365
1962 2220
1964 2218
1966 2254
1968 2216
1970 2216
1972 2216
1974 2237
1976 2217
1978 2217
1980 2218
1982 2217
1984 2276
1986 2216
1988 2218
1990 2256
1992 2257
1994 2216
1996 2255
1998 2260
2000 4405
