2 173
4 156
6 155
8 153
10 151
12 151
14 151
16 164
18 164
20 164
22 164
24 163
26 164
28 138
30 137
32 174
34 173
36 173
38 174
40 173
42 173
44 173
46 173
48 174
50 174
52 173
54 174
56 173
58 173
60 172
62 212
64 253
66 266
68 223
70 224
72 224
74 224
76 224
78 223
80 223
82 224
84 223
86 224
88 223
90 224
92 224
94 224
96 224
98 224
100 223
102 224
104 225
106 224
108 224
110 223
112 224
114 223
116 224
118 223
120 224
122 201
124 201
126 329
128 328
130 329
132 329
134 328
136 329
138 329
140 329
142 329
144 329
146 329
148 329
150 329
152 329
154 328
156 329
158 328
160 328
162 329
164 328
166 328
168 329
170 330
172 329
174 430
176 329
178 329
180 329
182 329
184 329
186 328
188 329
190 402
192 328
194 329
196 328
198 329
200 330
202 329
204 329
206 327
208 329
210 329
212 487
214 329
216 329
218 483
220 329
222 329
224 329
226 328
228 328
230 328
232 328
234 329
236 440
238 344
240 338
242 337
244 337
246 337
248 338
250 645
252 609
254 608
256 608
258 609
260 609
262 649
264 593
266 592
268 593
270 593
272 612
274 594
276 595
278 594
280 631
282 594
284 593
286 593
288 593
290 593
292 593
294 593
296 594
298 649
300 592
302 594
304 593
306 593
308 593
310 593
312 593
314 594
316 593
318 667
320 592
322 593
324 593
326 704
328 594
330 591
332 594
334 703
336 594
338 594
340 594
342 594
344 594
346 594
348 593
350 592
352 594
354 593
356 593
358 593
360 657
362 667
364 675
366 609
368 649
370 610
372 612
374 611
376 694
378 611
380 608
382 610
384 610
386 649
388 608
390 609
392 608
394 608
396 609
398 609
400 609
402 609
404 609
406 609
408 609
410 652
412 607
414 612
416 610
418 610
420 685
422 609
424 646
426 610
428 610
430 609
432 778
434 718
436 609
438 609
440 609
442 609
444 609
446 609
448 757
450 607
452 609
454 593
456 667
458 836
460 676
462 658
464 826
466 626
468 627
470 626
472 628
474 661
476 629
478 627
480 697
482 728
484 699
486 790
488 627
490 624
492 628
494 683
496 627
498 626
500 1194
502 1192
504 1196
506 1249
508 1194
510 1211
512 1196
514 1193
516 1194
518 1233
520 1195
522 1194
524 1193
526 1195
528 1189
530 1200
532 1196
534 1193
536 1190
538 1198
540 1192
542 1195
544 1226
546 1198
548 1205
550 1192
552 1200
554 1192
556 1234
558 1193
560 1192
562 1194
564 1193
566 1195
568 1193
570 1193
572 1193
574 1192
576 1160
578 1196
580 1160
582 1161
584 1161
586 1152
588 1132
590 1167
592 1131
594 1205
596 1130
598 1163
600 1163
602 1218
604 1217
606 1131
608 1131
610 1229
612 1131
614 1167
616 1130
618 1131
620 1130
622 1131
624 1211
626 1169
628 1133
630 1133
632 1133
634 1131
636 1131
638 1204
640 1161
642 1161
644 1192
646 1132
648 1130
650 1168
652 1131
654 1132
656 1132
658 1132
660 1132
662 1205
664 1131
666 1131
668 1132
670 1133
672 1131
674 1169
676 1206
678 1161
680 1161
682 1161
684 1131
686 1250
688 1160
690 1160
692 1161
694 1229
696 1219
698 1148
700 1132
702 1132
704 1167
706 1131
708 1152
710 1132
712 1166
714 1131
716 1168
718 1131
720 1167
722 1131
724 1131
726 1131
728 1161
730 1162
732 1160
734 1158
736 1131
738 1131
740 1131
742 1131
744 1131
746 1132
748 1170
750 1133
752 1134
754 1133
756 1133
758 1132
760 1131
762 1132
764 1133
766 1132
768 1133
770 1178
772 1160
774 1279
776 1132
778 1131
780 1131
782 1131
784 1131
786 1131
788 1131
790 1131
792 1131
794 1169
796 1133
798 1131
800 1131
802 1131
804 1131
806 1207
808 1133
810 1198
812 1159
814 1131
816 1130
818 1170
820 1131
822 1130
824 1221
826 1131
828 1131
830 1169
832 1131
834 1131
836 1130
838 1131
840 1130
842 1167
844 1130
846 1171
848 1205
850 1188
852 1205
854 1169
856 1131
858 1131
860 1132
862 1131
864 1131
866 1168
868 1132
870 1131
872 1131
874 1205
876 1131
878 1255
880 1132
882 1131
884 1242
886 1129
888 1131
890 1206
892 1129
894 1131
896 1166
898 1131
900 1213
902 1204
904 1131
906 1131
908 1131
910 1128
912 1130
914 1204
916 1131
918 1131
920 1129
922 1281
924 1130
926 1167
928 1131
930 1130
932 1130
934 1131
936 1131
938 1204
940 1169
942 1129
944 1130
946 1129
948 1129
950 1225
952 1131
954 1131
956 1131
958 1131
960 1206
962 1184
964 1196
966 1162
968 1162
970 1162
972 1158
974 1193
976 1161
978 1162
980 1492
982 1252
984 1235
986 1161
988 1161
990 1161
992 1197
994 1269
996 1158
998 1163
1000 2372
1002 2216
1004 2546
1006 2352
1008 2516
1010 2276
1012 2322
1014 2274
1016 2891
1018 2277
1020 2322
1022 2337
1024 2368
1026 2338
1028 2446
1030 2488
1032 2429
1034 2339
1036 2336
1038 2398
1040 2339
1042 2335
1044 2277
1046 2312
1048 2275
1050 2252
1052 2213
1054 2213
1056 2294
1058 2330
1060 2216
1062 2213
1064 2293
1066 2217
1068 2216
1070 2255
1072 2322
1074 2257
1076 2367
1078 2265
1080 2275
1082 2274
1084 2467
1086 2216
1088 2301
1090 2217
1092 2219
1094 2340
1096 2360
1098 2216
1100 2216
1102 2218
1104 2215
1106 2251
1108 2329
1110 2218
1112 2218
1114 2252
1116 2217
1118 2219
1120 2253
1122 2298
1124 2290
1126 2293
1128 2217
1130 2327
1132 2330
1134 2217
1136 2293
1138 2290
1140 2219
1142 2220
1144 2218
1146 2216
1148 2334
1150 2217
1152 2291
1154 2233
1156 2217
1158 2251
1160 2218
1162 2216
1164 2291
1166 2216
1168 2216
1170 2217
1172 2220
1174 2219
1176 2219
1178 2373
1180 2216
1182 2216
1184 2250
1186 2216
1188 2217
1190 2327
1192 2273
1194 2217
1196 2252
1198 2253
1200 2216
1202 2217
1204 2216
1206 2216
1208 2279
1210 2254
1212 2218
1214 2290
1216 2328
1218 2218
1220 2216
1222 2311
1224 2220
1226 2214
1228 2253
1230 2216
1232 2217
1234 2291
1236 2300
1238 2219
1240 2219
1242 2234
1244 2215
1246 2216
1248 2328
1250 2254
1252 2219
1254 2328
1256 2254
1258 2217
1260 2339
1262 2215
1264 2216
1266 2289
1268 2216
1270 2288
1272 2217
1274 2291
1276 2269
1278 2217
1280 2370
1282 2217
1284 2217
1286 2253
1288 2218
1290 2217
1292 2255
1294 2297
1296 2218
1298 2253
1300 2300
1302 2213
1304 2288
1306 2583
1308 2275
1310 2247
1312 2274
1314 2304
1316 2277
1318 2358
1320 2274
1322 2318
1324 2216
1326 2216
1328 2338
1330 2293
1332 2215
1334 2806
1336 2385
1338 2239
1340 2320
1342 2373
1344 2398
1346 2357
1348 2308
1350 2344
1352 2301
1354 2352
1356 2383
1358 2215
1360 2256
1362 2219
1364 2218
1366 2415
1368 2217
1370 2252
1372 2249
1374 2219
1376 2213
1378 2213
1380 2212
1382 2216
1384 2216
1386 2382
1388 2217
1390 2252
1392 2328
1394 2216
1396 2217
1398 2327
1400 2213
1402 2218
1404 2216
1406 2286
1408 2216
1410 2215
1412 2216
1414 2326
1416 2216
1418 2216
1420 2214
1422 2216
1424 2251
1426 2216
1428 2216
1430 2253
1432 2217
1434 2217
1436 2325
1438 2256
1440 2219
1442 2212
1444 2291
1446 2219
1448 2213
1450 2404
1452 2325
1454 2237
1456 2349
1458 2274
1460 2276
1462 2251
1464 2215
1466 2217
1468 2325
1470 2213
1472 2217
1474 2217
1476 2216
1478 2217
1480 2213
1482 2217
1484 2216
1486 2361
1488 2400
1490 2215
1492 2219
1494 2326
1496 2220
1498 2218
1500 2291
1502 2220
1504 2291
1506 2219
1508 2216
1510 2251
1512 2212
1514 2236
1516 2217
1518 2217
1520 2360
1522 2217
1524 2217
1526 2293
1528 2215
1530 2217
1532 2287
1534 2326
1536 2214
1538 2252
1540 2253
1542 2218
1544 2231
1546 2217
1548 2295
1550 2217
1552 2270
1554 2253
1556 2253
1558 2311
1560 2216
1562 2292
1564 2289
1566 2350
1568 2275
1570 2308
1572 2274
1574 2274
1576 2358
1578 2213
1580 2219
1582 2355
1584 2294
1586 2216
1588 2218
1590 2216
1592 2214
1594 2324
1596 2637
1598 2219
1600 2275
1602 2415
1604 2487
1606 2555
1608 2274
1610 2276
1612 2302
1614 2358
1616 2286
1618 2256
1620 2216
1622 2289
1624 2216
1626 2253
1628 2219
1630 2219
1632 2252
1634 2216
1636 2289
1638 2252
1640 2216
1642 2292
1644 2242
1646 2236
1648 2215
1650 2213
1652 2216
1654 2312
1656 2217
1658 2217
1660 2216
1662 2217
1664 2253
1666 2329
1668 2216
1670 2300
1672 2253
1674 2254
1676 2250
1678 2218
1680 2270
1682 2253
1684 2215
1686 2289
1688 2213
1690 2217
1692 2216
1694 2216
1696 2217
1698 2251
1700 2216
1702 2253
1704 2216
1706 2215
1708 2309
1710 2216
1712 2216
1714 2287
1716 2215
1718 2252
1720 2255
1722 2290
1724 2396
1726 2314
1728 2275
1730 2311
1732 2310
1734 2275
1736 2310
1738 2216
1740 2256
1742 2217
1744 2292
1746 2213
1748 2215
1750 2290
1752 2216
1754 2217
1756 2217
1758 2289
1760 2217
1762 2253
1764 2334
1766 2219
1768 2218
1770 2255
1772 2250
1774 2255
1776 2215
1778 2216
1780 2216
1782 2217
1784 2219
1786 2218
1788 2220
1790 2403
1792 2254
1794 2218
1796 2251
1798 2215
1800 2251
1802 2463
1804 2219
1806 2217
1808 2253
1810 2213
1812 2216
1814 2298
1816 2325
1818 2217
1820 2251
1822 2254
1824 2214
1826 2213
1828 2217
1830 2254
1832 2217
1834 2214
1836 2217
1838 2216
1840 2449
1842 2397
1844 2216
1846 2218
1848 2219
1850 2308
1852 2254
1854 2214
1856 2256
1858 2292
1860 2217
1862 2353
1864 2256
1866 2216
1868 2216
1870 2289
1872 2290
1874 2217
1876 2217
1878 2216
1880 2218
1882 2250
1884 2752
1886 2388
1888 2274
1890 2281
1892 2385
1894 2367
1896 2276
1898 2217
1900 2318
1902 2530
1904 2274
1906 2275
1908 2357
1910 2217
1912 2216
1914 2276
1916 2255
1918 2215
1920 2253
1922 2254
1924 2217
1926 2216
1928 2291
1930 2214
1932 2326
1934 2216
1936 2217
1938 2217
1940 2213
1942 2301
1944 2219
1946 2344
1948 2218
1950 2214
1952 2255
1954 2253
1956 2328
1958 2297
1960 2254
1962 2219
1964 2289
1966 2216
1968 2216
1970 2329
1972 2216
1974 2251
1976 2218
1978 2219
1980 2253
1982 2218
1984 2275
1986 2273
1988 2272
1990 2251
1992 2219
1994 2296
1996 2252
1998 2218
2000 4436
