2 115
4 104
6 104
8 102
10 102
12 100
14 100
16 109
18 109
20 109
22 109
24 109
26 109
28 127
30 109
32 138
34 138
36 138
38 138
40 138
42 138
44 138
46 138
48 138
50 137
52 137
54 158
56 146
58 185
60 146
62 211
64 220
66 215
68 309
70 211
72 216
74 201
76 201
78 200
80 228
82 221
84 220
86 243
88 207
90 225
92 206
94 206
96 206
98 206
100 207
102 206
104 206
106 206
108 206
110 206
112 235
114 206
116 206
118 206
120 206
122 206
124 206
126 337
128 337
130 337
132 339
134 337
136 337
138 337
140 337
142 338
144 337
146 337
148 337
150 337
152 439
154 338
156 338
158 363
160 338
162 337
164 337
166 377
168 337
170 338
172 337
174 337
176 338
178 338
180 338
182 338
184 337
186 338
188 337
190 338
192 337
194 338
196 328
198 328
200 366
202 328
204 328
206 329
208 329
210 328
212 329
214 328
216 329
218 329
220 328
222 329
224 329
226 328
228 329
230 328
232 328
234 371
236 328
238 328
240 329
242 333
244 337
246 337
248 391
250 658
252 593
254 593
256 593
258 814
260 593
262 593
264 608
266 610
268 610
270 609
272 668
274 633
276 640
278 675
280 635
282 630
284 627
286 633
288 626
290 630
292 652
294 659
296 630
298 630
300 648
302 697
304 686
306 632
308 624
310 624
312 625
314 625
316 625
318 611
320 646
322 663
324 610
326 645
328 609
330 609
332 609
334 609
336 629
338 679
340 628
342 609
344 609
346 609
348 767
350 608
352 609
354 638
356 627
358 667
360 631
362 633
364 656
366 627
368 632
370 630
372 635
374 626
376 626
378 625
380 626
382 654
384 625
386 625
388 626
390 625
392 625
394 625
396 626
398 625
400 627
402 625
404 625
406 625
408 633
410 609
412 609
414 609
416 608
418 684
420 609
422 609
424 609
426 609
428 609
430 647
432 648
434 648
436 593
438 593
440 593
442 593
444 593
446 592
448 593
450 593
452 624
454 609
456 628
458 593
460 592
462 593
464 593
466 593
468 593
470 593
472 593
474 593
476 631
478 593
480 593
482 594
484 592
486 593
488 593
490 593
492 593
494 593
496 676
498 593
500 1132
502 1208
504 1131
506 1131
508 1223
510 1131
512 1131
514 1161
516 1275
518 1153
520 1131
522 1132
524 1132
526 1133
528 1204
530 1133
532 1131
534 1130
536 1195
538 1161
540 1166
542 1131
544 1169
546 1132
548 1132
550 1205
552 1132
554 1169
556 1209
558 1132
560 1132
562 1220
564 1131
566 1131
568 1131
570 1131
572 1130
574 1161
576 1160
578 1150
580 1131
582 1131
584 1261
586 1132
588 1133
590 1133
592 1132
594 1170
596 1131
598 1168
600 1131
602 1220
604 1210
606 1132
608 1131
610 1242
612 1132
614 1131
616 1217
618 1131
620 1131
622 1161
624 1133
626 1133
628 1134
630 1132
632 1131
634 1131
636 1132
638 1132
640 1132
642 1131
644 1130
646 1178
648 1162
650 1155
652 1132
654 1129
656 1132
658 1130
660 1134
662 1133
664 1209
666 1131
668 1131
670 1132
672 1131
674 1131
676 1170
678 1129
680 1130
682 1132
684 1131
686 1162
688 1161
690 1131
692 1131
694 1131
696 1131
698 1149
700 1130
702 1131
704 1170
706 1131
708 1131
710 1131
712 1131
714 1205
716 1131
718 1131
720 1131
722 1131
724 1130
726 1217
728 1131
730 1131
732 1254
734 1192
736 1131
738 1227
740 1188
742 1160
744 1160
746 1161
748 1162
750 1162
752 1163
754 1301
756 1131
758 1170
760 1133
762 1132
764 1132
766 1207
768 1168
770 1212
772 1132
774 1131
776 1205
778 1131
780 1133
782 1168
784 1133
786 1132
788 1131
790 1131
792 1131
794 1206
796 1131
798 1131
800 1131
802 1132
804 1131
806 1168
808 1131
810 1132
812 1131
814 1168
816 1131
818 1204
820 1206
822 1167
824 1132
826 1131
828 1131
830 1132
832 1167
834 1206
836 1131
838 1131
840 1171
842 1132
844 1132
846 1170
848 1206
850 1172
852 1167
854 1165
856 1131
858 1131
860 1131
862 1131
864 1131
866 1205
868 1132
870 1131
872 1264
874 1351
876 1267
878 1134
880 1171
882 1131
884 1161
886 1161
888 1162
890 1200
892 1162
894 1210
896 1133
898 1133
900 1169
902 1130
904 1169
906 1133
908 1217
910 1132
912 1167
914 1203
916 1130
918 1131
920 1131
922 1214
924 1132
926 1209
928 1130
930 1195
932 1295
934 1267
936 1158
938 1282
940 1161
942 1161
944 1161
946 1195
948 1161
950 1161
952 1190
954 1161
956 1163
958 1285
960 1131
962 1132
964 1131
966 1131
968 1209
970 1132
972 1133
974 1131
976 1130
978 1131
980 1205
982 1133
984 1130
986 1130
988 1131
990 1131
992 1192
994 1131
996 1131
998 1131
1000 2317
1002 2347
1004 2292
1006 2275
1008 2430
1010 2312
1012 2332
1014 2321
1016 2277
1018 2276
1020 2408
1022 2219
1024 2219
1026 2212
1028 2404
1030 2295
1032 2268
1034 2404
1036 2482
1038 2275
1040 2275
1042 2315
1044 2277
1046 2271
1048 2358
1050 2276
1052 2256
1054 2218
1056 2257
1058 2219
1060 2216
1062 2287
1064 2313
1066 2255
1068 2219
1070 2293
1072 2215
1074 2216
1076 2387
1078 2219
1080 2290
1082 2288
1084 2365
1086 2215
1088 2288
1090 2251
1092 2216
1094 2295
1096 2216
1098 2216
1100 2216
1102 2328
1104 2253
1106 2215
1108 2219
1110 2217
1112 2216
1114 2271
1116 2218
1118 2290
1120 2330
1122 2218
1124 2334
1126 2289
1128 2214
1130 2237
1132 2287
1134 2219
1136 2219
1138 2362
1140 2215
1142 2254
1144 2287
1146 2216
1148 2217
1150 2217
1152 2214
1154 2217
1156 2348
1158 2219
1160 2254
1162 2252
1164 2354
1166 2303
1168 2217
1170 2327
1172 2213
1174 2217
1176 2288
1178 2252
1180 2217
1182 2252
1184 2362
1186 2216
1188 2294
1190 2249
1192 2371
1194 2216
1196 2297
1198 2290
1200 2250
1202 2250
1204 2212
1206 2216
1208 2288
1210 2216
1212 2442
1214 2365
1216 2216
1218 2274
1220 2275
1222 2275
1224 2382
1226 2301
1228 2254
1230 2214
1232 2291
1234 2213
1236 2253
1238 2328
1240 2215
1242 2213
1244 2290
1246 2251
1248 2251
1250 2216
1252 2568
1254 2325
1256 2321
1258 2278
1260 2305
1262 2330
1264 2216
1266 2216
1268 2215
1270 2216
1272 2217
1274 2393
1276 2220
1278 2233
1280 2291
1282 2216
1284 2251
1286 2289
1288 2497
1290 2242
1292 2327
1294 2275
1296 2275
1298 2433
1300 2278
1302 2280
1304 2222
1306 2294
1308 2282
1310 2214
1312 2329
1314 2355
1316 2216
1318 2290
1320 2292
1322 2219
1324 2286
1326 2857
1328 2403
1330 2280
1332 2279
1334 2299
1336 2348
1338 2371
1340 2283
1342 2253
1344 2288
1346 2255
1348 2293
1350 2216
1352 2217
1354 2218
1356 2254
1358 2216
1360 2286
1362 2394
1364 2219
1366 2218
1368 2253
1370 2217
1372 2216
1374 2288
1376 2292
1378 2250
1380 2253
1382 2216
1384 2216
1386 2447
1388 2253
1390 2292
1392 2258
1394 2217
1396 2217
1398 2292
1400 2217
1402 2215
1404 2215
1406 2218
1408 2216
1410 2216
1412 2217
1414 2217
1416 2288
1418 2290
1420 2216
1422 2253
1424 2252
1426 2257
1428 2217
1430 2254
1432 2215
1434 2357
1436 2219
1438 2215
1440 2252
1442 2217
1444 2340
1446 2285
1448 2216
1450 2299
1452 2216
1454 2217
1456 2253
1458 2218
1460 2291
1462 2252
1464 2317
1466 2216
1468 2252
1470 2218
1472 2218
1474 2249
1476 2215
1478 2216
1480 2290
1482 2216
1484 2255
1486 2218
1488 2217
1490 2219
1492 2302
1494 2217
1496 2216
1498 2217
1500 2250
1502 2284
1504 2287
1506 2433
1508 2217
1510 2252
1512 2290
1514 2214
1516 2216
1518 2253
1520 2213
1522 2218
1524 2387
1526 2216
1528 2216
1530 2290
1532 2219
1534 2401
1536 2739
1538 2520
1540 2406
1542 2275
1544 2275
1546 2305
1548 2304
1550 2275
1552 2272
1554 2313
1556 2216
1558 2296
1560 2251
1562 2217
1564 2214
1566 2213
1568 2286
1570 2214
1572 2216
1574 2273
1576 2217
1578 2217
1580 2285
1582 2217
1584 2254
1586 2217
1588 2217
1590 2213
1592 2216
1594 2332
1596 2251
1598 2327
1600 2217
1602 2216
1604 2252
1606 2251
1608 2216
1610 2216
1612 2325
1614 2215
1616 2272
1618 2255
1620 2939
1622 2277
1624 2347
1626 2308
1628 2219
1630 2256
1632 2219
1634 2214
1636 2219
1638 2214
1640 2217
1642 2217
1644 2257
1646 2235
1648 2217
1650 2253
1652 2219
1654 2214
1656 2327
1658 2216
1660 2252
1662 2253
1664 2216
1666 2289
1668 2255
1670 2215
1672 2216
1674 2213
1676 2249
1678 2218
1680 2481
1682 2233
1684 2217
1686 2275
1688 2310
1690 2275
1692 2388
1694 2275
1696 2362
1698 2255
1700 2254
1702 2217
1704 2249
1706 2219
1708 2217
1710 2252
1712 2216
1714 2255
1716 2216
1718 2217
1720 2292
1722 2253
1724 2219
1726 2255
1728 2217
1730 2368
1732 2253
1734 2293
1736 2213
1738 2414
1740 2298
1742 2217
1744 2253
1746 2255
1748 2291
1750 2253
1752 2214
1754 2217
1756 2218
1758 2256
1760 2219
1762 2219
1764 2253
1766 2215
1768 2256
1770 2292
1772 2254
1774 2219
1776 2255
1778 2216
1780 2253
1782 2217
1784 2215
1786 2216
1788 2217
1790 2292
1792 2290
1794 2253
1796 2369
1798 2413
1800 2235
1802 2290
1804 2216
1806 2290
1808 2289
1810 2217
1812 2217
1814 2254
1816 2216
1818 2257
1820 2218
1822 2361
1824 2216
1826 2589
1828 2302
1830 2274
1832 2293
1834 2303
1836 2277
1838 2361
1840 2309
1842 2216
1844 2286
1846 2216
1848 2291
1850 2216
1852 2347
1854 2215
1856 2327
1858 2301
1860 2219
1862 2219
1864 2293
1866 2216
1868 2275
1870 2326
1872 2216
1874 2237
1876 2217
1878 2249
1880 2233
1882 2286
1884 2316
1886 2292
1888 2290
1890 2330
1892 2214
1894 2216
1896 2294
1898 2219
1900 2219
1902 2294
1904 2271
1906 2254
1908 2217
1910 2216
1912 2271
1914 2254
1916 2522
1918 2216
1920 2250
1922 2326
1924 2216
1926 2213
1928 2289
1930 2214
1932 2217
1934 2254
1936 2327
1938 2216
1940 2213
1942 2217
1944 2235
1946 2216
1948 2216
1950 2293
1952 2212
1954 2252
1956 2213
1958 2219
1960 2366
1962 2213
1964 2216
1966 2290
1968 2215
1970 2288
1972 2220
1974 2253
1976 2294
1978 2253
1980 2215
1982 2289
1984 2216
1986 2253
1988 2217
1990 2217
1992 2332
1994 2255
1996 2219
1998 2294
2000 4441
