2 115
4 103
6 104
8 101
10 101
12 100
14 100
16 110
18 147
20 109
22 109
24 109
26 109
28 109
30 109
32 138
34 138
36 138
38 138
40 138
42 138
44 137
46 138
48 138
50 138
52 137
54 138
56 137
58 138
60 137
62 169
64 201
66 201
68 201
70 201
72 218
74 200
76 201
78 201
80 201
82 201
84 201
86 201
88 221
90 201
92 201
94 284
96 200
98 199
100 201
102 200
104 201
106 200
108 201
110 201
112 201
114 200
116 200
118 254
120 332
122 200
124 200
126 328
128 329
130 328
132 328
134 328
136 328
138 329
140 329
142 328
144 329
146 329
148 328
150 329
152 328
154 382
156 328
158 365
160 328
162 327
164 432
166 329
168 329
170 329
172 329
174 329
176 329
178 328
180 328
182 349
184 329
186 328
188 328
190 328
192 328
194 330
196 328
198 328
200 328
202 328
204 329
206 328
208 328
210 329
212 328
214 328
216 363
218 328
220 328
222 328
224 329
226 329
228 329
230 329
232 411
234 329
236 329
238 329
240 328
242 329
244 327
246 327
248 329
250 593
252 592
254 594
256 593
258 593
260 593
262 592
264 592
266 593
268 592
270 592
272 628
274 593
276 593
278 593
280 594
282 594
284 593
286 594
288 701
290 594
292 594
294 591
296 664
298 593
300 592
302 593
304 593
306 592
308 651
310 594
312 593
314 593
316 593
318 665
320 592
322 593
324 592
326 594
328 592
330 592
332 707
334 739
336 592
338 593
340 591
342 591
344 594
346 594
348 594
350 594
352 631
354 593
356 593
358 591
360 591
362 593
364 593
366 594
368 593
370 592
372 666
374 591
376 593
378 593
380 593
382 630
384 591
386 591
388 591
390 594
392 594
394 591
396 594
398 594
400 594
402 594
404 665
406 592
408 593
410 594
412 593
414 592
416 592
418 593
420 593
422 666
424 593
426 665
428 593
430 595
432 631
434 591
436 591
438 591
440 591
442 594
444 594
446 594
448 613
450 594
452 593
454 592
456 591
458 593
460 593
462 593
464 593
466 591
468 591
470 592
472 593
474 593
476 592
478 592
480 593
482 593
484 592
486 592
488 592
490 629
492 594
494 591
496 594
498 591
500 1128
502 1133
504 1133
506 1148
508 1128
510 1168
512 1131
514 1130
516 1279
518 1371
520 1131
522 1219
524 1172
526 1161
528 1161
530 1320
532 1259
534 1313
536 1160
538 1163
540 1163
542 1163
544 1162
546 1162
548 1188
550 1158
552 1161
554 1201
556 1161
558 1161
560 1163
562 1162
564 1166
566 1131
568 1359
570 1132
572 1168
574 1131
576 1130
578 1130
580 1131
582 1130
584 1131
586 1360
588 1131
590 1131
592 1131
594 1131
596 1129
598 1223
600 1131
602 1131
604 1131
606 1129
608 1250
610 1167
612 1155
614 1131
616 1131
618 1129
620 1129
622 1280
624 1201
626 1161
628 1199
630 1164
632 1162
634 1161
636 1198
638 1199
640 1215
642 1161
644 1161
646 1161
648 1182
650 1162
652 1198
654 1160
656 1197
658 1159
660 1275
662 1377
664 1159
666 1236
668 1158
670 1236
672 1164
674 1277
676 1160
678 1243
680 1161
682 1311
684 1250
686 1161
688 1161
690 1161
692 1238
694 1160
696 1158
698 1161
700 1161
702 1158
704 1163
706 1163
708 1162
710 1162
712 1162
714 1164
716 1168
718 1132
720 1149
722 1131
724 1132
726 1131
728 1205
730 1131
732 1131
734 1131
736 1132
738 1133
740 1265
742 1131
744 1131
746 1128
748 1131
750 1131
752 1206
754 1133
756 1133
758 1132
760 1132
762 1130
764 1168
766 1133
768 1129
770 1167
772 1129
774 1206
776 1167
778 1131
780 1130
782 1130
784 1168
786 1131
788 1170
790 1204
792 1131
794 1131
796 1130
798 1131
800 1203
802 1132
804 1131
806 1131
808 1131
810 1131
812 1131
814 1130
816 1131
818 1131
820 1130
822 1131
824 1208
826 1130
828 1131
830 1131
832 1129
834 1131
836 1203
838 1131
840 1131
842 1131
844 1129
846 1132
848 1168
850 1133
852 1204
854 1131
856 1131
858 1129
860 1130
862 1131
864 1130
866 1131
868 1132
870 1131
872 1204
874 1206
876 1132
878 1132
880 1244
882 1130
884 1168
886 1131
888 1131
890 1130
892 1129
894 1166
896 1168
898 1131
900 1128
902 1209
904 1165
906 1131
908 1166
910 1131
912 1129
914 1131
916 1129
918 1129
920 1274
922 1132
924 1208
926 1129
928 1131
930 1131
932 1206
934 1133
936 1128
938 1128
940 1132
942 1128
944 1241
946 1133
948 1132
950 1149
952 1205
954 1131
956 1168
958 1131
960 1131
962 1129
964 1130
966 1131
968 1169
970 1167
972 1132
974 1130
976 1243
978 1132
980 1206
982 1128
984 1129
986 1129
988 1128
990 1132
992 1205
994 1168
996 1129
998 1130
1000 2218
1002 2292
1004 2213
1006 2218
1008 2377
1010 2212
1012 2217
1014 2324
1016 2213
1018 2296
1020 2288
1022 2213
1024 2217
1026 2287
1028 2273
1030 2213
1032 2213
1034 2214
1036 2214
1038 2213
1040 2213
1042 2556
1044 2252
1046 2256
1048 2275
1050 2422
1052 2446
1054 2219
1056 2219
1058 2317
1060 2344
1062 2219
1064 2292
1066 2217
1068 2213
1070 2350
1072 2217
1074 2216
1076 2290
1078 2216
1080 2217
1082 2272
1084 2291
1086 2217
1088 2423
1090 2315
1092 2278
1094 2312
1096 2275
1098 2275
1100 2313
1102 2314
1104 2277
1106 2314
1108 2595
1110 2398
1112 2440
1114 2450
1116 2465
1118 2359
1120 2572
1122 2378
1124 2361
1126 2366
1128 2346
1130 2336
1132 2371
1134 2343
1136 2274
1138 2275
1140 2275
1142 2337
1144 2217
1146 2254
1148 2217
1150 2324
1152 2260
1154 2317
1156 2216
1158 2295
1160 2290
1162 2214
1164 2217
1166 2338
1168 2216
1170 2216
1172 2314
1174 2216
1176 2216
1178 2290
1180 2257
1182 2216
1184 2216
1186 2248
1188 2250
1190 2277
1192 3171
1194 2528
1196 2285
1198 2434
1200 2340
1202 2312
1204 2254
1206 2213
1208 2254
1210 2253
1212 2232
1214 2250
1216 2256
1218 2214
1220 2286
1222 2295
1224 2212
1226 2215
1228 2286
1230 2216
1232 2218
1234 2345
1236 2215
1238 2490
1240 2249
1242 2250
1244 2214
1246 2326
1248 2216
1250 2391
1252 2250
1254 2216
1256 2401
1258 2253
1260 2216
1262 2217
1264 2217
1266 2214
1268 2215
1270 2216
1272 2220
1274 2253
1276 2253
1278 2255
1280 2214
1282 2217
1284 2329
1286 2216
1288 2271
1290 2251
1292 2216
1294 2215
1296 2253
1298 2341
1300 2217
1302 2415
1304 2253
1306 2291
1308 2410
1310 2275
1312 2289
1314 2272
1316 2275
1318 2275
1320 2276
1322 2313
1324 2218
1326 2625
1328 2349
1330 2275
1332 2390
1334 2357
1336 2275
1338 2373
1340 2268
1342 2323
1344 2252
1346 2217
1348 2371
1350 2216
1352 2217
1354 2434
1356 2217
1358 2217
1360 2253
1362 2305
1364 2292
1366 2217
1368 2215
1370 2251
1372 2239
1374 2242
1376 2254
1378 2217
1380 2292
1382 2217
1384 2217
1386 2216
1388 2217
1390 2289
1392 2290
1394 2298
1396 2254
1398 2253
1400 2254
1402 2291
1404 2217
1406 2289
1408 2254
1410 2216
1412 2290
1414 2513
1416 2310
1418 2275
1420 2294
1422 2217
1424 2215
1426 2216
1428 2254
1430 2378
1432 2216
1434 2219
1436 2219
1438 2215
1440 2216
1442 2218
1444 2216
1446 2251
1448 2291
1450 2252
1452 2253
1454 2217
1456 2251
1458 2255
1460 2220
1462 2216
1464 2215
1466 2220
1468 2219
1470 2219
1472 2294
1474 2272
1476 2217
1478 2218
1480 2255
1482 2219
1484 2252
1486 2225
1488 2217
1490 2253
1492 2216
1494 2217
1496 2254
1498 2342
1500 2216
1502 2292
1504 2216
1506 2255
1508 2331
1510 2296
1512 2217
1514 2218
1516 2216
1518 2217
1520 2216
1522 2218
1524 2220
1526 2219
1528 2330
1530 2291
1532 2346
1534 2253
1536 2216
1538 2253
1540 2299
1542 2215
1544 2216
1546 2255
1548 2218
1550 2219
1552 2217
1554 2314
1556 2252
1558 2218
1560 2255
1562 2219
1564 2311
1566 2331
1568 2331
1570 2297
1572 2279
1574 2216
1576 2371
1578 2314
1580 2337
1582 2267
1584 2253
1586 2217
1588 2214
1590 2217
1592 2333
1594 2217
1596 2213
1598 2293
1600 2215
1602 2213
1604 2217
1606 2215
1608 2217
1610 2234
1612 2216
1614 2252
1616 2715
1618 2334
1620 2432
1622 2332
1624 2275
1626 2326
1628 2250
1630 2363
1632 2216
1634 2253
1636 2217
1638 2255
1640 2291
1642 2214
1644 2217
1646 2253
1648 2219
1650 2336
1652 2219
1654 2296
1656 2331
1658 2335
1660 2272
1662 2216
1664 2217
1666 2252
1668 2216
1670 2216
1672 2253
1674 2216
1676 2364
1678 2327
1680 2217
1682 2254
1684 2328
1686 2253
1688 2292
1690 2217
1692 2216
1694 2212
1696 2216
1698 2212
1700 2253
1702 2216
1704 2216
1706 2216
1708 2219
1710 2348
1712 2216
1714 2252
1716 2253
1718 2218
1720 2402
1722 2255
1724 2287
1726 2219
1728 2255
1730 2217
1732 2216
1734 2217
1736 2217
1738 2293
1740 2215
1742 2216
1744 2291
1746 2217
1748 2253
1750 2217
1752 2292
1754 2251
1756 2217
1758 2216
1760 2250
1762 2219
1764 2219
1766 2331
1768 2388
1770 2420
1772 2271
1774 2277
1776 2324
1778 2217
1780 2287
1782 2216
1784 2292
1786 2212
1788 2372
1790 2219
1792 2251
1794 2213
1796 2216
1798 2297
1800 2216
1802 2217
1804 2252
1806 2217
1808 2287
1810 2256
1812 2217
1814 2217
1816 2214
1818 2213
1820 2217
1822 2328
1824 2288
1826 2293
1828 2220
1830 2364
1832 2219
1834 2218
1836 2328
1838 2274
1840 2214
1842 2250
1844 2217
1846 2290
1848 2255
1850 2213
1852 2216
1854 2216
1856 2216
1858 2291
1860 2219
1862 2305
1864 2217
1866 2216
1868 2253
1870 2216
1872 2217
1874 2342
1876 2216
1878 2327
1880 2254
1882 2253
1884 2216
1886 2449
1888 2217
1890 2217
1892 2217
1894 2218
1896 2217
1898 2217
1900 2213
1902 2216
1904 2216
1906 2675
1908 2430
1910 2329
1912 2275
1914 2341
1916 2276
1918 2400
1920 2253
1922 2217
1924 2286
1926 2216
1928 2321
1930 2253
1932 2376
1934 2217
1936 2287
1938 2256
1940 2255
1942 2339
1944 2412
1946 2217
1948 2295
1950 2251
1952 2213
1954 2212
1956 2218
1958 2217
1960 2216
1962 2216
1964 2312
1966 2303
1968 2288
1970 2216
1972 2212
1974 2218
1976 2253
1978 2253
1980 2253
1982 2490
1984 2408
1986 2289
1988 2239
1990 2275
1992 2275
1994 2275
1996 2314
1998 2312
2000 4511
