2 491
4 455
6 480
8 453
10 420
12 421
14 418
16 401
18 402
20 396
22 405
24 344
26 339
28 341
30 339
32 338
34 337
36 334
38 335
40 256
42 254
44 254
46 254
48 257
50 254
52 255
54 254
56 254
58 254
60 255
62 271
64 280
66 234
68 233
70 232
72 231
74 232
76 232
78 233
80 231
82 231
84 232
86 231
88 231
90 231
92 230
94 232
96 231
98 232
100 239
102 205
104 205
106 205
108 206
110 205
112 205
114 205
116 205
118 205
120 205
122 205
124 206
126 262
128 263
130 261
132 260
134 261
136 261
138 261
140 260
142 260
144 261
146 260
148 263
150 240
152 240
154 239
156 239
158 241
160 240
162 240
164 239
166 239
168 240
170 278
172 240
174 240
176 240
178 240
180 239
182 240
184 257
186 240
188 240
190 240
192 240
194 241
196 241
198 241
200 240
202 240
204 367
206 292
208 232
210 234
212 234
214 234
216 233
218 277
220 234
222 234
224 233
226 234
228 248
230 312
232 240
234 240
236 241
238 241
240 255
242 240
244 240
246 240
248 240
250 362
252 362
254 362
256 352
258 352
260 412
262 352
264 353
266 352
268 352
270 353
272 352
274 424
276 364
278 353
280 353
282 353
284 352
286 353
288 353
290 353
292 353
294 362
296 362
298 362
300 362
302 397
304 362
306 362
308 362
310 362
312 375
314 352
316 352
318 353
320 352
322 352
324 353
326 352
328 352
330 352
332 352
334 352
336 352
338 352
340 353
342 352
344 352
346 352
348 352
350 352
352 352
354 352
356 424
358 353
360 352
362 353
364 353
366 399
368 385
370 353
372 370
374 353
376 353
378 353
380 352
382 390
384 353
386 352
388 352
390 352
392 352
394 353
396 353
398 353
400 353
402 353
404 353
406 352
408 393
410 352
412 352
414 353
416 352
418 352
420 352
422 353
424 353
426 352
428 353
430 458
432 353
434 352
436 353
438 353
440 353
442 353
444 352
446 352
448 353
450 353
452 353
454 352
456 353
458 353
460 352
462 353
464 353
466 352
468 352
470 407
472 352
474 352
476 352
478 408
480 353
482 353
484 353
486 353
488 353
490 352
492 353
494 353
496 352
498 353
500 616
502 616
504 616
506 616
508 740
510 618
512 617
514 692
516 616
518 616
520 713
522 694
524 642
526 634
528 634
530 633
532 633
534 632
536 660
538 633
540 632
542 696
544 633
546 633
548 632
550 632
552 632
554 632
556 639
558 615
560 616
562 615
564 615
566 615
568 616
570 616
572 616
574 617
576 616
578 616
580 616
582 616
584 616
586 616
588 616
590 615
592 616
594 721
596 618
598 638
600 633
602 633
604 632
606 667
608 632
610 632
612 723
614 616
616 616
618 616
620 616
622 616
624 691
626 616
628 617
630 722
632 616
634 615
636 722
638 615
640 616
642 616
644 634
646 656
648 687
650 618
652 616
654 617
656 616
658 687
660 721
662 616
664 616
666 616
668 616
670 616
672 653
674 615
676 615
678 615
680 652
682 616
684 706
686 617
688 617
690 653
692 616
694 617
696 652
698 634
700 616
702 616
704 689
706 616
708 652
710 656
712 615
714 615
716 617
718 615
720 651
722 616
724 616
726 615
728 616
730 616
732 652
734 616
736 616
738 618
740 616
742 616
744 616
746 615
748 615
750 615
752 615
754 616
756 618
758 667
760 616
762 617
764 616
766 616
768 636
770 617
772 615
774 615
776 615
778 616
780 617
782 616
784 616
786 616
788 616
790 616
792 617
794 616
796 616
798 616
800 616
802 617
804 617
806 616
808 723
810 617
812 616
814 616
816 616
818 616
820 616
822 616
824 617
826 616
828 616
830 616
832 616
834 616
836 615
838 615
840 615
842 617
844 636
846 617
848 616
850 616
852 615
854 616
856 617
858 617
860 616
862 616
864 616
866 616
868 658
870 734
872 615
874 632
876 632
878 633
880 632
882 632
884 613
886 613
888 612
890 611
892 611
894 611
896 632
898 611
900 649
902 612
904 612
906 612
908 612
910 611
912 631
914 611
916 612
918 611
920 612
922 613
924 611
926 611
928 611
930 612
932 612
934 611
936 612
938 613
940 612
942 612
944 612
946 612
948 611
950 612
952 612
954 612
956 612
958 612
960 612
962 612
964 612
966 613
968 612
970 612
972 664
974 611
976 611
978 611
980 612
982 764
984 614
986 726
988 613
990 613
992 613
994 728
996 612
998 611
1000 1146
1002 1184
1004 1146
1006 1145
1008 1145
1010 1147
1012 1147
1014 1147
1016 1145
1018 1183
1020 1149
1022 1147
1024 1146
1026 1146
1028 1181
1030 1145
1032 1185
1034 1286
1036 1323
1038 1178
1040 1179
1042 1174
1044 1217
1046 1184
1048 1178
1050 1179
1052 1226
1054 1149
1056 1148
1058 1148
1060 1183
1062 1184
1064 1146
1066 1145
1068 1145
1070 1184
1072 1146
1074 1235
1076 1146
1078 1143
1080 1206
1082 1144
1084 1176
1086 1145
1088 1145
1090 1145
1092 1296
1094 1145
1096 1145
1098 1183
1100 1146
1102 1145
1104 1147
1106 1146
1108 1145
1110 1145
1112 1145
1114 1145
1116 1185
1118 1166
1120 1145
1122 1250
1124 1249
1126 1147
1128 1176
1130 1176
1132 1177
1134 1175
1136 1175
1138 1177
1140 1175
1142 1177
1144 1213
1146 1246
1148 1145
1150 1145
1152 1217
1154 1145
1156 1251
1158 1293
1160 1345
1162 1271
1164 1176
1166 1226
1168 1146
1170 1144
1172 1145
1174 1219
1176 1146
1178 1144
1180 1144
1182 1143
1184 1183
1186 1144
1188 1257
1190 1144
1192 1143
1194 1144
1196 1144
1198 1144
1200 1144
1202 1146
1204 1146
1206 1215
1208 1144
1210 1145
1212 1146
1214 1146
1216 1144
1218 1145
1220 1180
1222 1144
1224 1357
1226 1187
1228 1147
1230 1148
1232 1221
1234 1146
1236 1147
1238 1181
1240 1144
1242 1161
1244 1144
1246 1145
1248 1145
1250 1181
1252 1147
1254 1146
1256 1146
1258 1145
1260 1145
1262 1145
1264 1202
1266 1203
1268 1145
1270 1284
1272 1188
1274 1146
1276 1147
1278 1230
1280 1146
1282 1148
1284 1148
1286 1148
1288 1147
1290 1183
1292 1205
1294 1147
1296 1145
1298 1145
1300 1429
1302 1146
1304 1146
1306 1175
1308 1175
1310 1176
1312 1175
1314 1175
1316 1168
1318 1181
1320 1344
1322 1311
1324 1173
1326 1208
1328 1174
1330 1175
1332 1235
1334 1178
1336 1211
1338 1214
1340 1219
1342 1179
1344 1214
1346 1178
1348 1177
1350 1222
1352 1145
1354 1145
1356 1146
1358 1146
1360 1301
1362 1146
1364 1145
1366 1181
1368 1146
1370 1169
1372 1145
1374 1144
1376 1256
1378 1144
1380 1145
1382 1146
1384 1184
1386 1146
1388 1221
1390 1145
1392 1144
1394 1145
1396 1145
1398 1145
1400 1162
1402 1163
1404 1145
1406 1145
1408 1224
1410 1145
1412 1145
1414 1147
1416 1144
1418 1219
1420 1184
1422 1144
1424 1144
1426 1144
1428 1151
1430 1150
1432 1223
1434 1147
1436 1147
1438 1149
1440 1145
1442 1184
1444 1147
1446 1252
1448 1145
1450 1145
1452 1181
1454 1145
1456 1145
1458 1145
1460 1165
1462 1146
1464 1147
1466 1147
1468 1147
1470 1146
1472 1146
1474 1146
1476 1146
1478 1144
1480 1145
1482 1145
1484 1257
1486 1146
1488 1146
1490 1257
1492 1145
1494 1144
1496 1257
1498 1145
1500 1144
1502 1145
1504 1146
1506 1146
1508 1162
1510 1145
1512 1199
1514 1138
1516 1135
1518 1214
1520 1137
1522 1154
1524 1165
1526 1164
1528 1201
1530 1135
1532 1134
1534 1245
1536 1136
1538 1134
1540 1134
1542 1139
1544 1137
1546 1138
1548 1137
1550 1136
1552 1138
1554 1136
1556 1135
1558 1135
1560 1134
1562 1209
1564 1172
1566 1170
1568 1133
1570 1134
1572 1208
1574 1134
1576 1206
1578 1206
1580 1169
1582 1199
1584 1301
1586 1231
1588 1210
1590 1249
1592 1135
1594 1135
1596 1171
1598 1281
1600 1134
1602 1136
1604 1134
1606 1135
1608 1208
1610 1261
1612 1209
1614 1176
1616 1371
1618 1169
1620 1198
1622 1197
1624 1200
1626 1252
1628 1164
1630 1179
1632 1134
1634 1220
1636 1135
1638 1134
1640 1172
1642 1248
1644 1134
1646 1135
1648 1134
1650 1134
1652 1135
1654 1135
1656 1200
1658 1175
1660 1134
1662 1134
1664 1239
1666 1137
1668 1136
1670 1171
1672 1134
1674 1191
1676 1135
1678 1134
1680 1134
1682 1134
1684 1134
1686 1135
1688 1134
1690 1174
1692 1134
1694 1211
1696 1164
1698 1164
1700 1283
1702 1198
1704 1137
1706 1163
1708 1198
1710 1168
1712 1137
1714 1137
1716 1136
1718 1172
1720 1152
1722 1135
1724 1218
1726 1203
1728 1175
1730 1138
1732 1246
1734 1136
1736 1136
1738 1134
1740 1135
1742 1134
1744 1134
1746 1135
1748 1134
1750 1134
1752 1134
1754 1133
1756 1134
1758 1133
1760 1134
1762 1134
1764 1134
1766 1135
1768 1136
1770 1243
1772 1135
1774 1241
1776 1170
1778 1135
1780 1134
1782 1135
1784 1134
1786 1211
1788 1137
1790 1133
1792 1133
1794 1208
1796 1135
1798 1135
1800 1136
1802 1170
1804 1134
1806 1134
1808 1211
1810 1134
1812 1134
1814 1135
1816 1134
1818 1133
1820 1133
1822 1133
1824 1134
1826 1134
1828 1134
1830 1133
1832 1276
1834 1173
1836 1134
1838 1134
1840 1135
1842 1134
1844 1173
1846 1172
1848 1135
1850 1135
1852 1212
1854 1133
1856 1133
1858 1134
1860 1170
1862 1134
1864 1135
1866 1134
1868 1213
1870 1194
1872 1134
1874 1134
1876 1190
1878 1150
1880 1133
1882 1133
1884 1208
1886 1134
1888 1133
1890 1134
1892 1171
1894 1134
1896 1133
1898 1257
1900 1137
1902 1167
1904 1165
1906 1168
1908 1167
1910 1167
1912 1165
1914 1176
1916 1137
1918 1278
1920 1167
1922 1169
1924 1156
1926 1135
1928 1243
1930 1196
1932 1136
1934 1211
1936 1135
1938 1134
1940 1171
1942 1134
1944 1201
1946 1133
1948 1134
1950 1136
1952 1135
1954 1189
1956 1134
1958 1133
1960 1135
1962 1133
1964 1133
1966 1135
1968 1135
1970 1135
1972 1171
1974 1176
1976 1137
1978 1177
1980 1136
1982 1136
1984 1192
1986 1135
1988 1320
1990 1134
1992 1135
1994 1135
1996 1135
1998 1134
2000 2319
