2 115
4 104
6 104
8 101
10 101
12 100
14 100
16 109
18 109
20 108
22 108
24 108
26 108
28 108
30 109
32 138
34 174
36 138
38 138
40 138
42 138
44 138
46 138
48 171
50 138
52 138
54 138
56 193
58 138
60 137
62 168
64 201
66 201
68 201
70 201
72 200
74 201
76 201
78 200
80 200
82 201
84 200
86 201
88 201
90 348
92 201
94 200
96 201
98 200
100 201
102 222
104 206
106 206
108 206
110 206
112 206
114 206
116 206
118 206
120 207
122 206
124 224
126 337
128 338
130 338
132 337
134 337
136 360
138 338
140 338
142 337
144 337
146 338
148 337
150 374
152 337
154 338
156 337
158 338
160 337
162 337
164 338
166 352
168 338
170 337
172 338
174 356
176 337
178 337
180 337
182 337
184 337
186 337
188 337
190 337
192 337
194 374
196 338
198 352
200 338
202 337
204 338
206 338
208 338
210 338
212 328
214 329
216 328
218 329
220 329
222 328
224 328
226 329
228 328
230 402
232 328
234 328
236 328
238 328
240 329
242 328
244 328
246 400
248 328
250 592
252 593
254 593
256 643
258 727
260 703
262 593
264 630
266 654
268 593
270 593
272 593
274 791
276 609
278 609
280 609
282 668
284 733
286 630
288 630
290 629
292 629
294 629
296 627
298 633
300 659
302 630
304 627
306 632
308 626
310 626
312 630
314 632
316 689
318 626
320 625
322 625
324 628
326 625
328 625
330 625
332 625
334 625
336 625
338 626
340 625
342 627
344 625
346 626
348 635
350 609
352 609
354 649
356 610
358 610
360 608
362 610
364 826
366 632
368 630
370 631
372 626
374 631
376 675
378 628
380 609
382 609
384 629
386 690
388 655
390 625
392 625
394 625
396 625
398 625
400 625
402 637
404 611
406 608
408 608
410 611
412 608
414 609
416 608
418 687
420 608
422 609
424 609
426 609
428 611
430 609
432 609
434 609
436 609
438 610
440 624
442 680
444 609
446 609
448 609
450 607
452 594
454 594
456 594
458 594
460 703
462 594
464 594
466 594
468 594
470 594
472 591
474 594
476 594
478 594
480 594
482 593
484 593
486 592
488 592
490 593
492 630
494 593
496 593
498 593
500 1132
502 1130
504 1132
506 1131
508 1129
510 1131
512 1241
514 1133
516 1133
518 1132
520 1198
522 1161
524 1161
526 1429
528 1255
530 1237
532 1226
534 1161
536 1239
538 1163
540 1163
542 1162
544 1190
546 1162
548 1324
550 1163
552 1157
554 1131
556 1322
558 1132
560 1131
562 1132
564 1131
566 1131
568 1212
570 1132
572 1133
574 1161
576 1197
578 1157
580 1130
582 1131
584 1304
586 1131
588 1131
590 1149
592 1132
594 1132
596 1133
598 1216
600 1131
602 1199
604 1162
606 1192
608 1131
610 1167
612 1132
614 1133
616 1205
618 1132
620 1133
622 1132
624 1134
626 1131
628 1170
630 1206
632 1131
634 1131
636 1133
638 1168
640 1130
642 1202
644 1161
646 1206
648 1131
650 1131
652 1150
654 1466
656 1131
658 1131
660 1131
662 1208
664 1131
666 1132
668 1132
670 1205
672 1197
674 1132
676 1131
678 1131
680 1131
682 1166
684 1169
686 1133
688 1132
690 1130
692 1131
694 1132
696 1131
698 1131
700 1130
702 1148
704 1131
706 1131
708 1131
710 1131
712 1131
714 1199
716 1131
718 1131
720 1202
722 1131
724 1132
726 1289
728 1131
730 1131
732 1131
734 1131
736 1133
738 1156
740 1132
742 1131
744 1131
746 1131
748 1131
750 1166
752 1131
754 1129
756 1131
758 1208
760 1131
762 1204
764 1131
766 1131
768 1131
770 1131
772 1131
774 1207
776 1131
778 1132
780 1207
782 1213
784 1205
786 1204
788 1131
790 1132
792 1170
794 1131
796 1131
798 1242
800 1131
802 1133
804 1131
806 1132
808 1131
810 1167
812 1130
814 1131
816 1131
818 1131
820 1131
822 1167
824 1132
826 1443
828 1214
830 1131
832 1131
834 1203
836 1131
838 1131
840 1131
842 1130
844 1207
846 1251
848 1162
850 1162
852 1162
854 1161
856 1162
858 1162
860 1161
862 1179
864 1232
866 1132
868 1210
870 1179
872 1202
874 1129
876 1130
878 1131
880 1129
882 1129
884 1134
886 1207
888 1131
890 1237
892 1133
894 1133
896 1222
898 1131
900 1150
902 1131
904 1132
906 1131
908 1220
910 1130
912 1132
914 1131
916 1131
918 1130
920 1130
922 1129
924 1131
926 1131
928 1129
930 1129
932 1131
934 1131
936 1131
938 1152
940 1150
942 1128
944 1133
946 1209
948 1131
950 1131
952 1131
954 1130
956 1169
958 1131
960 1131
962 1131
964 1131
966 1131
968 1131
970 1131
972 1131
974 1242
976 1131
978 1132
980 1168
982 1131
984 1131
986 1167
988 1132
990 1131
992 1132
994 1166
996 1132
998 1250
1000 2215
1002 2461
1004 2235
1006 2303
1008 2277
1010 2277
1012 2276
1014 2275
1016 2314
1018 2272
1020 2274
1022 2312
1024 2312
1026 2323
1028 2218
1030 2290
1032 2215
1034 2309
1036 2249
1038 2424
1040 2615
1042 2421
1044 2277
1046 2275
1048 2620
1050 2513
1052 2342
1054 2340
1056 2333
1058 2412
1060 2275
1062 2273
1064 2274
1066 2274
1068 2386
1070 2217
1072 2287
1074 2222
1076 2282
1078 2250
1080 2217
1082 2216
1084 2291
1086 2219
1088 2293
1090 2372
1092 2217
1094 2216
1096 2216
1098 2216
1100 2218
1102 2216
1104 2330
1106 2219
1108 2255
1110 2253
1112 2216
1114 2216
1116 2296
1118 2219
1120 2217
1122 2291
1124 2217
1126 2217
1128 2217
1130 2217
1132 2254
1134 2216
1136 2233
1138 2255
1140 2216
1142 2293
1144 2219
1146 2216
1148 2256
1150 2220
1152 2219
1154 2274
1156 2329
1158 2216
1160 2216
1162 2217
1164 2216
1166 2213
1168 2291
1170 2217
1172 2217
1174 2217
1176 2217
1178 2292
1180 2326
1182 2216
1184 2216
1186 2290
1188 2217
1190 2217
1192 2328
1194 2216
1196 2216
1198 2215
1200 2216
1202 2293
1204 2219
1206 2315
1208 2218
1210 2217
1212 2377
1214 2441
1216 2217
1218 2276
1220 2216
1222 2216
1224 2291
1226 2253
1228 2217
1230 2293
1232 2216
1234 2217
1236 2336
1238 2297
1240 2217
1242 2275
1244 2275
1246 2283
1248 2217
1250 2253
1252 2216
1254 2254
1256 2216
1258 2216
1260 2216
1262 2288
1264 2255
1266 2253
1268 2253
1270 2217
1272 2218
1274 2327
1276 2217
1278 2254
1280 2216
1282 2216
1284 2251
1286 2219
1288 2219
1290 2220
1292 2239
1294 2286
1296 2365
1298 2291
1300 2324
1302 2216
1304 2217
1306 2252
1308 2216
1310 2216
1312 2292
1314 2217
1316 2218
1318 2250
1320 2216
1322 2254
1324 2253
1326 2270
1328 2215
1330 2659
1332 2375
1334 2274
1336 2405
1338 2438
1340 2548
1342 2310
1344 2319
1346 2408
1348 2275
1350 2510
1352 2398
1354 2373
1356 2277
1358 2427
1360 2321
1362 2275
1364 2314
1366 2319
1368 2218
1370 2215
1372 2216
1374 2216
1376 2294
1378 2292
1380 2255
1382 2219
1384 2220
1386 2253
1388 2272
1390 2214
1392 2216
1394 2294
1396 2216
1398 2219
1400 2256
1402 2293
1404 2213
1406 2367
1408 2254
1410 2213
1412 2303
1414 2331
1416 2218
1418 2219
1420 2219
1422 2214
1424 2218
1426 2255
1428 2216
1430 2213
1432 2322
1434 2217
1436 2328
1438 2289
1440 2219
1442 2219
1444 2253
1446 2216
1448 2288
1450 2220
1452 2217
1454 2216
1456 2232
1458 2289
1460 2217
1462 2252
1464 2287
1466 2213
1468 2217
1470 2292
1472 2513
1474 2216
1476 2299
1478 2274
1480 2274
1482 2513
1484 2313
1486 2274
1488 2274
1490 2323
1492 2275
1494 2215
1496 2214
1498 2292
1500 2216
1502 2366
1504 2216
1506 2332
1508 2216
1510 2217
1512 2326
1514 2218
1516 2217
1518 2297
1520 2216
1522 2293
1524 2218
1526 2313
1528 2216
1530 2217
1532 2313
1534 2216
1536 2217
1538 2292
1540 2217
1542 2217
1544 2295
1546 2216
1548 2213
1550 2365
1552 2219
1554 2650
1556 2291
1558 2274
1560 2274
1562 2395
1564 2216
1566 2217
1568 2272
1570 2252
1572 2217
1574 2217
1576 2213
1578 2216
1580 2292
1582 2217
1584 2216
1586 2216
1588 2410
1590 2356
1592 2217
1594 2252
1596 2213
1598 2251
1600 2297
1602 2216
1604 2219
1606 2257
1608 2255
1610 2217
1612 2218
1614 2334
1616 2216
1618 2274
1620 2466
1622 2393
1624 2291
1626 2311
1628 2279
1630 2259
1632 2381
1634 2217
1636 2217
1638 2292
1640 2219
1642 2217
1644 2253
1646 2403
1648 2215
1650 2392
1652 2314
1654 2278
1656 2278
1658 2277
1660 2314
1662 2326
1664 2255
1666 2293
1668 2216
1670 2216
1672 2291
1674 2213
1676 2217
1678 2253
1680 2219
1682 2216
1684 2251
1686 2217
1688 2217
1690 2291
1692 2237
1694 2253
1696 2251
1698 2216
1700 2253
1702 2220
1704 2216
1706 2328
1708 2217
1710 2217
1712 2253
1714 2217
1716 2217
1718 2215
1720 2330
1722 2374
1724 2216
1726 2216
1728 2216
1730 2213
1732 2403
1734 2217
1736 2216
1738 2368
1740 2216
1742 2217
1744 2295
1746 2217
1748 2217
1750 2253
1752 2219
1754 3530
1756 2320
1758 2275
1760 2275
1762 2254
1764 2301
1766 2252
1768 2290
1770 2218
1772 2217
1774 2294
1776 2220
1778 2272
1780 2252
1782 2392
1784 2217
1786 2255
1788 2218
1790 2216
1792 2216
1794 2233
1796 2301
1798 2249
1800 2217
1802 2216
1804 2216
1806 2274
1808 2213
1810 2328
1812 2254
1814 2216
1816 2217
1818 2288
1820 2216
1822 2373
1824 2255
1826 2253
1828 2216
1830 2217
1832 2212
1834 2217
1836 2332
1838 2217
1840 2218
1842 2274
1844 2253
1846 2290
1848 2309
1850 2310
1852 2213
1854 2213
1856 2289
1858 2213
1860 2289
1862 2254
1864 2257
1866 2213
1868 2254
1870 2216
1872 2216
1874 2220
1876 2216
1878 2233
1880 2294
1882 2461
1884 2275
1886 2275
1888 2731
1890 2277
1892 2323
1894 2274
1896 2303
1898 2315
1900 2277
1902 2278
1904 2579
1906 2732
1908 2466
1910 2325
1912 2276
1914 2303
1916 2279
1918 2274
1920 2243
1922 2234
1924 2217
1926 2214
1928 2359
1930 2214
1932 2336
1934 2254
1936 2219
1938 2291
1940 2324
1942 2217
1944 2251
1946 2237
1948 2240
1950 2216
1952 2250
1954 2216
1956 2217
1958 2216
1960 2290
1962 2216
1964 2360
1966 2257
1968 2239
1970 2216
1972 2253
1974 2212
1976 2250
1978 2254
1980 2216
1982 2213
1984 2216
1986 2215
1988 2213
1990 2216
1992 2214
1994 2216
1996 2217
1998 2214
2000 4438
