2 281
4 253
6 253
8 246
10 231
12 231
14 234
16 252
18 252
20 251
22 214
24 217
26 269
28 234
30 236
32 271
34 276
36 224
38 207
40 208
42 207
44 229
46 207
48 207
50 207
52 207
54 207
56 207
58 208
60 208
62 265
64 251
66 251
68 250
70 252
72 252
74 253
76 253
78 282
80 253
82 252
84 253
86 253
88 252
90 254
92 252
94 253
96 252
98 223
100 223
102 224
104 224
106 223
108 224
110 224
112 224
114 224
116 224
118 224
120 223
122 224
124 224
126 367
128 367
130 367
132 366
134 366
136 366
138 366
140 366
142 366
144 393
146 337
148 337
150 337
152 337
154 338
156 338
158 486
160 416
162 379
164 337
166 338
168 337
170 338
172 338
174 337
176 337
178 337
180 340
182 337
184 447
186 337
188 337
190 338
192 375
194 337
196 415
198 339
200 354
202 367
204 488
206 377
208 362
210 339
212 338
214 374
216 338
218 338
220 338
222 338
224 338
226 337
228 375
230 439
232 426
234 378
236 477
238 374
240 337
242 338
244 337
246 375
248 337
250 628
252 729
254 630
256 629
258 628
260 667
262 630
264 629
266 626
268 628
270 628
272 664
274 655
276 626
278 626
280 627
282 623
284 626
286 626
288 626
290 626
292 626
294 626
296 626
298 636
300 610
302 610
304 610
306 609
308 609
310 648
312 609
314 609
316 608
318 593
320 593
322 593
324 593
326 593
328 593
330 593
332 630
334 593
336 593
338 593
340 593
342 593
344 593
346 593
348 613
350 594
352 594
354 591
356 591
358 594
360 667
362 593
364 592
366 593
368 594
370 660
372 607
374 624
376 593
378 593
380 593
382 593
384 593
386 593
388 594
390 593
392 630
394 592
396 593
398 713
400 593
402 593
404 593
406 593
408 593
410 593
412 681
414 609
416 623
418 630
420 594
422 593
424 594
426 593
428 593
430 592
432 595
434 667
436 593
438 593
440 593
442 593
444 593
446 593
448 593
450 593
452 593
454 594
456 592
458 593
460 593
462 659
464 609
466 620
468 593
470 593
472 592
474 592
476 668
478 593
480 593
482 611
484 615
486 593
488 593
490 595
492 630
494 593
496 594
498 670
500 1131
502 1131
504 1131
506 1131
508 1131
510 1151
512 1161
514 1131
516 1131
518 1131
520 1130
522 1132
524 1129
526 1131
528 1131
530 1131
532 1130
534 1128
536 1134
538 1132
540 1169
542 1131
544 1132
546 1132
548 1161
550 1148
552 1129
554 1207
556 1207
558 1131
560 1129
562 1130
564 1130
566 1206
568 1128
570 1133
572 1129
574 1129
576 1150
578 1161
580 1130
582 1129
584 1131
586 1131
588 1131
590 1131
592 1129
594 1129
596 1131
598 1206
600 1247
602 1169
604 1131
606 1133
608 1131
610 1150
612 1131
614 1132
616 1131
618 1132
620 1133
622 1132
624 1131
626 1205
628 1131
630 1168
632 1152
634 1131
636 1129
638 1131
640 1192
642 1262
644 1130
646 1131
648 1131
650 1131
652 1130
654 1165
656 1131
658 1131
660 1131
662 1146
664 1132
666 1218
668 1254
670 1146
672 1160
674 1161
676 1161
678 1163
680 1161
682 1145
684 1131
686 1169
688 1130
690 1228
692 1131
694 1190
696 1131
698 1130
700 1133
702 1167
704 1131
706 1131
708 1131
710 1168
712 1133
714 1168
716 1131
718 1131
720 1207
722 1130
724 1131
726 1167
728 1132
730 1132
732 1132
734 1133
736 1131
738 1168
740 1132
742 1131
744 1131
746 1130
748 1131
750 1225
752 1131
754 1131
756 1133
758 1131
760 1131
762 1168
764 1131
766 1131
768 1167
770 1131
772 1131
774 1130
776 1133
778 1205
780 1131
782 1131
784 1131
786 1131
788 1131
790 1131
792 1130
794 1131
796 1131
798 1131
800 1169
802 1212
804 1131
806 1131
808 1168
810 1207
812 1131
814 1131
816 1131
818 1206
820 1130
822 1174
824 1332
826 1312
828 1161
830 1252
832 1161
834 1161
836 1161
838 1161
840 1159
842 1160
844 1162
846 1264
848 1131
850 1131
852 1131
854 1131
856 1131
858 1131
860 1131
862 1131
864 1131
866 1170
868 1131
870 1132
872 1133
874 1133
876 1128
878 1413
880 1131
882 1133
884 1154
886 1131
888 1131
890 1134
892 1133
894 1131
896 1129
898 1169
900 1132
902 1131
904 1176
906 1133
908 1132
910 1132
912 1154
914 1131
916 1131
918 1133
920 1133
922 1132
924 1218
926 1181
928 1159
930 1161
932 1201
934 1163
936 1163
938 1163
940 1195
942 1198
944 1163
946 1162
948 1161
950 1202
952 1161
954 1161
956 1162
958 1201
960 1161
962 1375
964 1154
966 1161
968 1161
970 1162
972 1163
974 1160
976 1203
978 1163
980 1162
982 1164
984 1162
986 1221
988 1132
990 1133
992 1132
994 1134
996 1133
998 1132
1000 2333
1002 2217
1004 2250
1006 2216
1008 2255
1010 2214
1012 2213
1014 2220
1016 2291
1018 2213
1020 2253
1022 2216
1024 2302
1026 2214
1028 2216
1030 2256
1032 2417
1034 2277
1036 2357
1038 2352
1040 2276
1042 2392
1044 2283
1046 2216
1048 2308
1050 2219
1052 2219
1054 2346
1056 2216
1058 2291
1060 2216
1062 2250
1064 2213
1066 2273
1068 2217
1070 2371
1072 2217
1074 2219
1076 2219
1078 2220
1080 2326
1082 2306
1084 2368
1086 2293
1088 2218
1090 2217
1092 2293
1094 2217
1096 2279
1098 2290
1100 2216
1102 2295
1104 2217
1106 3401
1108 2435
1110 2252
1112 2273
1114 2272
1116 2360
1118 2272
1120 2277
1122 2271
1124 2329
1126 2213
1128 2255
1130 2315
1132 2307
1134 2268
1136 2217
1138 2254
1140 2216
1142 2291
1144 2293
1146 2219
1148 2216
1150 2285
1152 2222
1154 2287
1156 2216
1158 2361
1160 2213
1162 2215
1164 2216
1166 2342
1168 2216
1170 2252
1172 2253
1174 2218
1176 2464
1178 2325
1180 2259
1182 2309
1184 2382
1186 2242
1188 2217
1190 2354
1192 2529
1194 2355
1196 2320
1198 2478
1200 2360
1202 2438
1204 2279
1206 2313
1208 2275
1210 2218
1212 2444
1214 2329
1216 2217
1218 2433
1220 2315
1222 2272
1224 2261
1226 2252
1228 2292
1230 2218
1232 2300
1234 2218
1236 2217
1238 2217
1240 2216
1242 2291
1244 2213
1246 2288
1248 2218
1250 2219
1252 2256
1254 2219
1256 2220
1258 2293
1260 2213
1262 2217
1264 2273
1266 2219
1268 2328
1270 2286
1272 2212
1274 2216
1276 2234
1278 2217
1280 2216
1282 2216
1284 2327
1286 2219
1288 2218
1290 2463
1292 2217
1294 2288
1296 2327
1298 2213
1300 2290
1302 2251
1304 2215
1306 2215
1308 2214
1310 2217
1312 2217
1314 2214
1316 2217
1318 2336
1320 2504
1322 2320
1324 2364
1326 2359
1328 2353
1330 2275
1332 2275
1334 2274
1336 2275
1338 2262
1340 2348
1342 2213
1344 2213
1346 2327
1348 2334
1350 2292
1352 2234
1354 2402
1356 2216
1358 2349
1360 2290
1362 2216
1364 2286
1366 2298
1368 2217
1370 2288
1372 2212
1374 2212
1376 2293
1378 2219
1380 2291
1382 2216
1384 2216
1386 2253
1388 2216
1390 2250
1392 2218
1394 2216
1396 2250
1398 2216
1400 2216
1402 2328
1404 2214
1406 2212
1408 2289
1410 2286
1412 2216
1414 2273
1416 2213
1418 2213
1420 2217
1422 2217
1424 2253
1426 2220
1428 2275
1430 2216
1432 2218
1434 2252
1436 2214
1438 2218
1440 2295
1442 2216
1444 2215
1446 2253
1448 2253
1450 2217
1452 2257
1454 2216
1456 2218
1458 2300
1460 2219
1462 2219
1464 2213
1466 2294
1468 2212
1470 2217
1472 2252
1474 2219
1476 2218
1478 2590
1480 2377
1482 2280
1484 2312
1486 2303
1488 2304
1490 2277
1492 2287
1494 2392
1496 2287
1498 2377
1500 2277
1502 2275
1504 2249
1506 2218
1508 2217
1510 2295
1512 2217
1514 2234
1516 2217
1518 2218
1520 2440
1522 2214
1524 2219
1526 2273
1528 2312
1530 2216
1532 2289
1534 2218
1536 2212
1538 2326
1540 2216
1542 2253
1544 2214
1546 2349
1548 2385
1550 2329
1552 2275
1554 2275
1556 2255
1558 2216
1560 2216
1562 2216
1564 2327
1566 2216
1568 2216
1570 2252
1572 2217
1574 2252
1576 2329
1578 2219
1580 2254
1582 2255
1584 2217
1586 2214
1588 2218
1590 2212
1592 2217
1594 2215
1596 2249
1598 2212
1600 2214
1602 2328
1604 2216
1606 2257
1608 2277
1610 2213
1612 2219
1614 2290
1616 2217
1618 2213
1620 2216
1622 2215
1624 2216
1626 2218
1628 2217
1630 2213
1632 2216
1634 2255
1636 2219
1638 2289
1640 2294
1642 2561
1644 2312
1646 2313
1648 2272
1650 2277
1652 2274
1654 2313
1656 2218
1658 2327
1660 2218
1662 2217
1664 2216
1666 2290
1668 2251
1670 2216
1672 2292
1674 2811
1676 2241
1678 2343
1680 2277
1682 2275
1684 2275
1686 2275
1688 2255
1690 2289
1692 2218
1694 2217
1696 2253
1698 2280
1700 2444
1702 2216
1704 2219
1706 2275
1708 2277
1710 2275
1712 2479
1714 2301
1716 2248
1718 2274
1720 2337
1722 2252
1724 2217
1726 2219
1728 2289
1730 2294
1732 2219
1734 2290
1736 2256
1738 2250
1740 2250
1742 2216
1744 2290
1746 2217
1748 2216
1750 2215
1752 2285
1754 2255
1756 2219
1758 2212
1760 2590
1762 2396
1764 2347
1766 2436
1768 2277
1770 2274
1772 2382
1774 2283
1776 2216
1778 2271
1780 2215
1782 2253
1784 2344
1786 2334
1788 2217
1790 2423
1792 2274
1794 2319
1796 2330
1798 2299
1800 2218
1802 2254
1804 2218
1806 2220
1808 2219
1810 2214
1812 2327
1814 2327
1816 2290
1818 2216
1820 2274
1822 2391
1824 2274
1826 2327
1828 2289
1830 2253
1832 2216
1834 2254
1836 2216
1838 2295
1840 2254
1842 2216
1844 2217
1846 2217
1848 2290
1850 2217
1852 2292
1854 2369
1856 2216
1858 2216
1860 2337
1862 2216
1864 2254
1866 2291
1868 2219
1870 2219
1872 2254
1874 2213
1876 2370
1878 2326
1880 2216
1882 2216
1884 2336
1886 2217
1888 2215
1890 2217
1892 2213
1894 2220
1896 2292
1898 2279
1900 2217
1902 2253
1904 2328
1906 2218
1908 2214
1910 2253
1912 2216
1914 2216
1916 2328
1918 2218
1920 2216
1922 2217
1924 2217
1926 2251
1928 2217
1930 2250
1932 2216
1934 2214
1936 2418
1938 2216
1940 2254
1942 2404
1944 2326
1946 2217
1948 2290
1950 2251
1952 2216
1954 2916
1956 2469
1958 2392
1960 2274
1962 2274
1964 2408
1966 2314
1968 2275
1970 2312
1972 2276
1974 2279
1976 2283
1978 2253
1980 2215
1982 2257
1984 2321
1986 2216
1988 2215
1990 2218
1992 2217
1994 2379
1996 2274
1998 2259
2000 4475
