2 272
4 248
6 246
8 232
10 231
12 230
14 230
16 219
18 218
20 218
22 215
24 216
26 216
28 217
30 215
32 216
34 218
36 191
38 219
40 193
42 192
44 190
46 189
48 191
50 189
52 187
54 187
56 187
58 188
60 188
62 198
64 209
66 210
68 207
70 207
72 206
74 206
76 205
78 206
80 206
82 205
84 204
86 204
88 205
90 205
92 204
94 188
96 188
98 189
100 189
102 189
104 189
106 188
108 189
110 188
112 188
114 188
116 189
118 188
120 188
122 188
124 189
126 246
128 245
130 246
132 246
134 244
136 243
138 243
140 244
142 243
144 244
146 267
148 244
150 313
152 248
154 246
156 246
158 245
160 245
162 282
164 244
166 244
168 244
170 244
172 237
174 237
176 256
178 243
180 244
182 405
184 244
186 244
188 244
190 281
192 279
194 243
196 244
198 244
200 243
202 243
204 280
206 245
208 246
210 244
212 243
214 260
216 244
218 244
220 244
222 244
224 243
226 244
228 244
230 243
232 244
234 244
236 243
238 244
240 244
242 244
244 244
246 243
248 244
250 366
252 366
254 365
256 365
258 365
260 355
262 355
264 355
266 355
268 355
270 355
272 355
274 355
276 355
278 355
280 355
282 355
284 355
286 355
288 356
290 430
292 355
294 355
296 432
298 355
300 446
302 355
304 356
306 355
308 356
310 355
312 355
314 355
316 356
318 356
320 355
322 355
324 355
326 355
328 355
330 356
332 355
334 354
336 355
338 355
340 355
342 355
344 354
346 355
348 355
350 355
352 355
354 486
356 357
358 356
360 355
362 355
364 355
366 355
368 356
370 429
372 355
374 355
376 355
378 355
380 355
382 355
384 356
386 355
388 355
390 355
392 355
394 357
396 356
398 356
400 355
402 356
404 355
406 356
408 355
410 355
412 356
414 355
416 355
418 355
420 355
422 355
424 356
426 356
428 356
430 356
432 356
434 355
436 414
438 355
440 355
442 355
444 355
446 426
448 355
450 372
452 356
454 355
456 354
458 372
460 355
462 355
464 355
466 355
468 356
470 356
472 355
474 355
476 355
478 355
480 355
482 355
484 355
486 355
488 355
490 355
492 355
494 375
496 357
498 357
500 621
502 621
504 622
506 621
508 621
510 621
512 653
514 620
516 691
518 622
520 621
522 620
524 621
526 621
528 621
530 621
532 621
534 621
536 621
538 621
540 622
542 700
544 622
546 621
548 621
550 621
552 621
554 621
556 658
558 621
560 658
562 621
564 621
566 620
568 620
570 803
572 723
574 638
576 638
578 673
580 675
582 686
584 639
586 638
588 638
590 639
592 656
594 621
596 621
598 753
600 623
602 622
604 621
606 621
608 621
610 621
612 621
614 621
616 621
618 622
620 621
622 622
624 621
626 621
628 621
630 621
632 620
634 729
636 621
638 621
640 621
642 621
644 622
646 621
648 658
650 621
652 620
654 620
656 675
658 621
660 621
662 620
664 621
666 621
668 621
670 621
672 621
674 621
676 621
678 621
680 621
682 621
684 621
686 622
688 621
690 621
692 621
694 621
696 622
698 622
700 621
702 621
704 621
706 620
708 621
710 621
712 621
714 621
716 621
718 766
720 622
722 621
724 622
726 622
728 622
730 622
732 621
734 621
736 621
738 621
740 621
742 620
744 620
746 621
748 621
750 621
752 621
754 622
756 621
758 620
760 620
762 621
764 621
766 622
768 621
770 621
772 621
774 621
776 621
778 622
780 621
782 658
784 622
786 622
788 772
790 620
792 620
794 678
796 622
798 622
800 621
802 621
804 621
806 622
808 620
810 621
812 621
814 621
816 621
818 622
820 621
822 741
824 622
826 621
828 622
830 621
832 636
834 639
836 637
838 639
840 638
842 638
844 638
846 638
848 638
850 638
852 789
854 637
856 637
858 638
860 638
862 637
864 638
866 638
868 637
870 674
872 859
874 678
876 709
878 637
880 708
882 638
884 745
886 637
888 638
890 638
892 638
894 638
896 638
898 638
900 639
902 639
904 676
906 621
908 621
910 621
912 622
914 621
916 622
918 622
920 621
922 621
924 621
926 620
928 621
930 663
932 665
934 622
936 621
938 621
940 620
942 620
944 621
946 621
948 621
950 622
952 621
954 693
956 623
958 664
960 622
962 621
964 621
966 621
968 621
970 620
972 621
974 621
976 621
978 705
980 621
982 620
984 621
986 621
988 693
990 620
992 621
994 621
996 621
998 621
1000 1127
1002 1126
1004 1125
1006 1126
1008 1207
1010 1147
1012 1145
1014 1234
1016 1146
1018 1144
1020 1219
1022 1225
1024 1142
1026 1290
1028 1143
1030 1142
1032 1428
1034 1143
1036 1241
1038 1247
1040 1177
1042 1247
1044 1457
1046 1207
1048 1237
1050 1241
1052 1252
1054 1210
1056 1275
1058 1395
1060 1206
1062 1277
1064 1212
1066 1208
1068 1263
1070 1213
1072 1210
1074 1208
1076 1255
1078 1219
1080 1177
1082 1261
1084 1227
1086 1175
1088 1175
1090 1177
1092 1175
1094 1174
1096 1174
1098 1174
1100 1172
1102 1183
1104 1200
1106 1141
1108 1144
1110 1143
1112 1142
1114 1223
1116 1162
1118 1144
1120 1218
1122 1254
1124 1143
1126 1142
1128 1144
1130 1144
1132 1144
1134 1144
1136 1144
1138 1144
1140 1268
1142 1173
1144 1173
1146 1174
1148 1143
1150 1142
1152 1142
1154 1142
1156 1142
1158 1200
1160 1180
1162 1142
1164 1142
1166 1143
1168 1180
1170 1142
1172 1143
1174 1143
1176 1143
1178 1299
1180 1196
1182 1143
1184 1142
1186 1143
1188 1144
1190 1143
1192 1143
1194 1144
1196 1180
1198 1257
1200 1143
1202 1142
1204 1179
1206 1143
1208 1288
1210 1142
1212 1219
1214 1142
1216 1142
1218 1143
1220 1143
1222 1143
1224 1142
1226 1142
1228 1143
1230 1142
1232 1142
1234 1142
1236 1180
1238 1141
1240 1141
1242 1142
1244 1141
1246 1215
1248 1142
1250 1142
1252 1144
1254 1142
1256 1142
1258 1144
1260 1221
1262 1142
1264 1143
1266 1142
1268 1219
1270 1143
1272 1143
1274 1179
1276 1143
1278 1144
1280 1256
1282 1143
1284 1144
1286 1144
1288 1142
1290 1266
1292 1177
1294 1174
1296 1174
1298 1175
1300 1172
1302 1242
1304 1183
1306 1143
1308 1143
1310 1143
1312 1345
1314 1172
1316 1266
1318 1240
1320 1218
1322 1142
1324 1179
1326 1142
1328 1142
1330 1142
1332 1143
1334 1141
1336 1141
1338 1202
1340 1142
1342 1252
1344 1282
1346 1370
1348 1232
1350 1175
1352 1173
1354 1173
1356 1257
1358 1175
1360 1323
1362 1147
1364 1145
1366 1257
1368 1181
1370 1144
1372 1143
1374 1221
1376 1143
1378 1253
1380 1146
1382 1219
1384 1186
1386 1174
1388 1176
1390 1202
1392 1173
1394 1260
1396 1172
1398 1144
1400 1144
1402 1144
1404 1143
1406 1143
1408 1143
1410 1179
1412 1142
1414 1143
1416 1228
1418 1143
1420 1143
1422 1216
1424 1184
1426 1143
1428 1143
1430 1143
1432 1142
1434 1143
1436 1146
1438 1145
1440 1146
1442 1143
1444 1143
1446 1145
1448 1143
1450 1144
1452 1145
1454 1142
1456 1143
1458 1222
1460 1183
1462 1144
1464 1144
1466 1239
1468 1143
1470 1143
1472 1162
1474 1142
1476 1142
1478 1216
1480 1142
1482 1142
1484 1143
1486 1180
1488 1179
1490 1142
1492 1146
1494 1144
1496 1144
1498 1215
1500 1144
1502 1143
1504 1162
1506 1143
1508 1144
1510 1143
1512 1180
1514 1144
1516 1218
1518 1144
1520 1218
1522 1142
1524 1143
1526 1144
1528 1142
1530 1255
1532 1143
1534 1162
1536 1298
1538 1144
1540 1143
1542 1222
1544 1173
1546 1173
1548 1173
1550 1210
1552 1172
1554 1143
1556 1143
1558 1179
1560 1143
1562 1215
1564 1143
1566 1143
1568 1143
1570 1142
1572 1142
1574 1143
1576 1164
1578 1155
1580 1116
1582 1117
1584 1152
1586 1114
1588 1115
1590 1114
1592 1114
1594 1118
1596 1117
1598 1114
1600 1114
1602 1116
1604 1114
1606 1208
1608 1114
1610 1188
1612 1115
1614 1229
1616 1242
1618 1113
1620 1119
1622 1155
1624 1117
1626 1115
1628 1115
1630 1221
1632 1236
1634 1319
1636 1148
1638 1145
1640 1144
1642 1148
1644 1298
1646 1115
1648 1115
1650 1151
1652 1114
1654 1114
1656 1114
1658 1113
1660 1114
1662 1114
1664 1114
1666 1220
1668 1114
1670 1115
1672 1151
1674 1115
1676 1116
1678 1115
1680 1115
1682 1153
1684 1115
1686 1113
1688 1115
1690 1113
1692 1118
1694 1118
1696 1115
1698 1116
1700 1115
1702 1115
1704 1189
1706 1114
1708 1114
1710 1150
1712 1114
1714 1152
1716 1113
1718 1114
1720 1115
1722 1114
1724 1114
1726 1114
1728 1114
1730 1114
1732 1115
1734 1114
1736 1151
1738 1114
1740 1115
1742 1115
1744 1114
1746 1114
1748 1261
1750 1115
1752 1152
1754 1114
1756 1242
1758 1116
1760 1191
1762 1173
1764 1145
1766 1146
1768 1183
1770 1145
1772 1116
1774 1113
1776 1114
1778 1115
1780 1113
1782 1114
1784 1151
1786 1113
1788 1114
1790 1151
1792 1150
1794 1225
1796 1114
1798 1150
1800 1113
1802 1113
1804 1132
1806 1115
1808 1115
1810 1113
1812 1150
1814 1194
1816 1115
1818 1150
1820 1114
1822 1113
1824 1113
1826 1133
1828 1113
1830 1216
1832 1115
1834 1114
1836 1219
1838 1113
1840 1113
1842 1187
1844 1112
1846 1114
1848 1116
1850 1170
1852 1113
1854 1114
1856 1113
1858 1149
1860 1113
1862 1112
1864 1112
1866 1151
1868 1184
1870 1113
1872 1114
1874 1251
1876 1114
1878 1113
1880 1113
1882 1114
1884 1112
1886 1112
1888 1113
1890 1150
1892 1113
1894 1114
1896 1188
1898 1113
1900 1114
1902 1113
1904 1185
1906 1186
1908 1113
1910 1113
1912 1151
1914 1150
1916 1113
1918 1193
1920 1113
1922 1113
1924 1245
1926 1117
1928 1142
1930 1145
1932 1143
1934 1146
1936 1142
1938 1143
1940 1114
1942 1114
1944 1118
1946 1117
1948 1115
1950 1115
1952 1114
1954 1153
1956 1118
1958 1116
1960 1115
1962 1180
1964 1254
1966 1114
1968 1115
1970 1114
1972 1115
1974 1143
1976 1114
1978 1114
1980 1113
1982 1113
1984 1150
1986 1114
1988 1114
1990 1115
1992 1114
1994 1219
1996 1199
1998 1114
2000 2232
