2 129
4 115
6 115
8 113
10 112
12 112
14 112
16 122
18 121
20 121
22 121
24 122
26 122
28 122
30 122
32 154
34 138
36 138
38 138
40 137
42 138
44 138
46 179
48 137
50 137
52 172
54 210
56 163
58 200
60 158
62 176
64 206
66 201
68 201
70 200
72 200
74 201
76 201
78 199
80 200
82 201
84 201
86 201
88 200
90 200
92 206
94 224
96 244
98 214
100 211
102 209
104 250
106 206
108 206
110 206
112 206
114 206
116 206
118 291
120 242
122 206
124 212
126 346
128 347
130 346
132 347
134 347
136 345
138 347
140 348
142 347
144 347
146 346
148 346
150 346
152 346
154 337
156 337
158 337
160 337
162 337
164 337
166 337
168 337
170 337
172 337
174 337
176 337
178 337
180 337
182 337
184 346
186 328
188 328
190 330
192 346
194 329
196 327
198 329
200 366
202 328
204 328
206 328
208 328
210 329
212 328
214 327
216 385
218 329
220 401
222 328
224 328
226 331
228 328
230 328
232 328
234 365
236 329
238 328
240 328
242 328
244 328
246 328
248 328
250 593
252 594
254 592
256 593
258 593
260 594
262 593
264 593
266 592
268 593
270 594
272 593
274 593
276 593
278 610
280 593
282 664
284 592
286 593
288 593
290 594
292 593
294 592
296 593
298 593
300 593
302 592
304 630
306 594
308 593
310 593
312 593
314 593
316 593
318 630
320 594
322 593
324 666
326 593
328 593
330 593
332 595
334 593
336 593
338 629
340 593
342 593
344 593
346 664
348 594
350 593
352 593
354 593
356 593
358 593
360 594
362 593
364 592
366 593
368 595
370 592
372 594
374 631
376 593
378 593
380 593
382 593
384 593
386 592
388 593
390 593
392 592
394 592
396 592
398 593
400 593
402 592
404 593
406 593
408 593
410 664
412 593
414 593
416 593
418 593
420 594
422 666
424 592
426 612
428 593
430 595
432 630
434 594
436 594
438 594
440 594
442 591
444 594
446 594
448 593
450 592
452 592
454 593
456 594
458 595
460 593
462 593
464 593
466 594
468 592
470 648
472 593
474 629
476 593
478 593
480 592
482 593
484 595
486 593
488 593
490 592
492 592
494 594
496 664
498 593
500 1131
502 1133
504 1130
506 1131
508 1132
510 1242
512 1131
514 1287
516 1245
518 1131
520 1131
522 1152
524 1133
526 1205
528 1131
530 1171
532 1201
534 1132
536 1132
538 1208
540 1133
542 1222
544 1169
546 1132
548 1133
550 1133
552 1132
554 1300
556 1350
558 1264
560 1315
562 1242
564 1227
566 1200
568 1163
570 1161
572 1161
574 1203
576 1164
578 1196
580 1161
582 1161
584 1163
586 1200
588 1161
590 1194
592 1161
594 1160
596 1161
598 1161
600 1161
602 1195
604 1161
606 1174
608 1162
610 1161
612 1411
614 1134
616 1346
618 1161
620 1237
622 1161
624 1200
626 1162
628 1147
630 1132
632 1131
634 1131
636 1203
638 1363
640 1570
642 1273
644 1205
646 1214
648 1262
650 1215
652 1395
654 1199
656 1264
658 1366
660 1162
662 1193
664 1286
666 1161
668 1193
670 1203
672 1219
674 1164
676 1304
678 1196
680 1195
682 1193
684 1193
686 1193
688 1213
690 1161
692 1198
694 1162
696 1199
698 1376
700 1193
702 1193
704 1193
706 1193
708 1194
710 1193
712 1192
714 1192
716 1192
718 1192
720 1175
722 1160
724 1161
726 1219
728 1161
730 1527
732 1256
734 1132
736 1200
738 1313
740 1237
742 1161
744 1196
746 1160
748 1160
750 1164
752 1162
754 1252
756 1161
758 1161
760 1171
762 1131
764 1131
766 1131
768 1186
770 1131
772 1207
774 1206
776 1171
778 1131
780 1131
782 1205
784 1149
786 1132
788 1133
790 1133
792 1179
794 1132
796 1133
798 1132
800 1168
802 1161
804 1163
806 1131
808 1131
810 1171
812 1167
814 1131
816 1131
818 1131
820 1130
822 1129
824 1130
826 1168
828 1206
830 1133
832 1131
834 1131
836 1131
838 1210
840 1131
842 1131
844 1131
846 1215
848 1162
850 1243
852 1281
854 1130
856 1131
858 1132
860 1133
862 1169
864 1131
866 1131
868 1131
870 1132
872 1131
874 1167
876 1131
878 1131
880 1207
882 1131
884 1188
886 1205
888 1131
890 1131
892 1148
894 1131
896 1131
898 1168
900 1202
902 1183
904 1161
906 1131
908 1260
910 1281
912 1132
914 1132
916 1131
918 1131
920 1161
922 1197
924 1152
926 1131
928 1131
930 1204
932 1130
934 1167
936 1131
938 1167
940 1131
942 1131
944 1131
946 1208
948 1132
950 1132
952 1132
954 1208
956 1132
958 1206
960 1210
962 1356
964 1130
966 1146
968 1161
970 1196
972 1162
974 1195
976 1161
978 1183
980 1131
982 1131
984 1131
986 1131
988 1641
990 1626
992 1131
994 1131
996 1205
998 1133
1000 2250
1002 2213
1004 2279
1006 2275
1008 2275
1010 2280
1012 2361
1014 2217
1016 2292
1018 2218
1020 2252
1022 2218
1024 2371
1026 2253
1028 2305
1030 2219
1032 2330
1034 2217
1036 2217
1038 2291
1040 2217
1042 2295
1044 2252
1046 2322
1048 2253
1050 2255
1052 2254
1054 2216
1056 2291
1058 2288
1060 2254
1062 2215
1064 2289
1066 2216
1068 2216
1070 2289
1072 2212
1074 2216
1076 2253
1078 2217
1080 2216
1082 2217
1084 2213
1086 2290
1088 2217
1090 2213
1092 2219
1094 2219
1096 2347
1098 2369
1100 2214
1102 2305
1104 2275
1106 2275
1108 2271
1110 2252
1112 2295
1114 2288
1116 2217
1118 2295
1120 2252
1122 2218
1124 2216
1126 2214
1128 2213
1130 2216
1132 2213
1134 2216
1136 2216
1138 2252
1140 2253
1142 2480
1144 2423
1146 2349
1148 2276
1150 2274
1152 2303
1154 2319
1156 2274
1158 2310
1160 2275
1162 2275
1164 2292
1166 2251
1168 2377
1170 2375
1172 2377
1174 2275
1176 2251
1178 2218
1180 2216
1182 2325
1184 2217
1186 2243
1188 2289
1190 2217
1192 2213
1194 2253
1196 2288
1198 2217
1200 2254
1202 2219
1204 2315
1206 2280
1208 2273
1210 2309
1212 2297
1214 2275
1216 2275
1218 2280
1220 2276
1222 2292
1224 2216
1226 2233
1228 2275
1230 2274
1232 2379
1234 2412
1236 2430
1238 2384
1240 2276
1242 2274
1244 2271
1246 2220
1248 2298
1250 2327
1252 2217
1254 2216
1256 2296
1258 2269
1260 2292
1262 2328
1264 2216
1266 2216
1268 2216
1270 2219
1272 2253
1274 2216
1276 2292
1278 2216
1280 2327
1282 2253
1284 2216
1286 2296
1288 2290
1290 2216
1292 2217
1294 2311
1296 2303
1298 2216
1300 2252
1302 2215
1304 2256
1306 2249
1308 2216
1310 2219
1312 2353
1314 2216
1316 2217
1318 2233
1320 2291
1322 2339
1324 2219
1326 2258
1328 2216
1330 2217
1332 2255
1334 2291
1336 2216
1338 2251
1340 2216
1342 2217
1344 2278
1346 2253
1348 2294
1350 2257
1352 2219
1354 2294
1356 2254
1358 2217
1360 2217
1362 2212
1364 2216
1366 2216
1368 2219
1370 2287
1372 2216
1374 2252
1376 2216
1378 2256
1380 2218
1382 2253
1384 2218
1386 2327
1388 2219
1390 2255
1392 2216
1394 2288
1396 2254
1398 2250
1400 2368
1402 2263
1404 2293
1406 2255
1408 2217
1410 2252
1412 2253
1414 2298
1416 2216
1418 2217
1420 2219
1422 2217
1424 2289
1426 2215
1428 2257
1430 2367
1432 2720
1434 3214
1436 2400
1438 2339
1440 2356
1442 2375
1444 2275
1446 2275
1448 2275
1450 2316
1452 2274
1454 2368
1456 2219
1458 2255
1460 2292
1462 2257
1464 2254
1466 2293
1468 2215
1470 2258
1472 2292
1474 2220
1476 2219
1478 2249
1480 2218
1482 2217
1484 2324
1486 2212
1488 2258
1490 2215
1492 2219
1494 2254
1496 2216
1498 2270
1500 2217
1502 2218
1504 2336
1506 2215
1508 2253
1510 2293
1512 2215
1514 2217
1516 2257
1518 2213
1520 2217
1522 2216
1524 2217
1526 2253
1528 2216
1530 2216
1532 2214
1534 2216
1536 2327
1538 2215
1540 2217
1542 2290
1544 2217
1546 2216
1548 2254
1550 2215
1552 2215
1554 2360
1556 2216
1558 2324
1560 2254
1562 2214
1564 2275
1566 2275
1568 2277
1570 2294
1572 2216
1574 2255
1576 2252
1578 2213
1580 2253
1582 2293
1584 2212
1586 2289
1588 2217
1590 2217
1592 2290
1594 2288
1596 2212
1598 2367
1600 2217
1602 2371
1604 2250
1606 2252
1608 2275
1610 2217
1612 2213
1614 2221
1616 2219
1618 2255
1620 2261
1622 2364
1624 2252
1626 2217
1628 2290
1630 2250
1632 2254
1634 2212
1636 2305
1638 2221
1640 2212
1642 2239
1644 2217
1646 2215
1648 2216
1650 2216
1652 2293
1654 2251
1656 2253
1658 2215
1660 2254
1662 2252
1664 2219
1666 2272
1668 2254
1670 2215
1672 2216
1674 2253
1676 2218
1678 2254
1680 2291
1682 2282
1684 2216
1686 2256
1688 2216
1690 2219
1692 2217
1694 2217
1696 2217
1698 2217
1700 2233
1702 2217
1704 2218
1706 2327
1708 2219
1710 2354
1712 2253
1714 2216
1716 2767
1718 2406
1720 2275
1722 2277
1724 2303
1726 2274
1728 2315
1730 2287
1732 2290
1734 2216
1736 2254
1738 2337
1740 2438
1742 2430
1744 2221
1746 2352
1748 2289
1750 2219
1752 2216
1754 2219
1756 2217
1758 2298
1760 2298
1762 2215
1764 2216
1766 2328
1768 2216
1770 2358
1772 2295
1774 2219
1776 2217
1778 2290
1780 2218
1782 2219
1784 2322
1786 2219
1788 2219
1790 2257
1792 2216
1794 2254
1796 2360
1798 2289
1800 2216
1802 2358
1804 2274
1806 2217
1808 2252
1810 2291
1812 2218
1814 2254
1816 2219
1818 2255
1820 2213
1822 2216
1824 2251
1826 2212
1828 2214
1830 2291
1832 2238
1834 2213
1836 2214
1838 2348
1840 2585
1842 2216
1844 2216
1846 2303
1848 2272
1850 2282
1852 2289
1854 2270
1856 2297
1858 2283
1860 2215
1862 2256
1864 2378
1866 2216
1868 2291
1870 2251
1872 2217
1874 2217
1876 2218
1878 2219
1880 2219
1882 2327
1884 2306
1886 2274
1888 2271
1890 2337
1892 2216
1894 2215
1896 2372
1898 2216
1900 2217
1902 2294
1904 2256
1906 2216
1908 2295
1910 2221
1912 2217
1914 2295
1916 2416
1918 2221
1920 2216
1922 2254
1924 2217
1926 2237
1928 2219
1930 2219
1932 2251
1934 2217
1936 2292
1938 2254
1940 2292
1942 2218
1944 2327
1946 2216
1948 2216
1950 2216
1952 2219
1954 2294
1956 2290
1958 2252
1960 2218
1962 2216
1964 2255
1966 2220
1968 2255
1970 2252
1972 2970
1974 2616
1976 2406
1978 2275
1980 2274
1982 2313
1984 2383
1986 2275
1988 2232
1990 2218
1992 2213
1994 2279
1996 2290
1998 2216
2000 5039
