2 281
4 227
6 219
8 207
10 183
12 182
14 182
16 174
18 171
20 170
22 170
24 170
26 170
28 170
30 171
32 171
34 171
36 241
38 173
40 232
42 195
44 176
46 175
48 190
50 173
52 173
54 173
56 173
58 198
60 179
62 205
64 193
66 195
68 192
70 192
72 220
74 192
76 191
78 191
80 191
82 191
84 192
86 191
88 191
90 191
92 191
94 190
96 190
98 190
100 191
102 191
104 190
106 191
108 190
110 190
112 191
114 191
116 190
118 190
120 191
122 190
124 191
126 243
128 243
130 241
132 301
134 245
136 244
138 242
140 242
142 243
144 243
146 241
148 244
150 244
152 242
154 281
156 243
158 241
160 244
162 246
164 241
166 242
168 242
170 241
172 241
174 242
176 242
178 242
180 241
182 242
184 241
186 241
188 259
190 242
192 243
194 241
196 242
198 242
200 241
202 241
204 242
206 241
208 241
210 242
212 241
214 241
216 241
218 263
220 242
222 245
224 466
226 236
228 236
230 235
232 234
234 235
236 239
238 235
240 235
242 242
244 242
246 261
248 241
250 363
252 361
254 379
256 360
258 360
260 359
262 359
264 359
266 383
268 359
270 361
272 360
274 360
276 359
278 360
280 360
282 361
284 350
286 350
288 351
290 349
292 350
294 350
296 350
298 350
300 350
302 350
304 349
306 350
308 369
310 350
312 350
314 349
316 350
318 349
320 350
322 350
324 350
326 435
328 350
330 387
332 350
334 351
336 350
338 350
340 350
342 350
344 350
346 426
348 350
350 350
352 350
354 350
356 350
358 350
360 350
362 350
364 350
366 351
368 351
370 350
372 350
374 350
376 349
378 388
380 350
382 350
384 349
386 351
388 350
390 350
392 352
394 351
396 351
398 350
400 350
402 350
404 350
406 350
408 350
410 350
412 349
414 350
416 386
418 350
420 349
422 391
424 350
426 351
428 350
430 351
432 351
434 350
436 350
438 388
440 350
442 351
444 351
446 350
448 388
450 351
452 726
454 380
456 427
458 368
460 350
462 351
464 350
466 351
468 350
470 352
472 351
474 466
476 454
478 456
480 438
482 403
484 401
486 381
488 360
490 359
492 369
494 369
496 369
498 369
500 652
502 653
504 651
506 635
508 634
510 634
512 635
514 634
516 677
518 618
520 617
522 618
524 618
526 618
528 618
530 617
532 618
534 617
536 618
538 618
540 617
542 617
544 617
546 617
548 618
550 617
552 617
554 617
556 617
558 617
560 617
562 617
564 618
566 617
568 617
570 618
572 617
574 618
576 617
578 617
580 618
582 752
584 618
586 617
588 715
590 619
592 618
594 617
596 618
598 617
600 617
602 617
604 723
606 620
608 618
610 618
612 618
614 618
616 617
618 617
620 617
622 618
624 618
626 617
628 618
630 616
632 617
634 617
636 617
638 617
640 617
642 617
644 618
646 693
648 617
650 617
652 654
654 618
656 674
658 618
660 617
662 617
664 618
666 617
668 618
670 618
672 618
674 618
676 617
678 618
680 934
682 618
684 618
686 654
688 617
690 645
692 701
694 635
696 634
698 634
700 687
702 617
704 618
706 618
708 617
710 691
712 617
714 618
716 618
718 618
720 618
722 654
724 693
726 617
728 617
730 618
732 617
734 617
736 617
738 617
740 617
742 618
744 618
746 619
748 618
750 618
752 618
754 618
756 617
758 618
760 618
762 618
764 618
766 634
768 620
770 618
772 619
774 619
776 618
778 618
780 618
782 617
784 617
786 655
788 618
790 619
792 654
794 617
796 618
798 618
800 617
802 691
804 617
806 618
808 618
810 617
812 692
814 618
816 617
818 618
820 617
822 618
824 761
826 699
828 618
830 632
832 634
834 634
836 698
838 637
840 636
842 652
844 652
846 652
848 652
850 651
852 634
854 672
856 637
858 636
860 654
862 634
864 635
866 674
868 634
870 634
872 634
874 618
876 618
878 655
880 661
882 617
884 618
886 618
888 617
890 618
892 618
894 617
896 617
898 619
900 617
902 617
904 617
906 617
908 618
910 617
912 634
914 618
916 618
918 617
920 741
922 619
924 619
926 640
928 634
930 634
932 673
934 636
936 634
938 617
940 617
942 617
944 617
946 617
948 618
950 617
952 617
954 616
956 617
958 617
960 617
962 617
964 618
966 617
968 617
970 617
972 617
974 618
976 617
978 617
980 618
982 618
984 618
986 618
988 618
990 618
992 618
994 618
996 619
998 618
1000 1143
1002 1143
1004 1144
1006 1144
1008 1142
1010 1141
1012 1180
1014 1140
1016 1232
1018 1223
1020 1197
1022 1141
1024 1178
1026 1178
1028 1142
1030 1217
1032 1177
1034 1140
1036 1140
1038 1139
1040 1142
1042 1140
1044 1140
1046 1139
1048 1139
1050 1177
1052 1214
1054 1139
1056 1139
1058 1249
1060 1140
1062 1140
1064 1140
1066 1140
1068 1140
1070 1217
1072 1170
1074 1208
1076 1208
1078 1170
1080 1171
1082 1171
1084 1211
1086 1172
1088 1206
1090 1140
1092 1141
1094 1141
1096 1213
1098 1139
1100 1265
1102 1177
1104 1155
1106 1172
1108 1215
1110 1169
1112 1244
1114 1170
1116 1141
1118 1157
1120 1287
1122 1139
1124 1139
1126 1139
1128 1140
1130 1141
1132 1140
1134 1140
1136 1140
1138 1140
1140 1178
1142 1141
1144 1213
1146 1140
1148 1141
1150 1139
1152 1254
1154 1141
1156 1180
1158 1141
1160 1141
1162 1142
1164 1179
1166 1140
1168 1141
1170 1141
1172 1137
1174 1301
1176 1299
1178 1205
1180 1223
1182 1544
1184 1218
1186 1206
1188 1204
1190 1228
1192 1199
1194 1354
1196 1203
1198 1206
1200 1229
1202 1221
1204 1234
1206 1200
1208 1204
1210 1203
1212 1202
1214 1201
1216 1210
1218 1169
1220 1238
1222 1167
1224 1168
1226 1202
1228 1139
1230 1174
1232 1139
1234 1137
1236 1213
1238 1155
1240 1138
1242 1137
1244 1210
1246 1253
1248 1320
1250 1137
1252 1137
1254 1137
1256 1138
1258 1140
1260 1174
1262 1138
1264 1176
1266 1195
1268 1136
1270 1137
1272 1136
1274 1138
1276 1140
1278 1136
1280 1136
1282 1174
1284 1137
1286 1138
1288 1135
1290 1136
1292 1210
1294 1136
1296 1138
1298 1173
1300 1136
1302 1137
1304 1231
1306 1215
1308 1164
1310 1168
1312 1216
1314 1170
1316 1170
1318 1168
1320 1138
1322 1137
1324 1213
1326 1138
1328 1138
1330 1138
1332 1138
1334 1137
1336 1137
1338 1137
1340 1137
1342 1173
1344 1136
1346 1137
1348 1213
1350 1199
1352 1136
1354 1138
1356 1138
1358 1236
1360 1252
1362 1169
1364 1167
1366 1136
1368 1337
1370 1175
1372 1170
1374 1169
1376 1167
1378 1139
1380 1138
1382 1137
1384 1174
1386 1173
1388 1172
1390 1288
1392 1392
1394 1169
1396 1168
1398 1208
1400 1203
1402 1167
1404 1206
1406 1255
1408 1168
1410 1209
1412 1169
1414 1169
1416 1336
1418 1137
1420 1137
1422 1174
1424 1216
1426 1485
1428 1395
1430 1171
1432 1169
1434 1205
1436 1201
1438 1203
1440 1250
1442 1193
1444 1175
1446 1139
1448 1141
1450 1139
1452 1139
1454 1139
1456 1138
1458 1139
1460 1137
1462 1136
1464 1137
1466 1207
1468 1168
1470 1167
1472 1172
1474 1140
1476 1139
1478 1138
1480 1157
1482 1390
1484 1236
1486 1172
1488 1168
1490 1197
1492 1269
1494 1170
1496 1139
1498 1273
1500 1137
1502 1245
1504 1138
1506 1212
1508 1210
1510 1137
1512 1137
1514 1137
1516 1137
1518 1139
1520 1137
1522 1194
1524 1140
1526 1216
1528 1138
1530 1211
1532 1271
1534 1138
1536 1138
1538 1174
1540 1219
1542 1139
1544 1138
1546 1139
1548 1285
1550 1139
1552 1254
1554 1243
1556 1168
1558 1197
1560 1137
1562 1212
1564 1137
1566 1211
1568 1138
1570 1137
1572 1138
1574 1140
1576 1213
1578 1136
1580 1137
1582 1155
1584 1138
1586 1138
1588 1138
1590 1136
1592 1136
1594 1136
1596 1137
1598 1137
1600 1137
1602 1136
1604 1137
1606 1137
1608 1175
1610 1138
1612 1138
1614 1212
1616 1137
1618 1136
1620 1138
1622 1137
1624 1213
1626 1139
1628 1137
1630 1137
1632 1138
1634 1202
1636 1137
1638 1137
1640 1173
1642 1138
1644 1138
1646 1136
1648 1137
1650 1137
1652 1137
1654 1136
1656 1173
1658 1212
1660 1136
1662 1136
1664 1215
1666 1139
1668 1137
1670 1211
1672 1175
1674 1137
1676 1136
1678 1138
1680 1172
1682 1137
1684 1137
1686 1215
1688 1136
1690 1136
1692 1173
1694 1136
1696 1176
1698 1136
1700 1136
1702 1210
1704 1137
1706 1138
1708 1174
1710 1136
1712 1136
1714 1136
1716 1212
1718 1137
1720 1136
1722 1137
1724 1138
1726 1136
1728 1136
1730 1137
1732 1137
1734 1136
1736 1138
1738 1137
1740 1172
1742 1135
1744 1166
1746 1208
1748 1170
1750 1205
1752 1164
1754 1206
1756 1167
1758 1203
1760 1163
1762 1214
1764 1209
1766 1162
1768 1236
1770 1321
1772 1258
1774 1205
1776 1219
1778 1166
1780 1168
1782 1167
1784 1165
1786 1164
1788 1137
1790 1172
1792 1134
1794 1206
1796 1204
1798 1134
1800 1172
1802 1135
1804 1135
1806 1207
1808 1134
1810 1136
1812 1133
1814 1134
1816 1134
1818 1165
1820 1287
1822 1226
1824 1133
1826 1132
1828 1208
1830 1171
1832 1133
1834 1133
1836 1133
1838 1132
1840 1132
1842 1206
1844 1134
1846 1133
1848 1134
1850 1133
1852 1133
1854 1133
1856 1134
1858 1134
1860 1133
1862 1207
1864 1132
1866 1132
1868 1247
1870 1132
1872 1133
1874 1133
1876 1132
1878 1132
1880 1218
1882 1132
1884 1134
1886 1134
1888 1172
1890 1133
1892 1208
1894 1139
1896 1138
1898 1134
1900 1171
1902 1135
1904 1133
1906 1133
1908 1134
1910 1134
1912 1207
1914 1169
1916 1132
1918 1132
1920 1132
1922 1132
1924 1131
1926 1150
1928 1309
1930 1133
1932 1169
1934 1166
1936 1163
1938 1134
1940 1133
1942 1173
1944 1210
1946 1134
1948 1135
1950 1207
1952 1133
1954 1135
1956 1132
1958 1134
1960 1132
1962 1134
1964 1133
1966 1133
1968 1133
1970 1133
1972 1132
1974 1134
1976 1193
1978 1135
1980 1172
1982 1170
1984 1133
1986 1132
1988 1132
1990 1170
1992 1132
1994 1132
1996 1133
1998 1132
2000 2307
