2 223
4 204
6 203
8 191
10 192
12 191
14 190
16 181
18 180
20 178
22 177
24 178
26 178
28 176
30 177
32 178
34 176
36 175
38 173
40 173
42 174
44 173
46 173
48 173
50 168
52 235
54 186
56 168
58 169
60 169
62 203
64 187
66 315
68 185
70 184
72 184
74 184
76 206
78 187
80 187
82 186
84 188
86 187
88 184
90 186
92 192
94 192
96 189
98 189
100 191
102 192
104 191
106 191
108 192
110 192
112 192
114 192
116 191
118 192
120 192
122 192
124 192
126 246
128 244
130 257
132 236
134 237
136 294
138 237
140 236
142 237
144 236
146 236
148 236
150 236
152 236
154 237
156 236
158 236
160 237
162 236
164 236
166 237
168 240
170 239
172 237
174 311
176 237
178 314
180 237
182 237
184 237
186 317
188 257
190 297
192 243
194 243
196 245
198 243
200 243
202 265
204 249
206 249
208 280
210 243
212 243
214 243
216 242
218 242
220 242
222 243
224 242
226 244
228 242
230 243
232 242
234 242
236 243
238 242
240 243
242 242
244 243
246 243
248 242
250 362
252 362
254 363
256 362
258 362
260 403
262 361
264 362
266 363
268 362
270 361
272 363
274 361
276 384
278 452
280 536
282 353
284 352
286 352
288 362
290 365
292 362
294 477
296 362
298 362
300 362
302 380
304 409
306 405
308 388
310 387
312 386
314 386
316 385
318 388
320 423
322 476
324 535
326 387
328 387
330 385
332 384
334 386
336 387
338 385
340 386
342 385
344 384
346 385
348 385
350 384
352 383
354 383
356 385
358 456
360 386
362 385
364 384
366 384
368 384
370 386
372 385
374 384
376 386
378 384
380 384
382 384
384 384
386 384
388 388
390 384
392 384
394 388
396 373
398 378
400 412
402 373
404 373
406 373
408 373
410 373
412 373
414 364
416 364
418 363
420 364
422 400
424 364
426 364
428 364
430 364
432 364
434 363
436 364
438 421
440 364
442 366
444 373
446 373
448 383
450 384
452 500
454 392
456 401
458 389
460 387
462 384
464 386
466 385
468 383
470 384
472 383
474 383
476 382
478 384
480 383
482 385
484 383
486 384
488 373
490 373
492 373
494 373
496 373
498 373
500 623
502 623
504 607
506 721
508 672
510 608
512 607
514 607
516 645
518 607
520 607
522 681
524 607
526 607
528 720
530 607
532 607
534 607
536 623
538 624
540 607
542 606
544 607
546 606
548 606
550 681
552 607
554 607
556 607
558 607
560 607
562 623
564 607
566 627
568 644
570 607
572 680
574 680
576 641
578 607
580 608
582 608
584 606
586 608
588 607
590 623
592 623
594 623
596 623
598 643
600 688
602 608
604 686
606 608
608 607
610 607
612 644
614 607
616 626
618 716
620 607
622 607
624 683
626 607
628 607
630 607
632 607
634 607
636 607
638 606
640 606
642 607
644 606
646 607
648 671
650 606
652 607
654 606
656 606
658 606
660 644
662 681
664 608
666 607
668 607
670 607
672 607
674 606
676 680
678 608
680 608
682 607
684 680
686 607
688 607
690 607
692 608
694 607
696 644
698 606
700 607
702 644
704 749
706 607
708 644
710 623
712 623
714 623
716 624
718 623
720 628
722 607
724 608
726 606
728 606
730 685
732 644
734 607
736 607
738 607
740 607
742 606
744 643
746 608
748 607
750 606
752 606
754 606
756 678
758 680
760 607
762 607
764 607
766 607
768 644
770 606
772 606
774 607
776 607
778 644
780 644
782 607
784 648
786 606
788 606
790 645
792 728
794 678
796 625
798 624
800 643
802 627
804 625
806 623
808 747
810 624
812 625
814 663
816 623
818 606
820 609
822 608
824 608
826 607
828 607
830 606
832 607
834 607
836 607
838 628
840 630
842 607
844 608
846 607
848 645
850 607
852 607
854 607
856 680
858 606
860 606
862 608
864 607
866 697
868 607
870 669
872 623
874 624
876 640
878 624
880 623
882 624
884 643
886 623
888 624
890 671
892 623
894 623
896 623
898 623
900 623
902 623
904 624
906 624
908 799
910 607
912 607
914 623
916 623
918 693
920 623
922 663
924 641
926 641
928 639
930 640
932 639
934 639
936 623
938 623
940 623
942 623
944 622
946 607
948 646
950 606
952 606
954 607
956 606
958 608
960 607
962 606
964 606
966 608
968 607
970 607
972 607
974 608
976 607
978 607
980 606
982 608
984 607
986 607
988 607
990 607
992 607
994 691
996 607
998 607
1000 1165
1002 1132
1004 1132
1006 1207
1008 1134
1010 1131
1012 1245
1014 1152
1016 1133
1018 1203
1020 1162
1022 1161
1024 1162
1026 1160
1028 1163
1030 1131
1032 1133
1034 1133
1036 1208
1038 1133
1040 1161
1042 1162
1044 1161
1046 1133
1048 1131
1050 1132
1052 1243
1054 1132
1056 1189
1058 1134
1060 1132
1062 1169
1064 1132
1066 1131
1068 1133
1070 1133
1072 1133
1074 1132
1076 1169
1078 1132
1080 1133
1082 1132
1084 1132
1086 1132
1088 1133
1090 1169
1092 1132
1094 1221
1096 1131
1098 1131
1100 1168
1102 1132
1104 1133
1106 1208
1108 1131
1110 1169
1112 1132
1114 1133
1116 1134
1118 1131
1120 1132
1122 1131
1124 1168
1126 1131
1128 1131
1130 1131
1132 1237
1134 1131
1136 1204
1138 1167
1140 1131
1142 1132
1144 1131
1146 1131
1148 1131
1150 1131
1152 1130
1154 1131
1156 1168
1158 1131
1160 1131
1162 1132
1164 1167
1166 1131
1168 1132
1170 1167
1172 1132
1174 1133
1176 1132
1178 1131
1180 1422
1182 1247
1184 1168
1186 1269
1188 1193
1190 1164
1192 1164
1194 1165
1196 1133
1198 1133
1200 1132
1202 1132
1204 1132
1206 1133
1208 1132
1210 1173
1212 1133
1214 1286
1216 1132
1218 1203
1220 1169
1222 1173
1224 1132
1226 1133
1228 1131
1230 1131
1232 1132
1234 1131
1236 1131
1238 1204
1240 1131
1242 1168
1244 1132
1246 1203
1248 1133
1250 1161
1252 1324
1254 1191
1256 1233
1258 1189
1260 1192
1262 1228
1264 1223
1266 1186
1268 1186
1270 1185
1272 1185
1274 1185
1276 1267
1278 1155
1280 1155
1282 1155
1284 1192
1286 1193
1288 1193
1290 1155
1292 1155
1294 1194
1296 1155
1298 1154
1300 1156
1302 1155
1304 1155
1306 1156
1308 1193
1310 1157
1312 1155
1314 1155
1316 1155
1318 1156
1320 1156
1322 1192
1324 1155
1326 1191
1328 1155
1330 1306
1332 1227
1334 1173
1336 1155
1338 1191
1340 1193
1342 1335
1344 1229
1346 1187
1348 1186
1350 1187
1352 1186
1354 1185
1356 1157
1358 1157
1360 1154
1362 1155
1364 1155
1366 1156
1368 1156
1370 1156
1372 1155
1374 1244
1376 1172
1378 1193
1380 1157
1382 1192
1384 1156
1386 1157
1388 1231
1390 1154
1392 1155
1394 1155
1396 1156
1398 1156
1400 1171
1402 1155
1404 1156
1406 1155
1408 1157
1410 1156
1412 1157
1414 1193
1416 1155
1418 1155
1420 1234
1422 1156
1424 1156
1426 1230
1428 1230
1430 1198
1432 1190
1434 1192
1436 1249
1438 1158
1440 1158
1442 1159
1444 1158
1446 1156
1448 1156
1450 1156
1452 1156
1454 1156
1456 1156
1458 1157
1460 1156
1462 1241
1464 1196
1466 1161
1468 1451
1470 1190
1472 1190
1474 1188
1476 1159
1478 1160
1480 1159
1482 1158
1484 1247
1486 1184
1488 1190
1490 1227
1492 1174
1494 1562
1496 1158
1498 1187
1500 1186
1502 1222
1504 1187
1506 1188
1508 1186
1510 1156
1512 1156
1514 1235
1516 1193
1518 1194
1520 1157
1522 1157
1524 1193
1526 1158
1528 1657
1530 1194
1532 1188
1534 1188
1536 1188
1538 1156
1540 1368
1542 1251
1544 1156
1546 1156
1548 1155
1550 1157
1552 1156
1554 1156
1556 1158
1558 1157
1560 1155
1562 1157
1564 1155
1566 1155
1568 1156
1570 1157
1572 1230
1574 1191
1576 1156
1578 1230
1580 1175
1582 1263
1584 1155
1586 1193
1588 1157
1590 1193
1592 1230
1594 1155
1596 1155
1598 1155
1600 1274
1602 1154
1604 1192
1606 1156
1608 1156
1610 1155
1612 1229
1614 1190
1616 1345
1618 1191
1620 1155
1622 1249
1624 1155
1626 1154
1628 1156
1630 1156
1632 1155
1634 1155
1636 1156
1638 1155
1640 1155
1642 1155
1644 1156
1646 1156
1648 1155
1650 1154
1652 1155
1654 1157
1656 1192
1658 1155
1660 1155
1662 1193
1664 1229
1666 1156
1668 1158
1670 1155
1672 1154
1674 1155
1676 1155
1678 1156
1680 1191
1682 1154
1684 1155
1686 1155
1688 1157
1690 1157
1692 1156
1694 1228
1696 1156
1698 1155
1700 1192
1702 1156
1704 1156
1706 1156
1708 1192
1710 1155
1712 1155
1714 1157
1716 1230
1718 1286
1720 1157
1722 1155
1724 1156
1726 1268
1728 1155
1730 1155
1732 1192
1734 1155
1736 1226
1738 1211
1740 1156
1742 1156
1744 1155
1746 1155
1748 1192
1750 1230
1752 1155
1754 1155
1756 1446
1758 1155
1760 1326
1762 1247
1764 1188
1766 1189
1768 1399
1770 1225
1772 1188
1774 1188
1776 1208
1778 1282
1780 1223
1782 1186
1784 1157
1786 1267
1788 1157
1790 1158
1792 1157
1794 1155
1796 1237
1798 1155
1800 1201
1802 1157
1804 1155
1806 1157
1808 1157
1810 1193
1812 1192
1814 1155
1816 1157
1818 1192
1820 1777
1822 1363
1824 1334
1826 1314
1828 1229
1830 1228
1832 1227
1834 1196
1836 1196
1838 1196
1840 1165
1842 1164
1844 1163
1846 1270
1848 1166
1850 1249
1852 1445
1854 1200
1856 1388
1858 1233
1860 1203
1862 1396
1864 1359
1866 1259
1868 1246
1870 1258
1872 1229
1874 1231
1876 1196
1878 1195
1880 1195
1882 1166
1884 1194
1886 1165
1888 1236
1890 1165
1892 1165
1894 1164
1896 1163
1898 1162
1900 1236
1902 1166
1904 1164
1906 1163
1908 1164
1910 1163
1912 1165
1914 1243
1916 1163
1918 1179
1920 1163
1922 1163
1924 1201
1926 1164
1928 1164
1930 1183
1932 1165
1934 1235
1936 1306
1938 1232
1940 1182
1942 1167
1944 1165
1946 1184
1948 1165
1950 1165
1952 1240
1954 1165
1956 1164
1958 1202
1960 1200
1962 1165
1964 1165
1966 1163
1968 1220
1970 1163
1972 1163
1974 1201
1976 1165
1978 1165
1980 1164
1982 1165
1984 1164
1986 1164
1988 1164
1990 1165
1992 1165
1994 1166
1996 1164
1998 1165
2000 2287
