2 526
4 481
6 488
8 430
10 422
12 426
14 424
16 404
18 415
20 341
22 333
24 335
26 336
28 335
30 334
32 339
34 340
36 259
38 255
40 254
42 254
44 254
46 252
48 254
50 253
52 253
54 250
56 253
58 253
60 251
62 276
64 239
66 239
68 236
70 233
72 232
74 232
76 231
78 235
80 236
82 232
84 236
86 231
88 232
90 231
92 231
94 233
96 232
98 205
100 204
102 205
104 236
106 209
108 208
110 206
112 206
114 206
116 206
118 205
120 205
122 204
124 206
126 266
128 267
130 266
132 265
134 266
136 265
138 265
140 264
142 276
144 274
146 250
148 251
150 250
152 250
154 250
156 250
158 249
160 250
162 250
164 250
166 252
168 250
170 250
172 250
174 249
176 244
178 244
180 243
182 244
184 244
186 243
188 280
190 244
192 280
194 279
196 279
198 280
200 280
202 279
204 280
206 340
208 281
210 280
212 244
214 280
216 244
218 244
220 243
222 280
224 244
226 243
228 281
230 244
232 244
234 250
236 249
238 250
240 250
242 250
244 251
246 312
248 250
250 380
252 383
254 381
256 380
258 380
260 380
262 381
264 379
266 379
268 380
270 379
272 379
274 379
276 379
278 379
280 380
282 379
284 380
286 380
288 379
290 379
292 379
294 437
296 380
298 379
300 380
302 379
304 379
306 378
308 379
310 380
312 381
314 379
316 378
318 380
320 379
322 379
324 379
326 379
328 379
330 379
332 406
334 422
336 441
338 369
340 406
342 405
344 368
346 369
348 369
350 379
352 379
354 379
356 379
358 379
360 381
362 382
364 389
366 381
368 379
370 380
372 381
374 379
376 379
378 379
380 379
382 379
384 379
386 388
388 369
390 369
392 407
394 406
396 468
398 387
400 369
402 404
404 391
406 381
408 379
410 379
412 379
414 379
416 380
418 379
420 379
422 378
424 388
426 368
428 369
430 369
432 419
434 370
436 404
438 369
440 369
442 447
444 403
446 441
448 403
450 368
452 369
454 369
456 405
458 369
460 379
462 379
464 378
466 378
468 379
470 379
472 379
474 379
476 379
478 379
480 379
482 379
484 379
486 379
488 379
490 381
492 380
494 379
496 379
498 405
500 669
502 632
504 634
506 631
508 630
510 631
512 630
514 670
516 669
518 631
520 630
522 631
524 632
526 632
528 631
530 630
532 677
534 630
536 632
538 629
540 631
542 665
544 629
546 670
548 630
550 629
552 630
554 630
556 629
558 629
560 630
562 630
564 630
566 668
568 631
570 630
572 628
574 629
576 629
578 631
580 630
582 699
584 629
586 667
588 629
590 631
592 631
594 629
596 629
598 670
600 634
602 630
604 630
606 654
608 630
610 667
612 631
614 631
616 613
618 612
620 613
622 632
624 693
626 614
628 614
630 614
632 613
634 650
636 615
638 614
640 613
642 612
644 615
646 667
648 629
650 629
652 629
654 630
656 631
658 640
660 614
662 614
664 614
666 616
668 614
670 613
672 612
674 613
676 613
678 613
680 613
682 630
684 613
686 613
688 615
690 613
692 614
694 720
696 613
698 613
700 613
702 613
704 613
706 685
708 614
710 615
712 614
714 613
716 613
718 727
720 613
722 613
724 613
726 781
728 712
730 614
732 614
734 642
736 630
738 630
740 648
742 680
744 634
746 630
748 631
750 631
752 630
754 630
756 629
758 630
760 630
762 630
764 650
766 631
768 665
770 630
772 630
774 671
776 631
778 631
780 630
782 630
784 630
786 694
788 614
790 841
792 613
794 788
796 614
798 738
800 698
802 956
804 649
806 650
808 682
810 651
812 678
814 649
816 648
818 715
820 649
822 648
824 648
826 647
828 652
830 656
832 654
834 654
836 890
838 920
840 803
842 655
844 667
846 655
848 653
850 681
852 656
854 654
856 664
858 778
860 674
862 635
864 764
866 653
868 655
870 657
872 654
874 683
876 655
878 657
880 653
882 684
884 683
886 653
888 652
890 652
892 678
894 653
896 653
898 636
900 636
902 635
904 636
906 635
908 670
910 635
912 636
914 636
916 636
918 636
920 671
922 636
924 722
926 620
928 658
930 620
932 620
934 620
936 619
938 619
940 656
942 619
944 671
946 635
948 636
950 639
952 767
954 619
956 657
958 618
960 691
962 671
964 636
966 636
968 694
970 635
972 636
974 619
976 620
978 619
980 700
982 619
984 619
986 619
988 621
990 620
992 620
994 620
996 620
998 620
1000 1160
1002 1189
1004 1189
1006 1238
1008 1158
1010 1160
1012 1354
1014 1193
1016 1191
1018 1190
1020 1189
1022 1204
1024 1274
1026 1157
1028 1158
1030 1232
1032 1158
1034 1158
1036 1233
1038 1187
1040 1193
1042 1158
1044 1159
1046 1157
1048 1157
1050 1157
1052 1158
1054 1157
1056 1237
1058 1197
1060 1194
1062 1174
1064 1156
1066 1241
1068 1193
1070 1156
1072 1310
1074 1263
1076 1159
1078 1157
1080 1157
1082 1216
1084 1156
1086 1156
1088 1157
1090 1156
1092 1193
1094 1278
1096 1156
1098 1156
1100 1156
1102 1156
1104 1156
1106 1194
1108 1158
1110 1157
1112 1214
1114 1193
1116 1265
1118 1155
1120 1156
1122 1157
1124 1156
1126 1156
1128 1158
1130 1264
1132 1156
1134 1157
1136 1294
1138 1159
1140 1189
1142 1228
1144 1192
1146 1254
1148 1189
1150 1189
1152 1264
1154 1226
1156 1189
1158 1191
1160 1189
1162 1187
1164 1188
1166 1331
1168 1257
1170 1223
1172 1179
1174 1156
1176 1156
1178 1156
1180 1230
1182 1157
1184 1158
1186 1192
1188 1155
1190 1155
1192 1196
1194 1156
1196 1156
1198 1194
1200 1156
1202 1228
1204 1238
1206 1157
1208 1194
1210 1177
1212 1155
1214 1155
1216 1156
1218 1317
1220 1189
1222 1188
1224 1250
1226 1159
1228 1157
1230 1157
1232 1158
1234 1157
1236 1156
1238 1264
1240 1156
1242 1230
1244 1156
1246 1156
1248 1193
1250 1157
1252 1193
1254 1156
1256 1156
1258 1156
1260 1157
1262 1156
1264 1156
1266 1156
1268 1156
1270 1156
1272 1156
1274 1260
1276 1155
1278 1156
1280 1193
1282 1156
1284 1157
1286 1177
1288 1306
1290 1195
1292 1155
1294 1155
1296 1155
1298 1155
1300 1157
1302 1157
1304 1156
1306 1156
1308 1156
1310 1155
1312 1192
1314 1155
1316 1154
1318 1191
1320 1155
1322 1156
1324 1154
1326 1192
1328 1237
1330 1157
1332 1192
1334 1156
1336 1157
1338 1156
1340 1193
1342 1157
1344 1156
1346 1156
1348 1156
1350 1194
1352 1157
1354 1157
1356 1193
1358 1228
1360 1261
1362 1155
1364 1158
1366 1311
1368 1258
1370 1237
1372 1157
1374 1240
1376 1159
1378 1193
1380 1188
1382 1248
1384 1157
1386 1156
1388 1267
1390 1155
1392 1158
1394 1192
1396 1229
1398 1190
1400 1192
1402 1156
1404 1211
1406 1157
1408 1156
1410 1156
1412 1156
1414 1157
1416 1156
1418 1157
1420 1157
1422 1157
1424 1297
1426 1223
1428 1188
1430 1189
1432 1188
1434 1339
1436 1177
1438 1160
1440 1160
1442 1159
1444 1159
1446 1298
1448 1160
1450 1160
1452 1161
1454 1159
1456 1158
1458 1161
1460 1197
1462 1159
1464 1159
1466 1157
1468 1203
1470 1158
1472 1157
1474 1194
1476 1156
1478 1201
1480 1165
1482 1195
1484 1255
1486 1193
1488 1192
1490 1264
1492 1241
1494 1160
1496 1197
1498 1163
1500 1162
1502 1198
1504 1245
1506 1161
1508 1160
1510 1159
1512 1229
1514 1161
1516 1160
1518 1160
1520 1160
1522 1161
1524 1161
1526 1161
1528 1161
1530 1160
1532 1160
1534 1248
1536 1160
1538 1162
1540 1197
1542 1159
1544 1160
1546 1236
1548 1161
1550 1162
1552 1161
1554 1160
1556 1159
1558 1160
1560 1159
1562 1160
1564 1160
1566 1159
1568 1159
1570 1158
1572 1159
1574 1159
1576 1161
1578 1197
1580 1160
1582 1160
1584 1216
1586 1200
1588 1159
1590 1161
1592 1159
1594 1159
1596 1159
1598 1159
1600 1158
1602 1270
1604 1161
1606 1161
1608 1196
1610 1158
1612 1158
1614 1159
1616 1268
1618 1159
1620 1158
1622 1305
1624 1160
1626 1159
1628 1196
1630 1158
1632 1159
1634 1158
1636 1161
1638 1160
1640 1160
1642 1161
1644 1162
1646 1160
1648 1160
1650 1159
1652 1159
1654 1197
1656 1159
1658 1158
1660 1234
1662 1160
1664 1159
1666 1301
1668 1196
1670 1159
1672 1231
1674 1159
1676 1159
1678 1159
1680 1159
1682 1159
1684 1159
1686 1233
1688 1160
1690 1197
1692 1161
1694 1161
1696 1161
1698 1196
1700 1160
1702 1228
1704 1162
1706 1203
1708 1191
1710 1190
1712 1344
1714 1437
1716 1192
1718 1192
1720 1192
1722 1190
1724 1293
1726 1193
1728 1321
1730 1161
1732 1161
1734 1196
1736 1161
1738 1161
1740 1163
1742 1159
1744 1159
1746 1198
1748 1195
1750 1160
1752 1234
1754 1196
1756 1161
1758 1161
1760 1160
1762 1160
1764 1160
1766 1417
1768 1217
1770 1163
1772 1197
1774 1161
1776 1160
1778 1197
1780 1237
1782 1161
1784 1160
1786 1160
1788 1162
1790 1417
1792 1191
1794 1260
1796 1231
1798 1165
1800 1243
1802 1244
1804 1191
1806 1190
1808 1235
1810 1160
1812 1160
1814 1161
1816 1160
1818 1159
1820 1254
1822 1161
1824 1160
1826 1161
1828 1197
1830 1160
1832 1163
1834 1160
1836 1160
1838 1160
1840 1198
1842 1160
1844 1161
1846 1267
1848 1161
1850 1161
1852 1161
1854 1160
1856 1197
1858 1159
1860 1160
1862 1160
1864 1160
1866 1161
1868 1159
1870 1160
1872 1199
1874 1161
1876 1160
1878 1227
1880 1159
1882 1160
1884 1266
1886 1160
1888 1230
1890 1160
1892 1159
1894 1160
1896 1160
1898 1159
1900 1160
1902 1159
1904 1159
1906 1159
1908 1160
1910 1298
1912 1202
1914 1162
1916 1198
1918 1235
1920 1162
1922 1197
1924 1268
1926 1163
1928 1162
1930 1161
1932 1160
1934 1305
1936 1160
1938 1160
1940 1160
1942 1160
1944 1217
1946 1162
1948 1164
1950 1200
1952 1197
1954 1196
1956 1162
1958 1161
1960 1266
1962 1160
1964 1160
1966 1160
1968 1160
1970 1160
1972 1160
1974 1160
1976 1160
1978 1161
1980 1197
1982 1196
1984 1160
1986 1161
1988 1161
1990 1161
1992 1269
1994 1160
1996 1237
1998 1250
2000 2293
