2 116
4 103
6 104
8 101
10 101
12 100
14 100
16 110
18 109
20 109
22 109
24 109
26 109
28 109
30 109
32 138
34 138
36 137
38 138
40 138
42 138
44 137
46 138
48 137
50 138
52 138
54 208
56 158
58 142
60 141
62 174
64 206
66 257
68 200
70 200
72 201
74 220
76 206
78 206
80 206
82 206
84 206
86 206
88 206
90 206
92 207
94 206
96 206
98 206
100 206
102 206
104 208
106 206
108 205
110 206
112 206
114 206
116 206
118 206
120 206
122 206
124 206
126 337
128 337
130 337
132 337
134 337
136 374
138 358
140 338
142 337
144 337
146 337
148 337
150 337
152 337
154 337
156 337
158 337
160 337
162 337
164 337
166 337
168 337
170 354
172 337
174 337
176 337
178 337
180 338
182 337
184 337
186 359
188 338
190 497
192 337
194 337
196 337
198 337
200 337
202 354
204 337
206 377
208 337
210 337
212 371
214 337
216 336
218 337
220 337
222 337
224 477
226 339
228 339
230 337
232 337
234 337
236 352
238 370
240 395
242 361
244 345
246 338
248 336
250 610
252 610
254 610
256 641
258 611
260 609
262 609
264 610
266 608
268 608
270 608
272 608
274 608
276 608
278 644
280 609
282 608
284 608
286 594
288 592
290 594
292 594
294 630
296 591
298 591
300 591
302 593
304 593
306 593
308 784
310 666
312 594
314 593
316 596
318 593
320 670
322 592
324 618
326 609
328 609
330 607
332 608
334 609
336 609
338 608
340 608
342 608
344 591
346 594
348 594
350 593
352 594
354 615
356 594
358 592
360 592
362 629
364 592
366 592
368 593
370 592
372 592
374 593
376 592
378 592
380 593
382 593
384 645
386 593
388 593
390 593
392 593
394 593
396 591
398 593
400 593
402 592
404 666
406 593
408 591
410 591
412 593
414 593
416 593
418 592
420 591
422 592
424 709
426 591
428 629
430 592
432 630
434 594
436 592
438 667
440 592
442 592
444 635
446 591
448 593
450 593
452 595
454 593
456 592
458 594
460 628
462 594
464 594
466 649
468 686
470 658
472 733
474 630
476 593
478 615
480 607
482 609
484 609
486 611
488 607
490 609
492 690
494 607
496 609
498 609
500 1161
502 1161
504 1199
506 1161
508 1161
510 1131
512 1131
514 1130
516 1131
518 1278
520 1131
522 1130
524 1221
526 1132
528 1131
530 1130
532 1130
534 1131
536 1130
538 1131
540 1131
542 1131
544 1130
546 1131
548 1132
550 1131
552 1168
554 1131
556 1131
558 1131
560 1206
562 1131
564 1206
566 1215
568 1168
570 1169
572 1211
574 1131
576 1222
578 1133
580 1132
582 1170
584 1168
586 1130
588 1166
590 1131
592 1132
594 1131
596 1131
598 1131
600 1240
602 1218
604 1203
606 1131
608 1131
610 1239
612 1168
614 1133
616 1131
618 1131
620 1189
622 1168
624 1240
626 1132
628 1131
630 1131
632 1131
634 1130
636 1170
638 1131
640 1132
642 1131
644 1169
646 1132
648 1168
650 1133
652 1133
654 1133
656 1131
658 1133
660 1203
662 1130
664 1130
666 1131
668 1131
670 1131
672 1168
674 1133
676 1133
678 1169
680 1171
682 1208
684 1190
686 1174
688 1130
690 1131
692 1131
694 1168
696 1206
698 1133
700 1132
702 1281
704 1250
706 1162
708 1161
710 1161
712 1162
714 1161
716 1161
718 1133
720 1189
722 1131
724 1131
726 1130
728 1131
730 1131
732 1168
734 1168
736 1132
738 1133
740 1131
742 1131
744 1202
746 1132
748 1131
750 1203
752 1131
754 1132
756 1241
758 1193
760 1133
762 1133
764 1168
766 1131
768 1168
770 1130
772 1132
774 1131
776 1130
778 1131
780 1209
782 1129
784 1168
786 1131
788 1132
790 1132
792 1247
794 1133
796 1132
798 1132
800 1174
802 1382
804 1316
806 1161
808 1249
810 1163
812 1253
814 1229
816 1160
818 1161
820 1160
822 1200
824 1161
826 1170
828 1263
830 1212
832 1134
834 1133
836 1133
838 1335
840 1171
842 1212
844 1200
846 1159
848 1161
850 1161
852 1161
854 1161
856 1161
858 1196
860 1161
862 1158
864 1163
866 1162
868 1163
870 1163
872 1162
874 1162
876 1216
878 1428
880 1161
882 1184
884 1160
886 1244
888 1161
890 1159
892 1204
894 1161
896 1159
898 1161
900 1161
902 1196
904 1160
906 1159
908 1161
910 1181
912 1131
914 1151
916 1131
918 1204
920 1130
922 1203
924 1214
926 1205
928 1132
930 1207
932 1165
934 1161
936 1201
938 1162
940 1162
942 1178
944 1133
946 1133
948 1132
950 1133
952 1133
954 1209
956 1131
958 1133
960 1130
962 1130
964 1130
966 1169
968 1133
970 1132
972 1128
974 1133
976 1132
978 1168
980 1132
982 1131
984 1131
986 1130
988 1131
990 1167
992 1131
994 1131
996 1167
998 1131
1000 2216
1002 2255
1004 2215
1006 2217
1008 2216
1010 2254
1012 2300
1014 2252
1016 2215
1018 2295
1020 2325
1022 2219
1024 2218
1026 2339
1028 2216
1030 2253
1032 2249
1034 2313
1036 2314
1038 2255
1040 2219
1042 2219
1044 2252
1046 2217
1048 2290
1050 2290
1052 2216
1054 2216
1056 2216
1058 2369
1060 2255
1062 2299
1064 2339
1066 2217
1068 2216
1070 2253
1072 2216
1074 2216
1076 2349
1078 2297
1080 2362
1082 2217
1084 2215
1086 2214
1088 2288
1090 2309
1092 2217
1094 2217
1096 2290
1098 2213
1100 2253
1102 2252
1104 2216
1106 2213
1108 2253
1110 2217
1112 2254
1114 2217
1116 2253
1118 2253
1120 2294
1122 2310
1124 2217
1126 2218
1128 2324
1130 2215
1132 2215
1134 2372
1136 2213
1138 2317
1140 2888
1142 2217
1144 2275
1146 2349
1148 2461
1150 2275
1152 2277
1154 2278
1156 2277
1158 2311
1160 2294
1162 2213
1164 2253
1166 2216
1168 2216
1170 2291
1172 2219
1174 2286
1176 2291
1178 2214
1180 2217
1182 2216
1184 2411
1186 2280
1188 2274
1190 2277
1192 2274
1194 2326
1196 2502
1198 2274
1200 2489
1202 2275
1204 2275
1206 2299
1208 2217
1210 2290
1212 2258
1214 2249
1216 2216
1218 2325
1220 2216
1222 2217
1224 2252
1226 2259
1228 2214
1230 2250
1232 2254
1234 2216
1236 2217
1238 2219
1240 2220
1242 2219
1244 2216
1246 2218
1248 2216
1250 2321
1252 2214
1254 2349
1256 2252
1258 2218
1260 3018
1262 2329
1264 2342
1266 2362
1268 2332
1270 2275
1272 2277
1274 2334
1276 2216
1278 2216
1280 2216
1282 2253
1284 2256
1286 2218
1288 2252
1290 2219
1292 2219
1294 2218
1296 2217
1298 2216
1300 2316
1302 2216
1304 2292
1306 2288
1308 2252
1310 2216
1312 2468
1314 2277
1316 2277
1318 2303
1320 2220
1322 2219
1324 2216
1326 2291
1328 2217
1330 2328
1332 2217
1334 2214
1336 2290
1338 2217
1340 2219
1342 2256
1344 2215
1346 2254
1348 2220
1350 2217
1352 2218
1354 2252
1356 2217
1358 2217
1360 2253
1362 2253
1364 2218
1366 2216
1368 2292
1370 2218
1372 2480
1374 2310
1376 2214
1378 2271
1380 2217
1382 2212
1384 2216
1386 2218
1388 2216
1390 2252
1392 2215
1394 2402
1396 2212
1398 2217
1400 2290
1402 2252
1404 2329
1406 2290
1408 2213
1410 2215
1412 2215
1414 2216
1416 2216
1418 2214
1420 2214
1422 2214
1424 2217
1426 2253
1428 2217
1430 2213
1432 2331
1434 2378
1436 2286
1438 2275
1440 2274
1442 2216
1444 2292
1446 2300
1448 2298
1450 2215
1452 2219
1454 2219
1456 2220
1458 2213
1460 2213
1462 2290
1464 2250
1466 2365
1468 2219
1470 2254
1472 2218
1474 2547
1476 2280
1478 2275
1480 2274
1482 2451
1484 3109
1486 2382
1488 2317
1490 2316
1492 2383
1494 2275
1496 2275
1498 2275
1500 2276
1502 2277
1504 2278
1506 2271
1508 2291
1510 2217
1512 2289
1514 2215
1516 2221
1518 2254
1520 2214
1522 2307
1524 2219
1526 2217
1528 2217
1530 2290
1532 2265
1534 2218
1536 2293
1538 2253
1540 2213
1542 2290
1544 2254
1546 2324
1548 2366
1550 2278
1552 2277
1554 2274
1556 2251
1558 2214
1560 2217
1562 2214
1564 2219
1566 2252
1568 2217
1570 2252
1572 2436
1574 2492
1576 2332
1578 2282
1580 2439
1582 2326
1584 2277
1586 2275
1588 2275
1590 2289
1592 2212
1594 2287
1596 2218
1598 2216
1600 2289
1602 2219
1604 2295
1606 2344
1608 2217
1610 2216
1612 2292
1614 2264
1616 2216
1618 2326
1620 2313
1622 2220
1624 2219
1626 2221
1628 2219
1630 2219
1632 2351
1634 2217
1636 2441
1638 2217
1640 2215
1642 2289
1644 2214
1646 2214
1648 2269
1650 2217
1652 2217
1654 2214
1656 2219
1658 2289
1660 2255
1662 2219
1664 2216
1666 2216
1668 2213
1670 2215
1672 2338
1674 2250
1676 2216
1678 2218
1680 2254
1682 2218
1684 2253
1686 2326
1688 2217
1690 2217
1692 2213
1694 2216
1696 2221
1698 2217
1700 2219
1702 2216
1704 2253
1706 2288
1708 2250
1710 2216
1712 2326
1714 2219
1716 2219
1718 2293
1720 2253
1722 2312
1724 2389
1726 2216
1728 2261
1730 2273
1732 2309
1734 2241
1736 2317
1738 2216
1740 2212
1742 2252
1744 2218
1746 2219
1748 2255
1750 2255
1752 2216
1754 2217
1756 2219
1758 2219
1760 2218
1762 2652
1764 2395
1766 2275
1768 2258
1770 2451
1772 2398
1774 2277
1776 2345
1778 2304
1780 2438
1782 2216
1784 2337
1786 2257
1788 2220
1790 2293
1792 2289
1794 2216
1796 2253
1798 2288
1800 2216
1802 2323
1804 2254
1806 2738
1808 2343
1810 2318
1812 2275
1814 2350
1816 2218
1818 2213
1820 2219
1822 2218
1824 2253
1826 2217
1828 2297
1830 2296
1832 2218
1834 2253
1836 2251
1838 2254
1840 2313
1842 2255
1844 2216
1846 2216
1848 2216
1850 2253
1852 2650
1854 2287
1856 2276
1858 2275
1860 2362
1862 2491
1864 2319
1866 2445
1868 2312
1870 2311
1872 2333
1874 2274
1876 2310
1878 2275
1880 2393
1882 2276
1884 2350
1886 2274
1888 2218
1890 2254
1892 2539
1894 2274
1896 2382
1898 2276
1900 2274
1902 2275
1904 2242
1906 2289
1908 2296
1910 2388
1912 2275
1914 2316
1916 2275
1918 2281
1920 2316
1922 2275
1924 2275
1926 2306
1928 2216
1930 2215
1932 2216
1934 2400
1936 2287
1938 2219
1940 2365
1942 2349
1944 2215
1946 2253
1948 2445
1950 2274
1952 2276
1954 2276
1956 2216
1958 2324
1960 2435
1962 2216
1964 2288
1966 2218
1968 2251
1970 2213
1972 2401
1974 2218
1976 2216
1978 2215
1980 2216
1982 2212
1984 2328
1986 2216
1988 2411
1990 2287
1992 2217
1994 2256
1996 2274
1998 2326
2000 4546
