2 115
4 104
6 103
8 101
10 100
12 101
14 100
16 109
18 108
20 108
22 145
24 108
26 108
28 109
30 108
32 138
34 138
36 137
38 137
40 137
42 138
44 137
46 138
48 137
50 138
52 136
54 178
56 138
58 138
60 138
62 169
64 201
66 201
68 201
70 201
72 200
74 200
76 201
78 201
80 201
82 199
84 200
86 200
88 201
90 218
92 200
94 200
96 200
98 201
100 200
102 200
104 200
106 200
108 200
110 200
112 200
114 201
116 200
118 201
120 201
122 201
124 201
126 329
128 328
130 328
132 328
134 328
136 329
138 328
140 329
142 329
144 329
146 389
148 328
150 328
152 328
154 328
156 329
158 329
160 328
162 328
164 328
166 329
168 365
170 329
172 329
174 328
176 328
178 328
180 329
182 328
184 328
186 329
188 328
190 328
192 328
194 329
196 401
198 329
200 329
202 329
204 328
206 328
208 366
210 329
212 328
214 329
216 329
218 329
220 329
222 329
224 329
226 329
228 329
230 386
232 329
234 329
236 329
238 329
240 329
242 329
244 346
246 328
248 328
250 593
252 632
254 593
256 593
258 629
260 593
262 592
264 654
266 790
268 674
270 703
272 620
274 609
276 609
278 609
280 608
282 609
284 609
286 644
288 668
290 643
292 594
294 734
296 593
298 593
300 593
302 591
304 595
306 594
308 594
310 594
312 594
314 694
316 593
318 593
320 594
322 631
324 659
326 593
328 593
330 592
332 594
334 633
336 592
338 591
340 674
342 592
344 592
346 593
348 593
350 594
352 594
354 631
356 591
358 594
360 594
362 594
364 591
366 594
368 591
370 591
372 631
374 593
376 613
378 591
380 594
382 591
384 591
386 594
388 593
390 594
392 593
394 594
396 613
398 665
400 593
402 592
404 593
406 593
408 632
410 592
412 594
414 630
416 591
418 631
420 591
422 591
424 594
426 609
428 613
430 703
432 591
434 610
436 591
438 591
440 593
442 688
444 594
446 593
448 593
450 592
452 594
454 593
456 594
458 593
460 593
462 593
464 593
466 776
468 593
470 593
472 593
474 593
476 593
478 594
480 630
482 593
484 617
486 609
488 610
490 609
492 609
494 607
496 609
498 609
500 1197
502 1133
504 1134
506 1188
508 1132
510 1132
512 1210
514 1134
516 1133
518 1132
520 1169
522 1206
524 1204
526 1134
528 1133
530 1133
532 1133
534 1133
536 1213
538 1131
540 1217
542 1131
544 1131
546 1131
548 1208
550 1131
552 1169
554 1131
556 1131
558 1245
560 1168
562 1131
564 1131
566 1131
568 1270
570 1133
572 1132
574 1193
576 1241
578 1162
580 1225
582 1163
584 1160
586 1202
588 1162
590 1163
592 1162
594 1163
596 1200
598 1163
600 1202
602 1215
604 1159
606 1161
608 1160
610 1161
612 1208
614 1202
616 1130
618 1131
620 1131
622 1129
624 1130
626 1131
628 1132
630 1240
632 1132
634 1212
636 1132
638 1131
640 1186
642 1153
644 1326
646 1161
648 1161
650 1161
652 1160
654 1133
656 1131
658 1131
660 1131
662 1206
664 1130
666 1132
668 1134
670 1131
672 1132
674 1131
676 1130
678 1132
680 1169
682 1168
684 1133
686 1131
688 1131
690 1243
692 1204
694 1205
696 1133
698 1133
700 1132
702 1129
704 1205
706 1131
708 1131
710 1133
712 1215
714 1132
716 1169
718 1131
720 1131
722 1129
724 1131
726 1129
728 1168
730 1166
732 1209
734 1131
736 1132
738 1132
740 1242
742 1131
744 1131
746 1131
748 1131
750 1167
752 1204
754 1287
756 1131
758 1131
760 1131
762 1131
764 1242
766 1131
768 1131
770 1131
772 1131
774 1211
776 1167
778 1135
780 1133
782 1133
784 1132
786 1133
788 1166
790 1131
792 1204
794 1134
796 1132
798 1134
800 1206
802 1133
804 1133
806 1133
808 1132
810 1170
812 1204
814 1133
816 1133
818 1133
820 1130
822 1133
824 1207
826 1131
828 1132
830 1132
832 1287
834 1132
836 1168
838 1131
840 1131
842 1251
844 1131
846 1131
848 1166
850 1133
852 1132
854 1131
856 1130
858 1131
860 1204
862 1131
864 1230
866 1131
868 1132
870 1197
872 1162
874 1161
876 1162
878 1161
880 1161
882 1159
884 1129
886 1131
888 1132
890 1150
892 1133
894 1131
896 1205
898 1131
900 1131
902 1131
904 1170
906 1131
908 1166
910 1206
912 1133
914 1133
916 1409
918 1310
920 1132
922 1133
924 1398
926 1161
928 1161
930 1161
932 1161
934 1161
936 1164
938 1189
940 1239
942 1161
944 1162
946 1163
948 1153
950 1214
952 1201
954 1212
956 1167
958 1179
960 1210
962 1201
964 1201
966 1162
968 1161
970 1164
972 1161
974 1160
976 1161
978 1218
980 1129
982 1131
984 1131
986 1129
988 1132
990 1128
992 1252
994 1132
996 1131
998 1131
1000 2265
1002 2216
1004 2212
1006 2250
1008 2217
1010 2217
1012 2255
1014 2216
1016 2215
1018 2253
1020 2295
1022 2217
1024 2299
1026 2216
1028 2216
1030 2293
1032 2214
1034 2291
1036 2217
1038 2251
1040 2216
1042 2217
1044 2271
1046 2449
1048 2219
1050 2258
1052 2426
1054 2291
1056 2250
1058 2332
1060 2257
1062 2374
1064 2277
1066 2272
1068 2271
1070 2212
1072 2216
1074 2214
1076 2233
1078 2215
1080 2213
1082 2252
1084 2291
1086 2219
1088 2288
1090 2213
1092 2254
1094 2254
1096 2218
1098 2218
1100 2219
1102 2289
1104 2216
1106 2218
1108 2251
1110 2216
1112 2251
1114 2293
1116 2213
1118 2217
1120 2253
1122 2234
1124 2292
1126 2216
1128 2214
1130 2214
1132 2216
1134 2336
1136 2275
1138 2275
1140 2275
1142 2384
1144 2331
1146 2290
1148 2250
1150 2301
1152 2549
1154 2276
1156 2311
1158 2317
1160 2277
1162 2352
1164 2361
1166 2216
1168 2274
1170 2278
1172 2372
1174 2312
1176 2274
1178 2327
1180 2254
1182 2219
1184 2220
1186 2216
1188 2217
1190 2219
1192 2216
1194 2253
1196 2218
1198 2253
1200 2252
1202 2218
1204 2216
1206 2364
1208 2221
1210 2299
1212 2255
1214 2216
1216 2216
1218 2213
1220 2216
1222 2216
1224 2216
1226 2255
1228 2216
1230 2216
1232 2327
1234 2216
1236 2331
1238 2252
1240 2217
1242 2349
1244 2487
1246 2217
1248 2361
1250 2279
1252 2275
1254 2305
1256 2276
1258 2275
1260 2255
1262 2212
1264 2258
1266 2396
1268 2215
1270 2217
1272 2217
1274 2217
1276 2361
1278 2216
1280 2328
1282 2255
1284 2216
1286 2217
1288 2295
1290 2216
1292 2290
1294 2382
1296 2219
1298 2586
1300 2277
1302 2391
1304 2275
1306 2277
1308 2276
1310 2270
1312 2287
1314 2218
1316 2213
1318 2494
1320 2218
1322 2219
1324 2278
1326 2327
1328 2216
1330 2215
1332 2416
1334 2217
1336 2217
1338 2299
1340 2369
1342 2215
1344 2253
1346 2310
1348 2217
1350 2329
1352 2219
1354 2220
1356 2354
1358 2275
1360 2276
1362 2330
1364 2215
1366 2216
1368 2213
1370 2252
1372 2216
1374 2325
1376 2289
1378 2217
1380 2216
1382 2324
1384 2334
1386 2215
1388 2252
1390 2216
1392 2217
1394 2327
1396 2217
1398 2234
1400 2217
1402 2213
1404 2252
1406 2214
1408 2328
1410 2217
1412 2214
1414 2291
1416 2216
1418 2216
1420 2252
1422 2215
1424 2322
1426 2254
1428 2253
1430 2216
1432 2216
1434 2217
1436 2438
1438 2216
1440 2253
1442 2218
1444 2212
1446 2287
1448 2219
1450 2265
1452 2219
1454 2216
1456 2216
1458 2294
1460 2219
1462 2212
1464 2292
1466 2216
1468 2218
1470 2367
1472 2216
1474 2215
1476 2255
1478 2218
1480 2217
1482 2252
1484 2216
1486 2218
1488 2216
1490 2295
1492 2252
1494 2214
1496 2401
1498 2216
1500 2216
1502 2401
1504 2213
1506 2213
1508 2253
1510 2216
1512 2216
1514 2216
1516 2325
1518 2213
1520 2252
1522 2218
1524 2221
1526 2212
1528 2291
1530 2217
1532 2685
1534 2251
1536 2393
1538 2275
1540 2387
1542 2374
1544 2338
1546 2335
1548 2338
1550 2335
1552 2329
1554 2429
1556 2316
1558 2278
1560 2442
1562 2352
1564 2277
1566 2275
1568 2315
1570 2313
1572 2271
1574 2313
1576 2254
1578 2216
1580 2255
1582 2255
1584 2219
1586 2289
1588 2375
1590 2276
1592 2216
1594 2328
1596 2216
1598 2293
1600 2254
1602 2296
1604 2216
1606 2221
1608 2251
1610 2234
1612 2292
1614 2287
1616 2215
1618 2216
1620 2289
1622 2216
1624 2216
1626 2326
1628 2217
1630 2216
1632 2253
1634 2213
1636 2216
1638 2254
1640 2306
1642 2216
1644 2216
1646 2310
1648 2253
1650 2217
1652 2292
1654 2215
1656 2213
1658 2251
1660 2216
1662 2212
1664 2404
1666 2219
1668 2216
1670 2217
1672 2216
1674 2483
1676 2217
1678 2215
1680 2311
1682 2275
1684 2275
1686 2217
1688 2214
1690 2293
1692 2216
1694 2216
1696 2276
1698 2218
1700 2219
1702 2233
1704 2293
1706 2219
1708 2219
1710 2359
1712 2217
1714 2216
1716 2364
1718 2214
1720 2214
1722 2254
1724 2217
1726 2233
1728 2291
1730 2216
1732 2369
1734 2977
1736 2408
1738 2275
1740 2302
1742 2310
1744 2221
1746 2297
1748 2218
1750 2237
1752 2213
1754 2218
1756 2341
1758 2218
1760 2216
1762 2218
1764 2216
1766 2250
1768 2216
1770 2291
1772 2252
1774 2254
1776 2216
1778 2328
1780 2220
1782 2219
1784 2216
1786 2217
1788 2272
1790 2291
1792 2273
1794 2215
1796 2292
1798 2252
1800 2216
1802 2217
1804 2252
1806 2214
1808 2253
1810 2295
1812 2254
1814 2215
1816 2217
1818 2216
1820 2328
1822 2601
1824 2366
1826 2276
1828 2274
1830 2301
1832 2275
1834 2320
1836 2217
1838 2321
1840 2219
1842 2363
1844 2217
1846 2298
1848 2274
1850 2351
1852 2241
1854 2255
1856 2218
1858 2217
1860 2256
1862 2215
1864 2332
1866 2252
1868 2217
1870 2216
1872 2235
1874 2218
1876 2216
1878 2217
1880 2407
1882 2213
1884 2216
1886 2252
1888 2214
1890 2217
1892 2323
1894 2216
1896 2218
1898 2253
1900 2216
1902 2217
1904 2287
1906 2217
1908 2437
1910 2297
1912 2215
1914 2250
1916 2287
1918 2247
1920 2218
1922 2366
1924 2217
1926 2218
1928 2216
1930 2219
1932 2221
1934 2219
1936 2330
1938 2364
1940 2254
1942 2323
1944 2215
1946 2253
1948 2254
1950 2219
1952 2394
1954 2254
1956 2256
1958 2218
1960 2255
1962 2216
1964 2252
1966 2255
1968 2370
1970 2217
1972 2217
1974 2389
1976 2251
1978 2217
1980 2291
1982 2216
1984 2218
1986 2252
1988 2271
1990 2218
1992 2216
1994 2291
1996 2217
1998 2217
2000 4402
