2 128
4 116
6 115
8 112
10 112
12 112
14 111
16 122
18 122
20 122
22 122
24 122
26 122
28 122
30 122
32 154
34 153
36 154
38 153
40 154
42 154
44 165
46 154
48 169
50 141
52 142
54 141
56 141
58 142
60 140
62 174
64 206
66 227
68 206
70 206
72 206
74 206
76 206
78 206
80 206
82 206
84 206
86 228
88 206
90 206
92 206
94 206
96 206
98 206
100 206
102 206
104 206
106 206
108 206
110 207
112 206
114 206
116 206
118 206
120 206
122 206
124 206
126 338
128 338
130 374
132 337
134 337
136 337
138 337
140 368
142 337
144 337
146 337
148 337
150 337
152 337
154 338
156 337
158 358
160 337
162 337
164 337
166 337
168 337
170 347
172 347
174 360
176 494
178 328
180 329
182 427
184 337
186 377
188 337
190 337
192 337
194 337
196 337
198 431
200 400
202 574
204 378
206 392
208 363
210 418
212 384
214 337
216 337
218 338
220 337
222 337
224 339
226 337
228 337
230 337
232 337
234 337
236 337
238 337
240 337
242 337
244 337
246 337
248 337
250 718
252 611
254 610
256 610
258 708
260 609
262 609
264 607
266 609
268 609
270 609
272 609
274 609
276 609
278 593
280 593
282 594
284 630
286 593
288 593
290 783
292 593
294 593
296 619
298 609
300 609
302 609
304 609
306 609
308 609
310 609
312 609
314 609
316 593
318 669
320 592
322 593
324 593
326 593
328 593
330 650
332 593
334 594
336 593
338 592
340 593
342 592
344 592
346 611
348 593
350 613
352 593
354 594
356 594
358 663
360 622
362 594
364 594
366 593
368 594
370 593
372 630
374 667
376 594
378 593
380 593
382 593
384 594
386 592
388 592
390 592
392 593
394 593
396 591
398 594
400 591
402 594
404 591
406 594
408 594
410 630
412 593
414 613
416 593
418 593
420 593
422 592
424 593
426 632
428 593
430 593
432 593
434 593
436 630
438 592
440 593
442 593
444 593
446 677
448 593
450 593
452 592
454 593
456 593
458 611
460 593
462 593
464 666
466 593
468 593
470 593
472 593
474 592
476 593
478 592
480 592
482 593
484 593
486 593
488 593
490 630
492 593
494 630
496 593
498 592
500 1168
502 1132
504 1131
506 1131
508 1130
510 1131
512 1167
514 1131
516 1131
518 1131
520 1131
522 1131
524 1216
526 1132
528 1130
530 1206
532 1131
534 1131
536 1168
538 1131
540 1169
542 1131
544 1132
546 1133
548 1168
550 1133
552 1205
554 1499
556 1249
558 1131
560 1345
562 1249
564 1161
566 1161
568 1161
570 1161
572 1161
574 1191
576 1161
578 1197
580 1162
582 1235
584 1160
586 1162
588 1274
590 1171
592 1131
594 1203
596 1131
598 1131
600 1131
602 1131
604 1203
606 1238
608 1131
610 1131
612 1132
614 1190
616 1133
618 1168
620 1131
622 1133
624 1131
626 1168
628 1131
630 1238
632 1130
634 1214
636 1167
638 1152
640 1131
642 1169
644 1133
646 1133
648 1242
650 1232
652 1189
654 1132
656 1252
658 1131
660 1169
662 1184
664 1347
666 1155
668 1194
670 1196
672 1267
674 1196
676 1161
678 1160
680 1161
682 1161
684 1161
686 1161
688 1212
690 1161
692 1161
694 1161
696 1162
698 1168
700 1169
702 1131
704 1131
706 1172
708 1131
710 1133
712 1168
714 1168
716 1131
718 1130
720 1132
722 1131
724 1170
726 1131
728 1206
730 1132
732 1170
734 1132
736 1168
738 1131
740 1131
742 1157
744 1133
746 1132
748 1130
750 1131
752 1258
754 1220
756 1162
758 1163
760 1162
762 1253
764 1163
766 1161
768 1183
770 1161
772 1161
774 1161
776 1161
778 1305
780 1160
782 1161
784 1160
786 1131
788 1148
790 1131
792 1131
794 1168
796 1180
798 1133
800 1133
802 1133
804 1132
806 1167
808 1133
810 1131
812 1132
814 1131
816 1130
818 1207
820 1131
822 1133
824 1168
826 1167
828 1131
830 1168
832 1220
834 1207
836 1161
838 1161
840 1162
842 1198
844 1164
846 1161
848 1199
850 1161
852 1180
854 1198
856 1161
858 1201
860 1207
862 1161
864 1162
866 1201
868 1164
870 1309
872 1166
874 1234
876 1248
878 1232
880 1160
882 1346
884 1162
886 1198
888 1201
890 1158
892 1162
894 1162
896 1163
898 1164
900 1163
902 1162
904 1155
906 1131
908 1207
910 1131
912 1205
914 1133
916 1133
918 1132
920 1134
922 1133
924 1205
926 1131
928 1130
930 1130
932 1130
934 1131
936 1149
938 1131
940 1133
942 1131
944 1131
946 1131
948 1167
950 1131
952 1131
954 1131
956 1131
958 1131
960 1208
962 1131
964 1133
966 1131
968 1131
970 1130
972 1204
974 1133
976 1132
978 1133
980 1209
982 1132
984 1286
986 1133
988 1169
990 1131
992 1133
994 1129
996 1226
998 1133
1000 2217
1002 2215
1004 2291
1006 2217
1008 2215
1010 2288
1012 2215
1014 2217
1016 2253
1018 2217
1020 2293
1022 2215
1024 2216
1026 2254
1028 2220
1030 2374
1032 2216
1034 2292
1036 2217
1038 2216
1040 2216
1042 2217
1044 2290
1046 2217
1048 2217
1050 2216
1052 2426
1054 2719
1056 2357
1058 2363
1060 2304
1062 2372
1064 2319
1066 2278
1068 2251
1070 2216
1072 2213
1074 2376
1076 2216
1078 2216
1080 2218
1082 2217
1084 2251
1086 2217
1088 2255
1090 2217
1092 2266
1094 2325
1096 2217
1098 2287
1100 2290
1102 2218
1104 2253
1106 2312
1108 2221
1110 2219
1112 2219
1114 2214
1116 2216
1118 2213
1120 2367
1122 2212
1124 2219
1126 2258
1128 2252
1130 2256
1132 2294
1134 2216
1136 2216
1138 2252
1140 2216
1142 2216
1144 2233
1146 2218
1148 2219
1150 2215
1152 2253
1154 2216
1156 2217
1158 2214
1160 2214
1162 2214
1164 2289
1166 2371
1168 2216
1170 2326
1172 2218
1174 2216
1176 2327
1178 2216
1180 2216
1182 2236
1184 2219
1186 2219
1188 2219
1190 2216
1192 2216
1194 2216
1196 2291
1198 2216
1200 2254
1202 2252
1204 2216
1206 2217
1208 2316
1210 2216
1212 2471
1214 2290
1216 2217
1218 2217
1220 2218
1222 2450
1224 2383
1226 2313
1228 2275
1230 2271
1232 2271
1234 2275
1236 2216
1238 2216
1240 2254
1242 2215
1244 2215
1246 2306
1248 2213
1250 2216
1252 2252
1254 2212
1256 2217
1258 2312
1260 2216
1262 2216
1264 2216
1266 2217
1268 2216
1270 2252
1272 2328
1274 2220
1276 2290
1278 2271
1280 2255
1282 2216
1284 2303
1286 2218
1288 2213
1290 2291
1292 2217
1294 2253
1296 2212
1298 2216
1300 2217
1302 2216
1304 2248
1306 2216
1308 2215
1310 2294
1312 2212
1314 2219
1316 2251
1318 2216
1320 2216
1322 2365
1324 2215
1326 2213
1328 2287
1330 2216
1332 2214
1334 2293
1336 2215
1338 2216
1340 2711
1342 2261
1344 2254
1346 2275
1348 2365
1350 2409
1352 2219
1354 2215
1356 2342
1358 2255
1360 2217
1362 2318
1364 2275
1366 2275
1368 2215
1370 2296
1372 2250
1374 2217
1376 2213
1378 2252
1380 2216
1382 2251
1384 2327
1386 2217
1388 2219
1390 2325
1392 2213
1394 2216
1396 2218
1398 2217
1400 2217
1402 2254
1404 2217
1406 2216
1408 2217
1410 2253
1412 2216
1414 2252
1416 2250
1418 2212
1420 2292
1422 2255
1424 2216
1426 2231
1428 2235
1430 2219
1432 2219
1434 2314
1436 2276
1438 2303
1440 2915
1442 2337
1444 2337
1446 2336
1448 2275
1450 2274
1452 2346
1454 2275
1456 2309
1458 2296
1460 2409
1462 2237
1464 2291
1466 2252
1468 2218
1470 2216
1472 2218
1474 2217
1476 2216
1478 2283
1480 2217
1482 2289
1484 2253
1486 2217
1488 2213
1490 2300
1492 2217
1494 2217
1496 2294
1498 2215
1500 2368
1502 2216
1504 2297
1506 2212
1508 2219
1510 2215
1512 2216
1514 2278
1516 2362
1518 2216
1520 2217
1522 2310
1524 2217
1526 2254
1528 2303
1530 2216
1532 2218
1534 2328
1536 2216
1538 2215
1540 2216
1542 2217
1544 2218
1546 2216
1548 2253
1550 2216
1552 2252
1554 2329
1556 2219
1558 2535
1560 2423
1562 2217
1564 2286
1566 2335
1568 2216
1570 2216
1572 2254
1574 2216
1576 2288
1578 2377
1580 2213
1582 2361
1584 2293
1586 2216
1588 2217
1590 2342
1592 2219
1594 2219
1596 2256
1598 2215
1600 2216
1602 2328
1604 2219
1606 2219
1608 2219
1610 2217
1612 2217
1614 2217
1616 2216
1618 2212
1620 2277
1622 2290
1624 2290
1626 2216
1628 2668
1630 2343
1632 2274
1634 2274
1636 2402
1638 2274
1640 2342
1642 2309
1644 2275
1646 2365
1648 2271
1650 2314
1652 2310
1654 2216
1656 2215
1658 2295
1660 2216
1662 2256
1664 2326
1666 2216
1668 2215
1670 2216
1672 2218
1674 2216
1676 2365
1678 2216
1680 2217
1682 2292
1684 2293
1686 2217
1688 2288
1690 2326
1692 2253
1694 2217
1696 2253
1698 2215
1700 2216
1702 2294
1704 2218
1706 2292
1708 2216
1710 2219
1712 2219
1714 2218
1716 2325
1718 2215
1720 2291
1722 2252
1724 2216
1726 2217
1728 2326
1730 2216
1732 2217
1734 2290
1736 2215
1738 2347
1740 2252
1742 2216
1744 2215
1746 2217
1748 2216
1750 2216
1752 2251
1754 2400
1756 2217
1758 2216
1760 2289
1762 2292
1764 2288
1766 2383
1768 2217
1770 2217
1772 2290
1774 2216
1776 2217
1778 2218
1780 2219
1782 2219
1784 2253
1786 2233
1788 2253
1790 2377
1792 2217
1794 2217
1796 2216
1798 2251
1800 2217
1802 2221
1804 2383
1806 2214
1808 2216
1810 2279
1812 2217
1814 2218
1816 2213
1818 2302
1820 2276
1822 2215
1824 2217
1826 2215
1828 2215
1830 2217
1832 2216
1834 2217
1836 2253
1838 2253
1840 2217
1842 2314
1844 2217
1846 2272
1848 2339
1850 2327
1852 2330
1854 2377
1856 2275
1858 2313
1860 2279
1862 2216
1864 2298
1866 2252
1868 2216
1870 2214
1872 2367
1874 2217
1876 2217
1878 2216
1880 2252
1882 2293
1884 2219
1886 2219
1888 2216
1890 2219
1892 2254
1894 2299
1896 2216
1898 2252
1900 2219
1902 2217
1904 2276
1906 2329
1908 2219
1910 2252
1912 2216
1914 2217
1916 2217
1918 2497
1920 2277
1922 2281
1924 2270
1926 2218
1928 2220
1930 2218
1932 2217
1934 2419
1936 2282
1938 2278
1940 2277
1942 2219
1944 2220
1946 2219
1948 2239
1950 2219
1952 2384
1954 2328
1956 2220
1958 2213
1960 2290
1962 2218
1964 2306
1966 2368
1968 2218
1970 2216
1972 2217
1974 2214
1976 2290
1978 2216
1980 2216
1982 2216
1984 2216
1986 2253
1988 2216
1990 2364
1992 2290
1994 2216
1996 2215
1998 2292
2000 4475
