2 111
4 139
6 95
8 84
10 84
12 84
14 84
16 74
18 74
20 74
22 73
24 74
26 73
28 74
30 73
32 64
34 64
36 64
38 64
40 64
42 64
44 64
46 64
48 80
50 86
52 104
54 82
56 110
58 75
60 72
62 59
64 54
66 54
68 54
70 54
72 54
74 54
76 54
78 56
80 56
82 56
84 56
86 56
88 55
90 55
92 55
94 56
96 55
98 55
100 55
102 56
104 57
106 57
108 56
110 56
112 56
114 56
116 56
118 55
120 55
122 56
124 55
126 46
128 46
130 46
132 46
134 46
136 46
138 46
140 45
142 46
144 46
146 46
148 46
150 46
152 45
154 46
156 45
158 46
160 46
162 45
164 46
166 45
168 46
170 46
172 45
174 45
176 46
178 46
180 46
182 46
184 46
186 45
188 46
190 46
192 46
194 46
196 46
198 45
200 46
202 61
204 44
206 44
208 44
210 44
212 46
214 46
216 46
218 46
220 45
222 46
224 45
226 46
228 46
230 46
232 46
234 46
236 66
238 46
240 46
242 45
244 45
246 46
248 66
250 36
252 35
254 36
256 36
258 36
260 36
262 35
264 36
266 36
268 35
270 35
272 36
274 36
276 35
278 35
280 36
282 35
284 34
286 35
288 35
290 35
292 35
294 35
296 35
298 35
300 35
302 35
304 35
306 35
308 35
310 34
312 34
314 66
316 35
318 35
320 35
322 35
324 35
326 35
328 35
330 35
332 35
334 35
336 35
338 35
340 35
342 35
344 35
346 35
348 35
350 35
352 35
354 34
356 35
358 35
360 35
362 35
364 35
366 35
368 35
370 35
372 35
374 35
376 35
378 35
380 35
382 35
384 35
386 35
388 35
390 35
392 34
394 35
396 35
398 35
400 35
402 35
404 35
406 35
408 35
410 34
412 35
414 35
416 34
418 35
420 35
422 34
424 35
426 35
428 35
430 35
432 35
434 35
436 35
438 35
440 35
442 36
444 61
446 75
448 42
450 35
452 35
454 56
456 36
458 36
460 36
462 35
464 36
466 36
468 36
470 35
472 35
474 36
476 36
478 35
480 36
482 36
484 36
486 36
488 36
490 35
492 35
494 34
496 35
498 36
500 25
502 25
504 25
506 25
508 25
510 25
512 25
514 25
516 25
518 25
520 25
522 25
524 25
526 25
528 25
530 25
532 25
534 25
536 25
538 25
540 25
542 25
544 25
546 25
548 26
550 25
552 25
554 25
556 25
558 25
560 25
562 25
564 25
566 25
568 25
570 25
572 25
574 25
576 25
578 46
580 25
582 26
584 26
586 26
588 26
590 26
592 25
594 25
596 25
598 25
600 25
602 25
604 25
606 25
608 25
610 25
612 25
614 26
616 26
618 25
620 25
622 25
624 26
626 26
628 26
630 26
632 26
634 26
636 26
638 26
640 25
642 25
644 25
646 25
648 41
650 25
652 25
654 25
656 25
658 25
660 25
662 25
664 25
666 25
668 25
670 25
672 25
674 25
676 25
678 25
680 25
682 25
684 25
686 25
688 25
690 25
692 25
694 25
696 25
698 25
700 25
702 25
704 25
706 25
708 25
710 25
712 25
714 25
716 25
718 25
720 25
722 25
724 25
726 25
728 25
730 25
732 25
734 25
736 25
738 25
740 25
742 25
744 25
746 25
748 25
750 25
752 25
754 25
756 25
758 25
760 25
762 25
764 25
766 25
768 25
770 25
772 25
774 25
776 25
778 25
780 25
782 25
784 25
786 25
788 25
790 25
792 25
794 25
796 25
798 25
800 25
802 25
804 25
806 25
808 25
810 43
812 25
814 25
816 25
818 25
820 25
822 25
824 25
826 25
828 25
830 25
832 25
834 25
836 45
838 27
840 25
842 26
844 26
846 26
848 27
850 26
852 26
854 26
856 26
858 26
860 26
862 26
864 26
866 26
868 26
870 26
872 26
874 26
876 27
878 26
880 75
882 25
884 27
886 26
888 27
890 26
892 26
894 26
896 26
898 26
900 26
902 26
904 26
906 26
908 26
910 26
912 26
914 26
916 25
918 25
920 25
922 27
924 27
926 28
928 25
930 25
932 25
934 25
936 25
938 25
940 25
942 25
944 25
946 25
948 25
950 25
952 25
954 25
956 25
958 42
960 25
962 25
964 25
966 25
968 25
970 25
972 25
974 25
976 25
978 25
980 25
982 25
984 25
986 25
988 25
990 25
992 25
994 25
996 25
998 25
1000 16
1002 16
1004 16
1006 16
1008 16
1010 16
1012 16
1014 16
1016 16
1018 16
1020 16
1022 16
1024 16
1026 16
1028 16
1030 16
1032 16
1034 16
1036 16
1038 16
1040 16
1042 16
1044 16
1046 16
1048 16
1050 16
1052 16
1054 16
1056 16
1058 16
1060 16
1062 16
1064 16
1066 16
1068 16
1070 16
1072 16
1074 16
1076 16
1078 16
1080 16
1082 16
1084 16
1086 16
1088 16
1090 16
1092 16
1094 16
1096 16
1098 16
1100 16
1102 16
1104 16
1106 16
1108 16
1110 16
1112 16
1114 16
1116 16
1118 16
1120 16
1122 16
1124 16
1126 16
1128 16
1130 16
1132 16
1134 16
1136 16
1138 16
1140 16
1142 16
1144 16
1146 16
1148 16
1150 16
1152 16
1154 16
1156 16
1158 16
1160 16
1162 16
1164 16
1166 16
1168 16
1170 16
1172 16
1174 16
1176 16
1178 16
1180 16
1182 16
1184 16
1186 16
1188 16
1190 16
1192 16
1194 16
1196 16
1198 16
1200 16
1202 32
1204 17
1206 17
1208 17
1210 17
1212 17
1214 17
1216 17
1218 17
1220 16
1222 16
1224 16
1226 16
1228 37
1230 16
1232 16
1234 16
1236 16
1238 16
1240 16
1242 16
1244 16
1246 16
1248 18
1250 16
1252 16
1254 16
1256 16
1258 16
1260 16
1262 16
1264 16
1266 16
1268 16
1270 16
1272 16
1274 16
1276 16
1278 16
1280 16
1282 16
1284 16
1286 16
1288 16
1290 16
1292 16
1294 16
1296 16
1298 16
1300 16
1302 16
1304 16
1306 17
1308 17
1310 17
1312 17
1314 17
1316 17
1318 17
1320 17
1322 17
1324 17
1326 17
1328 17
1330 17
1332 17
1334 17
1336 17
1338 17
1340 17
1342 17
1344 17
1346 17
1348 17
1350 17
1352 17
1354 17
1356 17
1358 17
1360 17
1362 17
1364 17
1366 17
1368 17
1370 16
1372 17
1374 16
1376 17
1378 17
1380 17
1382 17
1384 16
1386 17
1388 17
1390 17
1392 17
1394 17
1396 17
1398 17
1400 16
1402 17
1404 17
1406 17
1408 17
1410 17
1412 17
1414 17
1416 17
1418 17
1420 17
1422 17
1424 17
1426 17
1428 17
1430 17
1432 17
1434 17
1436 17
1438 17
1440 22
1442 17
1444 17
1446 17
1448 17
1450 17
1452 17
1454 16
1456 17
1458 36
1460 16
1462 17
1464 17
1466 17
1468 16
1470 17
1472 17
1474 17
1476 16
1478 17
1480 21
1482 17
1484 17
1486 17
1488 17
1490 16
1492 17
1494 17
1496 17
1498 17
1500 17
1502 17
1504 17
1506 17
1508 17
1510 17
1512 17
1514 16
1516 17
1518 17
1520 17
1522 17
1524 18
1526 17
1528 17
1530 17
1532 17
1534 17
1536 17
1538 17
1540 17
1542 17
1544 16
1546 31
1548 17
1550 17
1552 17
1554 17
1556 17
1558 17
1560 17
1562 17
1564 20
1566 17
1568 17
1570 17
1572 17
1574 17
1576 16
1578 16
1580 16
1582 17
1584 17
1586 17
1588 17
1590 17
1592 16
1594 16
1596 17
1598 17
1600 17
1602 17
1604 17
1606 17
1608 16
1610 16
1612 16
1614 16
1616 16
1618 16
1620 16
1622 16
1624 16
1626 16
1628 16
1630 16
1632 16
1634 17
1636 17
1638 17
1640 17
1642 20
1644 17
1646 17
1648 17
1650 17
1652 17
1654 21
1656 17
1658 17
1660 17
1662 17
1664 17
1666 16
1668 16
1670 16
1672 16
1674 16
1676 16
1678 16
1680 16
1682 17
1684 17
1686 17
1688 17
1690 17
1692 17
1694 17
1696 17
1698 17
1700 17
1702 17
1704 17
1706 17
1708 17
1710 17
1712 17
1714 17
1716 17
1718 17
1720 17
1722 17
1724 17
1726 17
1728 17
1730 17
1732 17
1734 17
1736 17
1738 17
1740 17
1742 17
1744 17
1746 17
1748 20
1750 17
1752 17
1754 17
1756 17
1758 17
1760 17
1762 17
1764 17
1766 17
1768 16
1770 16
1772 16
1774 16
1776 16
1778 16
1780 16
1782 16
1784 16
1786 16
1788 16
1790 16
1792 16
1794 16
1796 16
1798 17
1800 16
1802 16
1804 16
1806 16
1808 16
1810 16
1812 16
1814 16
1816 16
1818 16
1820 16
1822 16
1824 16
1826 16
1828 16
1830 16
1832 16
1834 16
1836 16
1838 16
1840 16
1842 17
1844 16
1846 16
1848 16
1850 16
1852 16
1854 16
1856 16
1858 16
1860 16
1862 16
1864 16
1866 16
1868 16
1870 16
1872 16
1874 16
1876 16
1878 16
1880 16
1882 16
1884 16
1886 16
1888 16
1890 16
1892 16
1894 16
1896 16
1898 16
1900 16
1902 16
1904 16
1906 16
1908 16
1910 16
1912 16
1914 16
1916 16
1918 16
1920 16
1922 16
1924 16
1926 16
1928 16
1930 16
1932 16
1934 16
1936 17
1938 16
1940 16
1942 16
1944 16
1946 16
1948 16
1950 16
1952 16
1954 16
1956 16
1958 16
1960 16
1962 16
1964 16
1966 16
1968 16
1970 16
1972 16
1974 16
1976 16
1978 16
1980 16
1982 16
1984 16
1986 16
1988 16
1990 16
1992 16
1994 16
1996 16
1998 16
2000 6
