2 145
4 131
6 130
8 127
10 126
12 126
14 126
16 137
18 138
20 137
22 138
24 137
26 137
28 137
30 137
32 174
34 173
36 172
38 174
40 212
42 154
44 153
46 153
48 154
50 153
52 153
54 153
56 153
58 153
60 153
62 188
64 224
66 224
68 224
70 224
72 224
74 223
76 223
78 224
80 224
82 224
84 224
86 226
88 224
90 224
92 224
94 224
96 224
98 228
100 206
102 206
104 205
106 206
108 206
110 206
112 206
114 201
116 200
118 201
120 200
122 201
124 201
126 329
128 327
130 329
132 328
134 328
136 329
138 328
140 329
142 329
144 329
146 416
148 469
150 381
152 371
154 361
156 329
158 329
160 329
162 329
164 329
166 329
168 329
170 329
172 347
174 375
176 404
178 341
180 337
182 337
184 396
186 337
188 354
190 337
192 337
194 338
196 337
198 338
200 337
202 337
204 337
206 337
208 337
210 337
212 337
214 337
216 337
218 337
220 337
222 337
224 338
226 339
228 371
230 338
232 338
234 338
236 338
238 337
240 337
242 337
244 338
246 338
248 433
250 609
252 647
254 610
256 610
258 634
260 593
262 594
264 593
266 593
268 593
270 593
272 667
274 595
276 591
278 593
280 652
282 593
284 592
286 594
288 592
290 592
292 592
294 737
296 594
298 594
300 594
302 594
304 594
306 594
308 667
310 593
312 594
314 593
316 593
318 593
320 592
322 592
324 592
326 592
328 593
330 594
332 749
334 593
336 622
338 680
340 594
342 593
344 592
346 593
348 594
350 594
352 594
354 593
356 593
358 595
360 594
362 594
364 594
366 594
368 594
370 594
372 594
374 594
376 594
378 594
380 635
382 592
384 592
386 592
388 592
390 592
392 593
394 592
396 594
398 593
400 592
402 629
404 592
406 593
408 593
410 593
412 593
414 664
416 594
418 593
420 593
422 593
424 661
426 594
428 594
430 594
432 594
434 594
436 594
438 594
440 594
442 594
444 594
446 593
448 592
450 593
452 695
454 730
456 594
458 668
460 668
462 592
464 593
466 593
468 618
470 609
472 609
474 608
476 609
478 609
480 609
482 608
484 609
486 646
488 609
490 610
492 608
494 608
496 608
498 608
500 1160
502 1161
504 1243
506 1133
508 1133
510 1134
512 1128
514 1132
516 1170
518 1131
520 1151
522 1132
524 1131
526 1131
528 1210
530 1131
532 1131
534 1132
536 1131
538 1132
540 1220
542 1129
544 1133
546 1170
548 1205
550 1132
552 1204
554 1242
556 1131
558 1131
560 1132
562 1132
564 1168
566 1131
568 1131
570 1265
572 1131
574 1130
576 1167
578 1130
580 1131
582 1322
584 1132
586 1133
588 1232
590 1131
592 1131
594 1131
596 1130
598 1131
600 1201
602 1130
604 1212
606 1131
608 1131
610 1132
612 1131
614 1130
616 1131
618 1131
620 1131
622 1132
624 1162
626 1161
628 1216
630 1201
632 1162
634 1199
636 1202
638 1161
640 1161
642 1162
644 1163
646 1238
648 1161
650 1292
652 1197
654 1161
656 1161
658 1161
660 1229
662 1375
664 1131
666 1241
668 1198
670 1235
672 1161
674 1347
676 1492
678 1522
680 1197
682 1196
684 1204
686 1388
688 1210
690 1230
692 1194
694 1243
696 1193
698 1193
700 1195
702 1193
704 1197
706 1202
708 1197
710 1197
712 1197
714 1194
716 1196
718 1265
720 1194
722 1193
724 1193
726 1192
728 1195
730 1192
732 1192
734 1194
736 1192
738 1162
740 1201
742 1161
744 1160
746 1198
748 1161
750 1161
752 1161
754 1161
756 1161
758 1161
760 1132
762 1131
764 1130
766 1242
768 1132
770 1167
772 1131
774 1131
776 1131
778 1131
780 1130
782 1189
784 1130
786 1214
788 1161
790 1162
792 1131
794 1223
796 1206
798 1158
800 1176
802 1131
804 1132
806 1167
808 1131
810 1131
812 1129
814 1170
816 1129
818 1242
820 1130
822 1129
824 1131
826 1132
828 1129
830 1167
832 1131
834 1234
836 1199
838 1207
840 1131
842 1211
844 1133
846 1132
848 1131
850 1186
852 1131
854 1205
856 1132
858 1131
860 1499
862 1291
864 1237
866 1131
868 1235
870 1166
872 1162
874 1161
876 1164
878 1265
880 1160
882 1191
884 1163
886 1163
888 1267
890 1310
892 1195
894 1160
896 1196
898 1238
900 1132
902 1308
904 1161
906 1130
908 1133
910 1237
912 1161
914 1284
916 1161
918 1164
920 1161
922 1197
924 1161
926 1162
928 1163
930 1165
932 1133
934 1212
936 1167
938 1133
940 1132
942 1156
944 1168
946 1205
948 1133
950 1132
952 1130
954 1131
956 1131
958 1206
960 1133
962 1134
964 1133
966 1208
968 1133
970 1168
972 1197
974 1130
976 1131
978 1130
980 1132
982 1168
984 1134
986 1207
988 1131
990 1169
992 1132
994 1168
996 1132
998 1131
1000 2255
1002 2213
1004 2217
1006 2293
1008 2216
1010 2292
1012 2219
1014 2352
1016 2272
1018 2290
1020 2217
1022 2253
1024 2216
1026 2216
1028 2216
1030 2291
1032 2217
1034 2252
1036 2368
1038 2220
1040 2218
1042 2275
1044 2214
1046 2253
1048 2253
1050 2293
1052 2216
1054 2253
1056 2216
1058 2369
1060 2328
1062 2216
1064 2290
1066 2216
1068 2290
1070 2216
1072 2389
1074 2219
1076 2219
1078 2256
1080 2213
1082 2217
1084 2271
1086 2276
1088 2298
1090 2351
1092 2311
1094 2275
1096 2275
1098 2313
1100 2315
1102 2275
1104 2538
1106 2218
1108 2275
1110 2277
1112 2474
1114 2275
1116 2314
1118 2277
1120 2295
1122 2274
1124 2251
1126 2291
1128 2216
1130 2303
1132 2216
1134 2290
1136 2216
1138 2216
1140 2290
1142 2252
1144 2213
1146 2217
1148 2290
1150 2216
1152 2341
1154 2366
1156 2216
1158 2218
1160 2254
1162 2302
1164 2253
1166 2250
1168 2254
1170 2215
1172 2217
1174 2219
1176 2274
1178 2215
1180 2324
1182 2254
1184 2215
1186 2252
1188 2216
1190 2368
1192 2391
1194 2216
1196 2290
1198 2325
1200 2213
1202 2333
1204 2217
1206 2362
1208 2216
1210 2252
1212 2219
1214 2359
1216 2555
1218 2405
1220 2277
1222 2275
1224 2373
1226 2369
1228 2277
1230 2278
1232 2315
1234 2291
1236 2272
1238 2263
1240 2219
1242 2219
1244 2219
1246 2292
1248 2362
1250 2216
1252 2253
1254 2273
1256 2239
1258 2348
1260 2291
1262 2216
1264 2215
1266 2253
1268 2216
1270 2293
1272 2218
1274 2216
1276 2288
1278 2218
1280 2253
1282 2254
1284 2216
1286 2252
1288 2216
1290 2292
1292 2250
1294 2216
1296 2217
1298 2252
1300 2215
1302 2254
1304 2217
1306 2216
1308 2286
1310 2219
1312 2217
1314 2275
1316 2216
1318 2251
1320 2289
1322 2216
1324 2253
1326 2216
1328 2291
1330 2305
1332 2219
1334 2254
1336 2253
1338 2217
1340 2216
1342 2216
1344 2216
1346 2368
1348 2217
1350 2298
1352 2216
1354 2216
1356 2254
1358 2216
1360 2238
1362 2291
1364 2219
1366 2331
1368 2251
1370 2254
1372 2290
1374 2290
1376 2220
1378 2344
1380 2216
1382 2252
1384 2216
1386 2291
1388 2218
1390 2216
1392 2216
1394 2293
1396 2217
1398 2293
1400 2254
1402 2216
1404 2216
1406 2289
1408 2216
1410 2293
1412 2217
1414 2233
1416 2216
1418 2251
1420 2254
1422 2217
1424 2217
1426 2301
1428 2214
1430 2216
1432 2250
1434 2216
1436 2288
1438 2216
1440 2290
1442 2217
1444 2219
1446 2216
1448 2217
1450 2217
1452 2217
1454 2294
1456 2250
1458 2216
1460 2217
1462 2252
1464 2216
1466 2217
1468 2292
1470 2216
1472 2217
1474 2216
1476 2216
1478 2219
1480 2219
1482 2252
1484 2216
1486 2254
1488 2252
1490 2220
1492 2216
1494 2289
1496 2216
1498 2294
1500 2294
1502 2219
1504 2218
1506 2476
1508 2252
1510 2336
1512 2271
1514 2429
1516 2816
1518 2334
1520 2315
1522 2365
1524 2357
1526 2360
1528 2274
1530 2308
1532 2345
1534 2271
1536 2351
1538 2212
1540 2218
1542 2449
1544 2215
1546 2218
1548 2404
1550 2213
1552 2217
1554 2292
1556 2216
1558 2291
1560 2214
1562 2216
1564 2378
1566 2216
1568 2217
1570 2215
1572 2219
1574 2251
1576 2289
1578 2216
1580 2363
1582 2255
1584 2218
1586 2328
1588 2219
1590 2326
1592 2289
1594 2216
1596 2217
1598 2216
1600 2218
1602 2219
1604 2292
1606 2217
1608 2216
1610 2217
1612 2289
1614 2213
1616 2291
1618 2249
1620 2217
1622 2254
1624 2273
1626 2216
1628 2217
1630 2254
1632 2216
1634 2296
1636 2216
1638 2216
1640 2215
1642 2216
1644 2327
1646 2217
1648 2216
1650 2273
1652 2217
1654 2216
1656 2291
1658 2213
1660 2216
1662 2402
1664 2214
1666 2254
1668 2251
1670 2327
1672 2217
1674 2218
1676 2253
1678 2216
1680 2217
1682 2253
1684 2311
1686 2218
1688 2289
1690 2216
1692 2254
1694 2217
1696 2216
1698 2357
1700 2215
1702 2217
1704 2363
1706 2216
1708 2217
1710 2352
1712 2217
1714 2284
1716 2216
1718 2216
1720 2285
1722 2214
1724 2254
1726 2289
1728 2217
1730 2258
1732 2253
1734 2213
1736 2216
1738 2275
1740 2215
1742 2216
1744 2333
1746 2216
1748 2341
1750 2527
1752 2260
1754 2275
1756 2305
1758 2311
1760 2271
1762 2270
1764 2242
1766 2219
1768 2217
1770 2253
1772 2253
1774 2216
1776 2286
1778 2216
1780 2273
1782 2253
1784 2217
1786 2272
1788 2309
1790 2254
1792 2290
1794 2298
1796 2574
1798 2271
1800 2343
1802 2395
1804 2373
1806 2277
1808 2309
1810 2216
1812 2458
1814 2219
1816 2218
1818 2344
1820 2212
1822 2219
1824 2219
1826 2291
1828 2219
1830 2219
1832 2253
1834 2217
1836 2275
1838 2405
1840 2217
1842 2308
1844 2349
1846 2216
1848 2352
1850 2216
1852 2216
1854 2217
1856 2218
1858 2252
1860 2216
1862 2218
1864 2253
1866 2249
1868 2291
1870 2253
1872 2216
1874 2216
1876 2290
1878 2217
1880 2217
1882 2289
1884 2216
1886 2214
1888 2216
1890 2291
1892 2216
1894 2217
1896 2292
1898 2217
1900 2251
1902 2253
1904 2213
1906 2217
1908 2303
1910 2219
1912 2213
1914 2292
1916 2216
1918 2216
1920 2219
1922 2253
1924 2215
1926 2336
1928 2252
1930 2215
1932 2251
1934 2252
1936 2217
1938 2291
1940 2332
1942 2212
1944 2218
1946 2213
1948 2217
1950 2295
1952 2219
1954 2252
1956 2252
1958 2330
1960 2251
1962 2216
1964 2327
1966 2251
1968 2219
1970 2252
1972 2216
1974 2216
1976 2216
1978 2293
1980 2213
1982 2219
1984 2214
1986 2217
1988 2216
1990 2255
1992 2329
1994 2216
1996 2253
1998 2254
2000 4407
