2 216
4 198
6 196
8 184
10 183
12 184
14 182
16 176
18 204
20 175
22 172
24 172
26 173
28 173
30 172
32 175
34 174
36 173
38 247
40 171
42 170
44 170
46 190
48 172
50 171
52 170
54 192
56 179
58 176
60 177
62 188
64 235
66 194
68 195
70 193
72 191
74 192
76 191
78 190
80 192
82 192
84 191
86 191
88 192
90 232
92 194
94 190
96 190
98 190
100 190
102 190
104 190
106 190
108 190
110 190
112 190
114 210
116 191
118 190
120 190
122 190
124 190
126 245
128 242
130 241
132 280
134 241
136 241
138 270
140 241
142 241
144 241
146 241
148 240
150 266
152 240
154 241
156 241
158 240
160 241
162 241
164 241
166 241
168 240
170 241
172 241
174 241
176 278
178 241
180 388
182 294
184 234
186 271
188 235
190 234
192 310
194 392
196 235
198 235
200 235
202 234
204 249
206 241
208 241
210 241
212 241
214 314
216 299
218 240
220 303
222 345
224 282
226 253
228 332
230 251
232 256
234 250
236 250
238 248
240 249
242 247
244 247
246 248
248 266
250 377
252 375
254 415
256 426
258 417
260 374
262 375
264 375
266 415
268 376
270 373
272 373
274 373
276 374
278 375
280 373
282 373
284 375
286 409
288 377
290 378
292 375
294 374
296 374
298 372
300 372
302 373
304 373
306 373
308 435
310 375
312 377
314 374
316 372
318 373
320 373
322 372
324 373
326 373
328 372
330 373
332 373
334 373
336 373
338 373
340 373
342 373
344 373
346 379
348 363
350 400
352 363
354 363
356 362
358 363
360 363
362 363
364 362
366 354
368 353
370 353
372 354
374 354
376 354
378 354
380 353
382 353
384 355
386 353
388 354
390 353
392 390
394 353
396 353
398 353
400 363
402 363
404 365
406 365
408 364
410 364
412 363
414 363
416 364
418 363
420 363
422 376
424 354
426 354
428 353
430 353
432 354
434 354
436 423
438 354
440 353
442 352
444 417
446 363
448 363
450 362
452 376
454 353
456 353
458 354
460 354
462 353
464 354
466 353
468 354
470 353
472 390
474 390
476 354
478 390
480 355
482 353
484 427
486 354
488 353
490 353
492 421
494 362
496 362
498 363
500 635
502 635
504 635
506 635
508 635
510 618
512 668
514 635
516 635
518 618
520 619
522 692
524 618
526 618
528 618
530 618
532 655
534 618
536 618
538 618
540 618
542 619
544 705
546 680
548 644
550 618
552 618
554 618
556 734
558 684
560 618
562 618
564 634
566 634
568 634
570 707
572 635
574 641
576 618
578 618
580 618
582 618
584 641
586 618
588 618
590 618
592 618
594 618
596 619
598 618
600 675
602 619
604 618
606 618
608 618
610 618
612 619
614 704
616 618
618 618
620 653
622 618
624 618
626 618
628 618
630 618
632 619
634 618
636 618
638 617
640 617
642 618
644 655
646 619
648 618
650 618
652 618
654 620
656 617
658 617
660 694
662 618
664 655
666 618
668 618
670 618
672 619
674 697
676 619
678 618
680 618
682 618
684 619
686 619
688 617
690 617
692 618
694 618
696 618
698 618
700 618
702 618
704 618
706 618
708 619
710 618
712 618
714 618
716 618
718 617
720 618
722 618
724 618
726 618
728 618
730 618
732 618
734 634
736 617
738 617
740 617
742 618
744 618
746 618
748 618
750 613
752 612
754 611
756 684
758 629
760 839
762 632
764 612
766 612
768 611
770 626
772 626
774 626
776 626
778 626
780 636
782 611
784 610
786 610
788 611
790 612
792 611
794 610
796 649
798 611
800 611
802 611
804 611
806 610
808 609
810 610
812 701
814 611
816 611
818 610
820 610
822 648
824 610
826 610
828 669
830 611
832 627
834 627
836 627
838 628
840 627
842 626
844 628
846 626
848 626
850 626
852 706
854 626
856 674
858 627
860 626
862 626
864 626
866 664
868 813
870 646
872 611
874 610
876 612
878 627
880 627
882 648
884 627
886 628
888 627
890 627
892 627
894 627
896 627
898 636
900 611
902 704
904 653
906 611
908 672
910 626
912 695
914 626
916 628
918 627
920 718
922 662
924 627
926 657
928 627
930 628
932 628
934 628
936 627
938 627
940 627
942 628
944 626
946 626
948 626
950 671
952 611
954 610
956 610
958 610
960 610
962 610
964 612
966 611
968 611
970 610
972 610
974 610
976 687
978 613
980 610
982 611
984 611
986 611
988 665
990 610
992 610
994 611
996 630
998 610
1000 1148
1002 1183
1004 1147
1006 1146
1008 1261
1010 1229
1012 1145
1014 1221
1016 1146
1018 1146
1020 1186
1022 1146
1024 1145
1026 1146
1028 1146
1030 1206
1032 1144
1034 1145
1036 1414
1038 1178
1040 1180
1042 1198
1044 1181
1046 1216
1048 1176
1050 1197
1052 1176
1054 1146
1056 1146
1058 1146
1060 1183
1062 1145
1064 1181
1066 1184
1068 1289
1070 1221
1072 1149
1074 1148
1076 1150
1078 1149
1080 1149
1082 1148
1084 1146
1086 1146
1088 1146
1090 1145
1092 1145
1094 1145
1096 1435
1098 1146
1100 1177
1102 1175
1104 1176
1106 1161
1108 1145
1110 1185
1112 1145
1114 1145
1116 1145
1118 1145
1120 1182
1122 1146
1124 1144
1126 1144
1128 1145
1130 1181
1132 1145
1134 1146
1136 1147
1138 1145
1140 1145
1142 1146
1144 1145
1146 1144
1148 1183
1150 1144
1152 1254
1154 1219
1156 1144
1158 1254
1160 1181
1162 1267
1164 1182
1166 1220
1168 1146
1170 1144
1172 1144
1174 1145
1176 1145
1178 1144
1180 1144
1182 1145
1184 1145
1186 1144
1188 1146
1190 1219
1192 1225
1194 1220
1196 1182
1198 1175
1200 1174
1202 1175
1204 1146
1206 1222
1208 1182
1210 1230
1212 1182
1214 1314
1216 1181
1218 1145
1220 1144
1222 1146
1224 1146
1226 1145
1228 1220
1230 1145
1232 1162
1234 1397
1236 1144
1238 1174
1240 1175
1242 1181
1244 1182
1246 1208
1248 1176
1250 1180
1252 1179
1254 1185
1256 1226
1258 1222
1260 1149
1262 1183
1264 1146
1266 1146
1268 1146
1270 1222
1272 1146
1274 1182
1276 1219
1278 1183
1280 1163
1282 1147
1284 1146
1286 1147
1288 1147
1290 1145
1292 1145
1294 1145
1296 1145
1298 1145
1300 1146
1302 1162
1304 1145
1306 1223
1308 1222
1310 1144
1312 1166
1314 1145
1316 1145
1318 1146
1320 1145
1322 1145
1324 1146
1326 1146
1328 1398
1330 1176
1332 1175
1334 1175
1336 1174
1338 1175
1340 1177
1342 1176
1344 1176
1346 1223
1348 1145
1350 1147
1352 1222
1354 1368
1356 1162
1358 1176
1360 1177
1362 1176
1364 1175
1366 1175
1368 1146
1370 1148
1372 1145
1374 1146
1376 1147
1378 1145
1380 1144
1382 1145
1384 1256
1386 1145
1388 1165
1390 1144
1392 1211
1394 1175
1396 1184
1398 1146
1400 1144
1402 1183
1404 1146
1406 1257
1408 1145
1410 1146
1412 1257
1414 1182
1416 1183
1418 1144
1420 1219
1422 1147
1424 1147
1426 1145
1428 1145
1430 1146
1432 1145
1434 1146
1436 1146
1438 1249
1440 1134
1442 1272
1444 1165
1446 1166
1448 1210
1450 1135
1452 1191
1454 1135
1456 1135
1458 1135
1460 1133
1462 1173
1464 1134
1466 1133
1468 1133
1470 1170
1472 1133
1474 1133
1476 1133
1478 1208
1480 1132
1482 1132
1484 1167
1486 1166
1488 1167
1490 1172
1492 1208
1494 1135
1496 1170
1498 1133
1500 1169
1502 1170
1504 1171
1506 1174
1508 1132
1510 1171
1512 1132
1514 1133
1516 1134
1518 1134
1520 1134
1522 1132
1524 1232
1526 1136
1528 1152
1530 1166
1532 1165
1534 1163
1536 1136
1538 1208
1540 1135
1542 1134
1544 1133
1546 1135
1548 1136
1550 1135
1552 1133
1554 1133
1556 1133
1558 1171
1560 1169
1562 1135
1564 1209
1566 1241
1568 1135
1570 1207
1572 1208
1574 1132
1576 1134
1578 1134
1580 1134
1582 1135
1584 1135
1586 1133
1588 1171
1590 1170
1592 1134
1594 1133
1596 1170
1598 1133
1600 1133
1602 1206
1604 1133
1606 1169
1608 1169
1610 1134
1612 1133
1614 1133
1616 1169
1618 1132
1620 1133
1622 1246
1624 1133
1626 1417
1628 1162
1630 1162
1632 1161
1634 1133
1636 1132
1638 1132
1640 1242
1642 1154
1644 1132
1646 1170
1648 1134
1650 1134
1652 1206
1654 1133
1656 1133
1658 1132
1660 1223
1662 1135
1664 1135
1666 1134
1668 1133
1670 1133
1672 1135
1674 1134
1676 1170
1678 1134
1680 1135
1682 1134
1684 1134
1686 1134
1688 1135
1690 1133
1692 1133
1694 1134
1696 1135
1698 1134
1700 1136
1702 1250
1704 1132
1706 1172
1708 1296
1710 1138
1712 1136
1714 1138
1716 1134
1718 1136
1720 1136
1722 1134
1724 1154
1726 1134
1728 1133
1730 1134
1732 1169
1734 1337
1736 1177
1738 1209
1740 1163
1742 1133
1744 1170
1746 1133
1748 1170
1750 1133
1752 1170
1754 1395
1756 1220
1758 1280
1760 1203
1762 1164
1764 1165
1766 1198
1768 1164
1770 1310
1772 1235
1774 1164
1776 1199
1778 1163
1780 1163
1782 1154
1784 1133
1786 1134
1788 1135
1790 1133
1792 1132
1794 1207
1796 1134
1798 1136
1800 1134
1802 1135
1804 1135
1806 1134
1808 1134
1810 1133
1812 1389
1814 1136
1816 1165
1818 1166
1820 1165
1822 1163
1824 1134
1826 1153
1828 1164
1830 1162
1832 1162
1834 1176
1836 1135
1838 1137
1840 1192
1842 1136
1844 1135
1846 1133
1848 1133
1850 1210
1852 1134
1854 1133
1856 1153
1858 1135
1860 1211
1862 1163
1864 1169
1866 1134
1868 1133
1870 1134
1872 1134
1874 1133
1876 1209
1878 1171
1880 1133
1882 1169
1884 1133
1886 1133
1888 1171
1890 1134
1892 1133
1894 1169
1896 1135
1898 1134
1900 1164
1902 1164
1904 1135
1906 1134
1908 1170
1910 1134
1912 1132
1914 1192
1916 1134
1918 1232
1920 1136
1922 1135
1924 1136
1926 1169
1928 1135
1930 1225
1932 1133
1934 1205
1936 1133
1938 1132
1940 1133
1942 1133
1944 1133
1946 1132
1948 1133
1950 1134
1952 1133
1954 1132
1956 1133
1958 1169
1960 1133
1962 1169
1964 1170
1966 1133
1968 1133
1970 1132
1972 1133
1974 1132
1976 1133
1978 1304
1980 1133
1982 1133
1984 1169
1986 1132
1988 1133
1990 1133
1992 1133
1994 1132
1996 1133
1998 1132
2000 2307
