2 221
4 203
6 202
8 189
10 189
12 187
14 186
16 175
18 175
20 174
22 173
24 172
26 173
28 174
30 171
32 174
34 174
36 173
38 172
40 171
42 170
44 171
46 168
48 168
50 168
52 168
54 229
56 173
58 171
60 171
62 177
64 186
66 185
68 184
70 184
72 184
74 183
76 183
78 243
80 184
82 183
84 183
86 183
88 182
90 183
92 184
94 183
96 183
98 183
100 184
102 184
104 184
106 183
108 182
110 182
112 183
114 183
116 183
118 183
120 182
122 183
124 182
126 235
128 233
130 233
132 233
134 233
136 234
138 234
140 236
142 233
144 233
146 232
148 232
150 233
152 233
154 233
156 234
158 233
160 233
162 233
164 232
166 311
168 235
170 235
172 236
174 236
176 236
178 233
180 233
182 233
184 233
186 233
188 233
190 233
192 233
194 268
196 233
198 242
200 241
202 235
204 234
206 233
208 233
210 233
212 233
214 232
216 233
218 233
220 233
222 270
224 233
226 233
228 233
230 233
232 234
234 233
236 233
238 232
240 252
242 233
244 233
246 233
248 233
250 351
252 350
254 350
256 350
258 350
260 349
262 350
264 349
266 349
268 350
270 350
272 350
274 389
276 350
278 350
280 350
282 350
284 390
286 382
288 363
290 366
292 349
294 349
296 350
298 349
300 350
302 350
304 349
306 349
308 350
310 349
312 449
314 352
316 351
318 351
320 350
322 350
324 349
326 350
328 349
330 350
332 483
334 351
336 350
338 351
340 350
342 350
344 350
346 388
348 350
350 350
352 349
354 349
356 350
358 349
360 349
362 350
364 350
366 349
368 386
370 350
372 350
374 424
376 350
378 350
380 350
382 350
384 350
386 349
388 350
390 349
392 350
394 349
396 349
398 350
400 350
402 350
404 350
406 349
408 350
410 350
412 350
414 350
416 349
418 350
420 500
422 350
424 350
426 350
428 349
430 350
432 349
434 349
436 350
438 350
440 350
442 349
444 349
446 350
448 349
450 386
452 349
454 427
456 349
458 349
460 350
462 350
464 349
466 350
468 350
470 350
472 350
474 350
476 349
478 350
480 350
482 350
484 350
486 349
488 351
490 350
492 349
494 350
496 350
498 349
500 609
502 609
504 610
506 608
508 609
510 645
512 608
514 609
516 611
518 647
520 609
522 608
524 609
526 645
528 610
530 683
532 609
534 609
536 609
538 718
540 609
542 609
544 609
546 608
548 608
550 609
552 609
554 609
556 608
558 609
560 609
562 609
564 609
566 609
568 609
570 608
572 722
574 609
576 609
578 608
580 610
582 609
584 609
586 609
588 609
590 609
592 609
594 609
596 609
598 608
600 608
602 608
604 609
606 609
608 610
610 609
612 609
614 609
616 626
618 608
620 608
622 609
624 686
626 609
628 609
630 628
632 645
634 608
636 682
638 609
640 609
642 609
644 608
646 609
648 645
650 626
652 626
654 625
656 625
658 662
660 659
662 626
664 625
666 625
668 625
670 625
672 625
674 625
676 625
678 671
680 624
682 624
684 695
686 610
688 648
690 609
692 608
694 647
696 608
698 608
700 610
702 801
704 608
706 608
708 609
710 611
712 629
714 716
716 653
718 925
720 652
722 654
724 678
726 666
728 645
730 680
732 648
734 647
736 626
738 625
740 624
742 625
744 659
746 625
748 625
750 626
752 726
754 684
756 626
758 698
760 642
762 627
764 704
766 681
768 644
770 788
772 695
774 642
776 677
778 643
780 642
782 642
784 641
786 641
788 642
790 642
792 642
794 625
796 624
798 869
800 708
802 676
804 683
806 627
808 624
810 625
812 625
814 625
816 625
818 718
820 695
822 626
824 625
826 625
828 625
830 625
832 659
834 626
836 609
838 608
840 609
842 609
844 692
846 609
848 684
850 689
852 609
854 609
856 648
858 643
860 642
862 625
864 625
866 625
868 642
870 641
872 642
874 641
876 642
878 625
880 625
882 705
884 624
886 625
888 632
890 610
892 664
894 610
896 711
898 610
900 625
902 627
904 625
906 624
908 624
910 624
912 624
914 609
916 626
918 608
920 608
922 608
924 666
926 658
928 611
930 609
932 625
934 625
936 625
938 625
940 626
942 628
944 625
946 640
948 645
950 610
952 608
954 608
956 609
958 609
960 646
962 609
964 646
966 671
968 762
970 686
972 666
974 626
976 626
978 626
980 625
982 625
984 625
986 625
988 625
990 625
992 625
994 776
996 626
998 609
1000 1145
1002 1219
1004 1144
1006 1144
1008 1144
1010 1223
1012 1145
1014 1211
1016 1145
1018 1144
1020 1145
1022 1147
1024 1202
1026 1144
1028 1146
1030 1146
1032 1203
1034 1143
1036 1146
1038 1144
1040 1143
1042 1143
1044 1182
1046 1143
1048 1179
1050 1144
1052 1180
1054 1143
1056 1276
1058 1163
1060 1145
1062 1142
1064 1142
1066 1146
1068 1181
1070 1144
1072 1336
1074 1143
1076 1162
1078 1142
1080 1143
1082 1143
1084 1180
1086 1222
1088 1145
1090 1294
1092 1262
1094 1142
1096 1164
1098 1142
1100 1143
1102 1143
1104 1144
1106 1130
1108 1127
1110 1124
1112 1425
1114 1129
1116 1127
1118 1165
1120 1243
1122 1126
1124 1261
1126 1127
1128 1163
1130 1125
1132 1125
1134 1234
1136 1127
1138 1126
1140 1162
1142 1163
1144 1124
1146 1124
1148 1124
1150 1199
1152 1126
1154 1124
1156 1124
1158 1124
1160 1123
1162 1124
1164 1123
1166 1231
1168 1125
1170 1184
1172 1161
1174 1124
1176 1238
1178 1124
1180 1269
1182 1160
1184 1212
1186 1191
1188 1204
1190 1194
1192 1155
1194 1228
1196 1185
1198 1192
1200 1124
1202 1307
1204 1124
1206 1124
1208 1125
1210 1295
1212 1125
1214 1159
1216 1154
1218 1155
1220 1155
1222 1153
1224 1155
1226 1124
1228 1160
1230 1163
1232 1160
1234 1123
1236 1163
1238 1302
1240 1200
1242 1263
1244 1290
1246 1157
1248 1187
1250 1186
1252 1186
1254 1154
1256 1158
1258 1158
1260 1126
1262 1237
1264 1178
1266 1125
1268 1125
1270 1144
1272 1126
1274 1269
1276 1125
1278 1124
1280 1125
1282 1124
1284 1248
1286 1126
1288 1125
1290 1125
1292 1124
1294 1197
1296 1126
1298 1124
1300 1153
1302 1154
1304 1155
1306 1124
1308 1196
1310 1199
1312 1161
1314 1200
1316 1124
1318 1269
1320 1126
1322 1144
1324 1124
1326 1125
1328 1160
1330 1124
1332 1203
1334 1124
1336 1124
1338 1125
1340 1160
1342 1160
1344 1124
1346 1189
1348 1124
1350 1162
1352 1193
1354 1124
1356 1206
1358 1124
1360 1124
1362 1126
1364 1125
1366 1199
1368 1123
1370 1123
1372 1124
1374 1123
1376 1194
1378 1213
1380 1149
1382 1154
1384 1155
1386 1144
1388 1123
1390 1160
1392 1124
1394 1125
1396 1125
1398 1125
1400 1160
1402 1125
1404 1125
1406 1125
1408 1125
1410 1221
1412 1124
1414 1186
1416 1187
1418 1154
1420 1154
1422 1160
1424 1145
1426 1123
1428 1124
1430 1126
1432 1124
1434 1124
1436 1125
1438 1238
1440 1123
1442 1125
1444 1125
1446 1161
1448 1125
1450 1125
1452 1125
1454 1160
1456 1124
1458 1176
1460 1144
1462 1202
1464 1124
1466 1124
1468 1252
1470 1127
1472 1145
1474 1158
1476 1157
1478 1157
1480 1156
1482 1155
1484 1156
1486 1160
1488 1158
1490 1126
1492 1162
1494 1125
1496 1124
1498 1126
1500 1416
1502 1158
1504 1157
1506 1158
1508 1126
1510 1479
1512 1396
1514 1245
1516 1157
1518 1187
1520 1187
1522 1188
1524 1154
1526 1153
1528 1236
1530 1174
1532 1277
1534 1253
1536 1195
1538 1196
1540 1210
1542 1197
1544 1193
1546 1189
1548 1192
1550 1189
1552 1190
1554 1194
1556 1188
1558 1185
1560 1190
1562 1154
1564 1126
1566 1199
1568 1200
1570 1124
1572 1124
1574 1124
1576 1125
1578 1162
1580 1319
1582 1162
1584 1154
1586 1155
1588 1156
1590 1124
1592 1160
1594 1352
1596 1184
1598 1187
1600 1185
1602 1185
1604 1221
1606 1280
1608 1188
1610 1187
1612 1184
1614 1186
1616 1186
1618 1186
1620 1186
1622 1172
1624 1155
1626 1155
1628 1127
1630 1125
1632 1127
1634 1125
1636 1124
1638 1124
1640 1162
1642 1293
1644 1124
1646 1191
1648 1266
1650 1154
1652 1124
1654 1124
1656 1197
1658 1126
1660 1124
1662 1163
1664 1124
1666 1125
1668 1125
1670 1125
1672 1125
1674 1144
1676 1120
1678 1192
1680 1262
1682 1305
1684 1313
1686 1152
1688 1150
1690 1181
1692 1181
1694 1180
1696 1149
1698 1185
1700 1147
1702 1155
1704 1118
1706 1118
1708 1118
1710 1156
1712 1158
1714 1119
1716 1383
1718 1185
1720 1382
1722 1241
1724 1185
1726 1190
1728 1197
1730 1189
1732 1239
1734 1184
1736 1185
1738 1240
1740 1182
1742 1182
1744 1183
1746 1306
1748 1150
1750 1148
1752 1148
1754 1170
1756 1177
1758 1149
1760 1149
1762 1120
1764 1154
1766 1123
1768 1183
1770 1118
1772 1120
1774 1120
1776 1154
1778 1119
1780 1118
1782 1119
1784 1118
1786 1118
1788 1365
1790 1121
1792 1122
1794 1202
1796 1144
1798 1118
1800 1119
1802 1120
1804 1189
1806 1117
1808 1118
1810 1191
1812 1149
1814 1117
1816 1117
1818 1118
1820 1210
1822 1118
1824 1117
1826 1236
1828 1117
1830 1119
1832 1119
1834 1119
1836 1118
1838 1118
1840 1120
1842 1154
1844 1117
1846 1119
1848 1154
1850 1119
1852 1195
1854 1118
1856 1117
1858 1156
1860 1120
1862 1118
1864 1118
1866 1117
1868 1119
1870 1118
1872 1117
1874 1233
1876 1117
1878 1118
1880 1154
1882 1117
1884 1118
1886 1116
1888 1191
1890 1154
1892 1117
1894 1190
1896 1117
1898 1154
1900 1117
1902 1118
1904 1119
1906 1153
1908 1117
1910 1194
1912 1190
1914 1118
1916 1119
1918 1120
1920 1117
1922 1154
1924 1117
1926 1155
1928 1118
1930 1118
1932 1118
1934 1285
1936 1118
1938 1117
1940 1117
1942 1117
1944 1117
1946 1136
1948 1117
1950 1154
1952 1190
1954 1155
1956 1116
1958 1116
1960 1117
1962 1116
1964 1117
1966 1117
1968 1195
1970 1117
1972 1226
1974 1118
1976 1387
1978 1119
1980 1120
1982 1155
1984 1119
1986 1155
1988 1191
1990 1118
1992 1118
1994 1262
1996 1193
1998 1119
2000 2203
