2 287
4 254
6 253
8 248
10 273
12 231
14 241
16 251
18 251
20 251
22 288
24 214
26 213
28 213
30 213
32 270
34 269
36 269
38 269
40 226
42 206
44 208
46 207
48 205
50 207
52 207
54 207
56 208
58 207
60 207
62 253
64 301
66 303
68 252
70 253
72 252
74 252
76 252
78 252
80 252
82 254
84 252
86 252
88 252
90 252
92 252
94 252
96 253
98 253
100 255
102 223
104 224
106 224
108 224
110 224
112 224
114 224
116 224
118 224
120 223
122 224
124 224
126 366
128 366
130 366
132 366
134 366
136 366
138 366
140 366
142 366
144 366
146 366
148 338
150 338
152 337
154 337
156 337
158 458
160 391
162 329
164 329
166 329
168 344
170 337
172 376
174 337
176 420
178 384
180 405
182 501
184 372
186 337
188 337
190 336
192 341
194 491
196 338
198 362
200 356
202 337
204 337
206 337
208 337
210 337
212 337
214 337
216 337
218 337
220 337
222 337
224 337
226 390
228 337
230 337
232 365
234 337
236 337
238 338
240 337
242 337
244 337
246 338
248 382
250 609
252 609
254 646
256 610
258 610
260 609
262 610
264 610
266 610
268 609
270 617
272 594
274 594
276 591
278 629
280 594
282 630
284 595
286 594
288 677
290 669
292 593
294 593
296 594
298 593
300 593
302 591
304 722
306 593
308 593
310 593
312 593
314 593
316 591
318 593
320 592
322 592
324 593
326 593
328 593
330 593
332 592
334 591
336 593
338 593
340 594
342 593
344 595
346 594
348 656
350 608
352 593
354 593
356 592
358 592
360 592
362 593
364 594
366 594
368 594
370 591
372 633
374 594
376 594
378 594
380 591
382 594
384 594
386 613
388 593
390 593
392 593
394 593
396 592
398 592
400 593
402 593
404 592
406 594
408 630
410 593
412 613
414 593
416 593
418 593
420 592
422 594
424 593
426 593
428 593
430 628
432 593
434 593
436 594
438 592
440 594
442 595
444 593
446 593
448 593
450 666
452 593
454 593
456 593
458 593
460 593
462 829
464 618
466 609
468 609
470 609
472 609
474 609
476 609
478 609
480 611
482 608
484 594
486 666
488 593
490 592
492 666
494 594
496 594
498 594
500 1133
502 1132
504 1238
506 1132
508 1132
510 1133
512 1131
514 1131
516 1132
518 1131
520 1131
522 1206
524 1209
526 1133
528 1133
530 1131
532 1131
534 1130
536 1131
538 1214
540 1167
542 1133
544 1130
546 1130
548 1131
550 1131
552 1131
554 1131
556 1132
558 1255
560 1131
562 1131
564 1132
566 1132
568 1130
570 1131
572 1131
574 1131
576 1131
578 1132
580 1190
582 1133
584 1133
586 1133
588 1131
590 1131
592 1232
594 1564
596 1195
598 1175
600 1258
602 1202
604 1161
606 1161
608 1187
610 1274
612 1207
614 1162
616 1160
618 1162
620 1162
622 1162
624 1162
626 1234
628 1161
630 1259
632 1161
634 1160
636 1232
638 1160
640 1152
642 1131
644 1131
646 1131
648 1205
650 1128
652 1133
654 1128
656 1133
658 1133
660 1208
662 1130
664 1131
666 1131
668 1131
670 1190
672 1203
674 1130
676 1128
678 1129
680 1131
682 1129
684 1204
686 1212
688 1149
690 1131
692 1131
694 1131
696 1203
698 1131
700 1130
702 1130
704 1131
706 1185
708 1205
710 1129
712 1205
714 1129
716 1131
718 1131
720 1204
722 1133
724 1168
726 1131
728 1132
730 1167
732 1238
734 1128
736 1129
738 1133
740 1133
742 1131
744 1168
746 1131
748 1131
750 1132
752 1132
754 1131
756 1240
758 1131
760 1168
762 1132
764 1128
766 1132
768 1205
770 1129
772 1131
774 1130
776 1167
778 1132
780 1210
782 1131
784 1128
786 1131
788 1131
790 1150
792 1205
794 1132
796 1130
798 1130
800 1130
802 1129
804 1242
806 1128
808 1131
810 1129
812 1133
814 1128
816 1207
818 1132
820 1132
822 1128
824 1133
826 1169
828 1244
830 1129
832 1129
834 1131
836 1131
838 1132
840 1204
842 1131
844 1131
846 1131
848 1133
850 1130
852 1223
854 1131
856 1131
858 1131
860 1132
862 1132
864 1131
866 1131
868 1131
870 1207
872 1129
874 1131
876 1131
878 1442
880 1283
882 1345
884 1288
886 1162
888 1161
890 1269
892 1198
894 1203
896 1162
898 1183
900 1238
902 1194
904 1194
906 1194
908 1194
910 1208
912 1187
914 1161
916 1161
918 1182
920 1161
922 1238
924 1161
926 1161
928 1332
930 1131
932 1242
934 1162
936 1239
938 1163
940 1338
942 1158
944 1278
946 1161
948 1161
950 1162
952 1198
954 1163
956 1161
958 1161
960 1161
962 1161
964 1131
966 1131
968 1131
970 1242
972 1129
974 1131
976 1132
978 1131
980 1130
982 1167
984 1130
986 1130
988 1167
990 1131
992 1129
994 1188
996 1243
998 1169
1000 2253
1002 2368
1004 2215
1006 2252
1008 2213
1010 2218
1012 2409
1014 2217
1016 2218
1018 2254
1020 2217
1022 2252
1024 2215
1026 2290
1028 2254
1030 2600
1032 2260
1034 2443
1036 2275
1038 2276
1040 2292
1042 2275
1044 2216
1046 2331
1048 2216
1050 2213
1052 2337
1054 2216
1056 2216
1058 2289
1060 2217
1062 2285
1064 2217
1066 2216
1068 2216
1070 2218
1072 2216
1074 2216
1076 2214
1078 2295
1080 2288
1082 2391
1084 2389
1086 2274
1088 2274
1090 2293
1092 2218
1094 2216
1096 2298
1098 2217
1100 2216
1102 2293
1104 2216
1106 2215
1108 2216
1110 2217
1112 2213
1114 2217
1116 2215
1118 2216
1120 2292
1122 2291
1124 2216
1126 2216
1128 2290
1130 2216
1132 2216
1134 2288
1136 2216
1138 2289
1140 2216
1142 2219
1144 2255
1146 2216
1148 2216
1150 2217
1152 2341
1154 2294
1156 2220
1158 2219
1160 2288
1162 2220
1164 2218
1166 2373
1168 2216
1170 2356
1172 2291
1174 2217
1176 2290
1178 2218
1180 2212
1182 2219
1184 2218
1186 2216
1188 2215
1190 2293
1192 2296
1194 2219
1196 2219
1198 2273
1200 2252
1202 2213
1204 2297
1206 2220
1208 2291
1210 2389
1212 2476
1214 2216
1216 2253
1218 2246
1220 2217
1222 2428
1224 2514
1226 2645
1228 2438
1230 2275
1232 2306
1234 2363
1236 2275
1238 2255
1240 2275
1242 2217
1244 2212
1246 2218
1248 2213
1250 2216
1252 2290
1254 2213
1256 2213
1258 2288
1260 2217
1262 2289
1264 2309
1266 2349
1268 2460
1270 2275
1272 2275
1274 2276
1276 2332
1278 2274
1280 2296
1282 2277
1284 2244
1286 2213
1288 2219
1290 2218
1292 2252
1294 2218
1296 2234
1298 2214
1300 2216
1302 2327
1304 2217
1306 2217
1308 2294
1310 2219
1312 2279
1314 2256
1316 2525
1318 2323
1320 2275
1322 2272
1324 2296
1326 2217
1328 2216
1330 2290
1332 2214
1334 2252
1336 2216
1338 2216
1340 2218
1342 2219
1344 2296
1346 2288
1348 2213
1350 2217
1352 2252
1354 2215
1356 2215
1358 2327
1360 2218
1362 2216
1364 2253
1366 2217
1368 2218
1370 2482
1372 2214
1374 2289
1376 2289
1378 2216
1380 2254
1382 2403
1384 2300
1386 2252
1388 2213
1390 2216
1392 2237
1394 2787
1396 2213
1398 2354
1400 2314
1402 2273
1404 2275
1406 2406
1408 2277
1410 2275
1412 2311
1414 2653
1416 2275
1418 2315
1420 2274
1422 2271
1424 2423
1426 2272
1428 2219
1430 2339
1432 2292
1434 2217
1436 2254
1438 2270
1440 2216
1442 2251
1444 2252
1446 2218
1448 2217
1450 2327
1452 2254
1454 2216
1456 2292
1458 2217
1460 2217
1462 2331
1464 2216
1466 2290
1468 2277
1470 2218
1472 2217
1474 2216
1476 2219
1478 2249
1480 2212
1482 2216
1484 2217
1486 2217
1488 2218
1490 2213
1492 2349
1494 2219
1496 2291
1498 2254
1500 2217
1502 2252
1504 2218
1506 2249
1508 2216
1510 2381
1512 2472
1514 2558
1516 2277
1518 2337
1520 2274
1522 2275
1524 2275
1526 2311
1528 2365
1530 2309
1532 2349
1534 2284
1536 2253
1538 2216
1540 2216
1542 2253
1544 2217
1546 2216
1548 2362
1550 2604
1552 2274
1554 2317
1556 2271
1558 2275
1560 2330
1562 2275
1564 2217
1566 2238
1568 2274
1570 2212
1572 2217
1574 2219
1576 2219
1578 2251
1580 2252
1582 2216
1584 2217
1586 2325
1588 2219
1590 2220
1592 2274
1594 2213
1596 2217
1598 2324
1600 2216
1602 2219
1604 2219
1606 2213
1608 2327
1610 2216
1612 2331
1614 2253
1616 2216
1618 2330
1620 2216
1622 2217
1624 2331
1626 2219
1628 2219
1630 2253
1632 2213
1634 2213
1636 2273
1638 2217
1640 2216
1642 2252
1644 2212
1646 2217
1648 2216
1650 2294
1652 2312
1654 2218
1656 2402
1658 2217
1660 2217
1662 2217
1664 2217
1666 2252
1668 2251
1670 2343
1672 2217
1674 2329
1676 2218
1678 2217
1680 2273
1682 2217
1684 2217
1686 2291
1688 2215
1690 2292
1692 2252
1694 2219
1696 2291
1698 2217
1700 2217
1702 2217
1704 2218
1706 2217
1708 2218
1710 2218
1712 2274
1714 2304
1716 2216
1718 2302
1720 2217
1722 2220
1724 2253
1726 2338
1728 2219
1730 2219
1732 2218
1734 2216
1736 2216
1738 2217
1740 2216
1742 2216
1744 2260
1746 2216
1748 2426
1750 2600
1752 2218
1754 2277
1756 2411
1758 2275
1760 2254
1762 2290
1764 2217
1766 2214
1768 2327
1770 2221
1772 2280
1774 2279
1776 2214
1778 2213
1780 2219
1782 2218
1784 2254
1786 2359
1788 2216
1790 2216
1792 2235
1794 2439
1796 2217
1798 2217
1800 2774
1802 2234
1804 2460
1806 2452
1808 2277
1810 2275
1812 2274
1814 2341
1816 2277
1818 2275
1820 2312
1822 2296
1824 2233
1826 2216
1828 2215
1830 2250
1832 2214
1834 2256
1836 2252
1838 2216
1840 2217
1842 2334
1844 2324
1846 2213
1848 2217
1850 2291
1852 2219
1854 2253
1856 2218
1858 2217
1860 2217
1862 2219
1864 2219
1866 2289
1868 2255
1870 2217
1872 2214
1874 2365
1876 2216
1878 2212
1880 2253
1882 2212
1884 2213
1886 2303
1888 2219
1890 2216
1892 2254
1894 2217
1896 2216
1898 2276
1900 2249
1902 2399
1904 2216
1906 2326
1908 2253
1910 2219
1912 2250
1914 2216
1916 2292
1918 2328
1920 2215
1922 2213
1924 2253
1926 2216
1928 2217
1930 2217
1932 2216
1934 2215
1936 2217
1938 2330
1940 2217
1942 2216
1944 2406
1946 2217
1948 2293
1950 2252
1952 2217
1954 2218
1956 2251
1958 2307
1960 2256
1962 2216
1964 2212
1966 2212
1968 2343
1970 2218
1972 2327
1974 2212
1976 2272
1978 2217
1980 2212
1982 2254
1984 2215
1986 2317
1988 2275
1990 2216
1992 2216
1994 2295
1996 2350
1998 2355
2000 4501
