2 216
4 198
6 196
8 185
10 183
12 182
14 182
16 173
18 246
20 170
22 171
24 207
26 171
28 172
30 170
32 171
34 171
36 169
38 168
40 168
42 168
44 168
46 168
48 167
50 284
52 169
54 169
56 169
58 169
60 169
62 179
64 190
66 189
68 186
70 186
72 185
74 188
76 188
78 185
80 186
82 185
84 186
86 187
88 220
90 185
92 185
94 185
96 185
98 185
100 185
102 185
104 187
106 184
108 185
110 187
112 187
114 187
116 187
118 190
120 185
122 187
124 185
126 234
128 234
130 234
132 232
134 232
136 232
138 232
140 232
142 233
144 232
146 232
148 233
150 232
152 232
154 232
156 232
158 232
160 233
162 232
164 237
166 235
168 233
170 232
172 232
174 232
176 233
178 232
180 290
182 232
184 233
186 305
188 231
190 231
192 232
194 233
196 232
198 232
200 232
202 233
204 232
206 232
208 232
210 232
212 232
214 231
216 232
218 231
220 252
222 234
224 231
226 232
228 231
230 231
232 271
234 232
236 233
238 232
240 232
242 232
244 231
246 232
248 286
250 352
252 391
254 350
256 350
258 350
260 350
262 349
264 350
266 350
268 350
270 350
272 349
274 367
276 350
278 349
280 349
282 350
284 350
286 349
288 349
290 349
292 350
294 350
296 350
298 350
300 349
302 349
304 349
306 350
308 350
310 349
312 349
314 350
316 350
318 349
320 349
322 349
324 350
326 349
328 350
330 350
332 350
334 350
336 350
338 421
340 350
342 350
344 349
346 349
348 349
350 350
352 350
354 349
356 350
358 350
360 421
362 350
364 350
366 350
368 349
370 350
372 350
374 348
376 349
378 350
380 351
382 350
384 349
386 349
388 349
390 351
392 350
394 349
396 350
398 350
400 350
402 349
404 350
406 349
408 350
410 350
412 350
414 349
416 350
418 349
420 350
422 350
424 350
426 422
428 350
430 350
432 349
434 350
436 349
438 349
440 350
442 350
444 349
446 421
448 350
450 350
452 350
454 350
456 349
458 349
460 349
462 349
464 350
466 349
468 427
470 349
472 350
474 350
476 350
478 350
480 350
482 349
484 350
486 350
488 351
490 349
492 350
494 349
496 349
498 349
500 606
502 606
504 606
506 659
508 605
510 606
512 606
514 737
516 759
518 685
520 608
522 641
524 624
526 623
528 622
530 765
532 714
534 625
536 691
538 622
540 623
542 622
544 622
546 622
548 622
550 697
552 665
554 624
556 623
558 665
560 622
562 621
564 627
566 606
568 606
570 606
572 607
574 769
576 606
578 607
580 606
582 607
584 607
586 606
588 606
590 606
592 643
594 607
596 608
598 606
600 606
602 605
604 605
606 606
608 606
610 622
612 605
614 606
616 606
618 607
620 607
622 623
624 623
626 623
628 622
630 622
632 622
634 622
636 623
638 622
640 661
642 623
644 623
646 660
648 622
650 624
652 623
654 623
656 622
658 658
660 677
662 622
664 622
666 732
668 622
670 622
672 622
674 663
676 623
678 660
680 662
682 844
684 624
686 623
688 622
690 623
692 622
694 665
696 622
698 622
700 659
702 622
704 622
706 621
708 622
710 622
712 622
714 628
716 606
718 646
720 606
722 606
724 644
726 606
728 606
730 606
732 606
734 606
736 623
738 605
740 606
742 606
744 606
746 680
748 679
750 606
752 605
754 606
756 661
758 606
760 606
762 607
764 605
766 605
768 607
770 606
772 607
774 606
776 606
778 606
780 607
782 607
784 606
786 606
788 697
790 608
792 607
794 607
796 607
798 606
800 712
802 605
804 606
806 606
808 606
810 606
812 749
814 643
816 606
818 607
820 607
822 607
824 606
826 606
828 606
830 606
832 607
834 607
836 606
838 606
840 606
842 606
844 607
846 606
848 606
850 605
852 606
854 606
856 606
858 737
860 644
862 607
864 643
866 607
868 607
870 606
872 605
874 606
876 606
878 608
880 609
882 608
884 607
886 607
888 607
890 607
892 648
894 606
896 606
898 606
900 606
902 681
904 606
906 606
908 606
910 606
912 607
914 606
916 606
918 606
920 645
922 605
924 626
926 681
928 606
930 606
932 606
934 607
936 606
938 606
940 606
942 606
944 606
946 606
948 625
950 605
952 606
954 606
956 607
958 606
960 606
962 606
964 607
966 607
968 646
970 606
972 607
974 606
976 606
978 609
980 606
982 606
984 605
986 643
988 606
990 606
992 606
994 606
996 606
998 606
1000 1152
1002 1152
1004 1152
1006 1229
1008 1150
1010 1150
1012 1150
1014 1152
1016 1151
1018 1186
1020 1150
1022 1150
1024 1150
1026 1149
1028 1150
1030 1149
1032 1186
1034 1188
1036 1152
1038 1187
1040 1249
1042 1212
1044 1189
1046 1185
1048 1211
1050 1182
1052 1152
1054 1150
1056 1150
1058 1151
1060 1153
1062 1153
1064 1153
1066 1295
1068 1150
1070 1152
1072 1152
1074 1152
1076 1150
1078 1149
1080 1251
1082 1186
1084 1150
1086 1149
1088 1219
1090 1219
1092 1180
1094 1223
1096 1181
1098 1217
1100 1181
1102 1180
1104 1218
1106 1223
1108 1182
1110 1180
1112 1181
1114 1441
1116 1225
1118 1220
1120 1230
1122 1515
1124 1260
1126 1219
1128 1216
1130 1243
1132 1215
1134 1228
1136 1252
1138 1181
1140 1182
1142 1151
1144 1150
1146 1188
1148 1152
1150 1180
1152 1187
1154 1150
1156 1150
1158 1152
1160 1150
1162 1151
1164 1150
1166 1150
1168 1225
1170 1232
1172 1188
1174 1149
1176 1188
1178 1149
1180 1251
1182 1154
1184 1190
1186 1154
1188 1210
1190 1215
1192 1795
1194 1149
1196 1150
1198 1148
1200 1176
1202 1147
1204 1226
1206 1145
1208 1148
1210 1286
1212 1204
1214 1148
1216 1145
1218 1190
1220 1181
1222 1146
1224 1248
1226 1220
1228 1145
1230 1145
1232 1165
1234 1146
1236 1146
1238 1145
1240 1146
1242 1146
1244 1146
1246 1181
1248 1147
1250 1146
1252 1146
1254 1147
1256 1145
1258 1223
1260 1146
1262 1144
1264 1182
1266 1146
1268 1182
1270 1256
1272 1145
1274 1144
1276 1144
1278 1145
1280 1145
1282 1145
1284 1182
1286 1144
1288 1222
1290 1146
1292 1146
1294 1147
1296 1144
1298 1149
1300 1432
1302 1306
1304 1148
1306 1178
1308 1179
1310 1178
1312 1227
1314 1176
1316 1177
1318 1214
1320 1212
1322 1183
1324 1146
1326 1372
1328 1178
1330 1227
1332 1176
1334 1180
1336 1179
1338 1177
1340 1146
1342 1261
1344 1184
1346 1148
1348 1146
1350 1181
1352 1219
1354 1145
1356 1165
1358 1146
1360 1147
1362 1149
1364 1186
1366 1226
1368 1146
1370 1148
1372 1175
1374 1145
1376 1145
1378 1146
1380 1145
1382 1218
1384 1146
1386 1145
1388 1182
1390 1258
1392 1146
1394 1144
1396 1146
1398 1145
1400 1144
1402 1145
1404 1145
1406 1146
1408 1145
1410 1145
1412 1145
1414 1176
1416 1175
1418 1226
1420 1146
1422 1146
1424 1223
1426 1254
1428 1145
1430 1145
1432 1242
1434 1144
1436 1165
1438 1166
1440 1145
1442 1219
1444 1146
1446 1145
1448 1146
1450 1145
1452 1144
1454 1145
1456 1182
1458 1144
1460 1256
1462 1146
1464 1181
1466 1144
1468 1143
1470 1219
1472 1144
1474 1300
1476 1219
1478 1144
1480 1144
1482 1145
1484 1257
1486 1224
1488 1146
1490 1145
1492 1144
1494 1145
1496 1144
1498 1280
1500 1144
1502 1145
1504 1144
1506 1144
1508 1144
1510 1146
1512 1222
1514 1182
1516 1146
1518 1182
1520 1218
1522 1143
1524 1144
1526 1143
1528 1145
1530 1145
1532 1182
1534 1145
1536 1144
1538 1145
1540 1146
1542 1144
1544 1145
1546 1144
1548 1145
1550 1182
1552 1181
1554 1144
1556 1144
1558 1144
1560 1144
1562 1181
1564 1146
1566 1144
1568 1143
1570 1145
1572 1262
1574 1203
1576 1180
1578 1181
1580 1181
1582 1146
1584 1147
1586 1147
1588 1146
1590 1270
1592 1146
1594 1182
1596 1220
1598 1147
1600 1147
1602 1257
1604 1145
1606 1145
1608 1145
1610 1147
1612 1146
1614 1145
1616 1250
1618 1149
1620 1178
1622 1180
1624 1178
1626 1196
1628 1206
1630 1149
1632 1148
1634 1148
1636 1148
1638 1146
1640 1145
1642 1281
1644 1186
1646 1145
1648 1145
1650 1144
1652 1184
1654 1145
1656 1261
1658 1181
1660 1166
1662 1146
1664 1145
1666 1146
1668 1146
1670 1223
1672 1181
1674 1144
1676 1145
1678 1145
1680 1144
1682 1145
1684 1144
1686 1144
1688 1144
1690 1182
1692 1183
1694 1144
1696 1251
1698 1145
1700 1145
1702 1182
1704 1145
1706 1218
1708 1349
1710 1146
1712 1146
1714 1183
1716 1144
1718 1143
1720 1144
1722 1144
1724 1143
1726 1144
1728 1145
1730 1145
1732 1144
1734 1216
1736 1144
1738 1144
1740 1181
1742 1144
1744 1145
1746 1144
1748 1144
1750 1146
1752 1144
1754 1144
1756 1146
1758 1144
1760 1190
1762 1151
1764 1278
1766 1151
1768 1225
1770 1185
1772 1217
1774 1179
1776 1150
1778 1187
1780 1149
1782 1148
1784 1169
1786 1148
1788 1147
1790 1185
1792 1307
1794 1149
1796 1149
1798 1149
1800 1185
1802 1148
1804 1149
1806 1148
1808 1148
1810 1148
1812 1148
1814 1224
1816 1185
1818 1148
1820 1148
1822 1184
1824 1148
1826 1147
1828 1147
1830 1185
1832 1185
1834 1148
1836 1147
1838 1147
1840 1148
1842 1148
1844 1149
1846 1146
1848 1148
1850 1303
1852 1148
1854 1185
1856 1149
1858 1147
1860 1214
1862 1149
1864 1222
1866 1147
1868 1148
1870 1148
1872 1148
1874 1150
1876 1150
1878 1148
1880 1148
1882 1149
1884 1149
1886 1153
1888 1151
1890 1152
1892 1225
1894 1149
1896 1150
1898 1185
1900 1230
1902 1149
1904 1148
1906 1358
1908 1196
1910 1187
1912 1183
1914 1209
1916 1298
1918 1182
1920 1152
1922 1152
1924 1149
1926 1149
1928 1149
1930 1185
1932 1148
1934 1149
1936 1148
1938 1150
1940 1148
1942 1182
1944 1148
1946 1147
1948 1166
1950 1150
1952 1149
1954 1221
1956 1224
1958 1148
1960 1186
1962 1186
1964 1147
1966 1148
1968 1223
1970 1148
1972 1222
1974 1148
1976 1148
1978 1148
1980 1232
1982 1436
1984 1151
1986 1150
1988 1209
1990 1216
1992 1179
1994 1179
1996 1179
1998 1180
2000 2431
