2 128
4 130
6 130
8 127
10 126
12 126
14 126
16 138
18 138
20 138
22 138
24 138
26 137
28 138
30 137
32 154
34 154
36 154
38 152
40 153
42 153
44 154
46 154
48 154
50 154
52 154
54 154
56 153
58 154
60 154
62 189
64 224
66 224
68 224
70 223
72 224
74 223
76 223
78 223
80 224
82 224
84 223
86 223
88 224
90 245
92 205
94 206
96 206
98 206
100 206
102 206
104 228
106 206
108 205
110 206
112 207
114 206
116 206
118 206
120 206
122 206
124 206
126 338
128 338
130 357
132 337
134 338
136 338
138 338
140 337
142 338
144 337
146 378
148 337
150 337
152 337
154 337
156 337
158 373
160 337
162 337
164 359
166 337
168 394
170 474
172 328
174 328
176 328
178 329
180 328
182 328
184 328
186 329
188 329
190 328
192 350
194 328
196 328
198 328
200 328
202 329
204 413
206 339
208 1524
210 407
212 512
214 495
216 557
218 380
220 354
222 351
224 348
226 348
228 348
230 348
232 347
234 357
236 348
238 368
240 353
242 347
244 347
246 353
248 347
250 626
252 633
254 628
256 632
258 636
260 628
262 628
264 628
266 627
268 628
270 627
272 624
274 625
276 625
278 625
280 626
282 625
284 625
286 625
288 625
290 625
292 609
294 609
296 609
298 658
300 609
302 608
304 611
306 609
308 683
310 610
312 593
314 593
316 593
318 593
320 593
322 593
324 593
326 593
328 593
330 591
332 667
334 593
336 593
338 593
340 593
342 594
344 665
346 609
348 615
350 672
352 593
354 591
356 593
358 593
360 593
362 595
364 594
366 593
368 593
370 593
372 593
374 593
376 593
378 593
380 593
382 592
384 633
386 593
388 593
390 593
392 594
394 593
396 593
398 593
400 593
402 593
404 592
406 706
408 754
410 699
412 640
414 608
416 639
418 594
420 594
422 618
424 608
426 667
428 609
430 678
432 609
434 609
436 638
438 609
440 609
442 608
444 610
446 609
448 610
450 610
452 609
454 609
456 608
458 609
460 609
462 593
464 595
466 593
468 593
470 687
472 630
474 678
476 592
478 593
480 594
482 595
484 666
486 593
488 593
490 613
492 610
494 610
496 593
498 701
500 1163
502 1155
504 1131
506 1167
508 1231
510 1169
512 1133
514 1133
516 1133
518 1168
520 1133
522 1132
524 1133
526 1175
528 1131
530 1219
532 1161
534 1133
536 1131
538 1131
540 1201
542 1131
544 1131
546 1132
548 1132
550 1170
552 1166
554 1204
556 1130
558 1190
560 1128
562 1133
564 1133
566 1131
568 1131
570 1131
572 1130
574 1133
576 1132
578 1130
580 1244
582 1131
584 1129
586 1131
588 1131
590 1131
592 1170
594 1133
596 1171
598 1133
600 1129
602 1129
604 1131
606 1222
608 1131
610 1131
612 1131
614 1130
616 1131
618 1131
620 1130
622 1132
624 1132
626 1131
628 1131
630 1131
632 1130
634 1131
636 1131
638 1133
640 1130
642 1131
644 1131
646 1129
648 1131
650 1131
652 1129
654 1131
656 1192
658 1129
660 1129
662 1131
664 1131
666 1131
668 1149
670 1168
672 1132
674 1129
676 1131
678 1131
680 1131
682 1132
684 1206
686 1131
688 1131
690 1129
692 1131
694 1132
696 1131
698 1147
700 1131
702 1130
704 1129
706 1130
708 1129
710 1252
712 1132
714 1131
716 1131
718 1205
720 1133
722 1214
724 1203
726 1130
728 1129
730 1203
732 1132
734 1277
736 1133
738 1134
740 1129
742 1133
744 1129
746 1131
748 1131
750 1129
752 1130
754 1130
756 1131
758 1151
760 1220
762 1132
764 1131
766 1132
768 1131
770 1132
772 1132
774 1132
776 1133
778 1133
780 1133
782 1133
784 1131
786 1130
788 1131
790 1131
792 1131
794 1132
796 1131
798 1130
800 1130
802 1131
804 1131
806 1209
808 1133
810 1129
812 1133
814 1132
816 1134
818 1133
820 1132
822 1132
824 1132
826 1133
828 1218
830 1181
832 1162
834 1182
836 1162
838 1163
840 1197
842 1201
844 1163
846 1163
848 1164
850 1197
852 1201
854 1161
856 1161
858 1161
860 1161
862 1161
864 1199
866 1324
868 1129
870 1354
872 1130
874 1381
876 1133
878 1279
880 1198
882 1161
884 1161
886 1161
888 1161
890 1161
892 1161
894 1160
896 1202
898 1162
900 1162
902 1129
904 1129
906 1133
908 1206
910 1133
912 1133
914 1133
916 1128
918 1132
920 1186
922 1131
924 1131
926 1131
928 1131
930 1131
932 1168
934 1131
936 1131
938 1167
940 1132
942 1217
944 1131
946 1131
948 1131
950 1134
952 1131
954 1150
956 1131
958 1132
960 1132
962 1132
964 1131
966 1131
968 1132
970 1131
972 1132
974 1132
976 1132
978 1131
980 1131
982 1131
984 1133
986 1203
988 1131
990 1151
992 1379
994 1270
996 1133
998 1132
1000 2316
1002 2275
1004 2416
1006 2342
1008 2275
1010 2283
1012 2283
1014 2425
1016 2220
1018 2257
1020 2217
1022 2217
1024 2275
1026 2618
1028 2397
1030 2323
1032 2425
1034 2406
1036 2310
1038 2270
1040 2246
1042 2378
1044 2217
1046 2296
1048 2218
1050 2339
1052 2233
1054 2216
1056 2217
1058 2217
1060 2306
1062 2216
1064 2217
1066 2217
1068 2216
1070 2217
1072 2216
1074 2243
1076 2217
1078 2262
1080 2252
1082 2215
1084 2392
1086 2291
1088 2219
1090 2304
1092 2288
1094 2292
1096 2216
1098 2295
1100 2216
1102 2215
1104 2253
1106 2252
1108 2357
1110 2276
1112 2314
1114 2276
1116 2274
1118 2379
1120 2217
1122 2292
1124 2329
1126 2215
1128 2216
1130 2291
1132 2216
1134 2217
1136 2215
1138 2216
1140 2216
1142 2215
1144 2296
1146 2219
1148 2215
1150 2327
1152 2217
1154 2328
1156 2254
1158 2219
1160 2218
1162 2329
1164 2219
1166 2219
1168 2219
1170 2216
1172 2281
1174 2216
1176 2220
1178 2329
1180 2219
1182 2255
1184 2217
1186 2217
1188 2293
1190 2217
1192 2216
1194 2330
1196 2216
1198 2217
1200 2218
1202 2295
1204 2217
1206 3415
1208 2219
1210 2251
1212 2279
1214 2216
1216 2219
1218 2294
1220 2212
1222 2255
1224 2254
1226 2216
1228 2368
1230 2216
1232 2217
1234 2218
1236 2219
1238 2255
1240 2253
1242 2217
1244 2250
1246 2216
1248 2289
1250 2290
1252 2217
1254 2216
1256 2216
1258 2220
1260 2220
1262 2335
1264 2217
1266 2217
1268 2366
1270 2326
1272 2254
1274 2362
1276 2410
1278 2217
1280 2256
1282 2477
1284 2452
1286 2275
1288 2274
1290 2342
1292 2484
1294 2276
1296 2378
1298 2365
1300 2344
1302 2309
1304 2314
1306 2274
1308 2274
1310 2275
1312 2350
1314 2252
1316 2213
1318 2217
1320 2216
1322 2216
1324 2212
1326 2216
1328 2216
1330 2293
1332 2216
1334 2290
1336 2289
1338 2215
1340 2294
1342 2273
1344 2216
1346 2215
1348 2255
1350 2219
1352 2220
1354 2219
1356 2216
1358 2216
1360 2216
1362 2327
1364 2253
1366 2216
1368 2277
1370 2294
1372 2256
1374 2325
1376 2216
1378 2216
1380 2252
1382 2216
1384 2217
1386 2213
1388 2325
1390 2218
1392 2219
1394 2327
1396 2213
1398 2328
1400 2294
1402 2214
1404 2218
1406 2289
1408 2215
1410 2214
1412 2399
1414 2216
1416 2214
1418 2212
1420 2213
1422 2220
1424 2213
1426 2212
1428 2219
1430 2290
1432 2253
1434 2216
1436 2255
1438 2374
1440 2217
1442 2217
1444 2330
1446 2217
1448 2213
1450 2253
1452 2291
1454 2215
1456 2217
1458 2303
1460 2293
1462 2251
1464 2217
1466 2291
1468 2216
1470 2252
1472 2215
1474 2215
1476 2255
1478 2218
1480 2215
1482 2254
1484 2213
1486 2292
1488 2372
1490 2215
1492 2215
1494 2253
1496 2289
1498 2216
1500 2213
1502 2217
1504 2220
1506 2219
1508 2319
1510 2217
1512 2216
1514 2292
1516 2304
1518 2217
1520 2323
1522 2217
1524 2217
1526 2288
1528 2220
1530 2255
1532 2217
1534 2217
1536 2216
1538 2251
1540 2253
1542 2216
1544 2215
1546 2291
1548 2214
1550 2217
1552 2254
1554 2251
1556 2294
1558 2290
1560 2215
1562 2253
1564 2216
1566 2217
1568 2288
1570 2217
1572 2638
1574 2311
1576 2278
1578 2400
1580 2338
1582 2277
1584 2267
1586 2245
1588 2460
1590 2219
1592 2219
1594 2260
1596 2250
1598 2216
1600 2254
1602 2254
1604 2216
1606 2250
1608 2327
1610 2216
1612 2216
1614 2477
1616 2216
1618 2298
1620 2290
1622 2218
1624 2327
1626 2633
1628 2217
1630 2292
1632 2216
1634 2218
1636 2216
1638 2216
1640 2214
1642 2216
1644 2216
1646 2291
1648 2276
1650 2217
1652 2330
1654 2219
1656 2219
1658 2255
1660 2273
1662 2216
1664 2217
1666 2253
1668 2216
1670 2216
1672 2217
1674 2331
1676 2216
1678 2290
1680 2217
1682 2215
1684 2253
1686 2220
1688 2219
1690 2330
1692 2217
1694 2216
1696 2252
1698 2217
1700 2216
1702 2351
1704 2218
1706 2213
1708 2216
1710 2272
1712 2217
1714 2216
1716 2294
1718 2217
1720 2216
1722 2252
1724 2216
1726 2212
1728 2311
1730 2217
1732 2217
1734 2217
1736 2351
1738 2215
1740 2218
1742 2328
1744 2217
1746 2219
1748 2253
1750 2295
1752 2216
1754 2327
1756 2216
1758 2215
1760 2281
1762 2353
1764 2843
1766 2369
1768 2546
1770 2278
1772 2375
1774 2301
1776 2276
1778 2275
1780 2315
1782 2216
1784 2217
1786 2254
1788 2216
1790 2320
1792 2217
1794 2292
1796 2218
1798 2217
1800 2218
1802 2255
1804 2253
1806 2217
1808 2256
1810 2251
1812 2288
1814 2218
1816 2250
1818 2216
1820 2217
1822 2251
1824 2287
1826 2253
1828 2215
1830 2219
1832 2218
1834 2253
1836 2249
1838 2289
1840 2254
1842 2251
1844 2217
1846 2216
1848 2287
1850 2338
1852 2216
1854 2460
1856 2255
1858 2286
1860 2673
1862 2362
1864 2331
1866 2409
1868 2217
1870 2366
1872 2244
1874 2384
1876 2257
1878 2389
1880 2296
1882 2217
1884 2250
1886 2216
1888 2291
1890 2216
1892 2297
1894 2212
1896 2295
1898 2219
1900 2219
1902 2254
1904 2301
1906 2212
1908 2292
1910 2216
1912 2290
1914 2254
1916 2219
1918 2295
1920 2220
1922 2216
1924 2216
1926 2217
1928 2273
1930 2216
1932 2215
1934 2310
1936 2212
1938 2216
1940 2253
1942 2289
1944 2220
1946 2293
1948 2219
1950 2295
1952 2279
1954 2213
1956 2287
1958 2213
1960 2215
1962 2215
1964 2215
1966 2253
1968 2216
1970 2216
1972 2252
1974 2212
1976 2290
1978 2466
1980 2217
1982 2295
1984 2252
1986 2290
1988 2214
1990 2218
1992 2216
1994 2217
1996 2218
1998 2219
2000 4671
