2 221
4 203
6 201
8 195
10 188
12 188
14 189
16 178
18 176
20 176
22 175
24 175
26 174
28 176
30 174
32 175
34 175
36 174
38 173
40 175
42 172
44 173
46 172
48 172
50 172
52 215
54 173
56 174
58 175
60 210
62 185
64 196
66 195
68 193
70 192
72 189
74 190
76 190
78 189
80 189
82 189
84 189
86 189
88 189
90 190
92 189
94 191
96 189
98 262
100 184
102 184
104 184
106 184
108 183
110 184
112 184
114 184
116 185
118 184
120 184
122 184
124 184
126 234
128 234
130 232
132 234
134 233
136 233
138 232
140 232
142 231
144 232
146 233
148 288
150 232
152 232
154 232
156 231
158 232
160 231
162 230
164 230
166 287
168 249
170 257
172 255
174 240
176 253
178 234
180 233
182 230
184 232
186 232
188 233
190 232
192 231
194 232
196 239
198 276
200 325
202 274
204 298
206 280
208 240
210 239
212 239
214 239
216 239
218 239
220 254
222 247
224 245
226 245
228 245
230 244
232 243
234 244
236 274
238 245
240 247
242 245
244 245
246 243
248 245
250 362
252 360
254 376
256 392
258 359
260 359
262 359
264 359
266 361
268 360
270 359
272 360
274 359
276 392
278 360
280 360
282 360
284 359
286 413
288 359
290 402
292 359
294 429
296 358
298 359
300 359
302 359
304 359
306 359
308 442
310 413
312 361
314 361
316 372
318 375
320 370
322 375
324 372
326 370
328 369
330 376
332 407
334 371
336 370
338 373
340 370
342 370
344 370
346 371
348 403
350 373
352 369
354 369
356 369
358 371
360 369
362 370
364 370
366 400
368 383
370 374
372 370
374 369
376 370
378 370
380 369
382 371
384 368
386 367
388 369
390 368
392 369
394 381
396 369
398 369
400 367
402 368
404 370
406 367
408 367
410 368
412 368
414 367
416 359
418 359
420 357
422 393
424 359
426 361
428 357
430 394
432 359
434 359
436 358
438 359
440 359
442 359
444 356
446 358
448 498
450 443
452 359
454 359
456 359
458 359
460 350
462 351
464 353
466 350
468 351
470 380
472 350
474 369
476 350
478 350
480 350
482 349
484 352
486 350
488 348
490 348
492 369
494 350
496 370
498 349
500 611
502 610
504 615
506 593
508 594
510 594
512 593
514 594
516 594
518 595
520 594
522 594
524 594
526 594
528 651
530 613
532 612
534 612
536 612
538 682
540 657
542 686
544 612
546 613
548 640
550 628
552 654
554 628
556 628
558 630
560 611
562 785
564 630
566 629
568 611
570 628
572 627
574 627
576 627
578 627
580 611
582 612
584 685
586 612
588 612
590 612
592 612
594 612
596 612
598 684
600 610
602 611
604 610
606 716
608 677
610 662
612 781
614 626
616 689
618 628
620 628
622 639
624 611
626 611
628 681
630 628
632 612
634 612
636 612
638 612
640 612
642 612
644 611
646 611
648 648
650 612
652 612
654 612
656 613
658 722
660 637
662 611
664 611
666 612
668 611
670 727
672 613
674 612
676 612
678 612
680 612
682 611
684 611
686 612
688 612
690 612
692 613
694 612
696 612
698 612
700 612
702 612
704 612
706 612
708 667
710 611
712 649
714 651
716 612
718 612
720 720
722 611
724 611
726 612
728 612
730 611
732 648
734 612
736 611
738 611
740 611
742 611
744 612
746 685
748 612
750 612
752 612
754 612
756 758
758 686
760 611
762 612
764 612
766 648
768 650
770 672
772 612
774 612
776 612
778 690
780 610
782 611
784 610
786 612
788 612
790 692
792 795
794 659
796 628
798 720
800 630
802 631
804 629
806 628
808 628
810 662
812 666
814 627
816 627
818 612
820 610
822 611
824 612
826 611
828 611
830 685
832 611
834 611
836 611
838 611
840 611
842 611
844 612
846 612
848 611
850 611
852 611
854 612
856 611
858 647
860 611
862 611
864 610
866 613
868 612
870 643
872 612
874 613
876 706
878 705
880 653
882 627
884 627
886 627
888 690
890 627
892 630
894 629
896 629
898 628
900 628
902 658
904 612
906 672
908 614
910 613
912 612
914 626
916 627
918 629
920 627
922 627
924 637
926 611
928 683
930 612
932 611
934 612
936 612
938 611
940 772
942 610
944 611
946 611
948 610
950 611
952 611
954 612
956 612
958 752
960 612
962 612
964 628
966 612
968 628
970 628
972 629
974 628
976 628
978 630
980 628
982 628
984 628
986 627
988 627
990 611
992 611
994 686
996 612
998 612
1000 1165
1002 1149
1004 1152
1006 1183
1008 1182
1010 1179
1012 1407
1014 1228
1016 1178
1018 1228
1020 1244
1022 1181
1024 1179
1026 1214
1028 1215
1030 1180
1032 1175
1034 1180
1036 1214
1038 1308
1040 1179
1042 1183
1044 1219
1046 1148
1048 1182
1050 1222
1052 1148
1054 1147
1056 1148
1058 1149
1060 1147
1062 1148
1064 1148
1066 1191
1068 1149
1070 1151
1072 1147
1074 1148
1076 1222
1078 1148
1080 1148
1082 1214
1084 1185
1086 1149
1088 1163
1090 1146
1092 1146
1094 1204
1096 1183
1098 1149
1100 1148
1102 1148
1104 1149
1106 1149
1108 1149
1110 1149
1112 1148
1114 1150
1116 1149
1118 1149
1120 1149
1122 1149
1124 1148
1126 1221
1128 1221
1130 1148
1132 1226
1134 1150
1136 1149
1138 1149
1140 1149
1142 1225
1144 1148
1146 1148
1148 1148
1150 1146
1152 1147
1154 1208
1156 1297
1158 1148
1160 1220
1162 1147
1164 1185
1166 1149
1168 1168
1170 1184
1172 1149
1174 1302
1176 1147
1178 1147
1180 1148
1182 1148
1184 1184
1186 1148
1188 1149
1190 1185
1192 1146
1194 1145
1196 1148
1198 1148
1200 1147
1202 1183
1204 1148
1206 1184
1208 1183
1210 1147
1212 1147
1214 1183
1216 1147
1218 1149
1220 1290
1222 1271
1224 1179
1226 1184
1228 1183
1230 1181
1232 1326
1234 1150
1236 1152
1238 1188
1240 1151
1242 1150
1244 1149
1246 1149
1248 1148
1250 1148
1252 1148
1254 1147
1256 1146
1258 1149
1260 1260
1262 1148
1264 1148
1266 1171
1268 1149
1270 1181
1272 1146
1274 1149
1276 1183
1278 1147
1280 1185
1282 1149
1284 1148
1286 1147
1288 1221
1290 1149
1292 1148
1294 1185
1296 1148
1298 1184
1300 1283
1302 1184
1304 1188
1306 1147
1308 1184
1310 1147
1312 1169
1314 1148
1316 1149
1318 1149
1320 1151
1322 1150
1324 1149
1326 1147
1328 1147
1330 1146
1332 1146
1334 1147
1336 1147
1338 1147
1340 1145
1342 1148
1344 1147
1346 1147
1348 1616
1350 1601
1352 1225
1354 1211
1356 1227
1358 1220
1360 1208
1362 1209
1364 1175
1366 1175
1368 1176
1370 1144
1372 1145
1374 1144
1376 1217
1378 1145
1380 1147
1382 1148
1384 1147
1386 1217
1388 1148
1390 1221
1392 1180
1394 1144
1396 1230
1398 1146
1400 1147
1402 1149
1404 1147
1406 1146
1408 1146
1410 1145
1412 1146
1414 1183
1416 1144
1418 1144
1420 1144
1422 1218
1424 1181
1426 1477
1428 1150
1430 1184
1432 1148
1434 1146
1436 1203
1438 1146
1440 1182
1442 1221
1444 1147
1446 1146
1448 1145
1450 1148
1452 1184
1454 1146
1456 1147
1458 1147
1460 1146
1462 1146
1464 1146
1466 1146
1468 1183
1470 1144
1472 1144
1474 1218
1476 1147
1478 1146
1480 1181
1482 1220
1484 1227
1486 1159
1488 1146
1490 1146
1492 1183
1494 1146
1496 1145
1498 1146
1500 1224
1502 1145
1504 1146
1506 1300
1508 1175
1510 1273
1512 1174
1514 1174
1516 1203
1518 1182
1520 1150
1522 1149
1524 1183
1526 1147
1528 1323
1530 1221
1532 1182
1534 1148
1536 1147
1538 1220
1540 1147
1542 1221
1544 1147
1546 1147
1548 1183
1550 1256
1552 1146
1554 1206
1556 1146
1558 1219
1560 1147
1562 1184
1564 1147
1566 1147
1568 1145
1570 1184
1572 1146
1574 1146
1576 1147
1578 1146
1580 1146
1582 1184
1584 1145
1586 1216
1588 1163
1590 1145
1592 1220
1594 1145
1596 1218
1598 1145
1600 1145
1602 1146
1604 1146
1606 1180
1608 1222
1610 1147
1612 1147
1614 1147
1616 1182
1618 1145
1620 1146
1622 1147
1624 1181
1626 1145
1628 1147
1630 1165
1632 1217
1634 1148
1636 1247
1638 1146
1640 1144
1642 1144
1644 1146
1646 1146
1648 1146
1650 1146
1652 1145
1654 1146
1656 1147
1658 1147
1660 1143
1662 1145
1664 1146
1666 1144
1668 1219
1670 1144
1672 1144
1674 1312
1676 1144
1678 1143
1680 1184
1682 1145
1684 1145
1686 1145
1688 1147
1690 1147
1692 1147
1694 1183
1696 1146
1698 1146
1700 1147
1702 1148
1704 1147
1706 1145
1708 1145
1710 1145
1712 1147
1714 1147
1716 1147
1718 1145
1720 1147
1722 1146
1724 1198
1726 1183
1728 1147
1730 1278
1732 1184
1734 1182
1736 1182
1738 1146
1740 1147
1742 1163
1744 1145
1746 1181
1748 1144
1750 1145
1752 1145
1754 1147
1756 1146
1758 1146
1760 1183
1762 1147
1764 1146
1766 1146
1768 1145
1770 1147
1772 1148
1774 1164
1776 1144
1778 1182
1780 1180
1782 1144
1784 1258
1786 1221
1788 1177
1790 1177
1792 1220
1794 1257
1796 1194
1798 1190
1800 1180
1802 1179
1804 1178
1806 1264
1808 1180
1810 1230
1812 1148
1814 1148
1816 1222
1818 1146
1820 1147
1822 1183
1824 1145
1826 1147
1828 1146
1830 1146
1832 1146
1834 1146
1836 1228
1838 1147
1840 1221
1842 1147
1844 1229
1846 1185
1848 1146
1850 1146
1852 1148
1854 1182
1856 1146
1858 1145
1860 1146
1862 1144
1864 1144
1866 1182
1868 1217
1870 1241
1872 1246
1874 1177
1876 1182
1878 1180
1880 1183
1882 1178
1884 1148
1886 1231
1888 1148
1890 1138
1892 1136
1894 1211
1896 1135
1898 1134
1900 1134
1902 1210
1904 1153
1906 1136
1908 1133
1910 1172
1912 1135
1914 1134
1916 1133
1918 1132
1920 1132
1922 1135
1924 1134
1926 1136
1928 1134
1930 1134
1932 1136
1934 1161
1936 1132
1938 1134
1940 1171
1942 1239
1944 1133
1946 1134
1948 1133
1950 1134
1952 1134
1954 1133
1956 1134
1958 1134
1960 1213
1962 1135
1964 1133
1966 1131
1968 1131
1970 1132
1972 1133
1974 1170
1976 1133
1978 1133
1980 1133
1982 1132
1984 1173
1986 1134
1988 1134
1990 1135
1992 1209
1994 1132
1996 1133
1998 1133
2000 2224
