2 215
4 197
6 196
8 186
10 184
12 183
14 182
16 173
18 173
20 172
22 173
24 172
26 172
28 171
30 170
32 171
34 171
36 170
38 168
40 168
42 169
44 169
46 170
48 168
50 167
52 167
54 189
56 198
58 198
60 175
62 183
64 195
66 194
68 194
70 191
72 210
74 191
76 192
78 192
80 189
82 189
84 189
86 189
88 189
90 189
92 190
94 190
96 191
98 189
100 189
102 191
104 188
106 188
108 188
110 189
112 188
114 225
116 189
118 189
120 189
122 188
124 189
126 243
128 246
130 245
132 243
134 242
136 242
138 242
140 242
142 242
144 242
146 242
148 242
150 263
152 241
154 241
156 242
158 242
160 242
162 242
164 241
166 242
168 242
170 242
172 242
174 241
176 241
178 242
180 311
182 246
184 397
186 239
188 238
190 237
192 236
194 236
196 236
198 236
200 236
202 236
204 236
206 278
208 235
210 237
212 236
214 235
216 235
218 295
220 242
222 253
224 235
226 236
228 255
230 236
232 236
234 235
236 235
238 236
240 372
242 286
244 304
246 309
248 274
250 420
252 374
254 495
256 374
258 373
260 374
262 383
264 383
266 382
268 383
270 383
272 383
274 382
276 382
278 382
280 373
282 373
284 375
286 374
288 376
290 410
292 373
294 374
296 373
298 385
300 363
302 367
304 365
306 363
308 364
310 364
312 363
314 365
316 363
318 364
320 363
322 364
324 363
326 363
328 548
330 364
332 364
334 364
336 363
338 363
340 362
342 363
344 363
346 419
348 363
350 364
352 363
354 363
356 363
358 363
360 397
362 363
364 362
366 363
368 363
370 363
372 363
374 363
376 363
378 363
380 363
382 364
384 373
386 364
388 400
390 363
392 363
394 364
396 363
398 364
400 363
402 364
404 363
406 365
408 364
410 365
412 364
414 363
416 363
418 364
420 364
422 363
424 363
426 366
428 365
430 364
432 363
434 363
436 362
438 363
440 363
442 401
444 365
446 364
448 363
450 363
452 400
454 363
456 435
458 363
460 363
462 362
464 363
466 364
468 363
470 364
472 364
474 363
476 363
478 363
480 363
482 363
484 363
486 363
488 363
490 363
492 363
494 362
496 363
498 363
500 610
502 610
504 610
506 609
508 652
510 610
512 610
514 724
516 610
518 609
520 609
522 609
524 609
526 608
528 609
530 610
532 609
534 610
536 610
538 609
540 610
542 610
544 609
546 609
548 610
550 609
552 608
554 609
556 716
558 609
560 610
562 609
564 629
566 610
568 626
570 609
572 612
574 610
576 609
578 610
580 711
582 612
584 609
586 609
588 609
590 609
592 646
594 610
596 609
598 610
600 609
602 610
604 709
606 611
608 611
610 609
612 609
614 610
616 646
618 610
620 609
622 610
624 610
626 611
628 684
630 609
632 609
634 610
636 609
638 609
640 609
642 609
644 609
646 609
648 610
650 609
652 610
654 610
656 609
658 610
660 610
662 610
664 610
666 610
668 610
670 611
672 610
674 610
676 645
678 610
680 610
682 629
684 610
686 609
688 645
690 610
692 610
694 609
696 610
698 610
700 646
702 610
704 609
706 609
708 609
710 681
712 646
714 611
716 609
718 609
720 610
722 609
724 667
726 610
728 609
730 609
732 609
734 610
736 684
738 610
740 610
742 693
744 611
746 610
748 699
750 611
752 610
754 610
756 610
758 610
760 683
762 610
764 609
766 608
768 609
770 609
772 645
774 609
776 610
778 610
780 610
782 610
784 672
786 609
788 609
790 682
792 610
794 610
796 681
798 609
800 609
802 610
804 609
806 609
808 649
810 609
812 610
814 610
816 610
818 611
820 610
822 609
824 609
826 609
828 609
830 609
832 682
834 610
836 609
838 606
840 637
842 621
844 662
846 620
848 621
850 620
852 692
854 620
856 639
858 621
860 620
862 660
864 620
866 620
868 621
870 621
872 622
874 621
876 621
878 726
880 605
882 685
884 604
886 604
888 604
890 620
892 659
894 620
896 621
898 620
900 620
902 848
904 669
906 621
908 620
910 621
912 662
914 621
916 649
918 621
920 621
922 623
924 623
926 622
928 621
930 621
932 605
934 633
936 605
938 744
940 606
942 606
944 645
946 604
948 605
950 605
952 605
954 604
956 604
958 604
960 604
962 604
964 603
966 604
968 604
970 604
972 603
974 604
976 604
978 605
980 605
982 606
984 604
986 604
988 604
990 605
992 604
994 604
996 620
998 604
1000 1112
1002 1111
1004 1109
1006 1110
1008 1110
1010 1182
1012 1109
1014 1109
1016 1272
1018 1113
1020 1112
1022 1149
1024 1108
1026 1108
1028 1219
1030 1109
1032 1109
1034 1109
1036 1111
1038 1196
1040 1112
1042 1111
1044 1111
1046 1110
1048 1147
1050 1110
1052 1145
1054 1220
1056 1108
1058 1110
1060 1148
1062 1110
1064 1109
1066 1169
1068 1113
1070 1111
1072 1110
1074 1110
1076 1110
1078 1109
1080 1229
1082 1112
1084 1110
1086 1112
1088 1110
1090 1110
1092 1238
1094 1201
1096 1111
1098 1110
1100 1157
1102 1111
1104 1220
1106 1109
1108 1109
1110 1183
1112 1110
1114 1111
1116 1111
1118 1110
1120 1109
1122 1109
1124 1110
1126 1108
1128 1108
1130 1141
1132 1109
1134 1110
1136 1184
1138 1109
1140 1109
1142 1110
1144 1109
1146 1108
1148 1108
1150 1109
1152 1108
1154 1109
1156 1110
1158 1318
1160 1108
1162 1113
1164 1148
1166 1112
1168 1202
1170 1110
1172 1110
1174 1145
1176 1111
1178 1187
1180 1109
1182 1109
1184 1108
1186 1110
1188 1110
1190 1110
1192 1109
1194 1201
1196 1108
1198 1109
1200 1109
1202 1181
1204 1108
1206 1114
1208 1223
1210 1112
1212 1110
1214 1266
1216 1111
1218 1109
1220 1128
1222 1110
1224 1111
1226 1111
1228 1110
1230 1182
1232 1109
1234 1110
1236 1109
1238 1114
1240 1113
1242 1472
1244 1140
1246 1139
1248 1307
1250 1248
1252 1140
1254 1214
1256 1140
1258 1142
1260 1179
1262 1139
1264 1147
1266 1111
1268 1110
1270 1109
1272 1110
1274 1110
1276 1182
1278 1108
1280 1109
1282 1145
1284 1109
1286 1626
1288 1238
1290 1140
1292 1139
1294 1278
1296 1241
1298 1140
1300 1139
1302 1168
1304 1283
1306 1109
1308 1110
1310 1111
1312 1110
1314 1111
1316 1183
1318 1109
1320 1109
1322 1109
1324 1108
1326 1110
1328 1184
1330 1109
1332 1109
1334 1243
1336 1113
1338 1112
1340 1112
1342 1111
1344 1111
1346 1111
1348 1224
1350 1109
1352 1112
1354 1129
1356 1110
1358 1111
1360 1109
1362 1109
1364 1110
1366 1110
1368 1109
1370 1110
1372 1108
1374 1140
1376 1109
1378 1108
1380 1183
1382 1108
1384 1108
1386 1278
1388 1112
1390 1110
1392 1209
1394 1234
1396 1111
1398 1148
1400 1147
1402 1111
1404 1111
1406 1109
1408 1109
1410 1109
1412 1185
1414 1110
1416 1147
1418 1183
1420 1109
1422 1109
1424 1223
1426 1111
1428 1111
1430 1110
1432 1109
1434 1147
1436 1109
1438 1109
1440 1109
1442 1109
1444 1108
1446 1109
1448 1108
1450 1182
1452 1109
1454 1109
1456 1113
1458 1111
1460 1147
1462 1110
1464 1111
1466 1111
1468 1111
1470 1109
1472 1109
1474 1109
1476 1202
1478 1110
1480 1109
1482 1148
1484 1198
1486 1109
1488 1109
1490 1110
1492 1176
1494 1175
1496 1176
1498 1174
1500 1173
1502 1176
1504 1362
1506 1174
1508 1174
1510 1175
1512 1247
1514 1203
1516 1203
1518 1204
1520 1247
1522 1174
1524 1175
1526 1232
1528 1252
1530 1175
1532 1539
1534 1173
1536 1328
1538 1352
1540 1206
1542 1240
1544 1205
1546 1275
1548 1206
1550 1207
1552 1210
1554 1254
1556 1174
1558 1174
1560 1172
1562 1279
1564 1173
1566 1173
1568 1244
1570 1254
1572 1174
1574 1172
1576 1247
1578 1172
1580 1172
1582 1174
1584 1174
1586 1175
1588 1172
1590 1192
1592 1175
1594 1173
1596 1243
1598 1172
1600 1173
1602 1172
1604 1245
1606 1209
1608 1172
1610 1173
1612 1192
1614 1173
1616 1269
1618 1177
1620 1283
1622 1175
1624 1173
1626 1172
1628 1173
1630 1172
1632 1174
1634 1173
1636 1447
1638 1208
1640 1206
1642 1205
1644 1175
1646 1346
1648 1173
1650 1211
1652 1175
1654 1174
1656 1174
1658 1173
1660 1172
1662 1173
1664 1285
1666 1209
1668 1211
1670 1174
1672 1173
1674 1210
1676 1172
1678 1173
1680 1172
1682 1172
1684 1173
1686 1173
1688 1172
1690 1172
1692 1172
1694 1326
1696 1175
1698 1174
1700 1225
1702 1210
1704 1172
1706 1173
1708 1174
1710 1174
1712 1190
1714 1247
1716 1173
1718 1211
1720 1173
1722 1173
1724 1193
1726 1174
1728 1174
1730 1175
1732 1174
1734 1174
1736 1175
1738 1174
1740 1245
1742 1173
1744 1174
1746 1174
1748 1173
1750 1172
1752 1173
1754 1279
1756 1172
1758 1172
1760 1210
1762 1209
1764 1172
1766 1173
1768 1250
1770 1173
1772 1173
1774 1172
1776 1175
1778 1174
1780 1173
1782 1174
1784 1172
1786 1173
1788 1172
1790 1325
1792 1172
1794 1174
1796 1246
1798 1252
1800 1173
1802 1173
1804 1194
1806 1209
1808 1173
1810 1173
1812 1209
1814 1414
1816 1206
1818 1291
1820 1310
1822 1205
1824 1207
1826 1206
1828 1235
1830 1204
1832 1178
1834 1176
1836 1175
1838 1175
1840 1175
1842 1263
1844 1215
1846 1175
1848 1175
1850 1174
1852 1173
1854 1173
1856 1173
1858 1174
1860 1174
1862 1299
1864 1173
1866 1173
1868 1247
1870 1174
1872 1176
1874 1210
1876 1175
1878 1174
1880 1353
1882 1173
1884 1173
1886 1174
1888 1175
1890 1174
1892 1174
1894 1174
1896 1173
1898 1172
1900 1269
1902 1174
1904 1174
1906 1174
1908 1174
1910 1174
1912 1209
1914 1247
1916 1174
1918 1210
1920 1173
1922 1173
1924 1172
1926 1172
1928 1172
1930 1173
1932 1173
1934 1175
1936 1174
1938 1172
1940 1173
1942 1244
1944 1173
1946 1172
1948 1172
1950 1172
1952 1172
1954 1172
1956 1171
1958 1172
1960 1171
1962 1242
1964 1171
1966 1171
1968 1260
1970 1199
1972 1174
1974 1174
1976 1173
1978 1173
1980 1174
1982 1174
1984 1174
1986 1171
1988 1172
1990 1172
1992 1172
1994 1244
1996 1172
1998 1173
2000 2392
