2 118
4 108
6 106
8 103
10 103
12 103
14 103
16 112
18 112
20 112
22 109
24 161
26 109
28 109
30 109
32 138
34 138
36 138
38 138
40 158
42 137
44 137
46 138
48 138
50 137
52 137
54 196
56 138
58 138
60 138
62 170
64 201
66 201
68 201
70 201
72 201
74 201
76 220
78 206
80 206
82 206
84 206
86 206
88 205
90 206
92 205
94 221
96 239
98 201
100 200
102 201
104 201
106 201
108 201
110 201
112 201
114 201
116 201
118 201
120 201
122 201
124 200
126 328
128 405
130 329
132 328
134 328
136 329
138 328
140 329
142 328
144 365
146 329
148 328
150 329
152 329
154 329
156 329
158 328
160 329
162 328
164 328
166 330
168 329
170 328
172 329
174 329
176 329
178 329
180 329
182 329
184 329
186 329
188 329
190 329
192 329
194 329
196 329
198 329
200 329
202 329
204 329
206 329
208 367
210 328
212 328
214 328
216 328
218 328
220 329
222 328
224 328
226 425
228 415
230 428
232 362
234 428
236 337
238 337
240 337
242 337
244 337
246 337
248 337
250 609
252 612
254 652
256 635
258 609
260 708
262 609
264 609
266 609
268 607
270 609
272 652
274 610
276 609
278 593
280 620
282 595
284 597
286 592
288 630
290 658
292 592
294 593
296 592
298 593
300 593
302 593
304 667
306 593
308 595
310 593
312 593
314 593
316 632
318 630
320 593
322 593
324 593
326 593
328 595
330 593
332 593
334 593
336 593
338 593
340 630
342 592
344 593
346 593
348 593
350 651
352 593
354 593
356 592
358 593
360 593
362 593
364 593
366 593
368 593
370 594
372 593
374 593
376 593
378 593
380 593
382 593
384 594
386 593
388 594
390 627
392 622
394 593
396 593
398 593
400 612
402 592
404 593
406 593
408 593
410 630
412 594
414 594
416 593
418 593
420 592
422 630
424 593
426 593
428 594
430 673
432 593
434 593
436 593
438 593
440 651
442 593
444 593
446 593
448 630
450 593
452 593
454 593
456 593
458 594
460 593
462 593
464 594
466 593
468 593
470 593
472 593
474 593
476 594
478 668
480 609
482 725
484 593
486 666
488 593
490 622
492 609
494 608
496 609
498 609
500 1161
502 1163
504 1161
506 1132
508 1132
510 1132
512 1132
514 1207
516 1167
518 1131
520 1131
522 1131
524 1133
526 1169
528 1268
530 1169
532 1132
534 1132
536 1132
538 1131
540 1169
542 1208
544 1131
546 1133
548 1132
550 1205
552 1166
554 1131
556 1132
558 1133
560 1171
562 1132
564 1207
566 1131
568 1132
570 1131
572 1207
574 1129
576 1167
578 1131
580 1131
582 1131
584 1205
586 1132
588 1242
590 1132
592 1132
594 1131
596 1168
598 1131
600 1243
602 1131
604 1132
606 1132
608 1132
610 1132
612 1133
614 1151
616 1207
618 1131
620 1131
622 1131
624 1169
626 1131
628 1131
630 1131
632 1131
634 1132
636 1132
638 1132
640 1242
642 1132
644 1132
646 1131
648 1148
650 1131
652 1131
654 1132
656 1132
658 1132
660 1242
662 1132
664 1132
666 1132
668 1133
670 1132
672 1132
674 1132
676 1132
678 1134
680 1132
682 1131
684 1205
686 1132
688 1132
690 1132
692 1132
694 1206
696 1190
698 1132
700 1132
702 1284
704 1134
706 1169
708 1132
710 1132
712 1213
714 1208
716 1132
718 1212
720 1133
722 1135
724 1164
726 1164
728 1201
730 1201
732 1185
734 1163
736 1162
738 1163
740 1163
742 1162
744 1161
746 1161
748 1163
750 1163
752 1162
754 1828
756 1460
758 1285
760 1426
762 1131
764 1155
766 1161
768 1161
770 1225
772 1184
774 1199
776 1162
778 1162
780 1223
782 1265
784 1161
786 1387
788 1131
790 1347
792 1132
794 1286
796 1162
798 1161
800 1162
802 1162
804 1161
806 1162
808 1199
810 1162
812 1163
814 1161
816 1162
818 1151
820 1205
822 1209
824 1131
826 1131
828 1134
830 1131
832 1131
834 1132
836 1129
838 1131
840 1130
842 1130
844 1131
846 1131
848 1131
850 1131
852 1131
854 1132
856 1204
858 1153
860 1131
862 1131
864 1131
866 1151
868 1133
870 1197
872 1131
874 1130
876 1193
878 1324
880 1130
882 1130
884 1131
886 1189
888 1131
890 1132
892 1132
894 1131
896 1433
898 1194
900 1132
902 1320
904 1214
906 1161
908 1161
910 1164
912 1161
914 1161
916 1191
918 1164
920 1163
922 1207
924 1161
926 1131
928 1167
930 1131
932 1206
934 1130
936 1204
938 1172
940 1131
942 1131
944 1131
946 1167
948 1131
950 1197
952 1132
954 1247
956 1131
958 1131
960 1131
962 1130
964 1131
966 1132
968 1133
970 1305
972 1131
974 1130
976 1207
978 1204
980 1158
982 1132
984 1132
986 1196
988 1131
990 1207
992 1131
994 1131
996 1131
998 1245
1000 2217
1002 2258
1004 2276
1006 2328
1008 2217
1010 2284
1012 2216
1014 2252
1016 2293
1018 2271
1020 2274
1022 2365
1024 2401
1026 2275
1028 2275
1030 2357
1032 2220
1034 2219
1036 2219
1038 2219
1040 2252
1042 2292
1044 2220
1046 2289
1048 2279
1050 2218
1052 2291
1054 2217
1056 2293
1058 2217
1060 2217
1062 2215
1064 2216
1066 2253
1068 2218
1070 2212
1072 2290
1074 2294
1076 2218
1078 2253
1080 2221
1082 2216
1084 2326
1086 2217
1088 2217
1090 2233
1092 2216
1094 2215
1096 2216
1098 2328
1100 2219
1102 2218
1104 2291
1106 2217
1108 2219
1110 2293
1112 2219
1114 2217
1116 2217
1118 2217
1120 2253
1122 2216
1124 2217
1126 2217
1128 2293
1130 2410
1132 2216
1134 2253
1136 2254
1138 2295
1140 2365
1142 2254
1144 2219
1146 2220
1148 2255
1150 2213
1152 2289
1154 2216
1156 2213
1158 2251
1160 2217
1162 2217
1164 2330
1166 2216
1168 2256
1170 2351
1172 2251
1174 2253
1176 2217
1178 2217
1180 2254
1182 2217
1184 2252
1186 2255
1188 2253
1190 2216
1192 2216
1194 2216
1196 2216
1198 2319
1200 2379
1202 2216
1204 2254
1206 2327
1208 2253
1210 2217
1212 2251
1214 2216
1216 2217
1218 2333
1220 2217
1222 2276
1224 2216
1226 2241
1228 2216
1230 2216
1232 2299
1234 2748
1236 2217
1238 2264
1240 2277
1242 2271
1244 2369
1246 2349
1248 2272
1250 2315
1252 2275
1254 2274
1256 2315
1258 2317
1260 2419
1262 2279
1264 2277
1266 2275
1268 2309
1270 2273
1272 2406
1274 2432
1276 2314
1278 2379
1280 2314
1282 2374
1284 2338
1286 2340
1288 2332
1290 2312
1292 2274
1294 2260
1296 2217
1298 2309
1300 2213
1302 2252
1304 2253
1306 2214
1308 2215
1310 2289
1312 2219
1314 2219
1316 2249
1318 2217
1320 2217
1322 2253
1324 2312
1326 2219
1328 2219
1330 2255
1332 2216
1334 2290
1336 2251
1338 2217
1340 2252
1342 2292
1344 2220
1346 2212
1348 2292
1350 2220
1352 2254
1354 2401
1356 2216
1358 2217
1360 2253
1362 2235
1364 2250
1366 2292
1368 2252
1370 2251
1372 2251
1374 2293
1376 2313
1378 2292
1380 2251
1382 2216
1384 2213
1386 2323
1388 2213
1390 2232
1392 2296
1394 2213
1396 2252
1398 2216
1400 2216
1402 2217
1404 2436
1406 2346
1408 2276
1410 2308
1412 2270
1414 2217
1416 2215
1418 2368
1420 2252
1422 2289
1424 2249
1426 2217
1428 2374
1430 2216
1432 2216
1434 2219
1436 2329
1438 2216
1440 2216
1442 2216
1444 2384
1446 2216
1448 2325
1450 2419
1452 2217
1454 2216
1456 2332
1458 2217
1460 2216
1462 2343
1464 2216
1466 2216
1468 2255
1470 2292
1472 2215
1474 2216
1476 2253
1478 2216
1480 2253
1482 2217
1484 2217
1486 2212
1488 2217
1490 2252
1492 2216
1494 2331
1496 2302
1498 2330
1500 2444
1502 2395
1504 2275
1506 2273
1508 2243
1510 2214
1512 2253
1514 2253
1516 2361
1518 2251
1520 2355
1522 2444
1524 2318
1526 2276
1528 2274
1530 2306
1532 2274
1534 2323
1536 2341
1538 2217
1540 2219
1542 2255
1544 2216
1546 2215
1548 2213
1550 2257
1552 2216
1554 2218
1556 2221
1558 2214
1560 2294
1562 2407
1564 2304
1566 2324
1568 2275
1570 2358
1572 2292
1574 2219
1576 2216
1578 2291
1580 2217
1582 2217
1584 2294
1586 2220
1588 2212
1590 2312
1592 2214
1594 2363
1596 2253
1598 2314
1600 2216
1602 2252
1604 2217
1606 2216
1608 2328
1610 2375
1612 2293
1614 2216
1616 2250
1618 2293
1620 2216
1622 2328
1624 2291
1626 2219
1628 2219
1630 2334
1632 2216
1634 2253
1636 2300
1638 2216
1640 2212
1642 2217
1644 2293
1646 2221
1648 2216
1650 2290
1652 2216
1654 2219
1656 2294
1658 2372
1660 2288
1662 2212
1664 2292
1666 2287
1668 2216
1670 2409
1672 2219
1674 2215
1676 2297
1678 2217
1680 2325
1682 2337
1684 2254
1686 2213
1688 2287
1690 2215
1692 2251
1694 2253
1696 2294
1698 2212
1700 2291
1702 2219
1704 2219
1706 2404
1708 2289
1710 2216
1712 2216
1714 2303
1716 2336
1718 2216
1720 2274
1722 2275
1724 3119
1726 2375
1728 2275
1730 2275
1732 2303
1734 2271
1736 2256
1738 2219
1740 2219
1742 2219
1744 2288
1746 2219
1748 2261
1750 2291
1752 2292
1754 2213
1756 2287
1758 2216
1760 2220
1762 2292
1764 2255
1766 2213
1768 2249
1770 2251
1772 2290
1774 2217
1776 2219
1778 2332
1780 2217
1782 2216
1784 2212
1786 2387
1788 2348
1790 2275
1792 2272
1794 2290
1796 2212
1798 2219
1800 2252
1802 2291
1804 2305
1806 2288
1808 2483
1810 2414
1812 2313
1814 2280
1816 2286
1818 2297
1820 2263
1822 2275
1824 2275
1826 2896
1828 2275
1830 2277
1832 2272
1834 2275
1836 2276
1838 2347
1840 2270
1842 2416
1844 2357
1846 2388
1848 2276
1850 2275
1852 2321
1854 2220
1856 2254
1858 2216
1860 2252
1862 2217
1864 2217
1866 2303
1868 2217
1870 2216
1872 2324
1874 2217
1876 2216
1878 2279
1880 2217
1882 2370
1884 2254
1886 2328
1888 2217
1890 2255
1892 2292
1894 2217
1896 2236
1898 2216
1900 2289
1902 2252
1904 2287
1906 2328
1908 2293
1910 2216
1912 2216
1914 2212
1916 2255
1918 2219
1920 2219
1922 2250
1924 2218
1926 2274
1928 2289
1930 2254
1932 2219
1934 2218
1936 2216
1938 2213
1940 2327
1942 2216
1944 2215
1946 2213
1948 2215
1950 2213
1952 2219
1954 2217
1956 2216
1958 2212
1960 2215
1962 2329
1964 2292
1966 2236
1968 2313
1970 2217
1972 2324
1974 2213
1976 2214
1978 2254
1980 2216
1982 2217
1984 2292
1986 2216
1988 2255
1990 2216
1992 2217
1994 2218
1996 2254
1998 2417
2000 4437
