2 217
4 198
6 196
8 186
10 256
12 184
14 183
16 174
18 176
20 174
22 172
24 174
26 172
28 173
30 171
32 174
34 171
36 171
38 170
40 171
42 171
44 172
46 172
48 171
50 171
52 170
54 238
56 192
58 176
60 174
62 182
64 230
66 189
68 214
70 189
72 189
74 188
76 189
78 188
80 188
82 187
84 188
86 187
88 187
90 188
92 188
94 187
96 190
98 188
100 188
102 188
104 187
106 188
108 207
110 194
112 206
114 248
116 227
118 218
120 215
122 210
124 189
126 243
128 242
130 244
132 241
134 241
136 241
138 240
140 241
142 241
144 240
146 240
148 241
150 241
152 241
154 241
156 283
158 255
160 244
162 242
164 241
166 241
168 307
170 244
172 242
174 243
176 241
178 244
180 240
182 240
184 241
186 243
188 240
190 241
192 240
194 240
196 240
198 262
200 234
202 234
204 328
206 234
208 235
210 377
212 304
214 237
216 242
218 242
220 242
222 241
224 241
226 240
228 367
230 287
232 240
234 241
236 240
238 241
240 241
242 278
244 241
246 241
248 241
250 368
252 435
254 367
256 365
258 366
260 366
262 475
264 367
266 366
268 366
270 366
272 366
274 365
276 366
278 364
280 365
282 366
284 382
286 366
288 366
290 365
292 356
294 356
296 356
298 359
300 408
302 356
304 355
306 356
308 356
310 355
312 356
314 357
316 355
318 355
320 356
322 399
324 365
326 394
328 356
330 355
332 355
334 473
336 357
338 356
340 356
342 376
344 356
346 356
348 356
350 394
352 357
354 356
356 356
358 359
360 357
362 357
364 356
366 356
368 367
370 367
372 366
374 366
376 368
378 366
380 365
382 366
384 392
386 365
388 366
390 365
392 400
394 366
396 366
398 365
400 365
402 365
404 365
406 434
408 356
410 374
412 356
414 357
416 356
418 356
420 356
422 356
424 356
426 393
428 355
430 356
432 428
434 356
436 355
438 356
440 356
442 412
444 355
446 356
448 355
450 356
452 356
454 356
456 356
458 355
460 356
462 356
464 356
466 356
468 356
470 356
472 356
474 355
476 356
478 355
480 355
482 356
484 356
486 356
488 356
490 499
492 356
494 356
496 356
498 356
500 609
502 609
504 609
506 645
508 608
510 608
512 609
514 607
516 608
518 645
520 609
522 608
524 608
526 609
528 646
530 645
532 608
534 607
536 608
538 608
540 608
542 645
544 608
546 608
548 608
550 610
552 608
554 609
556 608
558 608
560 608
562 608
564 608
566 608
568 608
570 683
572 609
574 608
576 608
578 608
580 608
582 609
584 607
586 607
588 608
590 607
592 607
594 609
596 607
598 624
600 608
602 726
604 609
606 608
608 627
610 609
612 608
614 727
616 608
618 608
620 607
622 609
624 608
626 645
628 609
630 609
632 608
634 608
636 608
638 645
640 608
642 609
644 608
646 608
648 608
650 644
652 608
654 608
656 608
658 608
660 678
662 865
664 681
666 607
668 645
670 608
672 682
674 608
676 608
678 608
680 608
682 607
684 609
686 608
688 608
690 608
692 608
694 608
696 608
698 609
700 609
702 608
704 608
706 608
708 608
710 608
712 692
714 609
716 609
718 609
720 608
722 718
724 608
726 628
728 608
730 625
732 608
734 609
736 608
738 610
740 608
742 669
744 608
746 608
748 609
750 608
752 607
754 646
756 608
758 609
760 610
762 608
764 608
766 609
768 609
770 609
772 609
774 608
776 608
778 608
780 608
782 651
784 608
786 624
788 646
790 624
792 624
794 624
796 625
798 624
800 624
802 624
804 624
806 624
808 608
810 608
812 645
814 609
816 608
818 608
820 609
822 625
824 794
826 609
828 609
830 609
832 608
834 608
836 644
838 610
840 609
842 608
844 607
846 608
848 608
850 608
852 608
854 608
856 627
858 690
860 696
862 625
864 624
866 625
868 625
870 696
872 625
874 625
876 624
878 624
880 624
882 608
884 608
886 646
888 646
890 609
892 610
894 607
896 607
898 607
900 608
902 608
904 608
906 608
908 608
910 608
912 608
914 609
916 607
918 608
920 664
922 607
924 607
926 607
928 609
930 607
932 608
934 609
936 608
938 608
940 608
942 608
944 624
946 608
948 609
950 608
952 608
954 608
956 608
958 610
960 609
962 608
964 608
966 609
968 608
970 608
972 645
974 608
976 608
978 608
980 610
982 609
984 683
986 607
988 608
990 607
992 607
994 664
996 608
998 626
1000 1177
1002 1209
1004 1167
1006 1192
1008 1167
1010 1167
1012 1167
1014 1167
1016 1167
1018 1201
1020 1137
1022 1137
1024 1141
1026 1290
1028 1167
1030 1138
1032 1137
1034 1313
1036 1335
1038 1168
1040 1169
1042 1168
1044 1167
1046 1137
1048 1138
1050 1138
1052 1138
1054 1174
1056 1138
1058 1138
1060 1136
1062 1193
1064 1135
1066 1136
1068 1209
1070 1138
1072 1136
1074 1211
1076 1174
1078 1136
1080 1135
1082 1136
1084 1136
1086 1136
1088 1136
1090 1137
1092 1137
1094 1135
1096 1135
1098 1135
1100 1137
1102 1136
1104 1137
1106 1137
1108 1136
1110 1232
1112 1156
1114 1137
1116 1137
1118 1136
1120 1210
1122 1136
1124 1173
1126 1135
1128 1137
1130 1135
1132 1139
1134 1176
1136 1137
1138 1136
1140 1158
1142 1136
1144 1168
1146 1166
1148 1165
1150 1196
1152 1172
1154 1136
1156 1137
1158 1137
1160 1136
1162 1213
1164 1138
1166 1137
1168 1221
1170 1174
1172 1172
1174 1175
1176 1137
1178 1137
1180 1138
1182 1176
1184 1136
1186 1137
1188 1137
1190 1137
1192 1174
1194 1211
1196 1209
1198 1135
1200 1173
1202 1136
1204 1173
1206 1135
1208 1214
1210 1135
1212 1265
1214 1249
1216 1328
1218 1310
1220 1238
1222 1169
1224 1168
1226 1252
1228 1169
1230 1173
1232 1136
1234 1208
1236 1173
1238 1137
1240 1137
1242 1137
1244 1137
1246 1136
1248 1136
1250 1137
1252 1174
1254 1135
1256 1173
1258 1138
1260 1136
1262 1136
1264 1138
1266 1172
1268 1172
1270 1132
1272 1130
1274 1192
1276 1162
1278 1160
1280 1162
1282 1196
1284 1157
1286 1161
1288 1160
1290 1161
1292 1242
1294 1224
1296 1128
1298 1127
1300 1128
1302 1128
1304 1128
1306 1181
1308 1127
1310 1127
1312 1163
1314 1128
1316 1128
1318 1185
1320 1128
1322 1127
1324 1127
1326 1128
1328 1201
1330 1127
1332 1128
1334 1128
1336 1127
1338 1128
1340 1203
1342 1128
1344 1126
1346 1126
1348 1128
1350 1164
1352 1127
1354 1145
1356 1165
1358 1127
1360 1127
1362 1126
1364 1164
1366 1127
1368 1202
1370 1129
1372 1127
1374 1386
1376 1201
1378 1132
1380 1187
1382 1197
1384 1218
1386 1128
1388 1128
1390 1130
1392 1148
1394 1127
1396 1128
1398 1128
1400 1239
1402 1128
1404 1127
1406 1164
1408 1208
1410 1128
1412 1164
1414 1127
1416 1165
1418 1128
1420 1128
1422 1127
1424 1202
1426 1164
1428 1127
1430 1130
1432 1127
1434 1126
1436 1243
1438 1126
1440 1132
1442 1130
1444 1166
1446 1132
1448 1131
1450 1167
1452 1128
1454 1166
1456 1128
1458 1127
1460 1127
1462 1127
1464 1129
1466 1128
1468 1209
1470 1129
1472 1127
1474 1207
1476 1128
1478 1128
1480 1203
1482 1127
1484 1164
1486 1187
1488 1127
1490 1128
1492 1161
1494 1127
1496 1275
1498 1163
1500 1163
1502 1372
1504 1324
1506 1161
1508 1159
1510 1198
1512 1160
1514 1259
1516 1226
1518 1157
1520 1159
1522 1156
1524 1127
1526 1129
1528 1127
1530 1127
1532 1128
1534 1127
1536 1129
1538 1127
1540 1127
1542 1128
1544 1127
1546 1127
1548 1126
1550 1127
1552 1127
1554 1130
1556 1130
1558 1129
1560 1126
1562 1128
1564 1165
1566 1128
1568 1127
1570 1202
1572 1147
1574 1128
1576 1292
1578 1131
1580 1161
1582 1160
1584 1159
1586 1158
1588 1158
1590 1159
1592 1127
1594 1128
1596 1183
1598 1167
1600 1127
1602 1164
1604 1241
1606 1239
1608 1128
1610 1129
1612 1202
1614 1159
1616 1158
1618 1235
1620 1142
1622 1165
1624 1127
1626 1127
1628 1129
1630 1128
1632 1127
1634 1126
1636 1126
1638 1127
1640 1127
1642 1164
1644 1127
1646 1127
1648 1127
1650 1164
1652 1164
1654 1127
1656 1164
1658 1190
1660 1127
1662 1205
1664 1129
1666 1183
1668 1128
1670 1241
1672 1127
1674 1127
1676 1203
1678 1127
1680 1164
1682 1128
1684 1127
1686 1127
1688 1127
1690 1200
1692 1127
1694 1126
1696 1163
1698 1127
1700 1129
1702 1127
1704 1127
1706 1127
1708 1127
1710 1127
1712 1164
1714 1130
1716 1166
1718 1281
1720 1128
1722 1201
1724 1128
1726 1166
1728 1205
1730 1164
1732 1127
1734 1128
1736 1127
1738 1164
1740 1128
1742 1132
1744 1130
1746 1130
1748 1130
1750 1146
1752 1128
1754 1132
1756 1131
1758 1131
1760 1167
1762 1166
1764 1130
1766 1128
1768 1130
1770 1205
1772 1163
1774 1165
1776 1129
1778 1164
1780 1127
1782 1128
1784 1241
1786 1128
1788 1129
1790 1237
1792 1328
1794 1288
1796 1161
1798 1228
1800 1159
1802 1204
1804 1172
1806 1130
1808 1131
1810 1129
1812 1205
1814 1204
1816 1129
1818 1129
1820 1129
1822 1128
1824 1202
1826 1127
1828 1128
1830 1128
1832 1128
1834 1127
1836 1127
1838 1127
1840 1163
1842 1127
1844 1269
1846 1186
1848 1148
1850 1149
1852 1181
1854 1219
1856 1183
1858 1147
1860 1148
1862 1262
1864 1147
1866 1146
1868 1146
1870 1222
1872 1209
1874 1146
1876 1145
1878 1145
1880 1147
1882 1147
1884 1183
1886 1146
1888 1145
1890 1255
1892 1145
1894 1182
1896 1145
1898 1144
1900 1146
1902 1147
1904 1145
1906 1365
1908 1174
1910 1177
1912 1178
1914 1160
1916 1149
1918 1150
1920 1148
1922 1146
1924 1146
1926 1146
1928 1183
1930 1200
1932 1146
1934 1145
1936 1147
1938 1181
1940 1146
1942 1145
1944 1222
1946 1182
1948 1145
1950 1147
1952 1146
1954 1183
1956 1146
1958 1144
1960 1219
1962 1145
1964 1181
1966 1218
1968 1182
1970 1147
1972 1221
1974 1145
1976 1145
1978 1145
1980 1144
1982 1144
1984 1258
1986 1144
1988 1218
1990 1146
1992 1145
1994 1144
1996 1182
1998 1146
2000 2340
