2 322
4 197
6 196
8 186
10 183
12 183
14 182
16 175
18 175
20 173
22 172
24 172
26 172
28 172
30 244
32 172
34 171
36 171
38 171
40 171
42 171
44 168
46 168
48 168
50 168
52 168
54 239
56 171
58 171
60 170
62 179
64 186
66 186
68 185
70 185
72 186
74 184
76 184
78 184
80 204
82 184
84 184
86 184
88 203
90 184
92 184
94 184
96 184
98 183
100 184
102 184
104 184
106 184
108 184
110 184
112 184
114 183
116 259
118 183
120 184
122 183
124 184
126 275
128 238
130 238
132 238
134 238
136 237
138 238
140 238
142 237
144 237
146 289
148 238
150 238
152 238
154 237
156 237
158 237
160 273
162 238
164 238
166 239
168 238
170 238
172 258
174 238
176 237
178 238
180 238
182 238
184 238
186 238
188 238
190 238
192 238
194 275
196 237
198 237
200 238
202 237
204 238
206 237
208 238
210 238
212 237
214 238
216 238
218 237
220 238
222 238
224 238
226 238
228 309
230 308
232 238
234 238
236 237
238 238
240 239
242 238
244 238
246 238
248 238
250 356
252 356
254 356
256 356
258 356
260 356
262 356
264 400
266 401
268 387
270 356
272 365
274 365
276 364
278 365
280 366
282 368
284 365
286 364
288 391
290 355
292 355
294 355
296 356
298 355
300 444
302 355
304 355
306 356
308 356
310 356
312 355
314 355
316 392
318 355
320 356
322 409
324 357
326 357
328 356
330 356
332 358
334 355
336 355
338 355
340 356
342 356
344 394
346 356
348 431
350 355
352 356
354 355
356 355
358 355
360 355
362 355
364 355
366 355
368 354
370 355
372 356
374 392
376 386
378 355
380 355
382 355
384 373
386 356
388 355
390 356
392 355
394 355
396 373
398 355
400 356
402 355
404 355
406 355
408 355
410 355
412 355
414 355
416 355
418 355
420 355
422 355
424 382
426 364
428 355
430 355
432 355
434 355
436 355
438 395
440 356
442 355
444 355
446 355
448 357
450 356
452 355
454 355
456 355
458 356
460 392
462 355
464 356
466 355
468 355
470 355
472 355
474 356
476 356
478 355
480 430
482 522
484 365
486 364
488 365
490 365
492 365
494 365
496 365
498 365
500 640
502 610
504 608
506 663
508 610
510 610
512 609
514 610
516 609
518 609
520 610
522 610
524 610
526 609
528 609
530 609
532 609
534 610
536 612
538 611
540 629
542 610
544 610
546 610
548 610
550 609
552 610
554 610
556 610
558 609
560 610
562 610
564 610
566 611
568 686
570 609
572 610
574 610
576 626
578 626
580 626
582 626
584 626
586 678
588 626
590 670
592 627
594 625
596 626
598 625
600 664
602 626
604 626
606 627
608 626
610 626
612 627
614 610
616 610
618 610
620 610
622 692
624 610
626 610
628 610
630 748
632 610
634 746
636 610
638 740
640 610
642 666
644 629
646 627
648 640
650 625
652 630
654 726
656 610
658 610
660 610
662 610
664 610
666 647
668 609
670 610
672 610
674 609
676 649
678 610
680 609
682 610
684 628
686 609
688 610
690 609
692 610
694 609
696 609
698 697
700 609
702 609
704 610
706 611
708 609
710 610
712 670
714 609
716 609
718 610
720 611
722 611
724 610
726 609
728 609
730 609
732 611
734 610
736 610
738 612
740 610
742 612
744 610
746 610
748 610
750 610
752 610
754 610
756 610
758 610
760 610
762 610
764 704
766 610
768 610
770 610
772 610
774 610
776 610
778 609
780 609
782 609
784 609
786 647
788 610
790 610
792 609
794 609
796 609
798 609
800 610
802 609
804 609
806 609
808 694
810 610
812 609
814 609
816 609
818 703
820 609
822 609
824 610
826 610
828 610
830 610
832 610
834 610
836 610
838 610
840 609
842 610
844 610
846 610
848 610
850 611
852 610
854 610
856 610
858 610
860 609
862 609
864 610
866 610
868 610
870 825
872 627
874 627
876 627
878 626
880 628
882 627
884 610
886 646
888 610
890 665
892 610
894 646
896 611
898 610
900 610
902 611
904 610
906 647
908 609
910 609
912 610
914 754
916 685
918 611
920 610
922 609
924 707
926 723
928 627
930 627
932 628
934 627
936 626
938 627
940 628
942 703
944 665
946 612
948 626
950 611
952 610
954 692
956 659
958 627
960 627
962 629
964 761
966 628
968 628
970 627
972 627
974 665
976 627
978 611
980 699
982 611
984 611
986 647
988 610
990 610
992 653
994 612
996 612
998 673
1000 1127
1002 1127
1004 1129
1006 1231
1008 1128
1010 1127
1012 1264
1014 1128
1016 1128
1018 1127
1020 1126
1022 1311
1024 1198
1026 1125
1028 1126
1030 1162
1032 1126
1034 1127
1036 1127
1038 1127
1040 1126
1042 1127
1044 1125
1046 1124
1048 1124
1050 1125
1052 1126
1054 1125
1056 1125
1058 1127
1060 1124
1062 1200
1064 1155
1066 1154
1068 1154
1070 1126
1072 1182
1074 1125
1076 1127
1078 1126
1080 1126
1082 1161
1084 1124
1086 1164
1088 1125
1090 1161
1092 1125
1094 1124
1096 1124
1098 1124
1100 1160
1102 1124
1104 1125
1106 1125
1108 1126
1110 1126
1112 1125
1114 1218
1116 1126
1118 1126
1120 1144
1122 1125
1124 1126
1126 1235
1128 1126
1130 1125
1132 1190
1134 1199
1136 1158
1138 1208
1140 1244
1142 1130
1144 1128
1146 1127
1148 1127
1150 1237
1152 1211
1154 1156
1156 1156
1158 1184
1160 1156
1162 1193
1164 1311
1166 1234
1168 1230
1170 1155
1172 1157
1174 1157
1176 1156
1178 1167
1180 1125
1182 1125
1184 1162
1186 1162
1188 1126
1190 1127
1192 1238
1194 1126
1196 1125
1198 1196
1200 1125
1202 1198
1204 1127
1206 1162
1208 1161
1210 1125
1212 1127
1214 1126
1216 1126
1218 1165
1220 1201
1222 1125
1224 1163
1226 1161
1228 1125
1230 1126
1232 1162
1234 1125
1236 1126
1238 1125
1240 1125
1242 1462
1244 1130
1246 1328
1248 1176
1250 1158
1252 1192
1254 1156
1256 1289
1258 1151
1260 1201
1262 1163
1264 1166
1266 1131
1268 1204
1270 1128
1272 1126
1274 1126
1276 1127
1278 1126
1280 1125
1282 1127
1284 1126
1286 1225
1288 1127
1290 1126
1292 1128
1294 1129
1296 1383
1298 1164
1300 1157
1302 1160
1304 1157
1306 1156
1308 1156
1310 1125
1312 1143
1314 1126
1316 1125
1318 1163
1320 1126
1322 1126
1324 1200
1326 1127
1328 1126
1330 1127
1332 1129
1334 1128
1336 1128
1338 1128
1340 1238
1342 1129
1344 1236
1346 1126
1348 1127
1350 1312
1352 1125
1354 1201
1356 1155
1358 1156
1360 1155
1362 1127
1364 1126
1366 1126
1368 1236
1370 1125
1372 1126
1374 1163
1376 1125
1378 1242
1380 1125
1382 1162
1384 1127
1386 1127
1388 1127
1390 1125
1392 1125
1394 1126
1396 1125
1398 1161
1400 1163
1402 1126
1404 1125
1406 1163
1408 1125
1410 1163
1412 1125
1414 1126
1416 1126
1418 1126
1420 1200
1422 1126
1424 1125
1426 1127
1428 1126
1430 1125
1432 1235
1434 1125
1436 1163
1438 1161
1440 1125
1442 1125
1444 1161
1446 1314
1448 1297
1450 1166
1452 1167
1454 1129
1456 1129
1458 1126
1460 1162
1462 1126
1464 1126
1466 1164
1468 1163
1470 1127
1472 1126
1474 1127
1476 1169
1478 1126
1480 1126
1482 1162
1484 1125
1486 1125
1488 1125
1490 1125
1492 1125
1494 1127
1496 1125
1498 1125
1500 1125
1502 1127
1504 1126
1506 1127
1508 1263
1510 1126
1512 1127
1514 1163
1516 1126
1518 1127
1520 1161
1522 1124
1524 1125
1526 1124
1528 1125
1530 1280
1532 1263
1534 1317
1536 1155
1538 1153
1540 1194
1542 1186
1544 1184
1546 1183
1548 1183
1550 1182
1552 1194
1554 1226
1556 1191
1558 1252
1560 1149
1562 1150
1564 1150
1566 1150
1568 1150
1570 1151
1572 1151
1574 1154
1576 1121
1578 1120
1580 1120
1582 1195
1584 1120
1586 1120
1588 1198
1590 1199
1592 1126
1594 1163
1596 1125
1598 1123
1600 1122
1602 1122
1604 1198
1606 1121
1608 1159
1610 1121
1612 1277
1614 1122
1616 1123
1618 1121
1620 1122
1622 1122
1624 1122
1626 1120
1628 1158
1630 1120
1632 1196
1634 1123
1636 1122
1638 1121
1640 1121
1642 1122
1644 1122
1646 1121
1648 1121
1650 1120
1652 1122
1654 1121
1656 1157
1658 1194
1660 1120
1662 1157
1664 1119
1666 1158
1668 1120
1670 1157
1672 1121
1674 1122
1676 1231
1678 1146
1680 1151
1682 1149
1684 1142
1686 1158
1688 1121
1690 1120
1692 1121
1694 1157
1696 1120
1698 1120
1700 1119
1702 1119
1704 1120
1706 1120
1708 1157
1710 1120
1712 1120
1714 1120
1716 1120
1718 1121
1720 1178
1722 1120
1724 1141
1726 1120
1728 1122
1730 1231
1732 1207
1734 1125
1736 1153
1738 1154
1740 1153
1742 1121
1744 1121
1746 1121
1748 1121
1750 1157
1752 1158
1754 1122
1756 1205
1758 1160
1760 1123
1762 1122
1764 1159
1766 1121
1768 1193
1770 1120
1772 1121
1774 1157
1776 1121
1778 1120
1780 1120
1782 1197
1784 1158
1786 1120
1788 1120
1790 1178
1792 1121
1794 1120
1796 1122
1798 1137
1800 1120
1802 1158
1804 1120
1806 1120
1808 1121
1810 1121
1812 1120
1814 1120
1816 1215
1818 1120
1820 1410
1822 1190
1824 1151
1826 1152
1828 1152
1830 1152
1832 1240
1834 1124
1836 1123
1838 1125
1840 1196
1842 1236
1844 1144
1846 1153
1848 1153
1850 1196
1852 1123
1854 1122
1856 1123
1858 1122
1860 1121
1862 1163
1864 1121
1866 1122
1868 1200
1870 1120
1872 1139
1874 1120
1876 1120
1878 1223
1880 1120
1882 1120
1884 1198
1886 1120
1888 1122
1890 1121
1892 1155
1894 1120
1896 1120
1898 1121
1900 1121
1902 1121
1904 1120
1906 1120
1908 1125
1910 1125
1912 1124
1914 1121
1916 1122
1918 1121
1920 1121
1922 1121
1924 1121
1926 1181
1928 1158
1930 1120
1932 1119
1934 1120
1936 1121
1938 1120
1940 1120
1942 1124
1944 1122
1946 1157
1948 1120
1950 1194
1952 1120
1954 1119
1956 1119
1958 1119
1960 1157
1962 1121
1964 1141
1966 1119
1968 1121
1970 1121
1972 1122
1974 1121
1976 1120
1978 1121
1980 1157
1982 1121
1984 1159
1986 1120
1988 1120
1990 1120
1992 1157
1994 1120
1996 1120
1998 1201
2000 2203
