2 185
4 112
6 96
8 84
10 84
12 84
14 84
16 74
18 74
20 73
22 94
24 74
26 74
28 74
30 74
32 65
34 64
36 64
38 64
40 64
42 64
44 64
46 64
48 64
50 64
52 64
54 72
56 66
58 66
60 66
62 61
64 56
66 55
68 56
70 56
72 56
74 55
76 72
78 55
80 56
82 55
84 55
86 56
88 56
90 55
92 55
94 55
96 55
98 56
100 55
102 56
104 56
106 56
108 55
110 56
112 56
114 56
116 71
118 54
120 54
122 54
124 54
126 44
128 44
130 44
132 44
134 44
136 44
138 44
140 44
142 80
144 44
146 45
148 46
150 46
152 45
154 48
156 46
158 45
160 46
162 46
164 46
166 46
168 46
170 46
172 46
174 46
176 46
178 46
180 45
182 45
184 46
186 46
188 46
190 45
192 46
194 46
196 45
198 45
200 45
202 46
204 46
206 80
208 61
210 45
212 44
214 44
216 44
218 44
220 45
222 44
224 44
226 44
228 46
230 45
232 45
234 46
236 46
238 46
240 45
242 46
244 46
246 47
248 49
250 37
252 38
254 38
256 44
258 43
260 44
262 37
264 37
266 37
268 37
270 37
272 37
274 37
276 38
278 37
280 37
282 37
284 37
286 37
288 37
290 37
292 37
294 37
296 36
298 36
300 37
302 37
304 37
306 37
308 36
310 37
312 37
314 37
316 37
318 37
320 37
322 37
324 37
326 37
328 37
330 37
332 36
334 37
336 37
338 37
340 37
342 36
344 37
346 36
348 36
350 36
352 36
354 36
356 36
358 36
360 36
362 36
364 36
366 36
368 36
370 36
372 36
374 36
376 36
378 36
380 36
382 36
384 36
386 36
388 36
390 36
392 62
394 36
396 36
398 56
400 36
402 35
404 36
406 36
408 35
410 35
412 36
414 36
416 35
418 36
420 36
422 36
424 36
426 36
428 36
430 35
432 36
434 36
436 36
438 55
440 42
442 36
444 56
446 36
448 36
450 36
452 36
454 36
456 36
458 36
460 36
462 37
464 36
466 36
468 36
470 36
472 36
474 36
476 36
478 35
480 36
482 35
484 36
486 36
488 35
490 35
492 35
494 35
496 35
498 35
500 25
502 25
504 25
506 25
508 25
510 26
512 26
514 27
516 33
518 26
520 27
522 26
524 26
526 26
528 26
530 26
532 26
534 26
536 26
538 25
540 25
542 25
544 25
546 25
548 25
550 25
552 25
554 25
556 25
558 25
560 25
562 25
564 25
566 27
568 26
570 26
572 26
574 26
576 26
578 26
580 25
582 25
584 26
586 25
588 25
590 25
592 26
594 25
596 26
598 25
600 25
602 25
604 25
606 25
608 25
610 25
612 25
614 25
616 25
618 25
620 25
622 25
624 25
626 25
628 25
630 25
632 25
634 25
636 25
638 25
640 25
642 25
644 25
646 25
648 25
650 25
652 25
654 44
656 25
658 25
660 25
662 25
664 25
666 25
668 25
670 25
672 25
674 25
676 25
678 25
680 25
682 43
684 25
686 25
688 25
690 25
692 25
694 25
696 25
698 25
700 25
702 26
704 26
706 27
708 28
710 27
712 27
714 26
716 28
718 27
720 27
722 27
724 27
726 26
728 27
730 28
732 27
734 27
736 27
738 26
740 27
742 27
744 27
746 26
748 26
750 27
752 27
754 26
756 27
758 26
760 27
762 27
764 27
766 27
768 26
770 26
772 26
774 26
776 26
778 26
780 26
782 26
784 26
786 27
788 26
790 27
792 28
794 26
796 27
798 27
800 27
802 27
804 27
806 26
808 27
810 26
812 26
814 26
816 26
818 26
820 62
822 25
824 25
826 25
828 25
830 25
832 26
834 26
836 26
838 26
840 26
842 26
844 26
846 29
848 26
850 26
852 26
854 26
856 26
858 26
860 25
862 25
864 25
866 25
868 25
870 25
872 25
874 25
876 25
878 25
880 25
882 25
884 26
886 26
888 26
890 25
892 25
894 25
896 25
898 26
900 26
902 26
904 26
906 26
908 26
910 26
912 26
914 26
916 26
918 26
920 26
922 26
924 26
926 26
928 26
930 26
932 25
934 25
936 25
938 26
940 26
942 26
944 26
946 26
948 26
950 27
952 26
954 26
956 26
958 26
960 26
962 26
964 26
966 26
968 26
970 25
972 25
974 25
976 25
978 25
980 25
982 25
984 25
986 25
988 25
990 25
992 25
994 60
996 25
998 26
1000 17
1002 20
1004 16
1006 17
1008 17
1010 18
1012 18
1014 18
1016 18
1018 17
1020 17
1022 17
1024 17
1026 17
1028 17
1030 17
1032 17
1034 17
1036 17
1038 17
1040 17
1042 17
1044 16
1046 17
1048 16
1050 16
1052 16
1054 16
1056 16
1058 16
1060 17
1062 17
1064 17
1066 17
1068 17
1070 17
1072 16
1074 16
1076 17
1078 17
1080 17
1082 17
1084 17
1086 17
1088 17
1090 17
1092 17
1094 16
1096 16
1098 16
1100 16
1102 16
1104 16
1106 16
1108 16
1110 16
1112 16
1114 16
1116 16
1118 16
1120 16
1122 16
1124 16
1126 16
1128 16
1130 16
1132 16
1134 16
1136 16
1138 16
1140 16
1142 16
1144 16
1146 16
1148 16
1150 16
1152 16
1154 16
1156 16
1158 16
1160 16
1162 17
1164 16
1166 16
1168 16
1170 16
1172 16
1174 16
1176 16
1178 16
1180 17
1182 17
1184 17
1186 17
1188 17
1190 17
1192 16
1194 16
1196 16
1198 16
1200 16
1202 16
1204 16
1206 16
1208 16
1210 16
1212 16
1214 16
1216 16
1218 16
1220 16
1222 16
1224 16
1226 16
1228 16
1230 16
1232 16
1234 16
1236 16
1238 16
1240 16
1242 16
1244 35
1246 16
1248 16
1250 16
1252 16
1254 16
1256 30
1258 16
1260 16
1262 16
1264 16
1266 16
1268 16
1270 16
1272 16
1274 16
1276 16
1278 16
1280 16
1282 16
1284 16
1286 16
1288 16
1290 16
1292 16
1294 16
1296 16
1298 16
1300 16
1302 24
1304 16
1306 16
1308 16
1310 16
1312 16
1314 16
1316 16
1318 35
1320 16
1322 16
1324 16
1326 16
1328 17
1330 17
1332 16
1334 17
1336 17
1338 17
1340 17
1342 17
1344 17
1346 16
1348 17
1350 16
1352 16
1354 16
1356 16
1358 16
1360 16
1362 16
1364 16
1366 16
1368 16
1370 16
1372 16
1374 16
1376 16
1378 16
1380 16
1382 16
1384 16
1386 16
1388 16
1390 16
1392 16
1394 16
1396 16
1398 16
1400 16
1402 16
1404 16
1406 16
1408 16
1410 16
1412 16
1414 16
1416 16
1418 16
1420 16
1422 16
1424 16
1426 16
1428 16
1430 16
1432 16
1434 16
1436 16
1438 16
1440 16
1442 16
1444 16
1446 16
1448 33
1450 17
1452 16
1454 16
1456 16
1458 17
1460 17
1462 17
1464 17
1466 17
1468 17
1470 17
1472 16
1474 16
1476 16
1478 16
1480 16
1482 16
1484 16
1486 16
1488 16
1490 16
1492 16
1494 16
1496 16
1498 16
1500 16
1502 16
1504 16
1506 16
1508 16
1510 16
1512 16
1514 16
1516 16
1518 16
1520 16
1522 16
1524 16
1526 16
1528 16
1530 16
1532 16
1534 16
1536 16
1538 16
1540 16
1542 16
1544 16
1546 16
1548 16
1550 16
1552 16
1554 16
1556 16
1558 16
1560 16
1562 17
1564 17
1566 17
1568 17
1570 17
1572 17
1574 17
1576 17
1578 17
1580 17
1582 17
1584 17
1586 17
1588 17
1590 16
1592 16
1594 16
1596 16
1598 16
1600 16
1602 16
1604 16
1606 16
1608 16
1610 16
1612 16
1614 16
1616 16
1618 16
1620 16
1622 16
1624 16
1626 16
1628 16
1630 16
1632 16
1634 16
1636 16
1638 16
1640 16
1642 16
1644 16
1646 16
1648 16
1650 16
1652 16
1654 16
1656 16
1658 16
1660 16
1662 16
1664 16
1666 16
1668 16
1670 16
1672 17
1674 16
1676 16
1678 16
1680 16
1682 16
1684 16
1686 16
1688 16
1690 16
1692 16
1694 16
1696 16
1698 16
1700 16
1702 16
1704 16
1706 16
1708 16
1710 16
1712 16
1714 16
1716 16
1718 16
1720 33
1722 16
1724 16
1726 16
1728 16
1730 16
1732 16
1734 16
1736 35
1738 16
1740 16
1742 16
1744 16
1746 16
1748 16
1750 16
1752 16
1754 16
1756 16
1758 16
1760 16
1762 16
1764 16
1766 16
1768 16
1770 16
1772 16
1774 16
1776 16
1778 16
1780 16
1782 16
1784 16
1786 16
1788 16
1790 16
1792 16
1794 16
1796 16
1798 16
1800 16
1802 16
1804 16
1806 16
1808 16
1810 16
1812 32
1814 16
1816 16
1818 16
1820 16
1822 16
1824 16
1826 16
1828 16
1830 16
1832 16
1834 16
1836 16
1838 16
1840 16
1842 16
1844 16
1846 16
1848 16
1850 16
1852 16
1854 16
1856 16
1858 16
1860 16
1862 16
1864 16
1866 16
1868 16
1870 16
1872 16
1874 46
1876 16
1878 16
1880 16
1882 16
1884 16
1886 16
1888 16
1890 16
1892 16
1894 16
1896 16
1898 16
1900 16
1902 16
1904 16
1906 16
1908 16
1910 16
1912 16
1914 16
1916 16
1918 16
1920 16
1922 16
1924 16
1926 16
1928 16
1930 16
1932 16
1934 16
1936 16
1938 16
1940 16
1942 16
1944 16
1946 16
1948 16
1950 16
1952 16
1954 16
1956 16
1958 16
1960 16
1962 16
1964 16
1966 16
1968 17
1970 16
1972 16
1974 16
1976 16
1978 16
1980 16
1982 16
1984 16
1986 16
1988 16
1990 16
1992 16
1994 16
1996 16
1998 16
2000 6
