2 215
4 199
6 195
8 185
10 183
12 183
14 255
16 174
18 173
20 236
22 172
24 172
26 174
28 173
30 172
32 174
34 173
36 172
38 170
40 171
42 169
44 205
46 170
48 171
50 171
52 167
54 265
56 178
58 177
60 175
62 185
64 195
66 197
68 192
70 191
72 191
74 190
76 191
78 190
80 190
82 191
84 190
86 190
88 190
90 190
92 190
94 190
96 191
98 190
100 193
102 190
104 190
106 191
108 190
110 190
112 190
114 190
116 211
118 190
120 190
122 190
124 190
126 246
128 247
130 245
132 246
134 243
136 243
138 242
140 242
142 242
144 242
146 242
148 282
150 243
152 242
154 243
156 242
158 242
160 242
162 242
164 242
166 242
168 279
170 242
172 242
174 242
176 242
178 242
180 354
182 316
184 235
186 236
188 235
190 349
192 235
194 400
196 251
198 242
200 242
202 242
204 264
206 242
208 242
210 242
212 242
214 245
216 242
218 243
220 310
222 325
224 311
226 282
228 292
230 256
232 253
234 335
236 338
238 298
240 271
242 260
244 251
246 250
248 250
250 382
252 384
254 381
256 381
258 392
260 380
262 381
264 380
266 390
268 384
270 401
272 369
274 392
276 369
278 370
280 369
282 370
284 436
286 410
288 386
290 379
292 380
294 379
296 379
298 379
300 380
302 413
304 384
306 380
308 379
310 380
312 382
314 381
316 381
318 379
320 405
322 407
324 382
326 378
328 394
330 379
332 379
334 382
336 394
338 379
340 379
342 379
344 397
346 383
348 384
350 452
352 387
354 379
356 396
358 381
360 382
362 380
364 381
366 380
368 382
370 382
372 379
374 379
376 389
378 381
380 384
382 407
384 380
386 380
388 384
390 381
392 379
394 382
396 382
398 405
400 381
402 383
404 403
406 380
408 379
410 379
412 379
414 379
416 381
418 379
420 379
422 379
424 379
426 379
428 379
430 369
432 369
434 368
436 369
438 369
440 369
442 369
444 369
446 369
448 369
450 368
452 369
454 370
456 369
458 369
460 369
462 368
464 368
466 369
468 359
470 369
472 369
474 408
476 423
478 405
480 369
482 360
484 359
486 369
488 370
490 369
492 369
494 369
496 369
498 368
500 635
502 675
504 642
506 619
508 619
510 619
512 619
514 657
516 620
518 619
520 691
522 636
524 682
526 619
528 619
530 619
532 620
534 619
536 619
538 694
540 619
542 619
544 618
546 619
548 619
550 620
552 620
554 694
556 635
558 651
560 619
562 619
564 619
566 679
568 635
570 637
572 635
574 635
576 635
578 619
580 619
582 635
584 618
586 618
588 619
590 619
592 638
594 619
596 618
598 619
600 618
602 619
604 619
606 618
608 618
610 618
612 619
614 619
616 656
618 636
620 636
622 619
624 620
626 618
628 675
630 618
632 619
634 619
636 620
638 620
640 730
642 619
644 619
646 620
648 619
650 618
652 701
654 619
656 619
658 619
660 619
662 618
664 713
666 619
668 619
670 620
672 656
674 620
676 676
678 638
680 635
682 635
684 635
686 619
688 680
690 619
692 620
694 620
696 619
698 619
700 657
702 619
704 619
706 618
708 618
710 656
712 729
714 619
716 619
718 619
720 619
722 620
724 692
726 620
728 619
730 620
732 619
734 620
736 729
738 619
740 618
742 619
744 620
746 619
748 692
750 619
752 620
754 620
756 618
758 683
760 698
762 620
764 619
766 619
768 619
770 619
772 656
774 619
776 683
778 619
780 619
782 619
784 635
786 619
788 619
790 619
792 619
794 619
796 619
798 621
800 620
802 619
804 619
806 619
808 730
810 619
812 619
814 619
816 619
818 619
820 722
822 620
824 619
826 639
828 636
830 636
832 635
834 674
836 636
838 636
840 672
842 635
844 635
846 635
848 635
850 635
852 636
854 635
856 636
858 636
860 681
862 636
864 751
866 640
868 620
870 636
872 635
874 636
876 636
878 682
880 636
882 635
884 864
886 693
888 636
890 636
892 636
894 655
896 636
898 635
900 703
902 687
904 723
906 638
908 637
910 637
912 635
914 635
916 635
918 636
920 637
922 637
924 637
926 636
928 635
930 635
932 620
934 640
936 619
938 657
940 620
942 656
944 620
946 638
948 619
950 619
952 619
954 620
956 617
958 616
960 616
962 636
964 904
966 694
968 616
970 616
972 617
974 631
976 631
978 661
980 631
982 631
984 637
986 615
988 616
990 616
992 616
994 617
996 616
998 736
1000 1134
1002 1135
1004 1177
1006 1132
1008 1169
1010 1132
1012 1233
1014 1156
1016 1135
1018 1137
1020 1135
1022 1212
1024 1135
1026 1133
1028 1157
1030 1132
1032 1132
1034 1133
1036 1132
1038 1132
1040 1132
1042 1132
1044 1207
1046 1199
1048 1160
1050 1166
1052 1239
1054 1165
1056 1164
1058 1166
1060 1132
1062 1134
1064 1136
1066 1134
1068 1134
1070 1134
1072 1134
1074 1133
1076 1138
1078 1136
1080 1171
1082 1170
1084 1133
1086 1132
1088 1173
1090 1135
1092 1134
1094 1135
1096 1134
1098 1134
1100 1133
1102 1134
1104 1134
1106 1131
1108 1133
1110 1134
1112 1132
1114 1169
1116 1251
1118 1132
1120 1169
1122 1207
1124 1132
1126 1132
1128 1149
1130 1132
1132 1132
1134 1131
1136 1133
1138 1132
1140 1132
1142 1206
1144 1131
1146 1168
1148 1132
1150 1132
1152 1168
1154 1132
1156 1131
1158 1136
1160 1135
1162 1134
1164 1134
1166 1134
1168 1172
1170 1134
1172 1133
1174 1134
1176 1132
1178 1132
1180 1134
1182 1168
1184 1170
1186 1133
1188 1170
1190 1152
1192 1153
1194 1132
1196 1132
1198 1375
1200 1165
1202 1163
1204 1188
1206 1134
1208 1134
1210 1138
1212 1136
1214 1135
1216 1132
1218 1133
1220 1312
1222 1153
1224 1136
1226 1465
1228 1135
1230 1134
1232 1152
1234 1269
1236 1135
1238 1178
1240 1193
1242 1163
1244 1136
1246 1173
1248 1133
1250 1134
1252 1170
1254 1133
1256 1132
1258 1132
1260 1171
1262 1133
1264 1132
1266 1133
1268 1132
1270 1132
1272 1133
1274 1164
1276 1131
1278 1206
1280 1133
1282 1132
1284 1151
1286 1133
1288 1204
1290 1207
1292 1133
1294 1133
1296 1133
1298 1168
1300 1133
1302 1132
1304 1131
1306 1132
1308 1131
1310 1205
1312 1132
1314 1131
1316 1167
1318 1133
1320 1131
1322 1131
1324 1132
1326 1131
1328 1131
1330 1133
1332 1165
1334 1131
1336 1131
1338 1131
1340 1130
1342 1206
1344 1245
1346 1135
1348 1200
1350 1164
1352 1207
1354 1163
1356 1274
1358 1165
1360 1203
1362 1132
1364 1133
1366 1132
1368 1237
1370 1132
1372 1131
1374 1133
1376 1134
1378 1132
1380 1132
1382 1132
1384 1132
1386 1149
1388 1134
1390 1132
1392 1169
1394 1134
1396 1134
1398 1134
1400 1133
1402 1133
1404 1132
1406 1131
1408 1131
1410 1131
1412 1133
1414 1225
1416 1167
1418 1132
1420 1132
1422 1133
1424 1240
1426 1131
1428 1133
1430 1131
1432 1131
1434 1132
1436 1131
1438 1251
1440 1168
1442 1132
1444 1132
1446 1132
1448 1133
1450 1132
1452 1132
1454 1132
1456 1250
1458 1133
1460 1133
1462 1133
1464 1131
1466 1132
1468 1249
1470 1243
1472 1166
1474 1207
1476 1163
1478 1163
1480 1198
1482 1162
1484 1166
1486 1172
1488 1135
1490 1136
1492 1136
1494 1135
1496 1135
1498 1135
1500 1134
1502 1133
1504 1226
1506 1134
1508 1133
1510 1169
1512 1133
1514 1166
1516 1236
1518 1267
1520 1295
1522 1267
1524 1166
1526 1165
1528 1207
1530 1238
1532 1164
1534 1197
1536 1202
1538 1132
1540 1133
1542 1204
1544 1133
1546 1134
1548 1133
1550 1132
1552 1129
1554 1336
1556 1204
1558 1234
1560 1210
1562 1162
1564 1203
1566 1158
1568 1157
1570 1158
1572 1159
1574 1157
1576 1157
1578 1158
1580 1453
1582 1291
1584 1157
1586 1156
1588 1193
1590 1188
1592 1188
1594 1159
1596 1157
1598 1156
1600 1128
1602 1127
1604 1127
1606 1203
1608 1127
1610 1159
1612 1194
1614 1158
1616 1132
1618 1209
1620 1130
1622 1128
1624 1151
1626 1128
1628 1200
1630 1127
1632 1127
1634 1149
1636 1128
1638 1128
1640 1128
1642 1128
1644 1128
1646 1127
1648 1163
1650 1165
1652 1126
1654 1127
1656 1127
1658 1201
1660 1165
1662 1128
1664 1127
1666 1127
1668 1128
1670 1128
1672 1163
1674 1126
1676 1126
1678 1125
1680 1128
1682 1164
1684 1126
1686 1143
1688 1126
1690 1126
1692 1199
1694 1125
1696 1162
1698 1126
1700 1128
1702 1126
1704 1206
1706 1130
1708 1129
1710 1128
1712 1128
1714 1164
1716 1133
1718 1129
1720 1127
1722 1164
1724 1165
1726 1128
1728 1127
1730 1185
1732 1129
1734 1127
1736 1163
1738 1127
1740 1127
1742 1127
1744 1201
1746 1127
1748 1127
1750 1212
1752 1126
1754 1126
1756 1128
1758 1317
1760 1128
1762 1220
1764 1127
1766 1127
1768 1163
1770 1126
1772 1126
1774 1163
1776 1127
1778 1127
1780 1127
1782 1127
1784 1127
1786 1129
1788 1127
1790 1242
1792 1128
1794 1126
1796 1127
1798 1127
1800 1445
1802 1165
1804 1466
1806 1380
1808 1244
1810 1281
1812 1192
1814 1192
1816 1203
1818 1160
1820 1205
1822 1157
1824 1202
1826 1160
1828 1240
1830 1313
1832 1238
1834 1243
1836 1241
1838 1383
1840 1562
1842 1611
1844 1502
1846 1514
1848 1471
1850 1706
1852 1796
1854 2048
1856 1810
1858 1160
1860 1198
1862 1191
1864 1165
1866 1207
1868 1272
1870 1224
1872 1756
1874 1874
1876 1193
1878 1193
1880 1194
1882 1192
1884 1189
1886 1158
1888 1186
1890 1156
1892 1224
1894 1126
1896 1204
1898 1127
1900 1126
1902 1204
1904 1128
1906 1277
1908 1169
1910 1128
1912 1126
1914 1203
1916 1127
1918 1127
1920 1126
1922 1128
1924 1128
1926 1127
1928 1360
1930 1127
1932 1157
1934 1156
1936 1229
1938 1201
1940 1128
1942 1262
1944 1202
1946 1127
1948 1129
1950 1126
1952 1127
1954 1128
1956 1126
1958 1126
1960 1128
1962 1126
1964 1201
1966 1163
1968 1127
1970 1200
1972 1127
1974 1127
1976 1164
1978 1128
1980 1145
1982 1128
1984 1128
1986 1278
1988 1125
1990 1163
1992 1162
1994 1127
1996 1128
1998 1128
2000 2284
