2 281
4 253
6 253
8 231
10 235
12 235
14 231
16 255
18 251
20 247
22 217
24 215
26 218
28 213
30 213
32 272
34 272
36 271
38 207
40 207
42 207
44 207
46 207
48 207
50 210
52 208
54 206
56 207
58 207
60 207
62 338
64 253
66 252
68 252
70 253
72 253
74 252
76 253
78 253
80 252
82 252
84 252
86 252
88 253
90 253
92 252
94 252
96 252
98 223
100 224
102 224
104 224
106 224
108 224
110 223
112 223
114 223
116 223
118 224
120 223
122 224
124 223
126 366
128 366
130 367
132 367
134 366
136 366
138 368
140 366
142 366
144 366
146 347
148 347
150 347
152 347
154 347
156 347
158 347
160 347
162 347
164 347
166 347
168 347
170 347
172 347
174 347
176 360
178 374
180 337
182 374
184 337
186 338
188 337
190 337
192 337
194 374
196 375
198 378
200 374
202 374
204 338
206 373
208 355
210 374
212 374
214 374
216 336
218 410
220 337
222 337
224 337
226 337
228 337
230 374
232 337
234 358
236 348
238 347
240 347
242 347
244 347
246 347
248 347
250 625
252 650
254 626
256 626
258 625
260 674
262 626
264 626
266 628
268 625
270 626
272 626
274 625
276 625
278 624
280 626
282 625
284 626
286 625
288 626
290 626
292 626
294 626
296 626
298 626
300 626
302 625
304 626
306 626
308 626
310 626
312 625
314 625
316 625
318 624
320 626
322 626
324 625
326 624
328 626
330 624
332 674
334 668
336 681
338 682
340 648
342 609
344 609
346 646
348 609
350 631
352 625
354 626
356 625
358 626
360 626
362 643
364 761
366 626
368 626
370 626
372 626
374 624
376 626
378 624
380 628
382 626
384 628
386 625
388 647
390 610
392 610
394 681
396 646
398 704
400 718
402 645
404 609
406 627
408 626
410 627
412 626
414 625
416 626
418 625
420 626
422 624
424 627
426 644
428 644
430 644
432 766
434 609
436 609
438 609
440 609
442 609
444 678
446 643
448 610
450 609
452 624
454 647
456 610
458 609
460 668
462 626
464 626
466 626
468 626
470 625
472 628
474 626
476 626
478 626
480 626
482 626
484 626
486 626
488 624
490 624
492 626
494 626
496 625
498 648
500 1161
502 1195
504 1163
506 1199
508 1165
510 1164
512 1165
514 1165
516 1163
518 1160
520 1161
522 1170
524 1161
526 1170
528 1237
530 1164
532 1160
534 1159
536 1159
538 1158
540 1202
542 1162
544 1163
546 1165
548 1163
550 1159
552 1197
554 1159
556 1159
558 1161
560 1159
562 1162
564 1196
566 1160
568 1160
570 1160
572 1196
574 1158
576 1178
578 1195
580 1162
582 1160
584 1159
586 1159
588 1158
590 1158
592 1162
594 1201
596 1160
598 1162
600 1207
602 1162
604 1162
606 1183
608 1162
610 1162
612 1162
614 1160
616 1211
618 1129
620 1129
622 1150
624 1129
626 1131
628 1165
630 1129
632 1131
634 1132
636 1130
638 1206
640 1204
642 1183
644 1128
646 1132
648 1149
650 1158
652 1159
654 1162
656 1282
658 1161
660 1167
662 1131
664 1131
666 1131
668 1205
670 1168
672 1133
674 1133
676 1133
678 1134
680 1133
682 1152
684 1131
686 1131
688 1131
690 1131
692 1202
694 1131
696 1133
698 1132
700 1134
702 1133
704 1130
706 1168
708 1131
710 1131
712 1131
714 1168
716 1168
718 1131
720 1131
722 1132
724 1131
726 1236
728 1243
730 1305
732 1131
734 1132
736 1161
738 1160
740 1291
742 1161
744 1161
746 1161
748 1279
750 1163
752 1196
754 1193
756 1162
758 1197
760 1186
762 1161
764 1236
766 1161
768 1208
770 1161
772 1161
774 1161
776 1160
778 1161
780 1159
782 1160
784 1161
786 1401
788 1131
790 1257
792 1131
794 1131
796 1133
798 1218
800 1288
802 1352
804 1320
806 1199
808 1199
810 1295
812 1215
814 1234
816 1193
818 1219
820 1196
822 1193
824 1200
826 1193
828 1194
830 1275
832 1193
834 1195
836 1193
838 1288
840 1666
842 1193
844 1199
846 1237
848 1192
850 1192
852 1267
854 1193
856 1193
858 1188
860 1236
862 1165
864 1186
866 1198
868 1191
870 1259
872 1213
874 1204
876 1197
878 1196
880 1194
882 1195
884 1192
886 1194
888 1196
890 1194
892 1194
894 1190
896 1191
898 1198
900 1161
902 1266
904 1162
906 1161
908 1161
910 1162
912 1161
914 1162
916 1159
918 1195
920 1159
922 1160
924 1173
926 1262
928 1131
930 1132
932 1169
934 1131
936 1253
938 1131
940 1131
942 1131
944 1200
946 1162
948 1161
950 1161
952 1130
954 1131
956 1131
958 1133
960 1321
962 1155
964 1181
966 1220
968 1164
970 1163
972 1162
974 1133
976 1168
978 1133
980 1132
982 1131
984 1131
986 1131
988 1203
990 1131
992 1130
994 1129
996 1130
998 1131
1000 2252
1002 2310
1004 2312
1006 2272
1008 2215
1010 2216
1012 2252
1014 2452
1016 2274
1018 2277
1020 2349
1022 2275
1024 2276
1026 2218
1028 2214
1030 2216
1032 2253
1034 2217
1036 2335
1038 2338
1040 2273
1042 2217
1044 2253
1046 2253
1048 2217
1050 2325
1052 2216
1054 2217
1056 2287
1058 2275
1060 2215
1062 2215
1064 2289
1066 2217
1068 2269
1070 2254
1072 2218
1074 2218
1076 2216
1078 2215
1080 2215
1082 2293
1084 2279
1086 2217
1088 2295
1090 2274
1092 2364
1094 2252
1096 2216
1098 2216
1100 2254
1102 2291
1104 2217
1106 2216
1108 2216
1110 2216
1112 2215
1114 2217
1116 2216
1118 2255
1120 2288
1122 2253
1124 2217
1126 2297
1128 2216
1130 2216
1132 2341
1134 2212
1136 2599
1138 2423
1140 2286
1142 2472
1144 2364
1146 2341
1148 2278
1150 2341
1152 2366
1154 2275
1156 2309
1158 2349
1160 2275
1162 2310
1164 2276
1166 2439
1168 2278
1170 2278
1172 2322
1174 2435
1176 2218
1178 2216
1180 2252
1182 2291
1184 2253
1186 2252
1188 2218
1190 2219
1192 2263
1194 2216
1196 2217
1198 2217
1200 2216
1202 2216
1204 2255
1206 2216
1208 2252
1210 2288
1212 2255
1214 2218
1216 2365
1218 2310
1220 2309
1222 2311
1224 2314
1226 2292
1228 2216
1230 2253
1232 2327
1234 2216
1236 2274
1238 2213
1240 2213
1242 2217
1244 2218
1246 2288
1248 2217
1250 2217
1252 2216
1254 2216
1256 2288
1258 2216
1260 2323
1262 2254
1264 2217
1266 2216
1268 2313
1270 2289
1272 2216
1274 2276
1276 2219
1278 2219
1280 2254
1282 2215
1284 2217
1286 2287
1288 2216
1290 2216
1292 2219
1294 2249
1296 2220
1298 2219
1300 2296
1302 2217
1304 2290
1306 2360
1308 2217
1310 2213
1312 2216
1314 2255
1316 2213
1318 2358
1320 2220
1322 2213
1324 2219
1326 2345
1328 2216
1330 2216
1332 2322
1334 2216
1336 2217
1338 2289
1340 2217
1342 2218
1344 2324
1346 2217
1348 2218
1350 2216
1352 2216
1354 2217
1356 2213
1358 2217
1360 2276
1362 2216
1364 2300
1366 2215
1368 2267
1370 2216
1372 2219
1374 2286
1376 2213
1378 2216
1380 2240
1382 2255
1384 2252
1386 2291
1388 2219
1390 2248
1392 2272
1394 2215
1396 2216
1398 2248
1400 2218
1402 2219
1404 2220
1406 2231
1408 2216
1410 2218
1412 2289
1414 2217
1416 2217
1418 2249
1420 2291
1422 2287
1424 2581
1426 2436
1428 2405
1430 2324
1432 2275
1434 2293
1436 2304
1438 2387
1440 2258
1442 2254
1444 2253
1446 2310
1448 2217
1450 2216
1452 2398
1454 2253
1456 2217
1458 2312
1460 2254
1462 2216
1464 2217
1466 2249
1468 2281
1470 2215
1472 2325
1474 2217
1476 2218
1478 2216
1480 2216
1482 2431
1484 2276
1486 2311
1488 2320
1490 2280
1492 2314
1494 2380
1496 2214
1498 2328
1500 2216
1502 2213
1504 2437
1506 2253
1508 2217
1510 2292
1512 2216
1514 2252
1516 2289
1518 2214
1520 2217
1522 2290
1524 2216
1526 2215
1528 2253
1530 2217
1532 2214
1534 2215
1536 2217
1538 2251
1540 2215
1542 2321
1544 2217
1546 2214
1548 2216
1550 2216
1552 2216
1554 2289
1556 2362
1558 2214
1560 2251
1562 2326
1564 2367
1566 2341
1568 2216
1570 2216
1572 2292
1574 2218
1576 2323
1578 2215
1580 2216
1582 2215
1584 2216
1586 2252
1588 2214
1590 2288
1592 2254
1594 2219
1596 2219
1598 2252
1600 2218
1602 2219
1604 2298
1606 2213
1608 2217
1610 2323
1612 2219
1614 2220
1616 2219
1618 2213
1620 2217
1622 2218
1624 2217
1626 2218
1628 2216
1630 2219
1632 2327
1634 2219
1636 2288
1638 2217
1640 2216
1642 2253
1644 2217
1646 2289
1648 2382
1650 2219
1652 2218
1654 2219
1656 2252
1658 2297
1660 2221
1662 2214
1664 2216
1666 2216
1668 2284
1670 2216
1672 2217
1674 2253
1676 2216
1678 2253
1680 2255
1682 2437
1684 2217
1686 2307
1688 2219
1690 2219
1692 2253
1694 2216
1696 2216
1698 2287
1700 2216
1702 2700
1704 2389
1706 2217
1708 2307
1710 2271
1712 2276
1714 2519
1716 2321
1718 2373
1720 2275
1722 2305
1724 2383
1726 2277
1728 2277
1730 2217
1732 2216
1734 2213
1736 2257
1738 2275
1740 2397
1742 2234
1744 2218
1746 2220
1748 2251
1750 2216
1752 2216
1754 2254
1756 2256
1758 2216
1760 2291
1762 2212
1764 2214
1766 2258
1768 2421
1770 2216
1772 2286
1774 2244
1776 2302
1778 2256
1780 2216
1782 2213
1784 2215
1786 2236
1788 2254
1790 2303
1792 2282
1794 2275
1796 2278
1798 2450
1800 2295
1802 2216
1804 2279
1806 2276
1808 2275
1810 2218
1812 2214
1814 2214
1816 2251
1818 2253
1820 2247
1822 2360
1824 2216
1826 2217
1828 2251
1830 2216
1832 2287
1834 2322
1836 2217
1838 2255
1840 2216
1842 2249
1844 2303
1846 2216
1848 2287
1850 2296
1852 2251
1854 2253
1856 2333
1858 2219
1860 2290
1862 2217
1864 2213
1866 2288
1868 2217
1870 2214
1872 2325
1874 2215
1876 2215
1878 2212
1880 2217
1882 2217
1884 2251
1886 2216
1888 2216
1890 2253
1892 2290
1894 2213
1896 2255
1898 2292
1900 2216
1902 2214
1904 2252
1906 2218
1908 2295
1910 2306
1912 2216
1914 2217
1916 2364
1918 2213
1920 2216
1922 2216
1924 2216
1926 2217
1928 2216
1930 2257
1932 2219
1934 2216
1936 2328
1938 2213
1940 2217
1942 2254
1944 2289
1946 2230
1948 2328
1950 2215
1952 2214
1954 2219
1956 2216
1958 2252
1960 2250
1962 2218
1964 2217
1966 2216
1968 2289
1970 2213
1972 2213
1974 2475
1976 2216
1978 2216
1980 2254
1982 2253
1984 2217
1986 2323
1988 2215
1990 2216
1992 2217
1994 2217
1996 2217
1998 2216
2000 5461
