2 145
4 131
6 130
8 126
10 126
12 126
14 126
16 137
18 148
20 137
22 137
24 138
26 137
28 137
30 138
32 174
34 174
36 174
38 173
40 179
42 155
44 154
46 154
48 154
50 154
52 155
54 153
56 153
58 153
60 154
62 189
64 225
66 224
68 224
70 224
72 224
74 224
76 224
78 224
80 224
82 224
84 224
86 224
88 224
90 224
92 224
94 224
96 224
98 261
100 206
102 206
104 206
106 225
108 207
110 206
112 206
114 206
116 206
118 206
120 206
122 206
124 206
126 337
128 337
130 337
132 337
134 337
136 337
138 337
140 337
142 376
144 337
146 337
148 337
150 337
152 337
154 375
156 337
158 337
160 337
162 379
164 338
166 338
168 338
170 338
172 430
174 338
176 337
178 338
180 375
182 346
184 328
186 328
188 329
190 328
192 328
194 328
196 337
198 337
200 374
202 337
204 337
206 337
208 337
210 337
212 413
214 337
216 337
218 337
220 337
222 337
224 378
226 402
228 458
230 559
232 489
234 347
236 351
238 351
240 349
242 350
244 350
246 349
248 348
250 633
252 657
254 729
256 628
258 632
260 635
262 627
264 635
266 627
268 671
270 799
272 635
274 648
276 649
278 639
280 720
282 607
284 609
286 632
288 661
290 637
292 631
294 672
296 633
298 631
300 629
302 631
304 625
306 624
308 625
310 625
312 626
314 654
316 625
318 625
320 626
322 626
324 609
326 608
328 609
330 611
332 714
334 610
336 609
338 607
340 607
342 610
344 610
346 609
348 610
350 610
352 610
354 610
356 610
358 610
360 610
362 593
364 593
366 633
368 594
370 593
372 592
374 593
376 629
378 593
380 593
382 665
384 625
386 610
388 610
390 610
392 611
394 664
396 593
398 593
400 593
402 593
404 593
406 593
408 591
410 594
412 591
414 592
416 608
418 645
420 609
422 609
424 594
426 596
428 594
430 665
432 593
434 592
436 593
438 592
440 665
442 592
444 593
446 593
448 593
450 594
452 593
454 593
456 592
458 594
460 593
462 627
464 594
466 610
468 632
470 609
472 609
474 613
476 593
478 593
480 593
482 630
484 594
486 592
488 592
490 593
492 630
494 594
496 630
498 592
500 1129
502 1240
504 1129
506 1204
508 1129
510 1198
512 1131
514 1240
516 1168
518 1130
520 1159
522 1159
524 1157
526 1201
528 1128
530 1167
532 1130
534 1132
536 1130
538 1168
540 1167
542 1131
544 1130
546 1129
548 1129
550 1167
552 1214
554 1133
556 1196
558 1132
560 1154
562 1428
564 1254
566 1222
568 1200
570 1162
572 1229
574 1193
576 1193
578 1193
580 1221
582 1200
584 1263
586 1161
588 1161
590 1161
592 1161
594 1211
596 1161
598 1133
600 1132
602 1132
604 1131
606 1208
608 1375
610 1133
612 1214
614 1149
616 1161
618 1161
620 1161
622 1161
624 1161
626 1135
628 1188
630 1133
632 1133
634 1132
636 1132
638 1135
640 1152
642 1169
644 1133
646 1133
648 1132
650 1134
652 1133
654 1132
656 1131
658 1130
660 1134
662 1132
664 1132
666 1133
668 1206
670 1131
672 1230
674 1132
676 1132
678 1168
680 1131
682 1132
684 1131
686 1132
688 1131
690 1226
692 1131
694 1129
696 1133
698 1131
700 1131
702 1131
704 1128
706 1131
708 1131
710 1131
712 1356
714 1162
716 1158
718 1161
720 1162
722 1163
724 1150
726 1205
728 1131
730 1129
732 1131
734 1132
736 1131
738 1131
740 1206
742 1130
744 1130
746 1130
748 1168
750 1130
752 1131
754 1187
756 1131
758 1131
760 1169
762 1131
764 1131
766 1131
768 1131
770 1131
772 1132
774 1131
776 1166
778 1131
780 1129
782 1153
784 1131
786 1185
788 1131
790 1130
792 1131
794 1243
796 1131
798 1131
800 1131
802 1130
804 1129
806 1204
808 1130
810 1131
812 1130
814 1131
816 1132
818 1130
820 1132
822 1204
824 1131
826 1168
828 1129
830 1153
832 1128
834 1129
836 1131
838 1133
840 1131
842 1168
844 1210
846 1163
848 1163
850 1198
852 1163
854 1200
856 1162
858 1160
860 1163
862 1161
864 1162
866 1201
868 1161
870 1163
872 1161
874 1161
876 1161
878 1175
880 1207
882 1131
884 1151
886 1318
888 1161
890 1199
892 1161
894 1231
896 1161
898 1159
900 1200
902 1162
904 1161
906 1161
908 1154
910 1132
912 1244
914 1130
916 1191
918 1131
920 1131
922 1129
924 1169
926 1129
928 1227
930 1563
932 1506
934 1168
936 1131
938 1131
940 1161
942 1160
944 1189
946 1162
948 1162
950 1162
952 1162
954 1161
956 1161
958 1159
960 1205
962 1134
964 1203
966 1132
968 1170
970 1167
972 1132
974 1212
976 1131
978 1132
980 1131
982 1130
984 1130
986 1167
988 1131
990 1151
992 1131
994 1132
996 1131
998 1131
1000 2216
1002 2292
1004 2213
1006 2275
1008 2342
1010 2216
1012 2427
1014 2311
1016 2216
1018 2215
1020 2402
1022 2218
1024 2251
1026 2216
1028 2216
1030 2218
1032 2216
1034 2289
1036 2351
1038 2328
1040 2216
1042 2293
1044 2253
1046 2216
1048 2368
1050 2256
1052 2220
1054 2806
1056 2509
1058 2270
1060 2352
1062 2274
1064 2276
1066 2330
1068 2274
1070 2219
1072 2217
1074 2252
1076 2260
1078 2288
1080 3711
1082 2375
1084 2337
1086 2336
1088 2336
1090 2340
1092 2275
1094 2325
1096 2267
1098 2217
1100 2247
1102 2216
1104 2267
1106 2218
1108 2216
1110 2301
1112 2216
1114 2218
1116 2217
1118 2216
1120 2248
1122 2289
1124 2286
1126 2251
1128 2217
1130 2217
1132 2290
1134 2219
1136 2366
1138 2271
1140 2216
1142 2218
1144 2251
1146 2217
1148 2217
1150 2327
1152 2216
1154 2481
1156 2215
1158 2254
1160 2218
1162 2253
1164 2364
1166 2216
1168 2297
1170 2253
1172 2252
1174 2252
1176 2252
1178 2217
1180 2215
1182 2301
1184 2217
1186 2290
1188 2745
1190 2253
1192 2329
1194 2373
1196 2320
1198 2275
1200 2275
1202 2275
1204 2276
1206 2255
1208 2213
1210 2216
1212 2300
1214 2216
1216 2216
1218 2218
1220 2365
1222 2213
1224 2217
1226 2290
1228 2217
1230 2274
1232 2343
1234 2324
1236 2216
1238 2291
1240 2218
1242 2216
1244 2257
1246 2217
1248 2216
1250 2256
1252 2289
1254 2330
1256 2212
1258 2253
1260 2254
1262 2216
1264 2253
1266 2216
1268 2252
1270 2251
1272 2217
1274 2212
1276 2419
1278 2220
1280 2256
1282 2253
1284 2251
1286 2296
1288 2236
1290 2213
1292 2218
1294 2213
1296 2216
1298 2364
1300 2216
1302 2213
1304 2217
1306 2253
1308 2215
1310 2252
1312 2294
1314 2464
1316 2214
1318 2217
1320 2256
1322 2213
1324 2218
1326 2329
1328 2217
1330 2216
1332 2254
1334 2218
1336 2448
1338 2729
1340 2335
1342 2326
1344 2337
1346 2365
1348 2447
1350 2333
1352 2275
1354 2275
1356 2341
1358 2366
1360 2300
1362 2324
1364 2217
1366 2327
1368 2251
1370 2337
1372 2220
1374 2219
1376 2218
1378 2216
1380 2216
1382 2217
1384 2251
1386 2214
1388 2343
1390 2220
1392 2254
1394 2216
1396 2217
1398 2254
1400 2253
1402 2300
1404 2216
1406 2253
1408 2327
1410 2217
1412 2253
1414 2216
1416 2430
1418 2251
1420 2255
1422 2220
1424 2253
1426 2216
1428 2292
1430 2256
1432 2216
1434 2213
1436 2217
1438 2216
1440 2338
1442 2217
1444 2323
1446 2309
1448 2363
1450 2316
1452 2219
1454 2271
1456 2280
1458 2277
1460 2275
1462 2217
1464 2327
1466 2216
1468 2216
1470 2215
1472 2216
1474 2217
1476 2218
1478 2269
1480 2323
1482 2216
1484 2216
1486 2254
1488 2217
1490 2302
1492 2253
1494 2249
1496 2328
1498 2250
1500 2216
1502 2216
1504 2293
1506 2255
1508 2217
1510 2218
1512 2216
1514 2213
1516 2215
1518 2322
1520 2216
1522 2290
1524 2287
1526 2217
1528 2251
1530 2413
1532 2249
1534 2213
1536 2293
1538 2217
1540 2255
1542 2238
1544 2327
1546 2390
1548 2289
1550 2277
1552 2279
1554 2326
1556 2294
1558 2214
1560 2285
1562 2249
1564 2255
1566 2216
1568 2253
1570 2217
1572 2253
1574 2352
1576 2219
1578 2220
1580 2352
1582 2358
1584 2390
1586 2253
1588 2217
1590 2219
1592 2290
1594 2217
1596 2217
1598 2292
1600 2218
1602 2214
1604 2342
1606 2252
1608 2218
1610 2269
1612 2216
1614 2251
1616 2217
1618 2254
1620 2216
1622 2216
1624 2636
1626 2303
1628 2280
1630 2271
1632 2275
1634 2387
1636 2408
1638 2217
1640 2274
1642 2277
1644 2377
1646 2335
1648 2311
1650 2217
1652 2212
1654 2291
1656 2216
1658 2216
1660 2252
1662 2414
1664 2212
1666 2216
1668 2217
1670 2212
1672 2217
1674 2266
1676 2214
1678 2250
1680 2287
1682 2217
1684 2215
1686 2252
1688 2214
1690 2216
1692 2252
1694 2252
1696 2219
1698 2256
1700 2213
1702 2219
1704 2252
1706 2235
1708 2213
1710 2213
1712 2253
1714 2221
1716 2213
1718 2321
1720 2253
1722 2325
1724 2291
1726 2218
1728 2353
1730 2327
1732 2218
1734 2217
1736 2309
1738 2218
1740 2217
1742 2279
1744 2217
1746 2402
1748 2216
1750 2216
1752 2330
1754 2334
1756 2289
1758 2291
1760 2425
1762 2275
1764 2306
1766 2447
1768 2274
1770 2278
1772 2276
1774 2274
1776 2275
1778 2348
1780 2381
1782 2216
1784 2255
1786 2245
1788 2216
1790 2406
1792 2216
1794 2218
1796 2297
1798 2218
1800 2217
1802 2318
1804 2401
1806 2218
1808 2289
1810 2217
1812 2250
1814 2251
1816 2288
1818 2402
1820 2287
1822 2355
1824 2274
1826 2314
1828 2215
1830 2292
1832 2290
1834 2216
1836 2256
1838 2217
1840 2217
1842 2214
1844 2291
1846 2323
1848 2254
1850 2289
1852 2409
1854 2213
1856 2217
1858 2403
1860 2212
1862 2214
1864 2293
1866 2213
1868 2217
1870 2358
1872 2216
1874 2273
1876 2256
1878 2213
1880 2219
1882 2408
1884 2253
1886 2216
1888 2218
1890 2216
1892 2216
1894 2290
1896 2415
1898 2411
1900 2336
1902 2427
1904 2338
1906 2340
1908 2544
1910 2364
1912 2338
1914 2339
1916 2336
1918 2354
1920 2274
1922 2274
1924 2495
1926 2276
1928 2276
1930 2350
1932 2311
1934 2271
1936 2280
1938 2277
1940 2217
1942 2256
1944 2405
1946 2219
1948 2252
1950 2217
1952 2216
1954 2237
1956 2255
1958 2436
1960 2215
1962 2216
1964 2217
1966 2252
1968 2253
1970 2217
1972 2426
1974 2216
1976 2218
1978 2216
1980 2235
1982 2220
1984 2467
1986 2797
1988 2766
1990 2372
1992 2601
1994 2338
1996 2339
1998 2366
2000 4714
