2 215
4 197
6 195
8 184
10 184
12 182
14 182
16 175
18 174
20 173
22 173
24 170
26 171
28 170
30 170
32 172
34 171
36 188
38 171
40 170
42 168
44 167
46 168
48 168
50 168
52 168
54 239
56 173
58 172
60 190
62 203
64 191
66 191
68 190
70 190
72 190
74 189
76 189
78 189
80 192
82 192
84 191
86 192
88 189
90 190
92 208
94 189
96 190
98 189
100 189
102 188
104 189
106 188
108 189
110 189
112 189
114 188
116 188
118 193
120 194
122 194
124 188
126 242
128 282
130 240
132 240
134 275
136 241
138 240
140 240
142 240
144 239
146 240
148 240
150 240
152 240
154 240
156 240
158 240
160 241
162 241
164 240
166 240
168 240
170 240
172 240
174 240
176 239
178 240
180 240
182 240
184 293
186 287
188 241
190 240
192 240
194 240
196 240
198 275
200 240
202 274
204 240
206 240
208 240
210 240
212 240
214 240
216 240
218 240
220 261
222 241
224 239
226 240
228 258
230 265
232 241
234 240
236 240
238 241
240 240
242 240
244 240
246 240
248 240
250 358
252 358
254 358
256 357
258 397
260 357
262 357
264 357
266 357
268 348
270 349
272 348
274 347
276 348
278 348
280 348
282 348
284 349
286 348
288 348
290 349
292 347
294 348
296 347
298 347
300 347
302 348
304 348
306 348
308 348
310 385
312 348
314 348
316 347
318 348
320 348
322 348
324 348
326 347
328 413
330 348
332 385
334 347
336 347
338 348
340 349
342 423
344 385
346 348
348 348
350 348
352 348
354 348
356 420
358 348
360 348
362 348
364 347
366 348
368 349
370 348
372 348
374 348
376 347
378 347
380 347
382 348
384 368
386 348
388 349
390 385
392 348
394 348
396 348
398 348
400 348
402 348
404 348
406 348
408 348
410 348
412 348
414 347
416 347
418 392
420 419
422 348
424 357
426 358
428 357
430 357
432 357
434 357
436 356
438 357
440 357
442 370
444 348
446 348
448 348
450 387
452 348
454 347
456 348
458 348
460 348
462 456
464 348
466 348
468 347
470 348
472 406
474 348
476 348
478 348
480 348
482 348
484 347
486 348
488 347
490 347
492 348
494 347
496 348
498 348
500 610
502 610
504 682
506 609
508 627
510 610
512 610
514 647
516 609
518 609
520 717
522 610
524 609
526 609
528 641
530 609
532 646
534 609
536 609
538 609
540 609
542 609
544 716
546 610
548 609
550 610
552 609
554 706
556 609
558 609
560 610
562 610
564 646
566 609
568 646
570 724
572 609
574 629
576 631
578 627
580 625
582 625
584 626
586 626
588 609
590 609
592 609
594 609
596 684
598 609
600 609
602 609
604 609
606 608
608 609
610 609
612 610
614 609
616 629
618 610
620 609
622 630
624 609
626 609
628 610
630 610
632 609
634 610
636 609
638 610
640 608
642 608
644 609
646 608
648 646
650 610
652 609
654 610
656 610
658 609
660 610
662 610
664 609
666 609
668 663
670 609
672 609
674 684
676 611
678 683
680 610
682 610
684 609
686 664
688 609
690 609
692 609
694 609
696 609
698 717
700 609
702 609
704 609
706 646
708 647
710 646
712 609
714 609
716 610
718 626
720 610
722 645
724 610
726 609
728 609
730 609
732 646
734 680
736 609
738 609
740 609
742 610
744 609
746 629
748 609
750 610
752 636
754 609
756 609
758 683
760 609
762 610
764 611
766 609
768 778
770 692
772 610
774 626
776 626
778 663
780 625
782 694
784 627
786 629
788 700
790 625
792 626
794 626
796 629
798 626
800 626
802 625
804 656
806 610
808 610
810 652
812 685
814 611
816 646
818 610
820 609
822 609
824 609
826 629
828 645
830 649
832 609
834 609
836 610
838 608
840 631
842 628
844 628
846 626
848 626
850 627
852 672
854 626
856 642
858 626
860 626
862 625
864 626
866 626
868 626
870 625
872 644
874 626
876 625
878 626
880 672
882 625
884 702
886 626
888 824
890 627
892 664
894 652
896 626
898 625
900 625
902 610
904 610
906 609
908 609
910 610
912 610
914 609
916 611
918 609
920 609
922 609
924 609
926 609
928 609
930 609
932 609
934 609
936 609
938 712
940 611
942 610
944 609
946 610
948 759
950 609
952 609
954 609
956 609
958 609
960 611
962 609
964 609
966 608
968 609
970 610
972 647
974 609
976 610
978 616
980 615
982 617
984 615
986 614
988 654
990 631
992 669
994 614
996 614
998 652
1000 1191
1002 1194
1004 1215
1006 1229
1008 1238
1010 1191
1012 1195
1014 1190
1016 1190
1018 1190
1020 1190
1022 1160
1024 1159
1026 1161
1028 1161
1030 1161
1032 1158
1034 1159
1036 1159
1038 1175
1040 1159
1042 1159
1044 1195
1046 1159
1048 1159
1050 1159
1052 1235
1054 1160
1056 1159
1058 1243
1060 1160
1062 1160
1064 1332
1066 1162
1068 1161
1070 1220
1072 1161
1074 1159
1076 1159
1078 1269
1080 1160
1082 1197
1084 1160
1086 1278
1088 1194
1090 1159
1092 1159
1094 1279
1096 1160
1098 1160
1100 1178
1102 1197
1104 1162
1106 1161
1108 1161
1110 1161
1112 1158
1114 1179
1116 1163
1118 1164
1120 1162
1122 1197
1124 1161
1126 1160
1128 1160
1130 1160
1132 1160
1134 1233
1136 1160
1138 1214
1140 1160
1142 1160
1144 1217
1146 1238
1148 1160
1150 1195
1152 1160
1154 1159
1156 1160
1158 1159
1160 1159
1162 1160
1164 1272
1166 1189
1168 1291
1170 1237
1172 1222
1174 1225
1176 1180
1178 1234
1180 1164
1182 1396
1184 1194
1186 1193
1188 1229
1190 1191
1192 1200
1194 1180
1196 1162
1198 1161
1200 1197
1202 1179
1204 1160
1206 1159
1208 1189
1210 1160
1212 1159
1214 1159
1216 1158
1218 1162
1220 1158
1222 1196
1224 1232
1226 1159
1228 1234
1230 1197
1232 1197
1234 1160
1236 1160
1238 1195
1240 1233
1242 1160
1244 1195
1246 1341
1248 1158
1250 1189
1252 1191
1254 1190
1256 1161
1258 1222
1260 1160
1262 1158
1264 1287
1266 1159
1268 1231
1270 1159
1272 1159
1274 1233
1276 1159
1278 1159
1280 1252
1282 1159
1284 1158
1286 1253
1288 1235
1290 1325
1292 1194
1294 1194
1296 1244
1298 1224
1300 1225
1302 1230
1304 1193
1306 1192
1308 1193
1310 1192
1312 1180
1314 1160
1316 1160
1318 1159
1320 1159
1322 1161
1324 1198
1326 1159
1328 1159
1330 1198
1332 1160
1334 1196
1336 1198
1338 1161
1340 1269
1342 1200
1344 1160
1346 1159
1348 1159
1350 1160
1352 1160
1354 1159
1356 1160
1358 1196
1360 1159
1362 1159
1364 1159
1366 1196
1368 1159
1370 1161
1372 1159
1374 1159
1376 1162
1378 1161
1380 1231
1382 1160
1384 1159
1386 1197
1388 1159
1390 1161
1392 1161
1394 1161
1396 1160
1398 1159
1400 1270
1402 1239
1404 1160
1406 1159
1408 1160
1410 1160
1412 1160
1414 1197
1416 1162
1418 1160
1420 1160
1422 1161
1424 1231
1426 1160
1428 1190
1430 1189
1432 1201
1434 1161
1436 1158
1438 1160
1440 1159
1442 1160
1444 1159
1446 1159
1448 1159
1450 1161
1452 1258
1454 1262
1456 1229
1458 1192
1460 1220
1462 1191
1464 1196
1466 1182
1468 1161
1470 1161
1472 1267
1474 1236
1476 1161
1478 1238
1480 1161
1482 1161
1484 1199
1486 1160
1488 1160
1490 1160
1492 1161
1494 1160
1496 1160
1498 1196
1500 1159
1502 1160
1504 1196
1506 1162
1508 1408
1510 1159
1512 1160
1514 1161
1516 1231
1518 1199
1520 1161
1522 1197
1524 1161
1526 1159
1528 1160
1530 1398
1532 1319
1534 1177
1536 1190
1538 1190
1540 1186
1542 1182
1544 1159
1546 1159
1548 1159
1550 1160
1552 1161
1554 1160
1556 1159
1558 1100
1560 1171
1562 1097
1564 1135
1566 1096
1568 1095
1570 1097
1572 1095
1574 1096
1576 1097
1578 1095
1580 1095
1582 1095
1584 1095
1586 1133
1588 1095
1590 1096
1592 1153
1594 1095
1596 1134
1598 1095
1600 1095
1602 1094
1604 1094
1606 1096
1608 1096
1610 1096
1612 1096
1614 1096
1616 1133
1618 1132
1620 1095
1622 1097
1624 1131
1626 1176
1628 1095
1630 1260
1632 1094
1634 1095
1636 1095
1638 1095
1640 1132
1642 1094
1644 1095
1646 1096
1648 1095
1650 1094
1652 1096
1654 1096
1656 1094
1658 1097
1660 1095
1662 1132
1664 1133
1666 1096
1668 1096
1670 1095
1672 1095
1674 1095
1676 1095
1678 1094
1680 1096
1682 1168
1684 1095
1686 1095
1688 1115
1690 1168
1692 1097
1694 1097
1696 1170
1698 1096
1700 1169
1702 1096
1704 1096
1706 1096
1708 1221
1710 1097
1712 1097
1714 1135
1716 1096
1718 1095
1720 1097
1722 1170
1724 1095
1726 1113
1728 1095
1730 1250
1732 1131
1734 1282
1736 1124
1738 1129
1740 1127
1742 1437
1744 1155
1746 1127
1748 1129
1750 1144
1752 1125
1754 1127
1756 1125
1758 1128
1760 1133
1762 1209
1764 1100
1766 1203
1768 1162
1770 1125
1772 1096
1774 1134
1776 1171
1778 1098
1780 1097
1782 1133
1784 1096
1786 1095
1788 1096
1790 1230
1792 1133
1794 1097
1796 1098
1798 1133
1800 1198
1802 1096
1804 1097
1806 1116
1808 1097
1810 1097
1812 1097
1814 1095
1816 1095
1818 1171
1820 1134
1822 1133
1824 1224
1826 1244
1828 1095
1830 1121
1832 1193
1834 1124
1836 1117
1838 1137
1840 1099
1842 1098
1844 1097
1846 1097
1848 1097
1850 1095
1852 1096
1854 1134
1856 1095
1858 1112
1860 1193
1862 1112
1864 1132
1866 1097
1868 1096
1870 1097
1872 1098
1874 1096
1876 1096
1878 1095
1880 1095
1882 1095
1884 1096
1886 1242
1888 1095
1890 1125
1892 1125
1894 1125
1896 1096
1898 1095
1900 1095
1902 1171
1904 1095
1906 1096
1908 1100
1910 1098
1912 1097
1914 1098
1916 1132
1918 1097
1920 1096
1922 1185
1924 1096
1926 1096
1928 1097
1930 1096
1932 1095
1934 1095
1936 1096
1938 1095
1940 1096
1942 1134
1944 1096
1946 1116
1948 1169
1950 1097
1952 1279
1954 1246
1956 1225
1958 1129
1960 1195
1962 1155
1964 1199
1966 1130
1968 1127
1970 1196
1972 1246
1974 1095
1976 1097
1978 1133
1980 1097
1982 1213
1984 1095
1986 1096
1988 1097
1990 1544
1992 1175
1994 1131
1996 1129
1998 1126
2000 2294
