2 216
4 198
6 195
8 186
10 220
12 183
14 253
16 177
18 175
20 173
22 171
24 171
26 171
28 171
30 172
32 173
34 172
36 171
38 170
40 169
42 169
44 169
46 169
48 247
50 169
52 169
54 196
56 179
58 216
60 175
62 185
64 192
66 187
68 185
70 186
72 185
74 226
76 190
78 189
80 189
82 189
84 189
86 189
88 190
90 189
92 188
94 227
96 189
98 189
100 190
102 190
104 189
106 190
108 189
110 190
112 190
114 189
116 190
118 190
120 190
122 189
124 190
126 244
128 247
130 244
132 243
134 243
136 242
138 243
140 243
142 243
144 243
146 244
148 243
150 243
152 243
154 242
156 243
158 244
160 243
162 243
164 243
166 243
168 243
170 243
172 242
174 242
176 278
178 242
180 243
182 242
184 243
186 364
188 295
190 242
192 243
194 243
196 242
198 245
200 280
202 242
204 242
206 242
208 242
210 243
212 277
214 243
216 242
218 243
220 243
222 242
224 259
226 265
228 243
230 281
232 243
234 942
236 277
238 260
240 296
242 248
244 283
246 244
248 244
250 363
252 363
254 362
256 364
258 363
260 396
262 362
264 391
266 363
268 363
270 363
272 363
274 363
276 363
278 362
280 363
282 363
284 363
286 353
288 353
290 353
292 353
294 353
296 354
298 390
300 353
302 353
304 353
306 496
308 424
310 354
312 354
314 354
316 355
318 353
320 353
322 354
324 362
326 362
328 362
330 363
332 362
334 398
336 363
338 363
340 363
342 370
344 353
346 494
348 354
350 353
352 354
354 386
356 353
358 353
360 353
362 353
364 353
366 354
368 354
370 430
372 353
374 354
376 353
378 353
380 354
382 354
384 352
386 353
388 353
390 353
392 353
394 353
396 353
398 353
400 353
402 353
404 353
406 353
408 353
410 353
412 354
414 353
416 353
418 353
420 353
422 353
424 384
426 353
428 353
430 353
432 353
434 353
436 354
438 353
440 353
442 353
444 404
446 353
448 353
450 390
452 353
454 353
456 354
458 353
460 352
462 353
464 353
466 405
468 462
470 487
472 392
474 355
476 354
478 363
480 363
482 363
484 362
486 362
488 364
490 362
492 362
494 362
496 363
498 363
500 621
502 621
504 622
506 620
508 627
510 605
512 642
514 664
516 605
518 605
520 605
522 644
524 604
526 677
528 722
530 606
532 605
534 688
536 606
538 642
540 605
542 605
544 678
546 605
548 604
550 604
552 605
554 605
556 605
558 755
560 605
562 605
564 606
566 605
568 605
570 605
572 605
574 605
576 604
578 604
580 606
582 604
584 605
586 605
588 604
590 751
592 605
594 605
596 605
598 605
600 606
602 606
604 604
606 605
608 605
610 605
612 605
614 605
616 605
618 606
620 604
622 606
624 605
626 679
628 605
630 605
632 605
634 605
636 606
638 605
640 605
642 605
644 604
646 605
648 625
650 605
652 604
654 677
656 605
658 605
660 606
662 606
664 606
666 605
668 606
670 605
672 604
674 605
676 605
678 605
680 604
682 605
684 604
686 645
688 605
690 607
692 606
694 605
696 605
698 604
700 604
702 604
704 790
706 621
708 621
710 621
712 621
714 621
716 619
718 604
720 605
722 605
724 605
726 604
728 604
730 741
732 605
734 676
736 604
738 676
740 604
742 604
744 606
746 604
748 605
750 605
752 605
754 605
756 605
758 604
760 604
762 604
764 605
766 606
768 606
770 605
772 605
774 605
776 605
778 606
780 605
782 605
784 604
786 641
788 643
790 604
792 605
794 605
796 604
798 604
800 706
802 689
804 622
806 623
808 663
810 627
812 621
814 661
816 622
818 621
820 621
822 649
824 620
826 676
828 607
830 606
832 605
834 605
836 605
838 641
840 605
842 662
844 622
846 621
848 658
850 621
852 621
854 621
856 659
858 621
860 655
862 620
864 620
866 620
868 620
870 657
872 655
874 621
876 641
878 621
880 623
882 706
884 621
886 656
888 621
890 730
892 621
894 654
896 620
898 620
900 620
902 622
904 621
906 621
908 621
910 605
912 605
914 656
916 605
918 604
920 604
922 604
924 689
926 606
928 606
930 607
932 621
934 621
936 620
938 621
940 620
942 700
944 604
946 607
948 606
950 604
952 605
954 636
956 604
958 711
960 604
962 605
964 605
966 604
968 605
970 604
972 604
974 642
976 604
978 605
980 605
982 605
984 605
986 677
988 605
990 607
992 605
994 605
996 604
998 605
1000 1318
1002 1137
1004 1247
1006 1245
1008 1134
1010 1134
1012 1134
1014 1216
1016 1135
1018 1167
1020 1171
1022 1132
1024 1132
1026 1133
1028 1133
1030 1134
1032 1133
1034 1133
1036 1137
1038 1136
1040 1137
1042 1135
1044 1171
1046 1136
1048 1135
1050 1171
1052 1135
1054 1133
1056 1133
1058 1134
1060 1133
1062 1132
1064 1133
1066 1133
1068 1133
1070 1135
1072 1207
1074 1133
1076 1134
1078 1133
1080 1137
1082 1174
1084 1136
1086 1136
1088 1227
1090 1135
1092 1135
1094 1134
1096 1172
1098 1134
1100 1134
1102 1135
1104 1208
1106 1134
1108 1134
1110 1134
1112 1133
1114 1167
1116 1131
1118 1131
1120 1201
1122 1130
1124 1130
1126 1129
1128 1132
1130 1131
1132 1132
1134 1129
1136 1129
1138 1335
1140 1472
1142 1176
1144 1162
1146 1235
1148 1164
1150 1198
1152 1163
1154 1160
1156 1196
1158 1162
1160 1135
1162 1134
1164 1134
1166 1168
1168 1132
1170 1132
1172 1130
1174 1167
1176 1169
1178 1130
1180 1130
1182 1440
1184 1373
1186 1266
1188 1180
1190 1163
1192 1190
1194 1197
1196 1164
1198 1163
1200 1179
1202 1162
1204 1163
1206 1131
1208 1130
1210 1130
1212 1129
1214 1130
1216 1131
1218 1130
1220 1130
1222 1131
1224 1201
1226 1130
1228 1131
1230 1129
1232 1130
1234 1206
1236 1240
1238 1129
1240 1129
1242 1185
1244 1129
1246 1129
1248 1130
1250 1131
1252 1131
1254 1130
1256 1130
1258 1279
1260 1161
1262 1206
1264 1191
1266 1196
1268 1162
1270 1162
1272 1161
1274 1131
1276 1132
1278 1130
1280 1182
1282 1133
1284 1130
1286 1166
1288 1325
1290 1132
1292 1284
1294 1131
1296 1130
1298 1167
1300 1132
1302 1132
1304 1130
1306 1132
1308 1131
1310 2439
1312 1275
1314 1162
1316 1161
1318 1283
1320 1130
1322 1204
1324 1132
1326 1131
1328 1130
1330 1131
1332 1130
1334 1167
1336 1129
1338 1130
1340 1203
1342 1167
1344 1167
1346 1129
1348 1204
1350 1131
1352 1130
1354 1240
1356 1131
1358 1130
1360 1130
1362 1131
1364 1130
1366 1130
1368 1131
1370 1130
1372 1233
1374 1188
1376 1130
1378 1131
1380 1236
1382 1129
1384 1129
1386 1204
1388 1131
1390 1129
1392 1129
1394 1130
1396 1129
1398 1130
1400 1130
1402 1166
1404 1129
1406 1131
1408 1133
1410 1131
1412 1168
1414 1132
1416 1131
1418 1208
1420 1131
1422 1130
1424 1130
1426 1131
1428 1130
1430 1207
1432 1208
1434 1246
1436 1160
1438 1160
1440 1168
1442 1130
1444 1131
1446 1128
1448 1167
1450 1202
1452 1129
1454 1128
1456 1166
1458 1131
1460 1203
1462 1129
1464 1129
1466 1130
1468 1204
1470 1129
1472 1243
1474 1253
1476 1162
1478 1207
1480 1203
1482 1245
1484 1246
1486 1162
1488 1204
1490 1164
1492 1268
1494 1284
1496 1163
1498 1190
1500 1246
1502 1161
1504 1159
1506 1160
1508 1205
1510 1130
1512 1129
1514 1129
1516 1130
1518 1168
1520 1129
1522 1130
1524 1201
1526 1131
1528 1130
1530 1160
1532 1129
1534 1129
1536 1130
1538 1130
1540 1130
1542 1131
1544 1166
1546 1316
1548 1157
1550 1209
1552 1160
1554 1153
1556 1132
1558 1130
1560 1130
1562 1241
1564 1130
1566 1130
1568 1131
1570 1131
1572 1591
1574 1223
1576 1226
1578 1161
1580 1163
1582 1163
1584 1223
1586 1161
1588 1153
1590 1212
1592 1132
1594 1130
1596 1130
1598 1131
1600 1129
1602 1131
1604 1131
1606 1147
1608 1130
1610 1166
1612 1130
1614 1130
1616 1130
1618 1129
1620 1133
1622 1132
1624 1169
1626 1130
1628 1130
1630 1129
1632 1136
1634 1133
1636 1211
1638 1133
1640 1132
1642 1221
1644 1131
1646 1131
1648 1206
1650 1130
1652 1130
1654 1204
1656 1130
1658 1130
1660 1168
1662 1130
1664 1213
1666 1205
1668 1131
1670 1131
1672 1130
1674 1129
1676 1130
1678 1129
1680 1128
1682 1141
1684 1141
1686 1139
1688 1138
1690 1139
1692 1208
1694 1173
1696 1173
1698 1246
1700 1215
1702 1136
1704 1136
1706 1138
1708 1138
1710 1137
1712 1291
1714 1140
1716 1137
1718 1174
1720 1175
1722 1137
1724 1354
1726 1139
1728 1170
1730 1168
1732 1167
1734 1138
1736 1154
1738 1138
1740 1137
1742 1172
1744 1135
1746 1136
1748 1173
1750 1218
1752 1137
1754 1172
1756 1136
1758 1136
1760 1173
1762 1253
1764 1168
1766 1201
1768 1136
1770 1136
1772 1175
1774 1171
1776 1203
1778 1178
1780 1142
1782 1140
1784 1139
1786 1137
1788 1136
1790 1136
1792 1138
1794 1138
1796 1138
1798 1137
1800 1138
1802 1136
1804 1246
1806 1319
1808 1168
1810 1168
1812 1176
1814 1138
1816 1175
1818 1136
1820 1248
1822 1137
1824 1173
1826 1137
1828 1142
1830 1140
1832 1174
1834 1137
1836 1137
1838 1139
1840 1142
1842 1141
1844 1141
1846 1140
1848 1177
1850 1507
1852 1140
1854 1169
1856 1168
1858 1344
1860 1265
1862 1294
1864 1316
1866 1240
1868 1171
1870 1242
1872 1216
1874 1169
1876 1205
1878 1205
1880 1167
1882 1168
1884 1168
1886 1152
1888 1319
1890 1135
1892 1172
1894 1254
1896 1168
1898 1168
1900 1168
1902 1169
1904 1139
1906 1137
1908 1400
1910 1295
1912 1169
1914 1167
1916 1207
1918 1166
1920 1167
1922 1242
1924 1167
1926 1174
1928 1244
1930 1138
1932 1136
1934 1136
1936 1209
1938 1135
1940 1136
1942 1138
1944 1138
1946 1139
1948 1170
1950 1169
1952 1169
1954 1155
1956 1139
1958 1139
1960 1137
1962 1137
1964 1137
1966 1219
1968 1136
1970 1208
1972 1137
1974 1138
1976 1174
1978 1212
1980 1136
1982 1138
1984 1136
1986 1136
1988 1137
1990 1210
1992 1136
1994 1135
1996 1136
1998 1213
2000 2340
