2 242
4 221
6 219
8 205
10 204
12 204
14 203
16 197
18 192
20 191
22 191
24 190
26 190
28 192
30 192
32 194
34 193
36 188
38 188
40 188
42 227
44 194
46 200
48 176
50 176
52 176
54 174
56 175
58 174
60 175
62 181
64 196
66 190
68 189
70 189
72 188
74 188
76 189
78 188
80 188
82 189
84 188
86 207
88 188
90 190
92 210
94 187
96 188
98 188
100 187
102 188
104 187
106 187
108 187
110 187
112 187
114 187
116 187
118 187
120 188
122 188
124 188
126 241
128 242
130 240
132 240
134 240
136 239
138 239
140 239
142 239
144 239
146 239
148 240
150 239
152 239
154 276
156 280
158 239
160 276
162 239
164 240
166 239
168 239
170 239
172 239
174 242
176 234
178 236
180 236
182 238
184 237
186 292
188 241
190 239
192 239
194 239
196 240
198 281
200 239
202 238
204 239
206 239
208 239
210 258
212 261
214 241
216 240
218 239
220 239
222 239
224 239
226 240
228 239
230 239
232 239
234 240
236 239
238 239
240 240
242 239
244 239
246 239
248 233
250 353
252 353
254 353
256 352
258 352
260 352
262 352
264 352
266 352
268 352
270 352
272 352
274 352
276 389
278 352
280 352
282 352
284 352
286 353
288 352
290 353
292 352
294 352
296 352
298 389
300 353
302 352
304 352
306 352
308 351
310 352
312 352
314 352
316 352
318 352
320 352
322 352
324 354
326 352
328 352
330 352
332 354
334 353
336 353
338 352
340 352
342 352
344 426
346 353
348 352
350 352
352 352
354 352
356 353
358 353
360 352
362 429
364 352
366 352
368 352
370 353
372 352
374 352
376 353
378 352
380 352
382 352
384 352
386 353
388 353
390 354
392 352
394 352
396 351
398 352
400 352
402 352
404 352
406 352
408 352
410 353
412 352
414 352
416 352
418 352
420 371
422 390
424 352
426 373
428 353
430 352
432 352
434 353
436 352
438 352
440 352
442 352
444 352
446 352
448 353
450 352
452 352
454 353
456 353
458 352
460 353
462 353
464 352
466 353
468 391
470 353
472 418
474 352
476 353
478 352
480 352
482 353
484 352
486 352
488 352
490 352
492 351
494 352
496 352
498 352
500 607
502 607
504 606
506 697
508 606
510 606
512 606
514 607
516 606
518 606
520 605
522 607
524 606
526 606
528 606
530 606
532 607
534 606
536 607
538 606
540 606
542 606
544 606
546 606
548 606
550 606
552 607
554 606
556 606
558 607
560 680
562 606
564 744
566 694
568 647
570 644
572 643
574 693
576 642
578 644
580 642
582 650
584 675
586 640
588 641
590 639
592 639
594 702
596 640
598 640
600 640
602 641
604 639
606 640
608 658
610 643
612 643
614 711
616 669
618 639
620 641
622 639
624 638
626 639
628 639
630 640
632 638
634 638
636 638
638 639
640 622
642 621
644 623
646 622
648 622
650 606
652 640
654 674
656 622
658 729
660 673
662 623
664 669
666 622
668 716
670 623
672 622
674 657
676 623
678 622
680 662
682 622
684 723
686 624
688 624
690 650
692 623
694 623
696 622
698 622
700 622
702 606
704 606
706 724
708 622
710 621
712 622
714 606
716 608
718 606
720 606
722 606
724 606
726 607
728 606
730 605
732 605
734 648
736 606
738 623
740 654
742 623
744 633
746 606
748 645
750 606
752 606
754 606
756 606
758 606
760 606
762 607
764 606
766 606
768 606
770 624
772 622
774 622
776 606
778 606
780 606
782 606
784 606
786 606
788 606
790 605
792 608
794 605
796 606
798 606
800 606
802 606
804 606
806 622
808 622
810 606
812 606
814 608
816 606
818 607
820 607
822 606
824 606
826 606
828 605
830 605
832 674
834 639
836 624
838 623
840 662
842 623
844 623
846 623
848 623
850 623
852 623
854 622
856 622
858 623
860 622
862 623
864 641
866 623
868 623
870 788
872 608
874 607
876 648
878 606
880 605
882 606
884 643
886 623
888 622
890 622
892 623
894 675
896 621
898 621
900 622
902 621
904 622
906 622
908 606
910 606
912 605
914 606
916 684
918 606
920 606
922 606
924 606
926 607
928 607
930 606
932 606
934 606
936 606
938 682
940 607
942 605
944 606
946 606
948 606
950 606
952 606
954 606
956 690
958 607
960 608
962 606
964 606
966 606
968 623
970 606
972 699
974 607
976 606
978 607
980 607
982 682
984 683
986 606
988 644
990 606
992 606
994 643
996 643
998 643
1000 1294
1002 1142
1004 1146
1006 1144
1008 1677
1010 1956
1012 1403
1014 1286
1016 1207
1018 1336
1020 1223
1022 1208
1024 1208
1026 1385
1028 1206
1030 1207
1032 1193
1034 1172
1036 1287
1038 1143
1040 1141
1042 1181
1044 1142
1046 1142
1048 1178
1050 1141
1052 1141
1054 1178
1056 1142
1058 1141
1060 1141
1062 1157
1064 1141
1066 1142
1068 1180
1070 1141
1072 1141
1074 1216
1076 1141
1078 1140
1080 1214
1082 1141
1084 1139
1086 1178
1088 1252
1090 1256
1092 1243
1094 1142
1096 1217
1098 1140
1100 1238
1102 1141
1104 1310
1106 1274
1108 1176
1110 1209
1112 1201
1114 1177
1116 1176
1118 1143
1120 1142
1122 1142
1124 1146
1126 1143
1128 1218
1130 1140
1132 1143
1134 1142
1136 1198
1138 1141
1140 1140
1142 1259
1144 1140
1146 1141
1148 1216
1150 1257
1152 1141
1154 1140
1156 1256
1158 1140
1160 1140
1162 1178
1164 1141
1166 1141
1168 1140
1170 1160
1172 1140
1174 1141
1176 1140
1178 1140
1180 1139
1182 1139
1184 1140
1186 1216
1188 1142
1190 1141
1192 1279
1194 1141
1196 1140
1198 1140
1200 1141
1202 1141
1204 1140
1206 1143
1208 1142
1210 1142
1212 1140
1214 1177
1216 1142
1218 1140
1220 1140
1222 1141
1224 1177
1226 1141
1228 1140
1230 1141
1232 1177
1234 1141
1236 1176
1238 1255
1240 1140
1242 1177
1244 1140
1246 1141
1248 1140
1250 1141
1252 1141
1254 1140
1256 1141
1258 1143
1260 1141
1262 1139
1264 1141
1266 1156
1268 1177
1270 1141
1272 1177
1274 1177
1276 1140
1278 1140
1280 1252
1282 1141
1284 1177
1286 1140
1288 1142
1290 1141
1292 1141
1294 1141
1296 1218
1298 1141
1300 1140
1302 1140
1304 1140
1306 1142
1308 1141
1310 1142
1312 1217
1314 1140
1316 1142
1318 1177
1320 1141
1322 1143
1324 1142
1326 1208
1328 1172
1330 1171
1332 1176
1334 1141
1336 1142
1338 1141
1340 1140
1342 1140
1344 1142
1346 1142
1348 1215
1350 1179
1352 1141
1354 1222
1356 1179
1358 1146
1360 1141
1362 1330
1364 1224
1366 1173
1368 1171
1370 1173
1372 1141
1374 1141
1376 1141
1378 1140
1380 1142
1382 1141
1384 1178
1386 1142
1388 1140
1390 1141
1392 1140
1394 1280
1396 1170
1398 1170
1400 1142
1402 1146
1404 1161
1406 1173
1408 1202
1410 1171
1412 1246
1414 1144
1416 1224
1418 1175
1420 1173
1422 1179
1424 1141
1426 1253
1428 1295
1430 1141
1432 1142
1434 1231
1436 1178
1438 1141
1440 1180
1442 1263
1444 1143
1446 1142
1448 1141
1450 1143
1452 1143
1454 1145
1456 1143
1458 1142
1460 1141
1462 1141
1464 1141
1466 1142
1468 1217
1470 1141
1472 1141
1474 1141
1476 1141
1478 1141
1480 1140
1482 1142
1484 1140
1486 1177
1488 1143
1490 1142
1492 1141
1494 1222
1496 1142
1498 1139
1500 1140
1502 1142
1504 1142
1506 1140
1508 1139
1510 1140
1512 1142
1514 1141
1516 1139
1518 1158
1520 1214
1522 1179
1524 1176
1526 1140
1528 1140
1530 1179
1532 1141
1534 1216
1536 1142
1538 1140
1540 1141
1542 1140
1544 1177
1546 1142
1548 1140
1550 1140
1552 1219
1554 1140
1556 1177
1558 1142
1560 1141
1562 1176
1564 1141
1566 1140
1568 1177
1570 1142
1572 1142
1574 1168
1576 1167
1578 1356
1580 1195
1582 1197
1584 1189
1586 1166
1588 1164
1590 1239
1592 1165
1594 1260
1596 1168
1598 1166
1600 1165
1602 1165
1604 1164
1606 1201
1608 1164
1610 1164
1612 1310
1614 1204
1616 1164
1618 1170
1620 1167
1622 1166
1624 1165
1626 1165
1628 1251
1630 1165
1632 1166
1634 1167
1636 1165
1638 1165
1640 1164
1642 1164
1644 1164
1646 1164
1648 1201
1650 1274
1652 1165
1654 1165
1656 1183
1658 1165
1660 1165
1662 1201
1664 1162
1666 1234
1668 1163
1670 1163
1672 1163
1674 1320
1676 1266
1678 1197
1680 1196
1682 1310
1684 1198
1686 1269
1688 1211
1690 1168
1692 1209
1694 1196
1696 1196
1698 1314
1700 1168
1702 1168
1704 1203
1706 1165
1708 1203
1710 1165
1712 1239
1714 1166
1716 1324
1718 1164
1720 1164
1722 1164
1724 1238
1726 1207
1728 1202
1730 1202
1732 1165
1734 1164
1736 1186
1738 1164
1740 1201
1742 1165
1744 1164
1746 1164
1748 1164
1750 1164
1752 1163
1754 1163
1756 1247
1758 1164
1760 1183
1762 1194
1764 1194
1766 1190
1768 1163
1770 1163
1772 1202
1774 1200
1776 1163
1778 1202
1780 1201
1782 1164
1784 1163
1786 1280
1788 1164
1790 1163
1792 1163
1794 1199
1796 1164
1798 1273
1800 1245
1802 1163
1804 1163
1806 1164
1808 1239
1810 1165
1812 1163
1814 1165
1816 1165
1818 1164
1820 1163
1822 1163
1824 1315
1826 1163
1828 1164
1830 1272
1832 1162
1834 1162
1836 1451
1838 1455
1840 1190
1842 1196
1844 1224
1846 1186
1848 1239
1850 1166
1852 1428
1854 1221
1856 1164
1858 1240
1860 1165
1862 1275
1864 1165
1866 1258
1868 1164
1870 1163
1872 1164
1874 1198
1876 1232
1878 1196
1880 1165
1882 1164
1884 1164
1886 1164
1888 1164
1890 1163
1892 1164
1894 1163
1896 1241
1898 1164
1900 1163
1902 1278
1904 1164
1906 1238
1908 1241
1910 1316
1912 1165
1914 1276
1916 1194
1918 1193
1920 1201
1922 1164
1924 1164
1926 1164
1928 1163
1930 1163
1932 1163
1934 1164
1936 1166
1938 1235
1940 1194
1942 1164
1944 1163
1946 1163
1948 1165
1950 1163
1952 1242
1954 1163
1956 1164
1958 1200
1960 1163
1962 1163
1964 1163
1966 1163
1968 1163
1970 1262
1972 1230
1974 1274
1976 1194
1978 1195
1980 1195
1982 1244
1984 1169
1986 1167
1988 1279
1990 1165
1992 1164
1994 1185
1996 1164
1998 1165
2000 2241
