2 252
4 199
6 196
8 186
10 183
12 183
14 183
16 176
18 174
20 172
22 171
24 171
26 170
28 171
30 171
32 172
34 171
36 170
38 169
40 169
42 169
44 169
46 204
48 168
50 168
52 167
54 244
56 194
58 178
60 177
62 186
64 193
66 193
68 192
70 190
72 192
74 188
76 189
78 190
80 189
82 189
84 189
86 188
88 191
90 190
92 190
94 189
96 190
98 189
100 189
102 189
104 189
106 189
108 188
110 188
112 189
114 189
116 210
118 210
120 190
122 189
124 189
126 242
128 243
130 243
132 242
134 301
136 243
138 243
140 244
142 242
144 242
146 244
148 242
150 242
152 259
154 242
156 241
158 242
160 242
162 242
164 242
166 242
168 242
170 242
172 242
174 242
176 241
178 242
180 319
182 294
184 235
186 236
188 236
190 235
192 235
194 330
196 236
198 236
200 273
202 235
204 236
206 267
208 244
210 243
212 242
214 242
216 242
218 243
220 266
222 272
224 252
226 288
228 252
230 252
232 251
234 251
236 251
238 249
240 251
242 252
244 257
246 262
248 267
250 382
252 385
254 381
256 379
258 378
260 377
262 394
264 378
266 403
268 376
270 376
272 376
274 377
276 378
278 376
280 376
282 376
284 379
286 381
288 380
290 379
292 378
294 379
296 380
298 379
300 379
302 377
304 377
306 377
308 377
310 377
312 378
314 379
316 376
318 376
320 377
322 376
324 377
326 377
328 378
330 376
332 366
334 366
336 366
338 366
340 385
342 367
344 367
346 366
348 366
350 366
352 357
354 426
356 357
358 357
360 356
362 357
364 356
366 358
368 357
370 357
372 357
374 357
376 407
378 366
380 366
382 366
384 367
386 366
388 384
390 358
392 357
394 357
396 357
398 356
400 357
402 357
404 358
406 357
408 356
410 357
412 357
414 357
416 357
418 393
420 356
422 393
424 358
426 357
428 357
430 357
432 357
434 356
436 357
438 356
440 387
442 366
444 366
446 366
448 366
450 366
452 357
454 356
456 357
458 357
460 357
462 357
464 357
466 357
468 357
470 357
472 357
474 357
476 356
478 357
480 356
482 358
484 357
486 356
488 357
490 431
492 357
494 357
496 357
498 357
500 718
502 637
504 636
506 636
508 620
510 620
512 656
514 693
516 620
518 620
520 620
522 797
524 658
526 609
528 608
530 607
532 607
534 881
536 779
538 625
540 624
542 625
544 638
546 624
548 652
550 623
552 623
554 623
556 608
558 644
560 684
562 624
564 624
566 662
568 608
570 607
572 607
574 607
576 608
578 607
580 674
582 607
584 607
586 607
588 609
590 608
592 608
594 607
596 607
598 708
600 708
602 666
604 625
606 623
608 670
610 625
612 626
614 625
616 624
618 626
620 623
622 652
624 623
626 623
628 623
630 837
632 607
634 607
636 664
638 662
640 630
642 624
644 623
646 624
648 624
650 663
652 607
654 607
656 606
658 607
660 607
662 674
664 607
666 607
668 607
670 607
672 609
674 644
676 607
678 607
680 608
682 608
684 623
686 754
688 607
690 607
692 607
694 608
696 607
698 606
700 607
702 607
704 607
706 607
708 607
710 607
712 607
714 607
716 609
718 608
720 607
722 607
724 607
726 608
728 608
730 608
732 607
734 718
736 625
738 608
740 607
742 608
744 607
746 681
748 607
750 607
752 607
754 607
756 607
758 684
760 609
762 608
764 643
766 608
768 608
770 644
772 607
774 608
776 608
778 608
780 624
782 608
784 607
786 607
788 607
790 608
792 607
794 681
796 607
798 608
800 608
802 608
804 609
806 686
808 607
810 608
812 607
814 607
816 608
818 681
820 607
822 607
824 606
826 683
828 607
830 718
832 608
834 625
836 625
838 625
840 662
842 661
844 623
846 625
848 624
850 624
852 623
854 644
856 623
858 663
860 702
862 624
864 624
866 623
868 624
870 660
872 684
874 609
876 765
878 607
880 718
882 624
884 661
886 624
888 624
890 626
892 624
894 624
896 624
898 624
900 640
902 608
904 608
906 608
908 608
910 608
912 646
914 608
916 608
918 607
920 607
922 608
924 687
926 608
928 608
930 608
932 609
934 609
936 680
938 607
940 607
942 607
944 608
946 606
948 717
950 607
952 607
954 608
956 609
958 644
960 607
962 607
964 607
966 607
968 844
970 608
972 687
974 608
976 608
978 631
980 708
982 626
984 625
986 624
988 624
990 623
992 623
994 623
996 623
998 624
1000 1166
1002 1163
1004 1201
1006 1170
1008 1133
1010 1132
1012 1132
1014 1133
1016 1172
1018 1169
1020 1131
1022 1132
1024 1133
1026 1133
1028 1168
1030 1136
1032 1136
1034 1171
1036 1206
1038 1133
1040 1134
1042 1132
1044 1211
1046 1231
1048 1132
1050 1131
1052 1135
1054 1212
1056 1132
1058 1133
1060 1132
1062 1132
1064 1132
1066 1132
1068 1131
1070 1133
1072 1169
1074 1132
1076 1132
1078 1287
1080 1165
1082 1166
1084 1166
1086 1165
1088 1283
1090 1301
1092 1165
1094 1163
1096 1205
1098 1133
1100 1132
1102 1133
1104 1132
1106 1132
1108 1132
1110 1132
1112 1132
1114 1207
1116 1131
1118 1132
1120 1167
1122 1168
1124 1132
1126 1131
1128 1208
1130 1130
1132 1167
1134 1132
1136 1193
1138 1131
1140 1211
1142 1131
1144 1131
1146 1133
1148 1191
1150 1132
1152 1131
1154 1208
1156 1131
1158 1133
1160 1229
1162 1134
1164 1133
1166 1133
1168 1131
1170 1131
1172 1132
1174 1132
1176 1132
1178 1131
1180 1132
1182 1131
1184 1131
1186 1168
1188 1131
1190 1132
1192 1210
1194 1131
1196 1131
1198 1294
1200 1132
1202 1131
1204 1242
1206 1131
1208 1131
1210 1133
1212 1132
1214 1131
1216 1131
1218 1133
1220 1164
1222 1131
1224 1131
1226 1132
1228 1168
1230 1167
1232 1131
1234 1132
1236 1168
1238 1131
1240 1131
1242 1131
1244 1132
1246 1207
1248 1132
1250 1131
1252 1168
1254 1131
1256 1214
1258 1131
1260 1131
1262 1169
1264 1131
1266 1131
1268 1169
1270 1131
1272 1131
1274 1132
1276 1131
1278 1131
1280 1131
1282 1228
1284 1132
1286 1131
1288 1132
1290 1132
1292 1131
1294 1208
1296 1131
1298 1281
1300 1172
1302 1225
1304 1133
1306 1132
1308 1133
1310 1133
1312 1133
1314 1131
1316 1133
1318 1132
1320 1131
1322 1132
1324 1095
1326 1130
1328 1313
1330 1234
1332 1124
1334 1125
1336 1122
1338 1120
1340 1120
1342 1120
1344 1120
1346 1092
1348 1092
1350 1164
1352 1091
1354 1090
1356 1132
1358 1091
1360 1091
1362 1092
1364 1090
1366 1090
1368 1245
1370 1119
1372 1120
1374 1090
1376 1091
1378 1121
1380 1095
1382 1094
1384 1093
1386 1128
1388 1093
1390 1135
1392 1127
1394 1091
1396 1254
1398 1253
1400 1127
1402 1127
1404 1120
1406 1121
1408 1092
1410 1166
1412 1091
1414 1090
1416 1127
1418 1135
1420 1091
1422 1090
1424 1231
1426 1278
1428 1090
1430 1128
1432 1127
1434 1091
1436 1091
1438 1187
1440 1128
1442 1091
1444 1091
1446 1090
1448 1090
1450 1240
1452 1090
1454 1090
1456 1090
1458 1095
1460 1093
1462 1129
1464 1204
1466 1092
1468 1091
1470 1091
1472 1092
1474 1090
1476 1166
1478 1128
1480 1091
1482 1092
1484 1091
1486 1092
1488 1167
1490 1091
1492 1169
1494 1090
1496 1090
1498 1140
1500 1089
1502 1090
1504 1168
1506 1091
1508 1091
1510 1150
1512 1127
1514 1090
1516 1170
1518 1165
1520 1091
1522 1092
1524 1091
1526 1090
1528 1090
1530 1090
1532 1090
1534 1091
1536 1131
1538 1090
1540 1091
1542 1091
1544 1090
1546 1091
1548 1091
1550 1090
1552 1127
1554 1090
1556 1090
1558 1090
1560 1090
1562 1090
1564 1090
1566 1090
1568 1090
1570 1090
1572 1089
1574 1278
1576 1243
1578 1119
1580 1166
1582 1119
1584 1127
1586 1166
1588 1090
1590 1090
1592 1090
1594 1091
1596 1127
1598 1202
1600 1090
1602 1090
1604 1090
1606 1127
1608 1190
1610 1358
1612 1094
1614 1093
1616 1120
1618 1091
1620 1091
1622 1091
1624 1188
1626 1129
1628 1127
1630 1091
1632 1091
1634 1090
1636 1090
1638 1092
1640 1091
1642 1091
1644 1093
1646 1092
1648 1091
1650 1092
1652 1164
1654 1164
1656 1092
1658 1091
1660 1110
1662 1294
1664 1133
1666 1122
1668 1121
1670 1124
1672 1125
1674 1122
1676 1092
1678 1220
1680 1091
1682 1133
1684 1209
1686 1091
1688 1091
1690 1090
1692 1091
1694 1092
1696 1091
1698 1092
1700 1091
1702 1127
1704 1128
1706 1090
1708 1090
1710 1128
1712 1128
1714 1091
1716 1091
1718 1090
1720 1089
1722 1204
1724 1090
1726 1126
1728 1089
1730 1090
1732 1090
1734 1090
1736 1127
1738 1090
1740 1090
1742 1091
1744 1090
1746 1090
1748 1090
1750 1165
1752 1089
1754 1207
1756 1091
1758 1091
1760 1091
1762 1163
1764 1090
1766 1165
1768 1090
1770 1090
1772 1090
1774 1126
1776 1089
1778 1089
1780 1090
1782 1090
1784 1090
1786 1090
1788 1127
1790 1090
1792 1096
1794 1096
1796 1093
1798 1092
1800 1092
1802 1093
1804 1093
1806 1092
1808 1140
1810 1091
1812 1091
1814 1172
1816 1096
1818 1094
1820 1129
1822 1092
1824 1091
1826 1091
1828 1092
1830 1092
1832 1092
1834 1090
1836 1090
1838 1165
1840 1091
1842 1091
1844 1149
1846 1127
1848 1090
1850 1090
1852 1090
1854 1090
1856 1090
1858 1092
1860 1091
1862 1091
1864 1091
1866 1090
1868 1091
1870 1163
1872 1127
1874 1092
1876 1092
1878 1168
1880 1091
1882 1164
1884 1090
1886 1092
1888 1090
1890 1090
1892 1091
1894 1110
1896 1090
1898 1089
1900 1089
1902 1090
1904 1127
1906 1127
1908 1125
1910 1267
1912 1191
1914 1158
1916 1155
1918 1193
1920 1261
1922 1189
1924 1192
1926 1153
1928 1153
1930 1226
1932 1154
1934 1185
1936 1123
1938 1347
1940 1199
1942 1124
1944 1126
1946 1127
1948 1124
1950 1124
1952 1124
1954 1125
1956 1273
1958 1156
1960 1245
1962 1157
1964 1159
1966 1184
1968 1124
1970 1124
1972 1163
1974 1202
1976 1123
1978 1246
1980 1194
1982 1124
1984 1125
1986 1125
1988 1159
1990 1125
1992 1205
1994 1124
1996 1160
1998 1123
2000 2240
