2 145
4 131
6 130
8 127
10 126
12 126
14 126
16 137
18 137
20 137
22 137
24 138
26 137
28 137
30 140
32 154
34 153
36 154
38 153
40 154
42 155
44 154
46 153
48 154
50 153
52 157
54 155
56 153
58 154
60 154
62 189
64 224
66 224
68 224
70 223
72 223
74 224
76 224
78 223
80 224
82 226
84 222
86 224
88 223
90 222
92 206
94 206
96 206
98 206
100 205
102 234
104 206
106 206
108 206
110 206
112 206
114 206
116 206
118 227
120 206
122 206
124 206
126 337
128 337
130 337
132 374
134 337
136 338
138 379
140 337
142 378
144 337
146 338
148 337
150 338
152 500
154 329
156 329
158 329
160 329
162 329
164 404
166 329
168 329
170 337
172 338
174 337
176 338
178 337
180 338
182 337
184 337
186 337
188 378
190 338
192 337
194 337
196 355
198 337
200 338
202 337
204 338
206 337
208 338
210 404
212 357
214 357
216 366
218 473
220 344
222 390
224 337
226 465
228 346
230 346
232 346
234 346
236 346
238 346
240 346
242 346
244 348
246 346
248 346
250 657
252 711
254 911
256 689
258 633
260 628
262 630
264 631
266 632
268 682
270 703
272 628
274 631
276 708
278 610
280 609
282 610
284 610
286 610
288 607
290 610
292 609
294 673
296 638
298 609
300 754
302 720
304 677
306 853
308 637
310 646
312 683
314 609
316 610
318 609
320 611
322 728
324 631
326 626
328 627
330 626
332 625
334 626
336 628
338 627
340 626
342 623
344 682
346 627
348 627
350 626
352 628
354 772
356 708
358 634
360 628
362 625
364 625
366 625
368 624
370 626
372 626
374 626
376 624
378 608
380 608
382 646
384 655
386 609
388 644
390 673
392 608
394 609
396 608
398 608
400 608
402 608
404 609
406 608
408 695
410 609
412 607
414 609
416 609
418 628
420 609
422 608
424 608
426 631
428 609
430 609
432 607
434 594
436 632
438 593
440 593
442 593
444 593
446 630
448 593
450 609
452 608
454 609
456 607
458 593
460 630
462 593
464 592
466 629
468 592
470 629
472 591
474 596
476 594
478 591
480 594
482 592
484 660
486 609
488 608
490 608
492 652
494 595
496 593
498 593
500 1131
502 1202
504 1169
506 1131
508 1130
510 1213
512 1133
514 1133
516 1169
518 1134
520 1133
522 1132
524 1133
526 1131
528 1191
530 1162
532 1209
534 1131
536 1131
538 1131
540 1206
542 1132
544 1133
546 1161
548 1131
550 1132
552 1322
554 1131
556 1131
558 1131
560 1131
562 1131
564 1167
566 1131
568 1131
570 1239
572 1214
574 1185
576 1166
578 1132
580 1133
582 1132
584 1132
586 1261
588 1203
590 1131
592 1131
594 1205
596 1169
598 1133
600 1133
602 1132
604 1133
606 1131
608 1131
610 1131
612 1131
614 1169
616 1134
618 1149
620 1131
622 1131
624 1131
626 1132
628 1173
630 1131
632 1131
634 1131
636 1163
638 1162
640 1191
642 1131
644 1276
646 1248
648 1161
650 1159
652 1160
654 1161
656 1201
658 1239
660 1131
662 1132
664 1131
666 1131
668 1198
670 1153
672 1131
674 1131
676 1131
678 1131
680 1243
682 1130
684 1131
686 1131
688 1130
690 1130
692 1167
694 1169
696 1132
698 1133
700 1134
702 1132
704 1189
706 1131
708 1156
710 1207
712 1131
714 1131
716 1239
718 1415
720 1318
722 1183
724 1245
726 1161
728 1199
730 1162
732 1162
734 1162
736 1162
738 1199
740 1251
742 1161
744 1161
746 1161
748 1161
750 1200
752 1174
754 1209
756 1206
758 1202
760 1132
762 1203
764 1161
766 1161
768 1158
770 1158
772 1158
774 1227
776 1133
778 1133
780 1132
782 1131
784 1131
786 1131
788 1131
790 1131
792 1131
794 1170
796 1133
798 1132
800 1169
802 1133
804 1133
806 1132
808 1133
810 1131
812 1130
814 1179
816 1130
818 1132
820 1131
822 1222
824 1131
826 1132
828 1132
830 1168
832 1132
834 1132
836 1134
838 1133
840 1134
842 1210
844 1133
846 1131
848 1130
850 1203
852 1131
854 1168
856 1131
858 1131
860 1131
862 1206
864 1240
866 1131
868 1169
870 1173
872 1132
874 1132
876 1131
878 1202
880 1131
882 1130
884 1130
886 1130
888 1130
890 1205
892 1131
894 1133
896 1131
898 1131
900 1131
902 1131
904 1184
906 1133
908 1169
910 1131
912 1131
914 1131
916 1133
918 1131
920 1130
922 1169
924 1131
926 1170
928 1133
930 1131
932 1131
934 1132
936 1131
938 1132
940 1131
942 1130
944 1132
946 1131
948 1131
950 1131
952 1131
954 1228
956 1133
958 1427
960 1274
962 1591
964 1515
966 1238
968 1193
970 1193
972 1293
974 1753
976 1597
978 1214
980 1214
982 1200
984 1197
986 1193
988 1193
990 1239
992 1192
994 1193
996 1219
998 1192
1000 2336
1002 2352
1004 2312
1006 2277
1008 2274
1010 2274
1012 2275
1014 2500
1016 2446
1018 2470
1020 2313
1022 2275
1024 2276
1026 2291
1028 2293
1030 2961
1032 2431
1034 2217
1036 2300
1038 2244
1040 2215
1042 2368
1044 2217
1046 2216
1048 2291
1050 2251
1052 2216
1054 2217
1056 2290
1058 2217
1060 2213
1062 2638
1064 2253
1066 2380
1068 2348
1070 2277
1072 2275
1074 2274
1076 2275
1078 2310
1080 2274
1082 2289
1084 2253
1086 2253
1088 2214
1090 2292
1092 2213
1094 2293
1096 2367
1098 2407
1100 2216
1102 2253
1104 2215
1106 2217
1108 2217
1110 2274
1112 2255
1114 2217
1116 2255
1118 2328
1120 2213
1122 2289
1124 2293
1126 2219
1128 2253
1130 2220
1132 2218
1134 2255
1136 2218
1138 2218
1140 2286
1142 2217
1144 2217
1146 2217
1148 2250
1150 2217
1152 2291
1154 2308
1156 2215
1158 2330
1160 2355
1162 2216
1164 2254
1166 2254
1168 2292
1170 2215
1172 2253
1174 2214
1176 2254
1178 2290
1180 2213
1182 2255
1184 2217
1186 2216
1188 2369
1190 2214
1192 2216
1194 2216
1196 2216
1198 2215
1200 2216
1202 2213
1204 2289
1206 2213
1208 2213
1210 2365
1212 2290
1214 2219
1216 2402
1218 2215
1220 2216
1222 2217
1224 2291
1226 2216
1228 2251
1230 2214
1232 2216
1234 2220
1236 2217
1238 2293
1240 2255
1242 2216
1244 2217
1246 2213
1248 2287
1250 2216
1252 2217
1254 2290
1256 2216
1258 2217
1260 2360
1262 2462
1264 2217
1266 2348
1268 2393
1270 2306
1272 2277
1274 2276
1276 2304
1278 2327
1280 2220
1282 2249
1284 2254
1286 2216
1288 2219
1290 2296
1292 2218
1294 2217
1296 2217
1298 2289
1300 2296
1302 2255
1304 2294
1306 2230
1308 2285
1310 2250
1312 2216
1314 2218
1316 2251
1318 2254
1320 2217
1322 2293
1324 2216
1326 2218
1328 2253
1330 2216
1332 2218
1334 2507
1336 2271
1338 2275
1340 2298
1342 2217
1344 2219
1346 2219
1348 2293
1350 2213
1352 2289
1354 2218
1356 2253
1358 2446
1360 2219
1362 2324
1364 2271
1366 2275
1368 2355
1370 2278
1372 2315
1374 2243
1376 2292
1378 2290
1380 2218
1382 2218
1384 2252
1386 2218
1388 2217
1390 2252
1392 2215
1394 2213
1396 2292
1398 2236
1400 2213
1402 2218
1404 2253
1406 2251
1408 2218
1410 2216
1412 2215
1414 2298
1416 2253
1418 2213
1420 2325
1422 2251
1424 2217
1426 2218
1428 2289
1430 2215
1432 2214
1434 2290
1436 2216
1438 2291
1440 2256
1442 2253
1444 2213
1446 2289
1448 2291
1450 2214
1452 2253
1454 2215
1456 2215
1458 2219
1460 2292
1462 2217
1464 2215
1466 2253
1468 2219
1470 2219
1472 2296
1474 2216
1476 2245
1478 2385
1480 2215
1482 2215
1484 2219
1486 2213
1488 2297
1490 2293
1492 2253
1494 2217
1496 2311
1498 2271
1500 2216
1502 2217
1504 2326
1506 2216
1508 2216
1510 2331
1512 2218
1514 2217
1516 2330
1518 2329
1520 2216
1522 2214
1524 2288
1526 2218
1528 2252
1530 2298
1532 2219
1534 2289
1536 2254
1538 2212
1540 2255
1542 2251
1544 2216
1546 2290
1548 2456
1550 2396
1552 2318
1554 2280
1556 2295
1558 2271
1560 2311
1562 2304
1564 2275
1566 2358
1568 2274
1570 2217
1572 2252
1574 2331
1576 2252
1578 2219
1580 2212
1582 2217
1584 2257
1586 2367
1588 2218
1590 2216
1592 2284
1594 2216
1596 2268
1598 2327
1600 2216
1602 2374
1604 2253
1606 2218
1608 2326
1610 2328
1612 2255
1614 2219
1616 2252
1618 2252
1620 2215
1622 2220
1624 2219
1626 2212
1628 2220
1630 2217
1632 2288
1634 2252
1636 2323
1638 2212
1640 2326
1642 2251
1644 2290
1646 2218
1648 2325
1650 2253
1652 2212
1654 2251
1656 2253
1658 2219
1660 2219
1662 2291
1664 2213
1666 2215
1668 2217
1670 2255
1672 2219
1674 2217
1676 2254
1678 2327
1680 2253
1682 2217
1684 2293
1686 2293
1688 2216
1690 2325
1692 2253
1694 2217
1696 2325
1698 2218
1700 2216
1702 2273
1704 2321
1706 2216
1708 2287
1710 2219
1712 2219
1714 2218
1716 2249
1718 2251
1720 2298
1722 2253
1724 2255
1726 2216
1728 2328
1730 2219
1732 2217
1734 2291
1736 2305
1738 2216
1740 2329
1742 2220
1744 2401
1746 2217
1748 2220
1750 2219
1752 2216
1754 2215
1756 2215
1758 2215
1760 2252
1762 2216
1764 2217
1766 2327
1768 2220
1770 2220
1772 2250
1774 2253
1776 2218
1778 2326
1780 2289
1782 2254
1784 2251
1786 2217
1788 2254
1790 2269
1792 2216
1794 2216
1796 2253
1798 2250
1800 2216
1802 2288
1804 2216
1806 2326
1808 2216
1810 2291
1812 2287
1814 2217
1816 2328
1818 2217
1820 2216
1822 2253
1824 2214
1826 2216
1828 2363
1830 2214
1832 2213
1834 2358
1836 2419
1838 2280
1840 2275
1842 2518
1844 2285
1846 2253
1848 2218
1850 2283
1852 2251
1854 2219
1856 2220
1858 2253
1860 2367
1862 2291
1864 2217
1866 2289
1868 2216
1870 2217
1872 2213
1874 2218
1876 2216
1878 2253
1880 2388
1882 2243
1884 2322
1886 2214
1888 2251
1890 2290
1892 2216
1894 2250
1896 2254
1898 2321
1900 2339
1902 2291
1904 2216
1906 2217
1908 2287
1910 2215
1912 2290
1914 2220
1916 2219
1918 2299
1920 2291
1922 2217
1924 2252
1926 2339
1928 2218
1930 2219
1932 2218
1934 2256
1936 2219
1938 2220
1940 2271
1942 2294
1944 2219
1946 2254
1948 2332
1950 2219
1952 2295
1954 2440
1956 2217
1958 2253
1960 2255
1962 2219
1964 2219
1966 2217
1968 2291
1970 2217
1972 2218
1974 2219
1976 2254
1978 2702
1980 2265
1982 2314
1984 2342
1986 2236
1988 2217
1990 2292
1992 2219
1994 2220
1996 2255
1998 2216
2000 4402
