2 141
4 120
6 119
8 106
10 106
12 106
14 105
16 93
18 93
20 93
22 93
24 93
26 93
28 93
30 93
32 107
34 81
36 81
38 81
40 80
42 72
44 72
46 71
48 72
50 71
52 71
54 72
56 71
58 72
60 71
62 66
64 61
66 60
68 60
70 60
72 60
74 61
76 60
78 60
80 60
82 60
84 60
86 60
88 60
90 60
92 60
94 60
96 60
98 61
100 56
102 55
104 55
106 56
108 56
110 56
112 56
114 55
116 55
118 56
120 56
122 56
124 55
126 46
128 46
130 46
132 46
134 46
136 45
138 46
140 45
142 45
144 46
146 46
148 45
150 46
152 45
154 46
156 46
158 45
160 45
162 46
164 46
166 99
168 61
170 44
172 44
174 44
176 44
178 44
180 44
182 44
184 59
186 46
188 46
190 46
192 45
194 46
196 45
198 45
200 45
202 46
204 46
206 64
208 55
210 48
212 56
214 56
216 56
218 47
220 47
222 47
224 47
226 47
228 47
230 53
232 47
234 48
236 48
238 47
240 48
242 48
244 47
246 47
248 47
250 37
252 38
254 37
256 37
258 37
260 37
262 37
264 37
266 37
268 37
270 37
272 37
274 37
276 36
278 37
280 37
282 37
284 37
286 36
288 37
290 37
292 37
294 36
296 37
298 37
300 41
302 37
304 37
306 37
308 36
310 38
312 37
314 37
316 36
318 79
320 37
322 37
324 37
326 37
328 37
330 37
332 37
334 37
336 36
338 37
340 36
342 37
344 37
346 37
348 36
350 37
352 37
354 36
356 36
358 36
360 36
362 37
364 37
366 37
368 37
370 50
372 36
374 36
376 36
378 36
380 36
382 36
384 36
386 35
388 35
390 36
392 36
394 36
396 36
398 36
400 35
402 36
404 36
406 36
408 34
410 35
412 36
414 36
416 36
418 36
420 36
422 36
424 35
426 35
428 35
430 35
432 35
434 35
436 35
438 35
440 35
442 35
444 35
446 51
448 35
450 35
452 35
454 35
456 35
458 55
460 88
462 35
464 35
466 36
468 36
470 36
472 35
474 36
476 36
478 36
480 36
482 36
484 36
486 35
488 35
490 35
492 35
494 36
496 60
498 43
500 27
502 26
504 26
506 26
508 26
510 26
512 26
514 26
516 26
518 26
520 26
522 26
524 25
526 25
528 25
530 25
532 25
534 25
536 25
538 25
540 25
542 25
544 25
546 25
548 25
550 25
552 26
554 26
556 25
558 25
560 25
562 25
564 25
566 25
568 25
570 25
572 25
574 25
576 26
578 25
580 25
582 25
584 25
586 26
588 26
590 26
592 26
594 26
596 26
598 25
600 25
602 25
604 25
606 25
608 26
610 26
612 26
614 26
616 26
618 25
620 25
622 25
624 25
626 26
628 25
630 25
632 25
634 25
636 62
638 25
640 25
642 25
644 25
646 25
648 26
650 25
652 25
654 25
656 25
658 25
660 26
662 25
664 25
666 25
668 25
670 25
672 25
674 25
676 25
678 25
680 25
682 25
684 25
686 25
688 25
690 25
692 25
694 25
696 25
698 25
700 25
702 25
704 25
706 25
708 25
710 25
712 25
714 25
716 25
718 25
720 25
722 25
724 25
726 25
728 27
730 25
732 25
734 25
736 25
738 26
740 26
742 26
744 26
746 26
748 25
750 25
752 25
754 25
756 25
758 25
760 25
762 25
764 25
766 25
768 25
770 25
772 25
774 25
776 25
778 25
780 25
782 25
784 25
786 25
788 25
790 25
792 25
794 25
796 25
798 25
800 25
802 25
804 25
806 25
808 25
810 25
812 25
814 25
816 25
818 25
820 25
822 25
824 26
826 26
828 26
830 43
832 26
834 26
836 26
838 26
840 26
842 26
844 26
846 26
848 26
850 26
852 26
854 26
856 26
858 26
860 26
862 25
864 25
866 25
868 26
870 26
872 26
874 26
876 26
878 26
880 26
882 26
884 26
886 26
888 26
890 25
892 25
894 25
896 25
898 25
900 25
902 25
904 25
906 25
908 25
910 25
912 25
914 25
916 25
918 25
920 25
922 25
924 25
926 25
928 25
930 25
932 25
934 25
936 25
938 25
940 25
942 25
944 25
946 25
948 25
950 25
952 25
954 25
956 25
958 25
960 25
962 25
964 25
966 27
968 25
970 25
972 25
974 25
976 25
978 25
980 25
982 25
984 25
986 25
988 25
990 25
992 25
994 25
996 25
998 25
1000 16
1002 16
1004 16
1006 16
1008 16
1010 16
1012 16
1014 16
1016 16
1018 16
1020 16
1022 16
1024 18
1026 16
1028 16
1030 16
1032 16
1034 16
1036 16
1038 16
1040 16
1042 16
1044 17
1046 16
1048 16
1050 16
1052 16
1054 16
1056 16
1058 16
1060 16
1062 16
1064 16
1066 16
1068 16
1070 16
1072 17
1074 16
1076 16
1078 16
1080 16
1082 16
1084 16
1086 16
1088 16
1090 16
1092 16
1094 16
1096 16
1098 16
1100 16
1102 16
1104 16
1106 17
1108 16
1110 16
1112 16
1114 16
1116 16
1118 16
1120 16
1122 16
1124 16
1126 16
1128 16
1130 16
1132 16
1134 16
1136 16
1138 16
1140 16
1142 16
1144 16
1146 16
1148 16
1150 16
1152 16
1154 16
1156 16
1158 16
1160 16
1162 16
1164 16
1166 16
1168 16
1170 16
1172 16
1174 16
1176 16
1178 16
1180 16
1182 16
1184 16
1186 16
1188 16
1190 16
1192 16
1194 16
1196 16
1198 16
1200 16
1202 16
1204 16
1206 16
1208 16
1210 16
1212 16
1214 16
1216 16
1218 16
1220 16
1222 16
1224 16
1226 16
1228 16
1230 16
1232 16
1234 16
1236 16
1238 16
1240 16
1242 16
1244 16
1246 16
1248 16
1250 16
1252 16
1254 16
1256 16
1258 16
1260 16
1262 16
1264 16
1266 17
1268 16
1270 16
1272 16
1274 16
1276 16
1278 16
1280 16
1282 16
1284 16
1286 16
1288 16
1290 16
1292 16
1294 16
1296 16
1298 16
1300 16
1302 16
1304 16
1306 16
1308 16
1310 16
1312 20
1314 16
1316 16
1318 16
1320 16
1322 16
1324 16
1326 16
1328 16
1330 16
1332 16
1334 16
1336 16
1338 16
1340 16
1342 16
1344 16
1346 16
1348 16
1350 16
1352 16
1354 16
1356 16
1358 16
1360 16
1362 16
1364 16
1366 16
1368 16
1370 16
1372 16
1374 16
1376 16
1378 17
1380 17
1382 17
1384 17
1386 17
1388 17
1390 17
1392 17
1394 16
1396 16
1398 16
1400 17
1402 16
1404 16
1406 16
1408 16
1410 16
1412 16
1414 16
1416 16
1418 33
1420 16
1422 16
1424 16
1426 16
1428 16
1430 16
1432 16
1434 16
1436 16
1438 16
1440 16
1442 16
1444 16
1446 16
1448 16
1450 16
1452 16
1454 16
1456 16
1458 16
1460 16
1462 16
1464 16
1466 16
1468 16
1470 16
1472 16
1474 16
1476 16
1478 16
1480 16
1482 16
1484 16
1486 16
1488 16
1490 16
1492 16
1494 16
1496 16
1498 16
1500 16
1502 16
1504 16
1506 16
1508 16
1510 16
1512 16
1514 16
1516 16
1518 16
1520 16
1522 16
1524 16
1526 16
1528 16
1530 16
1532 16
1534 16
1536 16
1538 16
1540 16
1542 16
1544 16
1546 16
1548 16
1550 16
1552 16
1554 16
1556 16
1558 16
1560 16
1562 16
1564 16
1566 16
1568 16
1570 16
1572 16
1574 16
1576 16
1578 16
1580 16
1582 16
1584 16
1586 16
1588 16
1590 16
1592 16
1594 16
1596 16
1598 16
1600 36
1602 16
1604 16
1606 16
1608 16
1610 16
1612 16
1614 16
1616 16
1618 16
1620 16
1622 16
1624 16
1626 16
1628 16
1630 17
1632 17
1634 16
1636 16
1638 16
1640 16
1642 16
1644 16
1646 16
1648 16
1650 16
1652 16
1654 16
1656 16
1658 16
1660 16
1662 16
1664 16
1666 16
1668 16
1670 16
1672 16
1674 16
1676 35
1678 16
1680 17
1682 16
1684 16
1686 16
1688 16
1690 16
1692 16
1694 16
1696 16
1698 16
1700 16
1702 16
1704 16
1706 16
1708 16
1710 16
1712 16
1714 16
1716 16
1718 16
1720 16
1722 16
1724 16
1726 16
1728 16
1730 16
1732 16
1734 16
1736 16
1738 16
1740 16
1742 16
1744 16
1746 16
1748 16
1750 16
1752 16
1754 16
1756 16
1758 16
1760 16
1762 16
1764 16
1766 16
1768 16
1770 16
1772 16
1774 16
1776 16
1778 16
1780 16
1782 16
1784 16
1786 16
1788 16
1790 16
1792 16
1794 16
1796 16
1798 16
1800 16
1802 16
1804 16
1806 16
1808 49
1810 16
1812 16
1814 16
1816 16
1818 16
1820 16
1822 16
1824 16
1826 16
1828 16
1830 16
1832 16
1834 16
1836 16
1838 16
1840 16
1842 16
1844 16
1846 16
1848 16
1850 16
1852 16
1854 16
1856 17
1858 16
1860 16
1862 16
1864 16
1866 16
1868 16
1870 16
1872 16
1874 16
1876 16
1878 16
1880 16
1882 16
1884 17
1886 16
1888 16
1890 16
1892 16
1894 16
1896 16
1898 16
1900 39
1902 16
1904 16
1906 16
1908 16
1910 16
1912 16
1914 16
1916 16
1918 16
1920 16
1922 16
1924 16
1926 16
1928 16
1930 16
1932 16
1934 16
1936 16
1938 16
1940 16
1942 16
1944 16
1946 16
1948 16
1950 16
1952 16
1954 16
1956 16
1958 19
1960 16
1962 16
1964 16
1966 16
1968 16
1970 16
1972 16
1974 16
1976 16
1978 16
1980 16
1982 16
1984 16
1986 16
1988 16
1990 16
1992 16
1994 16
1996 16
1998 16
2000 6
