2 222
4 203
6 215
8 185
10 184
12 183
14 182
16 289
18 174
20 193
22 172
24 172
26 173
28 172
30 172
32 174
34 171
36 170
38 170
40 169
42 171
44 171
46 171
48 171
50 170
52 170
54 311
56 173
58 171
60 170
62 199
64 187
66 226
68 185
70 185
72 184
74 185
76 184
78 185
80 184
82 184
84 185
86 185
88 184
90 184
92 184
94 184
96 223
98 184
100 184
102 185
104 185
106 206
108 184
110 184
112 255
114 185
116 184
118 183
120 184
122 184
124 185
126 236
128 235
130 234
132 234
134 237
136 234
138 234
140 235
142 234
144 234
146 234
148 234
150 344
152 234
154 234
156 235
158 233
160 234
162 310
164 235
166 234
168 233
170 234
172 234
174 255
176 236
178 235
180 234
182 235
184 234
186 234
188 234
190 234
192 234
194 234
196 235
198 234
200 234
202 234
204 234
206 312
208 234
210 234
212 234
214 234
216 234
218 234
220 254
222 234
224 305
226 320
228 311
230 240
232 239
234 240
236 240
238 240
240 240
242 240
244 241
246 285
248 240
250 404
252 364
254 364
256 364
258 402
260 374
262 380
264 374
266 373
268 374
270 374
272 373
274 373
276 375
278 373
280 374
282 373
284 373
286 373
288 373
290 375
292 363
294 396
296 434
298 428
300 431
302 405
304 364
306 439
308 382
310 375
312 374
314 381
316 378
318 373
320 374
322 373
324 373
326 373
328 363
330 363
332 514
334 363
336 362
338 363
340 403
342 401
344 363
346 376
348 375
350 374
352 375
354 374
356 373
358 375
360 375
362 385
364 367
366 365
368 402
370 400
372 364
374 363
376 404
378 400
380 363
382 409
384 363
386 364
388 364
390 447
392 451
394 396
396 411
398 363
400 374
402 373
404 373
406 373
408 375
410 374
412 377
414 373
416 373
418 364
420 444
422 391
424 394
426 383
428 400
430 363
432 365
434 365
436 373
438 373
440 389
442 376
444 375
446 377
448 373
450 374
452 387
454 541
456 379
458 377
460 375
462 379
464 374
466 373
468 376
470 374
472 380
474 375
476 374
478 373
480 389
482 376
484 375
486 374
488 373
490 376
492 374
494 374
496 375
498 375
500 641
502 640
504 639
506 649
508 641
510 643
512 640
514 641
516 623
518 659
520 621
522 621
524 659
526 662
528 622
530 642
532 642
534 663
536 649
538 639
540 641
542 639
544 641
546 639
548 639
550 639
552 638
554 639
556 638
558 639
560 622
562 622
564 622
566 623
568 606
570 635
572 622
574 622
576 622
578 661
580 622
582 683
584 606
586 812
588 605
590 695
592 705
594 738
596 621
598 623
600 621
602 621
604 622
606 621
608 622
610 622
612 622
614 621
616 622
618 621
620 621
622 606
624 606
626 606
628 636
630 608
632 606
634 606
636 607
638 606
640 646
642 606
644 605
646 606
648 605
650 605
652 607
654 606
656 606
658 605
660 605
662 606
664 606
666 606
668 606
670 606
672 606
674 607
676 606
678 643
680 606
682 606
684 606
686 606
688 606
690 606
692 606
694 605
696 606
698 606
700 606
702 724
704 623
706 606
708 605
710 606
712 605
714 604
716 604
718 625
720 655
722 621
724 621
726 621
728 620
730 620
732 639
734 621
736 621
738 621
740 621
742 622
744 623
746 620
748 639
750 672
752 619
754 620
756 696
758 620
760 620
762 620
764 620
766 621
768 620
770 620
772 621
774 605
776 604
778 604
780 603
782 604
784 604
786 683
788 604
790 604
792 605
794 604
796 604
798 604
800 603
802 603
804 604
806 604
808 641
810 604
812 620
814 742
816 604
818 620
820 620
822 620
824 620
826 621
828 620
830 620
832 620
834 620
836 620
838 620
840 681
842 604
844 604
846 604
848 604
850 603
852 603
854 603
856 604
858 603
860 604
862 604
864 604
866 604
868 604
870 605
872 604
874 605
876 605
878 604
880 604
882 604
884 642
886 604
888 604
890 604
892 605
894 604
896 622
898 641
900 604
902 668
904 604
906 604
908 604
910 604
912 603
914 642
916 640
918 603
920 603
922 715
924 604
926 604
928 676
930 604
932 604
934 604
936 606
938 604
940 641
942 603
944 604
946 604
948 605
950 604
952 641
954 604
956 604
958 606
960 752
962 605
964 640
966 603
968 604
970 603
972 603
974 604
976 704
978 677
980 700
982 621
984 620
986 624
988 619
990 620
992 699
994 656
996 721
998 708
1000 1219
1002 1207
1004 1205
1006 1180
1008 1179
1010 1177
1012 1206
1014 1205
1016 1207
1018 1251
1020 1174
1022 1205
1024 1373
1026 1275
1028 1207
1030 1322
1032 1234
1034 1244
1036 1205
1038 1242
1040 1176
1042 1175
1044 1175
1046 1174
1048 1174
1050 1174
1052 1293
1054 1211
1056 1175
1058 1175
1060 1211
1062 1173
1064 1174
1066 1192
1068 1175
1070 1174
1072 1211
1074 1174
1076 1175
1078 1207
1080 1207
1082 1206
1084 1203
1086 1207
1088 1205
1090 1205
1092 1246
1094 1206
1096 1206
1098 1204
1100 1204
1102 1173
1104 1207
1106 1384
1108 1327
1110 1205
1112 1206
1114 1208
1116 1206
1118 1174
1120 1173
1122 1211
1124 1174
1126 1174
1128 1210
1130 1175
1132 1175
1134 1292
1136 1173
1138 1211
1140 1173
1142 1173
1144 1306
1146 1175
1148 1175
1150 1176
1152 1174
1154 1173
1156 1174
1158 1173
1160 1173
1162 1521
1164 1179
1166 1208
1168 1207
1170 1209
1172 1207
1174 1178
1176 1176
1178 1174
1180 1176
1182 1176
1184 1176
1186 1176
1188 1176
1190 1298
1192 1175
1194 1175
1196 1250
1198 1212
1200 1249
1202 1174
1204 1174
1206 1174
1208 1174
1210 1176
1212 1175
1214 1325
1216 1175
1218 1362
1220 1174
1222 1175
1224 1175
1226 1177
1228 1174
1230 1174
1232 1174
1234 1210
1236 1176
1238 1173
1240 1210
1242 1176
1244 1175
1246 1175
1248 1175
1250 1176
1252 1173
1254 1284
1256 1174
1258 1173
1260 1174
1262 1210
1264 1174
1266 1173
1268 1233
1270 1293
1272 1208
1274 1253
1276 1377
1278 1263
1280 1178
1282 1248
1284 1210
1286 1209
1288 1206
1290 1229
1292 1291
1294 1206
1296 1205
1298 1206
1300 1205
1302 1204
1304 1174
1306 1174
1308 1174
1310 1254
1312 1176
1314 1177
1316 1248
1318 1176
1320 1175
1322 1211
1324 1175
1326 1249
1328 1174
1330 1174
1332 1212
1334 1250
1336 1174
1338 1175
1340 1173
1342 1174
1344 1173
1346 1173
1348 1173
1350 1175
1352 1173
1354 1173
1356 1212
1358 1213
1360 1175
1362 1175
1364 1213
1366 1176
1368 1173
1370 1173
1372 1234
1374 1174
1376 1174
1378 1174
1380 1174
1382 1194
1384 1174
1386 1174
1388 1173
1390 1173
1392 1210
1394 1211
1396 1212
1398 1173
1400 1283
1402 1173
1404 1173
1406 1296
1408 1174
1410 1173
1412 1175
1414 1152
1416 1203
1418 1581
1420 1243
1422 1169
1424 1209
1426 1178
1428 1176
1430 1176
1432 1176
1434 1145
1436 1146
1438 1145
1440 1147
1442 1268
1444 1147
1446 1117
1448 1204
1450 1118
1452 1169
1454 1154
1456 1409
1458 1255
1460 1206
1462 1176
1464 1177
1466 1180
1468 1148
1470 1146
1472 1158
1474 1229
1476 1116
1478 1302
1480 1116
1482 1116
1484 1152
1486 1115
1488 1115
1490 1113
1492 1115
1494 1115
1496 1115
1498 1188
1500 1118
1502 1144
1504 1146
1506 1232
1508 1158
1510 1117
1512 1118
1514 1198
1516 1250
1518 1138
1520 1147
1522 1146
1524 1143
1526 1151
1528 1213
1530 1115
1532 1152
1534 1115
1536 1117
1538 1114
1540 1114
1542 1251
1544 1200
1546 1117
1548 1146
1550 1176
1552 1147
1554 1245
1556 1118
1558 1183
1560 1228
1562 1147
1564 1187
1566 1175
1568 1220
1570 1150
1572 1148
1574 1145
1576 1153
1578 1187
1580 1370
1582 1186
1584 1146
1586 1176
1588 1176
1590 1175
1592 1148
1594 1181
1596 1145
1598 1146
1600 1146
1602 1157
1604 1115
1606 1115
1608 1113
1610 1116
1612 1115
1614 1152
1616 1263
1618 1115
1620 1189
1622 1134
1624 1115
1626 1114
1628 1118
1630 1117
1632 1117
1634 1115
1636 1115
1638 1115
1640 1115
1642 1115
1644 1189
1646 1224
1648 1114
1650 1156
1652 1151
1654 1116
1656 1347
1658 1226
1660 1140
1662 1145
1664 1145
1666 1134
1668 1189
1670 1114
1672 1115
1674 1151
1676 1115
1678 1150
1680 1116
1682 1113
1684 1117
1686 1115
1688 1152
1690 1152
1692 1277
1694 1117
1696 1226
1698 1317
1700 1190
1702 1289
1704 1297
1706 1178
1708 1179
1710 1177
1712 1185
1714 1148
1716 1146
1718 1277
1720 1190
1722 1255
1724 1144
1726 1182
1728 1115
1730 1153
1732 1152
1734 1173
1736 1115
1738 1210
1740 1146
1742 1146
1744 1145
1746 1116
1748 1230
1750 1118
1752 1116
1754 1126
1756 1115
1758 1117
1760 1115
1762 1153
1764 1117
1766 1117
1768 1116
1770 1208
1772 1117
1774 1116
1776 1227
1778 1116
1780 1152
1782 1225
1784 1116
1786 1187
1788 1131
1790 1304
1792 1233
1794 1147
1796 1153
1798 1149
1800 1193
1802 1146
1804 1196
1806 1148
1808 1191
1810 1116
1812 1116
1814 1116
1816 1117
1818 1117
1820 1136
1822 1115
1824 1115
1826 1115
1828 1115
1830 1115
1832 1152
1834 1115
1836 1157
1838 1115
1840 1258
1842 1284
1844 1311
1846 1243
1848 1147
1850 1197
1852 1146
1854 1243
1856 1193
1858 1147
1860 1120
1862 1118
1864 1116
1866 1116
1868 1116
1870 1117
1872 1118
1874 1116
1876 1116
1878 1156
1880 1118
1882 1117
1884 1117
1886 1117
1888 1154
1890 1117
1892 1117
1894 1152
1896 1115
1898 1114
1900 1115
1902 1116
1904 1116
1906 1116
1908 1115
1910 1115
1912 1191
1914 1114
1916 1116
1918 1118
1920 1151
1922 1114
1924 1116
1926 1117
1928 1114
1930 1153
1932 1115
1934 1115
1936 1136
1938 1114
1940 1114
1942 1216
1944 1115
1946 1184
1948 1144
1950 1145
1952 1168
1954 1116
1956 1187
1958 1151
1960 1115
1962 1114
1964 1266
1966 1115
1968 1115
1970 1192
1972 1115
1974 1277
1976 1147
1978 1146
1980 1148
1982 1171
1984 1169
1986 1168
1988 1172
1990 1154
1992 1136
1994 1137
1996 1249
1998 1213
2000 2174
