2 115
4 104
6 103
8 101
10 101
12 101
14 101
16 110
18 109
20 109
22 196
24 109
26 109
28 109
30 109
32 138
34 137
36 138
38 137
40 137
42 137
44 136
46 137
48 138
50 137
52 137
54 138
56 169
58 142
60 142
62 174
64 206
66 206
68 206
70 206
72 206
74 206
76 206
78 206
80 206
82 243
84 206
86 206
88 206
90 206
92 206
94 206
96 205
98 206
100 206
102 206
104 206
106 206
108 206
110 206
112 206
114 206
116 227
118 206
120 206
122 206
124 206
126 338
128 431
130 337
132 337
134 337
136 337
138 337
140 337
142 337
144 337
146 337
148 337
150 357
152 337
154 337
156 337
158 339
160 337
162 337
164 337
166 337
168 337
170 337
172 338
174 337
176 337
178 337
180 337
182 372
184 382
186 329
188 329
190 329
192 329
194 328
196 519
198 327
200 328
202 329
204 329
206 329
208 454
210 328
212 328
214 366
216 330
218 329
220 376
222 377
224 328
226 328
228 329
230 329
232 329
234 329
236 329
238 329
240 329
242 372
244 469
246 404
248 387
250 695
252 609
254 610
256 610
258 609
260 611
262 630
264 623
266 626
268 626
270 626
272 626
274 655
276 627
278 627
280 638
282 607
284 708
286 609
288 609
290 609
292 609
294 609
296 609
298 608
300 667
302 673
304 630
306 593
308 594
310 593
312 593
314 593
316 594
318 637
320 593
322 595
324 593
326 629
328 593
330 610
332 594
334 593
336 593
338 593
340 593
342 593
344 591
346 593
348 595
350 630
352 593
354 593
356 593
358 593
360 613
362 593
364 594
366 592
368 669
370 594
372 594
374 594
376 594
378 648
380 593
382 593
384 626
386 609
388 593
390 593
392 593
394 593
396 593
398 593
400 593
402 593
404 593
406 688
408 593
410 632
412 594
414 593
416 593
418 593
420 593
422 593
424 593
426 693
428 594
430 593
432 670
434 593
436 593
438 593
440 593
442 593
444 592
446 592
448 592
450 593
452 593
454 593
456 593
458 594
460 593
462 593
464 594
466 593
468 593
470 593
472 593
474 671
476 593
478 593
480 591
482 594
484 594
486 593
488 593
490 593
492 593
494 593
496 630
498 593
500 1131
502 1131
504 1224
506 1131
508 1131
510 1150
512 1132
514 1131
516 1168
518 1130
520 1167
522 1131
524 1132
526 1131
528 1131
530 1203
532 1242
534 1132
536 1131
538 1131
540 1225
542 1131
544 1189
546 1134
548 1132
550 1133
552 1132
554 1132
556 1134
558 1132
560 1131
562 1131
564 1243
566 1131
568 1132
570 1131
572 1311
574 1133
576 1133
578 1132
580 1133
582 1133
584 1128
586 1128
588 1128
590 1133
592 1133
594 1134
596 1132
598 1131
600 1131
602 1132
604 1131
606 1132
608 1132
610 1168
612 1131
614 1131
616 1133
618 1131
620 1131
622 1129
624 1168
626 1131
628 1242
630 1131
632 1131
634 1131
636 1131
638 1133
640 1206
642 1131
644 1130
646 1131
648 1131
650 1131
652 1167
654 1130
656 1238
658 1131
660 1132
662 1131
664 1188
666 1131
668 1131
670 1131
672 1131
674 1131
676 1131
678 1131
680 1131
682 1132
684 1163
686 1271
688 1133
690 1131
692 1131
694 1130
696 1183
698 1131
700 1131
702 1131
704 1132
706 1131
708 1131
710 1132
712 1132
714 1131
716 1131
718 1131
720 1131
722 1131
724 1131
726 1131
728 1167
730 1131
732 1131
734 1131
736 1131
738 1132
740 1131
742 1308
744 1131
746 1168
748 1131
750 1132
752 1134
754 1131
756 1132
758 1131
760 1131
762 1131
764 1133
766 1132
768 1131
770 1131
772 1131
774 1131
776 1130
778 1129
780 1129
782 1131
784 1131
786 1131
788 1131
790 1131
792 1131
794 1131
796 1131
798 1133
800 1133
802 1132
804 1133
806 1201
808 1132
810 1163
812 1131
814 1131
816 1131
818 1131
820 1132
822 1167
824 1131
826 1131
828 1131
830 1131
832 1131
834 1131
836 1242
838 1131
840 1172
842 1159
844 1159
846 1229
848 1160
850 1159
852 1163
854 1195
856 1197
858 1158
860 1159
862 1162
864 1159
866 1159
868 1201
870 1160
872 1160
874 1160
876 1160
878 1254
880 1288
882 1129
884 1312
886 1129
888 1349
890 1165
892 1272
894 1162
896 1160
898 1160
900 1159
902 1235
904 1279
906 1219
908 1161
910 1161
912 1161
914 1161
916 1159
918 1159
920 1261
922 1190
924 1252
926 1163
928 1161
930 1161
932 1145
934 1132
936 1167
938 1129
940 1197
942 1131
944 1131
946 1131
948 1149
950 1133
952 1131
954 1131
956 1131
958 1131
960 1208
962 1323
964 1133
966 1191
968 1129
970 1131
972 1205
974 1168
976 1131
978 1132
980 1130
982 1131
984 1238
986 1131
988 1131
990 1217
992 1130
994 1133
996 1169
998 1151
1000 2216
1002 2217
1004 2327
1006 2288
1008 2254
1010 2287
1012 2213
1014 2216
1016 2217
1018 2217
1020 2216
1022 2216
1024 2219
1026 2288
1028 2213
1030 2251
1032 2212
1034 2251
1036 2325
1038 2213
1040 2217
1042 2295
1044 2217
1046 2252
1048 2248
1050 2214
1052 2214
1054 2250
1056 2214
1058 2383
1060 2219
1062 2218
1064 2213
1066 2216
1068 2450
1070 2217
1072 2217
1074 2277
1076 2217
1078 2251
1080 2252
1082 2217
1084 2217
1086 2274
1088 2213
1090 2214
1092 2213
1094 2784
1096 2216
1098 2326
1100 2213
1102 2249
1104 2215
1106 2212
1108 2212
1110 2216
1112 2212
1114 2213
1116 2216
1118 2351
1120 2214
1122 2217
1124 2250
1126 2324
1128 2213
1130 2254
1132 2213
1134 2217
1136 2212
1138 2213
1140 2217
1142 2213
1144 2325
1146 2213
1148 2213
1150 2253
1152 2214
1154 2269
1156 2293
1158 2214
1160 2213
1162 2295
1164 2219
1166 2215
1168 2216
1170 2214
1172 2216
1174 2254
1176 2253
1178 2213
1180 2214
1182 2326
1184 2213
1186 2324
1188 2293
1190 2213
1192 2214
1194 2287
1196 2213
1198 2253
1200 2295
1202 2213
1204 2213
1206 2378
1208 2216
1210 2217
1212 2344
1214 2217
1216 2217
1218 2253
1220 2214
1222 2249
1224 2286
1226 2213
1228 2303
1230 2213
1232 2212
1234 2213
1236 2290
1238 2282
1240 2216
1242 2613
1244 2352
1246 2277
1248 2455
1250 2595
1252 2271
1254 2274
1256 2274
1258 2375
1260 2275
1262 2277
1264 2279
1266 2213
1268 2290
1270 2218
1272 2316
1274 2325
1276 2325
1278 2213
1280 2286
1282 2219
1284 2213
1286 2213
1288 2619
1290 2279
1292 2322
1294 2312
1296 2305
1298 2347
1300 2278
1302 2277
1304 2310
1306 2216
1308 2253
1310 2368
1312 2214
1314 2252
1316 2216
1318 2214
1320 2217
1322 2214
1324 2292
1326 2324
1328 2216
1330 2288
1332 2215
1334 2290
1336 2333
1338 2288
1340 2216
1342 2299
1344 2216
1346 2216
1348 2289
1350 2213
1352 2213
1354 2213
1356 2247
1358 2385
1360 2214
1362 2292
1364 2214
1366 2216
1368 2252
1370 2217
1372 2296
1374 2270
1376 2213
1378 2212
1380 2212
1382 2257
1384 2214
1386 2250
1388 2217
1390 2217
1392 2217
1394 2253
1396 2216
1398 2217
1400 2324
1402 2213
1404 2214
1406 2287
1408 2213
1410 2253
1412 2213
1414 2213
1416 2215
1418 2213
1420 2216
1422 2214
1424 2214
1426 2213
1428 2216
1430 2213
1432 2252
1434 2254
1436 2214
1438 2289
1440 2217
1442 2214
1444 2271
1446 2218
1448 2213
1450 2218
1452 2217
1454 2213
1456 2347
1458 2253
1460 2213
1462 2218
1464 2328
1466 2215
1468 2298
1470 2252
1472 2213
1474 2257
1476 2219
1478 2213
1480 2217
1482 2285
1484 2213
1486 2213
1488 2213
1490 2304
1492 2212
1494 2251
1496 2255
1498 2217
1500 2217
1502 2354
1504 2218
1506 2216
1508 2291
1510 2369
1512 2291
1514 2353
1516 2278
1518 2310
1520 2263
1522 2213
1524 2217
1526 2216
1528 2302
1530 2216
1532 2283
1534 2808
1536 2240
1538 2347
1540 2277
1542 2275
1544 2306
1546 2275
1548 2275
1550 2343
1552 2274
1554 2217
1556 2253
1558 2217
1560 2288
1562 2216
1564 2218
1566 2218
1568 2217
1570 2215
1572 2291
1574 2306
1576 2254
1578 2282
1580 2215
1582 2270
1584 2214
1586 2214
1588 2289
1590 2216
1592 2339
1594 2250
1596 2214
1598 2255
1600 2291
1602 2217
1604 2217
1606 2213
1608 2216
1610 2216
1612 2216
1614 2261
1616 2218
1618 2216
1620 2293
1622 2252
1624 2216
1626 2255
1628 2213
1630 2328
1632 2287
1634 2347
1636 2361
1638 2572
1640 2278
1642 2275
1644 2331
1646 2217
1648 2214
1650 2253
1652 2213
1654 2216
1656 2253
1658 2293
1660 2376
1662 2254
1664 2217
1666 2212
1668 2216
1670 2216
1672 2289
1674 2217
1676 2217
1678 2213
1680 2217
1682 2253
1684 2286
1686 2292
1688 2335
1690 2255
1692 2254
1694 2289
1696 2213
1698 2216
1700 2272
1702 2220
1704 2253
1706 2253
1708 2217
1710 2216
1712 2254
1714 2252
1716 2216
1718 2213
1720 2216
1722 2217
1724 2254
1726 2295
1728 2216
1730 2216
1732 2289
1734 2215
1736 2362
1738 2253
1740 2216
1742 2219
1744 2321
1746 2370
1748 2219
1750 2253
1752 2216
1754 2255
1756 2357
1758 2254
1760 2291
1762 2219
1764 2213
1766 2217
1768 2217
1770 2214
1772 2216
1774 2217
1776 2253
1778 2216
1780 2213
1782 2324
1784 2290
1786 2216
1788 2297
1790 2217
1792 2218
1794 2329
1796 2215
1798 2217
1800 2254
1802 2217
1804 2289
1806 2255
1808 2294
1810 2217
1812 2254
1814 2253
1816 2268
1818 2275
1820 2689
1822 2404
1824 2361
1826 2276
1828 2275
1830 2278
1832 2435
1834 2215
1836 2216
1838 2254
1840 2216
1842 2298
1844 2216
1846 2217
1848 2214
1850 2324
1852 2217
1854 2250
1856 2254
1858 2286
1860 2217
1862 2289
1864 2217
1866 2218
1868 2217
1870 2215
1872 2316
1874 2249
1876 2216
1878 2290
1880 2251
1882 2213
1884 2218
1886 2290
1888 2250
1890 2213
1892 2216
1894 2288
1896 2216
1898 2216
1900 2253
1902 2215
1904 2216
1906 2290
1908 2216
1910 2216
1912 2310
1914 2217
1916 2213
1918 2217
1920 2216
1922 2413
1924 2254
1926 2256
1928 2219
1930 2290
1932 2270
1934 2400
1936 2215
1938 2361
1940 2217
1942 2214
1944 2288
1946 2294
1948 2253
1950 2253
1952 2215
1954 2217
1956 2251
1958 2294
1960 2250
1962 2218
1964 2214
1966 2219
1968 2219
1970 2292
1972 2293
1974 2302
1976 2217
1978 2217
1980 2293
1982 2213
1984 2213
1986 2319
1988 2213
1990 2219
1992 2331
1994 2278
1996 2256
1998 2291
2000 4473
