2 217
4 200
6 197
8 185
10 185
12 183
14 185
16 174
18 175
20 175
22 172
24 173
26 173
28 171
30 171
32 172
34 172
36 171
38 172
40 172
42 170
44 171
46 168
48 170
50 171
52 170
54 204
56 178
58 177
60 174
62 183
64 190
66 192
68 191
70 190
72 190
74 189
76 188
78 190
80 188
82 188
84 188
86 188
88 188
90 188
92 226
94 189
96 188
98 189
100 188
102 188
104 188
106 188
108 188
110 188
112 188
114 188
116 188
118 188
120 188
122 188
124 188
126 242
128 243
130 243
132 241
134 280
136 241
138 241
140 240
142 241
144 241
146 241
148 240
150 241
152 241
154 241
156 240
158 240
160 241
162 241
164 243
166 240
168 247
170 247
172 260
174 241
176 242
178 241
180 347
182 292
184 234
186 235
188 234
190 235
192 234
194 234
196 235
198 234
200 271
202 235
204 235
206 384
208 235
210 235
212 234
214 235
216 315
218 256
220 295
222 255
224 297
226 334
228 253
230 257
232 250
234 248
236 249
238 248
240 250
242 248
244 248
246 249
248 251
250 376
252 376
254 376
256 372
258 370
260 370
262 371
264 371
266 400
268 379
270 396
272 359
274 360
276 360
278 360
280 449
282 384
284 381
286 371
288 369
290 369
292 370
294 372
296 378
298 374
300 492
302 373
304 372
306 371
308 372
310 370
312 371
314 370
316 370
318 374
320 371
322 371
324 370
326 369
328 369
330 369
332 369
334 370
336 369
338 369
340 359
342 360
344 360
346 360
348 360
350 361
352 360
354 360
356 362
358 360
360 360
362 360
364 375
366 360
368 360
370 360
372 360
374 360
376 359
378 350
380 350
382 350
384 351
386 350
388 351
390 351
392 350
394 350
396 350
398 350
400 352
402 351
404 352
406 351
408 351
410 351
412 351
414 350
416 360
418 417
420 360
422 360
424 351
426 350
428 350
430 351
432 350
434 350
436 371
438 360
440 359
442 359
444 360
446 359
448 359
450 359
452 360
454 359
456 350
458 350
460 351
462 350
464 350
466 351
468 351
470 388
472 351
474 418
476 361
478 360
480 376
482 360
484 351
486 350
488 351
490 351
492 351
494 351
496 351
498 350
500 629
502 592
504 593
506 593
508 592
510 593
512 667
514 593
516 593
518 594
520 594
522 593
524 613
526 609
528 608
530 593
532 593
534 593
536 629
538 593
540 594
542 592
544 593
546 594
548 630
550 593
552 594
554 593
556 592
558 593
560 629
562 647
564 608
566 609
568 593
570 593
572 665
574 593
576 593
578 593
580 593
582 592
584 666
586 592
588 593
590 593
592 594
594 593
596 593
598 593
600 593
602 593
604 609
606 610
608 610
610 593
612 593
614 592
616 593
618 593
620 610
622 594
624 593
626 593
628 593
630 700
632 670
634 609
636 608
638 594
640 593
642 667
644 701
646 593
648 666
650 593
652 593
654 593
656 630
658 593
660 593
662 592
664 664
666 593
668 640
670 608
672 593
674 594
676 672
678 664
680 629
682 592
684 593
686 592
688 593
690 593
692 593
694 593
696 593
698 593
700 593
702 593
704 593
706 592
708 593
710 593
712 592
714 593
716 593
718 593
720 593
722 592
724 593
726 594
728 592
730 593
732 593
734 593
736 593
738 593
740 593
742 593
744 593
746 593
748 595
750 593
752 593
754 593
756 592
758 592
760 593
762 593
764 593
766 700
768 593
770 594
772 593
774 593
776 593
778 763
780 666
782 717
784 609
786 608
788 609
790 609
792 609
794 592
796 644
798 595
800 593
802 593
804 609
806 645
808 608
810 636
812 608
814 681
816 610
818 609
820 608
822 608
824 608
826 592
828 592
830 593
832 592
834 592
836 593
838 676
840 610
842 609
844 609
846 609
848 608
850 608
852 608
854 608
856 609
858 609
860 609
862 650
864 608
866 608
868 608
870 647
872 625
874 609
876 738
878 592
880 608
882 608
884 608
886 609
888 608
890 648
892 609
894 628
896 609
898 609
900 621
902 676
904 593
906 668
908 594
910 593
912 670
914 647
916 593
918 666
920 593
922 592
924 593
926 592
928 592
930 592
932 592
934 594
936 593
938 593
940 665
942 593
944 593
946 593
948 593
950 593
952 592
954 592
956 593
958 592
960 592
962 592
964 593
966 592
968 593
970 592
972 593
974 593
976 592
978 593
980 592
982 592
984 593
986 592
988 593
990 592
992 593
994 593
996 613
998 593
1000 1126
1002 1125
1004 1125
1006 1124
1008 1124
1010 1124
1012 1160
1014 1123
1016 1123
1018 1203
1020 1199
1022 1123
1024 1123
1026 1159
1028 1123
1030 1123
1032 1123
1034 1194
1036 1253
1038 1204
1040 1154
1042 1154
1044 1157
1046 1127
1048 1126
1050 1126
1052 1124
1054 1124
1056 1124
1058 1128
1060 1126
1062 1126
1064 1196
1066 1161
1068 1124
1070 1198
1072 1180
1074 1124
1076 1124
1078 1125
1080 1125
1082 1125
1084 1122
1086 1124
1088 1122
1090 1122
1092 1124
1094 1363
1096 1213
1098 1124
1100 1123
1102 1159
1104 1124
1106 1124
1108 1124
1110 1123
1112 1122
1114 1124
1116 1124
1118 1124
1120 1123
1122 1122
1124 1122
1126 1160
1128 1123
1130 1123
1132 1123
1134 1233
1136 1122
1138 1122
1140 1122
1142 1122
1144 1122
1146 1146
1148 1146
1150 1331
1152 1145
1154 1217
1156 1145
1158 1145
1160 1144
1162 1144
1164 1145
1166 1181
1168 1144
1170 1145
1172 1206
1174 1283
1176 1176
1178 1218
1180 1271
1182 1148
1184 1252
1186 1177
1188 1178
1190 1176
1192 1177
1194 1174
1196 1144
1198 1144
1200 1144
1202 1218
1204 1145
1206 1143
1208 1143
1210 1142
1212 1142
1214 1143
1216 1143
1218 1143
1220 1173
1222 1250
1224 1143
1226 1144
1228 1142
1230 1145
1232 1217
1234 1142
1236 1143
1238 1143
1240 1144
1242 1143
1244 1142
1246 1143
1248 1145
1250 1143
1252 1142
1254 1143
1256 1144
1258 1142
1260 1180
1262 1219
1264 1143
1266 1179
1268 1144
1270 1144
1272 1143
1274 1143
1276 1143
1278 1143
1280 1144
1282 1143
1284 1181
1286 1144
1288 1145
1290 1145
1292 1143
1294 1143
1296 1144
1298 1194
1300 1143
1302 1218
1304 1219
1306 1143
1308 1182
1310 1163
1312 1143
1314 1144
1316 1143
1318 1143
1320 1143
1322 1142
1324 1143
1326 1143
1328 1144
1330 1529
1332 1256
1334 1178
1336 1178
1338 1176
1340 1176
1342 1174
1344 1174
1346 1143
1348 1145
1350 1145
1352 1144
1354 1214
1356 1143
1358 1143
1360 1216
1362 1143
1364 1144
1366 1144
1368 1145
1370 1146
1372 1215
1374 1143
1376 1144
1378 1143
1380 1143
1382 1144
1384 1143
1386 1231
1388 1217
1390 1143
1392 1220
1394 1145
1396 1145
1398 1145
1400 1144
1402 1145
1404 1145
1406 1144
1408 1143
1410 1143
1412 1144
1414 1145
1416 1143
1418 1143
1420 1143
1422 1145
1424 1249
1426 1180
1428 1144
1430 1216
1432 1143
1434 1144
1436 1143
1438 1143
1440 1143
1442 1180
1444 1143
1446 1143
1448 1142
1450 1142
1452 1222
1454 1143
1456 1196
1458 1224
1460 1143
1462 1289
1464 1275
1466 1173
1468 1216
1470 1174
1472 1174
1474 1274
1476 1174
1478 1257
1480 1148
1482 1168
1484 1174
1486 1258
1488 1168
1490 1144
1492 1181
1494 1182
1496 1144
1498 1144
1500 1145
1502 1144
1504 1144
1506 1145
1508 1144
1510 1144
1512 1144
1514 1144
1516 1144
1518 1145
1520 1145
1522 1183
1524 1223
1526 1144
1528 1144
1530 1168
1532 1144
1534 1144
1536 1144
1538 1145
1540 1146
1542 1143
1544 1145
1546 1146
1548 1145
1550 1145
1552 1146
1554 1145
1556 1218
1558 1217
1560 1143
1562 1224
1564 1143
1566 1144
1568 1143
1570 1144
1572 1145
1574 1144
1576 1150
1578 1148
1580 1146
1582 1145
1584 1144
1586 1144
1588 1144
1590 1145
1592 1147
1594 1217
1596 1268
1598 1144
1600 1182
1602 1216
1604 1143
1606 1144
1608 1144
1610 1144
1612 1218
1614 1145
1616 1145
1618 1144
1620 1144
1622 1143
1624 1144
1626 1215
1628 1143
1630 1146
1632 1181
1634 1144
1636 1181
1638 1143
1640 1144
1642 1252
1644 1144
1646 1145
1648 1166
1650 1145
1652 1146
1654 1144
1656 1145
1658 1143
1660 1143
1662 1144
1664 1144
1666 1144
1668 1144
1670 1145
1672 1145
1674 1218
1676 1143
1678 1142
1680 1179
1682 1187
1684 1143
1686 1143
1688 1218
1690 1145
1692 1145
1694 1146
1696 1145
1698 1145
1700 1145
1702 1143
1704 1143
1706 1143
1708 1144
1710 1146
1712 1142
1714 1329
1716 1145
1718 1144
1720 1243
1722 1130
1724 1199
1726 1198
1728 1180
1730 1200
1732 1159
1734 1196
1736 1264
1738 1187
1740 1218
1742 1156
1744 1155
1746 1157
1748 1125
1750 1125
1752 1234
1754 1196
1756 1160
1758 1160
1760 1159
1762 1159
1764 1249
1766 1159
1768 1156
1770 1127
1772 1236
1774 1126
1776 1155
1778 1155
1780 1155
1782 1127
1784 1127
1786 1126
1788 1203
1790 1125
1792 1125
1794 1234
1796 1127
1798 1129
1800 1126
1802 1126
1804 1188
1806 1125
1808 1125
1810 1126
1812 1126
1814 1163
1816 1127
1818 1125
1820 1202
1822 1126
1824 1128
1826 1125
1828 1127
1830 1199
1832 1125
1834 1126
1836 1126
1838 1126
1840 1126
1842 1124
1844 1125
1846 1245
1848 1125
1850 1124
1852 1250
1854 1202
1856 1129
1858 1163
1860 1155
1862 1125
1864 1125
1866 1128
1868 1127
1870 1165
1872 1125
1874 1125
1876 1127
1878 1124
1880 1124
1882 1124
1884 1203
1886 1125
1888 1129
1890 1269
1892 1128
1894 1163
1896 1163
1898 1127
1900 1126
1902 1125
1904 1127
1906 1126
1908 1125
1910 1126
1912 1125
1914 1125
1916 1126
1918 1163
1920 1125
1922 1199
1924 1179
1926 1125
1928 1236
1930 1124
1932 1130
1934 1129
1936 1129
1938 1127
1940 1129
1942 1125
1944 1125
1946 1125
1948 1127
1950 1243
1952 1128
1954 1127
1956 1128
1958 1126
1960 1163
1962 1130
1964 1129
1966 1127
1968 1126
1970 1200
1972 1126
1974 1125
1976 1126
1978 1126
1980 1125
1982 1125
1984 1124
1986 1143
1988 1126
1990 1126
1992 1236
1994 1125
1996 1126
1998 1126
2000 2236
