2 272
4 249
6 252
8 233
10 231
12 231
14 236
16 221
18 218
20 217
22 216
24 216
26 215
28 215
30 216
32 217
34 215
36 214
38 244
40 197
42 178
44 176
46 175
48 177
50 176
52 174
54 176
56 174
58 175
60 202
62 202
64 209
66 208
68 207
70 207
72 206
74 207
76 207
78 206
80 209
82 206
84 206
86 205
88 206
90 206
92 206
94 205
96 205
98 208
100 189
102 189
104 189
106 189
108 210
110 189
112 190
114 189
116 189
118 190
120 210
122 189
124 189
126 244
128 244
130 243
132 242
134 243
136 242
138 242
140 242
142 242
144 242
146 243
148 242
150 242
152 245
154 246
156 244
158 243
160 243
162 243
164 244
166 244
168 242
170 244
172 245
174 370
176 236
178 236
180 244
182 241
184 279
186 243
188 242
190 242
192 242
194 242
196 284
198 242
200 242
202 242
204 242
206 242
208 283
210 264
212 257
214 282
216 266
218 258
220 342
222 291
224 283
226 252
228 251
230 251
232 249
234 251
236 252
238 271
240 255
242 254
244 250
246 251
248 250
250 387
252 390
254 429
256 390
258 485
260 376
262 376
264 376
266 377
268 494
270 392
272 376
274 401
276 414
278 386
280 387
282 390
284 392
286 386
288 387
290 386
292 390
294 387
296 386
298 386
300 387
302 396
304 387
306 387
308 386
310 386
312 386
314 388
316 386
318 386
320 400
322 387
324 400
326 391
328 388
330 388
332 387
334 387
336 387
338 388
340 390
342 390
344 386
346 388
348 387
350 386
352 386
354 386
356 386
358 386
360 386
362 386
364 386
366 375
368 376
370 376
372 376
374 376
376 376
378 377
380 413
382 378
384 366
386 366
388 367
390 366
392 366
394 366
396 366
398 366
400 366
402 366
404 366
406 366
408 366
410 366
412 366
414 366
416 403
418 366
420 366
422 366
424 366
426 366
428 387
430 367
432 367
434 367
436 367
438 367
440 368
442 367
444 367
446 366
448 367
450 367
452 367
454 367
456 366
458 443
460 366
462 367
464 366
466 367
468 366
470 366
472 366
474 476
476 366
478 366
480 376
482 376
484 376
486 377
488 377
490 376
492 376
494 376
496 376
498 366
500 628
502 627
504 626
506 626
508 628
510 627
512 627
514 627
516 626
518 627
520 643
522 644
524 644
526 646
528 700
530 626
532 626
534 627
536 626
538 626
540 628
542 644
544 644
546 644
548 643
550 730
552 683
554 643
556 643
558 643
560 643
562 642
564 643
566 643
568 643
570 643
572 644
574 627
576 627
578 627
580 701
582 626
584 627
586 628
588 626
590 627
592 686
594 681
596 643
598 643
600 647
602 626
604 664
606 627
608 626
610 626
612 626
614 670
616 662
618 661
620 660
622 695
624 627
626 629
628 708
630 627
632 627
634 627
636 627
638 626
640 627
642 627
644 627
646 627
648 628
650 627
652 627
654 643
656 643
658 659
660 626
662 626
664 626
666 626
668 626
670 626
672 642
674 650
676 627
678 627
680 626
682 627
684 627
686 701
688 663
690 628
692 626
694 626
696 626
698 704
700 627
702 627
704 644
706 645
708 627
710 643
712 626
714 628
716 627
718 626
720 626
722 627
724 626
726 627
728 626
730 628
732 627
734 654
736 628
738 627
740 626
742 627
744 627
746 790
748 716
750 703
752 629
754 628
756 646
758 643
760 644
762 643
764 643
766 642
768 643
770 646
772 645
774 644
776 627
778 752
780 719
782 627
784 627
786 627
788 786
790 682
792 930
794 628
796 643
798 647
800 644
802 644
804 643
806 643
808 643
810 643
812 644
814 643
816 644
818 627
820 644
822 644
824 661
826 644
828 644
830 683
832 643
834 684
836 643
838 643
840 642
842 643
844 680
846 642
848 644
850 643
852 643
854 643
856 829
858 663
860 644
862 643
864 642
866 642
868 642
870 723
872 643
874 642
876 643
878 642
880 654
882 628
884 627
886 627
888 626
890 628
892 627
894 626
896 626
898 626
900 627
902 626
904 627
906 627
908 626
910 626
912 628
914 664
916 628
918 627
920 702
922 627
924 628
926 627
928 626
930 626
932 627
934 626
936 627
938 627
940 627
942 627
944 628
946 626
948 627
950 627
952 627
954 627
956 626
958 627
960 627
962 626
964 626
966 665
968 626
970 705
972 626
974 626
976 663
978 626
980 625
982 626
984 626
986 626
988 628
990 627
992 627
994 627
996 627
998 627
1000 1180
1002 1180
1004 1181
1006 1180
1008 1180
1010 1217
1012 1178
1014 1178
1016 1179
1018 1178
1020 1179
1022 1178
1024 1288
1026 1178
1028 1178
1030 1252
1032 1179
1034 1178
1036 1289
1038 1178
1040 1234
1042 1178
1044 1181
1046 1178
1048 1178
1050 1180
1052 1178
1054 1178
1056 1178
1058 1180
1060 1216
1062 1177
1064 1178
1066 1178
1068 1374
1070 1178
1072 1178
1074 1285
1076 1210
1078 1211
1080 1253
1082 1178
1084 1179
1086 1291
1088 1179
1090 1317
1092 1245
1094 1209
1096 1195
1098 1255
1100 1178
1102 1178
1104 1179
1106 1178
1108 1178
1110 1178
1112 1178
1114 1177
1116 1178
1118 1179
1120 1252
1122 1253
1124 1181
1126 1252
1128 1178
1130 1179
1132 1178
1134 1177
1136 1292
1138 1133
1140 1131
1142 1192
1144 1160
1146 1160
1148 1211
1150 1419
1152 1161
1154 1160
1156 1160
1158 1161
1160 1190
1162 1162
1164 1194
1166 1160
1168 1159
1170 1163
1172 1163
1174 1195
1176 1130
1178 1167
1180 1131
1182 1167
1184 1261
1186 1129
1188 1129
1190 1213
1192 1131
1194 1129
1196 1167
1198 1130
1200 1166
1202 1206
1204 1130
1206 1129
1208 1129
1210 1129
1212 1129
1214 1165
1216 1241
1218 1130
1220 1129
1222 1186
1224 1128
1226 1128
1228 1128
1230 1129
1232 1129
1234 1223
1236 1167
1238 1129
1240 1129
1242 1128
1244 1157
1246 1129
1248 1166
1250 1129
1252 1135
1254 1206
1256 1130
1258 1132
1260 1131
1262 1210
1264 1130
1266 1130
1268 1129
1270 1131
1272 1131
1274 1131
1276 1129
1278 1129
1280 1129
1282 1129
1284 1204
1286 1167
1288 1129
1290 1129
1292 1206
1294 1130
1296 1130
1298 1131
1300 1128
1302 1129
1304 1208
1306 1127
1308 1130
1310 1128
1312 1128
1314 1160
1316 1159
1318 1158
1320 1144
1322 1128
1324 1201
1326 1167
1328 1128
1330 1165
1332 1130
1334 1128
1336 1128
1338 1166
1340 1531
1342 1153
1344 1163
1346 1164
1348 1160
1350 1160
1352 1159
1354 1208
1356 1129
1358 1129
1360 1129
1362 1129
1364 1128
1366 1128
1368 1135
1370 1133
1372 1162
1374 1162
1376 1162
1378 1206
1380 1241
1382 1129
1384 1224
1386 1203
1388 1132
1390 1133
1392 1130
1394 1129
1396 1131
1398 1285
1400 1129
1402 1129
1404 1129
1406 1130
1408 1166
1410 1129
1412 1166
1414 1130
1416 1202
1418 1240
1420 1131
1422 1131
1424 1131
1426 1129
1428 1130
1430 1129
1432 1203
1434 1130
1436 1201
1438 1397
1440 1165
1442 1158
1444 1159
1446 1249
1448 1134
1450 1129
1452 1160
1454 1188
1456 1211
1458 1134
1460 1212
1462 1170
1464 1166
1466 1130
1468 1274
1470 1131
1472 1131
1474 1132
1476 1129
1478 1174
1480 1131
1482 1130
1484 1173
1486 1130
1488 1129
1490 1130
1492 1130
1494 1166
1496 1130
1498 1130
1500 1264
1502 1167
1504 1131
1506 1165
1508 1128
1510 1133
1512 1132
1514 1198
1516 1131
1518 1131
1520 1168
1522 1130
1524 1130
1526 1206
1528 1130
1530 1130
1532 1148
1534 1131
1536 1131
1538 1166
1540 1130
1542 1131
1544 1276
1546 1130
1548 1130
1550 1129
1552 1130
1554 1130
1556 1129
1558 1167
1560 1129
1562 1129
1564 1128
1566 1166
1568 1130
1570 1128
1572 1129
1574 1129
1576 1166
1578 1131
1580 1128
1582 1300
1584 1132
1586 1131
1588 1132
1590 1130
1592 1130
1594 1131
1596 1207
1598 1129
1600 1174
1602 1162
1604 1161
1606 1160
1608 1131
1610 1131
1612 1129
1614 1203
1616 1166
1618 1132
1620 1170
1622 1131
1624 1131
1626 1166
1628 1131
1630 1130
1632 1130
1634 1131
1636 1129
1638 1167
1640 1132
1642 1131
1644 1167
1646 1165
1648 1129
1650 1128
1652 1239
1654 1128
1656 1129
1658 1165
1660 1130
1662 1244
1664 1129
1666 1130
1668 1131
1670 1128
1672 1129
1674 1130
1676 1130
1678 1166
1680 1129
1682 1129
1684 1145
1686 1130
1688 1129
1690 1166
1692 1132
1694 1167
1696 1186
1698 1215
1700 1131
1702 1130
1704 1131
1706 1204
1708 1131
1710 1145
1712 1129
1714 1136
1716 1134
1718 1204
1720 1164
1722 1268
1724 1165
1726 1222
1728 1316
1730 1246
1732 1165
1734 1211
1736 1270
1738 1134
1740 1164
1742 1309
1744 1166
1746 1173
1748 1135
1750 1134
1752 1207
1754 1133
1756 1191
1758 1170
1760 1132
1762 1134
1764 1247
1766 1276
1768 1133
1770 1133
1772 1132
1774 1132
1776 1152
1778 1132
1780 1132
1782 1134
1784 1259
1786 1181
1788 1239
1790 1237
1792 1164
1794 1163
1796 1219
1798 1165
1800 1203
1802 1161
1804 1230
1806 1134
1808 1133
1810 1132
1812 1132
1814 1134
1816 1133
1818 1169
1820 1132
1822 1132
1824 1132
1826 1132
1828 1132
1830 1152
1832 1206
1834 1208
1836 1207
1838 1210
1840 1169
1842 1165
1844 1233
1846 1163
1848 1228
1850 1207
1852 1134
1854 1135
1856 1169
1858 1131
1860 1210
1862 1131
1864 1132
1866 1132
1868 1132
1870 1300
1872 1134
1874 1134
1876 1161
1878 1167
1880 1165
1882 1150
1884 1133
1886 1135
1888 1132
1890 1132
1892 1172
1894 1169
1896 1132
1898 1131
1900 1210
1902 1133
1904 1133
1906 1231
1908 1162
1910 1199
1912 1134
1914 1167
1916 1131
1918 1131
1920 1132
1922 1132
1924 1132
1926 1133
1928 1236
1930 1132
1932 1171
1934 1132
1936 1132
1938 1191
1940 1133
1942 1170
1944 1172
1946 1132
1948 1131
1950 1131
1952 1133
1954 1133
1956 1149
1958 1133
1960 1133
1962 1133
1964 1132
1966 1131
1968 1131
1970 1224
1972 1132
1974 1132
1976 1132
1978 1132
1980 1243
1982 1168
1984 1208
1986 1133
1988 1170
1990 1134
1992 1132
1994 1132
1996 1133
1998 1132
2000 2247
