2 282
4 253
6 252
8 248
10 256
12 231
14 231
16 252
18 250
20 251
22 257
24 214
26 214
28 213
30 213
32 270
34 270
36 269
38 269
40 207
42 206
44 208
46 207
48 205
50 208
52 207
54 207
56 207
58 207
60 206
62 254
64 302
66 295
68 252
70 253
72 253
74 252
76 253
78 253
80 253
82 252
84 252
86 252
88 256
90 252
92 252
94 252
96 253
98 253
100 252
102 223
104 224
106 225
108 224
110 224
112 224
114 224
116 224
118 224
120 224
122 224
124 223
126 366
128 366
130 366
132 366
134 366
136 366
138 366
140 366
142 366
144 366
146 366
148 357
150 337
152 337
154 338
156 338
158 337
160 379
162 451
164 494
166 329
168 329
170 329
172 329
174 329
176 429
178 337
180 337
182 337
184 338
186 337
188 337
190 337
192 337
194 337
196 337
198 468
200 340
202 357
204 338
206 339
208 337
210 337
212 337
214 337
216 337
218 337
220 337
222 337
224 375
226 338
228 337
230 337
232 336
234 337
236 339
238 338
240 337
242 338
244 338
246 338
248 338
250 610
252 653
254 741
256 702
258 692
260 669
262 608
264 608
266 608
268 608
270 608
272 611
274 609
276 612
278 593
280 691
282 594
284 593
286 720
288 594
290 593
292 593
294 593
296 609
298 609
300 609
302 609
304 609
306 609
308 609
310 609
312 609
314 651
316 594
318 594
320 594
322 732
324 593
326 593
328 593
330 633
332 593
334 667
336 592
338 592
340 593
342 593
344 593
346 593
348 594
350 593
352 593
354 595
356 668
358 593
360 593
362 593
364 659
366 593
368 593
370 593
372 630
374 594
376 592
378 630
380 593
382 593
384 592
386 592
388 593
390 592
392 592
394 592
396 630
398 592
400 592
402 593
404 593
406 593
408 593
410 593
412 593
414 593
416 592
418 609
420 616
422 593
424 594
426 594
428 594
430 591
432 595
434 594
436 591
438 594
440 594
442 592
444 593
446 593
448 592
450 591
452 667
454 593
456 592
458 634
460 594
462 679
464 593
466 593
468 593
470 629
472 592
474 592
476 593
478 593
480 592
482 593
484 591
486 594
488 594
490 595
492 594
494 669
496 593
498 593
500 1447
502 5836
504 1826
506 1795
508 1467
510 1233
512 1240
514 1195
516 1250
518 1162
520 1162
522 1162
524 1163
526 1309
528 1161
530 1162
532 1161
534 1161
536 1163
538 1161
540 1150
542 1133
544 1133
546 1133
548 1132
550 1133
552 1132
554 1131
556 1131
558 1131
560 1131
562 1131
564 1242
566 1131
568 1132
570 1131
572 1131
574 1131
576 1232
578 1131
580 1131
582 1266
584 1131
586 1131
588 1241
590 1131
592 1134
594 1205
596 1206
598 1131
600 1130
602 1130
604 1130
606 1130
608 1131
610 1131
612 1243
614 1134
616 1132
618 1131
620 1131
622 1131
624 1167
626 1131
628 1129
630 1131
632 1131
634 1131
636 1207
638 1131
640 1204
642 1168
644 1130
646 1131
648 1200
650 1131
652 1131
654 1131
656 1297
658 1526
660 1351
662 1294
664 1219
666 1373
668 1193
670 1193
672 1192
674 1193
676 1195
678 1192
680 1201
682 1191
684 1198
686 1192
688 1177
690 1161
692 1163
694 1161
696 1213
698 1161
700 1161
702 1163
704 1197
706 1163
708 1162
710 1131
712 1132
714 1130
716 1130
718 1130
720 1131
722 1130
724 1166
726 1237
728 1131
730 1131
732 1131
734 1168
736 1169
738 1132
740 1131
742 1131
744 1131
746 1206
748 1168
750 1131
752 1131
754 1131
756 1171
758 1132
760 1169
762 1132
764 1228
766 1132
768 1131
770 1133
772 1220
774 1204
776 1162
778 1161
780 1303
782 1161
784 1175
786 1253
788 1129
790 1128
792 1130
794 1130
796 1260
798 1162
800 1158
802 1158
804 1162
806 1161
808 1290
810 1129
812 1129
814 1129
816 1131
818 1131
820 1168
822 1131
824 1129
826 1131
828 1132
830 1206
832 1168
834 1128
836 1131
838 1131
840 1169
842 1132
844 1167
846 1131
848 1131
850 1132
852 1131
854 1131
856 1206
858 1168
860 1129
862 1129
864 1208
866 1130
868 1168
870 1130
872 1169
874 1132
876 1308
878 1237
880 1223
882 1163
884 1165
886 1165
888 1161
890 1197
892 1295
894 1252
896 1161
898 1161
900 1256
902 1161
904 1257
906 1161
908 1161
910 1161
912 1177
914 1161
916 1196
918 1343
920 1166
922 1236
924 1161
926 1161
928 1178
930 1163
932 1353
934 1330
936 1200
938 1201
940 1196
942 1207
944 1320
946 1208
948 1193
950 1196
952 1253
954 1199
956 1196
958 1198
960 1196
962 1190
964 1252
966 1194
968 1222
970 1192
972 1202
974 1194
976 1194
978 1192
980 1192
982 1193
984 1182
986 1178
988 1161
990 1161
992 1160
994 1171
996 1132
998 1197
1000 2338
1002 2294
1004 2213
1006 2215
1008 2212
1010 2217
1012 2233
1014 2290
1016 2219
1018 2342
1020 2310
1022 2268
1024 2251
1026 2215
1028 2213
1030 2359
1032 2253
1034 2215
1036 2232
1038 2218
1040 2217
1042 2214
1044 2215
1046 2216
1048 2212
1050 2368
1052 2217
1054 2216
1056 2328
1058 2219
1060 2255
1062 2324
1064 2215
1066 2218
1068 2327
1070 2213
1072 2254
1074 2254
1076 2214
1078 2304
1080 2294
1082 2214
1084 2256
1086 2219
1088 2287
1090 2217
1092 2255
1094 2216
1096 2216
1098 2253
1100 2232
1102 2218
1104 2402
1106 2252
1108 2403
1110 2216
1112 2288
1114 2216
1116 2289
1118 2290
1120 2406
1122 2217
1124 2274
1126 2217
1128 2215
1130 2216
1132 2213
1134 2215
1136 2217
1138 2213
1140 2216
1142 2216
1144 2287
1146 2218
1148 2217
1150 2346
1152 2254
1154 2255
1156 2291
1158 2218
1160 2219
1162 2254
1164 2293
1166 2219
1168 2255
1170 2253
1172 2214
1174 2216
1176 2218
1178 2329
1180 2307
1182 2430
1184 2274
1186 2267
1188 2216
1190 2215
1192 2293
1194 2253
1196 2213
1198 2217
1200 2252
1202 2215
1204 2216
1206 2298
1208 2215
1210 2216
1212 2216
1214 2215
1216 2252
1218 2216
1220 2213
1222 2215
1224 2216
1226 2215
1228 2579
1230 2216
1232 2256
1234 2325
1236 2275
1238 2345
1240 2304
1242 2277
1244 2341
1246 2216
1248 2404
1250 2317
1252 2277
1254 2282
1256 2250
1258 2250
1260 2217
1262 2251
1264 2213
1266 2254
1268 2335
1270 2221
1272 2217
1274 2346
1276 2217
1278 2291
1280 2252
1282 2216
1284 2236
1286 2235
1288 2215
1290 2217
1292 2216
1294 2216
1296 2363
1298 2217
1300 2233
1302 2361
1304 2309
1306 2414
1308 2217
1310 2217
1312 2253
1314 2215
1316 2217
1318 2291
1320 2218
1322 2213
1324 2289
1326 2216
1328 2290
1330 2255
1332 2215
1334 2215
1336 2216
1338 2216
1340 2216
1342 2327
1344 2214
1346 2450
1348 2548
1350 2217
1352 2268
1354 2320
1356 2274
1358 2240
1360 2217
1362 2254
1364 2219
1366 2219
1368 2329
1370 2216
1372 2213
1374 2253
1376 2217
1378 2215
1380 2216
1382 2216
1384 2216
1386 2216
1388 2292
1390 2216
1392 2406
1394 2287
1396 2217
1398 2218
1400 2287
1402 2216
1404 2218
1406 2373
1408 2216
1410 2215
1412 2308
1414 2331
1416 2217
1418 2324
1420 2213
1422 2217
1424 2293
1426 2213
1428 2218
1430 2217
1432 2216
1434 2217
1436 2252
1438 2291
1440 2253
1442 2216
1444 2271
1446 2258
1448 2216
1450 2252
1452 2216
1454 2250
1456 2219
1458 2213
1460 2254
1462 2217
1464 2214
1466 2290
1468 2216
1470 2305
1472 2216
1474 2408
1476 2273
1478 2215
1480 2216
1482 2251
1484 2289
1486 2215
1488 2252
1490 2215
1492 2217
1494 2216
1496 2212
1498 2292
1500 2216
1502 2250
1504 2215
1506 2286
1508 2253
1510 2216
1512 2216
1514 2287
1516 2690
1518 2335
1520 2314
1522 2370
1524 2275
1526 2347
1528 2305
1530 2311
1532 2410
1534 2217
1536 2452
1538 2315
1540 2313
1542 2274
1544 2274
1546 2274
1548 2250
1550 2297
1552 2214
1554 2328
1556 2216
1558 2217
1560 2216
1562 2249
1564 2255
1566 2217
1568 2288
1570 2251
1572 2216
1574 2255
1576 2273
1578 2254
1580 2213
1582 2330
1584 2217
1586 2273
1588 2219
1590 2232
1592 2217
1594 2300
1596 2213
1598 2216
1600 2218
1602 2254
1604 2214
1606 2217
1608 2253
1610 2254
1612 2220
1614 2253
1616 2212
1618 2255
1620 2213
1622 2216
1624 2296
1626 2216
1628 2216
1630 2216
1632 2213
1634 2255
1636 2217
1638 2295
1640 2252
1642 2288
1644 2216
1646 2253
1648 2216
1650 2327
1652 2315
1654 2289
1656 2217
1658 2218
1660 2214
1662 2288
1664 2218
1666 2704
1668 2375
1670 2273
1672 2274
1674 2275
1676 2276
1678 2345
1680 2275
1682 2500
1684 2306
1686 2216
1688 2217
1690 2329
1692 2216
1694 2306
1696 2252
1698 2217
1700 2215
1702 2324
1704 2216
1706 2216
1708 2217
1710 2361
1712 2312
1714 2217
1716 2290
1718 2216
1720 2294
1722 2216
1724 2216
1726 2216
1728 2291
1730 2292
1732 2217
1734 2292
1736 2290
1738 2217
1740 2368
1742 2334
1744 2342
1746 2348
1748 2388
1750 2241
1752 2292
1754 2300
1756 2217
1758 2216
1760 2217
1762 2217
1764 2216
1766 2217
1768 2330
1770 2219
1772 2423
1774 2256
1776 2219
1778 2290
1780 2216
1782 2213
1784 2252
1786 2289
1788 2213
1790 2254
1792 2217
1794 2251
1796 2217
1798 2219
1800 2292
1802 2219
1804 2216
1806 2682
1808 2495
1810 2359
1812 2277
1814 2279
1816 2304
1818 2396
1820 2219
1822 2213
1824 2218
1826 2529
1828 2262
1830 2216
1832 2313
1834 2219
1836 2219
1838 2218
1840 2220
1842 2407
1844 2218
1846 2217
1848 2330
1850 2219
1852 2251
1854 2217
1856 2291
1858 2253
1860 2252
1862 2219
1864 2275
1866 2221
1868 2215
1870 2327
1872 2218
1874 2216
1876 2216
1878 2216
1880 2216
1882 2291
1884 2289
1886 2385
1888 2216
1890 2254
1892 2251
1894 2214
1896 2329
1898 2217
1900 2253
1902 2289
1904 2216
1906 2218
1908 2253
1910 2215
1912 2216
1914 2216
1916 2216
1918 2218
1920 2217
1922 2295
1924 2294
1926 2217
1928 2255
1930 2216
1932 2290
1934 2249
1936 2216
1938 2289
1940 2216
1942 2213
1944 2215
1946 2363
1948 2216
1950 2217
1952 2216
1954 2251
1956 2287
1958 2216
1960 2251
1962 2217
1964 2254
1966 2255
1968 2214
1970 2216
1972 2327
1974 2218
1976 2216
1978 2217
1980 2327
1982 2216
1984 2216
1986 2290
1988 2254
1990 2217
1992 2402
1994 2254
1996 2216
1998 2255
2000 4401
