2 128
4 116
6 115
8 112
10 111
12 112
14 112
16 122
18 122
20 122
22 122
24 122
26 122
28 122
30 122
32 154
34 153
36 154
38 154
40 154
42 192
44 155
46 154
48 141
50 142
52 142
54 141
56 142
58 142
60 142
62 174
64 205
66 206
68 206
70 206
72 206
74 206
76 206
78 206
80 206
82 206
84 206
86 206
88 206
90 206
92 206
94 206
96 206
98 206
100 206
102 206
104 206
106 206
108 206
110 225
112 205
114 206
116 206
118 206
120 206
122 206
124 206
126 376
128 338
130 337
132 337
134 338
136 338
138 338
140 338
142 338
144 338
146 338
148 378
150 337
152 337
154 337
156 337
158 337
160 375
162 337
164 337
166 337
168 338
170 338
172 338
174 355
176 385
178 329
180 403
182 329
184 329
186 390
188 328
190 328
192 345
194 328
196 345
198 438
200 338
202 339
204 337
206 338
208 341
210 357
212 380
214 337
216 337
218 337
220 337
222 337
224 337
226 337
228 337
230 337
232 337
234 337
236 337
238 337
240 337
242 337
244 337
246 337
248 337
250 609
252 631
254 609
256 610
258 610
260 610
262 609
264 607
266 610
268 610
270 607
272 622
274 593
276 595
278 593
280 593
282 593
284 593
286 593
288 629
290 611
292 593
294 593
296 594
298 593
300 593
302 593
304 594
306 593
308 593
310 593
312 593
314 593
316 593
318 593
320 593
322 593
324 593
326 592
328 593
330 650
332 593
334 592
336 630
338 593
340 593
342 593
344 593
346 593
348 594
350 699
352 593
354 594
356 594
358 593
360 594
362 593
364 594
366 593
368 593
370 593
372 593
374 679
376 593
378 593
380 593
382 593
384 593
386 593
388 592
390 594
392 684
394 593
396 632
398 670
400 594
402 594
404 594
406 594
408 666
410 593
412 594
414 664
416 593
418 592
420 594
422 594
424 593
426 594
428 593
430 593
432 595
434 592
436 592
438 592
440 592
442 593
444 592
446 592
448 593
450 593
452 592
454 592
456 629
458 593
460 593
462 593
464 593
466 593
468 592
470 593
472 593
474 593
476 593
478 630
480 593
482 594
484 666
486 594
488 594
490 595
492 591
494 594
496 629
498 592
500 1149
502 1129
504 1131
506 1130
508 1131
510 1131
512 1204
514 1131
516 1132
518 1166
520 1265
522 1129
524 1449
526 1273
528 1161
530 1273
532 1161
534 1246
536 1162
538 1163
540 1162
542 1162
544 1189
546 1161
548 1161
550 1242
552 1197
554 1208
556 1203
558 1163
560 1164
562 1222
564 1161
566 1280
568 1159
570 1162
572 1161
574 1161
576 1161
578 1161
580 1161
582 1162
584 1161
586 1162
588 1162
590 1131
592 1239
594 1131
596 1131
598 1131
600 1131
602 1129
604 1169
606 1168
608 1153
610 1170
612 1131
614 1132
616 1242
618 1133
620 1131
622 1131
624 1235
626 1131
628 1170
630 1132
632 1129
634 1131
636 1131
638 1132
640 1337
642 1130
644 1132
646 1131
648 1131
650 1129
652 1177
654 1131
656 1131
658 1131
660 1130
662 1131
664 1205
666 1131
668 1131
670 1130
672 1131
674 1174
676 1131
678 1132
680 1131
682 1245
684 1211
686 1131
688 1131
690 1131
692 1132
694 1131
696 1133
698 1131
700 1130
702 1131
704 1131
706 1131
708 1131
710 1131
712 1203
714 1133
716 1133
718 1134
720 1133
722 1131
724 1131
726 1131
728 1166
730 1130
732 1279
734 1132
736 1132
738 1133
740 1208
742 1133
744 1169
746 1132
748 1132
750 1131
752 1712
754 1257
756 1161
758 1160
760 1164
762 1159
764 1160
766 1260
768 1346
770 1165
772 1262
774 1229
776 1161
778 1231
780 1161
782 1165
784 1288
786 1167
788 1131
790 1283
792 1131
794 1160
796 1162
798 1158
800 1163
802 1162
804 1162
806 1133
808 1132
810 1131
812 1131
814 1205
816 1204
818 1150
820 1130
822 1131
824 1131
826 1130
828 1132
830 1130
832 1130
834 1131
836 1198
838 1160
840 1199
842 1192
844 1159
846 1159
848 1201
850 1163
852 1201
854 1200
856 1162
858 1199
860 1201
862 1158
864 1200
866 1162
868 1162
870 1160
872 1344
874 1207
876 1131
878 1311
880 1153
882 1229
884 1203
886 1314
888 1158
890 1161
892 1162
894 1161
896 1160
898 1161
900 1161
902 1197
904 1233
906 1159
908 1160
910 1199
912 1169
914 1132
916 1131
918 1151
920 1131
922 1131
924 1132
926 1131
928 1130
930 1130
932 1131
934 1270
936 1206
938 1132
940 1131
942 1131
944 1130
946 1241
948 1132
950 1132
952 1132
954 1133
956 1133
958 1135
960 1133
962 1207
964 1171
966 1132
968 1288
970 1132
972 1133
974 1132
976 1132
978 1168
980 1133
982 1132
984 1131
986 1131
988 1131
990 1131
992 1131
994 1131
996 1131
998 1131
1000 2217
1002 2216
1004 2216
1006 2217
1008 2327
1010 2217
1012 2218
1014 2252
1016 2216
1018 2255
1020 2254
1022 2217
1024 2217
1026 2387
1028 2220
1030 2289
1032 2213
1034 2219
1036 2218
1038 2379
1040 2403
1042 2310
1044 2306
1046 2303
1048 2275
1050 2275
1052 2215
1054 2320
1056 2218
1058 2214
1060 2260
1062 2213
1064 2249
1066 2215
1068 2216
1070 2253
1072 2291
1074 2218
1076 2288
1078 2292
1080 2267
1082 2219
1084 2216
1086 2217
1088 2219
1090 2292
1092 2291
1094 2219
1096 2289
1098 2213
1100 2212
1102 2287
1104 2215
1106 2255
1108 2251
1110 2344
1112 2255
1114 2256
1116 2444
1118 2292
1120 2244
1122 2271
1124 2279
1126 2263
1128 2213
1130 2220
1132 2219
1134 2303
1136 2327
1138 2217
1140 2253
1142 2218
1144 2216
1146 2251
1148 2220
1150 2291
1152 2435
1154 2219
1156 2254
1158 2212
1160 2252
1162 2216
1164 2290
1166 2287
1168 2216
1170 2289
1172 2250
1174 2337
1176 2256
1178 2405
1180 2276
1182 2276
1184 2293
1186 2219
1188 2220
1190 2250
1192 2298
1194 2218
1196 2275
1198 2276
1200 2219
1202 2213
1204 2213
1206 2291
1208 2253
1210 2255
1212 2218
1214 2219
1216 2289
1218 2216
1220 2213
1222 2253
1224 2216
1226 2216
1228 2217
1230 2216
1232 2290
1234 2332
1236 2217
1238 2217
1240 2215
1242 2253
1244 2213
1246 2218
1248 2363
1250 2215
1252 2216
1254 2250
1256 2253
1258 2911
1260 2547
1262 2365
1264 2359
1266 2336
1268 2336
1270 2275
1272 2270
1274 2314
1276 2249
1278 2297
1280 2217
1282 2212
1284 2395
1286 2537
1288 2216
1290 2217
1292 2421
1294 2277
1296 2278
1298 2244
1300 2253
1302 2252
1304 2252
1306 2217
1308 2352
1310 2218
1312 2295
1314 2331
1316 2290
1318 2217
1320 2253
1322 2216
1324 2707
1326 2508
1328 2315
1330 2314
1332 2277
1334 2313
1336 2372
1338 2307
1340 2310
1342 2284
1344 2293
1346 2302
1348 2253
1350 2295
1352 2219
1354 2291
1356 2252
1358 2213
1360 2216
1362 2216
1364 2215
1366 2263
1368 2217
1370 2292
1372 2217
1374 2214
1376 2284
1378 2215
1380 2213
1382 2254
1384 2216
1386 2251
1388 2252
1390 2217
1392 2377
1394 2292
1396 2217
1398 2289
1400 2218
1402 2213
1404 2216
1406 2253
1408 2373
1410 2219
1412 2293
1414 2255
1416 2219
1418 2254
1420 2253
1422 2253
1424 2219
1426 2255
1428 2218
1430 2213
1432 2220
1434 2217
1436 2216
1438 2216
1440 2308
1442 2255
1444 2216
1446 2254
1448 2217
1450 2216
1452 2254
1454 2212
1456 2292
1458 2291
1460 2216
1462 2213
1464 2253
1466 2216
1468 2286
1470 2332
1472 2216
1474 2216
1476 2216
1478 2253
1480 2339
1482 2219
1484 2254
1486 2274
1488 2219
1490 2289
1492 2219
1494 2219
1496 2219
1498 2216
1500 2216
1502 2295
1504 2216
1506 2216
1508 2216
1510 2253
1512 2325
1514 2216
1516 2289
1518 2214
1520 2218
1522 2250
1524 2425
1526 2217
1528 2216
1530 2218
1532 2217
1534 2288
1536 2298
1538 2219
1540 2220
1542 2255
1544 2218
1546 2216
1548 2326
1550 2216
1552 2295
1554 2251
1556 2216
1558 2217
1560 2294
1562 2217
1564 2216
1566 2289
1568 2215
1570 2216
1572 2215
1574 2327
1576 2220
1578 2220
1580 2252
1582 2217
1584 2252
1586 2295
1588 2347
1590 2216
1592 2289
1594 2214
1596 2213
1598 2290
1600 2597
1602 2255
1604 2253
1606 2219
1608 2254
1610 2375
1612 2397
1614 2216
1616 2636
1618 2276
1620 2275
1622 2347
1624 2314
1626 2337
1628 2377
1630 2368
1632 2274
1634 2279
1636 2275
1638 2256
1640 2217
1642 2213
1644 2217
1646 2216
1648 2253
1650 2291
1652 2217
1654 2255
1656 2216
1658 2213
1660 2251
1662 2214
1664 2304
1666 2251
1668 2255
1670 2216
1672 2217
1674 2293
1676 2217
1678 2289
1680 2360
1682 2216
1684 2215
1686 2218
1688 2216
1690 2217
1692 2313
1694 2216
1696 2216
1698 2251
1700 2217
1702 2216
1704 2293
1706 2216
1708 2215
1710 2255
1712 2219
1714 2220
1716 2294
1718 2289
1720 2291
1722 2216
1724 2256
1726 2217
1728 2216
1730 2214
1732 2377
1734 2216
1736 2250
1738 2292
1740 2213
1742 2252
1744 2215
1746 2291
1748 2290
1750 2216
1752 2290
1754 2379
1756 2216
1758 2216
1760 2312
1762 2296
1764 2216
1766 2255
1768 2214
1770 2216
1772 2250
1774 2375
1776 2218
1778 2219
1780 2216
1782 2216
1784 2254
1786 2213
1788 2329
1790 2216
1792 2286
1794 2216
1796 2215
1798 2272
1800 2215
1802 2216
1804 2253
1806 2812
1808 2280
1810 2275
1812 2275
1814 2276
1816 2327
1818 2251
1820 2341
1822 2254
1824 2214
1826 2216
1828 2216
1830 2263
1832 2255
1834 2253
1836 2217
1838 2217
1840 2216
1842 2325
1844 2213
1846 2253
1848 2251
1850 2212
1852 2255
1854 2299
1856 2216
1858 2218
1860 2216
1862 2213
1864 2335
1866 2374
1868 2308
1870 2274
1872 2279
1874 2217
1876 2426
1878 2329
1880 2350
1882 2275
1884 2245
1886 2253
1888 2254
1890 2216
1892 2274
1894 2216
1896 2217
1898 2414
1900 2216
1902 2651
1904 2294
1906 2256
1908 2275
1910 2275
1912 2374
1914 2275
1916 2380
1918 2244
1920 2297
1922 2290
1924 2294
1926 2214
1928 2327
1930 2217
1932 2217
1934 2254
1936 2213
1938 2291
1940 2311
1942 2216
1944 2216
1946 2214
1948 2215
1950 2302
1952 2218
1954 2323
1956 2212
1958 2254
1960 2289
1962 2216
1964 2216
1966 2336
1968 2216
1970 2333
1972 2253
1974 2219
1976 2249
1978 2305
1980 2213
1982 2291
1984 2214
1986 2217
1988 2217
1990 2212
1992 2325
1994 2218
1996 2299
1998 2252
2000 4474
