2 115
4 104
6 103
8 101
10 100
12 100
14 100
16 109
18 109
20 109
22 109
24 109
26 109
28 109
30 109
32 138
34 138
36 138
38 138
40 138
42 138
44 138
46 138
48 138
50 137
52 138
54 213
56 146
58 142
60 142
62 174
64 206
66 206
68 206
70 206
72 206
74 206
76 206
78 206
80 206
82 206
84 206
86 206
88 206
90 206
92 206
94 224
96 206
98 206
100 206
102 206
104 206
106 206
108 206
110 206
112 206
114 206
116 206
118 265
120 242
122 206
124 206
126 338
128 338
130 338
132 338
134 377
136 337
138 337
140 337
142 337
144 337
146 337
148 337
150 337
152 356
154 338
156 338
158 338
160 338
162 338
164 356
166 337
168 374
170 337
172 337
174 337
176 337
178 337
180 338
182 339
184 443
186 328
188 328
190 330
192 329
194 330
196 345
198 328
200 387
202 329
204 328
206 480
208 337
210 337
212 337
214 337
216 337
218 433
220 359
222 389
224 349
226 389
228 460
230 350
232 351
234 348
236 352
238 352
240 351
242 351
244 351
246 357
248 369
250 655
252 637
254 641
256 636
258 629
260 628
262 628
264 626
266 659
268 631
270 626
272 625
274 626
276 658
278 626
280 626
282 626
284 628
286 692
288 632
290 629
292 669
294 636
296 628
298 633
300 633
302 626
304 624
306 625
308 654
310 627
312 627
314 625
316 626
318 626
320 626
322 626
324 626
326 626
328 625
330 626
332 638
334 609
336 607
338 609
340 609
342 628
344 610
346 610
348 611
350 609
352 610
354 631
356 687
358 631
360 593
362 593
364 593
366 593
368 593
370 593
372 593
374 593
376 593
378 610
380 610
382 649
384 608
386 654
388 607
390 593
392 592
394 593
396 592
398 667
400 749
402 594
404 594
406 593
408 593
410 594
412 593
414 593
416 593
418 593
420 593
422 593
424 593
426 630
428 593
430 668
432 611
434 591
436 594
438 594
440 644
442 609
444 609
446 609
448 609
450 609
452 621
454 593
456 593
458 593
460 632
462 592
464 593
466 593
468 594
470 593
472 593
474 593
476 593
478 668
480 592
482 630
484 593
486 593
488 593
490 593
492 593
494 593
496 593
498 593
500 1131
502 1161
504 1161
506 1161
508 1163
510 1131
512 1133
514 1133
516 1132
518 1169
520 1131
522 1131
524 1168
526 1133
528 1133
530 1205
532 1188
534 1414
536 1286
538 1226
540 1195
542 1161
544 1208
546 1180
548 1161
550 1162
552 1161
554 1161
556 1161
558 1188
560 1131
562 1161
564 1161
566 1163
568 1153
570 1168
572 1131
574 1132
576 1170
578 1131
580 1132
582 1243
584 1131
586 1131
588 1245
590 1132
592 1132
594 1194
596 1133
598 1132
600 1367
602 1242
604 1204
606 1161
608 1253
610 1160
612 1278
614 1161
616 1194
618 1161
620 1161
622 1161
624 1161
626 1161
628 1251
630 1171
632 1167
634 1131
636 1131
638 1238
640 1152
642 1161
644 1162
646 1162
648 1161
650 1161
652 1153
654 1131
656 1282
658 1133
660 1133
662 1134
664 1153
666 1131
668 1131
670 1131
672 1131
674 1131
676 1131
678 1132
680 1244
682 1130
684 1161
686 1161
688 1133
690 1133
692 1133
694 1132
696 1128
698 1133
700 1148
702 1131
704 1131
706 1169
708 1206
710 1131
712 1205
714 1287
716 1129
718 1131
720 1203
722 1131
724 1188
726 1131
728 1132
730 1130
732 1130
734 1206
736 1197
738 1132
740 1133
742 1132
744 1132
746 1133
748 1131
750 1280
752 1131
754 1131
756 1131
758 1131
760 1131
762 1131
764 1131
766 1170
768 1131
770 1131
772 1132
774 1131
776 1131
778 1131
780 1150
782 1133
784 1242
786 1131
788 1131
790 1131
792 1131
794 1132
796 1130
798 1131
800 1131
802 1130
804 1130
806 1131
808 1132
810 1168
812 1131
814 1131
816 1132
818 1131
820 1133
822 1132
824 1132
826 1132
828 1131
830 1132
832 1130
834 1205
836 1162
838 1162
840 1161
842 1162
844 1163
846 1163
848 1163
850 1163
852 1163
854 1183
856 1162
858 1161
860 1164
862 1161
864 1162
866 1200
868 1163
870 1200
872 1400
874 1131
876 1132
878 1132
880 1132
882 1161
884 1161
886 1283
888 1161
890 1160
892 1160
894 1161
896 1161
898 1197
900 1216
902 1171
904 1131
906 1130
908 1130
910 1131
912 1131
914 1131
916 1131
918 1131
920 1131
922 1132
924 1131
926 1130
928 1131
930 1131
932 1131
934 1131
936 1131
938 1133
940 1132
942 1150
944 1165
946 1133
948 1131
950 1132
952 1131
954 1132
956 1132
958 1131
960 1133
962 1133
964 1133
966 1133
968 1188
970 1339
972 1234
974 1131
976 1130
978 1131
980 1159
982 1198
984 1205
986 1160
988 1270
990 1162
992 1164
994 1162
996 1239
998 1160
1000 2274
1002 2275
1004 2273
1006 2317
1008 2215
1010 2292
1012 2218
1014 2217
1016 2254
1018 2217
1020 2219
1022 2368
1024 2305
1026 2216
1028 2216
1030 2327
1032 2253
1034 2216
1036 2215
1038 2253
1040 2289
1042 2251
1044 2372
1046 2219
1048 2212
1050 2213
1052 2291
1054 2287
1056 2213
1058 2213
1060 2253
1062 2214
1064 2291
1066 2328
1068 2214
1070 2332
1072 2216
1074 2212
1076 2255
1078 2624
1080 2540
1082 2330
1084 2273
1086 2274
1088 2305
1090 2390
1092 2429
1094 2277
1096 2274
1098 2216
1100 2305
1102 2217
1104 2334
1106 2217
1108 2216
1110 2253
1112 2301
1114 2216
1116 2326
1118 2219
1120 2258
1122 2216
1124 2235
1126 2217
1128 2217
1130 2219
1132 2255
1134 2253
1136 2252
1138 2274
1140 2216
1142 2292
1144 2288
1146 2216
1148 2252
1150 2235
1152 2218
1154 2216
1156 2216
1158 2252
1160 2216
1162 2291
1164 2218
1166 2216
1168 2326
1170 2216
1172 2283
1174 2252
1176 2216
1178 2216
1180 2253
1182 2328
1184 2216
1186 2293
1188 2218
1190 2217
1192 2251
1194 2217
1196 2217
1198 2253
1200 2288
1202 2217
1204 2289
1206 2216
1208 2217
1210 2217
1212 2253
1214 2217
1216 2218
1218 2363
1220 2256
1222 2505
1224 2274
1226 2216
1228 2218
1230 2217
1232 2291
1234 2218
1236 2252
1238 2220
1240 2220
1242 2219
1244 2254
1246 2217
1248 2216
1250 2290
1252 2220
1254 2216
1256 2276
1258 2217
1260 2216
1262 2289
1264 2217
1266 2217
1268 2253
1270 2216
1272 2216
1274 2216
1276 2337
1278 2216
1280 2384
1282 2249
1284 2252
1286 2217
1288 2367
1290 2217
1292 2218
1294 2216
1296 2219
1298 2242
1300 2291
1302 2216
1304 2250
1306 2212
1308 2326
1310 2214
1312 2216
1314 2251
1316 2252
1318 2309
1320 2274
1322 2216
1324 2253
1326 2273
1328 2215
1330 2458
1332 2316
1334 2274
1336 2275
1338 2391
1340 2273
1342 2312
1344 2275
1346 2254
1348 2215
1350 2216
1352 2255
1354 2217
1356 2216
1358 2234
1360 2289
1362 2216
1364 2288
1366 2216
1368 2693
1370 2464
1372 2275
1374 2261
1376 2279
1378 2416
1380 2489
1382 2286
1384 2216
1386 2248
1388 2383
1390 2216
1392 2303
1394 2253
1396 2217
1398 2291
1400 2218
1402 2216
1404 2274
1406 2273
1408 2274
1410 2217
1412 2216
1414 2290
1416 2216
1418 2280
1420 2274
1422 2216
1424 2218
1426 2240
1428 2235
1430 2219
1432 2278
1434 2216
1436 2217
1438 2216
1440 2217
1442 2216
1444 2219
1446 2291
1448 2218
1450 2216
1452 2252
1454 2217
1456 2218
1458 2353
1460 2218
1462 2217
1464 2290
1466 2216
1468 2216
1470 2294
1472 2217
1474 2216
1476 2333
1478 2216
1480 2213
1482 2312
1484 2213
1486 2216
1488 2290
1490 2216
1492 2216
1494 2216
1496 2217
1498 2216
1500 2219
1502 2213
1504 2287
1506 2215
1508 2253
1510 2293
1512 2219
1514 2253
1516 2217
1518 2296
1520 2215
1522 2292
1524 2213
1526 2254
1528 2293
1530 2216
1532 2288
1534 2278
1536 2252
1538 2218
1540 2293
1542 2213
1544 2216
1546 2325
1548 2216
1550 2216
1552 2294
1554 2216
1556 2217
1558 2340
1560 2217
1562 2254
1564 2291
1566 2213
1568 2329
1570 2294
1572 2276
1574 2218
1576 2329
1578 2371
1580 2275
1582 2275
1584 2272
1586 2368
1588 2219
1590 2251
1592 2329
1594 2217
1596 2257
1598 2331
1600 2234
1602 2216
1604 2282
1606 2219
1608 2219
1610 2811
1612 2216
1614 2252
1616 2253
1618 2217
1620 2216
1622 2291
1624 2213
1626 2253
1628 2217
1630 2254
1632 2253
1634 2264
1636 2253
1638 2448
1640 2217
1642 2252
1644 2215
1646 2216
1648 2272
1650 2216
1652 2216
1654 2255
1656 2249
1658 2215
1660 2217
1662 2707
1664 2401
1666 2274
1668 2393
1670 2362
1672 2276
1674 2275
1676 2300
1678 2252
1680 2213
1682 2256
1684 2215
1686 2217
1688 2217
1690 2217
1692 2291
1694 2291
1696 2216
1698 2287
1700 2213
1702 2215
1704 2217
1706 2216
1708 2288
1710 2289
1712 2215
1714 2215
1716 2250
1718 2253
1720 2371
1722 2219
1724 2249
1726 2216
1728 2217
1730 2289
1732 2296
1734 2218
1736 2216
1738 2291
1740 2218
1742 2289
1744 2250
1746 2217
1748 2252
1750 2289
1752 2293
1754 2212
1756 2251
1758 2216
1760 2216
1762 2216
1764 2218
1766 2219
1768 2216
1770 2292
1772 2215
1774 2215
1776 2252
1778 2213
1780 2292
1782 2365
1784 2216
1786 2216
1788 2218
1790 2216
1792 2322
1794 2216
1796 2307
1798 2218
1800 2294
1802 2253
1804 2213
1806 2216
1808 2252
1810 2330
1812 2274
1814 2213
1816 2331
1818 2216
1820 2216
1822 2219
1824 2326
1826 2216
1828 2272
1830 2215
1832 2215
1834 2254
1836 2218
1838 2219
1840 2334
1842 2217
1844 2216
1846 2218
1848 2219
1850 2219
1852 2220
1854 2328
1856 2214
1858 2254
1860 2284
1862 2213
1864 2216
1866 2249
1868 2436
1870 2214
1872 2216
1874 2254
1876 2299
1878 2213
1880 2213
1882 2217
1884 2219
1886 2250
1888 2218
1890 2253
1892 2290
1894 2217
1896 2216
1898 2371
1900 2218
1902 2219
1904 2220
1906 2216
1908 2291
1910 2447
1912 2339
1914 2276
1916 2318
1918 2279
1920 2276
1922 2416
1924 2277
1926 2271
1928 2276
1930 2274
1932 2275
1934 2280
1936 2217
1938 2214
1940 2216
1942 2255
1944 2328
1946 2216
1948 2217
1950 2290
1952 2290
1954 2251
1956 2631
1958 2367
1960 2417
1962 2274
1964 2273
1966 2410
1968 2234
1970 2408
1972 2233
1974 2220
1976 2216
1978 2253
1980 2219
1982 2216
1984 2291
1986 2216
1988 2213
1990 2256
1992 2216
1994 2442
1996 2217
1998 2220
2000 4548
