2 222
4 205
6 202
8 246
10 190
12 188
14 187
16 181
18 177
20 177
22 231
24 179
26 178
28 177
30 179
32 177
34 177
36 175
38 173
40 173
42 270
44 174
46 210
48 174
50 173
52 270
54 179
56 176
58 176
60 174
62 184
64 232
66 192
68 194
70 191
72 192
74 192
76 191
78 192
80 191
82 191
84 191
86 192
88 191
90 191
92 191
94 231
96 190
98 191
100 192
102 191
104 191
106 191
108 191
110 191
112 191
114 191
116 190
118 191
120 191
122 190
124 191
126 247
128 283
130 245
132 247
134 245
136 246
138 245
140 244
142 244
144 245
146 244
148 244
150 245
152 245
154 244
156 245
158 238
160 238
162 302
164 238
166 238
168 238
170 238
172 238
174 238
176 238
178 311
180 238
182 238
184 238
186 260
188 244
190 244
192 245
194 278
196 244
198 244
200 245
202 244
204 244
206 244
208 244
210 244
212 244
214 243
216 244
218 245
220 243
222 244
224 265
226 350
228 334
230 238
232 239
234 238
236 238
238 238
240 278
242 237
244 238
246 334
248 244
250 437
252 365
254 364
256 365
258 365
260 381
262 386
264 480
266 381
268 379
270 378
272 375
274 377
276 375
278 375
280 375
282 391
284 365
286 366
288 365
290 365
292 382
294 364
296 365
298 365
300 388
302 376
304 382
306 364
308 366
310 550
312 382
314 436
316 407
318 391
320 367
322 366
324 365
326 379
328 460
330 390
332 418
334 365
336 377
338 375
340 375
342 374
344 374
346 377
348 402
350 380
352 377
354 376
356 378
358 382
360 377
362 376
364 375
366 375
368 375
370 400
372 376
374 375
376 403
378 376
380 377
382 374
384 375
386 374
388 374
390 376
392 365
394 365
396 364
398 365
400 365
402 454
404 364
406 364
408 364
410 422
412 365
414 364
416 365
418 364
420 364
422 364
424 364
426 364
428 374
430 354
432 355
434 355
436 357
438 366
440 365
442 365
444 365
446 393
448 355
450 355
452 355
454 355
456 355
458 384
460 365
462 355
464 355
466 355
468 386
470 354
472 411
474 355
476 355
478 355
480 354
482 354
484 354
486 364
488 365
490 364
492 417
494 357
496 356
498 356
500 625
502 625
504 624
506 624
508 623
510 623
512 624
514 625
516 624
518 698
520 624
522 692
524 642
526 641
528 641
530 624
532 624
534 624
536 624
538 626
540 716
542 624
544 624
546 625
548 624
550 625
552 625
554 624
556 640
558 641
560 625
562 625
564 624
566 624
568 624
570 625
572 625
574 715
576 641
578 625
580 624
582 661
584 625
586 624
588 624
590 624
592 625
594 624
596 625
598 625
600 624
602 624
604 623
606 624
608 624
610 624
612 712
614 641
616 624
618 624
620 624
622 659
624 696
626 624
628 624
630 625
632 624
634 624
636 661
638 661
640 624
642 624
644 624
646 624
648 624
650 625
652 624
654 624
656 624
658 624
660 624
662 624
664 662
666 625
668 625
670 625
672 624
674 625
676 624
678 625
680 624
682 624
684 624
686 624
688 660
690 625
692 624
694 623
696 624
698 698
700 625
702 624
704 645
706 697
708 625
710 624
712 625
714 624
716 774
718 737
720 640
722 753
724 717
726 640
728 684
730 641
732 642
734 641
736 641
738 641
740 660
742 623
744 624
746 625
748 624
750 625
752 699
754 625
756 623
758 624
760 624
762 624
764 661
766 624
768 625
770 624
772 625
774 624
776 704
778 624
780 624
782 624
784 624
786 625
788 734
790 624
792 624
794 624
796 624
798 660
800 661
802 623
804 624
806 623
808 624
810 624
812 734
814 624
816 624
818 625
820 624
822 624
824 641
826 624
828 625
830 700
832 624
834 829
836 624
838 639
840 640
842 640
844 640
846 640
848 624
850 625
852 642
854 625
856 698
858 624
860 624
862 625
864 623
866 624
868 624
870 625
872 624
874 624
876 624
878 624
880 623
882 624
884 625
886 624
888 625
890 624
892 624
894 624
896 624
898 624
900 624
902 624
904 661
906 662
908 625
910 624
912 624
914 624
916 624
918 660
920 624
922 624
924 624
926 624
928 625
930 661
932 624
934 623
936 825
938 722
940 658
942 645
944 646
946 644
948 641
950 641
952 674
954 642
956 641
958 640
960 643
962 642
964 641
966 625
968 624
970 625
972 625
974 624
976 677
978 682
980 642
982 642
984 641
986 697
988 642
990 641
992 641
994 687
996 678
998 640
1000 1289
1002 1168
1004 1187
1006 1140
1008 1139
1010 1213
1012 1138
1014 1139
1016 1222
1018 1342
1020 1337
1022 1225
1024 1165
1026 1165
1028 1173
1030 1136
1032 1136
1034 1401
1036 1137
1038 1174
1040 1173
1042 1138
1044 1137
1046 1136
1048 1136
1050 1137
1052 1136
1054 1173
1056 1137
1058 1135
1060 1136
1062 1137
1064 1136
1066 1172
1068 1135
1070 1213
1072 1208
1074 1137
1076 1137
1078 1138
1080 1137
1082 1136
1084 1142
1086 1296
1088 1141
1090 1265
1092 1176
1094 1171
1096 1171
1098 1170
1100 1217
1102 1171
1104 1170
1106 1173
1108 1190
1110 1175
1112 1138
1114 1177
1116 1174
1118 1139
1120 1141
1122 1212
1124 1139
1126 1139
1128 1139
1130 1140
1132 1176
1134 1138
1136 1138
1138 1219
1140 1220
1142 1138
1144 1303
1146 1140
1148 1139
1150 1139
1152 1140
1154 1248
1156 1138
1158 1258
1160 1175
1162 1139
1164 1139
1166 1139
1168 1138
1170 1138
1172 1138
1174 1139
1176 1138
1178 1139
1180 1139
1182 1140
1184 1139
1186 1267
1188 1142
1190 1197
1192 1142
1194 1141
1196 1141
1198 1139
1200 1139
1202 1139
1204 1141
1206 1141
1208 1176
1210 1139
1212 1176
1214 1139
1216 1175
1218 1228
1220 1327
1222 1205
1224 1169
1226 1170
1228 1176
1230 1140
1232 1139
1234 1139
1236 1138
1238 1138
1240 1140
1242 1219
1244 1137
1246 1138
1248 1138
1250 1139
1252 1140
1254 1504
1256 1171
1258 1170
1260 1170
1262 1297
1264 1254
1266 1142
1268 1172
1270 1201
1272 1249
1274 1143
1276 1271
1278 1179
1280 1140
1282 1140
1284 1215
1286 1140
1288 1139
1290 1141
1292 1175
1294 1139
1296 1139
1298 1139
1300 1214
1302 1138
1304 1140
1306 1139
1308 1139
1310 1212
1312 1138
1314 1212
1316 1175
1318 1138
1320 1321
1322 1138
1324 1139
1326 1176
1328 1140
1330 1140
1332 1213
1334 1138
1336 1141
1338 1139
1340 1140
1342 1139
1344 1199
1346 1177
1348 1176
1350 1138
1352 1176
1354 1212
1356 1138
1358 1216
1360 1140
1362 1139
1364 1139
1366 1138
1368 1139
1370 1139
1372 1138
1374 1214
1376 1139
1378 1138
1380 1143
1382 1142
1384 1178
1386 1211
1388 1141
1390 1141
1392 1278
1394 1282
1396 1175
1398 1173
1400 1173
1402 1171
1404 1217
1406 1170
1408 1169
1410 1169
1412 1180
1414 1139
1416 1139
1418 1141
1420 1141
1422 1140
1424 1293
1426 1140
1428 1202
1430 1138
1432 1138
1434 1138
1436 1176
1438 1276
1440 1142
1442 1219
1444 1254
1446 1140
1448 1174
1450 1141
1452 1141
1454 1140
1456 1139
1458 1140
1460 1139
1462 1140
1464 1140
1466 1139
1468 1139
1470 1175
1472 1140
1474 1215
1476 1140
1478 1140
1480 1250
1482 1138
1484 1158
1486 1140
1488 1139
1490 1139
1492 1140
1494 1138
1496 1216
1498 1138
1500 1139
1502 1178
1504 1170
1506 1168
1508 1168
1510 1138
1512 1174
1514 1175
1516 1174
1518 1248
1520 1139
1522 1140
1524 1138
1526 1139
1528 1139
1530 1138
1532 1179
1534 1139
1536 1225
1538 1142
1540 1141
1542 1142
1544 1476
1546 1143
1548 1142
1550 1174
1552 1174
1554 1172
1556 1171
1558 1172
1560 1140
1562 1139
1564 1139
1566 1182
1568 1140
1570 1140
1572 1222
1574 1175
1576 1138
1578 1140
1580 1175
1582 1215
1584 1139
1586 1140
1588 1139
1590 1187
1592 1139
1594 1139
1596 1138
1598 1139
1600 1139
1602 1139
1604 1139
1606 1156
1608 1218
1610 1139
1612 1176
1614 1161
1616 1140
1618 1179
1620 1141
1622 1138
1624 1140
1626 1138
1628 1139
1630 1139
1632 1139
1634 1138
1636 1140
1638 1139
1640 1286
1642 1138
1644 1140
1646 1139
1648 1138
1650 1174
1652 1138
1654 1139
1656 1177
1658 1113
1660 1110
1662 1147
1664 1109
1666 1224
1668 1109
1670 1108
1672 1110
1674 1222
1676 1109
1678 1109
1680 1108
1682 1145
1684 1107
1686 1107
1688 1108
1690 1109
1692 1108
1694 1108
1696 1107
1698 1108
1700 1184
1702 1107
1704 1146
1706 1106
1708 1185
1710 1109
1712 1109
1714 1109
1716 1109
1718 1169
1720 1218
1722 1108
1724 1107
1726 1107
1728 1107
1730 1107
1732 1143
1734 1291
1736 1107
1738 1108
1740 1108
1742 1107
1744 1107
1746 1109
1748 1109
1750 1253
1752 1148
1754 1108
1756 1110
1758 1107
1760 1108
1762 1147
1764 1108
1766 1108
1768 1108
1770 1108
1772 1108
1774 1144
1776 1108
1778 1146
1780 1109
1782 1108
1784 1238
1786 1107
1788 1182
1790 1107
1792 1108
1794 1269
1796 1107
1798 1146
1800 1184
1802 1138
1804 1107
1806 1107
1808 1109
1810 1107
1812 1108
1814 1109
1816 1181
1818 1107
1820 1229
1822 1107
1824 1107
1826 1107
1828 1107
1830 1109
1832 1108
1834 1109
1836 1169
1838 1205
1840 1140
1842 1143
1844 1139
1846 1139
1848 1200
1850 1188
1852 1111
1854 1109
1856 1168
1858 1235
1860 1152
1862 1147
1864 1108
1866 1110
1868 1111
1870 1108
1872 1147
1874 1109
1876 1108
1878 1184
1880 1130
1882 1109
1884 1145
1886 1108
1888 1108
1890 1107
1892 1144
1894 1108
1896 1108
1898 1108
1900 1107
1902 1107
1904 1106
1906 1109
1908 1187
1910 1108
1912 1106
1914 1106
1916 1106
1918 1124
1920 1107
1922 1184
1924 1107
1926 1107
1928 1107
1930 1108
1932 1144
1934 1109
1936 1183
1938 1106
1940 1107
1942 1109
1944 1107
1946 1107
1948 1145
1950 1107
1952 1107
1954 1165
1956 1146
1958 1107
1960 1108
1962 1107
1964 1107
1966 1107
1968 1107
1970 1106
1972 1107
1974 1107
1976 1106
1978 1107
1980 1182
1982 1106
1984 1106
1986 1181
1988 1109
1990 1108
1992 1108
1994 1108
1996 1107
1998 1107
2000 2205
