2 216
4 199
6 196
8 187
10 183
12 261
14 185
16 177
18 175
20 173
22 173
24 174
26 172
28 172
30 172
32 192
34 172
36 171
38 171
40 170
42 170
44 170
46 170
48 169
50 168
52 169
54 225
56 196
58 179
60 176
62 187
64 193
66 194
68 195
70 191
72 191
74 191
76 190
78 190
80 190
82 190
84 190
86 190
88 191
90 190
92 190
94 190
96 192
98 193
100 190
102 190
104 190
106 190
108 190
110 190
112 190
114 193
116 192
118 190
120 190
122 190
124 206
126 249
128 246
130 270
132 244
134 244
136 244
138 244
140 245
142 269
144 237
146 237
148 237
150 238
152 238
154 238
156 237
158 237
160 238
162 238
164 297
166 237
168 239
170 237
172 238
174 238
176 238
178 237
180 238
182 256
184 275
186 238
188 238
190 290
192 244
194 244
196 244
198 244
200 244
202 244
204 244
206 244
208 244
210 245
212 244
214 280
216 244
218 244
220 244
222 244
224 244
226 244
228 350
230 332
232 238
234 237
236 238
238 238
240 238
242 282
244 238
246 274
248 237
250 370
252 370
254 369
256 369
258 370
260 370
262 368
264 368
266 368
268 368
270 371
272 369
274 369
276 369
278 369
280 369
282 369
284 368
286 369
288 371
290 369
292 369
294 369
296 369
298 369
300 369
302 369
304 369
306 380
308 435
310 360
312 359
314 360
316 359
318 359
320 359
322 359
324 359
326 359
328 434
330 360
332 359
334 359
336 360
338 359
340 360
342 360
344 432
346 352
348 352
350 352
352 351
354 351
356 352
358 351
360 351
362 371
364 401
366 362
368 361
370 398
372 360
374 361
376 360
378 361
380 362
382 360
384 363
386 362
388 360
390 360
392 360
394 360
396 360
398 360
400 361
402 360
404 360
406 360
408 360
410 360
412 361
414 360
416 439
418 360
420 360
422 352
424 351
426 351
428 351
430 353
432 351
434 350
436 351
438 351
440 351
442 351
444 351
446 422
448 351
450 350
452 424
454 351
456 351
458 351
460 350
462 352
464 353
466 351
468 351
470 351
472 350
474 351
476 387
478 350
480 350
482 416
484 352
486 352
488 352
490 351
492 351
494 395
496 414
498 395
500 631
502 630
504 633
506 630
508 635
510 717
512 614
514 614
516 616
518 616
520 666
522 631
524 631
526 629
528 630
530 698
532 653
534 614
536 614
538 614
540 636
542 630
544 629
546 631
548 630
550 629
552 688
554 614
556 614
558 614
560 614
562 687
564 614
566 614
568 614
570 613
572 690
574 613
576 613
578 614
580 614
582 630
584 616
586 643
588 613
590 613
592 614
594 614
596 615
598 614
600 614
602 615
604 656
606 614
608 614
610 614
612 689
614 614
616 615
618 701
620 693
622 636
624 649
626 712
628 630
630 630
632 630
634 630
636 631
638 650
640 613
642 614
644 614
646 615
648 616
650 675
652 614
654 613
656 613
658 689
660 613
662 651
664 615
666 614
668 613
670 615
672 668
674 613
676 614
678 614
680 650
682 613
684 614
686 614
688 614
690 616
692 615
694 614
696 614
698 614
700 614
702 614
704 614
706 614
708 614
710 613
712 614
714 616
716 615
718 614
720 613
722 613
724 614
726 614
728 614
730 687
732 614
734 614
736 616
738 614
740 634
742 614
744 615
746 614
748 614
750 634
752 614
754 613
756 613
758 613
760 614
762 614
764 614
766 614
768 614
770 613
772 614
774 614
776 614
778 614
780 614
782 613
784 616
786 614
788 614
790 644
792 630
794 632
796 630
798 629
800 629
802 614
804 614
806 615
808 614
810 614
812 614
814 651
816 615
818 614
820 614
822 652
824 614
826 613
828 614
830 614
832 614
834 614
836 614
838 615
840 613
842 614
844 615
846 614
848 614
850 614
852 614
854 614
856 614
858 672
860 615
862 615
864 698
866 614
868 613
870 614
872 651
874 614
876 675
878 614
880 614
882 652
884 614
886 614
888 657
890 613
892 633
894 614
896 615
898 614
900 615
902 615
904 615
906 614
908 615
910 614
912 651
914 688
916 614
918 613
920 688
922 614
924 650
926 614
928 614
930 614
932 614
934 614
936 653
938 614
940 614
942 688
944 614
946 613
948 633
950 614
952 613
954 651
956 614
958 614
960 686
962 615
964 614
966 614
968 614
970 614
972 672
974 614
976 614
978 690
980 652
982 614
984 651
986 718
988 631
990 632
992 630
994 631
996 668
998 651
1000 1235
1002 1178
1004 1179
1006 1220
1008 1179
1010 1179
1012 1146
1014 1146
1016 1152
1018 1150
1020 1233
1022 1356
1024 1148
1026 1180
1028 1176
1030 1180
1032 1213
1034 1240
1036 1209
1038 1180
1040 1178
1042 1186
1044 1147
1046 1147
1048 1149
1050 1147
1052 1146
1054 1146
1056 1145
1058 1223
1060 1147
1062 1148
1064 1184
1066 1146
1068 1165
1070 1147
1072 1147
1074 1147
1076 1147
1078 1146
1080 1182
1082 1243
1084 1257
1086 1145
1088 1146
1090 1147
1092 1146
1094 1146
1096 1163
1098 1146
1100 1147
1102 1146
1104 1146
1106 1148
1108 1220
1110 1147
1112 1147
1114 1182
1116 1145
1118 1145
1120 1164
1122 1227
1124 1147
1126 1183
1128 1147
1130 1147
1132 1146
1134 1167
1136 1145
1138 1145
1140 1181
1142 1146
1144 1146
1146 1182
1148 1146
1150 1146
1152 1147
1154 1182
1156 1146
1158 1146
1160 1146
1162 1147
1164 1149
1166 1145
1168 1145
1170 1182
1172 1148
1174 1146
1176 1146
1178 1146
1180 1146
1182 1145
1184 1219
1186 1203
1188 1145
1190 1255
1192 1183
1194 1230
1196 1145
1198 1145
1200 1202
1202 1146
1204 1147
1206 1146
1208 1146
1210 1148
1212 1183
1214 1144
1216 1146
1218 1145
1220 1145
1222 1223
1224 1146
1226 1145
1228 1256
1230 1145
1232 1218
1234 1147
1236 1145
1238 1147
1240 1147
1242 1145
1244 1294
1246 1146
1248 1145
1250 1220
1252 1146
1254 1146
1256 1147
1258 1146
1260 1220
1262 1164
1264 1162
1266 1253
1268 1192
1270 1191
1272 1230
1274 1189
1276 1190
1278 1191
1280 1270
1282 1159
1284 1159
1286 1159
1288 1159
1290 1161
1292 1160
1294 1234
1296 1160
1298 1239
1300 1160
1302 1194
1304 1194
1306 1240
1308 1383
1310 1473
1312 1194
1314 1192
1316 1193
1318 1192
1320 1192
1322 1192
1324 1195
1326 1194
1328 1193
1330 1233
1332 1200
1334 1235
1336 1160
1338 1160
1340 1162
1342 1161
1344 1161
1346 1177
1348 1235
1350 1159
1352 1197
1354 1229
1356 1162
1358 1217
1360 1160
1362 1163
1364 1240
1366 1161
1368 1160
1370 1160
1372 1197
1374 1160
1376 1234
1378 1159
1380 1159
1382 1159
1384 1160
1386 1160
1388 1159
1390 1159
1392 1159
1394 1159
1396 1225
1398 1159
1400 1159
1402 1270
1404 1159
1406 1159
1408 1197
1410 1159
1412 1198
1414 1161
1416 1159
1418 1159
1420 1198
1422 1160
1424 1159
1426 1159
1428 1159
1430 1159
1432 1159
1434 1196
1436 1161
1438 1160
1440 1270
1442 1160
1444 1159
1446 1323
1448 1160
1450 1192
1452 1262
1454 1192
1456 1180
1458 1159
1460 1235
1462 1161
1464 1160
1466 1233
1468 1197
1470 1160
1472 1159
1474 1197
1476 1161
1478 1159
1480 1159
1482 1161
1484 1159
1486 1160
1488 1159
1490 1193
1492 1159
1494 1159
1496 1196
1498 1159
1500 1158
1502 1268
1504 1158
1506 1197
1508 1240
1510 1159
1512 1159
1514 1160
1516 1160
1518 1159
1520 1159
1522 1161
1524 1160
1526 1196
1528 1160
1530 1158
1532 1158
1534 1271
1536 1160
1538 1160
1540 1196
1542 1161
1544 1160
1546 1196
1548 1177
1550 1159
1552 1159
1554 1158
1556 1233
1558 1159
1560 1195
1562 1160
1564 1159
1566 1158
1568 1197
1570 1234
1572 1159
1574 1159
1576 1196
1578 1195
1580 1160
1582 1159
1584 1270
1586 1159
1588 1196
1590 1233
1592 1198
1594 1160
1596 1493
1598 1161
1600 1210
1602 1163
1604 1193
1606 1220
1608 1190
1610 1163
1612 1162
1614 1193
1616 1160
1618 1200
1620 1199
1622 1159
1624 1159
1626 1197
1628 1160
1630 1234
1632 1161
1634 1158
1636 1159
1638 1160
1640 1183
1642 1159
1644 1161
1646 1197
1648 1159
1650 1159
1652 1216
1654 1159
1656 1162
1658 1160
1660 1159
1662 1159
1664 1159
1666 1234
1668 1197
1670 1159
1672 1160
1674 1196
1676 1195
1678 1159
1680 1159
1682 1159
1684 1158
1686 1158
1688 1158
1690 1176
1692 1159
1694 1160
1696 1196
1698 1158
1700 1235
1702 1159
1704 1159
1706 1296
1708 1189
1710 1189
1712 1260
1714 1159
1716 1160
1718 1158
1720 1158
1722 1163
1724 1162
1726 1160
1728 1160
1730 1160
1732 1160
1734 1197
1736 1160
1738 1161
1740 1196
1742 1160
1744 1160
1746 1235
1748 1159
1750 1160
1752 1159
1754 1196
1756 1159
1758 1159
1760 1161
1762 1159
1764 1277
1766 1292
1768 1162
1770 1307
1772 1194
1774 1193
1776 1191
1778 1191
1780 1303
1782 1200
1784 1236
1786 1221
1788 1163
1790 1160
1792 1197
1794 1218
1796 1177
1798 1235
1800 1161
1802 1291
1804 1233
1806 1159
1808 1232
1810 1229
1812 1159
1814 1159
1816 1196
1818 1159
1820 1159
1822 1158
1824 1158
1826 1158
1828 1160
1830 1159
1832 1150
1834 1151
1836 1274
1838 1200
1840 1222
1842 1261
1844 1147
1846 1184
1848 1228
1850 1197
1852 1219
1854 1179
1856 1148
1858 1185
1860 1147
1862 1184
1864 1147
1866 1147
1868 1147
1870 1147
1872 1149
1874 1149
1876 1149
1878 1147
1880 1267
1882 1286
1884 1179
1886 1181
1888 1180
1890 1179
1892 1178
1894 1148
1896 1147
1898 1147
1900 1151
1902 1150
1904 1185
1906 1149
1908 1220
1910 1147
1912 1148
1914 1182
1916 1147
1918 1147
1920 1146
1922 1268
1924 1196
1926 1149
1928 1149
1930 1148
1932 1231
1934 1149
1936 1149
1938 1237
1940 1151
1942 1219
1944 1148
1946 1149
1948 1149
1950 1153
1952 1187
1954 1148
1956 1148
1958 1220
1960 1147
1962 1150
1964 1146
1966 1147
1968 1147
1970 1147
1972 1223
1974 1148
1976 1148
1978 1242
1980 1147
1982 1148
1984 1184
1986 1146
1988 1147
1990 1185
1992 1148
1994 1147
1996 1146
1998 1146
2000 2381
