2 216
4 200
6 197
8 186
10 184
12 238
14 185
16 175
18 173
20 173
22 174
24 174
26 171
28 171
30 172
32 172
34 174
36 171
38 170
40 169
42 168
44 169
46 173
48 172
50 172
52 185
54 177
56 176
58 174
60 193
62 184
64 215
66 193
68 209
70 189
72 188
74 189
76 190
78 190
80 191
82 189
84 189
86 188
88 189
90 187
92 188
94 193
96 192
98 190
100 190
102 190
104 190
106 189
108 188
110 188
112 188
114 188
116 189
118 188
120 189
122 188
124 188
126 241
128 241
130 239
132 243
134 260
136 240
138 241
140 240
142 239
144 240
146 277
148 240
150 240
152 239
154 239
156 239
158 240
160 239
162 241
164 240
166 239
168 239
170 239
172 239
174 239
176 239
178 332
180 280
182 240
184 313
186 240
188 239
190 257
192 275
194 276
196 240
198 257
200 275
202 238
204 239
206 239
208 239
210 342
212 274
214 272
216 278
218 257
220 276
222 239
224 239
226 239
228 239
230 239
232 239
234 238
236 258
238 245
240 275
242 249
244 248
246 248
248 248
250 375
252 372
254 372
256 371
258 372
260 371
262 374
264 372
266 371
268 371
270 373
272 371
274 371
276 371
278 382
280 361
282 361
284 362
286 362
288 362
290 362
292 361
294 362
296 362
298 352
300 392
302 353
304 353
306 352
308 352
310 352
312 352
314 352
316 352
318 424
320 351
322 352
324 352
326 424
328 352
330 352
332 352
334 353
336 352
338 408
340 353
342 353
344 352
346 353
348 369
350 353
352 352
354 389
356 389
358 352
360 353
362 352
364 351
366 353
368 352
370 352
372 353
374 352
376 352
378 354
380 352
382 352
384 352
386 352
388 353
390 423
392 352
394 352
396 352
398 352
400 352
402 352
404 353
406 352
408 353
410 353
412 353
414 352
416 352
418 352
420 353
422 352
424 352
426 353
428 408
430 352
432 372
434 352
436 372
438 352
440 353
442 353
444 352
446 353
448 353
450 352
452 352
454 389
456 354
458 353
460 426
462 353
464 353
466 352
468 352
470 352
472 353
474 353
476 376
478 352
480 353
482 352
484 352
486 353
488 423
490 352
492 352
494 352
496 353
498 351
500 604
502 603
504 660
506 603
508 623
510 674
512 602
514 603
516 602
518 603
520 602
522 639
524 603
526 603
528 602
530 603
532 675
534 659
536 602
538 602
540 674
542 604
544 604
546 642
548 604
550 603
552 603
554 602
556 602
558 603
560 603
562 603
564 724
566 603
568 603
570 603
572 603
574 603
576 602
578 697
580 603
582 603
584 603
586 603
588 603
590 603
592 603
594 603
596 603
598 603
600 602
602 602
604 602
606 603
608 603
610 604
612 603
614 603
616 602
618 604
620 603
622 603
624 602
626 602
628 603
630 606
632 605
634 605
636 604
638 603
640 605
642 677
644 677
646 639
648 603
650 603
652 646
654 604
656 603
658 603
660 603
662 604
664 603
666 603
668 603
670 602
672 603
674 602
676 602
678 602
680 602
682 603
684 603
686 602
688 639
690 602
692 603
694 603
696 603
698 603
700 602
702 602
704 603
706 603
708 602
710 603
712 603
714 619
716 602
718 603
720 603
722 603
724 603
726 603
728 641
730 603
732 603
734 603
736 604
738 603
740 674
742 603
744 676
746 603
748 696
750 735
752 679
754 603
756 603
758 629
760 684
762 619
764 619
766 618
768 619
770 655
772 619
774 647
776 620
778 619
780 622
782 620
784 695
786 748
788 658
790 619
792 619
794 619
796 618
798 619
800 621
802 603
804 603
806 621
808 603
810 602
812 603
814 658
816 603
818 603
820 648
822 604
824 603
826 773
828 603
830 603
832 639
834 619
836 619
838 654
840 619
842 619
844 640
846 603
848 602
850 602
852 603
854 602
856 622
858 603
860 602
862 603
864 603
866 675
868 604
870 603
872 640
874 662
876 603
878 603
880 603
882 604
884 603
886 640
888 602
890 602
892 602
894 602
896 602
898 603
900 603
902 603
904 603
906 603
908 603
910 715
912 603
914 603
916 602
918 605
920 603
922 603
924 602
926 603
928 603
930 604
932 604
934 604
936 603
938 603
940 603
942 602
944 603
946 602
948 619
950 639
952 620
954 620
956 621
958 636
960 620
962 621
964 619
966 618
968 618
970 618
972 619
974 619
976 618
978 619
980 619
982 658
984 619
986 742
988 619
990 689
992 619
994 655
996 619
998 642
1000 1216
1002 1172
1004 1172
1006 1172
1008 1171
1010 1171
1012 1171
1014 1175
1016 1142
1018 1178
1020 1142
1022 1214
1024 1177
1026 1141
1028 1141
1030 1143
1032 1141
1034 1142
1036 1142
1038 1141
1040 1140
1042 1215
1044 1142
1046 1162
1048 1142
1050 1256
1052 1140
1054 1140
1056 1241
1058 1207
1060 1182
1062 1177
1064 1141
1066 1314
1068 1177
1070 1156
1072 1170
1074 1170
1076 1171
1078 1170
1080 1171
1082 1173
1084 1140
1086 1140
1088 1141
1090 1178
1092 1141
1094 1142
1096 1142
1098 1140
1100 1157
1102 1141
1104 1140
1106 1176
1108 1221
1110 1141
1112 1140
1114 1217
1116 1142
1118 1189
1120 1176
1122 1176
1124 1142
1126 1142
1128 1202
1130 1143
1132 1141
1134 1142
1136 1141
1138 1142
1140 1179
1142 1143
1144 1213
1146 1141
1148 1140
1150 1177
1152 1214
1154 1141
1156 1261
1158 1329
1160 1360
1162 1267
1164 1176
1166 1175
1168 1209
1170 1295
1172 1172
1174 1208
1176 1137
1178 1187
1180 1208
1182 1171
1184 1133
1186 1133
1188 1132
1190 1132
1192 1207
1194 1132
1196 1313
1198 1165
1200 1218
1202 1165
1204 1134
1206 1134
1208 1134
1210 1171
1212 1169
1214 1132
1216 1206
1218 1211
1220 1135
1222 1133
1224 1132
1226 1133
1228 1135
1230 1134
1232 1318
1234 1291
1236 1135
1238 1134
1240 1135
1242 1133
1244 1132
1246 1312
1248 1135
1250 1134
1252 1135
1254 1133
1256 1169
1258 1132
1260 1132
1262 1132
1264 1133
1266 1155
1268 1133
1270 1132
1272 1132
1274 1206
1276 1208
1278 1134
1280 1134
1282 1132
1284 1133
1286 1133
1288 1163
1290 1131
1292 1131
1294 1168
1296 1131
1298 1169
1300 1133
1302 1131
1304 1133
1306 1133
1308 1132
1310 1133
1312 1132
1314 1131
1316 1131
1318 1131
1320 1132
1322 1132
1324 1133
1326 1238
1328 1208
1330 1170
1332 1205
1334 1132
1336 1203
1338 1132
1340 1132
1342 1131
1344 1302
1346 1191
1348 1208
1350 1195
1352 1195
1354 1163
1356 1163
1358 1163
1360 1210
1362 1134
1364 1134
1366 1134
1368 1133
1370 1133
1372 1133
1374 1133
1376 1239
1378 1135
1380 1133
1382 1133
1384 1134
1386 1206
1388 1131
1390 1131
1392 1132
1394 1132
1396 1133
1398 1132
1400 1135
1402 1132
1404 1205
1406 1163
1408 1161
1410 1162
1412 1132
1414 1133
1416 1133
1418 1203
1420 1204
1422 1132
1424 1131
1426 1242
1428 1131
1430 1168
1432 1133
1434 1131
1436 1227
1438 1132
1440 1132
1442 1132
1444 1131
1446 1211
1448 1283
1450 1348
1452 1166
1454 1165
1456 1191
1458 1162
1460 1163
1462 1156
1464 1206
1466 1132
1468 1132
1470 1132
1472 1132
1474 1132
1476 1243
1478 1132
1480 1131
1482 1132
1484 1132
1486 1170
1488 1134
1490 1150
1492 1134
1494 1132
1496 1168
1498 1132
1500 1131
1502 1131
1504 1205
1506 1132
1508 1168
1510 1132
1512 1132
1514 1132
1516 1131
1518 1133
1520 1133
1522 1133
1524 1134
1526 1133
1528 1169
1530 1132
1532 1133
1534 1208
1536 1133
1538 1133
1540 1206
1542 1132
1544 1132
1546 1206
1548 1131
1550 1133
1552 1132
1554 1132
1556 1133
1558 1132
1560 1212
1562 1211
1564 1168
1566 1152
1568 1134
1570 1132
1572 1169
1574 1133
1576 1133
1578 1133
1580 1131
1582 1263
1584 1171
1586 1162
1588 1162
1590 1132
1592 1133
1594 1133
1596 1132
1598 1169
1600 1327
1602 1165
1604 1238
1606 1212
1608 1167
1610 1204
1612 1165
1614 1165
1616 1202
1618 1133
1620 1132
1622 1134
1624 1133
1626 1132
1628 1132
1630 1133
1632 1133
1634 1229
1636 1133
1638 1209
1640 1133
1642 1164
1644 1163
1646 1173
1648 1204
1650 1135
1652 1134
1654 1170
1656 1135
1658 1134
1660 1209
1662 1133
1664 1132
1666 1132
1668 1135
1670 1133
1672 1134
1674 1138
1676 1136
1678 1133
1680 1134
1682 1133
1684 1133
1686 1132
1688 1132
1690 1132
1692 1132
1694 1132
1696 1132
1698 1133
1700 1163
1702 1162
1704 1167
1706 1133
1708 1209
1710 1132
1712 1132
1714 1277
1716 1133
1718 1133
1720 1205
1722 1132
1724 1131
1726 1132
1728 1132
1730 1133
1732 1130
1734 1131
1736 1131
1738 1275
1740 1168
1742 1216
1744 1249
1746 1249
1748 1172
1750 1165
1752 1213
1754 1184
1756 1154
1758 1153
1760 1190
1762 1151
1764 1151
1766 1149
1768 1150
1770 1149
1772 1149
1774 1150
1776 1203
1778 1149
1780 1223
1782 1249
1784 1149
1786 1219
1788 1150
1790 1149
1792 1187
1794 1226
1796 1151
1798 1186
1800 1149
1802 1148
1804 1149
1806 1187
1808 1186
1810 1149
1812 1149
1814 1258
1816 1149
1818 1149
1820 1150
1822 1226
1824 1149
1826 1149
1828 1150
1830 1148
1832 1226
1834 1151
1836 1255
1838 1149
1840 1150
1842 1185
1844 1150
1846 1150
1848 1150
1850 1149
1852 1223
1854 1148
1856 1149
1858 1149
1860 1149
1862 1148
1864 1148
1866 1147
1868 1166
1870 1148
1872 1148
1874 1228
1876 1153
1878 1152
1880 1214
1882 1151
1884 1150
1886 1149
1888 1149
1890 1149
1892 1485
1894 1181
1896 1182
1898 1202
1900 1150
1902 1150
1904 1154
1906 1151
1908 1151
1910 1153
1912 1152
1914 1151
1916 1187
1918 1152
1920 1151
1922 1150
1924 1149
1926 1149
1928 1164
1930 1150
1932 1284
1934 1149
1936 1149
1938 1150
1940 1151
1942 1149
1944 1150
1946 1149
1948 1184
1950 1150
1952 1150
1954 1226
1956 1150
1958 1150
1960 1150
1962 1149
1964 1150
1966 1148
1968 1150
1970 1150
1972 1148
1974 1150
1976 1150
1978 1221
1980 1234
1982 1148
1984 1149
1986 1369
1988 1149
1990 1169
1992 1243
1994 1217
1996 1181
1998 1180
2000 2286
