2 137
4 115
6 115
8 113
10 112
12 112
14 112
16 122
18 122
20 122
22 122
24 122
26 121
28 123
30 121
32 154
34 154
36 153
38 153
40 153
42 153
44 154
46 153
48 153
50 153
52 153
54 153
56 157
58 153
60 154
62 192
64 206
66 206
68 206
70 208
72 206
74 206
76 206
78 206
80 206
82 206
84 206
86 206
88 206
90 227
92 206
94 206
96 206
98 206
100 206
102 206
104 206
106 206
108 206
110 205
112 205
114 206
116 206
118 206
120 206
122 206
124 206
126 337
128 337
130 337
132 337
134 337
136 337
138 337
140 337
142 391
144 374
146 337
148 368
150 338
152 337
154 337
156 338
158 337
160 337
162 337
164 469
166 410
168 329
170 328
172 329
174 331
176 328
178 580
180 329
182 329
184 329
186 328
188 445
190 337
192 337
194 337
196 337
198 337
200 436
202 358
204 491
206 355
208 455
210 388
212 358
214 509
216 420
218 359
220 348
222 347
224 347
226 347
228 347
230 347
232 386
234 356
236 352
238 350
240 347
242 350
244 347
246 347
248 347
250 637
252 672
254 638
256 650
258 669
260 628
262 625
264 626
266 628
268 662
270 636
272 627
274 628
276 628
278 629
280 1090
282 749
284 1535
286 1361
288 1361
290 1181
292 1157
294 1192
296 1050
298 889
300 890
302 889
304 892
306 941
308 748
310 747
312 747
314 748
316 747
318 746
320 748
322 755
324 661
326 662
328 707
330 669
332 667
334 664
336 669
338 662
340 662
342 666
344 668
346 661
348 625
350 689
352 625
354 625
356 625
358 625
360 624
362 625
364 625
366 624
368 627
370 625
372 624
374 624
376 644
378 625
380 609
382 698
384 609
386 609
388 609
390 609
392 614
394 609
396 609
398 607
400 610
402 646
404 609
406 609
408 609
410 609
412 609
414 669
416 619
418 593
420 594
422 593
424 609
426 609
428 609
430 609
432 609
434 609
436 666
438 593
440 593
442 593
444 630
446 593
448 593
450 593
452 594
454 593
456 593
458 593
460 593
462 593
464 630
466 630
468 593
470 593
472 628
474 593
476 593
478 593
480 595
482 594
484 631
486 652
488 608
490 610
492 608
494 609
496 608
498 624
500 1131
502 1131
504 1167
506 1133
508 1133
510 1132
512 1128
514 1133
516 1170
518 1129
520 1131
522 1129
524 1131
526 1130
528 1168
530 1166
532 1129
534 1223
536 1161
538 1163
540 1169
542 1207
544 1131
546 1131
548 1130
550 1328
552 1168
554 1131
556 1131
558 1131
560 1238
562 1133
564 1133
566 1132
568 1212
570 1134
572 1191
574 1161
576 1161
578 1147
580 1168
582 1180
584 1203
586 1131
588 1229
590 1131
592 1133
594 1132
596 1220
598 1132
600 1132
602 1130
604 1132
606 1132
608 1130
610 1131
612 1161
614 1151
616 1132
618 1131
620 1131
622 1167
624 1170
626 1160
628 1131
630 1131
632 1129
634 1128
636 1133
638 1207
640 1215
642 1131
644 1161
646 1132
648 1131
650 1131
652 1229
654 1131
656 1129
658 1130
660 1130
662 1131
664 1132
666 1448
668 1375
670 1161
672 1161
674 1160
676 1200
678 1202
680 1250
682 1161
684 1161
686 1161
688 1243
690 1132
692 1131
694 1131
696 1265
698 1131
700 1245
702 1201
704 1131
706 1131
708 1216
710 1130
712 1131
714 1131
716 1211
718 1133
720 1131
722 1132
724 1131
726 1169
728 1134
730 1133
732 1133
734 1132
736 1131
738 1203
740 1132
742 1133
744 1133
746 1133
748 1131
750 1207
752 1152
754 1167
756 1165
758 1241
760 1131
762 1167
764 1131
766 1132
768 1132
770 1168
772 1134
774 1132
776 1132
778 1168
780 1129
782 1167
784 1133
786 1170
788 1133
790 1133
792 1205
794 1231
796 1131
798 1161
800 1197
802 1198
804 1163
806 1162
808 1161
810 1165
812 1161
814 1161
816 1161
818 1195
820 1207
822 1163
824 1198
826 1161
828 1195
830 1161
832 1198
834 1161
836 1162
838 1161
840 1320
842 1353
844 1128
846 1317
848 1131
850 1254
852 1158
854 1313
856 1161
858 1230
860 1158
862 1161
864 1158
866 1161
868 1159
870 1159
872 1159
874 1179
876 1160
878 1161
880 1159
882 1167
884 1130
886 1165
888 1202
890 1128
892 1133
894 1423
896 1256
898 1258
900 1131
902 1161
904 1160
906 1318
908 1220
910 1216
912 1161
914 1162
916 1162
918 1195
920 1190
922 1162
924 1164
926 1205
928 1163
930 1200
932 1171
934 1219
936 1317
938 1131
940 1131
942 1192
944 1132
946 1134
948 1133
950 1132
952 1133
954 1203
956 1130
958 1132
960 1131
962 1131
964 1130
966 1167
968 1263
970 1131
972 1131
974 1131
976 1129
978 1131
980 1128
982 1173
984 1131
986 1131
988 1130
990 1171
992 1132
994 1133
996 1133
998 1133
1000 2340
1002 2216
1004 2215
1006 2288
1008 2288
1010 2214
1012 2218
1014 2216
1016 2213
1018 2217
1020 2213
1022 2216
1024 2218
1026 2292
1028 2217
1030 2216
1032 2253
1034 2217
1036 2325
1038 2292
1040 2406
1042 2216
1044 2250
1046 2411
1048 2212
1050 2216
1052 2219
1054 2219
1056 2239
1058 2298
1060 2217
1062 2697
1064 2217
1066 2245
1068 2313
1070 2274
1072 2274
1074 2274
1076 2347
1078 2286
1080 2216
1082 2255
1084 2219
1086 2261
1088 2322
1090 2215
1092 2217
1094 2215
1096 2217
1098 2290
1100 2253
1102 2322
1104 2290
1106 2213
1108 2320
1110 2444
1112 2375
1114 2275
1116 2274
1118 2320
1120 2276
1122 2362
1124 2281
1126 2274
1128 2275
1130 2219
1132 2252
1134 2383
1136 2311
1138 2278
1140 2277
1142 2301
1144 2359
1146 2365
1148 2237
1150 2276
1152 2280
1154 2410
1156 2355
1158 2325
1160 2392
1162 2339
1164 2275
1166 2277
1168 2261
1170 2413
1172 2355
1174 2219
1176 2254
1178 2436
1180 2391
1182 2435
1184 2276
1186 2274
1188 2280
1190 2309
1192 2379
1194 2276
1196 2348
1198 2254
1200 2215
1202 2253
1204 2720
1206 2380
1208 2273
1210 2309
1212 2275
1214 2277
1216 2271
1218 2341
1220 2214
1222 2213
1224 2253
1226 2217
1228 2217
1230 2217
1232 2218
1234 2288
1236 2217
1238 2220
1240 2252
1242 2216
1244 2215
1246 2251
1248 2293
1250 2217
1252 2308
1254 2217
1256 2217
1258 2217
1260 2216
1262 2216
1264 2213
1266 2289
1268 2253
1270 2216
1272 2331
1274 2217
1276 2216
1278 2325
1280 2253
1282 2216
1284 2290
1286 2253
1288 2215
1290 2253
1292 2289
1294 2219
1296 2215
1298 2216
1300 2236
1302 2217
1304 2255
1306 2216
1308 2218
1310 2252
1312 2252
1314 2215
1316 2252
1318 2215
1320 2216
1322 2329
1324 2217
1326 2217
1328 2216
1330 2218
1332 2355
1334 2264
1336 2275
1338 2274
1340 2308
1342 2277
1344 2271
1346 2216
1348 2220
1350 2218
1352 2292
1354 2254
1356 2253
1358 2254
1360 2322
1362 2254
1364 2273
1366 2253
1368 2219
1370 2221
1372 2219
1374 2216
1376 2218
1378 2216
1380 2251
1382 2220
1384 2219
1386 2214
1388 2217
1390 2299
1392 2274
1394 2647
1396 2461
1398 2274
1400 2274
1402 2275
1404 2275
1406 2357
1408 2240
1410 2291
1412 2218
1414 2275
1416 2256
1418 2253
1420 2288
1422 2255
1424 2332
1426 2253
1428 2253
1430 2217
1432 2326
1434 2304
1436 2328
1438 2290
1440 2282
1442 2781
1444 2217
1446 2256
1448 2244
1450 2213
1452 2365
1454 2213
1456 2216
1458 2215
1460 2216
1462 2311
1464 2256
1466 2216
1468 2216
1470 2216
1472 2253
1474 2375
1476 2256
1478 2286
1480 2292
1482 2217
1484 2235
1486 2217
1488 2214
1490 2252
1492 2213
1494 2295
1496 2255
1498 2217
1500 2213
1502 2250
1504 2218
1506 2364
1508 2216
1510 2218
1512 2236
1514 2217
1516 2220
1518 2213
1520 2324
1522 2315
1524 2217
1526 2213
1528 2253
1530 2216
1532 2216
1534 2327
1536 2213
1538 2216
1540 2288
1542 2220
1544 2322
1546 2251
1548 2216
1550 2212
1552 2253
1554 2213
1556 2220
1558 2214
1560 2216
1562 2216
1564 2213
1566 2254
1568 2217
1570 2216
1572 2287
1574 2219
1576 2328
1578 2286
1580 2215
1582 2219
1584 2219
1586 2217
1588 2216
1590 2214
1592 2216
1594 2216
1596 2217
1598 2219
1600 2219
1602 2219
1604 2287
1606 2216
1608 2288
1610 2293
1612 2219
1614 2257
1616 2342
1618 2212
1620 2219
1622 2253
1624 2367
1626 2216
1628 2293
1630 2296
1632 2218
1634 2216
1636 2217
1638 2275
1640 2217
1642 2213
1644 2216
1646 2212
1648 2255
1650 2233
1652 2219
1654 2287
1656 2217
1658 2215
1660 2253
1662 2253
1664 2216
1666 2251
1668 2213
1670 2323
1672 2218
1674 2253
1676 2216
1678 2217
1680 2336
1682 2216
1684 2589
1686 2216
1688 2216
1690 2216
1692 2461
1694 2340
1696 2341
1698 2435
1700 2305
1702 2359
1704 2275
1706 2275
1708 2277
1710 2272
1712 2214
1714 2216
1716 2217
1718 2289
1720 2215
1722 2254
1724 2289
1726 2216
1728 2286
1730 2255
1732 2293
1734 2253
1736 2220
1738 2287
1740 2291
1742 2252
1744 2219
1746 2274
1748 2217
1750 2327
1752 2215
1754 2217
1756 2219
1758 2219
1760 2324
1762 2395
1764 2217
1766 2253
1768 2216
1770 2216
1772 2293
1774 2213
1776 2213
1778 2253
1780 2217
1782 2253
1784 2250
1786 2214
1788 2236
1790 2213
1792 2216
1794 2337
1796 2255
1798 2253
1800 2454
1802 2251
1804 2289
1806 2275
1808 2275
1810 2325
1812 2212
1814 2216
1816 2324
1818 2212
1820 2213
1822 2293
1824 2253
1826 2217
1828 2293
1830 2252
1832 2216
1834 2257
1836 2212
1838 2286
1840 2217
1842 2217
1844 2216
1846 2218
1848 2253
1850 2216
1852 2217
1854 2288
1856 2218
1858 2370
1860 2253
1862 2217
1864 2945
1866 2353
1868 2276
1870 2216
1872 2319
1874 2219
1876 2213
1878 2213
1880 2289
1882 2216
1884 2216
1886 2218
1888 2302
1890 2219
1892 2254
1894 2291
1896 2253
1898 2255
1900 2219
1902 2220
1904 2254
1906 2399
1908 2213
1910 2253
1912 2216
1914 2214
1916 2387
1918 2269
1920 3476
1922 2353
1924 2351
1926 2348
1928 2341
1930 2345
1932 2340
1934 2389
1936 2347
1938 2281
1940 2315
1942 2311
1944 2311
1946 2340
1948 2407
1950 2342
1952 2409
1954 2456
1956 2488
1958 2475
1960 2475
1962 2582
1964 2385
1966 2600
1968 2336
1970 2341
1972 2337
1974 2361
1976 2341
1978 2344
1980 2368
1982 2339
1984 2335
1986 2356
1988 2336
1990 2337
1992 2336
1994 2337
1996 2336
1998 2335
2000 4658
