2 215
4 200
6 197
8 184
10 183
12 181
14 183
16 175
18 172
20 172
22 172
24 227
26 173
28 172
30 173
32 176
34 189
36 172
38 172
40 173
42 172
44 168
46 167
48 167
50 168
52 168
54 219
56 195
58 177
60 177
62 188
64 193
66 193
68 192
70 191
72 192
74 191
76 211
78 191
80 191
82 191
84 191
86 190
88 191
90 191
92 191
94 190
96 192
98 190
100 191
102 190
104 190
106 190
108 190
110 190
112 190
114 190
116 191
118 190
120 190
122 190
124 210
126 246
128 246
130 271
132 245
134 245
136 245
138 245
140 245
142 245
144 244
146 245
148 245
150 246
152 245
154 245
156 244
158 239
160 239
162 239
164 240
166 238
168 239
170 239
172 238
174 239
176 239
178 238
180 238
182 238
184 245
186 245
188 245
190 245
192 244
194 245
196 248
198 247
200 248
202 245
204 245
206 245
208 244
210 244
212 245
214 245
216 244
218 245
220 245
222 244
224 265
226 246
228 313
230 239
232 238
234 238
236 239
238 239
240 308
242 238
244 240
246 238
248 245
250 441
252 373
254 424
256 371
258 372
260 409
262 388
264 559
266 408
268 452
270 385
272 374
274 373
276 371
278 371
280 385
282 386
284 382
286 382
288 381
290 383
292 381
294 381
296 383
298 388
300 383
302 373
304 372
306 372
308 464
310 384
312 384
314 455
316 381
318 380
320 381
322 382
324 404
326 382
328 381
330 383
332 381
334 382
336 381
338 381
340 382
342 396
344 384
346 383
348 388
350 382
352 383
354 382
356 383
358 381
360 382
362 381
364 381
366 381
368 380
370 381
372 381
374 371
376 371
378 371
380 371
382 370
384 370
386 370
388 370
390 371
392 371
394 370
396 370
398 370
400 370
402 373
404 370
406 371
408 371
410 438
412 361
414 362
416 361
418 361
420 361
422 361
424 361
426 361
428 411
430 370
432 371
434 370
436 361
438 361
440 361
442 394
444 361
446 361
448 361
450 362
452 398
454 361
456 417
458 361
460 360
462 360
464 361
466 456
468 361
470 361
472 362
474 362
476 362
478 423
480 361
482 361
484 521
486 391
488 370
490 371
492 386
494 361
496 361
498 456
500 612
502 611
504 611
506 668
508 611
510 611
512 610
514 631
516 611
518 648
520 612
522 611
524 611
526 629
528 685
530 689
532 611
534 611
536 611
538 611
540 611
542 647
544 611
546 626
548 627
550 611
552 612
554 648
556 611
558 611
560 611
562 611
564 611
566 647
568 611
570 611
572 611
574 613
576 628
578 665
580 611
582 611
584 610
586 611
588 611
590 648
592 685
594 610
596 612
598 610
600 610
602 647
604 702
606 611
608 612
610 627
612 658
614 790
616 688
618 612
620 613
622 629
624 628
626 661
628 627
630 656
632 627
634 628
636 629
638 629
640 627
642 627
644 653
646 611
648 611
650 611
652 628
654 639
656 611
658 610
660 611
662 611
664 611
666 611
668 611
670 612
672 611
674 611
676 611
678 612
680 611
682 611
684 611
686 658
688 611
690 672
692 628
694 627
696 611
698 650
700 648
702 611
704 650
706 670
708 611
710 611
712 611
714 611
716 650
718 629
720 613
722 612
724 612
726 611
728 611
730 612
732 612
734 612
736 611
738 690
740 611
742 613
744 612
746 610
748 610
750 611
752 611
754 686
756 611
758 612
760 649
762 611
764 611
766 611
768 610
770 611
772 687
774 611
776 611
778 611
780 611
782 611
784 610
786 611
788 611
790 701
792 611
794 611
796 612
798 628
800 614
802 612
804 612
806 612
808 611
810 612
812 611
814 611
816 612
818 611
820 611
822 611
824 648
826 652
828 611
830 611
832 611
834 611
836 611
838 610
840 612
842 611
844 610
846 610
848 611
850 610
852 610
854 611
856 611
858 611
860 612
862 611
864 610
866 611
868 611
870 611
872 610
874 611
876 611
878 612
880 611
882 953
884 838
886 649
888 629
890 629
892 629
894 629
896 627
898 627
900 628
902 629
904 663
906 667
908 627
910 627
912 627
914 610
916 610
918 610
920 610
922 612
924 611
926 611
928 611
930 611
932 697
934 612
936 612
938 611
940 611
942 611
944 648
946 610
948 611
950 611
952 610
954 611
956 613
958 611
960 611
962 612
964 704
966 611
968 611
970 611
972 611
974 611
976 611
978 629
980 645
982 627
984 627
986 626
988 627
990 626
992 627
994 627
996 627
998 627
1000 1155
1002 1156
1004 1202
1006 1155
1008 1124
1010 1124
1012 1125
1014 1123
1016 1155
1018 1230
1020 1237
1022 1339
1024 1152
1026 1153
1028 1152
1030 1152
1032 1152
1034 1153
1036 1152
1038 1151
1040 1122
1042 1123
1044 1122
1046 1122
1048 1122
1050 1161
1052 1124
1054 1198
1056 1124
1058 1123
1060 1122
1062 1123
1064 1124
1066 1192
1068 1187
1070 1188
1072 1185
1074 1238
1076 1256
1078 1273
1080 1185
1082 1373
1084 1186
1086 1185
1088 1184
1090 1155
1092 1183
1094 1217
1096 1155
1098 1154
1100 1156
1102 1158
1104 1156
1106 1154
1108 1125
1110 1125
1112 1144
1114 1141
1116 1214
1118 1216
1120 1174
1122 1137
1124 1177
1126 1157
1128 1174
1130 1252
1132 1171
1134 1135
1136 1217
1138 1136
1140 1136
1142 1246
1144 1137
1146 1291
1148 1168
1150 1166
1152 1163
1154 1137
1156 1136
1158 1138
1160 1138
1162 1138
1164 1138
1166 1137
1168 1138
1170 1139
1172 1138
1174 1173
1176 1136
1178 1135
1180 1136
1182 1137
1184 1136
1186 1136
1188 1137
1190 1135
1192 1136
1194 1138
1196 1136
1198 1172
1200 1136
1202 1136
1204 1136
1206 1136
1208 1137
1210 1135
1212 1349
1214 1140
1216 1180
1218 1168
1220 1168
1222 1138
1224 1181
1226 1141
1228 1140
1230 1175
1232 1137
1234 1137
1236 1175
1238 1137
1240 1180
1242 1138
1244 1139
1246 1138
1248 1137
1250 1137
1252 1139
1254 1137
1256 1210
1258 1139
1260 1309
1262 1272
1264 1141
1266 1207
1268 1194
1270 1139
1272 1137
1274 1136
1276 1176
1278 1137
1280 1137
1282 1138
1284 1137
1286 1136
1288 1139
1290 1175
1292 1137
1294 1137
1296 1137
1298 1213
1300 1211
1302 1160
1304 1136
1306 1209
1308 1136
1310 1136
1312 1136
1314 1137
1316 1210
1318 1138
1320 1212
1322 1137
1324 1136
1326 1135
1328 1139
1330 1138
1332 1137
1334 1139
1336 1137
1338 1212
1340 1137
1342 1136
1344 1173
1346 1137
1348 1279
1350 1135
1352 1136
1354 1135
1356 1211
1358 1136
1360 1137
1362 1137
1364 1137
1366 1137
1368 1137
1370 1521
1372 1403
1374 1243
1376 1197
1378 1206
1380 1217
1382 1210
1384 1168
1386 1197
1388 1260
1390 1170
1392 1212
1394 1167
1396 1167
1398 1166
1400 1137
1402 1137
1404 1137
1406 1137
1408 1137
1410 1174
1412 1153
1414 1136
1416 1138
1418 1168
1420 1138
1422 1137
1424 1173
1426 1136
1428 1210
1430 1173
1432 1293
1434 1174
1436 1137
1438 1358
1440 1138
1442 1137
1444 1174
1446 1136
1448 1137
1450 1136
1452 1135
1454 1136
1456 1136
1458 1136
1460 1153
1462 1172
1464 1173
1466 1138
1468 1137
1470 1136
1472 1249
1474 1136
1476 1136
1478 1136
1480 1138
1482 1137
1484 1137
1486 1139
1488 1137
1490 1137
1492 1137
1494 1173
1496 1136
1498 1175
1500 1215
1502 1175
1504 1138
1506 1137
1508 1138
1510 1213
1512 1137
1514 1137
1516 1136
1518 1136
1520 1136
1522 1173
1524 1137
1526 1175
1528 1136
1530 1137
1532 1216
1534 1137
1536 1138
1538 1139
1540 1136
1542 1136
1544 1137
1546 1137
1548 1137
1550 1138
1552 1157
1554 1137
1556 1214
1558 1135
1560 1175
1562 1136
1564 1209
1566 1137
1568 1136
1570 1173
1572 1136
1574 1137
1576 1172
1578 1136
1580 1287
1582 1137
1584 1137
1586 1136
1588 1174
1590 1139
1592 1137
1594 1137
1596 1212
1598 1137
1600 1172
1602 1138
1604 1136
1606 1154
1608 1174
1610 1287
1612 1136
1614 1247
1616 1137
1618 1174
1620 1136
1622 1137
1624 1137
1626 1136
1628 1137
1630 1138
1632 1138
1634 1136
1636 1136
1638 1348
1640 1136
1642 1136
1644 1136
1646 1173
1648 1139
1650 1138
1652 1213
1654 1139
1656 1138
1658 1141
1660 1251
1662 1141
1664 1163
1666 1315
1668 1168
1670 1167
1672 1168
1674 1173
1676 1266
1678 1140
1680 1141
1682 1139
1684 1139
1686 1140
1688 1168
1690 1168
1692 1292
1694 1168
1696 1167
1698 1166
1700 1168
1702 1167
1704 1165
1706 1195
1708 1203
1710 1165
1712 1165
1714 1203
1716 1166
1718 1165
1720 1166
1722 1167
1724 1302
1726 1165
1728 1165
1730 1202
1732 1167
1734 1247
1736 1165
1738 1165
1740 1167
1742 1166
1744 1166
1746 1203
1748 1167
1750 1166
1752 1204
1754 1167
1756 1168
1758 1186
1760 1166
1762 1166
1764 1201
1766 1164
1768 1164
1770 1164
1772 1166
1774 1166
1776 1167
1778 1165
1780 1201
1782 1165
1784 1165
1786 1167
1788 1165
1790 1202
1792 1165
1794 1164
1796 1242
1798 1165
1800 1238
1802 1202
1804 1165
1806 1166
1808 1167
1810 1165
1812 1202
1814 1241
1816 1166
1818 1169
1820 1167
1822 1164
1824 1164
1826 1164
1828 1165
1830 1165
1832 1165
1834 1238
1836 1165
1838 1166
1840 1383
1842 1272
1844 1198
1846 1197
1848 1198
1850 1201
1852 1201
1854 1167
1856 1279
1858 1167
1860 1166
1862 1167
1864 1223
1866 1203
1868 1164
1870 1229
1872 1166
1874 1203
1876 1166
1878 1167
1880 1165
1882 1166
1884 1167
1886 1167
1888 1166
1890 1167
1892 1167
1894 1167
1896 1166
1898 1243
1900 1164
1902 1351
1904 1165
1906 1165
1908 1244
1910 1167
1912 1166
1914 1166
1916 1165
1918 1164
1920 1164
1922 1165
1924 1165
1926 1165
1928 1203
1930 1165
1932 1204
1934 1165
1936 1165
1938 1165
1940 1166
1942 1167
1944 1167
1946 1247
1948 1299
1950 1199
1952 1200
1954 1200
1956 1199
1958 1200
1960 1240
1962 1167
1964 1168
1966 1203
1968 1166
1970 1169
1972 1166
1974 1165
1976 1202
1978 1166
1980 1168
1982 1241
1984 1167
1986 1167
1988 1205
1990 1165
1992 1204
1994 1165
1996 1201
1998 1166
2000 2265
