2 115
4 104
6 104
8 102
10 100
12 100
14 100
16 131
18 109
20 109
22 109
24 109
26 109
28 109
30 109
32 138
34 137
36 138
38 137
40 138
42 137
44 138
46 154
48 138
50 137
52 137
54 137
56 166
58 138
60 138
62 169
64 201
66 200
68 200
70 200
72 262
74 201
76 201
78 201
80 200
82 206
84 206
86 206
88 206
90 206
92 206
94 205
96 206
98 206
100 206
102 206
104 206
106 206
108 243
110 206
112 206
114 206
116 247
118 207
120 206
122 206
124 206
126 338
128 355
130 338
132 338
134 362
136 337
138 338
140 361
142 338
144 338
146 337
148 338
150 338
152 338
154 337
156 337
158 337
160 337
162 337
164 376
166 338
168 338
170 338
172 338
174 338
176 337
178 338
180 338
182 338
184 338
186 338
188 338
190 338
192 338
194 372
196 338
198 337
200 338
202 338
204 337
206 337
208 337
210 337
212 337
214 337
216 338
218 337
220 338
222 338
224 337
226 403
228 329
230 329
232 329
234 329
236 329
238 328
240 329
242 401
244 329
246 329
248 329
250 632
252 631
254 595
256 594
258 594
260 591
262 594
264 673
266 593
268 593
270 593
272 774
274 594
276 674
278 612
280 593
282 593
284 612
286 709
288 651
290 609
292 608
294 609
296 608
298 608
300 608
302 608
304 593
306 593
308 593
310 593
312 592
314 593
316 593
318 630
320 594
322 594
324 672
326 592
328 592
330 630
332 593
334 629
336 593
338 592
340 594
342 594
344 594
346 630
348 593
350 594
352 593
354 593
356 593
358 632
360 630
362 592
364 593
366 593
368 592
370 672
372 592
374 593
376 593
378 594
380 593
382 702
384 593
386 593
388 676
390 593
392 593
394 593
396 593
398 610
400 593
402 592
404 593
406 593
408 595
410 593
412 593
414 593
416 593
418 593
420 593
422 592
424 592
426 592
428 593
430 593
432 593
434 593
436 593
438 593
440 668
442 593
444 593
446 629
448 592
450 593
452 593
454 630
456 612
458 594
460 594
462 591
464 594
466 595
468 670
470 593
472 593
474 593
476 592
478 593
480 593
482 593
484 594
486 675
488 593
490 594
492 594
494 594
496 594
498 593
500 1133
502 1131
504 1131
506 1242
508 1131
510 1132
512 1132
514 1169
516 1131
518 1206
520 1131
522 1131
524 1132
526 1131
528 1206
530 1184
532 1132
534 1132
536 1133
538 1204
540 1167
542 1131
544 1131
546 1213
548 1131
550 1131
552 1209
554 1131
556 1131
558 1131
560 1131
562 1131
564 1167
566 1130
568 1168
570 1132
572 1133
574 1321
576 1245
578 1131
580 1131
582 1131
584 1170
586 1131
588 1167
590 1132
592 1132
594 1131
596 1131
598 1131
600 1167
602 1132
604 1131
606 1131
608 1131
610 1131
612 1280
614 1132
616 1133
618 1131
620 1133
622 1168
624 1250
626 1133
628 1133
630 1169
632 1168
634 1207
636 1132
638 1170
640 1132
642 1132
644 1132
646 1133
648 1128
650 1132
652 1131
654 1128
656 1207
658 1132
660 1132
662 1131
664 1132
666 1132
668 1131
670 1131
672 1131
674 1130
676 1130
678 1230
680 1129
682 1131
684 1130
686 1131
688 1131
690 1132
692 1133
694 1130
696 1131
698 1131
700 1259
702 1132
704 1131
706 1132
708 1131
710 1208
712 1205
714 1133
716 1131
718 1215
720 1168
722 1133
724 1169
726 1289
728 1272
730 1427
732 1161
734 1164
736 1161
738 1162
740 1160
742 1160
744 1189
746 1158
748 1154
750 1251
752 1132
754 1131
756 1131
758 1207
760 1133
762 1186
764 1131
766 1131
768 1131
770 1130
772 1130
774 1130
776 1130
778 1131
780 1170
782 1170
784 1278
786 1131
788 1131
790 1205
792 1131
794 1204
796 1191
798 1211
800 1317
802 1227
804 1162
806 1161
808 1161
810 1161
812 1161
814 1132
816 1130
818 1131
820 1131
822 1132
824 1226
826 1131
828 1209
830 1186
832 1134
834 1133
836 1130
838 1168
840 1168
842 1167
844 1131
846 1285
848 1131
850 1131
852 1131
854 1205
856 1131
858 1132
860 1131
862 1131
864 1132
866 1153
868 1169
870 1133
872 1206
874 1207
876 1133
878 1130
880 1162
882 1163
884 1162
886 1163
888 1162
890 1155
892 1133
894 1170
896 1131
898 1245
900 1131
902 1131
904 1131
906 1131
908 1170
910 1134
912 1133
914 1167
916 1131
918 1131
920 1130
922 1131
924 1132
926 1240
928 1133
930 1132
932 1134
934 1132
936 1133
938 1169
940 1131
942 1131
944 1168
946 1133
948 1131
950 1244
952 1132
954 1131
956 1168
958 1131
960 1133
962 1205
964 1279
966 1171
968 1132
970 1131
972 1131
974 1168
976 1130
978 1204
980 1131
982 1132
984 1205
986 1152
988 1132
990 1132
992 1242
994 1162
996 1162
998 1180
1000 2278
1002 2341
1004 2213
1006 2215
1008 2213
1010 2323
1012 2312
1014 2275
1016 2275
1018 2352
1020 2275
1022 2364
1024 2617
1026 2366
1028 2253
1030 2311
1032 2314
1034 2278
1036 2275
1038 2377
1040 2271
1042 2277
1044 2278
1046 2216
1048 2287
1050 2334
1052 2217
1054 2254
1056 2218
1058 2289
1060 2291
1062 2253
1064 3890
1066 2584
1068 2277
1070 2277
1072 2309
1074 2275
1076 2275
1078 2320
1080 2218
1082 2214
1084 2324
1086 2255
1088 2264
1090 2216
1092 2256
1094 2359
1096 2213
1098 2218
1100 2216
1102 2251
1104 2251
1106 2216
1108 2217
1110 2292
1112 2219
1114 2219
1116 2290
1118 2216
1120 2291
1122 2288
1124 2221
1126 2219
1128 2219
1130 2218
1132 2218
1134 2217
1136 2294
1138 2214
1140 2217
1142 2251
1144 2215
1146 2424
1148 2339
1150 2275
1152 2317
1154 2457
1156 2398
1158 2217
1160 2301
1162 2247
1164 2473
1166 2369
1168 2295
1170 2216
1172 2253
1174 2291
1176 2220
1178 2291
1180 2291
1182 2255
1184 2252
1186 2252
1188 2217
1190 2215
1192 2252
1194 2287
1196 2254
1198 2255
1200 2216
1202 2217
1204 2368
1206 2217
1208 2355
1210 2221
1212 2216
1214 2216
1216 2217
1218 2292
1220 2292
1222 2217
1224 2290
1226 2368
1228 2215
1230 2251
1232 2290
1234 2217
1236 2327
1238 2214
1240 2265
1242 2363
1244 2219
1246 2218
1248 2217
1250 2214
1252 2217
1254 2216
1256 2420
1258 2214
1260 2216
1262 2407
1264 2219
1266 2216
1268 2277
1270 2216
1272 2216
1274 2254
1276 2291
1278 2216
1280 2216
1282 2216
1284 2216
1286 2296
1288 2256
1290 2217
1292 2217
1294 2327
1296 2212
1298 2293
1300 2252
1302 2216
1304 2218
1306 2362
1308 2219
1310 2220
1312 2252
1314 2399
1316 2261
1318 2279
1320 2275
1322 2313
1324 2277
1326 2280
1328 2233
1330 2216
1332 2292
1334 2217
1336 2216
1338 2290
1340 2219
1342 2213
1344 2377
1346 2213
1348 2217
1350 2215
1352 2216
1354 2216
1356 2218
1358 2213
1360 2217
1362 2216
1364 2253
1366 2216
1368 2217
1370 2287
1372 2216
1374 2290
1376 2254
1378 2216
1380 2213
1382 2217
1384 2217
1386 2289
1388 2287
1390 2215
1392 2217
1394 2217
1396 2254
1398 2212
1400 2212
1402 2291
1404 2216
1406 2287
1408 2293
1410 2255
1412 2435
1414 2397
1416 2276
1418 2278
1420 2262
1422 2216
1424 2250
1426 2213
1428 2216
1430 2216
1432 2335
1434 2472
1436 2393
1438 2278
1440 2280
1442 2420
1444 2366
1446 2270
1448 2217
1450 2246
1452 2288
1454 2219
1456 2219
1458 2294
1460 2272
1462 2314
1464 2256
1466 2238
1468 2216
1470 2296
1472 2313
1474 2278
1476 2317
1478 2317
1480 2216
1482 2220
1484 2239
1486 2250
1488 2219
1490 2289
1492 2219
1494 2254
1496 2287
1498 2373
1500 2216
1502 2291
1504 2218
1506 2216
1508 2216
1510 2291
1512 2217
1514 2217
1516 2256
1518 2218
1520 2233
1522 2404
1524 2275
1526 2274
1528 2320
1530 2235
1532 2294
1534 2254
1536 2217
1538 2217
1540 2253
1542 2217
1544 2218
1546 2212
1548 2367
1550 2216
1552 2216
1554 2219
1556 2338
1558 2217
1560 2212
1562 2312
1564 2219
1566 2251
1568 2216
1570 2215
1572 2252
1574 2217
1576 2290
1578 2251
1580 2364
1582 2217
1584 2216
1586 2218
1588 2217
1590 2217
1592 2217
1594 2216
1596 2216
1598 2323
1600 2212
1602 2213
1604 2292
1606 2214
1608 2214
1610 2291
1612 2217
1614 2258
1616 2365
1618 2219
1620 3458
1622 2490
1624 2216
1626 2236
1628 2328
1630 2216
1632 2216
1634 2253
1636 2217
1638 2257
1640 2293
1642 2394
1644 2275
1646 2274
1648 2278
1650 2253
1652 2216
1654 2334
1656 2216
1658 2216
1660 2252
1662 2217
1664 2216
1666 2293
1668 2217
1670 2217
1672 2214
1674 2251
1676 2251
1678 2216
1680 2217
1682 2216
1684 2217
1686 2289
1688 2216
1690 2216
1692 2288
1694 2216
1696 2289
1698 2250
1700 2343
1702 2219
1704 2254
1706 2293
1708 2219
1710 2292
1712 2218
1714 2217
1716 2216
1718 2291
1720 2216
1722 2236
1724 2657
1726 2275
1728 2280
1730 2330
1732 2274
1734 2347
1736 2219
1738 2212
1740 2355
1742 2219
1744 2253
1746 2329
1748 2253
1750 2287
1752 2216
1754 2304
1756 2215
1758 2212
1760 2310
1762 2289
1764 2216
1766 2252
1768 2253
1770 2290
1772 2291
1774 2212
1776 2216
1778 2289
1780 2213
1782 2237
1784 2216
1786 2370
1788 2215
1790 2216
1792 2213
1794 2374
1796 2234
1798 2326
1800 2304
1802 2216
1804 2252
1806 2255
1808 2216
1810 2325
1812 2234
1814 2237
1816 2287
1818 2277
1820 2350
1822 2216
1824 2216
1826 2217
1828 2216
1830 2216
1832 2291
1834 2215
1836 2323
1838 2335
1840 2253
1842 2251
1844 2215
1846 2213
1848 2325
1850 2213
1852 2216
1854 2216
1856 2219
1858 2216
1860 2218
1862 2216
1864 2217
1866 2215
1868 2289
1870 2216
1872 2218
1874 2400
1876 2217
1878 2215
1880 2252
1882 2216
1884 2255
1886 2212
1888 2213
1890 2215
1892 2304
1894 2213
1896 2294
1898 2253
1900 2289
1902 2217
1904 2327
1906 2252
1908 2238
1910 2219
1912 2254
1914 2289
1916 2216
1918 2253
1920 2216
1922 2214
1924 2213
1926 2218
1928 2216
1930 2221
1932 2251
1934 2292
1936 2217
1938 2252
1940 2235
1942 2220
1944 2252
1946 2216
1948 2217
1950 2290
1952 2213
1954 2335
1956 2290
1958 2217
1960 2256
1962 2217
1964 2218
1966 2218
1968 2289
1970 2216
1972 2215
1974 2214
1976 2213
1978 2233
1980 2253
1982 2216
1984 2239
1986 2217
1988 2293
1990 2217
1992 2216
1994 2383
1996 2219
1998 2219
2000 4439
