2 115
4 103
6 103
8 101
10 100
12 100
14 100
16 110
18 109
20 109
22 109
24 109
26 109
28 109
30 109
32 138
34 137
36 137
38 137
40 137
42 138
44 138
46 138
48 138
50 157
52 137
54 137
56 180
58 139
60 138
62 169
64 201
66 201
68 201
70 201
72 200
74 200
76 200
78 201
80 200
82 200
84 235
86 201
88 200
90 200
92 221
94 201
96 201
98 203
100 201
102 201
104 201
106 201
108 201
110 201
112 201
114 245
116 206
118 206
120 206
122 206
124 206
126 337
128 376
130 337
132 337
134 337
136 337
138 338
140 353
142 338
144 337
146 338
148 337
150 336
152 337
154 337
156 337
158 336
160 337
162 337
164 337
166 338
168 337
170 337
172 337
174 337
176 337
178 337
180 337
182 337
184 337
186 337
188 337
190 337
192 338
194 338
196 339
198 337
200 337
202 337
204 337
206 381
208 338
210 338
212 337
214 337
216 337
218 337
220 337
222 337
224 329
226 330
228 365
230 328
232 329
234 328
236 328
238 329
240 329
242 366
244 329
246 328
248 329
250 610
252 593
254 595
256 593
258 592
260 631
262 699
264 619
266 609
268 608
270 680
272 608
274 608
276 608
278 658
280 609
282 609
284 650
286 636
288 679
290 910
292 933
294 630
296 628
298 632
300 630
302 784
304 718
306 628
308 630
310 630
312 629
314 636
316 650
318 627
320 631
322 626
324 625
326 627
328 625
330 626
332 630
334 609
336 637
338 681
340 610
342 608
344 609
346 609
348 675
350 625
352 686
354 679
356 608
358 609
360 609
362 652
364 685
366 633
368 663
370 627
372 628
374 721
376 647
378 609
380 609
382 640
384 610
386 630
388 627
390 626
392 626
394 626
396 626
398 626
400 626
402 626
404 627
406 610
408 609
410 609
412 632
414 608
416 608
418 608
420 608
422 608
424 619
426 593
428 594
430 593
432 593
434 593
436 593
438 675
440 614
442 609
444 609
446 609
448 609
450 613
452 593
454 627
456 593
458 594
460 593
462 700
464 592
466 678
468 591
470 610
472 633
474 593
476 682
478 593
480 593
482 622
484 725
486 610
488 611
490 610
492 610
494 609
496 609
498 608
500 1159
502 1162
504 1160
506 1158
508 1163
510 1176
512 1129
514 1165
516 1128
518 1129
520 1210
522 1198
524 1172
526 1130
528 1167
530 1131
532 1203
534 1132
536 1131
538 1132
540 1132
542 1133
544 1205
546 1131
548 1130
550 1130
552 1132
554 1169
556 1169
558 1165
560 1204
562 1203
564 1129
566 1129
568 1207
570 1130
572 1204
574 1197
576 1194
578 1161
580 1130
582 1130
584 1131
586 1185
588 1128
590 1228
592 1270
594 1161
596 1132
598 1168
600 1161
602 1163
604 1161
606 1160
608 1161
610 1160
612 1163
614 1436
616 1160
618 1248
620 1524
622 1357
624 1163
626 1168
628 1203
630 1193
632 1225
634 1194
636 1193
638 1194
640 1162
642 1164
644 1158
646 1197
648 1248
650 1131
652 1131
654 1131
656 1131
658 1170
660 1257
662 1172
664 1205
666 1131
668 1211
670 1133
672 1133
674 1132
676 1133
678 1132
680 1179
682 1239
684 1132
686 1132
688 1212
690 1158
692 1159
694 1161
696 1160
698 1160
700 1160
702 1162
704 1199
706 1158
708 1131
710 1248
712 1132
714 1191
716 1131
718 1230
720 1131
722 1132
724 1131
726 1131
728 1130
730 1202
732 1130
734 1180
736 1261
738 1133
740 1229
742 1170
744 1131
746 1131
748 1130
750 1131
752 1131
754 1167
756 1131
758 1131
760 1132
762 1132
764 1243
766 1168
768 1131
770 1131
772 1131
774 1131
776 1132
778 1168
780 1167
782 1205
784 1131
786 1131
788 1131
790 1224
792 1168
794 1131
796 1131
798 1130
800 1130
802 1167
804 1131
806 1132
808 1211
810 1128
812 1131
814 1237
816 1132
818 1131
820 1128
822 1285
824 1133
826 1167
828 1134
830 1204
832 1131
834 1131
836 1129
838 1134
840 1133
842 1128
844 1169
846 1131
848 1131
850 1134
852 1131
854 1130
856 1129
858 1131
860 1130
862 1130
864 1130
866 1130
868 1168
870 1150
872 1132
874 1129
876 1128
878 1131
880 1131
882 1168
884 1131
886 1131
888 1131
890 1131
892 1203
894 1133
896 1131
898 1172
900 1131
902 1131
904 1171
906 1206
908 1131
910 1131
912 1243
914 1173
916 1131
918 1130
920 1209
922 1131
924 1132
926 1208
928 1169
930 1131
932 1205
934 1413
936 1132
938 1131
940 1132
942 1232
944 1208
946 1161
948 1162
950 1160
952 1162
954 1167
956 1167
958 1242
960 1131
962 1131
964 1131
966 1132
968 1168
970 1133
972 1132
974 1131
976 1131
978 1132
980 1210
982 1161
984 1161
986 1162
988 1200
990 1161
992 1133
994 1133
996 1128
998 1133
1000 2328
1002 2219
1004 2290
1006 2375
1008 2308
1010 2275
1012 2276
1014 2384
1016 2278
1018 2433
1020 2501
1022 2347
1024 2364
1026 2276
1028 2311
1030 2277
1032 2425
1034 2341
1036 2278
1038 2252
1040 2216
1042 2286
1044 2248
1046 2215
1048 2217
1050 2253
1052 2251
1054 2215
1056 2290
1058 2217
1060 2254
1062 2215
1064 2220
1066 2219
1068 2323
1070 2252
1072 2219
1074 2219
1076 2370
1078 2217
1080 2217
1082 2327
1084 2216
1086 2217
1088 2842
1090 2412
1092 2333
1094 2277
1096 2346
1098 2305
1100 2367
1102 2216
1104 2214
1106 2253
1108 2387
1110 2371
1112 2298
1114 2216
1116 2216
1118 2372
1120 2216
1122 2216
1124 2217
1126 2217
1128 2253
1130 2254
1132 2218
1134 2213
1136 2214
1138 2254
1140 2371
1142 2216
1144 2290
1146 2283
1148 2212
1150 2365
1152 2218
1154 2290
1156 2249
1158 2214
1160 2322
1162 2217
1164 2253
1166 2219
1168 2291
1170 2221
1172 2213
1174 2215
1176 2251
1178 2274
1180 2217
1182 2327
1184 2217
1186 2290
1188 2287
1190 2220
1192 2234
1194 2308
1196 2366
1198 2277
1200 2435
1202 2275
1204 2351
1206 2350
1208 2320
1210 2333
1212 2433
1214 2332
1216 2271
1218 2312
1220 2271
1222 2311
1224 2271
1226 2272
1228 2253
1230 2286
1232 2255
1234 2328
1236 2213
1238 2237
1240 2292
1242 2219
1244 2294
1246 2216
1248 2217
1250 2253
1252 2355
1254 2216
1256 2252
1258 2384
1260 2212
1262 2218
1264 2232
1266 2217
1268 2217
1270 2333
1272 2216
1274 2250
1276 2250
1278 2289
1280 2216
1282 2253
1284 2289
1286 2213
1288 2251
1290 2296
1292 2216
1294 2289
1296 2214
1298 2213
1300 2219
1302 2218
1304 2214
1306 2251
1308 2254
1310 2217
1312 2216
1314 2253
1316 2215
1318 2318
1320 2294
1322 2214
1324 2288
1326 2215
1328 2213
1330 2254
1332 2255
1334 2213
1336 2213
1338 2253
1340 2250
1342 2217
1344 2214
1346 2216
1348 2214
1350 2252
1352 2250
1354 2405
1356 2215
1358 2253
1360 2291
1362 2218
1364 2295
1366 2214
1368 2216
1370 2253
1372 2217
1374 2334
1376 2213
1378 2834
1380 2464
1382 2345
1384 2274
1386 2275
1388 2310
1390 2358
1392 2274
1394 2274
1396 2256
1398 2366
1400 2292
1402 2337
1404 2215
1406 2255
1408 2252
1410 2215
1412 2216
1414 2252
1416 2293
1418 2212
1420 2262
1422 2216
1424 2287
1426 2253
1428 2286
1430 2243
1432 2216
1434 2290
1436 2311
1438 2274
1440 2401
1442 2513
1444 2217
1446 2342
1448 2304
1450 2275
1452 2316
1454 2280
1456 2355
1458 2296
1460 2212
1462 2216
1464 2253
1466 2216
1468 2216
1470 2328
1472 2216
1474 2218
1476 2215
1478 2216
1480 2289
1482 2217
1484 2290
1486 2216
1488 2326
1490 2288
1492 2219
1494 2290
1496 2218
1498 2378
1500 2277
1502 2279
1504 2275
1506 2217
1508 2254
1510 2216
1512 2250
1514 2250
1516 2217
1518 2252
1520 2289
1522 2218
1524 2216
1526 2272
1528 2220
1530 2218
1532 2216
1534 2216
1536 2220
1538 2219
1540 2252
1542 2326
1544 2216
1546 2326
1548 2233
1550 2255
1552 2326
1554 2319
1556 2217
1558 2286
1560 2252
1562 2215
1564 2216
1566 2213
1568 2287
1570 2219
1572 2252
1574 2213
1576 2256
1578 2254
1580 2255
1582 2217
1584 2253
1586 2287
1588 2216
1590 2216
1592 2219
1594 2253
1596 2216
1598 2290
1600 2256
1602 2219
1604 2293
1606 2216
1608 2254
1610 2251
1612 2303
1614 2295
1616 2352
1618 2217
1620 2273
1622 2217
1624 2218
1626 2216
1628 2252
1630 2216
1632 2272
1634 2216
1636 2254
1638 2215
1640 2216
1642 2326
1644 2255
1646 2216
1648 2254
1650 2219
1652 2254
1654 2253
1656 2319
1658 2219
1660 2214
1662 2216
1664 2217
1666 2276
1668 2617
1670 2348
1672 2310
1674 2313
1676 2303
1678 2312
1680 2274
1682 2311
1684 2292
1686 2253
1688 2367
1690 2293
1692 2279
1694 2255
1696 2217
1698 2216
1700 2216
1702 2309
1704 2249
1706 2254
1708 2218
1710 2249
1712 2363
1714 2218
1716 2252
1718 2216
1720 2216
1722 2253
1724 2254
1726 2219
1728 2219
1730 2290
1732 2385
1734 2216
1736 2217
1738 2217
1740 2286
1742 2256
1744 2255
1746 2217
1748 2289
1750 2215
1752 2252
1754 2292
1756 2216
1758 2216
1760 2283
1762 2217
1764 2216
1766 2214
1768 2218
1770 2219
1772 2220
1774 2217
1776 2218
1778 2289
1780 2253
1782 2325
1784 2217
1786 2251
1788 2217
1790 2288
1792 2362
1794 2294
1796 2313
1798 2275
1800 2590
1802 2354
1804 2407
1806 2442
1808 2353
1810 2323
1812 2315
1814 2275
1816 2349
1818 2334
1820 2365
1822 2356
1824 2278
1826 2271
1828 2275
1830 2434
1832 2403
1834 2304
1836 2675
1838 2341
1840 2340
1842 2375
1844 2381
1846 2449
1848 2336
1850 2338
1852 2359
1854 2361
1856 2355
1858 2275
1860 2319
1862 2275
1864 2416
1866 2350
1868 2364
1870 2320
1872 2275
1874 2274
1876 2274
1878 2271
1880 2275
1882 2276
1884 2255
1886 2671
1888 2377
1890 2278
1892 2315
1894 2303
1896 2276
1898 2276
1900 2219
1902 2257
1904 2250
1906 2216
1908 2215
1910 2373
1912 2217
1914 2216
1916 2385
1918 2217
1920 2216
1922 2254
1924 2218
1926 2219
1928 2342
1930 2216
1932 2217
1934 2278
1936 2216
1938 2217
1940 2220
1942 2289
1944 2316
1946 2216
1948 2291
1950 2219
1952 2615
1954 2216
1956 2236
1958 2276
1960 2314
1962 2347
1964 2276
1966 2309
1968 2304
1970 2278
1972 2313
1974 2278
1976 2275
1978 2357
1980 2217
1982 2253
1984 2253
1986 2326
1988 2219
1990 2255
1992 2220
1994 2219
1996 2219
1998 2217
2000 4531
