2 145
4 131
6 130
8 127
10 132
12 126
14 126
16 138
18 137
20 137
22 137
24 137
26 137
28 138
30 138
32 191
34 174
36 174
38 174
40 191
42 153
44 153
46 154
48 153
50 152
52 153
54 154
56 157
58 154
60 153
62 189
64 224
66 224
68 224
70 224
72 224
74 224
76 224
78 224
80 224
82 224
84 224
86 224
88 223
90 224
92 224
94 224
96 224
98 234
100 206
102 206
104 206
106 206
108 206
110 206
112 245
114 206
116 206
118 206
120 206
122 206
124 206
126 338
128 337
130 337
132 338
134 337
136 338
138 375
140 337
142 337
144 337
146 338
148 359
150 337
152 337
154 337
156 337
158 337
160 337
162 337
164 337
166 377
168 449
170 329
172 329
174 329
176 329
178 329
180 329
182 329
184 337
186 338
188 433
190 430
192 337
194 337
196 337
198 337
200 337
202 416
204 365
206 380
208 361
210 380
212 507
214 398
216 403
218 347
220 348
222 347
224 349
226 350
228 352
230 417
232 370
234 352
236 352
238 350
240 350
242 360
244 348
246 347
248 348
250 683
252 630
254 638
256 654
258 626
260 625
262 626
264 635
266 630
268 625
270 628
272 633
274 626
276 626
278 626
280 631
282 653
284 627
286 630
288 626
290 625
292 624
294 625
296 625
298 627
300 656
302 627
304 625
306 631
308 628
310 627
312 626
314 623
316 623
318 644
320 630
322 633
324 627
326 632
328 634
330 627
332 628
334 624
336 626
338 626
340 625
342 652
344 637
346 626
348 625
350 625
352 625
354 624
356 625
358 624
360 628
362 625
364 627
366 626
368 630
370 609
372 611
374 609
376 611
378 609
380 609
382 672
384 608
386 608
388 609
390 608
392 609
394 610
396 648
398 609
400 609
402 609
404 609
406 607
408 593
410 687
412 610
414 610
416 610
418 608
420 609
422 619
424 593
426 593
428 593
430 594
432 594
434 591
436 668
438 593
440 708
442 630
444 593
446 594
448 596
450 594
452 708
454 593
456 592
458 707
460 798
462 592
464 609
466 611
468 609
470 608
472 646
474 607
476 609
478 609
480 609
482 609
484 616
486 593
488 593
490 593
492 593
494 783
496 661
498 722
500 1213
502 1221
504 1161
506 1163
508 1160
510 1158
512 1159
514 1161
516 1162
518 1231
520 1160
522 1161
524 1131
526 1131
528 1173
530 1129
532 1133
534 1133
536 1169
538 1174
540 1131
542 1131
544 1132
546 1129
548 1131
550 1210
552 1161
554 1172
556 1169
558 1131
560 1132
562 1131
564 1196
566 1130
568 1288
570 1133
572 1191
574 1130
576 1205
578 1132
580 1307
582 1133
584 1132
586 1161
588 1207
590 1195
592 1161
594 1162
596 1147
598 1131
600 1209
602 1130
604 1282
606 1154
608 1163
610 1199
612 1233
614 1161
616 1160
618 1131
620 1130
622 1130
624 1204
626 1294
628 1129
630 1132
632 1133
634 1131
636 1166
638 1131
640 1131
642 1266
644 1131
646 1130
648 1158
650 1133
652 1133
654 1132
656 1133
658 1132
660 1190
662 1131
664 1132
666 1132
668 1131
670 1167
672 1169
674 1132
676 1129
678 1128
680 1128
682 1132
684 1230
686 1132
688 1130
690 1131
692 1129
694 1131
696 1186
698 1129
700 1130
702 1167
704 1129
706 1131
708 1130
710 1256
712 1131
714 1130
716 1130
718 1169
720 1203
722 1133
724 1133
726 1207
728 1413
730 1236
732 1206
734 1129
736 1151
738 1158
740 1162
742 1196
744 1158
746 1158
748 1130
750 1131
752 1129
754 1242
756 1131
758 1129
760 1132
762 1207
764 1128
766 1190
768 1131
770 1128
772 1129
774 1129
776 1131
778 1241
780 1131
782 1130
784 1130
786 1189
788 1130
790 1167
792 1129
794 1131
796 1130
798 1130
800 1129
802 1205
804 1128
806 1132
808 1167
810 1131
812 1130
814 1167
816 1132
818 1129
820 1167
822 1223
824 1158
826 1199
828 1159
830 1160
832 1197
834 1163
836 1158
838 1197
840 1158
842 1159
844 1160
846 1159
848 1159
850 1197
852 1159
854 1161
856 1201
858 1160
860 1302
862 1129
864 1371
866 1157
868 1237
870 1163
872 1276
874 1159
876 1158
878 1158
880 1161
882 1160
884 1198
886 1162
888 1148
890 1132
892 1133
894 1133
896 1169
898 1358
900 1130
902 1133
904 1131
906 1241
908 1129
910 1131
912 1131
914 1213
916 1207
918 1168
920 1130
922 1131
924 1133
926 1131
928 1166
930 1208
932 1131
934 1131
936 1131
938 1131
940 1131
942 1168
944 1129
946 1132
948 1129
950 1129
952 1130
954 1130
956 1133
958 1130
960 1130
962 1132
964 1131
966 1177
968 1133
970 1131
972 1131
974 1205
976 1130
978 1131
980 1128
982 1133
984 1133
986 1187
988 1129
990 1132
992 1131
994 1131
996 1206
998 1131
1000 2217
1002 2217
1004 2212
1006 2214
1008 2289
1010 2216
1012 2218
1014 2325
1016 2216
1018 2293
1020 2249
1022 2742
1024 2308
1026 2351
1028 2275
1030 2441
1032 2408
1034 2275
1036 2275
1038 2379
1040 2358
1042 2335
1044 3206
1046 2328
1048 2251
1050 2382
1052 2275
1054 2248
1056 2326
1058 2217
1060 2217
1062 2325
1064 2217
1066 2250
1068 2293
1070 2307
1072 2252
1074 2290
1076 2216
1078 2292
1080 2216
1082 2217
1084 2217
1086 2217
1088 2311
1090 2252
1092 2216
1094 2252
1096 2213
1098 2297
1100 2329
1102 2293
1104 2216
1106 2328
1108 2214
1110 2290
1112 2217
1114 2297
1116 2213
1118 2216
1120 2218
1122 2217
1124 2214
1126 2328
1128 2216
1130 2324
1132 2287
1134 2214
1136 2289
1138 2429
1140 2217
1142 2217
1144 2328
1146 2216
1148 2216
1150 2217
1152 2212
1154 2213
1156 2218
1158 2217
1160 2217
1162 2252
1164 2270
1166 2216
1168 2218
1170 2290
1172 2217
1174 2216
1176 2325
1178 2216
1180 2212
1182 2216
1184 2216
1186 2216
1188 2213
1190 2362
1192 2294
1194 2217
1196 2290
1198 2216
1200 2215
1202 2294
1204 2216
1206 2212
1208 2255
1210 2213
1212 2213
1214 2235
1216 2217
1218 2218
1220 2219
1222 2262
1224 2218
1226 2216
1228 2330
1230 2217
1232 2253
1234 2451
1236 2255
1238 2218
1240 2324
1242 2214
1244 2215
1246 2287
1248 2213
1250 2514
1252 2322
1254 2216
1256 2252
1258 2217
1260 2213
1262 2216
1264 2213
1266 2233
1268 2216
1270 2216
1272 2255
1274 2217
1276 2217
1278 2290
1280 2213
1282 2213
1284 2255
1286 2216
1288 2216
1290 2213
1292 2217
1294 2254
1296 2294
1298 2216
1300 2218
1302 2216
1304 2328
1306 2216
1308 2346
1310 2572
1312 2378
1314 2276
1316 2307
1318 2374
1320 2275
1322 2279
1324 2301
1326 2291
1328 2285
1330 2220
1332 2257
1334 2291
1336 2213
1338 2217
1340 2334
1342 2212
1344 2330
1346 2218
1348 2217
1350 2218
1352 2213
1354 2215
1356 2215
1358 2256
1360 2252
1362 2216
1364 2215
1366 2440
1368 2288
1370 2217
1372 2402
1374 2483
1376 2479
1378 2349
1380 2337
1382 2348
1384 2339
1386 2341
1388 2338
1390 2336
1392 2340
1394 2311
1396 2274
1398 2389
1400 2217
1402 2291
1404 2217
1406 2289
1408 2293
1410 2288
1412 2214
1414 2253
1416 2216
1418 2253
1420 2288
1422 2216
1424 2299
1426 2286
1428 2217
1430 2289
1432 2216
1434 2292
1436 2219
1438 2219
1440 2217
1442 2254
1444 2217
1446 2325
1448 2216
1450 2217
1452 2251
1454 2217
1456 2216
1458 2253
1460 2213
1462 2216
1464 2235
1466 2285
1468 2216
1470 2217
1472 2216
1474 2217
1476 2217
1478 2296
1480 2220
1482 2213
1484 2391
1486 2217
1488 2213
1490 2326
1492 2216
1494 2216
1496 2370
1498 2217
1500 2312
1502 2254
1504 2219
1506 2219
1508 2218
1510 2216
1512 2289
1514 2219
1516 2593
1518 2217
1520 2216
1522 2371
1524 2215
1526 2254
1528 2251
1530 2294
1532 2218
1534 2288
1536 2288
1538 2216
1540 2249
1542 2291
1544 2218
1546 2254
1548 2250
1550 2217
1552 2217
1554 2216
1556 2216
1558 2216
1560 2326
1562 2216
1564 2216
1566 2295
1568 2219
1570 2219
1572 2294
1574 2217
1576 2216
1578 2215
1580 2216
1582 2215
1584 2252
1586 2219
1588 2219
1590 2220
1592 2251
1594 2216
1596 2287
1598 2618
1600 2408
1602 2275
1604 2364
1606 2276
1608 2277
1610 2306
1612 2275
1614 2278
1616 2504
1618 2317
1620 2320
1622 2275
1624 2320
1626 2473
1628 2339
1630 2341
1632 2369
1634 2274
1636 2276
1638 2254
1640 2220
1642 2310
1644 2275
1646 2217
1648 2217
1650 2216
1652 2255
1654 2216
1656 2291
1658 2214
1660 2216
1662 2215
1664 2383
1666 2217
1668 2216
1670 2217
1672 2218
1674 2217
1676 2314
1678 2212
1680 2220
1682 2253
1684 2288
1686 2218
1688 2300
1690 2217
1692 2219
1694 2286
1696 2219
1698 2220
1700 2290
1702 2217
1704 2218
1706 2295
1708 2217
1710 2216
1712 2217
1714 2216
1716 2347
1718 2217
1720 2213
1722 2289
1724 2216
1726 2295
1728 2215
1730 2215
1732 2254
1734 2213
1736 2315
1738 2327
1740 2217
1742 2217
1744 2254
1746 2256
1748 2218
1750 2299
1752 2219
1754 2213
1756 2220
1758 2291
1760 2219
1762 2220
1764 2216
1766 2218
1768 2253
1770 2216
1772 2217
1774 2216
1776 2217
1778 2215
1780 2216
1782 2213
1784 2214
1786 2216
1788 2294
1790 2219
1792 2294
1794 2255
1796 2212
1798 2213
1800 2327
1802 2235
1804 2216
1806 2254
1808 2216
1810 2213
1812 2217
1814 2218
1816 2288
1818 2217
1820 2212
1822 2252
1824 2220
1826 2217
1828 2216
1830 2216
1832 2252
1834 2446
1836 2217
1838 2253
1840 2256
1842 2219
1844 2291
1846 2217
1848 2216
1850 2301
1852 2219
1854 2419
1856 2317
1858 2218
1860 2218
1862 2289
1864 2219
1866 2214
1868 2331
1870 2216
1872 2217
1874 2213
1876 2294
1878 2212
1880 2292
1882 2692
1884 2348
1886 2372
1888 2365
1890 2275
1892 2354
1894 2304
1896 2319
1898 2502
1900 2356
1902 2338
1904 2398
1906 2278
1908 2279
1910 2324
1912 2275
1914 2276
1916 2296
1918 2290
1920 2218
1922 2217
1924 3096
1926 2252
1928 2252
1930 2353
1932 2217
1934 2296
1936 2217
1938 2216
1940 2332
1942 2217
1944 2291
1946 2296
1948 2312
1950 2217
1952 2295
1954 2250
1956 2299
1958 2277
1960 2216
1962 2285
1964 2289
1966 2217
1968 2214
1970 2291
1972 2217
1974 2217
1976 2289
1978 2213
1980 2217
1982 2326
1984 2219
1986 2219
1988 2219
1990 2216
1992 2218
1994 2216
1996 2217
1998 2217
2000 4544
