2 190
4 104
6 104
8 101
10 101
12 101
14 100
16 110
18 109
20 109
22 109
24 109
26 109
28 109
30 110
32 175
34 138
36 138
38 138
40 138
42 137
44 138
46 137
48 139
50 137
52 138
54 138
56 158
58 141
60 141
62 174
64 206
66 206
68 224
70 206
72 205
74 206
76 206
78 206
80 206
82 205
84 206
86 205
88 206
90 206
92 206
94 206
96 206
98 223
100 206
102 206
104 206
106 206
108 206
110 206
112 206
114 206
116 206
118 206
120 206
122 206
124 206
126 337
128 337
130 337
132 336
134 337
136 337
138 357
140 337
142 337
144 337
146 338
148 337
150 337
152 338
154 338
156 338
158 338
160 337
162 337
164 337
166 387
168 329
170 329
172 367
174 329
176 329
178 329
180 329
182 329
184 328
186 329
188 329
190 328
192 328
194 366
196 330
198 328
200 328
202 328
204 328
206 365
208 366
210 329
212 338
214 338
216 338
218 338
220 337
222 337
224 337
226 406
228 339
230 437
232 329
234 328
236 328
238 328
240 328
242 329
244 329
246 337
248 337
250 609
252 645
254 610
256 609
258 628
260 633
262 609
264 607
266 609
268 609
270 609
272 609
274 609
276 609
278 609
280 609
282 643
284 750
286 593
288 592
290 592
292 632
294 594
296 594
298 594
300 674
302 591
304 594
306 631
308 594
310 630
312 593
314 593
316 594
318 593
320 613
322 593
324 593
326 593
328 592
330 593
332 593
334 593
336 593
338 593
340 593
342 668
344 594
346 594
348 629
350 595
352 592
354 593
356 593
358 592
360 594
362 593
364 594
366 594
368 592
370 704
372 592
374 593
376 592
378 593
380 629
382 593
384 593
386 593
388 593
390 659
392 630
394 593
396 593
398 593
400 593
402 593
404 593
406 593
408 666
410 593
412 627
414 592
416 594
418 701
420 594
422 594
424 614
426 592
428 595
430 593
432 594
434 594
436 593
438 735
440 594
442 594
444 594
446 594
448 595
450 594
452 594
454 631
456 611
458 594
460 701
462 593
464 594
466 593
468 592
470 592
472 593
474 593
476 630
478 592
480 593
482 593
484 591
486 593
488 592
490 593
492 712
494 593
496 593
498 593
500 1131
502 1319
504 1132
506 1131
508 1168
510 1166
512 1131
514 1132
516 1131
518 1131
520 1131
522 1168
524 1131
526 1322
528 1131
530 1131
532 1131
534 1167
536 1133
538 1131
540 1131
542 1132
544 1131
546 1131
548 1169
550 1131
552 1131
554 1166
556 1205
558 1131
560 1131
562 1131
564 1169
566 1131
568 1168
570 1133
572 1131
574 1131
576 1131
578 1131
580 1131
582 1131
584 1131
586 1132
588 1131
590 1129
592 1206
594 1189
596 1510
598 1240
600 1163
602 1162
604 1232
606 1162
608 1282
610 1161
612 1161
614 1158
616 1161
618 1161
620 1133
622 1215
624 1131
626 1132
628 1259
630 1131
632 1131
634 1131
636 1131
638 1210
640 1131
642 1131
644 1133
646 1129
648 1131
650 1131
652 1131
654 1169
656 1243
658 1131
660 1130
662 1130
664 1130
666 1185
668 1130
670 1131
672 1286
674 1132
676 1128
678 1208
680 1131
682 1131
684 1207
686 1160
688 1134
690 1168
692 1131
694 1131
696 1130
698 1130
700 1132
702 1150
704 1132
706 1132
708 1129
710 1169
712 1309
714 1170
716 1181
718 1161
720 1161
722 1160
724 1161
726 1161
728 1161
730 1132
732 1150
734 1129
736 1130
738 1133
740 1132
742 1132
744 1133
746 1168
748 1132
750 1132
752 1133
754 1132
756 1133
758 1132
760 1167
762 1168
764 1131
766 1168
768 1133
770 1172
772 1129
774 1168
776 1131
778 1131
780 1129
782 1172
784 1243
786 1167
788 1169
790 1130
792 1169
794 1186
796 1132
798 1168
800 1131
802 1131
804 1131
806 1131
808 1131
810 1168
812 1205
814 1131
816 1131
818 1131
820 1168
822 1204
824 1130
826 1132
828 1168
830 1133
832 1133
834 1189
836 1131
838 1249
840 1131
842 1131
844 1130
846 1150
848 1132
850 1131
852 1132
854 1168
856 1131
858 1131
860 1130
862 1131
864 1130
866 1205
868 1131
870 1169
872 1131
874 1131
876 1129
878 1131
880 1131
882 1168
884 1130
886 1268
888 1133
890 1133
892 1133
894 1167
896 1131
898 1131
900 1131
902 1131
904 1132
906 1131
908 1131
910 1132
912 1132
914 1132
916 1131
918 1130
920 1132
922 1132
924 1132
926 1132
928 1206
930 1131
932 1168
934 1132
936 1134
938 1206
940 1242
942 1131
944 1131
946 1131
948 1169
950 1131
952 1131
954 1131
956 1131
958 1130
960 1131
962 1131
964 1132
966 1131
968 1204
970 1131
972 1130
974 1132
976 1132
978 1131
980 1242
982 1162
984 1162
986 1161
988 1131
990 1131
992 1242
994 1130
996 1168
998 1167
1000 2217
1002 2279
1004 2323
1006 2277
1008 2313
1010 2275
1012 2276
1014 2350
1016 2274
1018 2671
1020 2347
1022 2347
1024 2315
1026 2312
1028 2274
1030 2431
1032 2277
1034 2279
1036 2277
1038 2277
1040 2279
1042 2247
1044 2253
1046 2216
1048 2253
1050 2393
1052 2219
1054 2257
1056 2290
1058 2216
1060 2219
1062 2220
1064 2330
1066 2219
1068 2219
1070 2255
1072 2218
1074 2254
1076 2280
1078 2485
1080 2216
1082 2536
1084 2292
1086 2274
1088 2275
1090 2313
1092 2368
1094 2288
1096 2219
1098 2315
1100 2345
1102 2465
1104 2248
1106 2310
1108 2308
1110 2254
1112 2253
1114 2219
1116 2274
1118 2255
1120 2219
1122 2291
1124 2217
1126 2217
1128 2216
1130 2290
1132 2252
1134 2216
1136 2217
1138 2304
1140 2219
1142 2219
1144 2422
1146 2219
1148 2306
1150 2291
1152 2217
1154 2216
1156 2327
1158 2212
1160 2217
1162 2250
1164 2255
1166 2219
1168 2219
1170 2213
1172 2290
1174 2217
1176 2212
1178 2218
1180 2217
1182 2326
1184 2218
1186 2216
1188 2253
1190 2215
1192 2213
1194 2288
1196 2315
1198 2217
1200 2216
1202 2256
1204 2253
1206 2216
1208 2217
1210 2396
1212 2217
1214 2252
1216 2217
1218 2251
1220 2217
1222 2289
1224 2216
1226 2291
1228 2216
1230 2217
1232 2274
1234 2216
1236 2330
1238 2290
1240 2218
1242 2217
1244 2216
1246 2289
1248 2216
1250 2217
1252 2216
1254 2216
1256 2327
1258 2219
1260 2255
1262 2362
1264 2295
1266 2311
1268 2254
1270 2287
1272 2219
1274 2219
1276 2330
1278 2217
1280 2255
1282 2378
1284 2212
1286 2218
1288 2256
1290 2324
1292 2351
1294 2907
1296 2345
1298 2219
1300 2324
1302 2314
1304 2274
1306 2276
1308 2253
1310 2217
1312 2257
1314 2217
1316 2256
1318 2216
1320 2365
1322 2216
1324 2217
1326 2217
1328 2216
1330 2327
1332 2291
1334 2217
1336 2253
1338 2252
1340 2294
1342 2214
1344 2368
1346 2477
1348 2275
1350 2275
1352 2233
1354 2216
1356 2262
1358 2219
1360 2253
1362 2219
1364 2216
1366 2614
1368 2391
1370 2436
1372 2275
1374 2343
1376 2304
1378 2463
1380 2275
1382 2275
1384 2274
1386 2310
1388 2314
1390 2273
1392 2217
1394 2216
1396 2216
1398 2213
1400 2216
1402 2253
1404 2215
1406 2364
1408 2303
1410 2289
1412 2250
1414 2253
1416 2214
1418 2289
1420 2216
1422 2325
1424 2384
1426 2215
1428 2217
1430 2311
1432 2219
1434 2219
1436 2216
1438 2320
1440 2217
1442 2216
1444 2255
1446 2219
1448 2219
1450 2346
1452 2253
1454 2345
1456 2271
1458 2273
1460 2328
1462 2327
1464 2219
1466 2216
1468 2252
1470 2215
1472 2217
1474 2216
1476 2219
1478 2214
1480 2212
1482 2216
1484 2296
1486 2216
1488 2348
1490 2217
1492 2212
1494 2287
1496 2215
1498 2216
1500 2312
1502 2215
1504 2216
1506 2252
1508 2252
1510 2219
1512 2302
1514 2217
1516 2216
1518 2289
1520 2216
1522 2216
1524 2251
1526 2216
1528 2216
1530 2330
1532 2216
1534 2253
1536 2217
1538 2217
1540 2215
1542 2295
1544 2276
1546 2329
1548 2289
1550 2289
1552 2216
1554 2216
1556 2269
1558 2217
1560 2216
1562 2252
1564 2216
1566 2253
1568 2252
1570 2371
1572 2252
1574 2212
1576 2218
1578 2216
1580 2367
1582 2216
1584 2215
1586 2216
1588 2214
1590 2217
1592 2217
1594 2253
1596 2273
1598 2216
1600 2290
1602 2216
1604 2276
1606 2292
1608 2212
1610 2290
1612 2288
1614 2216
1616 2366
1618 2217
1620 2216
1622 2216
1624 2289
1626 2253
1628 2310
1630 2276
1632 2275
1634 2217
1636 2218
1638 2296
1640 2219
1642 2256
1644 2292
1646 2220
1648 2218
1650 2417
1652 2270
1654 2687
1656 2412
1658 2277
1660 2351
1662 2275
1664 2332
1666 2333
1668 2333
1670 2219
1672 2308
1674 2219
1676 2344
1678 2255
1680 2219
1682 2216
1684 2253
1686 2256
1688 2296
1690 2218
1692 2254
1694 2218
1696 2258
1698 2291
1700 2219
1702 2219
1704 2217
1706 2216
1708 2250
1710 2212
1712 2329
1714 2615
1716 2217
1718 2274
1720 2303
1722 2295
1724 2277
1726 2276
1728 2277
1730 2216
1732 2216
1734 2289
1736 2333
1738 2214
1740 2218
1742 2279
1744 2217
1746 2236
1748 2253
1750 2219
1752 2216
1754 2329
1756 2215
1758 2290
1760 2371
1762 2216
1764 2216
1766 2312
1768 2217
1770 2288
1772 2326
1774 2254
1776 2219
1778 2220
1780 2332
1782 2216
1784 2291
1786 2216
1788 2257
1790 2216
1792 2272
1794 2363
1796 2216
1798 2289
1800 2216
1802 2216
1804 2254
1806 2293
1808 2218
1810 2250
1812 2217
1814 2217
1816 2216
1818 2221
1820 2219
1822 2290
1824 2217
1826 2302
1828 2253
1830 2254
1832 2255
1834 2291
1836 2254
1838 2292
1840 2215
1842 2289
1844 2216
1846 2216
1848 2485
1850 2216
1852 2291
1854 2287
1856 2219
1858 2221
1860 2365
1862 2216
1864 2217
1866 2252
1868 2218
1870 2216
1872 2219
1874 2217
1876 2220
1878 2213
1880 2252
1882 2219
1884 2381
1886 2216
1888 2273
1890 2217
1892 2290
1894 2216
1896 2215
1898 2326
1900 2216
1902 2253
1904 2254
1906 2368
1908 2217
1910 2327
1912 2212
1914 2217
1916 2289
1918 2257
1920 2219
1922 2254
1924 2216
1926 2216
1928 2216
1930 2250
1932 2217
1934 2216
1936 2252
1938 2291
1940 2216
1942 2715
1944 2294
1946 2318
1948 2309
1950 2918
1952 2360
1954 2276
1956 2275
1958 2274
1960 2399
1962 2276
1964 2448
1966 2254
1968 2216
1970 2250
1972 2251
1974 2256
1976 2219
1978 2272
1980 2214
1982 2217
1984 2249
1986 2219
1988 2295
1990 2331
1992 2216
1994 2256
1996 2218
1998 2219
2000 4588
