2 315
4 198
6 196
8 185
10 184
12 183
14 183
16 175
18 174
20 173
22 173
24 173
26 174
28 170
30 170
32 171
34 171
36 168
38 168
40 204
42 167
44 167
46 167
48 168
50 168
52 167
54 280
56 173
58 172
60 170
62 179
64 191
66 186
68 186
70 185
72 185
74 185
76 205
78 185
80 184
82 185
84 189
86 190
88 264
90 185
92 186
94 185
96 186
98 185
100 184
102 184
104 185
106 185
108 185
110 185
112 185
114 185
116 185
118 184
120 185
122 184
124 185
126 238
128 238
130 237
132 274
134 237
136 237
138 236
140 236
142 236
144 237
146 237
148 237
150 236
152 237
154 237
156 237
158 236
160 237
162 236
164 236
166 294
168 239
170 237
172 291
174 237
176 237
178 237
180 237
182 236
184 237
186 236
188 237
190 236
192 274
194 237
196 236
198 237
200 237
202 236
204 236
206 236
208 236
210 236
212 237
214 237
216 236
218 236
220 236
222 236
224 236
226 236
228 236
230 237
232 236
234 237
236 237
238 236
240 236
242 333
244 237
246 237
248 238
250 353
252 354
254 353
256 389
258 426
260 506
262 374
264 362
266 362
268 362
270 361
272 361
274 362
276 361
278 361
280 362
282 352
284 353
286 352
288 353
290 353
292 353
294 352
296 353
298 353
300 389
302 353
304 353
306 352
308 352
310 352
312 352
314 352
316 352
318 352
320 352
322 389
324 353
326 352
328 352
330 352
332 354
334 352
336 353
338 353
340 353
342 353
344 352
346 352
348 352
350 353
352 353
354 352
356 353
358 352
360 352
362 352
364 352
366 352
368 352
370 353
372 352
374 353
376 352
378 352
380 459
382 352
384 353
386 352
388 352
390 352
392 352
394 352
396 352
398 352
400 352
402 353
404 352
406 353
408 370
410 354
412 352
414 352
416 352
418 362
420 362
422 361
424 362
426 564
428 362
430 362
432 362
434 362
436 373
438 353
440 428
442 353
444 353
446 352
448 354
450 390
452 353
454 353
456 353
458 353
460 353
462 352
464 352
466 353
468 354
470 353
472 353
474 353
476 352
478 353
480 353
482 353
484 353
486 353
488 353
490 353
492 352
494 352
496 352
498 352
500 611
502 609
504 609
506 609
508 609
510 737
512 609
514 610
516 609
518 609
520 609
522 610
524 609
526 609
528 610
530 609
532 610
534 610
536 609
538 609
540 609
542 609
544 609
546 609
548 609
550 609
552 682
554 610
556 645
558 785
560 610
562 645
564 624
566 662
568 625
570 624
572 623
574 625
576 625
578 641
580 625
582 671
584 645
586 641
588 641
590 641
592 640
594 624
596 624
598 624
600 682
602 625
604 625
606 624
608 624
610 624
612 662
614 624
616 625
618 624
620 809
622 607
624 607
626 623
628 623
630 623
632 625
634 643
636 685
638 670
640 646
642 643
644 643
646 656
648 643
650 644
652 650
654 688
656 643
658 642
660 643
662 641
664 640
666 641
668 642
670 641
672 641
674 641
676 641
678 662
680 623
682 622
684 623
686 623
688 608
690 644
692 607
694 607
696 607
698 644
700 610
702 719
704 607
706 608
708 607
710 608
712 625
714 663
716 608
718 608
720 608
722 610
724 608
726 644
728 608
730 686
732 624
734 623
736 623
738 661
740 626
742 645
744 607
746 624
748 607
750 607
752 608
754 722
756 607
758 607
760 607
762 751
764 704
766 729
768 624
770 666
772 626
774 623
776 643
778 623
780 623
782 624
784 660
786 626
788 625
790 625
792 623
794 636
796 665
798 608
800 609
802 608
804 607
806 607
808 691
810 635
812 608
814 608
816 608
818 707
820 641
822 608
824 753
826 609
828 697
830 640
832 624
834 624
836 624
838 607
840 645
842 623
844 608
846 607
848 647
850 607
852 608
854 693
856 646
858 608
860 607
862 607
864 607
866 645
868 608
870 608
872 608
874 607
876 607
878 607
880 724
882 609
884 609
886 625
888 607
890 607
892 607
894 608
896 608
898 607
900 609
902 608
904 607
906 607
908 608
910 608
912 608
914 608
916 610
918 608
920 608
922 609
924 608
926 607
928 607
930 607
932 607
934 608
936 608
938 608
940 608
942 607
944 608
946 607
948 607
950 625
952 608
954 607
956 608
958 644
960 608
962 607
964 608
966 609
968 608
970 607
972 607
974 681
976 608
978 608
980 607
982 608
984 607
986 680
988 609
990 607
992 607
994 607
996 608
998 607
1000 1146
1002 1182
1004 1146
1006 1146
1008 1146
1010 1182
1012 1144
1014 1180
1016 1218
1018 1145
1020 1145
1022 1183
1024 1145
1026 1144
1028 1146
1030 1144
1032 1146
1034 1145
1036 1144
1038 1144
1040 1144
1042 1144
1044 1144
1046 1201
1048 1145
1050 1145
1052 1222
1054 1144
1056 1144
1058 1144
1060 1142
1062 1146
1064 1177
1066 1175
1068 1177
1070 1215
1072 1212
1074 1212
1076 1175
1078 1217
1080 1175
1082 1176
1084 1316
1086 1305
1088 1266
1090 1245
1092 1174
1094 1173
1096 1176
1098 1145
1100 1145
1102 1182
1104 1220
1106 1145
1108 1218
1110 1144
1112 1143
1114 1144
1116 1173
1118 1174
1120 1174
1122 1144
1124 1144
1126 1143
1128 1143
1130 1142
1132 1143
1134 1144
1136 1143
1138 1143
1140 1144
1142 1146
1144 1144
1146 1255
1148 1146
1150 1145
1152 1216
1154 1145
1156 1143
1158 1144
1160 1144
1162 1144
1164 1260
1166 1168
1168 1177
1170 1175
1172 1277
1174 1175
1176 1175
1178 1175
1180 1175
1182 1181
1184 1148
1186 1147
1188 1146
1190 1146
1192 1145
1194 1334
1196 1144
1198 1144
1200 1144
1202 1262
1204 1143
1206 1145
1208 1255
1210 1244
1212 1187
1214 1182
1216 1145
1218 1143
1220 1144
1222 1146
1224 1145
1226 1145
1228 1164
1230 1220
1232 1143
1234 1144
1236 1143
1238 1180
1240 1143
1242 1143
1244 1143
1246 1149
1248 1148
1250 1147
1252 1183
1254 1145
1256 1145
1258 1164
1260 1144
1262 1181
1264 1144
1266 1143
1268 1144
1270 1143
1272 1145
1274 1146
1276 1145
1278 1145
1280 1145
1282 1144
1284 1144
1286 1143
1288 1144
1290 1255
1292 1143
1294 1175
1296 1207
1298 1185
1300 1217
1302 1180
1304 1145
1306 1144
1308 1145
1310 1143
1312 1144
1314 1164
1316 1143
1318 1144
1320 1144
1322 1144
1324 1144
1326 1144
1328 1144
1330 1144
1332 1146
1334 1143
1336 1125
1338 1123
1340 1154
1342 1153
1344 1153
1346 1198
1348 1122
1350 1139
1352 1121
1354 1122
1356 1196
1358 1204
1360 1122
1362 1122
1364 1122
1366 1122
1368 1202
1370 1126
1372 1123
1374 1154
1376 1151
1378 1150
1380 1151
1382 1188
1384 1218
1386 1158
1388 1159
1390 1156
1392 1162
1394 1203
1396 1154
1398 1208
1400 1233
1402 1184
1404 1154
1406 1225
1408 1189
1410 1150
1412 1150
1414 1150
1416 1149
1418 1122
1420 1121
1422 1196
1424 1158
1426 1122
1428 1121
1430 1196
1432 1122
1434 1120
1436 1121
1438 1158
1440 1120
1442 1120
1444 1158
1446 1120
1448 1158
1450 1121
1452 1458
1454 1155
1456 1152
1458 1151
1460 1154
1462 1152
1464 1230
1466 1124
1468 1122
1470 1160
1472 1121
1474 1229
1476 1121
1478 1122
1480 1122
1482 1120
1484 1120
1486 1120
1488 1239
1490 1125
1492 1203
1494 1159
1496 1121
1498 1158
1500 1206
1502 1165
1504 1229
1506 1152
1508 1152
1510 1152
1512 1151
1514 1150
1516 1197
1518 1122
1520 1141
1522 1120
1524 1125
1526 1123
1528 1124
1530 1122
1532 1123
1534 1122
1536 1121
1538 1234
1540 1159
1542 1122
1544 1158
1546 1123
1548 1121
1550 1121
1552 1121
1554 1121
1556 1121
1558 1121
1560 1121
1562 1120
1564 1122
1566 1121
1568 1120
1570 1197
1572 1122
1574 1196
1576 1120
1578 1121
1580 1197
1582 1314
1584 1143
1586 1153
1588 1152
1590 1146
1592 1122
1594 1200
1596 1198
1598 1124
1600 1123
1602 1162
1604 1123
1606 1124
1608 1122
1610 1121
1612 1124
1614 1123
1616 1122
1618 1124
1620 1231
1622 1121
1624 1122
1626 1119
1628 1120
1630 1157
1632 1122
1634 1123
1636 1120
1638 1157
1640 1121
1642 1154
1644 1231
1646 1122
1648 1150
1650 1150
1652 1187
1654 1126
1656 1210
1658 1275
1660 1159
1662 1121
1664 1124
1666 1123
1668 1121
1670 1218
1672 1123
1674 1123
1676 1178
1678 1122
1680 1121
1682 1217
1684 1121
1686 1223
1688 1175
1690 1153
1692 1154
1694 1152
1696 1151
1698 1289
1700 1155
1702 1154
1704 1122
1706 1122
1708 1121
1710 1121
1712 1122
1714 1122
1716 1122
1718 1123
1720 1122
1722 1122
1724 1236
1726 1121
1728 1156
1730 1138
1732 1122
1734 1121
1736 1199
1738 1120
1740 1120
1742 1292
1744 1163
1746 1221
1748 1230
1750 1152
1752 1184
1754 1175
1756 1125
1758 1122
1760 1122
1762 1122
1764 1120
1766 1121
1768 1121
1770 1122
1772 1123
1774 1121
1776 1121
1778 1122
1780 1121
1782 1120
1784 1159
1786 1149
1788 1121
1790 1121
1792 1121
1794 1121
1796 1121
1798 1120
1800 1199
1802 1121
1804 1120
1806 1120
1808 1119
1810 1120
1812 1195
1814 1120
1816 1158
1818 1157
1820 1120
1822 1137
1824 1141
1826 1122
1828 1120
1830 1120
1832 1121
1834 1121
1836 1122
1838 1120
1840 1120
1842 1121
1844 1120
1846 1121
1848 1200
1850 1122
1852 1122
1854 1231
1856 1231
1858 1121
1860 1193
1862 1158
1864 1381
1866 1150
1868 1204
1870 1151
1872 1151
1874 1151
1876 1282
1878 1121
1880 1198
1882 1159
1884 1122
1886 1119
1888 1122
1890 1121
1892 1121
1894 1120
1896 1121
1898 1120
1900 1121
1902 1121
1904 1123
1906 1232
1908 1133
1910 1132
1912 1208
1914 1129
1916 1129
1918 1187
1920 1159
1922 1161
1924 1128
1926 1128
1928 1130
1930 1128
1932 1126
1934 1210
1936 1128
1938 1128
1940 1200
1942 1128
1944 1127
1946 1127
1948 1305
1950 1170
1952 1131
1954 1131
1956 1129
1958 1205
1960 1201
1962 1127
1964 1202
1966 1128
1968 1127
1970 1129
1972 1205
1974 1129
1976 1203
1978 1127
1980 1127
1982 1165
1984 1128
1986 1128
1988 1164
1990 1128
1992 1128
1994 1252
1996 1127
1998 1127
2000 2167
