2 217
4 199
6 199
8 186
10 184
12 184
14 182
16 174
18 172
20 172
22 171
24 171
26 170
28 170
30 171
32 173
34 171
36 171
38 170
40 170
42 169
44 170
46 169
48 169
50 171
52 172
54 221
56 197
58 177
60 176
62 186
64 193
66 194
68 191
70 191
72 191
74 191
76 191
78 191
80 191
82 190
84 190
86 191
88 233
90 213
92 190
94 190
96 240
98 190
100 191
102 191
104 191
106 191
108 190
110 191
112 190
114 190
116 190
118 190
120 190
122 190
124 191
126 245
128 246
130 244
132 245
134 245
136 282
138 244
140 244
142 243
144 244
146 244
148 237
150 238
152 237
154 238
156 238
158 238
160 238
162 238
164 239
166 238
168 238
170 328
172 238
174 237
176 238
178 239
180 237
182 238
184 238
186 238
188 238
190 237
192 238
194 237
196 278
198 245
200 244
202 245
204 244
206 243
208 244
210 244
212 244
214 244
216 244
218 244
220 244
222 280
224 245
226 245
228 383
230 296
232 238
234 238
236 237
238 237
240 238
242 328
244 238
246 238
248 238
250 360
252 470
254 368
256 368
258 368
260 370
262 368
264 368
266 369
268 368
270 370
272 369
274 369
276 369
278 369
280 368
282 368
284 368
286 368
288 368
290 368
292 359
294 359
296 397
298 359
300 359
302 432
304 359
306 359
308 359
310 359
312 359
314 359
316 359
318 395
320 359
322 359
324 360
326 359
328 360
330 359
332 359
334 359
336 360
338 359
340 360
342 359
344 359
346 359
348 359
350 360
352 359
354 359
356 360
358 360
360 359
362 359
364 359
366 359
368 359
370 396
372 359
374 360
376 432
378 359
380 359
382 359
384 360
386 380
388 359
390 359
392 397
394 359
396 359
398 359
400 359
402 359
404 359
406 397
408 359
410 359
412 359
414 359
416 359
418 359
420 358
422 359
424 359
426 359
428 376
430 360
432 359
434 359
436 360
438 359
440 359
442 360
444 359
446 359
448 359
450 360
452 359
454 359
456 359
458 359
460 359
462 359
464 397
466 359
468 359
470 359
472 359
474 358
476 359
478 358
480 359
482 359
484 359
486 359
488 359
490 396
492 396
494 359
496 358
498 359
500 607
502 608
504 607
506 607
508 755
510 607
512 609
514 607
516 643
518 607
520 607
522 606
524 607
526 608
528 643
530 607
532 608
534 622
536 622
538 657
540 623
542 623
544 624
546 608
548 607
550 607
552 607
554 607
556 639
558 607
560 607
562 607
564 607
566 608
568 607
570 607
572 607
574 607
576 607
578 625
580 623
582 623
584 639
586 639
588 683
590 640
592 872
594 728
596 656
598 656
600 655
602 656
604 656
606 656
608 657
610 639
612 638
614 638
616 638
618 639
620 640
622 622
624 621
626 622
628 622
630 621
632 622
634 622
636 734
638 623
640 622
642 622
644 622
646 640
648 695
650 623
652 659
654 741
656 622
658 624
660 624
662 623
664 622
666 622
668 624
670 621
672 622
674 622
676 622
678 622
680 622
682 622
684 704
686 622
688 622
690 624
692 622
694 718
696 800
698 767
700 641
702 640
704 641
706 639
708 638
710 638
712 668
714 638
716 640
718 638
720 638
722 638
724 638
726 649
728 622
730 622
732 694
734 622
736 701
738 623
740 623
742 622
744 622
746 624
748 622
750 622
752 699
754 622
756 661
758 622
760 622
762 622
764 696
766 623
768 641
770 622
772 622
774 638
776 622
778 622
780 622
782 622
784 622
786 622
788 624
790 622
792 622
794 643
796 622
798 622
800 622
802 622
804 622
806 658
808 1744
810 687
812 639
814 639
816 638
818 642
820 638
822 638
824 638
826 718
828 639
830 638
832 638
834 622
836 622
838 622
840 621
842 621
844 622
846 622
848 622
850 621
852 621
854 701
856 622
858 622
860 622
862 624
864 623
866 622
868 680
870 622
872 623
874 622
876 622
878 622
880 654
882 622
884 622
886 622
888 621
890 622
892 656
894 623
896 622
898 622
900 622
902 623
904 731
906 622
908 622
910 622
912 622
914 623
916 660
918 641
920 622
922 622
924 621
926 658
928 658
930 695
932 622
934 674
936 621
938 623
940 638
942 622
944 622
946 748
948 622
950 623
952 622
954 621
956 622
958 624
960 623
962 623
964 622
966 622
968 695
970 622
972 622
974 649
976 638
978 639
980 639
982 639
984 674
986 639
988 638
990 639
992 639
994 639
996 638
998 638
1000 1195
1002 1194
1004 1228
1006 1192
1008 1193
1010 1236
1012 1162
1014 1209
1016 1184
1018 1163
1020 1338
1022 1345
1024 1472
1026 1274
1028 1226
1030 1191
1032 1230
1034 1192
1036 1186
1038 1198
1040 1165
1042 1166
1044 1165
1046 1164
1048 1162
1050 1162
1052 1163
1054 1161
1056 1162
1058 1161
1060 1162
1062 1163
1064 1163
1066 1197
1068 1233
1070 1160
1072 1248
1074 1162
1076 1235
1078 1233
1080 1162
1082 1236
1084 1161
1086 1162
1088 1163
1090 1162
1092 1161
1094 1161
1096 1164
1098 1200
1100 1161
1102 1161
1104 1161
1106 1161
1108 1199
1110 1160
1112 1160
1114 1161
1116 1159
1118 1161
1120 1161
1122 1604
1124 1196
1126 1196
1128 1195
1130 1193
1132 1195
1134 1167
1136 1166
1138 1164
1140 1164
1142 1162
1144 1268
1146 1162
1148 1161
1150 1162
1152 1197
1154 1161
1156 1161
1158 1161
1160 1161
1162 1199
1164 1196
1166 1259
1168 1197
1170 1233
1172 1161
1174 1159
1176 1160
1178 1161
1180 1161
1182 1161
1184 1162
1186 1162
1188 1161
1190 1162
1192 1179
1194 1162
1196 1300
1198 1164
1200 1163
1202 1163
1204 1162
1206 1163
1208 1161
1210 1161
1212 1161
1214 1273
1216 1162
1218 1161
1220 1199
1222 1161
1224 1161
1226 1267
1228 1161
1230 1160
1232 1238
1234 1161
1236 1162
1238 1163
1240 1272
1242 1162
1244 1161
1246 1161
1248 1162
1250 1161
1252 1162
1254 1162
1256 1161
1258 1161
1260 1387
1262 1167
1264 1164
1266 1195
1268 1194
1270 1208
1272 1242
1274 1192
1276 1181
1278 1170
1280 1163
1282 1198
1284 1163
1286 1161
1288 1198
1290 1163
1292 1162
1294 1180
1296 1161
1298 1161
1300 1226
1302 1162
1304 1204
1306 1162
1308 1181
1310 1242
1312 1161
1314 1161
1316 1161
1318 1162
1320 1162
1322 1163
1324 1166
1326 1233
1328 1161
1330 1241
1332 1238
1334 1164
1336 1163
1338 1199
1340 1162
1342 1163
1344 1161
1346 1133
1348 1130
1350 1130
1352 1129
1354 1129
1356 1129
1358 1148
1360 1131
1362 1204
1364 1131
1366 1131
1368 1130
1370 1132
1372 1129
1374 1129
1376 1203
1378 1128
1380 1130
1382 1168
1384 1128
1386 1201
1388 1129
1390 1246
1392 1212
1394 1129
1396 1128
1398 1128
1400 1130
1402 1129
1404 1267
1406 1161
1408 1201
1410 1289
1412 1274
1414 1161
1416 1159
1418 1229
1420 1162
1422 1160
1424 1160
1426 1130
1428 1265
1430 1131
1432 1130
1434 1129
1436 1128
1438 1202
1440 1130
1442 1130
1444 1165
1446 1337
1448 1249
1450 1170
1452 1131
1454 1322
1456 1129
1458 1170
1460 1129
1462 1129
1464 1128
1466 1129
1468 1128
1470 1129
1472 1190
1474 1127
1476 1167
1478 1128
1480 1130
1482 1273
1484 1127
1486 1128
1488 1127
1490 1128
1492 1204
1494 1128
1496 1130
1498 1129
1500 1128
1502 1127
1504 1128
1506 1128
1508 1199
1510 1132
1512 1131
1514 1202
1516 1165
1518 1167
1520 1129
1522 1130
1524 1130
1526 1128
1528 1129
1530 1245
1532 1220
1534 1189
1536 1158
1538 1190
1540 1150
1542 1165
1544 1165
1546 1128
1548 1129
1550 1129
1552 1165
1554 1129
1556 1129
1558 1128
1560 1128
1562 1129
1564 1166
1566 1165
1568 1129
1570 1235
1572 1128
1574 1128
1576 1201
1578 1130
1580 1130
1582 1130
1584 1129
1586 1129
1588 1130
1590 1166
1592 1148
1594 1128
1596 1131
1598 1129
1600 1128
1602 1128
1604 1127
1606 1128
1608 1208
1610 1127
1612 1151
1614 1268
1616 1283
1618 1162
1620 1236
1622 1163
1624 1162
1626 1202
1628 1194
1630 1192
1632 1158
1634 1159
1636 1159
1638 1128
1640 1128
1642 1129
1644 1187
1646 1134
1648 1130
1650 1239
1652 1128
1654 1128
1656 1128
1658 1128
1660 1164
1662 1200
1664 1129
1666 1203
1668 1165
1670 1128
1672 1128
1674 1131
1676 1165
1678 1128
1680 1203
1682 1164
1684 1279
1686 1128
1688 1256
1690 1128
1692 1202
1694 1128
1696 1129
1698 1128
1700 1194
1702 1280
1704 1161
1706 1206
1708 1162
1710 1161
1712 1209
1714 1131
1716 1133
1718 1279
1720 1130
1722 1130
1724 1199
1726 1131
1728 1131
1730 1168
1732 1186
1734 1167
1736 1129
1738 1128
1740 1128
1742 1191
1744 1129
1746 1160
1748 1158
1750 1157
1752 1130
1754 1202
1756 1128
1758 1130
1760 1130
1762 1130
1764 1129
1766 1128
1768 1127
1770 1128
1772 1236
1774 1128
1776 1129
1778 1164
1780 1130
1782 1129
1784 1128
1786 1127
1788 1130
1790 1129
1792 1166
1794 1128
1796 1128
1798 1129
1800 1129
1802 1129
1804 1130
1806 1130
1808 1127
1810 1218
1812 1165
1814 1128
1816 1241
1818 1128
1820 1127
1822 1129
1824 1127
1826 1127
1828 1128
1830 1128
1832 1127
1834 1507
1836 1127
1838 1204
1840 1129
1842 1222
1844 1128
1846 1128
1848 1202
1850 1130
1852 1129
1854 1129
1856 1129
1858 1128
1860 1128
1862 1129
1864 1128
1866 1129
1868 1130
1870 1129
1872 1165
1874 1127
1876 1127
1878 1127
1880 1207
1882 1129
1884 1129
1886 1165
1888 1307
1890 1128
1892 1127
1894 1205
1896 1128
1898 1129
1900 1130
1902 1129
1904 1148
1906 1128
1908 1128
1910 1128
1912 1128
1914 1128
1916 1128
1918 1128
1920 1148
1922 1145
1924 1146
1926 1175
1928 1174
1930 1209
1932 1144
1934 1147
1936 1238
1938 1175
1940 1179
1942 1213
1944 1220
1946 1148
1948 1176
1950 1175
1952 1174
1954 1245
1956 1173
1958 1173
1960 1180
1962 1144
1964 1143
1966 1181
1968 1145
1970 1143
1972 1231
1974 1145
1976 1143
1978 1180
1980 1143
1982 1143
1984 1143
1986 1143
1988 1143
1990 1419
1992 1280
1994 1212
1996 1176
1998 1175
2000 2557
