2 141
4 120
6 120
8 105
10 105
12 106
14 105
16 93
18 93
20 93
22 93
24 93
26 93
28 93
30 93
32 81
34 81
36 81
38 80
40 83
42 81
44 71
46 71
48 71
50 71
52 71
54 72
56 72
58 72
60 71
62 66
64 61
66 61
68 60
70 60
72 60
74 60
76 61
78 61
80 60
82 61
84 60
86 60
88 61
90 60
92 60
94 60
96 60
98 61
100 55
102 56
104 56
106 56
108 94
110 56
112 55
114 56
116 56
118 56
120 55
122 56
124 56
126 46
128 46
130 46
132 46
134 47
136 46
138 46
140 45
142 46
144 46
146 46
148 46
150 63
152 46
154 46
156 45
158 46
160 85
162 45
164 45
166 46
168 46
170 46
172 46
174 46
176 46
178 46
180 99
182 62
184 44
186 44
188 44
190 62
192 44
194 45
196 46
198 45
200 46
202 46
204 46
206 46
208 46
210 46
212 46
214 45
216 46
218 46
220 46
222 46
224 63
226 46
228 47
230 57
232 56
234 47
236 47
238 47
240 47
242 47
244 47
246 47
248 47
250 37
252 38
254 37
256 37
258 37
260 37
262 37
264 37
266 37
268 37
270 59
272 37
274 36
276 36
278 36
280 36
282 36
284 36
286 36
288 37
290 37
292 37
294 37
296 37
298 37
300 37
302 37
304 37
306 36
308 37
310 37
312 37
314 37
316 37
318 37
320 36
322 37
324 36
326 36
328 36
330 35
332 36
334 36
336 36
338 35
340 35
342 37
344 36
346 36
348 36
350 35
352 36
354 36
356 36
358 36
360 35
362 35
364 35
366 35
368 35
370 35
372 35
374 35
376 35
378 35
380 35
382 35
384 55
386 36
388 37
390 36
392 36
394 35
396 34
398 35
400 35
402 35
404 35
406 35
408 34
410 35
412 35
414 35
416 36
418 36
420 36
422 36
424 51
426 35
428 35
430 35
432 35
434 35
436 35
438 35
440 35
442 35
444 35
446 35
448 35
450 35
452 35
454 35
456 35
458 35
460 35
462 56
464 35
466 50
468 35
470 36
472 35
474 36
476 34
478 35
480 35
482 35
484 35
486 35
488 35
490 35
492 35
494 35
496 35
498 35
500 25
502 25
504 25
506 25
508 25
510 25
512 25
514 25
516 25
518 25
520 26
522 26
524 26
526 26
528 25
530 25
532 25
534 25
536 25
538 25
540 25
542 25
544 25
546 25
548 25
550 25
552 25
554 25
556 25
558 25
560 25
562 27
564 31
566 27
568 26
570 26
572 26
574 27
576 27
578 26
580 27
582 26
584 26
586 26
588 26
590 26
592 26
594 25
596 26
598 25
600 25
602 25
604 25
606 25
608 25
610 25
612 25
614 25
616 26
618 26
620 26
622 26
624 26
626 25
628 25
630 25
632 25
634 25
636 25
638 25
640 25
642 26
644 25
646 25
648 25
650 25
652 25
654 25
656 25
658 25
660 25
662 25
664 25
666 25
668 25
670 25
672 25
674 25
676 25
678 25
680 25
682 25
684 25
686 25
688 25
690 25
692 25
694 25
696 25
698 25
700 25
702 25
704 25
706 25
708 25
710 25
712 25
714 26
716 26
718 26
720 26
722 26
724 26
726 25
728 25
730 25
732 25
734 25
736 42
738 25
740 25
742 25
744 25
746 25
748 25
750 25
752 25
754 45
756 25
758 25
760 25
762 25
764 25
766 25
768 25
770 25
772 25
774 25
776 25
778 25
780 25
782 40
784 26
786 25
788 25
790 25
792 25
794 25
796 25
798 25
800 25
802 25
804 25
806 25
808 25
810 25
812 25
814 25
816 25
818 25
820 25
822 25
824 25
826 25
828 25
830 25
832 25
834 25
836 25
838 25
840 25
842 25
844 25
846 26
848 26
850 26
852 26
854 26
856 26
858 26
860 26
862 26
864 26
866 26
868 26
870 26
872 26
874 26
876 26
878 46
880 26
882 25
884 25
886 26
888 26
890 26
892 26
894 26
896 26
898 26
900 26
902 26
904 26
906 26
908 26
910 25
912 25
914 25
916 25
918 25
920 25
922 25
924 25
926 25
928 25
930 27
932 27
934 25
936 25
938 25
940 26
942 26
944 26
946 26
948 26
950 26
952 26
954 26
956 26
958 26
960 26
962 25
964 25
966 25
968 26
970 25
972 25
974 25
976 25
978 25
980 25
982 25
984 25
986 25
988 25
990 25
992 25
994 25
996 25
998 25
1000 16
1002 16
1004 16
1006 16
1008 16
1010 16
1012 16
1014 16
1016 16
1018 16
1020 16
1022 16
1024 16
1026 16
1028 16
1030 16
1032 16
1034 16
1036 16
1038 16
1040 16
1042 16
1044 16
1046 16
1048 16
1050 16
1052 16
1054 16
1056 18
1058 16
1060 16
1062 16
1064 16
1066 40
1068 16
1070 16
1072 16
1074 16
1076 16
1078 16
1080 16
1082 16
1084 17
1086 17
1088 17
1090 17
1092 16
1094 16
1096 16
1098 16
1100 16
1102 16
1104 16
1106 16
1108 16
1110 16
1112 16
1114 16
1116 16
1118 16
1120 16
1122 16
1124 16
1126 16
1128 16
1130 16
1132 16
1134 16
1136 16
1138 16
1140 16
1142 16
1144 16
1146 16
1148 16
1150 16
1152 16
1154 16
1156 16
1158 16
1160 16
1162 16
1164 16
1166 16
1168 16
1170 16
1172 16
1174 16
1176 16
1178 16
1180 16
1182 16
1184 16
1186 16
1188 16
1190 16
1192 16
1194 16
1196 16
1198 16
1200 16
1202 16
1204 16
1206 16
1208 16
1210 16
1212 16
1214 16
1216 16
1218 16
1220 16
1222 16
1224 16
1226 16
1228 16
1230 16
1232 16
1234 16
1236 16
1238 16
1240 16
1242 16
1244 16
1246 16
1248 16
1250 16
1252 16
1254 16
1256 16
1258 16
1260 16
1262 16
1264 16
1266 16
1268 16
1270 16
1272 16
1274 16
1276 16
1278 16
1280 16
1282 16
1284 16
1286 16
1288 16
1290 16
1292 16
1294 16
1296 16
1298 16
1300 16
1302 16
1304 16
1306 16
1308 16
1310 16
1312 16
1314 16
1316 16
1318 16
1320 16
1322 16
1324 16
1326 16
1328 16
1330 16
1332 16
1334 16
1336 16
1338 16
1340 19
1342 16
1344 17
1346 17
1348 17
1350 16
1352 16
1354 16
1356 16
1358 16
1360 16
1362 16
1364 16
1366 16
1368 16
1370 16
1372 16
1374 16
1376 16
1378 16
1380 16
1382 16
1384 16
1386 16
1388 16
1390 16
1392 16
1394 16
1396 16
1398 16
1400 16
1402 16
1404 16
1406 16
1408 16
1410 16
1412 16
1414 16
1416 16
1418 16
1420 16
1422 16
1424 16
1426 16
1428 16
1430 16
1432 16
1434 16
1436 16
1438 16
1440 16
1442 16
1444 16
1446 16
1448 16
1450 16
1452 16
1454 16
1456 16
1458 16
1460 16
1462 16
1464 16
1466 16
1468 16
1470 16
1472 16
1474 32
1476 16
1478 16
1480 16
1482 16
1484 16
1486 16
1488 16
1490 16
1492 16
1494 16
1496 16
1498 16
1500 16
1502 16
1504 16
1506 16
1508 16
1510 16
1512 16
1514 16
1516 16
1518 16
1520 16
1522 16
1524 16
1526 16
1528 16
1530 16
1532 16
1534 16
1536 16
1538 16
1540 16
1542 16
1544 16
1546 16
1548 16
1550 16
1552 16
1554 16
1556 16
1558 16
1560 16
1562 16
1564 16
1566 16
1568 16
1570 16
1572 16
1574 16
1576 16
1578 16
1580 16
1582 16
1584 16
1586 16
1588 16
1590 16
1592 16
1594 16
1596 16
1598 16
1600 16
1602 16
1604 16
1606 16
1608 16
1610 35
1612 16
1614 16
1616 16
1618 16
1620 16
1622 16
1624 16
1626 17
1628 16
1630 16
1632 16
1634 16
1636 16
1638 16
1640 16
1642 16
1644 16
1646 16
1648 16
1650 16
1652 16
1654 16
1656 16
1658 16
1660 16
1662 16
1664 16
1666 16
1668 16
1670 16
1672 16
1674 16
1676 16
1678 16
1680 16
1682 16
1684 32
1686 16
1688 16
1690 16
1692 16
1694 16
1696 16
1698 16
1700 16
1702 16
1704 16
1706 16
1708 16
1710 16
1712 16
1714 16
1716 16
1718 16
1720 16
1722 16
1724 16
1726 16
1728 16
1730 16
1732 16
1734 16
1736 16
1738 16
1740 16
1742 16
1744 16
1746 16
1748 16
1750 16
1752 16
1754 16
1756 16
1758 16
1760 16
1762 16
1764 36
1766 16
1768 16
1770 16
1772 16
1774 16
1776 16
1778 16
1780 17
1782 16
1784 16
1786 16
1788 16
1790 16
1792 16
1794 16
1796 16
1798 16
1800 16
1802 16
1804 16
1806 16
1808 16
1810 16
1812 16
1814 16
1816 16
1818 16
1820 16
1822 16
1824 16
1826 16
1828 16
1830 16
1832 16
1834 16
1836 16
1838 16
1840 16
1842 16
1844 16
1846 16
1848 16
1850 16
1852 16
1854 16
1856 16
1858 16
1860 16
1862 16
1864 16
1866 16
1868 16
1870 16
1872 16
1874 16
1876 16
1878 16
1880 16
1882 16
1884 16
1886 16
1888 16
1890 16
1892 16
1894 33
1896 16
1898 16
1900 16
1902 17
1904 17
1906 17
1908 17
1910 18
1912 17
1914 17
1916 17
1918 16
1920 16
1922 16
1924 16
1926 16
1928 16
1930 16
1932 16
1934 16
1936 16
1938 16
1940 16
1942 16
1944 16
1946 16
1948 16
1950 16
1952 16
1954 16
1956 16
1958 16
1960 16
1962 16
1964 16
1966 16
1968 16
1970 16
1972 16
1974 16
1976 16
1978 16
1980 16
1982 16
1984 16
1986 16
1988 17
1990 17
1992 17
1994 31
1996 17
1998 17
2000 7
