2 273
4 250
6 249
8 234
10 231
12 231
14 231
16 222
18 221
20 217
22 216
24 215
26 216
28 217
30 217
32 220
34 218
36 216
38 219
40 203
42 192
44 190
46 188
48 189
50 189
52 188
54 188
56 189
58 187
60 187
62 202
64 213
66 209
68 212
70 211
72 207
74 206
76 206
78 206
80 206
82 206
84 206
86 211
88 206
90 210
92 206
94 206
96 211
98 189
100 190
102 190
104 189
106 190
108 190
110 190
112 203
114 185
116 185
118 185
120 225
122 190
124 188
126 241
128 277
130 240
132 240
134 240
136 239
138 238
140 239
142 239
144 239
146 281
148 330
150 326
152 289
154 364
156 240
158 240
160 239
162 239
164 239
166 240
168 239
170 241
172 245
174 265
176 246
178 245
180 248
182 246
184 248
186 252
188 247
190 245
192 245
194 245
196 245
198 245
200 246
202 245
204 245
206 246
208 245
210 245
212 246
214 273
216 249
218 249
220 251
222 251
224 249
226 298
228 295
230 247
232 247
234 247
236 246
238 245
240 245
242 245
244 245
246 245
248 246
250 373
252 371
254 373
256 469
258 362
260 446
262 415
264 361
266 362
268 362
270 362
272 362
274 362
276 362
278 361
280 362
282 362
284 362
286 362
288 362
290 362
292 363
294 362
296 361
298 361
300 362
302 362
304 361
306 362
308 362
310 362
312 363
314 398
316 362
318 362
320 362
322 362
324 362
326 362
328 436
330 362
332 361
334 362
336 371
338 509
340 363
342 363
344 362
346 363
348 363
350 362
352 362
354 362
356 398
358 398
360 362
362 362
364 362
366 362
368 362
370 362
372 362
374 361
376 437
378 362
380 396
382 362
384 362
386 362
388 362
390 362
392 362
394 362
396 362
398 362
400 362
402 363
404 363
406 362
408 362
410 362
412 362
414 362
416 362
418 362
420 362
422 362
424 361
426 361
428 362
430 361
432 362
434 363
436 362
438 398
440 362
442 361
444 398
446 362
448 362
450 362
452 456
454 363
456 363
458 362
460 364
462 364
464 422
466 363
468 372
470 372
472 373
474 372
476 371
478 372
480 372
482 370
484 371
486 371
488 372
490 372
492 371
494 371
496 372
498 372
500 627
502 635
504 611
506 609
508 685
510 610
512 610
514 610
516 610
518 610
520 742
522 610
524 610
526 611
528 610
530 610
532 610
534 609
536 610
538 610
540 609
542 609
544 609
546 610
548 612
550 610
552 610
554 610
556 610
558 609
560 610
562 610
564 609
566 610
568 610
570 612
572 611
574 611
576 611
578 610
580 610
582 610
584 610
586 610
588 612
590 611
592 610
594 689
596 611
598 649
600 610
602 610
604 609
606 609
608 610
610 682
612 610
614 610
616 610
618 610
620 611
622 795
624 628
626 628
628 626
630 628
632 665
634 625
636 663
638 626
640 667
642 664
644 625
646 627
648 626
650 628
652 627
654 627
656 674
658 627
660 755
662 610
664 611
666 626
668 626
670 628
672 626
674 648
676 651
678 663
680 649
682 647
684 701
686 645
688 855
690 645
692 649
694 653
696 644
698 647
700 643
702 643
704 734
706 648
708 645
710 644
712 645
714 644
716 643
718 647
720 644
722 644
724 643
726 643
728 644
730 643
732 643
734 643
736 657
738 626
740 627
742 627
744 627
746 626
748 626
750 626
752 626
754 626
756 625
758 630
760 610
762 611
764 610
766 610
768 609
770 612
772 611
774 610
776 610
778 610
780 610
782 611
784 610
786 627
788 626
790 609
792 611
794 609
796 626
798 626
800 610
802 609
804 610
806 610
808 611
810 611
812 610
814 628
816 610
818 611
820 610
822 610
824 610
826 610
828 611
830 610
832 610
834 627
836 627
838 613
840 612
842 611
844 610
846 610
848 610
850 610
852 611
854 610
856 610
858 629
860 691
862 720
864 610
866 674
868 627
870 694
872 627
874 627
876 626
878 618
880 618
882 615
884 615
886 848
888 666
890 660
892 617
894 615
896 626
898 599
900 676
902 615
904 629
906 600
908 626
910 616
912 615
914 615
916 616
918 615
920 615
922 615
924 616
926 669
928 616
930 599
932 600
934 615
936 598
938 600
940 599
942 617
944 599
946 600
948 601
950 601
952 599
954 637
956 600
958 599
960 599
962 599
964 599
966 599
968 599
970 600
972 602
974 600
976 599
978 600
980 601
982 599
984 599
986 600
988 599
990 599
992 600
994 601
996 600
998 600
1000 1146
1002 1222
1004 1147
1006 1147
1008 1148
1010 1145
1012 1145
1014 1146
1016 1145
1018 1146
1020 1219
1022 1146
1024 1147
1026 1146
1028 1161
1030 1145
1032 1145
1034 1181
1036 1144
1038 1144
1040 1143
1042 1144
1044 1181
1046 1144
1048 1145
1050 1144
1052 1144
1054 1146
1056 1144
1058 1144
1060 1146
1062 1145
1064 1181
1066 1182
1068 1144
1070 1203
1072 1187
1074 1146
1076 1257
1078 1201
1080 1146
1082 1145
1084 1213
1086 1176
1088 1196
1090 1177
1092 1176
1094 1177
1096 1176
1098 1175
1100 1177
1102 1214
1104 1272
1106 1261
1108 1254
1110 1214
1112 1174
1114 1175
1116 1175
1118 1197
1120 1176
1122 1176
1124 1144
1126 1146
1128 1182
1130 1145
1132 1145
1134 1218
1136 1184
1138 1146
1140 1145
1142 1146
1144 1146
1146 1145
1148 1144
1150 1144
1152 1149
1154 1147
1156 1147
1158 1204
1160 1145
1162 1147
1164 1147
1166 1259
1168 1146
1170 1145
1172 1182
1174 1144
1176 1146
1178 1146
1180 1145
1182 1146
1184 1146
1186 1147
1188 1210
1190 1182
1192 1145
1194 1146
1196 1145
1198 1144
1200 1165
1202 1146
1204 1181
1206 1144
1208 1144
1210 1217
1212 1144
1214 1453
1216 1199
1218 1179
1220 1177
1222 1176
1224 1178
1226 1238
1228 1179
1230 1176
1232 1176
1234 1176
1236 1176
1238 1182
1240 1181
1242 1145
1244 1145
1246 1145
1248 1146
1250 1145
1252 1145
1254 1146
1256 1175
1258 1147
1260 1146
1262 1145
1264 1146
1266 1144
1268 1144
1270 1144
1272 1218
1274 1145
1276 1144
1278 1181
1280 1145
1282 1144
1284 1221
1286 1145
1288 1144
1290 1145
1292 1144
1294 1144
1296 1144
1298 1218
1300 1145
1302 1144
1304 1181
1306 1219
1308 1143
1310 1179
1312 1145
1314 1144
1316 1144
1318 1145
1320 1144
1322 1181
1324 1144
1326 1144
1328 1144
1330 1144
1332 1144
1334 1144
1336 1144
1338 1144
1340 1144
1342 1256
1344 1145
1346 1180
1348 1254
1350 1146
1352 1147
1354 1145
1356 1218
1358 1207
1360 1143
1362 1144
1364 1145
1366 1144
1368 1146
1370 1143
1372 1181
1374 1144
1376 1143
1378 1144
1380 1180
1382 1144
1384 1144
1386 1180
1388 1144
1390 1144
1392 1144
1394 1143
1396 1144
1398 1181
1400 1144
1402 1144
1404 1145
1406 1144
1408 1144
1410 1162
1412 1200
1414 1144
1416 1145
1418 1264
1420 1147
1422 1147
1424 1292
1426 1146
1428 1146
1430 1182
1432 1148
1434 1147
1436 1146
1438 1146
1440 1219
1442 1180
1444 1181
1446 1146
1448 1183
1450 1145
1452 1145
1454 1145
1456 1144
1458 1144
1460 1144
1462 1146
1464 1223
1466 1145
1468 1145
1470 1145
1472 1145
1474 1182
1476 1183
1478 1143
1480 1144
1482 1219
1484 1259
1486 1146
1488 1217
1490 1280
1492 1145
1494 1144
1496 1144
1498 1144
1500 1144
1502 1143
1504 1443
1506 1276
1508 1145
1510 1153
1512 1180
1514 1646
1516 1191
1518 1155
1520 1152
1522 1206
1524 1151
1526 1323
1528 1153
1530 1149
1532 1148
1534 1150
1536 1164
1538 1160
1540 1161
1542 1121
1544 1120
1546 1121
1548 1120
1550 1120
1552 1119
1554 1120
1556 1120
1558 1120
1560 1234
1562 1119
1564 1123
1566 1158
1568 1121
1570 1157
1572 1119
1574 1120
1576 1120
1578 1120
1580 1120
1582 1119
1584 1119
1586 1119
1588 1119
1590 1119
1592 1120
1594 1119
1596 1119
1598 1157
1600 1119
1602 1156
1604 1194
1606 1119
1608 1157
1610 1119
1612 1121
1614 1120
1616 1119
1618 1119
1620 1119
1622 1120
1624 1120
1626 1120
1628 1141
1630 1230
1632 1120
1634 1292
1636 1161
1638 1120
1640 1119
1642 1193
1644 1119
1646 1120
1648 1199
1650 1120
1652 1176
1654 1121
1656 1121
1658 1120
1660 1121
1662 1120
1664 1119
1666 1157
1668 1157
1670 1119
1672 1119
1674 1119
1676 1156
1678 1120
1680 1120
1682 1119
1684 1119
1686 1119
1688 1121
1690 1120
1692 1119
1694 1194
1696 1119
1698 1125
1700 1193
1702 1121
1704 1120
1706 1193
1708 1238
1710 1120
1712 1120
1714 1248
1716 1120
1718 1120
1720 1370
1722 1155
1724 1157
1726 1157
1728 1119
1730 1186
1732 1197
1734 1121
1736 1120
1738 1157
1740 1121
1742 1121
1744 1156
1746 1119
1748 1244
1750 1203
1752 1151
1754 1151
1756 1150
1758 1149
1760 1151
1762 1149
1764 1119
1766 1158
1768 1119
1770 1119
1772 1243
1774 1121
1776 1120
1778 1123
1780 1229
1782 1157
1784 1121
1786 1138
1788 1136
1790 1119
1792 1119
1794 1300
1796 1252
1798 1153
1800 1154
1802 1152
1804 1153
1806 1153
1808 1262
1810 1124
1812 1121
1814 1122
1816 1120
1818 1157
1820 1167
1822 1122
1824 1159
1826 1122
1828 1119
1830 1119
1832 1119
1834 1120
1836 1120
1838 1124
1840 1122
1842 1150
1844 1122
1846 1121
1848 1121
1850 1160
1852 1234
1854 1120
1856 1157
1858 1121
1860 1121
1862 1121
1864 1119
1866 1120
1868 1119
1870 1119
1872 1120
1874 1119
1876 1119
1878 1120
1880 1119
1882 1156
1884 1157
1886 1119
1888 1119
1890 1121
1892 1119
1894 1236
1896 1119
1898 1120
1900 1121
1902 1119
1904 1120
1906 1120
1908 1119
1910 1119
1912 1119
1914 1193
1916 1119
1918 1119
1920 1119
1922 1194
1924 1120
1926 1120
1928 1120
1930 1120
1932 1156
1934 1119
1936 1138
1938 1118
1940 1119
1942 1119
1944 1118
1946 1192
1948 1197
1950 1118
1952 1120
1954 1121
1956 1119
1958 1155
1960 1157
1962 1119
1964 1120
1966 1119
1968 1118
1970 1120
1972 1196
1974 1118
1976 1119
1978 1156
1980 1118
1982 1118
1984 1218
1986 1119
1988 1119
1990 1119
1992 1121
1994 1120
1996 1120
1998 1119
2000 2231
