2 125
4 106
6 106
8 93
10 93
12 93
14 93
16 82
18 82
20 82
22 82
24 82
26 82
28 82
30 82
32 71
34 71
36 72
38 71
40 72
42 72
44 71
46 79
48 72
50 66
52 66
54 66
56 66
58 66
60 66
62 61
64 56
66 56
68 56
70 56
72 56
74 56
76 56
78 56
80 56
82 55
84 56
86 56
88 55
90 56
92 56
94 56
96 56
98 56
100 56
102 55
104 56
106 56
108 56
110 56
112 55
114 56
116 56
118 56
120 55
122 55
124 55
126 46
128 46
130 45
132 46
134 46
136 46
138 45
140 45
142 46
144 46
146 46
148 46
150 45
152 45
154 45
156 46
158 46
160 45
162 46
164 46
166 46
168 45
170 46
172 46
174 46
176 46
178 81
180 46
182 45
184 45
186 46
188 46
190 46
192 46
194 45
196 46
198 46
200 46
202 46
204 46
206 46
208 46
210 46
212 47
214 46
216 46
218 45
220 45
222 46
224 46
226 46
228 46
230 46
232 46
234 46
236 46
238 46
240 46
242 46
244 45
246 45
248 45
250 36
252 35
254 36
256 36
258 36
260 36
262 36
264 35
266 35
268 35
270 35
272 35
274 36
276 35
278 35
280 34
282 35
284 35
286 35
288 35
290 35
292 35
294 35
296 35
298 35
300 35
302 35
304 35
306 35
308 35
310 35
312 35
314 35
316 35
318 35
320 35
322 35
324 35
326 35
328 35
330 35
332 35
334 35
336 35
338 35
340 35
342 35
344 35
346 35
348 35
350 35
352 35
354 35
356 35
358 35
360 35
362 35
364 35
366 35
368 35
370 35
372 35
374 35
376 35
378 35
380 35
382 35
384 35
386 35
388 35
390 35
392 35
394 35
396 35
398 35
400 35
402 35
404 36
406 35
408 34
410 35
412 35
414 35
416 34
418 35
420 34
422 35
424 66
426 35
428 35
430 35
432 35
434 35
436 35
438 35
440 35
442 35
444 35
446 35
448 35
450 35
452 35
454 35
456 35
458 35
460 35
462 35
464 34
466 35
468 35
470 35
472 35
474 35
476 35
478 35
480 35
482 35
484 35
486 34
488 35
490 35
492 75
494 37
496 43
498 46
500 26
502 26
504 27
506 27
508 27
510 27
512 27
514 27
516 26
518 27
520 27
522 27
524 27
526 27
528 27
530 27
532 27
534 27
536 27
538 27
540 27
542 27
544 27
546 27
548 27
550 26
552 26
554 26
556 26
558 27
560 26
562 27
564 27
566 26
568 27
570 26
572 27
574 27
576 27
578 27
580 26
582 26
584 45
586 27
588 26
590 26
592 27
594 26
596 27
598 27
600 26
602 27
604 27
606 27
608 27
610 26
612 27
614 26
616 26
618 26
620 26
622 26
624 26
626 26
628 26
630 25
632 25
634 25
636 25
638 25
640 26
642 26
644 26
646 26
648 26
650 26
652 25
654 25
656 26
658 26
660 26
662 26
664 26
666 27
668 26
670 27
672 28
674 26
676 27
678 26
680 26
682 26
684 26
686 26
688 27
690 27
692 26
694 26
696 26
698 26
700 26
702 26
704 26
706 26
708 26
710 26
712 25
714 25
716 25
718 25
720 25
722 25
724 25
726 26
728 25
730 25
732 25
734 25
736 39
738 29
740 26
742 25
744 26
746 26
748 26
750 26
752 26
754 45
756 26
758 26
760 26
762 26
764 25
766 25
768 25
770 25
772 25
774 25
776 25
778 25
780 25
782 25
784 25
786 25
788 25
790 25
792 25
794 25
796 25
798 25
800 25
802 25
804 25
806 25
808 25
810 25
812 25
814 25
816 26
818 25
820 25
822 25
824 27
826 26
828 26
830 26
832 26
834 26
836 26
838 26
840 43
842 26
844 45
846 26
848 26
850 26
852 26
854 26
856 26
858 26
860 26
862 25
864 25
866 25
868 25
870 25
872 26
874 26
876 26
878 26
880 26
882 25
884 26
886 25
888 25
890 26
892 27
894 27
896 27
898 26
900 27
902 26
904 28
906 27
908 26
910 27
912 27
914 27
916 27
918 27
920 27
922 27
924 27
926 27
928 27
930 27
932 26
934 27
936 27
938 27
940 27
942 27
944 27
946 26
948 26
950 27
952 27
954 26
956 26
958 27
960 26
962 26
964 26
966 26
968 26
970 26
972 26
974 26
976 26
978 26
980 26
982 25
984 27
986 45
988 26
990 26
992 27
994 27
996 27
998 27
1000 17
1002 17
1004 17
1006 17
1008 17
1010 17
1012 16
1014 16
1016 16
1018 16
1020 16
1022 16
1024 16
1026 16
1028 16
1030 16
1032 16
1034 16
1036 16
1038 16
1040 16
1042 16
1044 16
1046 16
1048 16
1050 16
1052 16
1054 16
1056 16
1058 16
1060 16
1062 16
1064 16
1066 16
1068 16
1070 16
1072 16
1074 16
1076 16
1078 16
1080 16
1082 16
1084 36
1086 16
1088 16
1090 16
1092 16
1094 16
1096 16
1098 16
1100 16
1102 16
1104 16
1106 16
1108 16
1110 17
1112 32
1114 17
1116 17
1118 16
1120 16
1122 16
1124 16
1126 16
1128 16
1130 16
1132 16
1134 16
1136 16
1138 19
1140 16
1142 16
1144 16
1146 16
1148 16
1150 16
1152 16
1154 16
1156 16
1158 16
1160 16
1162 16
1164 16
1166 16
1168 16
1170 16
1172 16
1174 16
1176 16
1178 16
1180 16
1182 16
1184 16
1186 16
1188 16
1190 16
1192 16
1194 16
1196 16
1198 16
1200 16
1202 16
1204 16
1206 16
1208 16
1210 16
1212 16
1214 16
1216 16
1218 16
1220 16
1222 16
1224 16
1226 16
1228 16
1230 16
1232 16
1234 16
1236 16
1238 16
1240 16
1242 16
1244 16
1246 16
1248 16
1250 16
1252 35
1254 17
1256 17
1258 17
1260 17
1262 17
1264 17
1266 16
1268 16
1270 16
1272 16
1274 16
1276 16
1278 16
1280 16
1282 16
1284 16
1286 16
1288 16
1290 16
1292 16
1294 16
1296 16
1298 16
1300 16
1302 16
1304 16
1306 16
1308 16
1310 16
1312 17
1314 16
1316 16
1318 16
1320 16
1322 16
1324 16
1326 16
1328 16
1330 16
1332 16
1334 16
1336 16
1338 16
1340 16
1342 16
1344 16
1346 16
1348 16
1350 16
1352 16
1354 16
1356 16
1358 16
1360 16
1362 16
1364 16
1366 16
1368 16
1370 17
1372 16
1374 17
1376 17
1378 17
1380 17
1382 17
1384 17
1386 17
1388 17
1390 17
1392 17
1394 17
1396 17
1398 17
1400 17
1402 16
1404 16
1406 16
1408 16
1410 16
1412 16
1414 16
1416 32
1418 16
1420 16
1422 16
1424 16
1426 16
1428 16
1430 16
1432 16
1434 16
1436 16
1438 16
1440 16
1442 16
1444 16
1446 16
1448 16
1450 16
1452 16
1454 16
1456 16
1458 16
1460 16
1462 16
1464 16
1466 16
1468 16
1470 16
1472 16
1474 16
1476 17
1478 18
1480 17
1482 17
1484 17
1486 17
1488 17
1490 17
1492 17
1494 16
1496 17
1498 17
1500 17
1502 17
1504 17
1506 16
1508 16
1510 16
1512 16
1514 32
1516 16
1518 16
1520 16
1522 16
1524 16
1526 16
1528 16
1530 16
1532 16
1534 16
1536 16
1538 16
1540 16
1542 16
1544 16
1546 16
1548 16
1550 16
1552 16
1554 16
1556 16
1558 16
1560 16
1562 16
1564 16
1566 16
1568 16
1570 16
1572 16
1574 16
1576 16
1578 16
1580 16
1582 16
1584 16
1586 16
1588 16
1590 16
1592 16
1594 16
1596 16
1598 16
1600 16
1602 16
1604 16
1606 16
1608 16
1610 16
1612 16
1614 16
1616 16
1618 16
1620 16
1622 16
1624 16
1626 16
1628 16
1630 16
1632 16
1634 16
1636 16
1638 16
1640 16
1642 16
1644 16
1646 16
1648 16
1650 16
1652 16
1654 16
1656 16
1658 16
1660 16
1662 16
1664 16
1666 16
1668 16
1670 16
1672 16
1674 16
1676 16
1678 16
1680 16
1682 16
1684 16
1686 16
1688 16
1690 16
1692 16
1694 16
1696 16
1698 16
1700 52
1702 16
1704 16
1706 16
1708 16
1710 16
1712 16
1714 16
1716 16
1718 16
1720 16
1722 16
1724 16
1726 16
1728 16
1730 16
1732 16
1734 16
1736 16
1738 16
1740 16
1742 16
1744 16
1746 16
1748 16
1750 16
1752 16
1754 16
1756 16
1758 16
1760 16
1762 16
1764 16
1766 17
1768 16
1770 16
1772 16
1774 16
1776 16
1778 16
1780 16
1782 16
1784 16
1786 16
1788 16
1790 16
1792 16
1794 16
1796 16
1798 16
1800 16
1802 16
1804 16
1806 16
1808 16
1810 16
1812 16
1814 16
1816 16
1818 16
1820 16
1822 16
1824 16
1826 16
1828 16
1830 16
1832 16
1834 16
1836 16
1838 16
1840 16
1842 16
1844 16
1846 16
1848 16
1850 16
1852 16
1854 16
1856 16
1858 16
1860 16
1862 16
1864 16
1866 16
1868 16
1870 16
1872 16
1874 16
1876 16
1878 16
1880 16
1882 17
1884 16
1886 16
1888 16
1890 16
1892 16
1894 16
1896 16
1898 16
1900 16
1902 17
1904 16
1906 16
1908 16
1910 16
1912 16
1914 16
1916 16
1918 16
1920 16
1922 16
1924 16
1926 16
1928 16
1930 16
1932 16
1934 16
1936 16
1938 16
1940 16
1942 16
1944 16
1946 16
1948 16
1950 16
1952 16
1954 16
1956 16
1958 16
1960 16
1962 16
1964 16
1966 16
1968 16
1970 16
1972 16
1974 16
1976 16
1978 16
1980 16
1982 16
1984 16
1986 16
1988 16
1990 18
1992 16
1994 16
1996 16
1998 17
2000 6
