2 221
4 203
6 202
8 190
10 187
12 187
14 186
16 180
18 177
20 177
22 177
24 176
26 178
28 177
30 178
32 175
34 177
36 174
38 173
40 172
42 172
44 172
46 173
48 176
50 173
52 172
54 178
56 173
58 173
60 171
62 182
64 191
66 190
68 189
70 188
72 188
74 204
76 188
78 204
80 188
82 188
84 188
86 188
88 187
90 188
92 188
94 189
96 187
98 187
100 210
102 188
104 188
106 188
108 189
110 189
112 188
114 187
116 187
118 188
120 188
122 187
124 187
126 240
128 274
130 239
132 239
134 238
136 239
138 238
140 238
142 238
144 239
146 274
148 238
150 256
152 242
154 240
156 239
158 239
160 239
162 239
164 240
166 239
168 238
170 239
172 239
174 240
176 239
178 239
180 238
182 239
184 239
186 259
188 245
190 245
192 297
194 278
196 233
198 233
200 232
202 315
204 332
206 240
208 239
210 239
212 239
214 239
216 276
218 239
220 347
222 238
224 278
226 247
228 247
230 247
232 248
234 249
236 247
238 246
240 245
242 246
244 245
246 247
248 246
250 371
252 371
254 369
256 378
258 360
260 359
262 360
264 360
266 360
268 360
270 437
272 362
274 362
276 361
278 361
280 361
282 360
284 360
286 360
288 360
290 360
292 360
294 415
296 350
298 351
300 351
302 391
304 352
306 351
308 352
310 351
312 350
314 351
316 351
318 351
320 351
322 351
324 351
326 351
328 351
330 350
332 441
334 351
336 351
338 352
340 353
342 351
344 350
346 350
348 350
350 351
352 403
354 351
356 350
358 350
360 351
362 351
364 350
366 351
368 351
370 350
372 351
374 350
376 350
378 351
380 350
382 442
384 351
386 350
388 351
390 350
392 350
394 352
396 351
398 351
400 351
402 351
404 351
406 438
408 353
410 351
412 357
414 358
416 395
418 356
420 356
422 356
424 355
426 358
428 356
430 410
432 378
434 366
436 365
438 356
440 356
442 356
444 356
446 366
448 366
450 365
452 365
454 365
456 380
458 400
460 366
462 366
464 418
466 367
468 366
470 366
472 365
474 391
476 365
478 366
480 365
482 368
484 365
486 402
488 365
490 365
492 365
494 365
496 365
498 364
500 635
502 644
504 616
506 616
508 616
510 616
512 617
514 744
516 618
518 617
520 617
522 617
524 616
526 655
528 617
530 616
532 616
534 653
536 722
538 617
540 617
542 617
544 616
546 653
548 616
550 615
552 616
554 685
556 617
558 617
560 616
562 616
564 616
566 617
568 618
570 653
572 616
574 616
576 618
578 616
580 710
582 618
584 617
586 617
588 617
590 695
592 617
594 617
596 616
598 617
600 617
602 751
604 618
606 618
608 616
610 617
612 616
614 616
616 618
618 616
620 617
622 617
624 618
626 726
628 863
630 672
632 647
634 633
636 633
638 674
640 852
642 708
644 652
646 650
648 649
650 650
652 727
654 632
656 634
658 634
660 641
662 633
664 634
666 662
668 632
670 632
672 655
674 618
676 617
678 694
680 616
682 617
684 616
686 616
688 617
690 617
692 618
694 617
696 616
698 617
700 616
702 616
704 617
706 616
708 617
710 617
712 616
714 618
716 616
718 616
720 617
722 616
724 655
726 616
728 711
730 616
732 617
734 733
736 752
738 661
740 633
742 633
744 633
746 635
748 633
750 700
752 714
754 638
756 619
758 616
760 632
762 632
764 632
766 632
768 632
770 615
772 617
774 653
776 715
778 618
780 616
782 617
784 617
786 616
788 674
790 616
792 617
794 617
796 657
798 615
800 654
802 616
804 616
806 616
808 616
810 616
812 653
814 616
816 616
818 616
820 616
822 617
824 653
826 652
828 616
830 616
832 616
834 772
836 689
838 616
840 617
842 616
844 651
846 616
848 617
850 617
852 617
854 618
856 617
858 617
860 616
862 617
864 617
866 616
868 633
870 675
872 633
874 632
876 670
878 634
880 633
882 632
884 632
886 632
888 632
890 632
892 632
894 616
896 616
898 633
900 670
902 633
904 633
906 632
908 635
910 708
912 632
914 653
916 632
918 636
920 633
922 632
924 633
926 634
928 632
930 633
932 617
934 617
936 617
938 617
940 727
942 616
944 616
946 653
948 616
950 616
952 616
954 781
956 618
958 617
960 617
962 617
964 616
966 693
968 616
970 616
972 617
974 616
976 673
978 617
980 616
982 617
984 617
986 617
988 617
990 692
992 616
994 617
996 617
998 617
1000 1134
1002 1135
1004 1210
1006 1132
1008 1132
1010 1133
1012 1132
1014 1132
1016 1132
1018 1169
1020 1131
1022 1131
1024 1168
1026 1133
1028 1132
1030 1133
1032 1132
1034 1293
1036 1133
1038 1150
1040 1170
1042 1133
1044 1133
1046 1133
1048 1133
1050 1171
1052 1170
1054 1131
1056 1170
1058 1131
1060 1133
1062 1207
1064 1170
1066 1134
1068 1162
1070 1198
1072 1162
1074 1274
1076 1161
1078 1155
1080 1131
1082 1132
1084 1132
1086 1133
1088 1133
1090 1133
1092 1210
1094 1483
1096 1164
1098 1245
1100 1190
1102 1216
1104 1165
1106 1163
1108 1191
1110 1162
1112 1137
1114 1149
1116 1173
1118 1132
1120 1168
1122 1221
1124 1132
1126 1133
1128 1169
1130 1133
1132 1133
1134 1134
1136 1168
1138 1133
1140 1133
1142 1243
1144 1133
1146 1132
1148 1225
1150 1132
1152 1131
1154 1131
1156 1132
1158 1136
1160 1134
1162 1134
1164 1133
1166 1133
1168 1134
1170 1133
1172 1133
1174 1185
1176 1132
1178 1131
1180 1242
1182 1131
1184 1132
1186 1133
1188 1131
1190 1132
1192 1132
1194 1131
1196 1131
1198 1132
1200 1131
1202 1132
1204 1206
1206 1132
1208 1131
1210 1405
1212 1173
1214 1139
1216 1164
1218 1205
1220 1163
1222 1132
1224 1132
1226 1132
1228 1132
1230 1132
1232 1245
1234 1257
1236 1136
1238 1132
1240 1134
1242 1132
1244 1147
1246 1131
1248 1133
1250 1205
1252 1133
1254 1133
1256 1133
1258 1168
1260 1132
1262 1133
1264 1131
1266 1202
1268 1131
1270 1168
1272 1131
1274 1131
1276 1131
1278 1131
1280 1178
1282 1176
1284 1176
1286 1177
1288 1285
1290 1173
1292 1246
1294 1173
1296 1172
1298 1173
1300 1283
1302 1173
1304 1289
1306 1350
1308 1207
1310 1209
1312 1206
1314 1206
1316 1206
1318 1241
1320 1174
1322 1174
1324 1521
1326 1208
1328 1241
1330 1206
1332 1205
1334 1205
1336 1241
1338 1205
1340 1204
1342 1244
1344 1173
1346 1173
1348 1212
1350 1174
1352 1174
1354 1287
1356 1282
1358 1215
1360 1209
1362 1206
1364 1274
1366 1390
1368 1206
1370 1174
1372 1277
1374 1174
1376 1211
1378 1213
1380 1251
1382 1452
1384 1211
1386 1229
1388 1211
1390 1211
1392 1207
1394 1205
1396 1207
1398 1206
1400 1204
1402 1205
1404 1175
1406 1174
1408 1173
1410 1177
1412 1176
1414 1175
1416 1245
1418 1173
1420 1254
1422 1173
1424 1173
1426 1202
1428 1173
1430 1173
1432 1209
1434 1245
1436 1174
1438 1309
1440 1245
1442 1245
1444 1209
1446 1207
1448 1283
1450 1172
1452 1172
1454 1172
1456 1173
1458 1359
1460 1174
1462 1231
1464 1174
1466 1172
1468 1305
1470 1194
1472 1250
1474 1285
1476 1205
1478 1205
1480 1206
1482 1248
1484 1362
1486 1247
1488 1250
1490 1172
1492 1172
1494 1209
1496 1252
1498 1173
1500 1173
1502 1172
1504 1173
1506 1174
1508 1174
1510 1172
1512 1210
1514 1229
1516 1172
1518 1172
1520 1210
1522 1174
1524 1174
1526 1209
1528 1172
1530 1173
1532 1172
1534 1248
1536 1174
1538 1231
1540 1174
1542 1173
1544 1172
1546 1246
1548 1172
1550 1173
1552 1173
1554 1172
1556 1273
1558 1315
1560 1174
1562 1174
1564 1261
1566 1174
1568 1174
1570 1248
1572 1173
1574 1173
1576 1173
1578 1174
1580 1173
1582 1172
1584 1173
1586 1174
1588 1172
1590 1172
1592 1174
1594 1173
1596 1172
1598 1210
1600 1210
1602 1173
1604 1172
1606 1172
1608 1189
1610 1173
1612 1173
1614 1248
1616 1174
1618 1173
1620 1205
1622 1205
1624 1204
1626 1247
1628 1172
1630 1172
1632 1210
1634 1172
1636 1172
1638 1173
1640 1172
1642 1173
1644 1173
1646 1172
1648 1210
1650 1173
1652 1173
1654 1357
1656 1291
1658 1209
1660 1260
1662 1248
1664 1206
1666 1204
1668 1349
1670 1261
1672 1207
1674 1249
1676 1243
1678 1241
1680 1245
1682 1206
1684 1207
1686 1239
1688 1204
1690 1204
1692 1209
1694 1283
1696 1173
1698 1173
1700 1172
1702 1172
1704 1172
1706 1173
1708 1248
1710 1291
1712 1212
1714 1174
1716 1174
1718 1175
1720 1174
1722 1215
1724 1173
1726 1172
1728 1173
1730 1209
1732 1307
1734 1172
1736 1250
1738 1209
1740 1284
1742 1242
1744 1205
1746 1204
1748 1204
1750 1241
1752 1204
1754 1172
1756 1172
1758 1174
1760 1172
1762 1173
1764 1210
1766 1174
1768 1172
1770 1199
1772 1203
1774 1203
1776 1189
1778 1172
1780 1210
1782 1174
1784 1174
1786 1247
1788 1172
1790 1357
1792 1173
1794 1172
1796 1209
1798 1247
1800 1172
1802 1172
1804 1172
1806 1172
1808 1171
1810 1172
1812 1173
1814 1173
1816 1173
1818 1172
1820 1189
1822 1172
1824 1172
1826 1211
1828 1172
1830 1174
1832 1175
1834 1285
1836 1210
1838 1174
1840 1172
1842 1209
1844 1172
1846 1134
1848 1096
1850 1133
1852 1132
1854 1095
1856 1127
1858 1126
1860 1124
1862 1270
1864 1125
1866 1126
1868 1095
1870 1189
1872 1095
1874 1124
1876 1161
1878 1123
1880 1124
1882 1123
1884 1124
1886 1094
1888 1094
1890 1094
1892 1183
1894 1095
1896 1095
1898 1094
1900 1094
1902 1153
1904 1095
1906 1132
1908 1093
1910 1168
1912 1156
1914 1094
1916 1130
1918 1093
1920 1093
1922 1093
1924 1128
1926 1117
1928 1130
1930 1130
1932 1093
1934 1093
1936 1093
1938 1094
1940 1093
1942 1168
1944 1130
1946 1093
1948 1259
1950 1151
1952 1123
1954 1118
1956 1230
1958 1094
1960 1124
1962 1124
1964 1122
1966 1157
1968 1264
1970 1128
1972 1124
1974 1124
1976 1125
1978 1124
1980 1123
1982 1112
1984 1093
1986 1094
1988 1094
1990 1094
1992 1094
1994 1095
1996 1095
1998 1168
2000 2170
