2 270
4 248
6 247
8 232
10 231
12 230
14 230
16 218
18 217
20 223
22 215
24 214
26 212
28 212
30 213
32 245
34 219
36 216
38 215
40 189
42 189
44 188
46 191
48 192
50 192
52 188
54 192
56 188
58 190
60 190
62 200
64 212
66 209
68 207
70 204
72 203
74 208
76 205
78 204
80 203
82 203
84 204
86 204
88 203
90 204
92 204
94 203
96 203
98 193
100 192
102 192
104 193
106 195
108 196
110 195
112 201
114 203
116 224
118 240
120 242
122 247
124 247
126 329
128 347
130 348
132 297
134 252
136 253
138 254
140 288
142 250
144 253
146 257
148 251
150 250
152 249
154 253
156 250
158 249
160 279
162 252
164 250
166 250
168 251
170 260
172 257
174 264
176 252
178 251
180 250
182 250
184 250
186 250
188 249
190 249
192 249
194 249
196 250
198 249
200 252
202 261
204 287
206 253
208 253
210 250
212 251
214 254
216 251
218 250
220 254
222 250
224 251
226 256
228 241
230 242
232 244
234 242
236 276
238 245
240 244
242 243
244 242
246 243
248 279
250 415
252 385
254 378
256 378
258 378
260 378
262 381
264 385
266 384
268 486
270 463
272 382
274 387
276 384
278 382
280 380
282 380
284 429
286 382
288 424
290 382
292 380
294 379
296 380
298 378
300 378
302 383
304 378
306 380
308 377
310 380
312 397
314 378
316 379
318 378
320 378
322 378
324 382
326 378
328 379
330 378
332 381
334 381
336 378
338 378
340 379
342 378
344 378
346 381
348 378
350 378
352 379
354 381
356 379
358 378
360 378
362 378
364 378
366 378
368 379
370 378
372 378
374 378
376 378
378 380
380 382
382 378
384 378
386 378
388 378
390 379
392 380
394 378
396 378
398 379
400 379
402 414
404 383
406 381
408 383
410 380
412 381
414 378
416 379
418 378
420 380
422 379
424 380
426 380
428 379
430 379
432 385
434 378
436 378
438 379
440 377
442 378
444 382
446 378
448 378
450 378
452 378
454 368
456 368
458 368
460 367
462 405
464 368
466 367
468 368
470 368
472 368
474 368
476 439
478 443
480 443
482 395
484 442
486 423
488 427
490 428
492 409
494 406
496 404
498 368
500 696
502 677
504 686
506 654
508 655
510 658
512 654
514 655
516 680
518 710
520 656
522 824
524 654
526 694
528 653
530 663
532 651
534 653
536 651
538 651
540 652
542 650
544 651
546 650
548 650
550 651
552 662
554 634
556 633
558 633
560 633
562 682
564 636
566 634
568 634
570 673
572 660
574 634
576 634
578 636
580 716
582 635
584 636
586 715
588 683
590 672
592 634
594 660
596 753
598 668
600 652
602 652
604 651
606 654
608 653
610 651
612 654
614 678
616 652
618 654
620 671
622 652
624 697
626 667
628 652
630 651
632 678
634 652
636 653
638 661
640 651
642 652
644 651
646 650
648 651
650 653
652 668
654 690
656 656
658 700
660 656
662 661
664 651
666 660
668 650
670 654
672 652
674 651
676 634
678 709
680 633
682 633
684 633
686 618
688 691
690 619
692 683
694 634
696 634
698 634
700 617
702 617
704 654
706 617
708 654
710 617
712 617
714 617
716 654
718 755
720 617
722 619
724 617
726 653
728 713
730 618
732 617
734 617
736 642
738 617
740 652
742 617
744 618
746 617
748 617
750 617
752 635
754 617
756 617
758 618
760 618
762 617
764 618
766 617
768 654
770 617
772 618
774 617
776 617
778 617
780 618
782 694
784 693
786 617
788 617
790 616
792 617
794 617
796 617
798 617
800 616
802 618
804 617
806 637
808 617
810 617
812 617
814 618
816 618
818 618
820 617
822 617
824 704
826 633
828 634
830 633
832 634
834 634
836 633
838 617
840 618
842 618
844 617
846 617
848 617
850 617
852 617
854 617
856 693
858 617
860 617
862 654
864 617
866 617
868 616
870 617
872 617
874 618
876 617
878 618
880 691
882 617
884 617
886 617
888 618
890 617
892 748
894 616
896 654
898 617
900 634
902 634
904 636
906 636
908 634
910 636
912 635
914 633
916 633
918 671
920 633
922 633
924 633
926 634
928 633
930 669
932 634
934 633
936 670
938 778
940 693
942 742
944 702
946 669
948 633
950 713
952 633
954 633
956 634
958 633
960 633
962 635
964 634
966 617
968 616
970 616
972 617
974 617
976 617
978 617
980 617
982 617
984 619
986 657
988 617
990 618
992 618
994 617
996 617
998 617
1000 1127
1002 1127
1004 1127
1006 1146
1008 1129
1010 1163
1012 1125
1014 1164
1016 1126
1018 1164
1020 1128
1022 1159
1024 1194
1026 1156
1028 1159
1030 1194
1032 1158
1034 1128
1036 1164
1038 1126
1040 1126
1042 1126
1044 1165
1046 1163
1048 1126
1050 1127
1052 1127
1054 1126
1056 1127
1058 1125
1060 1162
1062 1240
1064 1127
1066 1127
1068 1163
1070 1413
1072 1220
1074 1226
1076 1215
1078 1327
1080 1330
1082 1193
1084 1192
1086 1192
1088 1235
1090 1225
1092 1268
1094 1226
1096 1323
1098 1225
1100 1223
1102 1327
1104 1227
1106 1231
1108 1224
1110 1224
1112 1222
1114 1226
1116 1227
1118 1221
1120 1223
1122 1221
1124 1223
1126 1221
1128 1188
1130 1188
1132 1189
1134 1344
1136 1190
1138 1434
1140 1262
1142 1191
1144 1188
1146 1225
1148 1187
1150 1188
1152 1188
1154 1306
1156 1300
1158 1187
1160 1187
1162 1175
1164 1217
1166 1159
1168 1159
1170 1235
1172 1271
1174 1158
1176 1158
1178 1157
1180 1158
1182 1195
1184 1157
1186 1230
1188 1271
1190 1157
1192 1158
1194 1157
1196 1195
1198 1158
1200 1157
1202 1157
1204 1157
1206 1193
1208 1157
1210 1232
1212 1195
1214 1157
1216 1158
1218 1157
1220 1192
1222 1158
1224 1157
1226 1270
1228 1158
1230 1194
1232 1230
1234 1157
1236 1157
1238 1194
1240 1231
1242 1156
1244 1195
1246 1216
1248 1158
1250 1158
1252 1159
1254 1157
1256 1157
1258 1157
1260 1157
1262 1158
1264 1158
1266 1158
1268 1234
1270 1195
1272 1159
1274 1160
1276 1194
1278 1156
1280 1156
1282 1213
1284 1157
1286 1157
1288 1157
1290 1312
1292 1158
1294 1194
1296 1195
1298 1230
1300 1157
1302 1157
1304 1157
1306 1157
1308 1159
1310 1157
1312 1156
1314 1194
1316 1157
1318 1157
1320 1197
1322 1158
1324 1195
1326 1158
1328 1156
1330 1195
1332 1158
1334 1156
1336 1157
1338 1157
1340 1157
1342 1157
1344 1157
1346 1157
1348 1245
1350 1158
1352 1157
1354 1337
1356 1191
1358 1244
1360 1288
1362 1191
1364 1190
1366 1255
1368 1195
1370 1198
1372 1161
1374 1162
1376 1279
1378 1158
1380 1279
1382 1199
1384 1196
1386 1161
1388 1158
1390 1159
1392 1181
1394 1239
1396 1160
1398 1159
1400 1159
1402 1159
1404 1196
1406 1159
1408 1159
1410 1434
1412 1185
1414 1189
1416 1188
1418 1187
1420 1381
1422 1217
1424 1191
1426 1191
1428 1191
1430 1240
1432 1163
1434 1162
1436 1159
1438 1233
1440 1195
1442 1160
1444 1304
1446 1158
1448 1159
1450 1158
1452 1157
1454 1159
1456 1158
1458 1232
1460 1158
1462 1157
1464 1157
1466 1158
1468 1158
1470 1231
1472 1157
1474 1273
1476 1195
1478 1158
1480 1159
1482 1233
1484 1156
1486 1156
1488 1158
1490 1157
1492 1157
1494 1157
1496 1157
1498 1157
1500 1158
1502 1194
1504 1158
1506 1159
1508 1157
1510 1156
1512 1159
1514 1231
1516 1174
1518 1157
1520 1194
1522 1156
1524 1308
1526 1194
1528 1157
1530 1270
1532 1157
1534 1195
1536 1158
1538 1237
1540 1157
1542 1157
1544 1197
1546 1158
1548 1157
1550 1158
1552 1195
1554 1157
1556 1157
1558 1195
1560 1194
1562 1158
1564 1214
1566 1158
1568 1159
1570 1158
1572 1157
1574 1194
1576 1157
1578 1158
1580 1158
1582 1157
1584 1157
1586 1157
1588 1157
1590 1157
1592 1158
1594 1158
1596 1157
1598 1158
1600 1157
1602 1158
1604 1158
1606 1194
1608 1174
1610 1158
1612 1157
1614 1275
1616 1156
1618 1157
1620 1157
1622 1157
1624 1157
1626 1194
1628 1157
1630 1158
1632 1158
1634 1193
1636 1158
1638 1159
1640 1157
1642 1255
1644 1195
1646 1211
1648 1438
1650 1224
1652 1155
1654 1218
1656 1226
1658 1224
1660 1152
1662 1226
1664 1195
1666 1181
1668 1182
1670 1152
1672 1151
1674 1151
1676 1149
1678 1150
1680 1149
1682 1122
1684 1202
1686 1119
1688 1120
1690 1119
1692 1195
1694 1158
1696 1121
1698 1210
1700 1195
1702 1122
1704 1408
1706 1292
1708 1125
1710 1291
1712 1158
1714 1154
1716 1209
1718 1154
1720 1227
1722 1153
1724 1152
1726 1121
1728 1158
1730 1123
1732 1121
1734 1198
1736 1121
1738 1274
1740 1124
1742 1123
1744 1154
1746 1151
1748 1151
1750 1124
1752 1122
1754 1122
1756 1195
1758 1121
1760 1121
1762 1196
1764 1122
1766 1122
1768 1120
1770 1432
1772 1153
1774 1155
1776 1227
1778 1150
1780 1150
1782 1150
1784 1122
1786 1122
1788 1233
1790 1157
1792 1119
1794 1122
1796 1122
1798 1122
1800 1121
1802 1121
1804 1120
1806 1158
1808 1120
1810 1120
1812 1121
1814 1158
1816 1121
1818 1122
1820 1157
1822 1122
1824 1122
1826 1121
1828 1161
1830 1121
1832 1122
1834 1123
1836 1122
1838 1120
1840 1122
1842 1120
1844 1230
1846 1121
1848 1119
1850 1119
1852 1122
1854 1158
1856 1122
1858 1121
1860 1121
1862 1121
1864 1121
1866 1121
1868 1121
1870 1190
1872 1121
1874 1120
1876 1216
1878 1120
1880 1120
1882 1190
1884 1152
1886 1150
1888 1207
1890 1150
1892 1358
1894 1156
1896 1152
1898 1152
1900 1151
1902 1152
1904 1161
1906 1120
1908 1159
1910 1415
1912 1153
1914 1241
1916 1151
1918 1152
1920 1155
1922 1155
1924 1154
1926 1154
1928 1231
1930 1541
1932 1337
1934 1156
1936 1157
1938 1182
1940 1198
1942 1186
1944 1191
1946 1202
1948 1215
1950 1281
1952 1153
1954 1154
1956 1155
1958 1205
1960 1243
1962 1154
1964 1155
1966 1150
1968 1151
1970 1154
1972 1154
1974 1242
1976 1192
1978 1154
1980 1151
1982 1150
1984 1188
1986 1150
1988 1150
1990 1223
1992 1214
1994 1153
1996 1151
1998 1152
2000 2143
