2 128
4 115
6 115
8 113
10 113
12 111
14 112
16 122
18 121
20 121
22 122
24 121
26 121
28 122
30 122
32 168
34 138
36 138
38 138
40 138
42 138
44 138
46 207
48 162
50 142
52 142
54 141
56 141
58 141
60 141
62 174
64 206
66 205
68 206
70 206
72 206
74 206
76 206
78 206
80 206
82 206
84 206
86 230
88 206
90 206
92 206
94 206
96 206
98 206
100 206
102 206
104 206
106 206
108 207
110 207
112 206
114 206
116 206
118 206
120 243
122 206
124 206
126 337
128 338
130 359
132 338
134 337
136 337
138 338
140 337
142 337
144 337
146 337
148 337
150 337
152 337
154 337
156 337
158 337
160 337
162 337
164 337
166 337
168 337
170 337
172 358
174 338
176 340
178 329
180 337
182 337
184 337
186 338
188 379
190 337
192 337
194 337
196 337
198 337
200 383
202 338
204 337
206 337
208 337
210 337
212 380
214 411
216 356
218 362
220 353
222 379
224 353
226 353
228 351
230 378
232 480
234 354
236 349
238 361
240 471
242 349
244 348
246 350
248 348
250 626
252 626
254 629
256 648
258 628
260 627
262 628
264 626
266 625
268 627
270 672
272 631
274 625
276 624
278 627
280 627
282 625
284 624
286 628
288 673
290 628
292 627
294 626
296 626
298 629
300 626
302 629
304 627
306 630
308 642
310 625
312 1077
314 936
316 649
318 628
320 627
322 626
324 629
326 628
328 630
330 626
332 633
334 631
336 632
338 630
340 630
342 630
344 955
346 629
348 628
350 627
352 672
354 625
356 625
358 626
360 625
362 625
364 626
366 626
368 654
370 624
372 625
374 625
376 625
378 625
380 625
382 624
384 698
386 608
388 608
390 610
392 608
394 608
396 608
398 608
400 608
402 608
404 593
406 593
408 593
410 593
412 593
414 593
416 593
418 593
420 647
422 671
424 608
426 608
428 610
430 609
432 609
434 624
436 591
438 594
440 594
442 594
444 591
446 593
448 593
450 594
452 593
454 592
456 633
458 651
460 594
462 592
464 650
466 595
468 669
470 594
472 594
474 594
476 631
478 593
480 593
482 591
484 593
486 595
488 594
490 594
492 594
494 594
496 591
498 646
500 1198
502 1200
504 1160
506 1131
508 1151
510 1208
512 1131
514 1167
516 1132
518 1132
520 1133
522 1207
524 1132
526 1204
528 1131
530 1131
532 1131
534 1167
536 1204
538 1168
540 1197
542 1198
544 1160
546 1200
548 1128
550 1274
552 1266
554 1335
556 1161
558 1192
560 1205
562 1250
564 1192
566 1194
568 1194
570 1194
572 1205
574 1162
576 1163
578 1242
580 1161
582 1210
584 1198
586 1161
588 1223
590 1131
592 1172
594 1204
596 1133
598 1133
600 1132
602 1132
604 1133
606 1168
608 1132
610 1132
612 1131
614 1131
616 1131
618 1256
620 1161
622 1130
624 1131
626 1132
628 1132
630 1161
632 1131
634 1201
636 1228
638 1133
640 1131
642 1170
644 1202
646 1130
648 1131
650 1132
652 1190
654 1131
656 1130
658 1130
660 1261
662 1133
664 1197
666 1132
668 1132
670 1131
672 1168
674 1131
676 1166
678 1131
680 1131
682 1134
684 1129
686 1169
688 1205
690 1131
692 1130
694 1131
696 1128
698 1129
700 1167
702 1169
704 1131
706 1132
708 1129
710 1130
712 1130
714 1131
716 1131
718 1168
720 1132
722 1131
724 1130
726 1325
728 1129
730 1131
732 1131
734 1130
736 1131
738 1206
740 1131
742 1131
744 1129
746 1168
748 1132
750 1131
752 1131
754 1131
756 1128
758 1129
760 1131
762 1168
764 1207
766 1131
768 1129
770 1132
772 1132
774 1133
776 1131
778 1131
780 1152
782 1130
784 1129
786 1131
788 1131
790 1130
792 1153
794 1132
796 1132
798 1131
800 1131
802 1132
804 1132
806 1132
808 1132
810 1129
812 1131
814 1132
816 1131
818 1131
820 1205
822 1131
824 1132
826 1204
828 1160
830 1161
832 1163
834 1160
836 1161
838 1159
840 1161
842 1202
844 1160
846 1163
848 1161
850 1160
852 1199
854 1160
856 1162
858 1206
860 1200
862 1159
864 1457
866 1162
868 1162
870 1160
872 1159
874 1200
876 1161
878 1202
880 1159
882 1161
884 1161
886 1226
888 1134
890 1149
892 1132
894 1192
896 1129
898 1169
900 1294
902 1131
904 1132
906 1129
908 1486
910 1209
912 1131
914 1130
916 1349
918 1161
920 1161
922 1161
924 1166
926 1163
928 1162
930 1180
932 1164
934 1162
936 1160
938 1246
940 1163
942 1161
944 1205
946 1162
948 1161
950 1132
952 1129
954 1130
956 1168
958 1129
960 1131
962 1133
964 1131
966 1131
968 1169
970 1130
972 1132
974 1131
976 1130
978 1167
980 1166
982 1168
984 1132
986 1131
988 1131
990 1131
992 1243
994 1133
996 1131
998 1131
1000 2215
1002 2287
1004 2215
1006 2216
1008 2290
1010 2292
1012 2218
1014 2329
1016 2219
1018 2255
1020 2215
1022 2217
1024 2293
1026 2217
1028 2217
1030 2216
1032 2255
1034 2253
1036 2216
1038 2216
1040 2252
1042 2216
1044 2216
1046 2253
1048 2218
1050 2578
1052 2373
1054 2275
1056 2274
1058 2277
1060 2434
1062 2358
1064 2267
1066 2221
1068 2219
1070 2313
1072 2297
1074 2216
1076 2252
1078 2218
1080 2252
1082 2217
1084 2216
1086 2275
1088 2216
1090 2371
1092 2292
1094 2253
1096 2217
1098 2216
1100 2218
1102 2251
1104 2350
1106 2340
1108 2252
1110 2213
1112 2294
1114 2367
1116 2216
1118 2251
1120 2232
1122 2219
1124 2218
1126 2219
1128 2216
1130 2535
1132 2216
1134 2217
1136 2217
1138 2217
1140 2299
1142 2216
1144 2253
1146 2292
1148 2216
1150 2216
1152 2254
1154 2216
1156 2216
1158 2217
1160 2215
1162 2290
1164 2216
1166 2217
1168 2216
1170 2266
1172 2293
1174 2219
1176 2220
1178 2292
1180 2216
1182 2217
1184 2253
1186 2289
1188 2253
1190 2364
1192 2273
1194 2277
1196 2315
1198 2374
1200 2254
1202 2216
1204 2218
1206 2216
1208 2217
1210 2216
1212 2216
1214 2217
1216 2328
1218 2216
1220 2216
1222 2254
1224 2251
1226 2290
1228 2327
1230 2216
1232 2217
1234 2350
1236 2219
1238 2290
1240 2216
1242 2217
1244 2217
1246 2255
1248 2573
1250 2276
1252 2275
1254 2290
1256 2304
1258 2219
1260 2252
1262 2217
1264 2216
1266 2335
1268 2299
1270 2216
1272 2286
1274 2213
1276 2214
1278 2216
1280 2217
1282 2216
1284 2290
1286 2218
1288 2219
1290 2216
1292 2326
1294 2249
1296 2217
1298 2326
1300 2253
1302 2217
1304 2278
1306 2239
1308 2376
1310 2293
1312 2219
1314 2296
1316 2217
1318 2310
1320 2218
1322 2295
1324 2216
1326 2214
1328 2215
1330 2289
1332 2216
1334 2295
1336 2252
1338 2219
1340 2590
1342 2265
1344 2219
1346 2220
1348 2452
1350 2381
1352 2279
1354 2275
1356 2305
1358 2420
1360 2253
1362 2649
1364 2437
1366 2275
1368 2274
1370 2313
1372 2311
1374 2261
1376 2253
1378 2368
1380 2216
1382 2347
1384 2260
1386 2217
1388 2293
1390 2233
1392 2217
1394 2289
1396 2291
1398 2216
1400 2217
1402 2218
1404 2253
1406 2217
1408 2253
1410 2274
1412 2253
1414 2216
1416 2329
1418 2289
1420 2216
1422 2220
1424 2216
1426 2250
1428 2294
1430 2218
1432 2217
1434 2220
1436 2271
1438 2217
1440 2255
1442 2250
1444 2216
1446 2216
1448 2252
1450 2291
1452 2216
1454 2325
1456 2216
1458 2216
1460 2288
1462 2218
1464 2292
1466 2216
1468 2220
1470 2218
1472 2254
1474 2254
1476 2253
1478 2252
1480 2256
1482 2220
1484 2287
1486 2291
1488 2221
1490 2218
1492 2219
1494 2291
1496 2213
1498 2292
1500 2273
1502 2301
1504 2250
1506 2291
1508 2289
1510 2219
1512 2423
1514 2415
1516 2220
1518 2286
1520 2354
1522 2219
1524 2386
1526 2213
1528 2219
1530 2389
1532 2213
1534 2329
1536 2345
1538 2361
1540 2217
1542 2501
1544 2216
1546 2216
1548 2440
1550 2217
1552 2217
1554 2253
1556 2217
1558 2216
1560 2216
1562 2303
1564 2216
1566 2253
1568 2254
1570 2328
1572 2216
1574 2251
1576 2295
1578 2277
1580 2253
1582 2216
1584 2216
1586 2252
1588 2220
1590 2293
1592 2219
1594 2215
1596 2970
1598 2563
1600 2403
1602 2275
1604 2309
1606 2278
1608 2362
1610 2272
1612 2271
1614 2309
1616 2325
1618 2256
1620 2215
1622 2252
1624 2219
1626 2219
1628 2698
1630 2351
1632 2277
1634 2408
1636 2375
1638 2277
1640 2280
1642 2313
1644 2254
1646 2386
1648 2219
1650 2300
1652 2294
1654 2216
1656 2212
1658 2331
1660 2279
1662 2274
1664 2276
1666 2359
1668 2255
1670 2219
1672 2217
1674 2218
1676 2290
1678 2296
1680 2217
1682 2253
1684 2367
1686 2217
1688 2216
1690 2253
1692 2214
1694 2215
1696 2252
1698 2297
1700 2217
1702 2253
1704 2215
1706 2215
1708 2213
1710 2216
1712 2216
1714 2216
1716 2312
1718 2215
1720 2220
1722 2291
1724 2217
1726 2218
1728 2271
1730 2216
1732 2217
1734 2253
1736 2219
1738 2220
1740 2291
1742 2213
1744 2253
1746 2213
1748 2217
1750 2217
1752 2212
1754 2327
1756 2214
1758 2215
1760 2289
1762 2217
1764 2250
1766 2253
1768 2216
1770 2216
1772 2216
1774 2213
1776 2405
1778 2218
1780 2254
1782 2253
1784 2254
1786 2289
1788 2233
1790 2218
1792 2289
1794 2216
1796 2216
1798 2289
1800 2214
1802 2215
1804 2253
1806 2215
1808 2252
1810 2216
1812 2217
1814 2216
1816 2239
1818 2216
1820 2215
1822 2254
1824 2217
1826 2217
1828 2291
1830 2213
1832 2216
1834 2464
1836 2216
1838 2216
1840 2272
1842 2275
1844 2276
1846 2217
1848 2252
1850 2291
1852 2252
1854 2369
1856 2217
1858 2229
1860 2251
1862 2220
1864 2293
1866 2252
1868 2218
1870 2217
1872 2253
1874 2218
1876 2217
1878 2292
1880 2215
1882 2216
1884 2216
1886 2274
1888 2216
1890 2290
1892 2327
1894 2364
1896 2367
1898 2277
1900 2277
1902 2265
1904 2290
1906 2289
1908 2217
1910 2263
1912 2275
1914 2313
1916 2237
1918 2514
1920 2313
1922 2408
1924 2337
1926 2275
1928 2278
1930 2299
1932 2404
1934 2216
1936 2219
1938 2221
1940 2256
1942 2217
1944 2217
1946 2217
1948 2219
1950 2221
1952 2301
1954 2236
1956 2217
1958 2368
1960 2253
1962 3107
1964 2261
1966 2314
1968 2280
1970 2248
1972 2254
1974 2217
1976 2252
1978 2253
1980 2219
1982 2218
1984 2254
1986 2216
1988 2216
1990 2217
1992 2217
1994 2290
1996 2218
1998 2216
2000 4434
