2 281
4 253
6 253
8 248
10 231
12 230
14 230
16 252
18 251
20 253
22 251
24 213
26 213
28 213
30 213
32 269
34 270
36 271
38 270
40 207
42 207
44 206
46 208
48 207
50 207
52 207
54 207
56 207
58 207
60 207
62 255
64 301
66 304
68 252
70 252
72 252
74 252
76 252
78 254
80 252
82 253
84 252
86 253
88 252
90 253
92 252
94 253
96 252
98 253
100 252
102 224
104 223
106 224
108 224
110 224
112 224
114 224
116 224
118 224
120 223
122 224
124 224
126 366
128 366
130 367
132 366
134 366
136 366
138 366
140 366
142 366
144 366
146 366
148 361
150 328
152 328
154 328
156 328
158 328
160 328
162 408
164 329
166 329
168 346
170 328
172 328
174 329
176 329
178 329
180 328
182 329
184 329
186 329
188 328
190 328
192 327
194 328
196 329
198 328
200 329
202 366
204 329
206 329
208 329
210 329
212 329
214 329
216 329
218 423
220 329
222 329
224 328
226 329
228 329
230 328
232 328
234 329
236 373
238 330
240 329
242 329
244 329
246 329
248 329
250 594
252 594
254 594
256 631
258 594
260 594
262 595
264 630
266 592
268 775
270 593
272 593
274 593
276 593
278 593
280 593
282 593
284 700
286 593
288 593
290 593
292 593
294 593
296 593
298 593
300 595
302 593
304 594
306 630
308 593
310 593
312 653
314 593
316 593
318 593
320 632
322 594
324 594
326 594
328 593
330 593
332 593
334 593
336 593
338 593
340 595
342 593
344 593
346 593
348 634
350 593
352 593
354 630
356 593
358 593
360 702
362 652
364 592
366 593
368 592
370 667
372 593
374 593
376 593
378 594
380 593
382 630
384 591
386 593
388 593
390 593
392 593
394 593
396 593
398 595
400 593
402 593
404 593
406 593
408 593
410 593
412 593
414 593
416 593
418 594
420 593
422 593
424 593
426 593
428 593
430 593
432 593
434 613
436 593
438 593
440 593
442 591
444 593
446 593
448 593
450 593
452 630
454 593
456 666
458 593
460 667
462 593
464 592
466 593
468 592
470 629
472 593
474 593
476 594
478 630
480 593
482 594
484 593
486 593
488 593
490 593
492 593
494 593
496 594
498 593
500 1162
502 1131
504 1130
506 1130
508 1132
510 1131
512 1187
514 1131
516 1131
518 1168
520 1133
522 1131
524 1203
526 1131
528 1168
530 1132
532 1168
534 1192
536 1130
538 1130
540 1131
542 1168
544 1133
546 1153
548 1162
550 1162
552 1163
554 1161
556 1161
558 1198
560 1161
562 1161
564 1161
566 1161
568 1161
570 1199
572 1205
574 1164
576 1162
578 1163
580 1163
582 1196
584 1131
586 1197
588 1163
590 1360
592 1131
594 1415
596 1131
598 1316
600 1160
602 1278
604 1563
606 1205
608 1195
610 1195
612 1249
614 1197
616 1195
618 1198
620 1237
622 1196
624 1190
626 1221
628 1193
630 1193
632 1286
634 1190
636 1195
638 1198
640 1285
642 1206
644 1227
646 1193
648 1192
650 1193
652 1192
654 1194
656 1195
658 1192
660 1201
662 1160
664 1236
666 1162
668 1160
670 1160
672 1161
674 1160
676 1164
678 1161
680 1160
682 1161
684 1168
686 1135
688 1134
690 1243
692 1171
694 1132
696 1161
698 1163
700 1162
702 1131
704 1131
706 1131
708 1202
710 1161
712 1198
714 1131
716 1131
718 1130
720 1326
722 1233
724 1275
726 1161
728 1161
730 1216
732 1163
734 1240
736 1161
738 1161
740 1282
742 1131
744 1230
746 1196
748 1234
750 1166
752 1199
754 1185
756 1161
758 1161
760 1161
762 1204
764 1196
766 1173
768 1133
770 1133
772 1135
774 1133
776 1168
778 1129
780 1132
782 1131
784 1131
786 1131
788 1243
790 1133
792 1133
794 1132
796 1131
798 1178
800 1196
802 1161
804 1132
806 1131
808 1131
810 1180
812 1162
814 1133
816 1212
818 1132
820 1132
822 1133
824 1204
826 1128
828 1133
830 1133
832 1212
834 1198
836 1195
838 1133
840 1131
842 1131
844 1131
846 1131
848 1185
850 1131
852 1168
854 1131
856 1192
858 1130
860 1228
862 1132
864 1131
866 1132
868 1227
870 1190
872 1169
874 1131
876 1213
878 1132
880 1131
882 1132
884 1218
886 1132
888 1132
890 1131
892 1133
894 1131
896 1168
898 1131
900 1131
902 1167
904 1133
906 1132
908 1168
910 1202
912 1131
914 1133
916 1131
918 1131
920 1167
922 1149
924 1131
926 1197
928 1132
930 1131
932 1168
934 1130
936 1131
938 1242
940 1131
942 1131
944 1205
946 1167
948 1133
950 1130
952 1131
954 1131
956 1205
958 1132
960 1131
962 1206
964 1131
966 1167
968 1168
970 1132
972 1189
974 1130
976 1131
978 1168
980 1206
982 1204
984 1238
986 1162
988 1162
990 1162
992 1161
994 1158
996 1157
998 1131
1000 2218
1002 2253
1004 2215
1006 2308
1008 2274
1010 2250
1012 2217
1014 2253
1016 2216
1018 2333
1020 2253
1022 2253
1024 2218
1026 2217
1028 2291
1030 2252
1032 2609
1034 2469
1036 2219
1038 2256
1040 2306
1042 2274
1044 2276
1046 2275
1048 2274
1050 2297
1052 2337
1054 2276
1056 2329
1058 2312
1060 2274
1062 2276
1064 2253
1066 2301
1068 2276
1070 2314
1072 2276
1074 2274
1076 2665
1078 2348
1080 2351
1082 2314
1084 2275
1086 2276
1088 2274
1090 2365
1092 2277
1094 2317
1096 2378
1098 2217
1100 2251
1102 2216
1104 2217
1106 2214
1108 2300
1110 2394
1112 2252
1114 2218
1116 2219
1118 2219
1120 2256
1122 2252
1124 2217
1126 2291
1128 2216
1130 2257
1132 2253
1134 2270
1136 2216
1138 2331
1140 2557
1142 2274
1144 2271
1146 2460
1148 2366
1150 2356
1152 2275
1154 2274
1156 2443
1158 2216
1160 2292
1162 2295
1164 2213
1166 2213
1168 2293
1170 2253
1172 2328
1174 2217
1176 2250
1178 2216
1180 2251
1182 2289
1184 2217
1186 2303
1188 2255
1190 2217
1192 2291
1194 2217
1196 2218
1198 2296
1200 2235
1202 2217
1204 2217
1206 2218
1208 2218
1210 2253
1212 2252
1214 2289
1216 2271
1218 2216
1220 2362
1222 2216
1224 2216
1226 2255
1228 2216
1230 2323
1232 2292
1234 2220
1236 2289
1238 2290
1240 2412
1242 2216
1244 2293
1246 2216
1248 2218
1250 2217
1252 2234
1254 2299
1256 2216
1258 2364
1260 2217
1262 2315
1264 2257
1266 2255
1268 2216
1270 2291
1272 2215
1274 2247
1276 2250
1278 2217
1280 2290
1282 2217
1284 2216
1286 2254
1288 2253
1290 2253
1292 2218
1294 2216
1296 2290
1298 2218
1300 2219
1302 2288
1304 2216
1306 2218
1308 2253
1310 2321
1312 2270
1314 2214
1316 2292
1318 2217
1320 2216
1322 2255
1324 2218
1326 2328
1328 2251
1330 2220
1332 2213
1334 2291
1336 2220
1338 2335
1340 2252
1342 2216
1344 2216
1346 2216
1348 2216
1350 2266
1352 2212
1354 2215
1356 2216
1358 2254
1360 2252
1362 2215
1364 2216
1366 2253
1368 2216
1370 2216
1372 2252
1374 2219
1376 2217
1378 2216
1380 2215
1382 2216
1384 2215
1386 2368
1388 2217
1390 2216
1392 2319
1394 2217
1396 2216
1398 2375
1400 2295
1402 2216
1404 2327
1406 2253
1408 2217
1410 2217
1412 2368
1414 2252
1416 2217
1418 2216
1420 2217
1422 2216
1424 2252
1426 2217
1428 2301
1430 2581
1432 2397
1434 2335
1436 2361
1438 2277
1440 2277
1442 2408
1444 2278
1446 2265
1448 2292
1450 2218
1452 2216
1454 2311
1456 2328
1458 2219
1460 2219
1462 2217
1464 2216
1466 2254
1468 2214
1470 2217
1472 2217
1474 2288
1476 2291
1478 2217
1480 2289
1482 2219
1484 2291
1486 2251
1488 2289
1490 2440
1492 2286
1494 2275
1496 2276
1498 2415
1500 2270
1502 2274
1504 2244
1506 2216
1508 2217
1510 2212
1512 2216
1514 2216
1516 2216
1518 2253
1520 2273
1522 2216
1524 2233
1526 2254
1528 2253
1530 2314
1532 2399
1534 2273
1536 2336
1538 2214
1540 2213
1542 2368
1544 2436
1546 2277
1548 2276
1550 2240
1552 2253
1554 2217
1556 2216
1558 2216
1560 2216
1562 2214
1564 2217
1566 2233
1568 2233
1570 2256
1572 2217
1574 2458
1576 2216
1578 2217
1580 2292
1582 2217
1584 2253
1586 2327
1588 2216
1590 2217
1592 2289
1594 2329
1596 2220
1598 2220
1600 2216
1602 2217
1604 2216
1606 2288
1608 2286
1610 2277
1612 2314
1614 2217
1616 2213
1618 2293
1620 2216
1622 2217
1624 2254
1626 2216
1628 2216
1630 2252
1632 2213
1634 2287
1636 2217
1638 2249
1640 2219
1642 2271
1644 2287
1646 2216
1648 2290
1650 2268
1652 2216
1654 2217
1656 2253
1658 2218
1660 2251
1662 2328
1664 2220
1666 2251
1668 2311
1670 2293
1672 2288
1674 2291
1676 2217
1678 2216
1680 2216
1682 2296
1684 2214
1686 2217
1688 2334
1690 2219
1692 2259
1694 2219
1696 2252
1698 2217
1700 2290
1702 2213
1704 2287
1706 2288
1708 2216
1710 2217
1712 2291
1714 2216
1716 2217
1718 2250
1720 2647
1722 2556
1724 2500
1726 2275
1728 2275
1730 2345
1732 2397
1734 2275
1736 2308
1738 2283
1740 2217
1742 2327
1744 2217
1746 2217
1748 2255
1750 2367
1752 2295
1754 2285
1756 2215
1758 2322
1760 2299
1762 2290
1764 2219
1766 2256
1768 2216
1770 2217
1772 2253
1774 2216
1776 2216
1778 2253
1780 2216
1782 2217
1784 2303
1786 2464
1788 2317
1790 2269
1792 2276
1794 2301
1796 2234
1798 2332
1800 2216
1802 2254
1804 2253
1806 2217
1808 2340
1810 2301
1812 2255
1814 2254
1816 2253
1818 2354
1820 2219
1822 2294
1824 2217
1826 2220
1828 2254
1830 2215
1832 2215
1834 2250
1836 2214
1838 2250
1840 2216
1842 2313
1844 2216
1846 2219
1848 2288
1850 2292
1852 2217
1854 2290
1856 2216
1858 2217
1860 2275
1862 2217
1864 2217
1866 2239
1868 2290
1870 2252
1872 2218
1874 2251
1876 2216
1878 2216
1880 2305
1882 2216
1884 2212
1886 2292
1888 2217
1890 2213
1892 2294
1894 2216
1896 2312
1898 2371
1900 2220
1902 2220
1904 2254
1906 2273
1908 2215
1910 2253
1912 2218
1914 2216
1916 2216
1918 2217
1920 2216
1922 2218
1924 2328
1926 2213
1928 2254
1930 2251
1932 2263
1934 2369
1936 2289
1938 2289
1940 2234
1942 2370
1944 2253
1946 2218
1948 2335
1950 2216
1952 2217
1954 2255
1956 2253
1958 2292
1960 2287
1962 2235
1964 2220
1966 2219
1968 2253
1970 2217
1972 2216
1974 2323
1976 2424
1978 2248
1980 2348
1982 2275
1984 2275
1986 2312
1988 2271
1990 2275
1992 2291
1994 2217
1996 2212
1998 2256
2000 4473
