2 241
4 220
6 219
8 206
10 204
12 203
14 203
16 193
18 193
20 192
22 191
24 190
26 189
28 189
30 189
32 191
34 190
36 192
38 195
40 193
42 192
44 188
46 191
48 191
50 191
52 191
54 191
56 187
58 188
60 186
62 225
64 193
66 194
68 192
70 191
72 193
74 192
76 191
78 192
80 196
82 194
84 194
86 194
88 191
90 192
92 191
94 192
96 191
98 191
100 191
102 190
104 191
106 191
108 191
110 190
112 191
114 191
116 191
118 191
120 191
122 191
124 190
126 247
128 247
130 247
132 246
134 247
136 247
138 245
140 246
142 246
144 246
146 246
148 246
150 246
152 250
154 249
156 248
158 246
160 246
162 246
164 246
166 245
168 375
170 284
172 239
174 240
176 277
178 240
180 242
182 351
184 239
186 239
188 240
190 258
192 246
194 246
196 246
198 246
200 246
202 246
204 266
206 303
208 266
210 325
212 327
214 334
216 293
218 256
220 255
222 310
224 257
226 257
228 256
230 254
232 256
234 256
236 262
238 255
240 254
242 257
244 279
246 313
248 254
250 379
252 378
254 393
256 382
258 426
260 369
262 405
264 390
266 378
268 379
270 378
272 395
274 392
276 384
278 379
280 378
282 378
284 379
286 379
288 379
290 377
292 377
294 424
296 379
298 386
300 391
302 367
304 367
306 367
308 367
310 386
312 381
314 370
316 367
318 366
320 367
322 367
324 367
326 455
328 366
330 429
332 369
334 368
336 367
338 388
340 368
342 368
344 366
346 367
348 367
350 367
352 367
354 367
356 367
358 367
360 367
362 366
364 367
366 367
368 368
370 367
372 368
374 368
376 373
378 357
380 357
382 357
384 357
386 357
388 358
390 357
392 358
394 357
396 358
398 357
400 367
402 381
404 358
406 368
408 367
410 402
412 367
414 357
416 357
418 357
420 358
422 357
424 357
426 358
428 358
430 361
432 359
434 358
436 359
438 358
440 359
442 358
444 357
446 358
448 397
450 357
452 357
454 357
456 357
458 357
460 357
462 358
464 358
466 358
468 359
470 358
472 358
474 560
476 367
478 404
480 357
482 357
484 357
486 426
488 358
490 374
492 367
494 366
496 367
498 367
500 629
502 703
504 628
506 628
508 627
510 627
512 627
514 627
516 687
518 612
520 612
522 673
524 664
526 715
528 628
530 726
532 629
534 629
536 629
538 629
540 629
542 628
544 631
546 627
548 662
550 630
552 629
554 628
556 665
558 627
560 628
562 628
564 628
566 668
568 627
570 628
572 628
574 627
576 627
578 709
580 612
582 611
584 612
586 612
588 611
590 683
592 612
594 611
596 611
598 612
600 611
602 685
604 612
606 628
608 691
610 612
612 611
614 648
616 612
618 612
620 612
622 612
624 612
626 648
628 612
630 654
632 612
634 611
636 612
638 667
640 611
642 611
644 612
646 611
648 612
650 648
652 612
654 611
656 612
658 612
660 650
662 630
664 628
666 648
668 613
670 612
672 611
674 648
676 611
678 612
680 734
682 612
684 612
686 745
688 613
690 612
692 612
694 611
696 611
698 654
700 672
702 611
704 611
706 611
708 633
710 627
712 628
714 627
716 627
718 627
720 766
722 612
724 611
726 611
728 653
730 626
732 627
734 627
736 627
738 627
740 639
742 610
744 611
746 610
748 610
750 610
752 610
754 610
756 680
758 610
760 610
762 610
764 610
766 612
768 700
770 628
772 610
774 626
776 627
778 627
780 626
782 626
784 611
786 610
788 610
790 629
792 611
794 611
796 612
798 647
800 611
802 610
804 610
806 611
808 611
810 611
812 611
814 610
816 610
818 610
820 610
822 648
824 611
826 627
828 628
830 629
832 667
834 626
836 627
838 663
840 626
842 662
844 626
846 626
848 626
850 665
852 626
854 626
856 626
858 626
860 665
862 682
864 674
866 611
868 610
870 627
872 626
874 627
876 651
878 626
880 643
882 644
884 643
886 643
888 643
890 643
892 627
894 627
896 661
898 627
900 626
902 610
904 610
906 610
908 682
910 610
912 611
914 611
916 611
918 610
920 686
922 610
924 610
926 610
928 611
930 610
932 681
934 610
936 610
938 610
940 610
942 610
944 717
946 611
948 610
950 612
952 610
954 611
956 650
958 610
960 609
962 610
964 610
966 689
968 610
970 610
972 612
974 647
976 611
978 611
980 611
982 611
984 648
986 610
988 610
990 610
992 610
994 612
996 611
998 610
1000 1133
1002 1134
1004 1132
1006 1132
1008 1133
1010 1132
1012 1131
1014 1131
1016 1131
1018 1238
1020 1131
1022 1132
1024 1133
1026 1184
1028 1132
1030 1132
1032 1168
1034 1271
1036 1421
1038 1355
1040 1165
1042 1163
1044 1200
1046 1162
1048 1208
1050 1162
1052 1166
1054 1164
1056 1157
1058 1133
1060 1132
1062 1169
1064 1131
1066 1131
1068 1131
1070 1168
1072 1131
1074 1130
1076 1152
1078 1135
1080 1136
1082 1134
1084 1132
1086 1133
1088 1171
1090 1240
1092 1131
1094 1205
1096 1131
1098 1130
1100 1131
1102 1132
1104 1238
1106 1131
1108 1130
1110 1130
1112 1130
1114 1131
1116 1131
1118 1130
1120 1130
1122 1130
1124 1168
1126 1167
1128 1132
1130 1206
1132 1192
1134 1169
1136 1130
1138 1204
1140 1133
1142 1131
1144 1132
1146 1132
1148 1130
1150 1166
1152 1132
1154 1132
1156 1132
1158 1129
1160 1130
1162 1130
1164 1200
1166 1130
1168 1129
1170 1243
1172 1129
1174 1167
1176 1132
1178 1131
1180 1131
1182 1130
1184 1131
1186 1131
1188 1130
1190 1133
1192 1195
1194 1413
1196 1137
1198 1135
1200 1228
1202 1161
1204 1161
1206 1133
1208 1130
1210 1132
1212 1131
1214 1132
1216 1132
1218 1132
1220 1213
1222 1132
1224 1132
1226 1190
1228 1130
1230 1131
1232 1278
1234 1131
1236 1130
1238 1131
1240 1227
1242 1136
1244 1173
1246 1133
1248 1206
1250 1133
1252 1134
1254 1133
1256 1134
1258 1130
1260 1131
1262 1131
1264 1132
1266 1132
1268 1167
1270 1209
1272 1130
1274 1130
1276 1130
1278 1169
1280 1130
1282 1130
1284 1130
1286 1205
1288 1130
1290 1132
1292 1240
1294 1131
1296 1130
1298 1130
1300 1131
1302 1202
1304 1131
1306 1132
1308 1206
1310 1130
1312 1167
1314 1132
1316 1132
1318 1132
1320 1132
1322 1130
1324 1347
1326 1273
1328 1163
1330 1163
1332 1190
1334 1166
1336 1261
1338 1174
1340 1162
1342 1162
1344 1162
1346 1160
1348 1161
1350 1131
1352 1133
1354 1132
1356 1133
1358 1246
1360 1130
1362 1131
1364 1253
1366 1130
1368 1132
1370 1167
1372 1130
1374 1162
1376 1242
1378 1130
1380 1131
1382 1131
1384 1130
1386 1168
1388 1130
1390 1174
1392 1133
1394 1130
1396 1129
1398 1131
1400 1130
1402 1130
1404 1130
1406 1130
1408 1180
1410 1141
1412 1312
1414 1223
1416 1142
1418 1179
1420 1213
1422 1140
1424 1141
1426 1139
1428 1141
1430 1141
1432 1249
1434 1139
1436 1139
1438 1144
1440 1141
1442 1140
1444 1140
1446 1217
1448 1141
1450 1177
1452 1213
1454 1142
1456 1191
1458 1139
1460 1139
1462 1140
1464 1195
1466 1140
1468 1139
1470 1139
1472 1139
1474 1140
1476 1140
1478 1139
1480 1139
1482 1176
1484 1141
1486 1141
1488 1139
1490 1250
1492 1140
1494 1140
1496 1176
1498 1139
1500 1140
1502 1139
1504 1139
1506 1193
1508 1178
1510 1141
1512 1141
1514 1140
1516 1244
1518 1139
1520 1139
1522 1157
1524 1140
1526 1160
1528 1250
1530 1141
1532 1143
1534 1192
1536 1141
1538 1143
1540 1217
1542 1141
1544 1142
1546 1141
1548 1142
1550 1177
1552 1140
1554 1142
1556 1141
1558 1141
1560 1141
1562 1139
1564 1140
1566 1214
1568 1139
1570 1139
1572 1212
1574 1176
1576 1140
1578 1141
1580 1139
1582 1140
1584 1139
1586 1138
1588 1175
1590 1139
1592 1139
1594 1212
1596 1140
1598 1138
1600 1139
1602 1139
1604 1215
1606 1139
1608 1139
1610 1215
1612 1140
1614 1139
1616 1303
1618 1143
1620 1142
1622 1201
1624 1145
1626 1177
1628 1248
1630 1170
1632 1141
1634 1223
1636 1141
1638 1138
1640 1238
1642 1140
1644 1528
1646 1143
1648 1157
1650 1239
1652 1259
1654 1212
1656 1204
1658 1202
1660 1221
1662 1172
1664 1171
1666 1216
1668 1139
1670 1230
1672 1141
1674 1141
1676 1236
1678 1140
1680 1139
1682 1139
1684 1140
1686 1141
1688 1140
1690 1325
1692 1140
1694 1140
1696 1139
1698 1140
1700 1139
1702 1177
1704 1142
1706 1141
1708 1174
1710 1219
1712 1170
1714 1170
1716 1169
1718 1141
1720 1141
1722 1140
1724 1140
1726 1139
1728 1138
1730 1138
1732 1139
1734 1139
1736 1141
1738 1140
1740 1139
1742 1140
1744 1139
1746 1139
1748 1139
1750 1140
1752 1175
1754 1139
1756 1139
1758 1197
1760 1138
1762 1139
1764 1139
1766 1178
1768 1140
1770 1139
1772 1139
1774 1213
1776 1139
1778 1138
1780 1138
1782 1138
1784 1177
1786 1140
1788 1141
1790 1196
1792 1139
1794 1213
1796 1139
1798 1138
1800 1141
1802 1139
1804 1210
1806 1140
1808 1140
1810 1139
1812 1140
1814 1139
1816 1244
1818 1138
1820 1138
1822 1261
1824 1177
1826 1139
1828 1140
1830 1141
1832 1141
1834 1140
1836 1139
1838 1140
1840 1139
1842 1139
1844 1139
1846 1140
1848 1144
1850 1142
1852 1142
1854 1144
1856 1143
1858 1142
1860 1213
1862 1140
1864 1140
1866 1215
1868 1139
1870 1141
1872 1140
1874 1139
1876 1176
1878 1139
1880 1213
1882 1218
1884 1139
1886 1139
1888 1139
1890 1138
1892 1138
1894 1138
1896 1138
1898 1175
1900 1215
1902 1139
1904 1200
1906 1210
1908 1301
1910 1216
1912 1171
1914 1170
1916 1223
1918 1268
1920 1143
1922 1203
1924 1141
1926 1141
1928 1139
1930 1140
1932 1140
1934 1140
1936 1140
1938 1139
1940 1141
1942 1141
1944 1141
1946 1215
1948 1214
1950 1139
1952 1139
1954 1172
1956 1141
1958 1140
1960 1176
1962 1139
1964 1139
1966 1139
1968 1251
1970 1248
1972 1255
1974 1143
1976 1141
1978 1141
1980 1140
1982 1140
1984 1149
1986 1147
1988 1149
1990 1221
1992 1244
1994 1148
1996 1183
1998 1182
2000 2283
