2 266
4 302
6 293
8 234
10 217
12 221
14 196
16 214
18 227
20 213
22 232
24 214
26 164
28 164
30 164
32 208
34 207
36 207
38 206
40 207
42 208
44 207
46 206
48 235
50 207
52 179
54 173
56 173
58 173
60 173
62 213
64 253
66 252
68 253
70 253
72 250
74 252
76 272
78 253
80 258
82 252
84 254
86 253
88 229
90 224
92 223
94 224
96 224
98 224
100 224
102 224
104 225
106 224
108 224
110 224
112 226
114 224
116 224
118 224
120 224
122 224
124 224
126 367
128 366
130 367
132 367
134 366
136 366
138 347
140 347
142 346
144 347
146 347
148 347
150 347
152 347
154 347
156 348
158 346
160 346
162 349
164 347
166 360
168 348
170 394
172 348
174 347
176 347
178 347
180 358
182 346
184 346
186 347
188 347
190 347
192 347
194 347
196 349
198 347
200 347
202 347
204 347
206 347
208 353
210 350
212 350
214 356
216 349
218 351
220 349
222 348
224 347
226 348
228 346
230 348
232 350
234 359
236 357
238 352
240 350
242 418
244 349
246 347
248 346
250 627
252 649
254 681
256 693
258 626
260 626
262 627
264 628
266 669
268 719
270 628
272 633
274 626
276 629
278 627
280 651
282 627
284 626
286 654
288 626
290 627
292 623
294 636
296 626
298 626
300 625
302 626
304 626
306 624
308 631
310 625
312 624
314 626
316 608
318 609
320 608
322 609
324 608
326 612
328 647
330 609
332 609
334 609
336 609
338 609
340 747
342 609
344 609
346 609
348 608
350 609
352 594
354 611
356 594
358 594
360 594
362 594
364 594
366 594
368 669
370 594
372 669
374 609
376 723
378 717
380 666
382 695
384 664
386 703
388 659
390 657
392 615
394 633
396 608
398 609
400 609
402 638
404 625
406 625
408 625
410 628
412 627
414 626
416 624
418 625
420 631
422 608
424 609
426 608
428 609
430 609
432 609
434 609
436 609
438 607
440 593
442 593
444 669
446 595
448 633
450 594
452 594
454 594
456 594
458 699
460 594
462 727
464 594
466 593
468 593
470 593
472 594
474 684
476 593
478 608
480 608
482 608
484 608
486 681
488 609
490 609
492 610
494 609
496 613
498 593
500 1214
502 1209
504 1390
506 1133
508 1166
510 1161
512 1160
514 1198
516 1160
518 1174
520 1283
522 1131
524 1131
526 1131
528 1221
530 1293
532 1199
534 1163
536 1162
538 1326
540 1161
542 1161
544 1164
546 1162
548 1197
550 1272
552 1160
554 1158
556 1357
558 1161
560 1262
562 1236
564 1281
566 1162
568 1163
570 1164
572 1159
574 1161
576 1161
578 1163
580 1162
582 1265
584 1198
586 1161
588 1161
590 1286
592 1162
594 1199
596 1354
598 1552
600 1254
602 1161
604 1196
606 1400
608 1162
610 1162
612 1203
614 1419
616 1161
618 1162
620 1197
622 1217
624 1192
626 1193
628 1221
630 1192
632 1213
634 1161
636 1160
638 1233
640 1310
642 1163
644 1161
646 1158
648 1259
650 1161
652 1161
654 1161
656 1198
658 1160
660 1160
662 1160
664 1168
666 1283
668 1132
670 1226
672 1210
674 1308
676 1161
678 1162
680 1163
682 1194
684 1161
686 1185
688 1179
690 1131
692 1288
694 1131
696 1131
698 1167
700 1131
702 1132
704 1131
706 1131
708 1162
710 1249
712 1161
714 1161
716 1161
718 1314
720 1176
722 1131
724 1208
726 1337
728 1157
730 1163
732 1200
734 1162
736 1161
738 1162
740 1161
742 1161
744 1163
746 1164
748 1163
750 1206
752 1131
754 1132
756 1168
758 1129
760 1131
762 1130
764 1210
766 1131
768 1129
770 1130
772 1132
774 1132
776 1131
778 1273
780 1131
782 1131
784 1168
786 1131
788 1131
790 1131
792 1131
794 1131
796 1131
798 1131
800 1132
802 1131
804 1132
806 1433
808 1132
810 1131
812 1131
814 1132
816 1129
818 1130
820 1131
822 1131
824 1131
826 1129
828 1132
830 1131
832 1131
834 1128
836 1132
838 1133
840 1168
842 1132
844 1132
846 1131
848 1132
850 1131
852 1133
854 1446
856 1226
858 1272
860 1324
862 1257
864 1218
866 1161
868 1209
870 1193
872 1193
874 1194
876 1222
878 1180
880 1332
882 1163
884 1202
886 1290
888 1195
890 1192
892 1192
894 1230
896 1194
898 1199
900 1160
902 1161
904 1160
906 1200
908 1181
910 1279
912 1161
914 1306
916 1161
918 1235
920 1204
922 1197
924 1193
926 1193
928 1272
930 1193
932 1193
934 1192
936 1192
938 1193
940 1198
942 1162
944 1164
946 1179
948 1162
950 1161
952 1243
954 1266
956 1133
958 1133
960 1133
962 1160
964 1206
966 1199
968 1161
970 1160
972 1162
974 1130
976 1132
978 1205
980 1129
982 1132
984 1131
986 1133
988 1132
990 1271
992 1132
994 1205
996 1131
998 1129
1000 2218
1002 2325
1004 2255
1006 2254
1008 2212
1010 2217
1012 2254
1014 2291
1016 2278
1018 2256
1020 3544
1022 2217
1024 2354
1026 2275
1028 2273
1030 2311
1032 2216
1034 2216
1036 2398
1038 2216
1040 2287
1042 2289
1044 2215
1046 2248
1048 2287
1050 2252
1052 2251
1054 2290
1056 2412
1058 2216
1060 2275
1062 2274
1064 2273
1066 2216
1068 2255
1070 2217
1072 2279
1074 2963
1076 2584
1078 2450
1080 2349
1082 2343
1084 2345
1086 2345
1088 2356
1090 2614
1092 2341
1094 2337
1096 2378
1098 2335
1100 2335
1102 2337
1104 2322
1106 2310
1108 2317
1110 2290
1112 2217
1114 2251
1116 2264
1118 2361
1120 2309
1122 2215
1124 2251
1126 2256
1128 2216
1130 2301
1132 2217
1134 2214
1136 2215
1138 2216
1140 2268
1142 2290
1144 2217
1146 2323
1148 2298
1150 2216
1152 2255
1154 2417
1156 2295
1158 2299
1160 2216
1162 2216
1164 2249
1166 2251
1168 2253
1170 2218
1172 2289
1174 2288
1176 2376
1178 2217
1180 2216
1182 2302
1184 2252
1186 2216
1188 2265
1190 2320
1192 2217
1194 2218
1196 2253
1198 2212
1200 2218
1202 2326
1204 2216
1206 2743
1208 2314
1210 2299
1212 2276
1214 2317
1216 2277
1218 2312
1220 2361
1222 2277
1224 2240
1226 2216
1228 2292
1230 2216
1232 2215
1234 2251
1236 2287
1238 2215
1240 2287
1242 2219
1244 2213
1246 2253
1248 2302
1250 2272
1252 2293
1254 2217
1256 2217
1258 2216
1260 2253
1262 2253
1264 2216
1266 2296
1268 2215
1270 2251
1272 2291
1274 2254
1276 2217
1278 2382
1280 2213
1282 2216
1284 2305
1286 2219
1288 2219
1290 2215
1292 2348
1294 2217
1296 2219
1298 2250
1300 2216
1302 2216
1304 2297
1306 2216
1308 2327
1310 2326
1312 2217
1314 2217
1316 2252
1318 2218
1320 2216
1322 2288
1324 2294
1326 2216
1328 2249
1330 2301
1332 2364
1334 2216
1336 2293
1338 2215
1340 2216
1342 2307
1344 2216
1346 2217
1348 2252
1350 2287
1352 2215
1354 2332
1356 2217
1358 2292
1360 2254
1362 2287
1364 2216
1366 2215
1368 2216
1370 2217
1372 2218
1374 2287
1376 2216
1378 2217
1380 2251
1382 2219
1384 2217
1386 2253
1388 2254
1390 2216
1392 2328
1394 2217
1396 2216
1398 2217
1400 2254
1402 2216
1404 2217
1406 2325
1408 2213
1410 2216
1412 2278
1414 2216
1416 2217
1418 2254
1420 2289
1422 2217
1424 2300
1426 2217
1428 2216
1430 2297
1432 2290
1434 2217
1436 2217
1438 2287
1440 2217
1442 2216
1444 2253
1446 2216
1448 2215
1450 2406
1452 2292
1454 2216
1456 2216
1458 2251
1460 2290
1462 2216
1464 2329
1466 2216
1468 2216
1470 2364
1472 2216
1474 2249
1476 2254
1478 2289
1480 2215
1482 2216
1484 2286
1486 2216
1488 2275
1490 2217
1492 2216
1494 2215
1496 2291
1498 2313
1500 2541
1502 2368
1504 2274
1506 2341
1508 2303
1510 2305
1512 2311
1514 2268
1516 2382
1518 2217
1520 2289
1522 2217
1524 2217
1526 2219
1528 2218
1530 2219
1532 2327
1534 2216
1536 2217
1538 2254
1540 2218
1542 2271
1544 2291
1546 2218
1548 2216
1550 2288
1552 2216
1554 2219
1556 2219
1558 2303
1560 2216
1562 2216
1564 2396
1566 2216
1568 2253
1570 2403
1572 2219
1574 2256
1576 2256
1578 2217
1580 2219
1582 2219
1584 2404
1586 2218
1588 2290
1590 2290
1592 2276
1594 2217
1596 2878
1598 2217
1600 2258
1602 2302
1604 2273
1606 2318
1608 2215
1610 2214
1612 2217
1614 2273
1616 2217
1618 2218
1620 2369
1622 2215
1624 2363
1626 2252
1628 2219
1630 2213
1632 2250
1634 2287
1636 2213
1638 2250
1640 2212
1642 2213
1644 2216
1646 2214
1648 2212
1650 2216
1652 2326
1654 2287
1656 2213
1658 2293
1660 2254
1662 2323
1664 2252
1666 2213
1668 2213
1670 2254
1672 2250
1674 2214
1676 2290
1678 2212
1680 2213
1682 2213
1684 2410
1686 2287
1688 2477
1690 2213
1692 2213
1694 2213
1696 2216
1698 2213
1700 2212
1702 2249
1704 2215
1706 2214
1708 2253
1710 2252
1712 2212
1714 2250
1716 2338
1718 2217
1720 2287
1722 2217
1724 2212
1726 2214
1728 2214
1730 2212
1732 2213
1734 2217
1736 2250
1738 2214
1740 2296
1742 2296
1744 2214
1746 2285
1748 2272
1750 2215
1752 2274
1754 2275
1756 2312
1758 2255
1760 2216
1762 2216
1764 2250
1766 2212
1768 2216
1770 2782
1772 2306
1774 2282
1776 2279
1778 2604
1780 2424
1782 2306
1784 2496
1786 2549
1788 2415
1790 2338
1792 2336
1794 2364
1796 2276
1798 2271
1800 2311
1802 2256
1804 2352
1806 2345
1808 2329
1810 2275
1812 2293
1814 2216
1816 2213
1818 2232
1820 2318
1822 2216
1824 2216
1826 2303
1828 2247
1830 2289
1832 2217
1834 2217
1836 2214
1838 2212
1840 2217
1842 2322
1844 2218
1846 2429
1848 2277
1850 2274
1852 2314
1854 2399
1856 2275
1858 2238
1860 2290
1862 2404
1864 2213
1866 2326
1868 2252
1870 2366
1872 2249
1874 2319
1876 2213
1878 2215
1880 2250
1882 2215
1884 2213
1886 2285
1888 2216
1890 2213
1892 2213
1894 2212
1896 2215
1898 2403
1900 2212
1902 2273
1904 2299
1906 2215
1908 2216
1910 2407
1912 2309
1914 2216
1916 2276
1918 2275
1920 2287
1922 2253
1924 2257
1926 2213
1928 2216
1930 2250
1932 2216
1934 2213
1936 2271
1938 2290
1940 2213
1942 2302
1944 2217
1946 2217
1948 2219
1950 2250
1952 2219
1954 2217
1956 2323
1958 2216
1960 2217
1962 2272
1964 2216
1966 2295
1968 2251
1970 2213
1972 2219
1974 2283
1976 2215
1978 2213
1980 2351
1982 2280
1984 2241
1986 2292
1988 2415
1990 2407
1992 2338
1994 2274
1996 2234
1998 2373
2000 4402
