2 215
4 198
6 196
8 185
10 184
12 184
14 182
16 174
18 175
20 208
22 171
24 171
26 173
28 173
30 172
32 194
34 172
36 170
38 170
40 170
42 168
44 168
46 169
48 169
50 184
52 167
54 222
56 190
58 172
60 171
62 178
64 188
66 189
68 185
70 185
72 185
74 184
76 184
78 184
80 185
82 185
84 184
86 184
88 184
90 184
92 200
94 184
96 186
98 184
100 185
102 186
104 186
106 187
108 183
110 184
112 260
114 188
116 188
118 188
120 210
122 227
124 189
126 243
128 243
130 244
132 242
134 246
136 242
138 262
140 243
142 242
144 241
146 242
148 241
150 241
152 241
154 241
156 241
158 241
160 276
162 241
164 242
166 240
168 241
170 241
172 241
174 242
176 241
178 242
180 241
182 241
184 241
186 241
188 241
190 262
192 241
194 276
196 241
198 241
200 241
202 241
204 241
206 241
208 241
210 241
212 241
214 241
216 241
218 242
220 241
222 299
224 234
226 235
228 235
230 235
232 235
234 235
236 235
238 235
240 234
242 234
244 235
246 234
248 235
250 358
252 356
254 357
256 395
258 356
260 418
262 465
264 364
266 365
268 364
270 365
272 367
274 365
276 365
278 364
280 365
282 370
284 439
286 473
288 514
290 519
292 378
294 377
296 377
298 378
300 382
302 379
304 385
306 379
308 378
310 412
312 381
314 428
316 380
318 376
320 381
322 375
324 375
326 375
328 375
330 376
332 365
334 365
336 365
338 364
340 364
342 364
344 364
346 365
348 375
350 377
352 384
354 366
356 404
358 364
360 366
362 632
364 381
366 378
368 380
370 376
372 383
374 398
376 431
378 364
380 398
382 365
384 394
386 389
388 375
390 374
392 375
394 375
396 374
398 374
400 374
402 375
404 388
406 364
408 364
410 364
412 401
414 364
416 365
418 365
420 364
422 364
424 357
426 356
428 375
430 354
432 392
434 356
436 355
438 357
440 403
442 365
444 365
446 365
448 376
450 388
452 394
454 355
456 356
458 355
460 355
462 356
464 355
466 355
468 375
470 355
472 391
474 403
476 357
478 357
480 355
482 403
484 414
486 365
488 365
490 365
492 433
494 365
496 364
498 365
500 626
502 626
504 665
506 625
508 624
510 609
512 630
514 608
516 645
518 609
520 625
522 625
524 610
526 609
528 608
530 609
532 609
534 609
536 609
538 609
540 610
542 652
544 609
546 609
548 609
550 609
552 651
554 682
556 609
558 609
560 608
562 610
564 609
566 646
568 609
570 608
572 609
574 625
576 625
578 669
580 609
582 609
584 609
586 608
588 653
590 704
592 648
594 628
596 608
598 625
600 627
602 820
604 626
606 626
608 626
610 626
612 627
614 627
616 676
618 671
620 767
622 700
624 625
626 625
628 674
630 642
632 643
634 642
636 642
638 660
640 625
642 653
644 625
646 659
648 629
650 610
652 609
654 609
656 609
658 611
660 609
662 610
664 686
666 609
668 674
670 610
672 609
674 609
676 609
678 609
680 624
682 609
684 608
686 608
688 625
690 755
692 627
694 626
696 625
698 625
700 625
702 628
704 625
706 609
708 609
710 609
712 609
714 609
716 609
718 610
720 610
722 610
724 609
726 687
728 611
730 609
732 609
734 610
736 609
738 609
740 611
742 610
744 609
746 610
748 609
750 648
752 610
754 609
756 609
758 609
760 609
762 609
764 609
766 609
768 608
770 608
772 612
774 608
776 608
778 610
780 609
782 609
784 609
786 609
788 611
790 625
792 610
794 693
796 610
798 610
800 609
802 608
804 609
806 609
808 609
810 609
812 609
814 609
816 611
818 609
820 609
822 609
824 608
826 683
828 608
830 609
832 609
834 609
836 685
838 608
840 608
842 608
844 609
846 609
848 645
850 647
852 609
854 609
856 609
858 610
860 718
862 609
864 609
866 609
868 609
870 609
872 645
874 609
876 609
878 609
880 609
882 725
884 645
886 609
888 609
890 609
892 609
894 608
896 645
898 640
900 608
902 668
904 609
906 608
908 667
910 609
912 646
914 624
916 681
918 609
920 608
922 609
924 609
926 608
928 609
930 609
932 625
934 609
936 612
938 609
940 609
942 628
944 625
946 625
948 626
950 625
952 626
954 609
956 609
958 609
960 608
962 609
964 609
966 609
968 609
970 609
972 609
974 608
976 609
978 666
980 626
982 625
984 625
986 626
988 625
990 680
992 609
994 609
996 609
998 608
1000 1259
1002 1145
1004 1177
1006 1175
1008 1177
1010 1176
1012 1176
1014 1174
1016 1360
1018 1150
1020 1172
1022 1297
1024 1175
1026 1215
1028 1176
1030 1174
1032 1174
1034 1174
1036 1174
1038 1215
1040 1144
1042 1144
1044 1144
1046 1180
1048 1144
1050 1144
1052 1146
1054 1145
1056 1214
1058 1143
1060 1145
1062 1181
1064 1142
1066 1143
1068 1145
1070 1217
1072 1143
1074 1145
1076 1145
1078 1144
1080 1181
1082 1204
1084 1144
1086 1163
1088 1315
1090 1175
1092 1180
1094 1176
1096 1176
1098 1177
1100 1161
1102 1145
1104 1145
1106 1144
1108 1162
1110 1146
1112 1144
1114 1144
1116 1183
1118 1186
1120 1147
1122 1147
1124 1255
1126 1146
1128 1146
1130 1181
1132 1145
1134 1146
1136 1144
1138 1145
1140 1144
1142 1144
1144 1143
1146 1183
1148 1144
1150 1144
1152 1144
1154 1144
1156 1145
1158 1145
1160 1143
1162 1181
1164 1144
1166 1144
1168 1180
1170 1184
1172 1145
1174 1148
1176 1143
1178 1161
1180 1145
1182 1144
1184 1144
1186 1145
1188 1120
1190 1118
1192 1230
1194 1214
1196 1184
1198 1147
1200 1147
1202 1146
1204 1185
1206 1146
1208 1149
1210 1193
1212 1116
1214 1119
1216 1145
1218 1146
1220 1147
1222 1145
1224 1146
1226 1158
1228 1116
1230 1153
1232 1117
1234 1115
1236 1116
1238 1116
1240 1117
1242 1116
1244 1116
1246 1157
1248 1189
1250 1117
1252 1134
1254 1116
1256 1180
1258 1115
1260 1153
1262 1224
1264 1240
1266 1118
1268 1226
1270 1118
1272 1120
1274 1116
1276 1118
1278 1118
1280 1116
1282 1116
1284 1206
1286 1118
1288 1118
1290 1117
1292 1116
1294 1116
1296 1116
1298 1115
1300 1225
1302 1116
1304 1189
1306 1117
1308 1116
1310 1152
1312 1116
1314 1190
1316 1118
1318 1115
1320 1116
1322 1117
1324 1115
1326 1153
1328 1118
1330 1116
1332 1184
1334 1116
1336 1117
1338 1154
1340 1116
1342 1118
1344 1194
1346 1116
1348 1156
1350 1116
1352 1117
1354 1118
1356 1117
1358 1116
1360 1117
1362 1115
1364 1117
1366 1117
1368 1117
1370 1152
1372 1116
1374 1116
1376 1116
1378 1350
1380 1151
1382 1153
1384 1150
1386 1149
1388 1185
1390 1151
1392 1150
1394 1175
1396 1154
1398 1117
1400 1120
1402 1117
1404 1117
1406 1155
1408 1118
1410 1117
1412 1119
1414 1116
1416 1116
1418 1117
1420 1151
1422 1117
1424 1118
1426 1116
1428 1116
1430 1237
1432 1120
1434 1236
1436 1148
1438 1148
1440 1756
1442 1185
1444 1120
1446 1147
1448 1147
1450 1147
1452 1146
1454 1146
1456 1146
1458 1156
1460 1117
1462 1157
1464 1116
1466 1117
1468 1118
1470 1118
1472 1119
1474 1193
1476 1154
1478 1155
1480 1120
1482 1155
1484 1118
1486 1119
1488 1117
1490 1116
1492 1116
1494 1348
1496 1116
1498 1164
1500 1225
1502 1147
1504 1118
1506 1117
1508 1118
1510 1118
1512 1190
1514 1119
1516 1155
1518 1116
1520 1193
1522 1116
1524 1116
1526 1191
1528 1116
1530 1153
1532 1155
1534 1175
1536 1116
1538 1117
1540 1118
1542 1263
1544 1117
1546 1177
1548 1116
1550 1117
1552 1117
1554 1122
1556 1120
1558 1118
1560 1119
1562 1118
1564 1153
1566 1117
1568 1117
1570 1117
1572 1117
1574 1117
1576 1116
1578 1118
1580 1117
1582 1216
1584 1121
1586 1120
1588 1186
1590 1153
1592 1117
1594 1119
1596 1152
1598 1118
1600 1116
1602 1116
1604 1154
1606 1118
1608 1117
1610 1117
1612 1197
1614 1119
1616 1120
1618 1119
1620 1118
1622 1171
1624 1117
1626 1191
1628 1154
1630 1116
1632 1117
1634 1117
1636 1155
1638 1118
1640 1118
1642 1117
1644 1118
1646 1120
1648 1117
1650 1116
1652 1118
1654 1116
1656 1117
1658 1118
1660 1191
1662 1117
1664 1118
1666 1557
1668 1186
1670 1151
1672 1149
1674 1149
1676 1147
1678 1232
1680 1151
1682 1150
1684 1118
1686 1117
1688 1117
1690 1154
1692 1117
1694 1117
1696 1230
1698 1118
1700 1118
1702 1117
1704 1117
1706 1153
1708 1159
1710 1117
1712 1118
1714 1190
1716 1118
1718 1157
1720 1117
1722 1116
1724 1204
1726 1117
1728 1153
1730 1203
1732 1118
1734 1190
1736 1118
1738 1118
1740 1118
1742 1115
1744 1117
1746 1117
1748 1118
1750 1118
1752 1117
1754 1118
1756 1118
1758 1118
1760 1134
1762 1117
1764 1135
1766 1225
1768 1131
1770 1132
1772 1167
1774 1205
1776 1131
1778 1131
1780 1131
1782 1214
1784 1131
1786 1131
1788 1132
1790 1295
1792 1167
1794 1268
1796 1265
1798 1163
1800 1207
1802 1241
1804 1167
1806 1163
1808 1162
1810 1238
1812 1221
1814 1197
1816 1163
1818 1160
1820 1203
1822 1163
1824 1230
1826 1234
1828 1163
1830 1164
1832 1239
1834 1216
1836 1200
1838 1247
1840 1201
1842 1228
1844 1252
1846 1211
1848 1247
1850 1288
1852 1166
1854 1162
1856 1162
1858 1248
1860 1237
1862 1160
1864 1163
1866 1162
1868 1165
1870 1201
1872 1210
1874 1162
1876 1163
1878 1265
1880 1161
1882 1130
1884 1188
1886 1391
1888 1162
1890 1163
1892 1161
1894 1161
1896 1162
1898 1164
1900 1130
1902 1133
1904 1363
1906 1135
1908 1134
1910 1131
1912 1133
1914 1131
1916 1131
1918 1243
1920 1133
1922 1130
1924 1130
1926 1130
1928 1131
1930 1131
1932 1266
1934 1167
1936 1130
1938 1167
1940 1130
1942 1131
1944 1132
1946 1132
1948 1130
1950 1281
1952 1284
1954 1133
1956 1162
1958 1207
1960 1263
1962 1300
1964 1163
1966 1163
1968 1163
1970 1251
1972 1301
1974 1161
1976 1161
1978 1157
1980 1131
1982 1132
1984 1131
1986 1130
1988 1130
1990 1130
1992 1130
1994 1130
1996 1169
1998 1131
2000 2266
