2 115
4 104
6 104
8 101
10 100
12 100
14 100
16 110
18 109
20 129
22 109
24 109
26 109
28 109
30 109
32 155
34 138
36 138
38 138
40 138
42 138
44 138
46 138
48 138
50 138
52 137
54 140
56 162
58 142
60 141
62 174
64 205
66 206
68 206
70 206
72 243
74 242
76 206
78 206
80 206
82 206
84 206
86 206
88 206
90 206
92 206
94 206
96 209
98 206
100 206
102 206
104 206
106 205
108 206
110 206
112 207
114 206
116 206
118 223
120 206
122 206
124 206
126 338
128 338
130 338
132 338
134 339
136 338
138 338
140 338
142 338
144 338
146 338
148 338
150 338
152 375
154 337
156 338
158 337
160 337
162 337
164 339
166 337
168 375
170 338
172 338
174 338
176 338
178 338
180 358
182 340
184 443
186 328
188 329
190 328
192 329
194 351
196 328
198 337
200 337
202 337
204 337
206 411
208 337
210 338
212 338
214 337
216 374
218 432
220 359
222 471
224 457
226 397
228 396
230 409
232 350
234 507
236 488
238 474
240 347
242 374
244 349
246 347
248 347
250 627
252 680
254 632
256 628
258 634
260 627
262 626
264 629
266 637
268 778
270 633
272 628
274 666
276 749
278 609
280 609
282 674
284 686
286 637
288 626
290 626
292 626
294 628
296 644
298 625
300 628
302 627
304 665
306 627
308 626
310 628
312 626
314 627
316 626
318 625
320 626
322 662
324 628
326 626
328 626
330 625
332 629
334 625
336 626
338 625
340 625
342 625
344 626
346 670
348 631
350 632
352 715
354 643
356 626
358 629
360 627
362 626
364 657
366 671
368 626
370 625
372 665
374 626
376 626
378 625
380 632
382 626
384 625
386 625
388 660
390 625
392 625
394 640
396 653
398 625
400 626
402 627
404 652
406 631
408 627
410 624
412 630
414 624
416 625
418 625
420 625
422 627
424 625
426 626
428 625
430 630
432 610
434 609
436 610
438 608
440 609
442 609
444 609
446 609
448 646
450 608
452 609
454 607
456 611
458 609
460 609
462 608
464 607
466 608
468 613
470 706
472 609
474 610
476 639
478 609
480 609
482 618
484 592
486 608
488 608
490 608
492 610
494 608
496 611
498 610
500 1163
502 1163
504 1188
506 1133
508 1134
510 1205
512 1132
514 1132
516 1133
518 1133
520 1132
522 1205
524 1161
526 1161
528 1133
530 1131
532 1132
534 1167
536 1131
538 1128
540 1133
542 1133
544 1133
546 1169
548 1192
550 1132
552 1130
554 1131
556 1162
558 1200
560 1328
562 1131
564 1130
566 1131
568 1158
570 1207
572 1199
574 1163
576 1162
578 1168
580 1168
582 1201
584 1168
586 1133
588 1206
590 1131
592 1243
594 1133
596 1132
598 1132
600 1133
602 1152
604 1131
606 1167
608 1131
610 1208
612 1131
614 1132
616 1131
618 1329
620 1161
622 1170
624 1133
626 1132
628 1128
630 1131
632 1131
634 1131
636 1206
638 1131
640 1131
642 1132
644 1133
646 1132
648 1133
650 1132
652 1133
654 1157
656 1131
658 1132
660 1131
662 1131
664 1132
666 1269
668 1132
670 1131
672 1271
674 1130
676 1164
678 1161
680 1161
682 1161
684 1161
686 1174
688 1132
690 1131
692 1130
694 1131
696 1168
698 1130
700 1131
702 1132
704 1133
706 1133
708 1128
710 1133
712 1131
714 1132
716 1131
718 1131
720 1131
722 1131
724 1131
726 1131
728 1131
730 1130
732 1130
734 1132
736 1130
738 1131
740 1132
742 1131
744 1131
746 1131
748 1131
750 1130
752 1130
754 1131
756 1168
758 1210
760 1132
762 1169
764 1130
766 1132
768 1130
770 1168
772 1130
774 1133
776 1133
778 1131
780 1131
782 1357
784 1211
786 1132
788 1131
790 1132
792 1168
794 1131
796 1168
798 1131
800 1130
802 1131
804 1131
806 1132
808 1131
810 1131
812 1133
814 1206
816 1131
818 1131
820 1187
822 1132
824 1131
826 1130
828 1182
830 1161
832 1203
834 1160
836 1162
838 1161
840 1161
842 1163
844 1198
846 1161
848 1159
850 1162
852 1161
854 1161
856 1197
858 1202
860 1161
862 1161
864 1160
866 1346
868 1148
870 1353
872 1162
874 1253
876 1161
878 1278
880 1162
882 1162
884 1276
886 1252
888 1215
890 1268
892 1162
894 1205
896 1160
898 1189
900 1198
902 1276
904 1162
906 1161
908 1161
910 1160
912 1207
914 1162
916 1190
918 1161
920 1304
922 1237
924 1164
926 1166
928 1162
930 1163
932 1154
934 1131
936 1132
938 1132
940 1130
942 1130
944 1132
946 1129
948 1186
950 1131
952 1168
954 1129
956 1128
958 1131
960 1131
962 1131
964 1290
966 1288
968 1225
970 1166
972 1206
974 1231
976 1198
978 1160
980 1161
982 1161
984 1162
986 1168
988 1131
990 1130
992 1130
994 1211
996 1130
998 1131
1000 2252
1002 2275
1004 2216
1006 2217
1008 2214
1010 2219
1012 2219
1014 2216
1016 2360
1018 2218
1020 2216
1022 2252
1024 2217
1026 2214
1028 2316
1030 2220
1032 2213
1034 2284
1036 2217
1038 2212
1040 2386
1042 2219
1044 2215
1046 2509
1048 2508
1050 2275
1052 2378
1054 2277
1056 2277
1058 2356
1060 2267
1062 2328
1064 2326
1066 2287
1068 2216
1070 2289
1072 2216
1074 2215
1076 2399
1078 2216
1080 2216
1082 2218
1084 2217
1086 2251
1088 2314
1090 2217
1092 2216
1094 2255
1096 2252
1098 2215
1100 2357
1102 2290
1104 2216
1106 2268
1108 2290
1110 2253
1112 2219
1114 2328
1116 2214
1118 2216
1120 2217
1122 2213
1124 2219
1126 2255
1128 2313
1130 2217
1132 2216
1134 2293
1136 2265
1138 2216
1140 2294
1142 2216
1144 2216
1146 2255
1148 2216
1150 2216
1152 2217
1154 2217
1156 2216
1158 2405
1160 2362
1162 2216
1164 2219
1166 2253
1168 2295
1170 2287
1172 2287
1174 2217
1176 2323
1178 2268
1180 2217
1182 2254
1184 2326
1186 2216
1188 2216
1190 2287
1192 2220
1194 2234
1196 2214
1198 2667
1200 2315
1202 2277
1204 2323
1206 2216
1208 2215
1210 2349
1212 2216
1214 2216
1216 2254
1218 2291
1220 2217
1222 2218
1224 2216
1226 2276
1228 2509
1230 2216
1232 2220
1234 2544
1236 2220
1238 2219
1240 2318
1242 2275
1244 2370
1246 2219
1248 2293
1250 2295
1252 2254
1254 2217
1256 2218
1258 2291
1260 2253
1262 2289
1264 2251
1266 2253
1268 2217
1270 2217
1272 2253
1274 2297
1276 2219
1278 2219
1280 2215
1282 2213
1284 2303
1286 2215
1288 2273
1290 2216
1292 2291
1294 2287
1296 2216
1298 2252
1300 2252
1302 2398
1304 2362
1306 2290
1308 2218
1310 2271
1312 2293
1314 2216
1316 2213
1318 2290
1320 2253
1322 2255
1324 2255
1326 2218
1328 2219
1330 2251
1332 2258
1334 2219
1336 2291
1338 2219
1340 2219
1342 2221
1344 2590
1346 2374
1348 2238
1350 2275
1352 2275
1354 2275
1356 2276
1358 2275
1360 2251
1362 2213
1364 2289
1366 2216
1368 2252
1370 2219
1372 2219
1374 2289
1376 2217
1378 2216
1380 2284
1382 2217
1384 2433
1386 2236
1388 2217
1390 2288
1392 2215
1394 2217
1396 2216
1398 2287
1400 2252
1402 2212
1404 2253
1406 2293
1408 2219
1410 2219
1412 2364
1414 2215
1416 2252
1418 2289
1420 2217
1422 2214
1424 2252
1426 2217
1428 2217
1430 2217
1432 2255
1434 2219
1436 2213
1438 2291
1440 2214
1442 2216
1444 2289
1446 2217
1448 2425
1450 2321
1452 2218
1454 2216
1456 2216
1458 2216
1460 2215
1462 2216
1464 2307
1466 2217
1468 2215
1470 2667
1472 2321
1474 2475
1476 2436
1478 2275
1480 2275
1482 2304
1484 2396
1486 2278
1488 2216
1490 2308
1492 2261
1494 2254
1496 2215
1498 2215
1500 2337
1502 2217
1504 2290
1506 2252
1508 2216
1510 2216
1512 2298
1514 2261
1516 2216
1518 2754
1520 2229
1522 2275
1524 2276
1526 2273
1528 2306
1530 2315
1532 2278
1534 2354
1536 2277
1538 2231
1540 2309
1542 2215
1544 2213
1546 2292
1548 2217
1550 2254
1552 2216
1554 2320
1556 2629
1558 2334
1560 2299
1562 2442
1564 2312
1566 2448
1568 2351
1570 2313
1572 2275
1574 2312
1576 2272
1578 2272
1580 2275
1582 2436
1584 2412
1586 2352
1588 2331
1590 2336
1592 2337
1594 2291
1596 2385
1598 2349
1600 2217
1602 2291
1604 2253
1606 2254
1608 2216
1610 2608
1612 2345
1614 2275
1616 2442
1618 2217
1620 2216
1622 2253
1624 2289
1626 2218
1628 2216
1630 2213
1632 2374
1634 2218
1636 2213
1638 2216
1640 2217
1642 2253
1644 2290
1646 2214
1648 2251
1650 2253
1652 2216
1654 2253
1656 2294
1658 2219
1660 2216
1662 2292
1664 2254
1666 2215
1668 2253
1670 2215
1672 2216
1674 2368
1676 2219
1678 2213
1680 2256
1682 2216
1684 2215
1686 2236
1688 2293
1690 2220
1692 2220
1694 2218
1696 2219
1698 2308
1700 2291
1702 2290
1704 2373
1706 2252
1708 2217
1710 2216
1712 2253
1714 2216
1716 2318
1718 2252
1720 2328
1722 2220
1724 2216
1726 2217
1728 2216
1730 2217
1732 2215
1734 2345
1736 2219
1738 2214
1740 2217
1742 2254
1744 2333
1746 2358
1748 2214
1750 2290
1752 2219
1754 2219
1756 2255
1758 2217
1760 2216
1762 2286
1764 2220
1766 2219
1768 2347
1770 2219
1772 2219
1774 2402
1776 2216
1778 2214
1780 2291
1782 2293
1784 2216
1786 2317
1788 2422
1790 2218
1792 2250
1794 2253
1796 2213
1798 2218
1800 2291
1802 2215
1804 2727
1806 2367
1808 2451
1810 2278
1812 2332
1814 2392
1816 2375
1818 2391
1820 2356
1822 2361
1824 2366
1826 2367
1828 2275
1830 2278
1832 2272
1834 2271
1836 2275
1838 2831
1840 3442
1842 2997
1844 2613
1846 3242
1848 3042
1850 3266
1852 3264
1854 3277
1856 2903
1858 2482
1860 2319
1862 2350
1864 2318
1866 2325
1868 2390
1870 2322
1872 2319
1874 2864
1876 3007
1878 2341
1880 2398
1882 2340
1884 2340
1886 2353
1888 2276
1890 2271
1892 2336
1894 2219
1896 2251
1898 2212
1900 2218
1902 2219
1904 2216
1906 2216
1908 2217
1910 2213
1912 2253
1914 2216
1916 2216
1918 2217
1920 2365
1922 2364
1924 2215
1926 2289
1928 2365
1930 2289
1932 2272
1934 2271
1936 2310
1938 2274
1940 2215
1942 2215
1944 2216
1946 2212
1948 2253
1950 2291
1952 2294
1954 2216
1956 2216
1958 2250
1960 2216
1962 2222
1964 2253
1966 2217
1968 2216
1970 2216
1972 2288
1974 2216
1976 2216
1978 2216
1980 2292
1982 2216
1984 2289
1986 2216
1988 2273
1990 2253
1992 2219
1994 2290
1996 2253
1998 2216
2000 4478
