2 216
4 198
6 196
8 185
10 185
12 183
14 182
16 175
18 173
20 172
22 170
24 170
26 171
28 170
30 170
32 171
34 170
36 169
38 168
40 168
42 168
44 168
46 168
48 167
50 168
52 167
54 222
56 193
58 176
60 174
62 184
64 193
66 193
68 192
70 190
72 190
74 191
76 211
78 190
80 190
82 193
84 192
86 193
88 217
90 190
92 193
94 191
96 189
98 190
100 188
102 189
104 190
106 189
108 190
110 190
112 189
114 189
116 189
118 209
120 189
122 189
124 189
126 249
128 249
130 249
132 247
134 244
136 244
138 243
140 244
142 244
144 243
146 243
148 278
150 244
152 244
154 243
156 244
158 244
160 244
162 243
164 280
166 245
168 244
170 244
172 244
174 244
176 244
178 244
180 313
182 274
184 237
186 257
188 243
190 244
192 244
194 295
196 244
198 244
200 244
202 244
204 244
206 244
208 244
210 245
212 244
214 244
216 294
218 245
220 270
222 240
224 237
226 237
228 238
230 238
232 237
234 238
236 237
238 312
240 238
242 238
244 275
246 244
248 244
250 368
252 368
254 368
256 438
258 367
260 367
262 367
264 367
266 358
268 358
270 360
272 358
274 358
276 358
278 359
280 358
282 358
284 358
286 357
288 395
290 358
292 357
294 357
296 358
298 358
300 420
302 357
304 358
306 358
308 358
310 358
312 357
314 358
316 358
318 358
320 357
322 395
324 358
326 358
328 359
330 358
332 357
334 358
336 358
338 358
340 358
342 358
344 358
346 357
348 359
350 433
352 473
354 358
356 358
358 358
360 358
362 357
364 358
366 358
368 358
370 358
372 358
374 358
376 358
378 358
380 358
382 358
384 357
386 359
388 358
390 358
392 357
394 358
396 358
398 358
400 357
402 357
404 357
406 415
408 358
410 357
412 377
414 358
416 358
418 358
420 358
422 359
424 358
426 358
428 358
430 358
432 359
434 395
436 358
438 358
440 358
442 358
444 358
446 358
448 358
450 358
452 358
454 358
456 358
458 357
460 358
462 389
464 360
466 358
468 358
470 358
472 358
474 358
476 414
478 358
480 358
482 357
484 357
486 358
488 358
490 358
492 358
494 357
496 358
498 378
500 611
502 611
504 610
506 610
508 611
510 610
512 611
514 610
516 611
518 611
520 611
522 610
524 611
526 686
528 611
530 611
532 611
534 612
536 609
538 648
540 610
542 610
544 610
546 684
548 610
550 610
552 610
554 611
556 685
558 647
560 611
562 611
564 610
566 684
568 611
570 647
572 611
574 628
576 610
578 610
580 611
582 646
584 611
586 610
588 610
590 610
592 611
594 683
596 611
598 611
600 611
602 611
604 611
606 647
608 610
610 610
612 610
614 611
616 611
618 646
620 612
622 610
624 610
626 610
628 611
630 611
632 610
634 647
636 610
638 611
640 610
642 647
644 609
646 609
648 685
650 629
652 691
654 670
656 626
658 625
660 625
662 627
664 625
666 700
668 787
670 695
672 658
674 643
676 645
678 643
680 642
682 652
684 625
686 691
688 628
690 627
692 627
694 609
696 683
698 609
700 609
702 610
704 609
706 609
708 610
710 609
712 609
714 609
716 609
718 609
720 608
722 608
724 645
726 609
728 609
730 611
732 609
734 609
736 646
738 610
740 609
742 609
744 609
746 635
748 713
750 611
752 610
754 609
756 610
758 609
760 647
762 609
764 609
766 646
768 609
770 746
772 755
774 609
776 609
778 609
780 610
782 645
784 609
786 609
788 608
790 609
792 611
794 646
796 670
798 609
800 610
802 610
804 610
806 682
808 609
810 610
812 609
814 610
816 610
818 609
820 609
822 609
824 608
826 608
828 609
830 609
832 608
834 609
836 611
838 610
840 625
842 662
844 626
846 648
848 626
850 625
852 625
854 625
856 625
858 625
860 774
862 624
864 625
866 625
868 627
870 626
872 641
874 625
876 625
878 690
880 625
882 680
884 625
886 698
888 662
890 740
892 625
894 625
896 625
898 663
900 626
902 625
904 626
906 625
908 736
910 625
912 609
914 609
916 609
918 609
920 609
922 647
924 684
926 609
928 609
930 609
932 609
934 608
936 646
938 609
940 609
942 609
944 610
946 609
948 682
950 609
952 609
954 609
956 608
958 608
960 645
962 609
964 609
966 610
968 609
970 609
972 680
974 608
976 609
978 609
980 609
982 609
984 665
986 609
988 609
990 683
992 609
994 609
996 645
998 609
1000 1555
1002 1134
1004 1161
1006 1163
1008 1160
1010 1160
1012 1159
1014 1159
1016 1130
1018 1129
1020 1129
1022 1241
1024 1131
1026 1131
1028 1203
1030 1129
1032 1129
1034 1129
1036 1129
1038 1129
1040 1129
1042 1131
1044 1130
1046 1129
1048 1129
1050 1129
1052 1206
1054 1240
1056 1129
1058 1211
1060 1273
1062 1129
1064 1129
1066 1128
1068 1129
1070 1129
1072 1246
1074 1128
1076 1165
1078 1129
1080 1130
1082 1130
1084 1166
1086 1128
1088 1128
1090 1128
1092 1242
1094 1128
1096 1223
1098 1204
1100 1147
1102 1277
1104 1147
1106 1128
1108 1164
1110 1129
1112 1130
1114 1274
1116 1379
1118 1164
1120 1195
1122 1190
1124 1163
1126 1162
1128 1161
1130 1158
1132 1134
1134 1133
1136 1131
1138 1131
1140 1131
1142 1134
1144 1214
1146 1131
1148 1135
1150 1134
1152 1169
1154 1131
1156 1130
1158 1130
1160 1148
1162 1155
1164 1170
1166 1210
1168 1132
1170 1131
1172 1130
1174 1131
1176 1168
1178 1129
1180 1292
1182 1163
1184 1160
1186 1160
1188 1160
1190 1164
1192 1244
1194 1161
1196 1162
1198 1172
1200 1130
1202 1131
1204 1132
1206 1131
1208 1129
1210 1130
1212 1130
1214 1129
1216 1206
1218 1131
1220 1225
1222 1193
1224 1195
1226 1192
1228 1198
1230 1161
1232 1161
1234 1131
1236 1130
1238 1130
1240 1129
1242 1130
1244 1130
1246 1129
1248 1131
1250 1131
1252 1171
1254 1131
1256 1131
1258 1130
1260 1166
1262 1129
1264 1128
1266 1165
1268 1128
1270 1210
1272 1129
1274 1131
1276 1206
1278 1203
1280 1129
1282 1130
1284 1166
1286 1166
1288 1128
1290 1129
1292 1129
1294 1130
1296 1130
1298 1203
1300 1129
1302 1129
1304 1129
1306 1129
1308 1129
1310 1166
1312 1130
1314 1130
1316 1129
1318 1128
1320 1184
1322 1129
1324 1166
1326 1130
1328 1137
1330 1166
1332 1130
1334 1243
1336 1130
1338 1129
1340 1131
1342 1129
1344 1130
1346 1129
1348 1130
1350 1129
1352 1129
1354 1129
1356 1131
1358 1130
1360 1130
1362 1129
1364 1129
1366 1129
1368 1165
1370 1129
1372 1129
1374 1129
1376 1129
1378 1204
1380 1129
1382 1129
1384 1129
1386 1173
1388 1171
1390 1316
1392 1238
1394 1201
1396 1247
1398 1169
1400 1170
1402 1169
1404 1343
1406 1200
1408 1277
1410 1240
1412 1237
1414 1278
1416 1266
1418 1203
1420 1205
1422 1204
1424 1297
1426 1276
1428 1203
1430 1204
1432 1202
1434 1168
1436 1169
1438 1169
1440 1170
1442 1169
1444 1169
1446 1205
1448 1205
1450 1243
1452 1246
1454 1169
1456 1169
1458 1170
1460 1242
1462 1168
1464 1170
1466 1279
1468 1171
1470 1208
1472 1188
1474 1169
1476 1169
1478 1169
1480 1170
1482 1170
1484 1170
1486 1169
1488 1169
1490 1317
1492 1170
1494 1170
1496 1206
1498 1169
1500 1169
1502 1169
1504 1281
1506 1170
1508 1170
1510 1244
1512 1396
1514 1199
1516 1271
1518 1201
1520 1168
1522 1168
1524 1167
1526 1321
1528 1168
1530 1244
1532 1169
1534 1169
1536 1168
1538 1169
1540 1253
1542 1253
1544 1170
1546 1169
1548 1200
1550 1171
1552 1170
1554 1207
1556 1170
1558 1169
1560 1205
1562 1168
1564 1170
1566 1244
1568 1169
1570 1206
1572 1168
1574 1170
1576 1170
1578 1168
1580 1169
1582 1169
1584 1244
1586 1168
1588 1169
1590 1169
1592 1205
1594 1170
1596 1170
1598 1318
1600 1169
1602 1241
1604 1205
1606 1170
1608 1170
1610 1171
1612 1168
1614 1282
1616 1171
1618 1170
1620 1169
1622 1171
1624 1168
1626 1170
1628 1243
1630 1169
1632 1168
1634 1206
1636 1205
1638 1168
1640 1185
1642 1205
1644 1169
1646 1169
1648 1205
1650 1169
1652 1207
1654 1245
1656 1206
1658 1168
1660 1206
1662 1170
1664 1168
1666 1205
1668 1170
1670 1323
1672 1170
1674 1169
1676 1170
1678 1246
1680 1303
1682 1168
1684 1168
1686 1168
1688 1168
1690 1378
1692 1321
1694 1201
1696 1201
1698 1201
1700 1200
1702 1200
1704 1203
1706 1202
1708 1207
1710 1170
1712 1169
1714 1169
1716 1206
1718 1244
1720 1170
1722 1206
1724 1169
1726 1217
1728 1172
1730 1171
1732 1247
1734 1210
1736 1201
1738 1170
1740 1169
1742 1169
1744 1169
1746 1242
1748 1169
1750 1206
1752 1168
1754 1169
1756 1169
1758 1169
1760 1169
1762 1169
1764 1169
1766 1170
1768 1169
1770 1169
1772 1238
1774 1168
1776 1205
1778 1267
1780 1168
1782 1168
1784 1205
1786 1170
1788 1169
1790 1169
1792 1173
1794 1243
1796 1174
1798 1170
1800 1170
1802 1277
1804 1207
1806 1170
1808 1172
1810 1169
1812 1170
1814 1169
1816 1245
1818 1206
1820 1169
1822 1206
1824 1170
1826 1249
1828 1268
1830 1173
1832 1172
1834 1171
1836 1170
1838 1170
1840 1171
1842 1169
1844 1171
1846 1170
1848 1169
1850 1169
1852 1475
1854 1362
1856 1304
1858 1304
1860 1305
1862 1170
1864 1241
1866 1170
1868 1244
1870 1207
1872 1169
1874 1170
1876 1169
1878 1169
1880 1169
1882 1169
1884 1208
1886 1169
1888 1168
1890 1169
1892 1169
1894 1170
1896 1174
1898 1173
1900 1171
1902 1170
1904 1169
1906 1170
1908 1171
1910 1170
1912 1172
1914 1187
1916 1169
1918 1170
1920 1248
1922 1169
1924 1169
1926 1206
1928 1169
1930 1169
1932 1170
1934 1169
1936 1169
1938 1169
1940 1169
1942 1242
1944 1170
1946 1168
1948 1168
1950 1168
1952 1170
1954 1128
1956 1126
1958 1233
1960 1124
1962 1144
1964 1204
1966 1125
1968 1125
1970 1124
1972 1160
1974 1124
1976 1123
1978 1411
1980 1160
1982 1153
1984 1154
1986 1154
1988 1183
1990 1155
1992 1190
1994 1152
1996 1154
1998 1128
2000 2290
