2 145
4 130
6 130
8 128
10 126
12 126
14 126
16 138
18 137
20 137
22 137
24 137
26 136
28 137
30 136
32 174
34 174
36 174
38 174
40 172
42 154
44 153
46 155
48 155
50 157
52 154
54 156
56 155
58 154
60 155
62 189
64 224
66 224
68 222
70 224
72 223
74 226
76 228
78 226
80 225
82 224
84 224
86 224
88 223
90 224
92 224
94 224
96 224
98 212
100 221
102 211
104 212
106 213
108 214
110 272
112 213
114 214
116 287
118 289
120 299
122 295
124 304
126 444
128 529
130 505
132 488
134 445
136 350
138 350
140 353
142 350
144 359
146 427
148 354
150 350
152 349
154 348
156 350
158 349
160 348
162 348
164 348
166 348
168 350
170 350
172 373
174 354
176 347
178 346
180 346
182 347
184 347
186 351
188 348
190 347
192 347
194 347
196 347
198 346
200 348
202 382
204 354
206 352
208 352
210 350
212 443
214 348
216 351
218 349
220 355
222 350
224 348
226 349
228 338
230 338
232 338
234 338
236 463
238 426
240 338
242 416
244 337
246 337
248 442
250 609
252 609
254 625
256 627
258 625
260 628
262 626
264 628
266 636
268 634
270 891
272 631
274 653
276 626
278 626
280 636
282 629
284 626
286 627
288 629
290 642
292 627
294 631
296 630
298 630
300 626
302 628
304 627
306 625
308 625
310 627
312 660
314 630
316 625
318 625
320 625
322 625
324 630
326 625
328 625
330 625
332 626
334 679
336 628
338 625
340 625
342 629
344 626
346 627
348 625
350 625
352 626
354 626
356 692
358 629
360 626
362 627
364 625
366 625
368 625
370 630
372 625
374 625
376 625
378 627
380 697
382 627
384 625
386 626
388 626
390 637
392 624
394 628
396 625
398 624
400 626
402 646
404 630
406 633
408 643
410 648
412 626
414 626
416 627
418 626
420 626
422 627
424 663
426 644
428 626
430 626
432 632
434 626
436 631
438 631
440 625
442 625
444 625
446 625
448 626
450 625
452 625
454 628
456 609
458 658
460 609
462 609
464 612
466 610
468 646
470 608
472 609
474 608
476 609
478 609
480 708
482 640
484 685
486 715
488 689
490 670
492 664
494 638
496 699
498 646
500 1199
502 1249
504 1290
506 1258
508 1230
510 1443
512 1251
514 1196
516 1229
518 1215
520 1207
522 1668
524 1221
526 1204
528 1194
530 1193
532 1193
534 1192
536 1194
538 1222
540 1194
542 1220
544 1192
546 1192
548 1194
550 1192
552 1199
554 1161
556 1162
558 1161
560 1161
562 1161
564 1217
566 1163
568 1275
570 1181
572 1239
574 1161
576 1162
578 1298
580 1161
582 1160
584 1288
586 1202
588 1257
590 1253
592 1214
594 1236
596 1321
598 1381
600 1215
602 1192
604 1224
606 1211
608 1193
610 1259
612 1263
614 1216
616 1194
618 1215
620 1231
622 1193
624 1226
626 1229
628 1220
630 1207
632 1193
634 1195
636 1278
638 1206
640 1193
642 1193
644 1192
646 1194
648 1192
650 1190
652 1192
654 1234
656 1287
658 1203
660 1200
662 1197
664 1207
666 1197
668 1193
670 1241
672 1192
674 1192
676 1189
678 1160
680 1163
682 1159
684 1161
686 1173
688 1282
690 1130
692 1131
694 1160
696 1160
698 1160
700 1155
702 1132
704 1131
706 1206
708 1131
710 1131
712 1133
714 1132
716 1131
718 1130
720 1130
722 1130
724 1131
726 1191
728 1162
730 1157
732 1131
734 1131
736 1187
738 1132
740 1131
742 1132
744 1169
746 1131
748 1133
750 1130
752 1198
754 1133
756 1191
758 1131
760 1132
762 1128
764 1167
766 1131
768 1133
770 1132
772 1132
774 1131
776 1168
778 1130
780 1206
782 1227
784 1131
786 1205
788 1167
790 1131
792 1132
794 1132
796 1131
798 1131
800 1165
802 1132
804 1168
806 1131
808 1167
810 1128
812 1169
814 1213
816 1130
818 1131
820 1131
822 1131
824 1168
826 1392
828 1161
830 1198
832 1162
834 1180
836 1196
838 1158
840 1131
842 1131
844 1131
846 1133
848 1168
850 1128
852 1131
854 1128
856 1131
858 1130
860 1167
862 1131
864 1131
866 1131
868 1133
870 1168
872 1168
874 1131
876 1131
878 1131
880 1131
882 1133
884 1242
886 1129
888 1130
890 1132
892 1130
894 1202
896 1206
898 1132
900 1204
902 1162
904 1160
906 1162
908 1181
910 1159
912 1159
914 1199
916 1162
918 1158
920 1160
922 1162
924 1197
926 1161
928 1197
930 1161
932 1163
934 1201
936 1161
938 1359
940 1131
942 1177
944 1131
946 1184
948 1271
950 1198
952 1204
954 1161
956 1162
958 1161
960 1198
962 1161
964 1161
966 1173
968 1133
970 1133
972 1133
974 1131
976 1207
978 1129
980 1129
982 1130
984 1131
986 1131
988 1186
990 1285
992 1131
994 1129
996 1132
998 1132
1000 2328
1002 2217
1004 2298
1006 2325
1008 2250
1010 2337
1012 2253
1014 2219
1016 2216
1018 2286
1020 2216
1022 2586
1024 2274
1026 2279
1028 2373
1030 2277
1032 2312
1034 2241
1036 2290
1038 2277
1040 2218
1042 2217
1044 2310
1046 2216
1048 2292
1050 2295
1052 2218
1054 2217
1056 2291
1058 2254
1060 2412
1062 2216
1064 2216
1066 2216
1068 2371
1070 2312
1072 2387
1074 2283
1076 2472
1078 2488
1080 2423
1082 2275
1084 2274
1086 2460
1088 2433
1090 2348
1092 2467
1094 2348
1096 2343
1098 2354
1100 2340
1102 2336
1104 2398
1106 2337
1108 2337
1110 2373
1112 2342
1114 2341
1116 2341
1118 2340
1120 2340
1122 2337
1124 2335
1126 2339
1128 2315
1130 2275
1132 2276
1134 2275
1136 2275
1138 2349
1140 2271
1142 2310
1144 2313
1146 2310
1148 2278
1150 2352
1152 2275
1154 2277
1156 2311
1158 2278
1160 2279
1162 2275
1164 2323
1166 2219
1168 2254
1170 2252
1172 2277
1174 2216
1176 2253
1178 2295
1180 2255
1182 2257
1184 2253
1186 2219
1188 2215
1190 2291
1192 2217
1194 2216
1196 2326
1198 2212
1200 2217
1202 2325
1204 2254
1206 2215
1208 2290
1210 2217
1212 2218
1214 2330
1216 2214
1218 2214
1220 2272
1222 2216
1224 2214
1226 2290
1228 2249
1230 2215
1232 2330
1234 2216
1236 2253
1238 2217
1240 2213
1242 2218
1244 2219
1246 2256
1248 2216
1250 2212
1252 2254
1254 2291
1256 2212
1258 2290
1260 2213
1262 2217
1264 2290
1266 2215
1268 2254
1270 2216
1272 2252
1274 2213
1276 2287
1278 2388
1280 2220
1282 2219
1284 2234
1286 2216
1288 2296
1290 2253
1292 2215
1294 2215
1296 2254
1298 2292
1300 2216
1302 2409
1304 2218
1306 2217
1308 2327
1310 2216
1312 2331
1314 2219
1316 2212
1318 2216
1320 2253
1322 2261
1324 2216
1326 2292
1328 2253
1330 2252
1332 2215
1334 2292
1336 2216
1338 2218
1340 2333
1342 2217
1344 2217
1346 2290
1348 2217
1350 2291
1352 2252
1354 2465
1356 2484
1358 2275
1360 2350
1362 2278
1364 2279
1366 2282
1368 2235
1370 2488
1372 2216
1374 2216
1376 2216
1378 2216
1380 2216
1382 2217
1384 2215
1386 2217
1388 2230
1390 2289
1392 2273
1394 2217
1396 2250
1398 2217
1400 2325
1402 2253
1404 2251
1406 2215
1408 2349
1410 2216
1412 2396
1414 2276
1416 2275
1418 2274
1420 2344
1422 2275
1424 2333
1426 2312
1428 2274
1430 2291
1432 2354
1434 2216
1436 2251
1438 2219
1440 2219
1442 2217
1444 2253
1446 2217
1448 2214
1450 2217
1452 2287
1454 2293
1456 2216
1458 2251
1460 2218
1462 2255
1464 2253
1466 2295
1468 2217
1470 2214
1472 2217
1474 2291
1476 2217
1478 2217
1480 2215
1482 2215
1484 2219
1486 2213
1488 2325
1490 2254
1492 2212
1494 2252
1496 2252
1498 2216
1500 2214
1502 2291
1504 2213
1506 2216
1508 2251
1510 2219
1512 2290
1514 2216
1516 2277
1518 2296
1520 2217
1522 2219
1524 2293
1526 2212
1528 2254
1530 2218
1532 2358
1534 2251
1536 2217
1538 2216
1540 2253
1542 2218
1544 2216
1546 2323
1548 2213
1550 2212
1552 2216
1554 2217
1556 2254
1558 2216
1560 2294
1562 2216
1564 2217
1566 2348
1568 2213
1570 2254
1572 2253
1574 2289
1576 2297
1578 2252
1580 2216
1582 2251
1584 2347
1586 2216
1588 2364
1590 2293
1592 2216
1594 2216
1596 2288
1598 2216
1600 2216
1602 2325
1604 2216
1606 2253
1608 2238
1610 2217
1612 2214
1614 2217
1616 2217
1618 2215
1620 2253
1622 2275
1624 2216
1626 2213
1628 2326
1630 2251
1632 2252
1634 2253
1636 2213
1638 2276
1640 2300
1642 2216
1644 2688
1646 2428
1648 3283
1650 2340
1652 2277
1654 2476
1656 2277
1658 2276
1660 2436
1662 2277
1664 2318
1666 2337
1668 2339
1670 2300
1672 2275
1674 2335
1676 2313
1678 2351
1680 2277
1682 2291
1684 2249
1686 2219
1688 2257
1690 2219
1692 2219
1694 2217
1696 2216
1698 2288
1700 2217
1702 2217
1704 2398
1706 2235
1708 2431
1710 2375
1712 2312
1714 2274
1716 2393
1718 2274
1720 2274
1722 2276
1724 2273
1726 2307
1728 2218
1730 2359
1732 2249
1734 2220
1736 2217
1738 2291
1740 2387
1742 2217
1744 2316
1746 2271
1748 2276
1750 2327
1752 2216
1754 2215
1756 2217
1758 2437
1760 2213
1762 2215
1764 2212
1766 2216
1768 2367
1770 2270
1772 2479
1774 2277
1776 2277
1778 2278
1780 2277
1782 2279
1784 2236
1786 2216
1788 2253
1790 2216
1792 2219
1794 2294
1796 2216
1798 2213
1800 2313
1802 2216
1804 2294
1806 2255
1808 2216
1810 2216
1812 2253
1814 2252
1816 2216
1818 2291
1820 2251
1822 2215
1824 2366
1826 2289
1828 2216
1830 2216
1832 2363
1834 2213
1836 2212
1838 2252
1840 2216
1842 2216
1844 2216
1846 2219
1848 2213
1850 2218
1852 2392
1854 2216
1856 2212
1858 2326
1860 2276
1862 2299
1864 2255
1866 2216
1868 2216
1870 2257
1872 2216
1874 2216
1876 2300
1878 2219
1880 2219
1882 2328
1884 2336
1886 2350
1888 2349
1890 2476
1892 2275
1894 2275
1896 2276
1898 2313
1900 2275
1902 2275
1904 2276
1906 2220
1908 2250
1910 2420
1912 2278
1914 2282
1916 2277
1918 2362
1920 2373
1922 2354
1924 2393
1926 2359
1928 2274
1930 2748
1932 2399
1934 2435
1936 2370
1938 2367
1940 2366
1942 2360
1944 2357
1946 2338
1948 2336
1950 2311
1952 2315
1954 2479
1956 2331
1958 2325
1960 2278
1962 2275
1964 2359
1966 2436
1968 2370
1970 2334
1972 2373
1974 2277
1976 2312
1978 2394
1980 2275
1982 2310
1984 2277
1986 2275
1988 2272
1990 2277
1992 2275
1994 2291
1996 2313
1998 2274
2000 4506
