2 272
4 249
6 246
8 233
10 231
12 231
14 229
16 218
18 217
20 215
22 215
24 214
26 216
28 215
30 215
32 216
34 214
36 213
38 213
40 194
42 191
44 194
46 192
48 189
50 189
52 188
54 188
56 188
58 187
60 187
62 200
64 209
66 207
68 206
70 209
72 211
74 210
76 209
78 206
80 207
82 206
84 205
86 205
88 205
90 205
92 206
94 205
96 205
98 184
100 184
102 183
104 184
106 184
108 184
110 184
112 184
114 220
116 185
118 184
120 184
122 184
124 184
126 237
128 236
130 236
132 235
134 302
136 235
138 283
140 404
142 304
144 245
146 318
148 242
150 242
152 243
154 242
156 241
158 241
160 241
162 313
164 241
166 242
168 240
170 241
172 244
174 243
176 242
178 242
180 241
182 242
184 241
186 241
188 241
190 241
192 241
194 241
196 241
198 241
200 242
202 242
204 241
206 241
208 242
210 259
212 241
214 242
216 241
218 241
220 241
222 235
224 235
226 235
228 235
230 234
232 235
234 235
236 310
238 235
240 235
242 235
244 235
246 235
248 301
250 352
252 352
254 353
256 352
258 394
260 426
262 352
264 411
266 351
268 351
270 351
272 352
274 352
276 352
278 371
280 351
282 351
284 352
286 351
288 351
290 351
292 352
294 351
296 351
298 351
300 351
302 351
304 351
306 351
308 351
310 352
312 351
314 351
316 351
318 351
320 388
322 352
324 351
326 351
328 351
330 351
332 351
334 351
336 351
338 351
340 351
342 351
344 387
346 352
348 351
350 351
352 351
354 353
356 352
358 351
360 351
362 351
364 351
366 387
368 351
370 427
372 351
374 353
376 351
378 351
380 351
382 351
384 351
386 351
388 350
390 351
392 351
394 351
396 352
398 351
400 351
402 351
404 352
406 352
408 351
410 351
412 352
414 352
416 351
418 351
420 352
422 352
424 351
426 351
428 351
430 351
432 351
434 351
436 351
438 351
440 350
442 350
444 351
446 388
448 351
450 426
452 389
454 351
456 352
458 351
460 351
462 351
464 351
466 352
468 351
470 351
472 353
474 368
476 351
478 351
480 350
482 351
484 350
486 351
488 351
490 352
492 351
494 388
496 351
498 351
500 606
502 607
504 606
506 605
508 605
510 605
512 605
514 605
516 605
518 605
520 605
522 605
524 661
526 604
528 604
530 605
532 605
534 605
536 605
538 605
540 605
542 605
544 605
546 604
548 604
550 605
552 679
554 605
556 605
558 605
560 605
562 604
564 604
566 605
568 605
570 604
572 606
574 605
576 605
578 623
580 660
582 605
584 605
586 606
588 605
590 728
592 606
594 671
596 621
598 621
600 658
602 622
604 623
606 620
608 621
610 621
612 621
614 621
616 621
618 621
620 621
622 659
624 621
626 622
628 621
630 622
632 715
634 605
636 606
638 605
640 642
642 623
644 623
646 644
648 646
650 980
652 735
654 645
656 646
658 642
660 659
662 640
664 640
666 643
668 639
670 639
672 638
674 638
676 682
678 653
680 652
682 1090
684 685
686 653
688 652
690 653
692 657
694 652
696 680
698 651
700 654
702 695
704 652
706 653
708 652
710 654
712 651
714 655
716 681
718 656
720 654
722 654
724 654
726 654
728 688
730 653
732 652
734 651
736 651
738 654
740 651
742 652
744 655
746 634
748 635
750 633
752 634
754 634
756 672
758 634
760 636
762 634
764 634
766 618
768 618
770 617
772 617
774 617
776 658
778 617
780 617
782 617
784 720
786 715
788 654
790 665
792 853
794 636
796 635
798 634
800 634
802 634
804 636
806 634
808 634
810 637
812 636
814 638
816 635
818 618
820 619
822 634
824 634
826 634
828 618
830 677
832 766
834 654
836 617
838 617
840 617
842 617
844 617
846 617
848 617
850 617
852 618
854 618
856 618
858 634
860 635
862 634
864 645
866 649
868 618
870 618
872 618
874 617
876 676
878 617
880 750
882 617
884 619
886 618
888 617
890 618
892 618
894 618
896 633
898 653
900 644
902 618
904 618
906 618
908 618
910 657
912 617
914 617
916 617
918 618
920 638
922 617
924 658
926 635
928 634
930 618
932 729
934 617
936 618
938 618
940 618
942 618
944 672
946 649
948 617
950 618
952 617
954 617
956 662
958 635
960 619
962 618
964 618
966 618
968 655
970 618
972 619
974 618
976 619
978 618
980 680
982 617
984 618
986 618
988 617
990 616
992 654
994 618
996 618
998 618
1000 1153
1002 1151
1004 1208
1006 1150
1008 1187
1010 1150
1012 1150
1014 1186
1016 1149
1018 1226
1020 1151
1022 1150
1024 1150
1026 1149
1028 1185
1030 1152
1032 1150
1034 1148
1036 1149
1038 1149
1040 1186
1042 1149
1044 1149
1046 1186
1048 1150
1050 1150
1052 1186
1054 1149
1056 1149
1058 1228
1060 1149
1062 1148
1064 1148
1066 1337
1068 1180
1070 1221
1072 1178
1074 1179
1076 1182
1078 1181
1080 1229
1082 1180
1084 1180
1086 1381
1088 1150
1090 1150
1092 1219
1094 1179
1096 1182
1098 1183
1100 1179
1102 1179
1104 1181
1106 1179
1108 1176
1110 1148
1112 1148
1114 1225
1116 1149
1118 1149
1120 1186
1122 1149
1124 1149
1126 1223
1128 1155
1130 1152
1132 1185
1134 1182
1136 1181
1138 1150
1140 1149
1142 1149
1144 1167
1146 1154
1148 1152
1150 1153
1152 1150
1154 1150
1156 1151
1158 1151
1160 1151
1162 1226
1164 1149
1166 1148
1168 1268
1170 1148
1172 1297
1174 1227
1176 1184
1178 1182
1180 1210
1182 1181
1184 1184
1186 1184
1188 1181
1190 1181
1192 1180
1194 1151
1196 1151
1198 1152
1200 1154
1202 1152
1204 1151
1206 1152
1208 1152
1210 1151
1212 1149
1214 1214
1216 1151
1218 1150
1220 1149
1222 1344
1224 1149
1226 1149
1228 1242
1230 1151
1232 1151
1234 1237
1236 1152
1238 1152
1240 1222
1242 1151
1244 1223
1246 1168
1248 1151
1250 1150
1252 1149
1254 1149
1256 1149
1258 1149
1260 1150
1262 1150
1264 1226
1266 1149
1268 1149
1270 1149
1272 1223
1274 1152
1276 1151
1278 1170
1280 1152
1282 1150
1284 1151
1286 1150
1288 1149
1290 1149
1292 1150
1294 1223
1296 1149
1298 1151
1300 1150
1302 1150
1304 1278
1306 1152
1308 1151
1310 1151
1312 1150
1314 1150
1316 1150
1318 1150
1320 1149
1322 1149
1324 1149
1326 1228
1328 1150
1330 1151
1332 1208
1334 1150
1336 1149
1338 1149
1340 1149
1342 1149
1344 1209
1346 1149
1348 1149
1350 1300
1352 1225
1354 1149
1356 1231
1358 1150
1360 1150
1362 1242
1364 1151
1366 1170
1368 1181
1370 1180
1372 1169
1374 1150
1376 1151
1378 1149
1380 1301
1382 1150
1384 1264
1386 1149
1388 1148
1390 1263
1392 1149
1394 1186
1396 1225
1398 1140
1400 1301
1402 1211
1404 1138
1406 1137
1408 1136
1410 1135
1412 1135
1414 1135
1416 1173
1418 1136
1420 1136
1422 1134
1424 1134
1426 1172
1428 1135
1430 1135
1432 1135
1434 1135
1436 1135
1438 1211
1440 1172
1442 1136
1444 1135
1446 1135
1448 1173
1450 1208
1452 1135
1454 1138
1456 1136
1458 1219
1460 1136
1462 1437
1464 1170
1466 1167
1468 1168
1470 1364
1472 1302
1474 1139
1476 1168
1478 1278
1480 1264
1482 1168
1484 1169
1486 1178
1488 1174
1490 1155
1492 1137
1494 1136
1496 1225
1498 1284
1500 1169
1502 1168
1504 1168
1506 1167
1508 1248
1510 1223
1512 1137
1514 1137
1516 1135
1518 1135
1520 1140
1522 1138
1524 1213
1526 1173
1528 1137
1530 1136
1532 1173
1534 1136
1536 1136
1538 1254
1540 1174
1542 1137
1544 1137
1546 1135
1548 1135
1550 1135
1552 1136
1554 1137
1556 1136
1558 1172
1560 1136
1562 1136
1564 1245
1566 1138
1568 1136
1570 1172
1572 1137
1574 1137
1576 1137
1578 1136
1580 1180
1582 1137
1584 1135
1586 1135
1588 1135
1590 1172
1592 1135
1594 1136
1596 1209
1598 1135
1600 1136
1602 1172
1604 1136
1606 1137
1608 1136
1610 1135
1612 1135
1614 1171
1616 1135
1618 1136
1620 1134
1622 1172
1624 1138
1626 1172
1628 1245
1630 1136
1632 1135
1634 1171
1636 1136
1638 1211
1640 1135
1642 1135
1644 1134
1646 1135
1648 1136
1650 1136
1652 1136
1654 1246
1656 1135
1658 1135
1660 1263
1662 1152
1664 1135
1666 1154
1668 1136
1670 1136
1672 1134
1674 1135
1676 1137
1678 1136
1680 1227
1682 1136
1684 1135
1686 1269
1688 1165
1690 1166
1692 1166
1694 1168
1696 1135
1698 1137
1700 1137
1702 1135
1704 1135
1706 1135
1708 1211
1710 1136
1712 1136
1714 1138
1716 1229
1718 1165
1720 1167
1722 1206
1724 1136
1726 1137
1728 1137
1730 1135
1732 1188
1734 1135
1736 1172
1738 1135
1740 1135
1742 1135
1744 1216
1746 1136
1748 1135
1750 1135
1752 1242
1754 1140
1756 1136
1758 1136
1760 1138
1762 1162
1764 1166
1766 1166
1768 1155
1770 1139
1772 1175
1774 1259
1776 1137
1778 1138
1780 1136
1782 1137
1784 1136
1786 1137
1788 1137
1790 1137
1792 1135
1794 1136
1796 1137
1798 1167
1800 1290
1802 1211
1804 1135
1806 1154
1808 1174
1810 1135
1812 1136
1814 1135
1816 1134
1818 1134
1820 1209
1822 1135
1824 1172
1826 1171
1828 1136
1830 1173
1832 1136
1834 1134
1836 1134
1838 1136
1840 1137
1842 1136
1844 1135
1846 1135
1848 1135
1850 1134
1852 1134
1854 1136
1856 1172
1858 1134
1860 1137
1862 1172
1864 1134
1866 1138
1868 1135
1870 1135
1872 1245
1874 1135
1876 1136
1878 1136
1880 1136
1882 1134
1884 1134
1886 1134
1888 1321
1890 1173
1892 1170
1894 1213
1896 1136
1898 1136
1900 1136
1902 1135
1904 1135
1906 1136
1908 1136
1910 1210
1912 1173
1914 1136
1916 1136
1918 1138
1920 1136
1922 1135
1924 1135
1926 1134
1928 1134
1930 1210
1932 1171
1934 1136
1936 1136
1938 1173
1940 1135
1942 1135
1944 1247
1946 1154
1948 1135
1950 1135
1952 1195
1954 1136
1956 1136
1958 1195
1960 1135
1962 1135
1964 1219
1966 1137
1968 1154
1970 1136
1972 1148
1974 1147
1976 1362
1978 1244
1980 1178
1982 1218
1984 1178
1986 1259
1988 1211
1990 1175
1992 1176
1994 1248
1996 1176
1998 1175
2000 2254
