2 241
4 222
6 218
8 207
10 206
12 204
14 204
16 194
18 193
20 192
22 191
24 191
26 192
28 191
30 190
32 193
34 191
36 190
38 188
40 188
42 235
44 194
46 192
48 175
50 174
52 174
54 212
56 174
58 174
60 173
62 184
64 230
66 190
68 188
70 189
72 189
74 188
76 188
78 188
80 189
82 187
84 188
86 188
88 188
90 188
92 187
94 187
96 188
98 188
100 188
102 188
104 188
106 188
108 188
110 205
112 187
114 188
116 187
118 188
120 188
122 187
124 188
126 267
128 246
130 244
132 283
134 243
136 243
138 243
140 243
142 243
144 243
146 243
148 244
150 243
152 243
154 243
156 242
158 243
160 243
162 243
164 243
166 242
168 243
170 242
172 294
174 301
176 239
178 237
180 237
182 237
184 237
186 300
188 236
190 241
192 238
194 238
196 244
198 244
200 243
202 243
204 243
206 243
208 399
210 243
212 242
214 243
216 243
218 243
220 243
222 243
224 242
226 242
228 242
230 244
232 243
234 243
236 242
238 243
240 242
242 242
244 243
246 243
248 243
250 367
252 416
254 366
256 368
258 366
260 366
262 366
264 366
266 366
268 366
270 365
272 356
274 357
276 356
278 356
280 356
282 356
284 356
286 357
288 357
290 357
292 357
294 357
296 357
298 357
300 430
302 357
304 356
306 356
308 428
310 357
312 356
314 357
316 356
318 357
320 356
322 357
324 357
326 414
328 357
330 357
332 357
334 359
336 356
338 358
340 357
342 416
344 357
346 356
348 357
350 357
352 357
354 357
356 356
358 357
360 357
362 356
364 357
366 357
368 357
370 393
372 356
374 358
376 357
378 357
380 356
382 357
384 357
386 356
388 466
390 357
392 358
394 356
396 357
398 358
400 357
402 357
404 356
406 357
408 357
410 357
412 357
414 357
416 357
418 394
420 356
422 357
424 358
426 429
428 393
430 357
432 357
434 432
436 356
438 357
440 357
442 356
444 357
446 357
448 357
450 358
452 357
454 357
456 357
458 357
460 357
462 357
464 356
466 357
468 357
470 394
472 356
474 357
476 356
478 357
480 356
482 356
484 356
486 357
488 356
490 357
492 356
494 356
496 357
498 357
500 605
502 605
504 643
506 605
508 605
510 605
512 605
514 605
516 624
518 678
520 605
522 605
524 737
526 654
528 622
530 621
532 621
534 620
536 620
538 621
540 621
542 653
544 621
546 620
548 620
550 673
552 664
554 718
556 752
558 621
560 621
562 621
564 621
566 621
568 620
570 621
572 621
574 621
576 621
578 621
580 623
582 621
584 621
586 621
588 605
590 605
592 605
594 605
596 604
598 604
600 605
602 605
604 605
606 622
608 606
610 604
612 605
614 605
616 605
618 605
620 604
622 605
624 608
626 606
628 605
630 606
632 606
634 607
636 679
638 605
640 605
642 606
644 604
646 605
648 605
650 605
652 605
654 604
656 605
658 605
660 605
662 715
664 605
666 605
668 605
670 643
672 606
674 605
676 605
678 642
680 604
682 605
684 648
686 606
688 605
690 605
692 604
694 605
696 678
698 605
700 605
702 605
704 604
706 607
708 642
710 605
712 622
714 604
716 604
718 604
720 641
722 605
724 605
726 605
728 608
730 605
732 604
734 605
736 604
738 604
740 604
742 604
744 605
746 605
748 605
750 765
752 693
754 750
756 621
758 622
760 622
762 622
764 621
766 621
768 651
770 621
772 624
774 621
776 621
778 620
780 621
782 650
784 607
786 605
788 688
790 605
792 686
794 622
796 621
798 620
800 621
802 620
804 623
806 605
808 605
810 605
812 641
814 604
816 667
818 606
820 605
822 605
824 681
826 605
828 605
830 604
832 605
834 678
836 660
838 622
840 648
842 664
844 621
846 621
848 621
850 621
852 621
854 621
856 621
858 622
860 621
862 620
864 660
866 621
868 622
870 623
872 712
874 606
876 606
878 605
880 623
882 621
884 621
886 665
888 621
890 621
892 621
894 657
896 621
898 621
900 621
902 621
904 621
906 621
908 622
910 622
912 605
914 605
916 605
918 605
920 605
922 605
924 604
926 605
928 605
930 676
932 605
934 685
936 607
938 606
940 605
942 644
944 606
946 674
948 605
950 605
952 604
954 641
956 604
958 604
960 604
962 604
964 605
966 641
968 604
970 605
972 605
974 604
976 604
978 642
980 605
982 605
984 606
986 605
988 677
990 677
992 605
994 604
996 690
998 604
1000 1213
1002 1139
1004 1139
1006 1139
1008 1137
1010 1137
1012 1216
1014 1136
1016 1137
1018 1173
1020 1136
1022 1208
1024 1137
1026 1208
1028 1135
1030 1138
1032 1378
1034 1137
1036 1501
1038 1290
1040 1171
1042 1169
1044 1168
1046 1208
1048 1225
1050 1271
1052 1138
1054 1155
1056 1211
1058 1137
1060 1137
1062 1208
1064 1173
1066 1136
1068 1136
1070 1136
1072 1136
1074 1137
1076 1134
1078 1160
1080 1132
1082 1169
1084 1133
1086 1206
1088 1202
1090 1132
1092 1131
1094 1131
1096 1131
1098 1131
1100 1132
1102 1133
1104 1133
1106 1152
1108 1130
1110 1132
1112 1170
1114 1212
1116 1207
1118 1131
1120 1229
1122 1160
1124 1161
1126 1168
1128 1131
1130 1130
1132 1131
1134 1131
1136 1132
1138 1132
1140 1131
1142 1131
1144 1205
1146 1130
1148 1131
1150 1131
1152 1132
1154 1131
1156 1132
1158 1170
1160 1133
1162 1134
1164 1133
1166 1132
1168 1132
1170 1133
1172 1133
1174 1242
1176 1130
1178 1161
1180 1162
1182 1161
1184 1130
1186 1131
1188 1130
1190 1132
1192 1132
1194 1131
1196 1147
1198 1200
1200 1131
1202 1242
1204 1132
1206 1131
1208 1133
1210 1132
1212 1130
1214 1130
1216 1134
1218 1132
1220 1207
1222 1133
1224 1131
1226 1131
1228 1205
1230 1131
1232 1131
1234 1168
1236 1131
1238 1205
1240 1131
1242 1131
1244 1131
1246 1131
1248 1132
1250 1132
1252 1169
1254 1132
1256 1287
1258 1442
1260 1239
1262 1205
1264 1200
1266 1194
1268 1178
1270 1161
1272 1161
1274 1163
1276 1131
1278 1131
1280 1131
1282 1131
1284 1660
1286 1171
1288 1171
1290 1308
1292 1163
1294 1162
1296 1162
1298 1210
1300 1133
1302 1132
1304 1132
1306 1133
1308 1133
1310 1132
1312 1133
1314 1132
1316 1132
1318 1132
1320 1395
1322 1132
1324 1378
1326 1166
1328 1168
1330 1163
1332 1191
1334 1164
1336 1166
1338 1165
1340 1163
1342 1134
1344 1133
1346 1134
1348 1169
1350 1132
1352 1133
1354 1133
1356 1133
1358 1135
1360 1133
1362 1243
1364 1134
1366 1161
1368 1278
1370 1132
1372 1169
1374 1132
1376 1134
1378 1134
1380 1133
1382 1207
1384 1133
1386 1133
1388 1132
1390 1132
1392 1131
1394 1132
1396 1132
1398 1132
1400 1204
1402 1169
1404 1131
1406 1132
1408 1130
1410 1132
1412 1131
1414 1131
1416 1132
1418 1132
1420 1133
1422 1133
1424 1131
1426 1205
1428 1132
1430 1205
1432 1203
1434 1131
1436 1132
1438 1131
1440 1132
1442 1133
1444 1134
1446 1132
1448 1132
1450 1132
1452 1132
1454 1131
1456 1214
1458 1134
1460 1133
1462 1133
1464 1318
1466 1133
1468 1133
1470 1168
1472 1131
1474 1133
1476 1132
1478 1133
1480 1136
1482 1134
1484 1208
1486 1132
1488 1207
1490 1133
1492 1132
1494 1132
1496 1314
1498 1134
1500 1133
1502 1170
1504 1133
1506 1134
1508 1135
1510 1133
1512 1169
1514 1133
1516 1132
1518 1132
1520 1132
1522 1133
1524 1174
1526 1135
1528 1211
1530 1207
1532 1133
1534 1170
1536 1132
1538 1132
1540 1131
1542 1132
1544 1132
1546 1213
1548 1132
1550 1169
1552 1133
1554 1132
1556 1132
1558 1133
1560 1150
1562 1133
1564 1134
1566 1170
1568 1133
1570 1134
1572 1133
1574 1131
1576 1131
1578 1131
1580 1131
1582 1131
1584 1133
1586 1211
1588 1133
1590 1133
1592 1131
1594 1132
1596 1131
1598 1169
1600 1131
1602 1132
1604 1213
1606 1131
1608 1131
1610 1214
1612 1131
1614 1241
1616 1333
1618 1165
1620 1163
1622 1290
1624 1254
1626 1198
1628 1194
1630 1203
1632 1247
1634 1202
1636 1153
1638 1133
1640 1152
1642 1132
1644 1134
1646 1132
1648 1132
1650 1241
1652 1153
1654 1188
1656 1152
1658 1228
1660 1152
1662 1176
1664 1151
1666 1152
1668 1150
1670 1150
1672 1187
1674 1150
1676 1187
1678 1187
1680 1155
1682 1154
1684 1172
1686 1152
1688 1272
1690 1151
1692 1155
1694 1154
1696 1155
1698 1152
1700 1188
1702 1316
1704 1152
1706 1151
1708 1218
1710 1149
1712 1150
1714 1150
1716 1151
1718 1150
1720 1149
1722 1186
1724 1150
1726 1149
1728 1224
1730 1150
1732 1150
1734 1150
1736 1151
1738 1149
1740 1186
1742 1151
1744 1151
1746 1226
1748 1151
1750 1150
1752 1150
1754 1154
1756 1153
1758 1152
1760 1155
1762 1228
1764 1153
1766 1151
1768 1214
1770 1224
1772 1149
1774 1149
1776 1151
1778 1187
1780 1150
1782 1188
1784 1187
1786 1151
1788 1151
1790 1151
1792 1151
1794 1187
1796 1151
1798 1152
1800 1152
1802 1225
1804 1215
1806 1322
1808 1165
1810 1184
1812 1209
1814 1220
1816 1151
1818 1150
1820 1151
1822 1149
1824 1150
1826 1150
1828 1259
1830 1151
1832 1150
1834 1185
1836 1149
1838 1149
1840 1149
1842 1149
1844 1148
1846 1224
1848 1150
1850 1150
1852 1151
1854 1150
1856 1149
1858 1149
1860 1279
1862 1189
1864 1275
1866 1312
1868 1182
1870 1181
1872 1187
1874 1150
1876 1151
1878 1227
1880 1183
1882 1180
1884 1151
1886 1153
1888 1150
1890 1230
1892 1150
1894 1150
1896 1150
1898 1223
1900 1169
1902 1214
1904 1154
1906 1184
1908 1355
1910 1250
1912 1184
1914 1183
1916 1192
1918 1319
1920 1151
1922 1152
1924 1150
1926 1150
1928 1150
1930 1150
1932 1150
1934 1150
1936 1150
1938 1151
1940 1182
1942 1149
1944 1189
1946 1187
1948 1173
1950 1149
1952 1149
1954 1149
1956 1149
1958 1149
1960 1149
1962 1150
1964 1149
1966 1149
1968 1149
1970 1218
1972 1148
1974 1148
1976 1151
1978 1256
1980 1149
1982 1149
1984 1185
1986 1149
1988 1150
1990 1149
1992 1148
1994 1150
1996 1229
1998 1149
2000 2272
