2 216
4 198
6 196
8 184
10 183
12 182
14 181
16 194
18 172
20 172
22 172
24 171
26 171
28 172
30 170
32 174
34 171
36 171
38 172
40 171
42 170
44 168
46 167
48 168
50 168
52 168
54 218
56 177
58 175
60 173
62 183
64 192
66 191
68 190
70 191
72 190
74 189
76 189
78 189
80 191
82 189
84 189
86 189
88 190
90 189
92 190
94 189
96 285
98 194
100 192
102 191
104 192
106 192
108 191
110 190
112 193
114 211
116 189
118 190
120 189
122 189
124 190
126 275
128 234
130 234
132 233
134 233
136 232
138 233
140 232
142 233
144 233
146 233
148 233
150 233
152 232
154 232
156 232
158 233
160 232
162 292
164 239
166 239
168 238
170 238
172 239
174 239
176 239
178 238
180 239
182 239
184 289
186 239
188 239
190 239
192 239
194 240
196 238
198 239
200 239
202 239
204 240
206 238
208 239
210 239
212 239
214 239
216 273
218 251
220 233
222 233
224 233
226 233
228 233
230 462
232 232
234 232
236 248
238 239
240 239
242 274
244 239
246 238
248 238
250 363
252 383
254 362
256 362
258 362
260 362
262 361
264 361
266 361
268 361
270 361
272 363
274 361
276 361
278 362
280 362
282 362
284 378
286 362
288 361
290 361
292 361
294 361
296 361
298 369
300 352
302 352
304 353
306 352
308 352
310 353
312 353
314 352
316 352
318 352
320 352
322 354
324 355
326 352
328 352
330 388
332 352
334 352
336 352
338 352
340 352
342 352
344 353
346 352
348 352
350 352
352 370
354 352
356 352
358 352
360 352
362 351
364 389
366 352
368 352
370 352
372 352
374 352
376 352
378 352
380 353
382 352
384 352
386 373
388 356
390 405
392 368
394 369
396 370
398 352
400 352
402 353
404 352
406 352
408 352
410 387
412 352
414 352
416 389
418 352
420 352
422 352
424 352
426 352
428 353
430 352
432 352
434 352
436 352
438 406
440 352
442 352
444 352
446 353
448 352
450 426
452 352
454 352
456 352
458 352
460 352
462 352
464 352
466 353
468 351
470 352
472 352
474 352
476 352
478 352
480 351
482 352
484 406
486 352
488 352
490 388
492 352
494 352
496 352
498 353
500 605
502 605
504 604
506 604
508 605
510 604
512 658
514 606
516 605
518 604
520 604
522 604
524 605
526 605
528 605
530 604
532 624
534 604
536 604
538 604
540 604
542 604
544 604
546 604
548 618
550 605
552 604
554 604
556 605
558 604
560 641
562 604
564 604
566 604
568 604
570 605
572 642
574 605
576 604
578 604
580 1034
582 605
584 605
586 605
588 605
590 604
592 606
594 605
596 681
598 605
600 605
602 604
604 605
606 604
608 604
610 604
612 605
614 605
616 604
618 677
620 640
622 604
624 605
626 683
628 604
630 603
632 641
634 605
636 604
638 604
640 605
642 641
644 668
646 660
648 710
650 622
652 691
654 621
656 655
658 620
660 620
662 620
664 620
666 621
668 705
670 622
672 691
674 621
676 623
678 621
680 621
682 621
684 621
686 620
688 620
690 631
692 604
694 625
696 604
698 604
700 604
702 605
704 605
706 605
708 604
710 604
712 604
714 604
716 663
718 604
720 604
722 677
724 604
726 620
728 604
730 605
732 604
734 604
736 604
738 603
740 604
742 603
744 604
746 603
748 604
750 605
752 605
754 605
756 610
758 676
760 604
762 681
764 604
766 605
768 604
770 604
772 604
774 681
776 604
778 604
780 603
782 643
784 605
786 752
788 604
790 603
792 605
794 605
796 604
798 618
800 711
802 604
804 605
806 604
808 604
810 645
812 604
814 604
816 604
818 605
820 605
822 713
824 605
826 604
828 605
830 604
832 604
834 641
836 604
838 604
840 604
842 604
844 604
846 710
848 604
850 644
852 641
854 605
856 604
858 641
860 604
862 604
864 604
866 604
868 603
870 604
872 696
874 604
876 605
878 604
880 604
882 606
884 606
886 605
888 605
890 605
892 607
894 604
896 605
898 604
900 604
902 603
904 603
906 605
908 604
910 604
912 605
914 604
916 604
918 641
920 605
922 605
924 604
926 604
928 604
930 641
932 604
934 604
936 604
938 603
940 604
942 714
944 620
946 620
948 620
950 620
952 620
954 621
956 620
958 621
960 620
962 620
964 620
966 620
968 620
970 604
972 604
974 604
976 604
978 605
980 605
982 620
984 621
986 657
988 621
990 621
992 797
994 604
996 604
998 620
1000 1306
1002 1359
1004 1177
1006 1177
1008 1176
1010 1177
1012 1249
1014 1176
1016 1149
1018 1170
1020 1148
1022 1148
1024 1148
1026 1146
1028 1146
1030 1146
1032 1148
1034 1296
1036 1145
1038 1229
1040 1148
1042 1148
1044 1149
1046 1185
1048 1148
1050 1146
1052 1146
1054 1146
1056 1183
1058 1147
1060 1147
1062 1182
1064 1147
1066 1146
1068 1146
1070 1147
1072 1147
1074 1218
1076 1144
1078 1144
1080 1144
1082 1145
1084 1145
1086 1145
1088 1183
1090 1146
1092 1145
1094 1228
1096 1242
1098 1147
1100 1146
1102 1301
1104 1242
1106 1180
1108 1233
1110 1179
1112 1322
1114 1180
1116 1178
1118 1214
1120 1177
1122 1177
1124 1146
1126 1146
1128 1146
1130 1166
1132 1183
1134 1146
1136 1145
1138 1146
1140 1145
1142 1170
1144 1144
1146 1145
1148 1144
1150 1145
1152 1145
1154 1257
1156 1228
1158 1175
1160 1177
1162 1213
1164 1145
1166 1146
1168 1145
1170 1145
1172 1145
1174 1145
1176 1150
1178 1149
1180 1246
1182 1178
1184 1176
1186 1186
1188 1147
1190 1178
1192 1212
1194 1181
1196 1212
1198 1274
1200 1144
1202 1181
1204 1176
1206 1176
1208 1175
1210 1175
1212 1209
1214 1174
1216 1145
1218 1144
1220 1145
1222 1145
1224 1146
1226 1145
1228 1185
1230 1182
1232 1144
1234 1146
1236 1145
1238 1144
1240 1185
1242 1146
1244 1144
1246 1182
1248 1145
1250 1145
1252 1145
1254 1146
1256 1144
1258 1244
1260 1145
1262 1252
1264 1144
1266 1166
1268 1216
1270 1144
1272 1224
1274 1144
1276 1145
1278 1145
1280 1145
1282 1144
1284 1145
1286 1146
1288 1145
1290 1145
1292 1145
1294 1202
1296 1146
1298 1165
1300 1240
1302 1145
1304 1223
1306 1262
1308 1175
1310 1175
1312 1174
1314 1175
1316 1176
1318 1216
1320 1145
1322 1144
1324 1143
1326 1219
1328 1146
1330 1145
1332 1147
1334 1149
1336 1148
1338 1147
1340 1147
1342 1147
1344 1145
1346 1145
1348 1146
1350 1251
1352 1146
1354 1146
1356 1530
1358 1168
1360 1176
1362 1209
1364 1262
1366 1146
1368 1183
1370 1145
1372 1145
1374 1145
1376 1146
1378 1144
1380 1146
1382 1146
1384 1144
1386 1144
1388 1616
1390 1148
1392 1178
1394 1178
1396 1236
1398 1175
1400 1179
1402 1178
1404 1176
1406 1202
1408 1149
1410 1189
1412 1148
1414 1145
1416 1188
1418 1147
1420 1147
1422 1145
1424 1145
1426 1145
1428 1145
1430 1183
1432 1146
1434 1145
1436 1222
1438 1145
1440 1219
1442 1145
1444 1146
1446 1310
1448 1145
1450 1146
1452 1145
1454 1220
1456 1145
1458 1144
1460 1162
1462 1150
1464 1149
1466 1148
1468 1147
1470 1147
1472 1146
1474 1223
1476 1146
1478 1223
1480 1147
1482 1145
1484 1146
1486 1217
1488 1146
1490 1147
1492 1182
1494 1144
1496 1146
1498 1145
1500 1144
1502 1217
1504 1183
1506 1144
1508 1145
1510 1145
1512 1147
1514 1146
1516 1182
1518 1228
1520 1149
1522 1148
1524 1223
1526 1183
1528 1205
1530 1233
1532 1146
1534 1145
1536 1146
1538 1146
1540 1145
1542 1145
1544 1145
1546 1145
1548 1145
1550 1144
1552 1144
1554 1181
1556 1145
1558 1145
1560 1145
1562 1256
1564 1144
1566 1145
1568 1145
1570 1146
1572 1146
1574 1251
1576 1146
1578 1181
1580 1218
1582 1146
1584 1181
1586 1145
1588 1145
1590 1145
1592 1147
1594 1145
1596 1146
1598 1147
1600 1145
1602 1145
1604 1145
1606 1145
1608 1146
1610 1146
1612 1145
1614 1143
1616 1143
1618 1145
1620 1144
1622 1146
1624 1145
1626 1146
1628 1183
1630 1145
1632 1145
1634 1145
1636 1181
1638 1144
1640 1147
1642 1223
1644 1148
1646 1147
1648 1184
1650 1146
1652 1145
1654 1146
1656 1145
1658 1145
1660 1145
1662 1145
1664 1145
1666 1146
1668 1220
1670 1202
1672 1217
1674 1256
1676 1145
1678 1487
1680 1176
1682 1214
1684 1281
1686 1179
1688 1178
1690 1177
1692 1145
1694 1280
1696 1149
1698 1147
1700 1186
1702 1388
1704 1146
1706 1145
1708 1144
1710 1183
1712 1145
1714 1145
1716 1145
1718 1212
1720 1146
1722 1146
1724 1180
1726 1145
1728 1145
1730 1145
1732 1229
1734 1183
1736 1144
1738 1144
1740 1220
1742 1146
1744 1145
1746 1147
1748 1201
1750 1239
1752 1129
1754 1165
1756 1164
1758 1127
1760 1212
1762 1127
1764 1127
1766 1127
1768 1128
1770 1127
1772 1202
1774 1130
1776 1207
1778 1129
1780 1128
1782 1129
1784 1127
1786 1234
1788 1127
1790 1127
1792 1166
1794 1201
1796 1127
1798 1237
1800 1127
1802 1127
1804 1223
1806 1127
1808 1127
1810 1126
1812 1127
1814 1202
1816 1127
1818 1127
1820 1127
1822 1127
1824 1126
1826 1166
1828 1283
1830 1159
1832 1161
1834 1186
1836 1199
1838 1127
1840 1127
1842 1146
1844 1128
1846 1128
1848 1127
1850 1126
1852 1126
1854 1198
1856 1127
1858 1126
1860 1127
1862 1126
1864 1146
1866 1128
1868 1126
1870 1127
1872 1128
1874 1126
1876 1202
1878 1204
1880 1127
1882 1127
1884 1129
1886 1199
1888 1127
1890 1129
1892 1127
1894 1127
1896 1130
1898 1167
1900 1130
1902 1128
1904 1128
1906 1128
1908 1208
1910 1127
1912 1127
1914 1127
1916 1127
1918 1126
1920 1126
1922 1128
1924 1162
1926 1200
1928 1126
1930 1146
1932 1127
1934 1200
1936 1341
1938 1126
1940 1126
1942 1238
1944 1126
1946 1126
1948 1128
1950 1126
1952 1126
1954 1275
1956 1129
1958 1128
1960 1131
1962 1131
1964 1128
1966 1128
1968 1278
1970 1159
1972 1248
1974 1161
1976 1197
1978 1158
1980 1132
1982 1249
1984 1130
1986 1129
1988 1218
1990 1128
1992 1164
1994 1128
1996 1128
1998 1163
2000 2297
