2 115
4 103
6 103
8 101
10 100
12 100
14 100
16 110
18 109
20 109
22 109
24 109
26 146
28 110
30 109
32 137
34 138
36 138
38 137
40 138
42 138
44 138
46 138
48 138
50 157
52 138
54 138
56 155
58 141
60 142
62 174
64 206
66 206
68 206
70 206
72 206
74 206
76 206
78 206
80 206
82 206
84 206
86 206
88 206
90 228
92 206
94 206
96 206
98 206
100 206
102 206
104 206
106 206
108 206
110 243
112 206
114 206
116 206
118 206
120 206
122 206
124 206
126 337
128 337
130 337
132 412
134 339
136 338
138 337
140 337
142 337
144 337
146 337
148 388
150 328
152 328
154 328
156 328
158 328
160 329
162 328
164 328
166 329
168 328
170 328
172 329
174 402
176 328
178 328
180 328
182 329
184 329
186 329
188 329
190 329
192 329
194 329
196 388
198 337
200 337
202 337
204 372
206 338
208 338
210 338
212 338
214 336
216 338
218 336
220 338
222 338
224 338
226 339
228 338
230 339
232 503
234 328
236 422
238 328
240 329
242 329
244 346
246 329
248 329
250 594
252 669
254 616
256 609
258 609
260 720
262 627
264 609
266 609
268 609
270 648
272 609
274 608
276 609
278 609
280 643
282 609
284 609
286 609
288 609
290 610
292 613
294 593
296 631
298 593
300 593
302 593
304 593
306 593
308 593
310 669
312 593
314 594
316 593
318 592
320 593
322 593
324 630
326 593
328 667
330 594
332 593
334 593
336 593
338 593
340 593
342 593
344 593
346 630
348 594
350 667
352 593
354 593
356 593
358 594
360 593
362 593
364 594
366 666
368 595
370 594
372 593
374 593
376 593
378 592
380 593
382 593
384 593
386 593
388 594
390 593
392 593
394 592
396 593
398 630
400 593
402 593
404 594
406 594
408 593
410 630
412 593
414 593
416 593
418 593
420 593
422 593
424 593
426 647
428 613
430 592
432 594
434 593
436 610
438 593
440 594
442 592
444 593
446 594
448 593
450 629
452 592
454 593
456 593
458 593
460 593
462 592
464 594
466 594
468 594
470 594
472 666
474 666
476 594
478 630
480 591
482 594
484 595
486 594
488 594
490 631
492 593
494 593
496 593
498 593
500 1132
502 1211
504 1131
506 1131
508 1205
510 1131
512 1132
514 1131
516 1131
518 1131
520 1168
522 1131
524 1169
526 1211
528 1239
530 1240
532 1238
534 1133
536 1161
538 1160
540 1161
542 1161
544 1161
546 1163
548 1168
550 1131
552 1131
554 1131
556 1191
558 1130
560 1131
562 1129
564 1131
566 1131
568 1202
570 1131
572 1131
574 1131
576 1167
578 1132
580 1168
582 1131
584 1227
586 1161
588 1162
590 1200
592 1442
594 1536
596 1192
598 1192
600 1192
602 1196
604 1194
606 1192
608 1192
610 1194
612 1160
614 1164
616 1161
618 1161
620 1161
622 1131
624 1131
626 1170
628 1131
630 1132
632 1131
634 1131
636 1251
638 1201
640 1131
642 1132
644 1131
646 1150
648 1131
650 1129
652 1129
654 1131
656 1166
658 1232
660 1171
662 1131
664 1171
666 1131
668 1131
670 1131
672 1151
674 1131
676 1129
678 1131
680 1132
682 1131
684 1131
686 1130
688 1129
690 1131
692 1130
694 1129
696 1461
698 1301
700 1161
702 1291
704 1163
706 1235
708 1161
710 1161
712 1161
714 1160
716 1162
718 1276
720 1161
722 1161
724 1161
726 1162
728 1131
730 1166
732 1132
734 1131
736 1131
738 1131
740 1130
742 1203
744 1131
746 1216
748 1205
750 1170
752 1131
754 1132
756 1233
758 1133
760 1133
762 1170
764 1131
766 1131
768 1131
770 1170
772 1131
774 1165
776 1158
778 1318
780 1130
782 1131
784 1131
786 1130
788 1167
790 1130
792 1131
794 1188
796 1131
798 1131
800 1203
802 1131
804 1243
806 1131
808 1189
810 1479
812 1229
814 1161
816 1161
818 1162
820 1161
822 1193
824 1161
826 1161
828 1161
830 1162
832 1159
834 1148
836 1170
838 1133
840 1131
842 1133
844 1133
846 1165
848 1128
850 1133
852 1128
854 1222
856 1133
858 1168
860 1169
862 1230
864 1132
866 1165
868 1171
870 1132
872 1132
874 1133
876 1169
878 1133
880 1175
882 1131
884 1166
886 1131
888 1129
890 1131
892 1131
894 1131
896 1129
898 1129
900 1131
902 1131
904 1131
906 1132
908 1130
910 1131
912 1131
914 1204
916 1132
918 1133
920 1174
922 1131
924 1171
926 1169
928 1132
930 1133
932 1131
934 1160
936 1188
938 1132
940 1187
942 1131
944 1131
946 1131
948 1168
950 1133
952 1171
954 1132
956 1128
958 1239
960 1131
962 1131
964 1243
966 1290
968 1170
970 1131
972 1131
974 1131
976 1198
978 1161
980 1200
982 1161
984 1161
986 1161
988 1267
990 1161
992 1162
994 1162
996 1161
998 1200
1000 2278
1002 2313
1004 2275
1006 2311
1008 2277
1010 2312
1012 2216
1014 2340
1016 2218
1018 2252
1020 2419
1022 2216
1024 2217
1026 2278
1028 2337
1030 2270
1032 2274
1034 2273
1036 2275
1038 2212
1040 2353
1042 2290
1044 2216
1046 2291
1048 2289
1050 2214
1052 2251
1054 2325
1056 2213
1058 2219
1060 2290
1062 2216
1064 2216
1066 2213
1068 2216
1070 2213
1072 2232
1074 2256
1076 2250
1078 2217
1080 2217
1082 2216
1084 2217
1086 2252
1088 2216
1090 2215
1092 2372
1094 2212
1096 2216
1098 2406
1100 2289
1102 2212
1104 2289
1106 2307
1108 2216
1110 2328
1112 2219
1114 2212
1116 2256
1118 2217
1120 2217
1122 2299
1124 2554
1126 2401
1128 2364
1130 2277
1132 2303
1134 2456
1136 2216
1138 2216
1140 2327
1142 2296
1144 2217
1146 2253
1148 2216
1150 2216
1152 2289
1154 2290
1156 2409
1158 2276
1160 2289
1162 2331
1164 2258
1166 2216
1168 2295
1170 2219
1172 2253
1174 2331
1176 2302
1178 2254
1180 2217
1182 2289
1184 2290
1186 2253
1188 2292
1190 2291
1192 2236
1194 2216
1196 2253
1198 2217
1200 2216
1202 2311
1204 2217
1206 2217
1208 2293
1210 2220
1212 2219
1214 2301
1216 2252
1218 2212
1220 2256
1222 2219
1224 2218
1226 2219
1228 2219
1230 2213
1232 2219
1234 2217
1236 2218
1238 2214
1240 2253
1242 2216
1244 2290
1246 2251
1248 2218
1250 2217
1252 2252
1254 2217
1256 2290
1258 2252
1260 2216
1262 2481
1264 2291
1266 2284
1268 2351
1270 2278
1272 2277
1274 2275
1276 2279
1278 2214
1280 2371
1282 2216
1284 2217
1286 2253
1288 2216
1290 2214
1292 2216
1294 2273
1296 2330
1298 2216
1300 2216
1302 2333
1304 2216
1306 2215
1308 2327
1310 2213
1312 2272
1314 2255
1316 2217
1318 2217
1320 2297
1322 2216
1324 2216
1326 2214
1328 2218
1330 2252
1332 2293
1334 2255
1336 2217
1338 2213
1340 2307
1342 2218
1344 2216
1346 2323
1348 2256
1350 2217
1352 2253
1354 2296
1356 2253
1358 2324
1360 2331
1362 2256
1364 2252
1366 2217
1368 2216
1370 2252
1372 2290
1374 2217
1376 2217
1378 2217
1380 2289
1382 2215
1384 2236
1386 2219
1388 2307
1390 2253
1392 2289
1394 2218
1396 2295
1398 2347
1400 2299
1402 2407
1404 2327
1406 2276
1408 2276
1410 2337
1412 2623
1414 2323
1416 2277
1418 2331
1420 2435
1422 2278
1424 2277
1426 2376
1428 2253
1430 2217
1432 2255
1434 2258
1436 2219
1438 2219
1440 2288
1442 2215
1444 2254
1446 2216
1448 2294
1450 2255
1452 2233
1454 2216
1456 2217
1458 2291
1460 2251
1462 2214
1464 2300
1466 2216
1468 2219
1470 2339
1472 2214
1474 2219
1476 2215
1478 2292
1480 2254
1482 2216
1484 2213
1486 2219
1488 2219
1490 2253
1492 2216
1494 2217
1496 2251
1498 2216
1500 2216
1502 2290
1504 2219
1506 2220
1508 2290
1510 2327
1512 2213
1514 2216
1516 2218
1518 2216
1520 2249
1522 2324
1524 2215
1526 2251
1528 2290
1530 2216
1532 2664
1534 2291
1536 2275
1538 2275
1540 2274
1542 2253
1544 2216
1546 2329
1548 2213
1550 2217
1552 2216
1554 2327
1556 2330
1558 2293
1560 2217
1562 2217
1564 2253
1566 2213
1568 2370
1570 2213
1572 2216
1574 2289
1576 2216
1578 2216
1580 2214
1582 2215
1584 2253
1586 2289
1588 2288
1590 2298
1592 2235
1594 2252
1596 2254
1598 2215
1600 2552
1602 2290
1604 2219
1606 2254
1608 2218
1610 2213
1612 2471
1614 2253
1616 2269
1618 2436
1620 2274
1622 2274
1624 2424
1626 2392
1628 2336
1630 2336
1632 2339
1634 2278
1636 2275
1638 2338
1640 2292
1642 2216
1644 2216
1646 2217
1648 2290
1650 2234
1652 2220
1654 2219
1656 2218
1658 2257
1660 2220
1662 2219
1664 2294
1666 2216
1668 2253
1670 2289
1672 2213
1674 2254
1676 2216
1678 2326
1680 2216
1682 2325
1684 2253
1686 2218
1688 2217
1690 2234
1692 2217
1694 2217
1696 2289
1698 2254
1700 2254
1702 2674
1704 2275
1706 2420
1708 2344
1710 2275
1712 2285
1714 2217
1716 2381
1718 2218
1720 2216
1722 2216
1724 2339
1726 2255
1728 2216
1730 2297
1732 2216
1734 2218
1736 2292
1738 2212
1740 2216
1742 2300
1744 2560
1746 2332
1748 2389
1750 2277
1752 2332
1754 2373
1756 2256
1758 2216
1760 2413
1762 2216
1764 2254
1766 2274
1768 2219
1770 2335
1772 2216
1774 2216
1776 2217
1778 2271
1780 2216
1782 2217
1784 2250
1786 2325
1788 2292
1790 2361
1792 2251
1794 2214
1796 2216
1798 2327
1800 2217
1802 2518
1804 2272
1806 2217
1808 2326
1810 2218
1812 2252
1814 2216
1816 2216
1818 2216
1820 2288
1822 2255
1824 2255
1826 2327
1828 2218
1830 2290
1832 2218
1834 2218
1836 2252
1838 2217
1840 2216
1842 2252
1844 2216
1846 2217
1848 2216
1850 2292
1852 2291
1854 2217
1856 2253
1858 2216
1860 2217
1862 2361
1864 2214
1866 2290
1868 2253
1870 2251
1872 2216
1874 2418
1876 2219
1878 2219
1880 2257
1882 2215
1884 2216
1886 2216
1888 2216
1890 2217
1892 2256
1894 2250
1896 2236
1898 2308
1900 2253
1902 2216
1904 2254
1906 2285
1908 2297
1910 2218
1912 2293
1914 2218
1916 2219
1918 2255
1920 2370
1922 2291
1924 2255
1926 2414
1928 2314
1930 2277
1932 2253
1934 2317
1936 2309
1938 2275
1940 2326
1942 2314
1944 2346
1946 2510
1948 2233
1950 2275
1952 2274
1954 2275
1956 2275
1958 2276
1960 2336
1962 2293
1964 2273
1966 2255
1968 2212
1970 2217
1972 2216
1974 2213
1976 2217
1978 2216
1980 2215
1982 2213
1984 2217
1986 2403
1988 2216
1990 2426
1992 2520
1994 2357
1996 2277
1998 2278
2000 4580
