2 115
4 104
6 104
8 101
10 100
12 100
14 100
16 149
18 109
20 109
22 109
24 109
26 109
28 109
30 109
32 157
34 137
36 138
38 138
40 137
42 138
44 138
46 138
48 138
50 138
52 138
54 138
56 159
58 141
60 141
62 174
64 206
66 206
68 206
70 206
72 206
74 206
76 206
78 205
80 206
82 244
84 206
86 206
88 206
90 206
92 206
94 206
96 206
98 206
100 206
102 205
104 205
106 206
108 206
110 206
112 206
114 206
116 206
118 205
120 206
122 206
124 206
126 358
128 338
130 338
132 338
134 340
136 336
138 338
140 338
142 338
144 338
146 338
148 338
150 338
152 338
154 337
156 337
158 337
160 374
162 336
164 336
166 338
168 338
170 337
172 337
174 337
176 337
178 337
180 484
182 428
184 329
186 327
188 329
190 328
192 367
194 455
196 329
198 328
200 328
202 328
204 328
206 444
208 337
210 337
212 337
214 336
216 337
218 410
220 359
222 359
224 352
226 352
228 351
230 354
232 349
234 346
236 347
238 348
240 347
242 346
244 348
246 368
248 359
250 633
252 630
254 633
256 627
258 626
260 629
262 632
264 704
266 628
268 625
270 626
272 626
274 625
276 624
278 625
280 627
282 655
284 628
286 627
288 630
290 628
292 626
294 659
296 626
298 625
300 625
302 626
304 655
306 626
308 626
310 626
312 626
314 624
316 608
318 644
320 607
322 607
324 609
326 607
328 607
330 607
332 608
334 607
336 609
338 609
340 607
342 646
344 609
346 608
348 609
350 607
352 616
354 630
356 591
358 591
360 594
362 649
364 592
366 593
368 593
370 594
372 593
374 593
376 609
378 607
380 644
382 607
384 593
386 592
388 593
390 710
392 594
394 594
396 630
398 593
400 593
402 593
404 591
406 593
408 593
410 594
412 594
414 591
416 592
418 609
420 594
422 591
424 594
426 592
428 592
430 594
432 591
434 594
436 592
438 591
440 595
442 593
444 680
446 643
448 611
450 610
452 610
454 610
456 607
458 607
460 645
462 608
464 608
466 608
468 616
470 592
472 592
474 593
476 593
478 592
480 592
482 700
484 593
486 593
488 593
490 593
492 592
494 592
496 593
498 591
500 1131
502 1207
504 1131
506 1131
508 1131
510 1161
512 1161
514 1152
516 1131
518 1133
520 1187
522 1131
524 1131
526 1131
528 1130
530 1131
532 1161
534 1161
536 1159
538 1132
540 1132
542 1185
544 1322
546 1372
548 1238
550 1204
552 1230
554 1159
556 1272
558 1193
560 1189
562 1179
564 1161
566 1271
568 1161
570 1213
572 1163
574 1163
576 1162
578 1162
580 1251
582 1161
584 1161
586 1163
588 1161
590 1131
592 1131
594 1168
596 1131
598 1131
600 1168
602 1225
604 1161
606 1189
608 1131
610 1131
612 1169
614 1131
616 1131
618 1203
620 1131
622 1130
624 1226
626 1131
628 1131
630 1188
632 1131
634 1131
636 1166
638 1131
640 1130
642 1131
644 1152
646 1132
648 1167
650 1131
652 1131
654 1131
656 1131
658 1130
660 1166
662 1132
664 1129
666 1205
668 1134
670 1133
672 1128
674 1131
676 1131
678 1133
680 1131
682 1133
684 1241
686 1131
688 1131
690 1288
692 1131
694 1132
696 1204
698 1132
700 1131
702 1166
704 1131
706 1131
708 1164
710 1133
712 1207
714 1131
716 1132
718 1131
720 1168
722 1168
724 1131
726 1131
728 1131
730 1132
732 1168
734 1281
736 1132
738 1131
740 1131
742 1170
744 1170
746 1131
748 1131
750 1131
752 1131
754 1132
756 1169
758 1216
760 1131
762 1132
764 1132
766 1133
768 1153
770 1128
772 1167
774 1131
776 1133
778 1132
780 1151
782 1133
784 1133
786 1133
788 1133
790 1131
792 1170
794 1131
796 1131
798 1245
800 1131
802 1132
804 1131
806 1146
808 1161
810 1161
812 1158
814 1273
816 1198
818 1162
820 1162
822 1163
824 1162
826 1200
828 1159
830 1130
832 1131
834 1187
836 1237
838 1202
840 1162
842 1162
844 1205
846 1163
848 1161
850 1162
852 1203
854 1161
856 1198
858 1160
860 1198
862 1216
864 1161
866 1256
868 1161
870 1282
872 1199
874 1253
876 1201
878 1303
880 1162
882 1235
884 1198
886 1287
888 1179
890 1163
892 1162
894 1267
896 1161
898 1161
900 1160
902 1161
904 1161
906 1197
908 1162
910 1203
912 1159
914 1158
916 1158
918 1162
920 1161
922 1161
924 1150
926 1133
928 1128
930 1171
932 1132
934 1132
936 1208
938 1131
940 1132
942 1314
944 1131
946 1131
948 1129
950 1131
952 1130
954 1168
956 1131
958 1131
960 1131
962 1132
964 1212
966 1205
968 1133
970 1133
972 1133
974 1170
976 1131
978 1168
980 1132
982 1133
984 1170
986 1131
988 1131
990 1208
992 1170
994 1132
996 1132
998 1203
1000 2218
1002 2213
1004 2216
1006 2215
1008 2219
1010 2218
1012 2251
1014 2286
1016 2216
1018 2287
1020 2254
1022 2294
1024 2216
1026 2253
1028 2216
1030 2253
1032 2237
1034 2212
1036 2292
1038 2216
1040 2213
1042 2216
1044 2220
1046 2806
1048 2472
1050 2285
1052 2276
1054 2333
1056 2311
1058 2353
1060 2275
1062 2272
1064 2275
1066 2274
1068 2286
1070 2216
1072 2217
1074 2216
1076 2218
1078 2217
1080 2251
1082 2230
1084 2217
1086 2216
1088 2254
1090 2255
1092 2253
1094 2254
1096 2265
1098 2215
1100 2326
1102 2409
1104 2216
1106 2218
1108 2216
1110 2216
1112 2216
1114 2216
1116 2252
1118 2218
1120 2255
1122 2254
1124 2216
1126 2326
1128 2373
1130 2215
1132 2325
1134 2220
1136 2253
1138 2216
1140 2327
1142 2293
1144 2218
1146 2318
1148 2216
1150 2215
1152 2297
1154 2219
1156 2219
1158 2253
1160 2217
1162 2217
1164 2399
1166 2216
1168 2291
1170 2274
1172 2216
1174 2215
1176 2348
1178 2213
1180 2217
1182 2216
1184 2218
1186 2219
1188 2234
1190 2414
1192 2218
1194 2216
1196 2291
1198 2217
1200 2215
1202 2326
1204 2217
1206 2216
1208 2216
1210 2218
1212 2217
1214 2217
1216 2218
1218 2217
1220 2216
1222 2254
1224 2216
1226 2326
1228 2290
1230 2219
1232 2219
1234 2290
1236 2215
1238 2216
1240 2273
1242 2216
1244 2216
1246 2216
1248 2213
1250 2215
1252 2217
1254 2368
1256 2215
1258 2252
1260 2253
1262 2217
1264 2217
1266 2328
1268 2353
1270 2216
1272 2253
1274 2216
1276 2219
1278 2220
1280 2217
1282 2288
1284 2326
1286 2217
1288 2216
1290 2217
1292 2250
1294 2288
1296 2216
1298 2290
1300 2217
1302 2218
1304 2251
1306 2369
1308 2217
1310 2216
1312 2237
1314 2218
1316 2217
1318 2216
1320 2215
1322 2364
1324 2252
1326 2218
1328 2216
1330 2290
1332 2218
1334 2291
1336 2268
1338 2858
1340 2575
1342 2278
1344 2275
1346 2339
1348 2340
1350 2372
1352 2274
1354 2314
1356 2263
1358 2217
1360 2299
1362 2216
1364 2218
1366 2216
1368 2219
1370 2291
1372 2219
1374 2217
1376 2314
1378 2213
1380 2252
1382 2218
1384 2267
1386 2254
1388 2220
1390 2218
1392 2255
1394 2217
1396 2218
1398 2252
1400 2292
1402 2219
1404 2219
1406 2215
1408 2253
1410 2216
1412 2327
1414 2216
1416 2216
1418 2251
1420 2217
1422 2217
1424 2416
1426 2219
1428 2219
1430 2337
1432 2217
1434 2213
1436 2356
1438 2216
1440 2253
1442 2216
1444 2219
1446 2219
1448 2216
1450 2217
1452 2216
1454 2250
1456 2216
1458 2252
1460 2216
1462 2213
1464 2217
1466 2404
1468 2250
1470 2217
1472 2219
1474 2254
1476 2291
1478 2213
1480 2269
1482 2217
1484 2328
1486 2254
1488 2217
1490 2327
1492 2216
1494 2250
1496 2216
1498 2216
1500 2219
1502 2219
1504 2290
1506 2252
1508 2216
1510 2217
1512 2328
1514 2219
1516 2255
1518 2323
1520 2216
1522 2218
1524 2216
1526 2216
1528 2217
1530 2216
1532 2288
1534 2218
1536 2218
1538 2253
1540 2347
1542 2291
1544 2253
1546 2291
1548 2254
1550 2255
1552 2217
1554 2218
1556 2217
1558 2216
1560 2217
1562 2216
1564 2216
1566 2257
1568 2219
1570 2326
1572 2217
1574 2216
1576 2295
1578 2216
1580 2220
1582 2255
1584 2218
1586 2252
1588 2327
1590 2215
1592 2216
1594 2290
1596 2216
1598 2253
1600 2216
1602 2291
1604 2216
1606 2218
1608 2252
1610 2216
1612 2370
1614 2326
1616 2217
1618 2217
1620 2287
1622 2399
1624 2299
1626 2511
1628 2320
1630 2279
1632 2323
1634 2274
1636 2349
1638 2276
1640 2278
1642 2370
1644 2282
1646 2219
1648 2337
1650 2250
1652 2253
1654 2216
1656 2328
1658 2214
1660 2288
1662 2269
1664 2217
1666 2253
1668 2213
1670 2218
1672 2328
1674 2219
1676 2220
1678 2216
1680 2216
1682 2252
1684 2216
1686 2366
1688 2273
1690 2212
1692 2289
1694 2273
1696 2217
1698 2216
1700 2217
1702 2216
1704 2253
1706 2327
1708 2216
1710 2216
1712 2215
1714 2252
1716 2254
1718 2216
1720 2333
1722 2289
1724 2217
1726 2289
1728 2215
1730 2254
1732 2216
1734 2292
1736 2549
1738 2289
1740 2221
1742 2220
1744 2355
1746 2218
1748 2295
1750 2217
1752 2291
1754 2253
1756 2354
1758 2253
1760 2217
1762 2217
1764 2291
1766 2216
1768 2216
1770 2294
1772 2217
1774 2218
1776 2254
1778 2219
1780 2220
1782 2217
1784 2289
1786 2216
1788 2215
1790 2254
1792 2294
1794 2219
1796 2275
1798 2215
1800 2216
1802 2253
1804 2217
1806 2216
1808 2217
1810 2217
1812 2333
1814 2216
1816 2344
1818 2217
1820 2388
1822 2250
1824 2362
1826 2254
1828 2294
1830 2216
1832 2216
1834 2253
1836 2217
1838 2335
1840 2216
1842 2217
1844 2217
1846 2216
1848 2290
1850 2214
1852 2220
1854 2254
1856 2215
1858 2286
1860 2291
1862 2217
1864 2216
1866 2252
1868 2215
1870 2215
1872 2287
1874 2217
1876 2213
1878 2216
1880 2216
1882 2216
1884 2216
1886 2324
1888 2216
1890 2217
1892 2291
1894 2219
1896 2290
1898 2326
1900 2216
1902 2310
1904 2217
1906 2216
1908 2254
1910 2217
1912 2212
1914 2234
1916 2214
1918 2545
1920 2429
1922 2346
1924 2274
1926 2274
1928 2302
1930 2372
1932 2275
1934 2219
1936 2217
1938 2217
1940 2254
1942 2288
1944 2215
1946 2250
1948 2326
1950 2214
1952 2217
1954 2634
1956 2249
1958 2274
1960 2311
1962 2253
1964 2216
1966 2213
1968 2290
1970 2217
1972 2212
1974 2331
1976 2303
1978 2216
1980 2251
1982 2218
1984 2214
1986 2329
1988 2215
1990 2216
1992 2360
1994 2216
1996 2213
1998 2252
2000 4512
