2 645
4 530
6 537
8 496
10 425
12 416
14 358
16 343
18 350
20 338
22 348
24 321
26 259
28 257
30 261
32 258
34 256
36 255
38 259
40 290
42 260
44 259
46 260
48 263
50 264
52 234
54 217
56 213
58 213
60 215
62 228
64 234
66 237
68 237
70 235
72 232
74 232
76 236
78 232
80 232
82 232
84 247
86 255
88 209
90 207
92 207
94 208
96 207
98 205
100 205
102 205
104 242
106 211
108 209
110 208
112 207
114 206
116 205
118 205
120 204
122 205
124 205
126 262
128 262
130 262
132 310
134 265
136 277
138 249
140 250
142 250
144 250
146 247
148 247
150 248
152 250
154 248
156 247
158 247
160 248
162 280
164 251
166 270
168 251
170 251
172 248
174 248
176 247
178 247
180 295
182 250
184 275
186 248
188 249
190 249
192 247
194 247
196 248
198 247
200 247
202 247
204 248
206 250
208 251
210 248
212 251
214 279
216 252
218 252
220 251
222 250
224 250
226 247
228 248
230 250
232 251
234 267
236 250
238 252
240 248
242 249
244 249
246 248
248 248
250 374
252 400
254 403
256 373
258 374
260 373
262 373
264 387
266 376
268 376
270 374
272 373
274 376
276 372
278 377
280 415
282 373
284 372
286 372
288 407
290 373
292 373
294 377
296 373
298 372
300 372
302 372
304 372
306 372
308 373
310 374
312 374
314 363
316 363
318 363
320 363
322 363
324 457
326 363
328 364
330 362
332 362
334 362
336 362
338 363
340 364
342 364
344 363
346 409
348 362
350 374
352 353
354 484
356 353
358 440
360 353
362 352
364 352
366 353
368 353
370 353
372 352
374 353
376 461
378 462
380 439
382 513
384 439
386 605
388 397
390 420
392 414
394 363
396 363
398 396
400 362
402 377
404 373
406 372
408 372
410 374
412 374
414 373
416 376
418 372
420 362
422 362
424 362
426 455
428 363
430 363
432 362
434 362
436 362
438 369
440 353
442 353
444 353
446 353
448 353
450 353
452 352
454 353
456 352
458 375
460 353
462 408
464 389
466 353
468 353
470 353
472 429
474 353
476 377
478 363
480 362
482 362
484 362
486 361
488 362
490 362
492 362
494 362
496 353
498 353
500 683
502 606
504 605
506 678
508 621
510 621
512 621
514 621
516 621
518 604
520 605
522 605
524 678
526 605
528 619
530 623
532 621
534 621
536 620
538 623
540 622
542 621
544 621
546 650
548 622
550 650
552 621
554 621
556 621
558 621
560 621
562 621
564 659
566 620
568 620
570 620
572 725
574 622
576 621
578 620
580 621
582 622
584 658
586 621
588 621
590 622
592 621
594 622
596 855
598 745
600 622
602 621
604 621
606 625
608 620
610 649
612 702
614 653
616 717
618 622
620 622
622 639
624 641
626 638
628 638
630 676
632 623
634 622
636 621
638 621
640 621
642 620
644 620
646 620
648 623
650 622
652 622
654 621
656 738
658 622
660 621
662 622
664 605
666 605
668 604
670 607
672 606
674 631
676 622
678 621
680 621
682 743
684 621
686 604
688 632
690 606
692 607
694 606
696 606
698 605
700 778
702 607
704 605
706 707
708 621
710 623
712 622
714 621
716 621
718 606
720 606
722 605
724 605
726 716
728 621
730 621
732 621
734 723
736 622
738 621
740 621
742 771
744 620
746 620
748 620
750 605
752 605
754 607
756 606
758 605
760 605
762 605
764 605
766 684
768 606
770 706
772 607
774 606
776 605
778 666
780 606
782 605
784 680
786 605
788 607
790 641
792 604
794 642
796 605
798 605
800 605
802 642
804 604
806 607
808 606
810 606
812 605
814 681
816 605
818 605
820 605
822 605
824 604
826 641
828 605
830 605
832 680
834 604
836 605
838 644
840 605
842 763
844 606
846 606
848 605
850 626
852 762
854 668
856 820
858 621
860 658
862 661
864 650
866 643
868 640
870 640
872 638
874 640
876 647
878 621
880 621
882 621
884 620
886 623
888 640
890 639
892 639
894 638
896 638
898 621
900 621
902 712
904 621
906 622
908 771
910 656
912 624
914 621
916 621
918 640
920 640
922 642
924 639
926 639
928 640
930 639
932 639
934 637
936 653
938 640
940 621
942 621
944 651
946 623
948 622
950 621
952 605
954 606
956 606
958 605
960 644
962 623
964 621
966 620
968 621
970 621
972 605
974 643
976 604
978 606
980 605
982 605
984 605
986 642
988 605
990 604
992 605
994 604
996 605
998 641
1000 1120
1002 1119
1004 1300
1006 1119
1008 1118
1010 1118
1012 1293
1014 1120
1016 1131
1018 1237
1020 1227
1022 1167
1024 1145
1026 1253
1028 1143
1030 1188
1032 1112
1034 1113
1036 1116
1038 1198
1040 1113
1042 1191
1044 1189
1046 1113
1048 1145
1050 1147
1052 1183
1054 1111
1056 1116
1058 1149
1060 1144
1062 1143
1064 1127
1066 1202
1068 1111
1070 1111
1072 1222
1074 1195
1076 1203
1078 1185
1080 1176
1082 1232
1084 1174
1086 1183
1088 1217
1090 1423
1092 1177
1094 1222
1096 1175
1098 1174
1100 1175
1102 1164
1104 1140
1106 1142
1108 1110
1110 1112
1112 1112
1114 1112
1116 1136
1118 1142
1120 1112
1122 1112
1124 1110
1126 1146
1128 1112
1130 1217
1132 1146
1134 1111
1136 1110
1138 1242
1140 1110
1142 1111
1144 1111
1146 1328
1148 1111
1150 1111
1152 1151
1154 1191
1156 1110
1158 1114
1160 1148
1162 1148
1164 1112
1166 1111
1168 1111
1170 1148
1172 1110
1174 1111
1176 1147
1178 1229
1180 1112
1182 1111
1184 1112
1186 1184
1188 1192
1190 1111
1192 1111
1194 1111
1196 1184
1198 1110
1200 1111
1202 1147
1204 1110
1206 1229
1208 1265
1210 1213
1212 1208
1214 1143
1216 1170
1218 1142
1220 1143
1222 1142
1224 1177
1226 1113
1228 1113
1230 1114
1232 1113
1234 1113
1236 1114
1238 1112
1240 1111
1242 1184
1244 1111
1246 1111
1248 1112
1250 1129
1252 1111
1254 1111
1256 1111
1258 1148
1260 1110
1262 1111
1264 1111
1266 1112
1268 1113
1270 1110
1272 1204
1274 1110
1276 1111
1278 1112
1280 1112
1282 1112
1284 1152
1286 1112
1288 1112
1290 1148
1292 1184
1294 1192
1296 1110
1298 1111
1300 1112
1302 1111
1304 1111
1306 1112
1308 1112
1310 1111
1312 1149
1314 1111
1316 1110
1318 1111
1320 1111
1322 1111
1324 1110
1326 1149
1328 1110
1330 1112
1332 1148
1334 1147
1336 1188
1338 1111
1340 1111
1342 1110
1344 1111
1346 1110
1348 1112
1350 1111
1352 1111
1354 1148
1356 1110
1358 1112
1360 1110
1362 1112
1364 1113
1366 1182
1368 1110
1370 1194
1372 1110
1374 1111
1376 1186
1378 1147
1380 1109
1382 1191
1384 1110
1386 1110
1388 1111
1390 1110
1392 1146
1394 1110
1396 1110
1398 1180
1400 1110
1402 1147
1404 1110
1406 1110
1408 1110
1410 1110
1412 1110
1414 1111
1416 1110
1418 1110
1420 1111
1422 1111
1424 1148
1426 1147
1428 1110
1430 1111
1432 1110
1434 1183
1436 1110
1438 1258
1440 1188
1442 1110
1444 1111
1446 1113
1448 1111
1450 1110
1452 1111
1454 1110
1456 1147
1458 1147
1460 1223
1462 1110
1464 1110
1466 1110
1468 1110
1470 1110
1472 1110
1474 1110
1476 1110
1478 1111
1480 1111
1482 1147
1484 1110
1486 1110
1488 1147
1490 1111
1492 1184
1494 1110
1496 1110
1498 1520
1500 1313
1502 1144
1504 1142
1506 1141
1508 1140
1510 1261
1512 1141
1514 1111
1516 1149
1518 1147
1520 1194
1522 1111
1524 1181
1526 1109
1528 1110
1530 1110
1532 1110
1534 1184
1536 1110
1538 1110
1540 1130
1542 1110
1544 1147
1546 1110
1548 1110
1550 1146
1552 1110
1554 1109
1556 1110
1558 1113
1560 1112
1562 1113
1564 1111
1566 1111
1568 1111
1570 1148
1572 1110
1574 1111
1576 1110
1578 1185
1580 1111
1582 1181
1584 1110
1586 1111
1588 1110
1590 1110
1592 1145
1594 1635
1596 1305
1598 1144
1600 1185
1602 1174
1604 1174
1606 1179
1608 1144
1610 1143
1612 1144
1614 1196
1616 1143
1618 1142
1620 1143
1622 1143
1624 1142
1626 1182
1628 1278
1630 1141
1632 1141
1634 1181
1636 1142
1638 1143
1640 1144
1642 1143
1644 1177
1646 1141
1648 1216
1650 1177
1652 1142
1654 1142
1656 1181
1658 1141
1660 1142
1662 1141
1664 1142
1666 1142
1668 1142
1670 1141
1672 1143
1674 1142
1676 1260
1678 1141
1680 1143
1682 1177
1684 1143
1686 1142
1688 1143
1690 1143
1692 1144
1694 1178
1696 1141
1698 1141
1700 1141
1702 1249
1704 1142
1706 1141
1708 1140
1710 1143
1712 1143
1714 1142
1716 1142
1718 1141
1720 1142
1722 1141
1724 1141
1726 1215
1728 1299
1730 1141
1732 1178
1734 1141
1736 1141
1738 1143
1740 1142
1742 1179
1744 1143
1746 1228
1748 1215
1750 1173
1752 1174
1754 1174
1756 1195
1758 1143
1760 1143
1762 1143
1764 1141
1766 1141
1768 1444
1770 1147
1772 1146
1774 1174
1776 1174
1778 1177
1780 1176
1782 1175
1784 1310
1786 1272
1788 1207
1790 1207
1792 1205
1794 1211
1796 1307
1798 1174
1800 1160
1802 1239
1804 1208
1806 1211
1808 1177
1810 1176
1812 1184
1814 1145
1816 1144
1818 1160
1820 1147
1822 1146
1824 1181
1826 1193
1828 1144
1830 1262
1832 1142
1834 1142
1836 1221
1838 1142
1840 1142
1842 1242
1844 1469
1846 1217
1848 1248
1850 1173
1852 1173
1854 1174
1856 1173
1858 1257
1860 1179
1862 1142
1864 1142
1866 1142
1868 1217
1870 1144
1872 1142
1874 1143
1876 1144
1878 1143
1880 1222
1882 1143
1884 1225
1886 1143
1888 1143
1890 1144
1892 1178
1894 1212
1896 1141
1898 1246
1900 1141
1902 1142
1904 1261
1906 1145
1908 1143
1910 1184
1912 1142
1914 1175
1916 1172
1918 1172
1920 1333
1922 1142
1924 1141
1926 1143
1928 1178
1930 1144
1932 1145
1934 1143
1936 1158
1938 1143
1940 1143
1942 1217
1944 1144
1946 1144
1948 1143
1950 1141
1952 1218
1954 1142
1956 1142
1958 1142
1960 1179
1962 1142
1964 1142
1966 1143
1968 1141
1970 1142
1972 1141
1974 1142
1976 1144
1978 1143
1980 1182
1982 1168
1984 1143
1986 1227
1988 1162
1990 1176
1992 1176
1994 1205
1996 1143
1998 1238
2000 2265
