2 128
4 115
6 115
8 113
10 112
12 112
14 112
16 122
18 121
20 122
22 122
24 122
26 122
28 122
30 121
32 155
34 154
36 154
38 159
40 154
42 153
44 153
46 153
48 154
50 153
52 154
54 154
56 154
58 153
60 153
62 189
64 206
66 206
68 206
70 206
72 206
74 206
76 206
78 206
80 261
82 206
84 206
86 206
88 206
90 206
92 205
94 206
96 206
98 206
100 206
102 206
104 205
106 206
108 224
110 206
112 206
114 206
116 206
118 206
120 206
122 206
124 206
126 337
128 337
130 338
132 337
134 338
136 338
138 378
140 337
142 337
144 337
146 390
148 338
150 372
152 390
154 338
156 338
158 338
160 338
162 338
164 338
166 373
168 337
170 375
172 493
174 329
176 329
178 329
180 328
182 386
184 329
186 329
188 328
190 329
192 337
194 409
196 338
198 338
200 338
202 338
204 338
206 338
208 353
210 420
212 489
214 494
216 509
218 455
220 352
222 349
224 351
226 351
228 354
230 349
232 350
234 364
236 355
238 358
240 351
242 349
244 361
246 351
248 352
250 626
252 626
254 629
256 657
258 636
260 632
262 609
264 675
266 625
268 635
270 625
272 626
274 650
276 634
278 654
280 631
282 625
284 627
286 626
288 627
290 626
292 626
294 626
296 629
298 655
300 626
302 609
304 609
306 609
308 609
310 609
312 661
314 642
316 609
318 697
320 609
322 609
324 610
326 607
328 626
330 609
332 625
334 646
336 609
338 631
340 645
342 609
344 608
346 608
348 608
350 611
352 642
354 609
356 609
358 609
360 609
362 607
364 609
366 608
368 609
370 609
372 608
374 609
376 608
378 593
380 670
382 594
384 667
386 593
388 593
390 593
392 593
394 593
396 593
398 593
400 654
402 609
404 593
406 656
408 609
410 609
412 609
414 656
416 593
418 593
420 593
422 593
424 629
426 594
428 668
430 719
432 632
434 593
436 593
438 592
440 593
442 592
444 666
446 592
448 593
450 593
452 593
454 593
456 593
458 593
460 593
462 594
464 593
466 610
468 594
470 594
472 593
474 885
476 697
478 608
480 594
482 594
484 594
486 629
488 593
490 593
492 608
494 608
496 608
498 608
500 1163
502 1160
504 1161
506 1161
508 1202
510 1161
512 1161
514 1202
516 1162
518 1131
520 1131
522 1131
524 1218
526 1432
528 1254
530 1250
532 1161
534 1262
536 1196
538 1161
540 1161
542 1161
544 1189
546 1195
548 1161
550 1250
552 1277
554 1205
556 1161
558 1163
560 1164
562 1162
564 1162
566 1195
568 1283
570 1161
572 1161
574 1161
576 1161
578 1161
580 1167
582 1132
584 1131
586 1132
588 1132
590 1131
592 1133
594 1167
596 1131
598 1131
600 1131
602 1131
604 1132
606 1202
608 1154
610 1149
612 1129
614 1133
616 1131
618 1131
620 1130
622 1204
624 1131
626 1132
628 1131
630 1130
632 1268
634 1131
636 1132
638 1131
640 1131
642 1131
644 1131
646 1131
648 1152
650 1131
652 1131
654 1131
656 1131
658 1205
660 1131
662 1133
664 1214
666 1168
668 1131
670 1132
672 1313
674 1131
676 1131
678 1131
680 1133
682 1171
684 1133
686 1132
688 1131
690 1131
692 1236
694 1133
696 1212
698 1310
700 1276
702 1328
704 1131
706 1131
708 1131
710 1204
712 1187
714 1162
716 1160
718 1159
720 1174
722 1177
724 1131
726 1131
728 1131
730 1185
732 1159
734 1162
736 1199
738 1161
740 1159
742 1128
744 1214
746 1131
748 1131
750 1131
752 1131
754 1168
756 1255
758 1131
760 1131
762 1131
764 1131
766 1148
768 1377
770 1231
772 1131
774 1167
776 1160
778 1162
780 1178
782 1162
784 1171
786 1150
788 1132
790 1131
792 1163
794 1131
796 1130
798 1131
800 1132
802 1131
804 1205
806 1131
808 1131
810 1246
812 1133
814 1133
816 1229
818 1133
820 1133
822 1134
824 1132
826 1222
828 1202
830 1164
832 1163
834 1163
836 1201
838 1161
840 1161
842 1160
844 1161
846 1163
848 1162
850 1163
852 1163
854 1165
856 1162
858 1197
860 1161
862 1220
864 1320
866 1130
868 1348
870 1134
872 1229
874 1194
876 1277
878 1176
880 1161
882 1194
884 1193
886 1195
888 1194
890 1194
892 1183
894 1160
896 1162
898 1162
900 1201
902 1171
904 1131
906 1131
908 1131
910 1131
912 1206
914 1131
916 1131
918 1168
920 1130
922 1209
924 1131
926 1131
928 1130
930 1171
932 1131
934 1133
936 1133
938 1134
940 1134
942 1330
944 1128
946 1131
948 1131
950 1131
952 1131
954 1131
956 1132
958 1131
960 1131
962 1133
964 1132
966 1131
968 1207
970 1131
972 1206
974 1132
976 1131
978 1130
980 1204
982 1131
984 1133
986 1131
988 1215
990 1131
992 1207
994 1131
996 1131
998 1131
1000 2291
1002 2288
1004 2216
1006 2375
1008 2290
1010 2253
1012 2292
1014 2370
1016 2216
1018 2216
1020 2293
1022 2289
1024 2215
1026 2235
1028 2254
1030 2216
1032 2217
1034 2254
1036 2562
1038 2296
1040 2264
1042 2275
1044 2303
1046 2278
1048 2362
1050 2278
1052 2322
1054 2274
1056 2311
1058 2368
1060 2217
1062 2249
1064 2293
1066 2216
1068 2216
1070 2291
1072 2289
1074 2216
1076 2366
1078 2293
1080 2289
1082 2253
1084 2216
1086 2345
1088 2216
1090 2216
1092 2216
1094 2216
1096 2219
1098 2218
1100 2254
1102 2365
1104 2287
1106 2253
1108 2343
1110 2219
1112 2217
1114 2397
1116 2216
1118 2326
1120 2323
1122 2217
1124 2488
1126 2295
1128 2251
1130 2219
1132 2217
1134 2216
1136 2219
1138 2218
1140 2216
1142 2215
1144 2216
1146 2321
1148 2217
1150 2273
1152 2252
1154 2215
1156 2251
1158 2366
1160 2219
1162 2368
1164 2255
1166 2219
1168 2212
1170 2217
1172 2219
1174 2212
1176 2215
1178 2253
1180 2216
1182 2253
1184 2385
1186 2289
1188 2217
1190 2376
1192 2213
1194 3190
1196 2370
1198 2286
1200 2217
1202 2277
1204 2272
1206 2283
1208 2250
1210 2380
1212 2217
1214 2293
1216 2217
1218 2216
1220 2370
1222 2289
1224 2216
1226 2215
1228 2217
1230 2216
1232 2217
1234 2216
1236 2216
1238 2217
1240 2287
1242 2286
1244 2255
1246 2291
1248 2217
1250 2254
1252 2251
1254 2216
1256 2215
1258 2373
1260 2213
1262 2220
1264 2291
1266 2216
1268 2217
1270 2217
1272 2323
1274 2220
1276 2218
1278 2267
1280 2216
1282 2291
1284 2251
1286 2217
1288 2217
1290 2287
1292 2236
1294 2216
1296 2290
1298 2221
1300 2328
1302 2290
1304 2216
1306 2326
1308 2253
1310 2254
1312 2220
1314 2217
1316 2376
1318 2216
1320 2217
1322 2292
1324 2219
1326 2551
1328 2339
1330 2278
1332 2275
1334 2469
1336 2424
1338 2422
1340 2345
1342 2306
1344 2354
1346 2277
1348 2316
1350 2269
1352 2294
1354 2215
1356 2216
1358 2488
1360 2219
1362 2272
1364 2275
1366 2218
1368 2292
1370 2217
1372 2218
1374 2259
1376 2216
1378 2212
1380 2216
1382 2253
1384 2279
1386 2251
1388 2218
1390 2291
1392 2246
1394 2358
1396 2250
1398 2219
1400 2218
1402 2402
1404 2217
1406 2290
1408 2217
1410 2254
1412 2213
1414 2219
1416 2250
1418 2277
1420 2219
1422 2319
1424 2219
1426 2255
1428 2285
1430 2216
1432 2214
1434 2251
1436 2215
1438 2368
1440 2274
1442 2213
1444 2270
1446 2219
1448 2217
1450 2289
1452 2217
1454 2216
1456 2235
1458 2216
1460 2324
1462 2217
1464 2217
1466 2237
1468 2217
1470 2216
1472 2253
1474 2286
1476 2294
1478 2363
1480 2252
1482 2212
1484 2290
1486 2213
1488 2291
1490 2217
1492 2213
1494 2213
1496 2217
1498 2216
1500 2213
1502 2291
1504 2288
1506 2238
1508 2213
1510 2287
1512 2213
1514 2216
1516 2290
1518 2294
1520 2213
1522 2236
1524 2214
1526 2216
1528 2212
1530 2218
1532 2405
1534 2217
1536 2217
1538 2335
1540 2217
1542 2217
1544 2253
1546 2216
1548 2408
1550 2217
1552 2214
1554 2324
1556 2216
1558 2216
1560 2294
1562 2217
1564 2288
1566 2253
1568 2213
1570 2217
1572 2212
1574 2217
1576 2216
1578 2216
1580 2335
1582 2290
1584 2218
1586 2255
1588 2219
1590 2218
1592 2296
1594 2213
1596 2254
1598 2252
1600 2215
1602 2254
1604 2213
1606 2216
1608 2290
1610 2214
1612 2252
1614 2214
1616 2655
1618 2369
1620 2216
1622 2423
1624 2379
1626 2216
1628 2275
1630 2278
1632 2448
1634 2215
1636 2251
1638 2259
1640 2219
1642 2217
1644 2393
1646 2466
1648 2219
1650 2274
1652 2475
1654 2277
1656 2339
1658 2344
1660 2332
1662 2272
1664 2350
1666 2258
1668 2303
1670 2213
1672 2216
1674 2254
1676 2216
1678 2213
1680 2216
1682 2212
1684 2307
1686 2214
1688 2213
1690 2254
1692 2217
1694 2216
1696 2297
1698 2218
1700 2253
1702 2314
1704 2294
1706 2217
1708 2290
1710 2326
1712 2328
1714 2313
1716 2271
1718 2245
1720 2217
1722 2326
1724 2216
1726 2218
1728 2294
1730 2213
1732 2289
1734 2337
1736 2216
1738 2403
1740 2253
1742 2214
1744 2214
1746 2324
1748 2214
1750 2287
1752 2215
1754 2217
1756 2212
1758 2250
1760 2290
1762 2269
1764 2214
1766 2272
1768 2214
1770 2290
1772 2256
1774 2213
1776 2217
1778 2255
1780 2219
1782 2212
1784 2219
1786 2216
1788 2250
1790 2288
1792 2217
1794 2215
1796 2252
1798 2289
1800 2213
1802 2219
1804 2327
1806 2238
1808 2250
1810 2253
1812 2215
1814 2214
1816 2216
1818 2254
1820 2213
1822 2212
1824 2218
1826 2214
1828 2217
1830 2396
1832 2252
1834 2213
1836 2403
1838 2216
1840 2217
1842 2327
1844 2216
1846 2213
1848 2395
1850 2217
1852 2252
1854 2313
1856 2290
1858 2216
1860 2218
1862 2217
1864 2214
1866 2217
1868 2220
1870 2287
1872 2215
1874 2252
1876 2253
1878 2218
1880 2290
1882 2217
1884 2214
1886 2346
1888 2325
1890 2213
1892 2294
1894 2213
1896 2219
1898 2290
1900 2215
1902 2212
1904 2290
1906 2618
1908 2280
1910 2310
1912 2291
1914 2344
1916 2305
1918 2278
1920 2240
1922 2216
1924 2216
1926 2252
1928 2256
1930 2251
1932 2217
1934 2251
1936 2295
1938 2213
1940 2253
1942 2250
1944 2213
1946 2216
1948 2296
1950 2308
1952 2214
1954 2237
1956 2212
1958 2216
1960 2323
1962 2325
1964 2212
1966 2289
1968 2267
1970 2274
1972 2277
1974 2253
1976 2289
1978 2219
1980 2415
1982 2217
1984 2218
1986 2253
1988 2254
1990 2218
1992 2275
1994 2216
1996 2217
1998 2254
2000 4403
