2 115
4 104
6 103
8 101
10 100
12 100
14 101
16 110
18 109
20 125
22 109
24 109
26 109
28 109
30 109
32 138
34 160
36 138
38 137
40 137
42 137
44 138
46 141
48 142
50 142
52 207
54 157
56 178
58 142
60 141
62 193
64 206
66 204
68 206
70 224
72 206
74 206
76 206
78 206
80 206
82 206
84 206
86 206
88 206
90 206
92 205
94 299
96 206
98 206
100 206
102 206
104 206
106 206
108 206
110 245
112 206
114 206
116 206
118 206
120 206
122 206
124 206
126 337
128 337
130 337
132 374
134 358
136 337
138 337
140 337
142 337
144 337
146 337
148 358
150 338
152 337
154 338
156 337
158 338
160 338
162 338
164 337
166 338
168 337
170 338
172 337
174 337
176 377
178 337
180 415
182 516
184 337
186 337
188 337
190 424
192 412
194 374
196 374
198 374
200 415
202 410
204 338
206 387
208 337
210 373
212 393
214 388
216 373
218 375
220 392
222 375
224 337
226 409
228 337
230 337
232 337
234 337
236 337
238 347
240 347
242 348
244 346
246 346
248 346
250 627
252 626
254 626
256 627
258 626
260 626
262 626
264 626
266 626
268 626
270 626
272 623
274 626
276 626
278 626
280 609
282 610
284 682
286 609
288 608
290 609
292 608
294 608
296 608
298 619
300 594
302 593
304 593
306 630
308 593
310 593
312 593
314 594
316 593
318 593
320 633
322 594
324 594
326 594
328 594
330 593
332 593
334 593
336 593
338 593
340 594
342 593
344 593
346 593
348 593
350 593
352 593
354 592
356 593
358 593
360 592
362 594
364 593
366 593
368 665
370 713
372 593
374 593
376 593
378 593
380 593
382 630
384 593
386 665
388 593
390 593
392 593
394 593
396 593
398 594
400 593
402 593
404 593
406 593
408 630
410 594
412 666
414 594
416 593
418 665
420 593
422 593
424 592
426 592
428 593
430 684
432 593
434 594
436 591
438 594
440 593
442 593
444 593
446 594
448 593
450 593
452 593
454 594
456 592
458 593
460 593
462 593
464 630
466 594
468 593
470 593
472 593
474 593
476 636
478 593
480 593
482 592
484 592
486 593
488 592
490 593
492 592
494 593
496 594
498 630
500 1132
502 1131
504 1131
506 1131
508 1132
510 1131
512 1132
514 1131
516 1131
518 1168
520 1133
522 1132
524 1131
526 1131
528 1131
530 1132
532 1131
534 1133
536 1133
538 1132
540 1204
542 1214
544 1133
546 1133
548 1130
550 1131
552 1132
554 1168
556 1132
558 1131
560 1205
562 1129
564 1132
566 1131
568 1131
570 1131
572 1148
574 1218
576 1132
578 1130
580 1131
582 1129
584 1168
586 1132
588 1203
590 1131
592 1131
594 1128
596 1171
598 1205
600 1166
602 1129
604 1131
606 1131
608 1168
610 1131
612 1131
614 1130
616 1204
618 1133
620 1168
622 1207
624 1131
626 1131
628 1131
630 1210
632 1195
634 1131
636 1131
638 1131
640 1131
642 1131
644 1319
646 1131
648 1131
650 1131
652 1290
654 1131
656 1168
658 1131
660 1131
662 1216
664 1131
666 1132
668 1168
670 1207
672 1132
674 1134
676 1169
678 1131
680 1204
682 1131
684 1132
686 1131
688 1131
690 1132
692 1243
694 1132
696 1134
698 1204
700 1128
702 1131
704 1205
706 1133
708 1131
710 1131
712 1168
714 1133
716 1169
718 1132
720 1131
722 1131
724 1131
726 1203
728 1131
730 1131
732 1131
734 1167
736 1281
738 1131
740 1167
742 1131
744 1131
746 1131
748 1131
750 1218
752 1381
754 1254
756 1131
758 1131
760 1257
762 1207
764 1259
766 1161
768 1159
770 1161
772 1195
774 1163
776 1160
778 1161
780 1250
782 1161
784 1161
786 1220
788 1531
790 1164
792 1197
794 1162
796 1162
798 1242
800 1191
802 1129
804 1132
806 1151
808 1131
810 1167
812 1132
814 1129
816 1131
818 1131
820 1131
822 1169
824 1131
826 1131
828 1166
830 1131
832 1131
834 1170
836 1160
838 1161
840 1159
842 1160
844 1175
846 1132
848 1209
850 1132
852 1133
854 1133
856 1134
858 1167
860 1131
862 1131
864 1169
866 1170
868 1131
870 1147
872 1131
874 1131
876 1244
878 1132
880 1132
882 1148
884 1131
886 1132
888 1133
890 1133
892 1133
894 1188
896 1131
898 1210
900 1131
902 1131
904 1131
906 1168
908 1170
910 1131
912 1201
914 1131
916 1131
918 1187
920 1131
922 1131
924 1251
926 1131
928 1131
930 1169
932 1131
934 1132
936 1130
938 1130
940 1130
942 1285
944 1168
946 1131
948 1238
950 1163
952 1179
954 1197
956 1197
958 1182
960 1161
962 1161
964 1161
966 1196
968 1162
970 1161
972 1162
974 1199
976 1162
978 1237
980 1161
982 1162
984 1163
986 1332
988 1160
990 1160
992 1163
994 1161
996 1177
998 1162
1000 2336
1002 2279
1004 2386
1006 2270
1008 2274
1010 2271
1012 2271
1014 2315
1016 2288
1018 2294
1020 2217
1022 2252
1024 2253
1026 2217
1028 2290
1030 2213
1032 2253
1034 2216
1036 2216
1038 2287
1040 2216
1042 2254
1044 2274
1046 2215
1048 2252
1050 2253
1052 2456
1054 2218
1056 2281
1058 2275
1060 2275
1062 2216
1064 2217
1066 2217
1068 2438
1070 2237
1072 2306
1074 2274
1076 2274
1078 2275
1080 2275
1082 2309
1084 2261
1086 2292
1088 2253
1090 2216
1092 2215
1094 2253
1096 2215
1098 2294
1100 2275
1102 2253
1104 2292
1106 2218
1108 2216
1110 2330
1112 2218
1114 2290
1116 2215
1118 2447
1120 2374
1122 2276
1124 2306
1126 2252
1128 2217
1130 2213
1132 2252
1134 2214
1136 2216
1138 2328
1140 2217
1142 2216
1144 2216
1146 2218
1148 2369
1150 2218
1152 2219
1154 2214
1156 2217
1158 2616
1160 2217
1162 2276
1164 2355
1166 2274
1168 2304
1170 2276
1172 2272
1174 2277
1176 2232
1178 2216
1180 2260
1182 2216
1184 2216
1186 2217
1188 2293
1190 2219
1192 2215
1194 2366
1196 2213
1198 2290
1200 2278
1202 2275
1204 2268
1206 2329
1208 2217
1210 2216
1212 2212
1214 2216
1216 2216
1218 2376
1220 2219
1222 2219
1224 2222
1226 2376
1228 2253
1230 2251
1232 2252
1234 2453
1236 2217
1238 2252
1240 2245
1242 2289
1244 2252
1246 2289
1248 2217
1250 2254
1252 2219
1254 2219
1256 2213
1258 2256
1260 2219
1262 2291
1264 2253
1266 2216
1268 2216
1270 2254
1272 2216
1274 2216
1276 2326
1278 2216
1280 2216
1282 2291
1284 2217
1286 2295
1288 2258
1290 2218
1292 2407
1294 2218
1296 2219
1298 2218
1300 2216
1302 2292
1304 2361
1306 2331
1308 2253
1310 2253
1312 2216
1314 2327
1316 2256
1318 2216
1320 2252
1322 2218
1324 2253
1326 2216
1328 2217
1330 2219
1332 2219
1334 2265
1336 2216
1338 2217
1340 2329
1342 2219
1344 2219
1346 2429
1348 2276
1350 2339
1352 2337
1354 2331
1356 2313
1358 2309
1360 2255
1362 2217
1364 2327
1366 2213
1368 2304
1370 2253
1372 2217
1374 2218
1376 2255
1378 2216
1380 2213
1382 2218
1384 2255
1386 2218
1388 2437
1390 2339
1392 2219
1394 2255
1396 2258
1398 2293
1400 2251
1402 2328
1404 2372
1406 2252
1408 2275
1410 2272
1412 2252
1414 2328
1416 2218
1418 2217
1420 2217
1422 2214
1424 2253
1426 2218
1428 2216
1430 2216
1432 2218
1434 2327
1436 2219
1438 2267
1440 2325
1442 2292
1444 2217
1446 2255
1448 2591
1450 2477
1452 2316
1454 2274
1456 2273
1458 2279
1460 2355
1462 2351
1464 2252
1466 2219
1468 2219
1470 2317
1472 2216
1474 2216
1476 2295
1478 2216
1480 2216
1482 2217
1484 2289
1486 2216
1488 2216
1490 2313
1492 2217
1494 2251
1496 2213
1498 2213
1500 2219
1502 2218
1504 2329
1506 2253
1508 2217
1510 2252
1512 2218
1514 2217
1516 2324
1518 2323
1520 2216
1522 2291
1524 2215
1526 2215
1528 2217
1530 2217
1532 2329
1534 2216
1536 2215
1538 2215
1540 2217
1542 2253
1544 2217
1546 2217
1548 2291
1550 2216
1552 2213
1554 2253
1556 2216
1558 2217
1560 2214
1562 2216
1564 2216
1566 2219
1568 2333
1570 2214
1572 2217
1574 2251
1576 2291
1578 2216
1580 2256
1582 2385
1584 2219
1586 2276
1588 2275
1590 2387
1592 2254
1594 2216
1596 2293
1598 2218
1600 2404
1602 2284
1604 2485
1606 2275
1608 2275
1610 2275
1612 2277
1614 2276
1616 2271
1618 2317
1620 2217
1622 2251
1624 2253
1626 2217
1628 2218
1630 2254
1632 2293
1634 2218
1636 2254
1638 2290
1640 2413
1642 2320
1644 2274
1646 2312
1648 2213
1650 2213
1652 2216
1654 2214
1656 2216
1658 2251
1660 2215
1662 2252
1664 2212
1666 2253
1668 2255
1670 2250
1672 2216
1674 2324
1676 2216
1678 2256
1680 2297
1682 2253
1684 2217
1686 2282
1688 2331
1690 2219
1692 2295
1694 2219
1696 2253
1698 2491
1700 2285
1702 2312
1704 2321
1706 2298
1708 2218
1710 2217
1712 2218
1714 2217
1716 2216
1718 2216
1720 2216
1722 2216
1724 2216
1726 2443
1728 2217
1730 2325
1732 2295
1734 2219
1736 2219
1738 2798
1740 2445
1742 2276
1744 2274
1746 2298
1748 2217
1750 2238
1752 2275
1754 2349
1756 2349
1758 2217
1760 2384
1762 2249
1764 2217
1766 2328
1768 2292
1770 2218
1772 2219
1774 2297
1776 2308
1778 2214
1780 2252
1782 2217
1784 2214
1786 2311
1788 2214
1790 2214
1792 2292
1794 2217
1796 2216
1798 2216
1800 2219
1802 2219
1804 2219
1806 2304
1808 2216
1810 2290
1812 2253
1814 2254
1816 2217
1818 2288
1820 2292
1822 2214
1824 2253
1826 2218
1828 2216
1830 2252
1832 2213
1834 2213
1836 2215
1838 2217
1840 2213
1842 2216
1844 2216
1846 2291
1848 2216
1850 2290
1852 2365
1854 2213
1856 2291
1858 2218
1860 2217
1862 2327
1864 2220
1866 2219
1868 2239
1870 2389
1872 2216
1874 2292
1876 2318
1878 2217
1880 2217
1882 2216
1884 2293
1886 2213
1888 2309
1890 2291
1892 2552
1894 2501
1896 2278
1898 2369
1900 2239
1902 2218
1904 2360
1906 2293
1908 2217
1910 2354
1912 2253
1914 2217
1916 2308
1918 2252
1920 2215
1922 2217
1924 2269
1926 2217
1928 2238
1930 2291
1932 2217
1934 2217
1936 2287
1938 2216
1940 2289
1942 2276
1944 2217
1946 2216
1948 2216
1950 2215
1952 2216
1954 2215
1956 2216
1958 2213
1960 2213
1962 2285
1964 2287
1966 2322
1968 2328
1970 2216
1972 2256
1974 2373
1976 2216
1978 2213
1980 2273
1982 2219
1984 2218
1986 2598
1988 2217
1990 2213
1992 2499
1994 2713
1996 2274
1998 2346
2000 4547
