2 128
4 116
6 116
8 113
10 112
12 112
14 112
16 122
18 122
20 122
22 122
24 122
26 121
28 122
30 121
32 167
34 138
36 138
38 138
40 138
42 138
44 138
46 158
48 142
50 142
52 142
54 141
56 141
58 141
60 141
62 174
64 206
66 206
68 206
70 205
72 206
74 206
76 206
78 206
80 207
82 206
84 207
86 244
88 206
90 206
92 206
94 206
96 206
98 206
100 206
102 206
104 206
106 201
108 201
110 201
112 199
114 200
116 200
118 200
120 274
122 200
124 201
126 329
128 329
130 328
132 329
134 328
136 328
138 328
140 337
142 337
144 337
146 337
148 337
150 337
152 337
154 360
156 338
158 338
160 337
162 338
164 338
166 338
168 357
170 337
172 337
174 337
176 337
178 337
180 337
182 373
184 338
186 338
188 375
190 337
192 338
194 338
196 337
198 337
200 372
202 337
204 337
206 375
208 435
210 337
212 337
214 337
216 337
218 337
220 490
222 329
224 329
226 329
228 329
230 329
232 401
234 329
236 329
238 329
240 328
242 348
244 357
246 722
248 357
250 882
252 658
254 640
256 610
258 609
260 610
262 642
264 609
266 644
268 609
270 657
272 645
274 656
276 640
278 628
280 628
282 634
284 661
286 635
288 635
290 635
292 626
294 625
296 626
298 654
300 626
302 625
304 629
306 626
308 626
310 656
312 629
314 681
316 630
318 632
320 776
322 627
324 627
326 626
328 629
330 626
332 626
334 625
336 710
338 625
340 625
342 625
344 625
346 626
348 626
350 631
352 712
354 626
356 654
358 625
360 625
362 625
364 625
366 641
368 629
370 626
372 625
374 625
376 630
378 608
380 607
382 609
384 655
386 609
388 609
390 609
392 609
394 609
396 609
398 675
400 607
402 608
404 609
406 609
408 607
410 609
412 609
414 614
416 593
418 593
420 591
422 637
424 593
426 593
428 593
430 593
432 593
434 593
436 593
438 593
440 593
442 707
444 593
446 594
448 593
450 594
452 593
454 593
456 591
458 593
460 593
462 593
464 648
466 609
468 609
470 609
472 613
474 631
476 595
478 594
480 593
482 592
484 592
486 594
488 594
490 593
492 593
494 593
496 676
498 593
500 1131
502 1131
504 1161
506 1162
508 1157
510 1131
512 1130
514 1131
516 1153
518 1190
520 1177
522 1130
524 1131
526 1343
528 1173
530 1198
532 1162
534 1162
536 1164
538 1167
540 1131
542 1131
544 1239
546 1131
548 1130
550 1168
552 1211
554 1160
556 1171
558 1133
560 1131
562 1168
564 1131
566 1132
568 1131
570 1210
572 1184
574 1212
576 1133
578 1133
580 1134
582 1133
584 1216
586 1130
588 1130
590 1130
592 1131
594 1131
596 1131
598 1201
600 1167
602 1131
604 1132
606 1132
608 1133
610 1202
612 1133
614 1132
616 1204
618 1131
620 1132
622 1238
624 1133
626 1131
628 1131
630 1249
632 1131
634 1212
636 1131
638 1131
640 1216
642 1131
644 1131
646 1132
648 1133
650 1128
652 1442
654 1228
656 1131
658 1161
660 1161
662 1162
664 1161
666 1189
668 1286
670 1161
672 1259
674 1131
676 1131
678 1167
680 1131
682 1159
684 1132
686 1132
688 1223
690 1213
692 1161
694 1161
696 1160
698 1162
700 1164
702 1276
704 1131
706 1205
708 1131
710 1131
712 1168
714 1168
716 1131
718 1131
720 1207
722 1131
724 1131
726 1204
728 1131
730 1131
732 1130
734 1131
736 1130
738 1170
740 1213
742 1132
744 1192
746 1163
748 1205
750 1207
752 1133
754 1133
756 1130
758 1130
760 1130
762 1189
764 1131
766 1131
768 1131
770 1188
772 1131
774 1131
776 1131
778 1130
780 1131
782 1168
784 1168
786 1132
788 1130
790 1131
792 1167
794 1131
796 1168
798 1131
800 1132
802 1171
804 1131
806 1131
808 1132
810 1131
812 1203
814 1168
816 1249
818 1131
820 1319
822 1161
824 1162
826 1162
828 1164
830 1164
832 1227
834 1132
836 1132
838 1132
840 1204
842 1131
844 1248
846 1206
848 1130
850 1131
852 1189
854 1234
856 1163
858 1162
860 1162
862 1163
864 1159
866 1132
868 1131
870 1168
872 1131
874 1131
876 1131
878 1131
880 1168
882 1188
884 1172
886 1128
888 1132
890 1203
892 1130
894 1168
896 1131
898 1131
900 1206
902 1131
904 1168
906 1231
908 1131
910 1131
912 1167
914 1131
916 1130
918 1184
920 1163
922 1164
924 1165
926 1164
928 1185
930 1200
932 1161
934 1160
936 1160
938 1202
940 1161
942 1200
944 1162
946 1161
948 1200
950 1163
952 1158
954 1293
956 1131
958 1132
960 1133
962 1131
964 1294
966 1380
968 1132
970 1323
972 1242
974 1237
976 1208
978 1271
980 1161
982 1161
984 1222
986 1163
988 1163
990 1162
992 1162
994 1132
996 1133
998 1129
1000 2281
1002 2217
1004 2219
1006 2250
1008 2252
1010 2297
1012 2473
1014 2217
1016 2216
1018 2251
1020 2216
1022 2216
1024 2327
1026 2217
1028 2216
1030 2217
1032 2290
1034 2214
1036 2216
1038 2218
1040 2216
1042 2370
1044 2273
1046 2216
1048 2405
1050 2253
1052 2253
1054 2215
1056 2290
1058 2216
1060 2217
1062 2297
1064 2214
1066 2329
1068 2252
1070 2217
1072 2296
1074 2325
1076 2217
1078 2214
1080 2215
1082 2216
1084 2215
1086 2216
1088 2216
1090 2217
1092 2215
1094 2289
1096 2217
1098 2294
1100 2218
1102 2337
1104 2708
1106 2305
1108 2275
1110 2401
1112 2392
1114 2275
1116 2275
1118 2303
1120 2370
1122 2342
1124 2217
1126 2261
1128 2324
1130 2255
1132 2308
1134 2215
1136 2255
1138 2218
1140 2219
1142 2215
1144 2331
1146 2277
1148 2289
1150 2268
1152 2219
1154 2379
1156 2217
1158 2217
1160 2291
1162 2217
1164 2214
1166 2327
1168 2219
1170 2219
1172 2255
1174 2217
1176 2212
1178 2216
1180 2325
1182 2255
1184 2216
1186 2215
1188 2218
1190 2213
1192 2323
1194 2361
1196 2217
1198 2251
1200 2215
1202 2213
1204 2298
1206 2217
1208 2250
1210 2254
1212 2214
1214 2366
1216 2255
1218 2290
1220 2216
1222 2293
1224 2292
1226 2219
1228 2257
1230 2646
1232 2334
1234 2274
1236 2275
1238 2275
1240 2272
1242 2311
1244 2277
1246 2272
1248 2253
1250 2217
1252 2218
1254 2291
1256 2288
1258 2218
1260 2253
1262 2217
1264 2217
1266 2326
1268 2216
1270 2218
1272 2293
1274 2213
1276 2217
1278 2215
1280 2216
1282 2292
1284 2219
1286 2216
1288 2213
1290 2287
1292 2322
1294 2309
1296 2219
1298 2252
1300 2216
1302 2216
1304 2300
1306 2217
1308 2216
1310 2255
1312 2216
1314 2331
1316 2265
1318 2217
1320 2216
1322 2252
1324 2254
1326 2216
1328 2213
1330 2251
1332 2327
1334 2219
1336 2386
1338 2251
1340 2255
1342 2288
1344 2216
1346 2291
1348 2341
1350 2255
1352 2216
1354 2253
1356 2216
1358 2216
1360 2455
1362 2378
1364 2283
1366 2599
1368 2277
1370 2277
1372 2277
1374 2310
1376 2311
1378 2386
1380 2216
1382 2217
1384 2217
1386 2217
1388 2217
1390 2301
1392 2649
1394 2217
1396 2405
1398 2362
1400 2343
1402 2275
1404 2303
1406 2520
1408 2314
1410 2275
1412 2275
1414 2364
1416 2216
1418 2216
1420 2216
1422 2290
1424 2217
1426 2254
1428 2251
1430 2216
1432 2290
1434 2253
1436 2304
1438 2254
1440 2232
1442 2216
1444 2290
1446 2217
1448 2375
1450 2216
1452 2216
1454 2454
1456 2216
1458 2323
1460 2249
1462 2217
1464 2219
1466 2311
1468 2256
1470 2251
1472 2327
1474 2215
1476 2252
1478 2371
1480 2219
1482 2221
1484 2219
1486 2216
1488 2217
1490 2288
1492 2216
1494 2255
1496 2216
1498 2252
1500 2248
1502 2217
1504 2251
1506 2217
1508 2363
1510 2290
1512 2314
1514 2274
1516 2346
1518 2291
1520 2217
1522 2218
1524 2252
1526 2219
1528 2220
1530 2216
1532 2216
1534 2217
1536 2270
1538 2218
1540 2217
1542 2324
1544 2217
1546 2255
1548 2289
1550 2254
1552 2351
1554 2328
1556 2327
1558 2275
1560 2274
1562 2311
1564 2217
1566 2367
1568 2216
1570 2253
1572 2253
1574 2218
1576 2253
1578 2215
1580 2217
1582 2254
1584 2216
1586 2217
1588 2217
1590 2219
1592 2326
1594 2288
1596 2215
1598 2253
1600 2213
1602 2217
1604 2254
1606 2217
1608 2217
1610 2293
1612 2219
1614 2218
1616 2216
1618 2216
1620 2338
1622 2216
1624 2320
1626 2297
1628 2217
1630 2322
1632 2254
1634 2253
1636 2296
1638 2220
1640 2291
1642 2290
1644 2220
1646 2219
1648 2238
1650 2218
1652 2216
1654 2215
1656 2218
1658 2217
1660 2216
1662 2256
1664 2253
1666 2216
1668 2366
1670 2217
1672 2216
1674 2292
1676 2217
1678 2217
1680 2314
1682 2370
1684 2275
1686 2354
1688 2274
1690 2271
1692 2352
1694 2275
1696 2274
1698 2318
1700 2260
1702 2216
1704 2295
1706 2217
1708 2254
1710 2464
1712 2217
1714 2217
1716 2253
1718 2293
1720 2255
1722 2256
1724 2260
1726 2221
1728 2216
1730 2216
1732 2216
1734 2253
1736 2216
1738 2216
1740 2253
1742 2253
1744 2216
1746 2216
1748 2291
1750 2216
1752 2215
1754 2291
1756 2217
1758 2274
1760 2358
1762 2326
1764 2255
1766 2304
1768 2258
1770 2252
1772 2275
1774 2291
1776 2217
1778 2217
1780 2329
1782 2391
1784 2213
1786 2216
1788 2218
1790 2217
1792 2252
1794 2340
1796 2217
1798 2293
1800 2299
1802 2415
1804 2365
1806 2277
1808 2346
1810 2291
1812 2216
1814 2217
1816 2253
1818 2219
1820 2217
1822 2239
1824 2214
1826 2217
1828 2291
1830 2219
1832 2218
1834 2221
1836 2234
1838 2217
1840 2291
1842 2252
1844 2217
1846 2217
1848 2327
1850 2217
1852 2325
1854 2249
1856 2255
1858 2216
1860 2417
1862 2275
1864 2275
1866 2366
1868 2255
1870 2216
1872 2252
1874 2215
1876 2213
1878 2327
1880 2217
1882 2216
1884 2212
1886 2220
1888 2219
1890 2216
1892 2219
1894 2216
1896 2290
1898 2251
1900 2349
1902 2216
1904 2251
1906 2287
1908 2215
1910 2251
1912 2360
1914 2283
1916 2253
1918 2218
1920 2215
1922 2290
1924 2300
1926 2259
1928 2239
1930 2215
1932 2215
1934 2216
1936 2217
1938 2255
1940 2216
1942 2254
1944 2218
1946 2252
1948 2322
1950 2216
1952 2213
1954 2327
1956 2600
1958 2257
1960 2381
1962 2275
1964 2272
1966 2275
1968 2275
1970 2471
1972 2252
1974 2217
1976 2365
1978 2466
1980 2343
1982 2295
1984 2274
1986 2354
1988 2387
1990 2253
1992 2278
1994 2254
1996 2295
1998 2216
2000 4437
