2 145
4 130
6 130
8 128
10 126
12 126
14 126
16 138
18 137
20 137
22 137
24 137
26 137
28 137
30 137
32 174
34 174
36 174
38 174
40 197
42 154
44 177
46 154
48 154
50 153
52 152
54 153
56 153
58 154
60 153
62 188
64 224
66 224
68 224
70 223
72 224
74 224
76 224
78 223
80 223
82 224
84 224
86 224
88 223
90 224
92 224
94 224
96 224
98 236
100 201
102 201
104 201
106 201
108 201
110 201
112 201
114 201
116 200
118 201
120 201
122 202
124 200
126 365
128 328
130 328
132 328
134 328
136 329
138 329
140 355
142 481
144 440
146 413
148 413
150 337
152 337
154 337
156 337
158 337
160 337
162 337
164 337
166 337
168 337
170 337
172 388
174 337
176 339
178 337
180 337
182 337
184 337
186 337
188 337
190 337
192 337
194 337
196 337
198 376
200 338
202 382
204 338
206 337
208 337
210 432
212 337
214 337
216 337
218 337
220 337
222 345
224 328
226 328
228 328
230 328
232 405
234 328
236 329
238 329
240 328
242 328
244 328
246 329
248 328
250 643
252 668
254 593
256 592
258 632
260 609
262 592
264 593
266 613
268 593
270 592
272 592
274 744
276 591
278 731
280 630
282 594
284 593
286 593
288 593
290 592
292 593
294 593
296 595
298 593
300 593
302 631
304 594
306 591
308 668
310 593
312 592
314 593
316 594
318 593
320 593
322 593
324 610
326 593
328 593
330 593
332 591
334 593
336 594
338 593
340 593
342 593
344 593
346 594
348 593
350 593
352 593
354 593
356 678
358 593
360 593
362 592
364 593
366 592
368 593
370 594
372 594
374 594
376 594
378 594
380 594
382 630
384 593
386 593
388 630
390 593
392 593
394 594
396 593
398 593
400 593
402 665
404 592
406 593
408 593
410 629
412 593
414 594
416 593
418 593
420 593
422 593
424 593
426 593
428 593
430 593
432 629
434 594
436 593
438 593
440 592
442 593
444 593
446 593
448 594
450 594
452 593
454 593
456 593
458 593
460 592
462 661
464 594
466 593
468 631
470 593
472 593
474 612
476 593
478 593
480 593
482 666
484 591
486 593
488 593
490 593
492 594
494 593
496 784
498 592
500 1132
502 1169
504 1131
506 1132
508 1130
510 1169
512 1169
514 1131
516 1131
518 1132
520 1131
522 1167
524 1131
526 1132
528 1134
530 1133
532 1133
534 1210
536 1131
538 1131
540 1132
542 1131
544 1131
546 1205
548 1133
550 1134
552 1133
554 1131
556 1190
558 1168
560 1131
562 1132
564 1131
566 1131
568 1131
570 1167
572 1133
574 1131
576 1133
578 1132
580 1150
582 1168
584 1268
586 1130
588 1130
590 1194
592 1211
594 1243
596 1202
598 1162
600 1162
602 1164
604 1165
606 1204
608 1207
610 1161
612 1162
614 1162
616 1163
618 1198
620 1210
622 1162
624 1161
626 1162
628 1201
630 1198
632 1161
634 1401
636 1133
638 1324
640 1132
642 1295
644 1166
646 1234
648 1327
650 1323
652 1829
654 1245
656 1199
658 1299
660 1240
662 1196
664 1199
666 1257
668 1195
670 1199
672 1200
674 1192
676 1193
678 1252
680 1192
682 1225
684 1247
686 1214
688 1194
690 1193
692 1250
694 1191
696 1192
698 1197
700 1192
702 1196
704 1223
706 1193
708 1192
710 1192
712 1194
714 1290
716 1241
718 1201
720 1201
722 1202
724 1199
726 1196
728 1193
730 1193
732 1191
734 1193
736 1193
738 1193
740 1195
742 1193
744 1193
746 1163
748 1199
750 1161
752 1161
754 1161
756 1161
758 1199
760 1200
762 1201
764 1162
766 1167
768 1130
770 1204
772 1134
774 1133
776 1132
778 1133
780 1133
782 1170
784 1131
786 1442
788 1234
790 1200
792 1589
794 1478
796 1163
798 1162
800 1236
802 1161
804 1189
806 1235
808 1162
810 1261
812 1160
814 1161
816 1161
818 1151
820 1131
822 1206
824 1161
826 1202
828 1170
830 1131
832 1133
834 1131
836 1132
838 1169
840 1133
842 1134
844 1132
846 1129
848 1132
850 1169
852 1165
854 1208
856 1131
858 1197
860 1197
862 1198
864 1162
866 1211
868 1130
870 1131
872 1131
874 1169
876 1131
878 1131
880 1151
882 1131
884 1131
886 1242
888 1132
890 1131
892 1132
894 1131
896 1207
898 1217
900 1161
902 1131
904 1215
906 1171
908 1133
910 1304
912 1132
914 1131
916 1132
918 1132
920 1170
922 1131
924 1133
926 1161
928 1162
930 1160
932 1129
934 1133
936 1133
938 1133
940 1170
942 1131
944 1194
946 1163
948 1131
950 1133
952 1131
954 1132
956 1131
958 1161
960 1226
962 1133
964 1131
966 1169
968 1132
970 1131
972 1132
974 1131
976 1131
978 1131
980 1131
982 1159
984 1132
986 1133
988 1133
990 1133
992 1133
994 1133
996 1130
998 1129
1000 2326
1002 2253
1004 2292
1006 2216
1008 2255
1010 2216
1012 2217
1014 2217
1016 2218
1018 2300
1020 2214
1022 2293
1024 2217
1026 2216
1028 2254
1030 2216
1032 2327
1034 2288
1036 2219
1038 2219
1040 2220
1042 2218
1044 2216
1046 2291
1048 2216
1050 2216
1052 2215
1054 2291
1056 2217
1058 2216
1060 2329
1062 2219
1064 2333
1066 2328
1068 2279
1070 2320
1072 2352
1074 2278
1076 2315
1078 2349
1080 2275
1082 2315
1084 2353
1086 2277
1088 2323
1090 2439
1092 2488
1094 2472
1096 2349
1098 2273
1100 2311
1102 2275
1104 2274
1106 2274
1108 2317
1110 2220
1112 2219
1114 2254
1116 2220
1118 2219
1120 2219
1122 2370
1124 2217
1126 2216
1128 2456
1130 2332
1132 2263
1134 2276
1136 2310
1138 2242
1140 2251
1142 2219
1144 2329
1146 2297
1148 2291
1150 2216
1152 2251
1154 2253
1156 2216
1158 2252
1160 2216
1162 2216
1164 2253
1166 2219
1168 2329
1170 2459
1172 2694
1174 2472
1176 2375
1178 2278
1180 2275
1182 2314
1184 2357
1186 2351
1188 2344
1190 2277
1192 2274
1194 2369
1196 2217
1198 2216
1200 2296
1202 2217
1204 2216
1206 2294
1208 2294
1210 2216
1212 2339
1214 2266
1216 2358
1218 2295
1220 2215
1222 2216
1224 2253
1226 2219
1228 2219
1230 2216
1232 2216
1234 2215
1236 2305
1238 2253
1240 2217
1242 2216
1244 2216
1246 2293
1248 2231
1250 2288
1252 2218
1254 2293
1256 2213
1258 2218
1260 2254
1262 2253
1264 2217
1266 2288
1268 2219
1270 2220
1272 2219
1274 2215
1276 2216
1278 2215
1280 2270
1282 2216
1284 2215
1286 2251
1288 2217
1290 2250
1292 2253
1294 2333
1296 2216
1298 2254
1300 2216
1302 2216
1304 2217
1306 2216
1308 2334
1310 2333
1312 2216
1314 2258
1316 2294
1318 2216
1320 2213
1322 2332
1324 2218
1326 2217
1328 2291
1330 2216
1332 2216
1334 2314
1336 2290
1338 2216
1340 2292
1342 2216
1344 2217
1346 2217
1348 2216
1350 2254
1352 2251
1354 2216
1356 2215
1358 2253
1360 2216
1362 2291
1364 2448
1366 2213
1368 2426
1370 2270
1372 2274
1374 2295
1376 2216
1378 2291
1380 2297
1382 2213
1384 2214
1386 2217
1388 2252
1390 2218
1392 2216
1394 2214
1396 2216
1398 2216
1400 2217
1402 2218
1404 2218
1406 2368
1408 2293
1410 2290
1412 2219
1414 2217
1416 2252
1418 2213
1420 2291
1422 2326
1424 2212
1426 2255
1428 2250
1430 2212
1432 2214
1434 2289
1436 2213
1438 2254
1440 2212
1442 2216
1444 2214
1446 2214
1448 2367
1450 2212
1452 2213
1454 2288
1456 2213
1458 2253
1460 2251
1462 2320
1464 2403
1466 2340
1468 2334
1470 2313
1472 2245
1474 2451
1476 2259
1478 2275
1480 2365
1482 2277
1484 2277
1486 2277
1488 2292
1490 2256
1492 2250
1494 2255
1496 2255
1498 2570
1500 2274
1502 2278
1504 2274
1506 2275
1508 2274
1510 2254
1512 2393
1514 2249
1516 2213
1518 2220
1520 2406
1522 2213
1524 2294
1526 2221
1528 2217
1530 2213
1532 2216
1534 2212
1536 2213
1538 2216
1540 2328
1542 2213
1544 2253
1546 2251
1548 2213
1550 2214
1552 2403
1554 2213
1556 2213
1558 2212
1560 2213
1562 2216
1564 2213
1566 2215
1568 2253
1570 2213
1572 2286
1574 2213
1576 2213
1578 2292
1580 2214
1582 2214
1584 2289
1586 2212
1588 2212
1590 2252
1592 2327
1594 2249
1596 2215
1598 2215
1600 2216
1602 2216
1604 2328
1606 2216
1608 2216
1610 2290
1612 2216
1614 2214
1616 2363
1618 2216
1620 2290
1622 2218
1624 2212
1626 2217
1628 2219
1630 2216
1632 2216
1634 2217
1636 2287
1638 2217
1640 2254
1642 2399
1644 2217
1646 2216
1648 2292
1650 2216
1652 2216
1654 2215
1656 2216
1658 2478
1660 2215
1662 2235
1664 2217
1666 2255
1668 2252
1670 2295
1672 2216
1674 2252
1676 2214
1678 2215
1680 2328
1682 2213
1684 2216
1686 2780
1688 2425
1690 2275
1692 2275
1694 2326
1696 2219
1698 2291
1700 2213
1702 2251
1704 2254
1706 2212
1708 2213
1710 2329
1712 2212
1714 2215
1716 2288
1718 2506
1720 2384
1722 2271
1724 2230
1726 2326
1728 2213
1730 2364
1732 2255
1734 2213
1736 2250
1738 2292
1740 2251
1742 2288
1744 2218
1746 2215
1748 2250
1750 2218
1752 2574
1754 2381
1756 2253
1758 2409
1760 2411
1762 2216
1764 2347
1766 2303
1768 2360
1770 2217
1772 2255
1774 2292
1776 2214
1778 2289
1780 2307
1782 2213
1784 2212
1786 2290
1788 2213
1790 2251
1792 2328
1794 2212
1796 2212
1798 2241
1800 2232
1802 2216
1804 2252
1806 2292
1808 2212
1810 2212
1812 2287
1814 2300
1816 2212
1818 2286
1820 2220
1822 2213
1824 2214
1826 2216
1828 2251
1830 2216
1832 2216
1834 2298
1836 2212
1838 2344
1840 2213
1842 2288
1844 2252
1846 2288
1848 2214
1850 2312
1852 2213
1854 2219
1856 2219
1858 2216
1860 2274
1862 2213
1864 2212
1866 2252
1868 2287
1870 2253
1872 2218
1874 2250
1876 2250
1878 2214
1880 2213
1882 2326
1884 2214
1886 2213
1888 2291
1890 2345
1892 2275
1894 2318
1896 2263
1898 2254
1900 2219
1902 2305
1904 2212
1906 2213
1908 2248
1910 2213
1912 2213
1914 2250
1916 2290
1918 2212
1920 2249
1922 2389
1924 2214
1926 2326
1928 2212
1930 2221
1932 2213
1934 2252
1936 2215
1938 2216
1940 2289
1942 2216
1944 2214
1946 2308
1948 2213
1950 2213
1952 2329
1954 2285
1956 2218
1958 2361
1960 2237
1962 2214
1964 2326
1966 2216
1968 2232
1970 2252
1972 2296
1974 2212
1976 2291
1978 2276
1980 2312
1982 2354
1984 2299
1986 2275
1988 2478
1990 2275
1992 2314
1994 2275
1996 2274
1998 2348
2000 4452
