2 118
4 106
6 106
8 104
10 163
12 124
14 103
16 113
18 112
20 112
22 112
24 112
26 112
28 112
30 112
32 142
34 142
36 141
38 140
40 141
42 141
44 141
46 141
48 142
50 142
52 142
54 195
56 142
58 142
60 142
62 193
64 206
66 206
68 206
70 206
72 205
74 206
76 205
78 206
80 206
82 206
84 206
86 206
88 206
90 206
92 206
94 206
96 206
98 218
100 201
102 200
104 201
106 201
108 201
110 200
112 201
114 200
116 201
118 200
120 200
122 200
124 200
126 345
128 328
130 402
132 329
134 329
136 329
138 329
140 366
142 329
144 329
146 329
148 329
150 328
152 329
154 329
156 328
158 328
160 329
162 368
164 330
166 385
168 370
170 445
172 378
174 337
176 337
178 329
180 329
182 329
184 329
186 329
188 329
190 329
192 329
194 329
196 384
198 483
200 402
202 425
204 411
206 392
208 356
210 338
212 338
214 337
216 338
218 337
220 338
222 346
224 346
226 346
228 347
230 346
232 346
234 346
236 346
238 349
240 373
242 347
244 346
246 377
248 347
250 642
252 610
254 610
256 609
258 609
260 609
262 609
264 645
266 609
268 609
270 639
272 610
274 609
276 728
278 609
280 609
282 609
284 609
286 714
288 718
290 608
292 608
294 611
296 609
298 607
300 608
302 713
304 610
306 610
308 610
310 609
312 608
314 704
316 758
318 629
320 634
322 663
324 629
326 630
328 627
330 626
332 630
334 648
336 627
338 629
340 630
342 627
344 632
346 629
348 645
350 653
352 626
354 626
356 626
358 627
360 626
362 625
364 626
366 626
368 685
370 631
372 631
374 763
376 626
378 628
380 627
382 629
384 626
386 629
388 625
390 657
392 625
394 625
396 626
398 626
400 625
402 626
404 624
406 626
408 628
410 626
412 625
414 625
416 629
418 609
420 609
422 609
424 609
426 609
428 609
430 609
432 609
434 609
436 609
438 608
440 608
442 609
444 609
446 610
448 663
450 679
452 629
454 609
456 640
458 609
460 611
462 593
464 594
466 593
468 593
470 664
472 665
474 593
476 717
478 592
480 631
482 594
484 595
486 594
488 594
490 594
492 594
494 593
496 593
498 609
500 1210
502 1161
504 1171
506 1132
508 1213
510 1131
512 1133
514 1132
516 1131
518 1131
520 1207
522 1131
524 1133
526 1131
528 1131
530 1208
532 1167
534 1132
536 1131
538 1740
540 1291
542 1192
544 1130
546 1131
548 1206
550 1161
552 1189
554 1177
556 1160
558 1162
560 1186
562 1173
564 1274
566 1200
568 1211
570 1168
572 1163
574 1163
576 1161
578 1278
580 1169
582 1171
584 1131
586 1131
588 1131
590 1167
592 1130
594 1131
596 1206
598 1132
600 1133
602 1209
604 1132
606 1134
608 1200
610 1236
612 1148
614 1158
616 1163
618 1159
620 1158
622 1161
624 1168
626 1132
628 1133
630 1159
632 1150
634 1131
636 1204
638 1133
640 1130
642 1130
644 1168
646 1129
648 1202
650 1133
652 1130
654 1130
656 1208
658 1131
660 1194
662 1131
664 1132
666 1129
668 1166
670 1132
672 1251
674 1129
676 1131
678 1131
680 1129
682 1206
684 1128
686 1131
688 1133
690 1202
692 1130
694 1202
696 1129
698 1131
700 1131
702 1131
704 1203
706 1167
708 1129
710 1132
712 1132
714 1130
716 1132
718 1259
720 1131
722 1211
724 1129
726 1209
728 1132
730 1167
732 1131
734 1131
736 1207
738 1133
740 1133
742 1170
744 1242
746 1131
748 1130
750 1130
752 1130
754 1202
756 1129
758 1169
760 1131
762 1129
764 1129
766 1204
768 1132
770 1133
772 1131
774 1132
776 1132
778 1169
780 1209
782 1132
784 1132
786 1207
788 1131
790 1168
792 1263
794 1205
796 1165
798 1164
800 1229
802 1160
804 1160
806 1160
808 1160
810 1190
812 1161
814 1162
816 1161
818 1156
820 1169
822 1170
824 1133
826 1208
828 1129
830 1131
832 1212
834 1207
836 1132
838 1131
840 1131
842 1131
844 1131
846 1167
848 1131
850 1131
852 1131
854 1131
856 1131
858 1133
860 1133
862 1254
864 1133
866 1247
868 1132
870 1176
872 1132
874 1131
876 1132
878 1427
880 1196
882 1151
884 1163
886 1162
888 1284
890 1162
892 1220
894 1161
896 1161
898 1160
900 1159
902 1163
904 1238
906 1130
908 1257
910 1132
912 1131
914 1196
916 1165
918 1158
920 1162
922 1162
924 1162
926 1168
928 1168
930 1171
932 1131
934 1131
936 1131
938 1168
940 1134
942 1206
944 1130
946 1133
948 1133
950 1187
952 1132
954 1132
956 1131
958 1298
960 1265
962 1170
964 1161
966 1159
968 1229
970 1161
972 1160
974 1161
976 1160
978 1161
980 1160
982 1197
984 1162
986 1198
988 1161
990 1152
992 1130
994 1131
996 1131
998 1167
1000 2332
1002 2218
1004 3213
1006 2287
1008 2314
1010 2348
1012 2312
1014 2218
1016 2324
1018 2313
1020 2276
1022 2310
1024 2327
1026 2280
1028 2277
1030 2276
1032 2619
1034 2401
1036 2347
1038 2275
1040 2290
1042 2274
1044 2266
1046 2254
1048 2256
1050 2251
1052 2255
1054 2218
1056 2216
1058 2251
1060 2254
1062 2296
1064 2274
1066 2355
1068 2219
1070 2289
1072 2220
1074 2284
1076 2290
1078 2216
1080 2217
1082 2217
1084 2333
1086 2252
1088 2269
1090 2219
1092 2219
1094 2215
1096 2238
1098 2251
1100 2219
1102 2288
1104 2256
1106 2218
1108 2290
1110 2218
1112 2217
1114 2328
1116 2218
1118 2261
1120 2253
1122 2215
1124 2217
1126 2215
1128 2216
1130 2216
1132 2293
1134 2216
1136 2216
1138 2215
1140 2254
1142 2217
1144 2310
1146 2332
1148 2213
1150 2327
1152 2256
1154 2288
1156 2253
1158 2255
1160 2214
1162 2288
1164 2217
1166 2216
1168 2383
1170 2217
1172 2216
1174 2213
1176 2218
1178 2253
1180 2212
1182 2291
1184 2252
1186 2217
1188 2251
1190 2289
1192 2255
1194 2293
1196 2255
1198 2253
1200 2217
1202 2386
1204 2298
1206 2217
1208 2291
1210 2215
1212 2217
1214 2254
1216 2218
1218 2325
1220 2254
1222 2662
1224 2311
1226 2396
1228 2379
1230 2275
1232 2276
1234 2243
1236 2389
1238 2297
1240 2216
1242 2253
1244 2255
1246 2326
1248 2250
1250 2216
1252 2252
1254 2219
1256 2219
1258 2253
1260 2362
1262 2248
1264 2274
1266 2268
1268 2216
1270 2329
1272 2218
1274 2331
1276 2255
1278 2217
1280 2216
1282 2218
1284 2289
1286 2217
1288 2254
1290 2254
1292 2216
1294 2218
1296 2294
1298 2217
1300 2252
1302 2216
1304 2252
1306 2216
1308 2252
1310 2218
1312 2262
1314 2216
1316 2254
1318 2215
1320 2325
1322 2252
1324 2216
1326 2330
1328 2292
1330 2217
1332 2290
1334 2256
1336 2217
1338 2218
1340 2296
1342 2253
1344 2216
1346 2251
1348 2334
1350 2610
1352 2610
1354 2384
1356 2362
1358 2360
1360 2348
1362 2342
1364 2293
1366 2278
1368 2278
1370 2219
1372 2219
1374 2289
1376 2249
1378 2219
1380 2251
1382 2213
1384 2251
1386 2304
1388 2216
1390 2216
1392 2219
1394 2219
1396 2213
1398 2217
1400 2250
1402 2215
1404 2217
1406 2331
1408 2256
1410 2212
1412 2254
1414 2298
1416 2219
1418 2329
1420 2220
1422 2219
1424 2217
1426 2467
1428 2381
1430 2216
1432 2292
1434 2446
1436 2213
1438 2216
1440 2325
1442 2304
1444 2215
1446 2291
1448 2311
1450 2295
1452 2216
1454 2298
1456 2289
1458 2216
1460 2290
1462 2253
1464 2214
1466 2219
1468 2254
1470 2255
1472 2214
1474 2331
1476 2216
1478 2216
1480 2253
1482 2214
1484 2216
1486 2257
1488 2255
1490 2217
1492 2217
1494 2273
1496 2330
1498 2252
1500 2290
1502 2216
1504 2254
1506 2677
1508 2372
1510 2363
1512 2271
1514 2312
1516 2271
1518 2267
1520 2344
1522 2370
1524 2250
1526 2218
1528 2256
1530 2347
1532 2219
1534 2216
1536 2361
1538 2216
1540 2212
1542 2253
1544 2214
1546 2255
1548 2216
1550 2293
1552 2253
1554 2251
1556 2216
1558 2216
1560 2290
1562 2253
1564 2215
1566 2288
1568 2327
1570 2216
1572 2217
1574 2253
1576 2212
1578 2216
1580 2254
1582 2290
1584 2216
1586 2406
1588 2237
1590 2216
1592 2216
1594 2217
1596 2212
1598 2295
1600 2274
1602 2254
1604 2216
1606 2252
1608 2216
1610 2214
1612 2288
1614 2215
1616 2252
1618 2291
1620 2216
1622 2294
1624 2216
1626 2253
1628 2253
1630 2217
1632 2217
1634 2216
1636 2326
1638 2216
1640 2255
1642 2219
1644 2288
1646 2358
1648 2214
1650 2252
1652 2291
1654 2217
1656 2253
1658 2253
1660 2252
1662 2294
1664 2218
1666 2293
1668 2219
1670 2219
1672 2219
1674 2291
1676 2219
1678 2219
1680 2323
1682 2213
1684 2216
1686 2254
1688 2252
1690 2215
1692 2289
1694 2303
1696 2216
1698 2254
1700 2285
1702 2215
1704 2290
1706 2327
1708 2216
1710 2218
1712 2397
1714 2216
1716 2216
1718 2293
1720 2217
1722 2273
1724 2232
1726 2253
1728 2289
1730 2216
1732 2217
1734 2216
1736 2213
1738 2257
1740 2216
1742 2274
1744 2323
1746 2216
1748 2213
1750 2290
1752 2218
1754 2253
1756 2293
1758 2217
1760 2216
1762 2255
1764 2215
1766 2216
1768 2254
1770 2287
1772 2216
1774 2253
1776 2219
1778 2219
1780 2213
1782 2218
1784 2219
1786 2217
1788 2396
1790 2275
1792 2271
1794 2678
1796 2490
1798 2319
1800 2275
1802 2274
1804 2303
1806 2270
1808 2275
1810 2333
1812 2331
1814 2217
1816 2299
1818 2256
1820 2254
1822 2217
1824 2220
1826 2293
1828 2216
1830 2255
1832 2216
1834 2217
1836 2254
1838 2241
1840 2217
1842 2252
1844 2299
1846 2254
1848 2270
1850 2216
1852 2217
1854 2253
1856 2291
1858 2218
1860 2217
1862 2236
1864 2295
1866 2292
1868 2334
1870 2275
1872 2216
1874 2423
1876 2451
1878 2274
1880 2351
1882 2274
1884 2279
1886 2295
1888 2216
1890 2252
1892 2327
1894 2213
1896 2401
1898 2256
1900 2218
1902 2216
1904 2417
1906 2216
1908 2254
1910 2255
1912 2216
1914 2286
1916 2215
1918 2324
1920 2213
1922 2256
1924 2254
1926 2212
1928 2216
1930 2295
1932 2217
1934 2316
1936 2305
1938 2252
1940 2253
1942 2216
1944 2217
1946 2217
1948 2217
1950 2234
1952 2217
1954 2217
1956 2296
1958 2214
1960 2216
1962 2253
1964 2212
1966 2287
1968 2326
1970 2212
1972 2250
1974 2254
1976 2216
1978 2216
1980 2218
1982 2322
1984 2219
1986 2217
1988 2288
1990 2217
1992 2216
1994 2328
1996 2219
1998 2289
2000 4434
