2 528
4 485
6 479
8 469
10 423
12 470
14 428
16 406
18 410
20 401
22 341
24 405
26 418
28 382
30 340
32 344
34 341
36 259
38 257
40 258
42 257
44 257
46 256
48 255
50 253
52 254
54 254
56 252
58 253
60 254
62 225
64 239
66 239
68 237
70 235
72 234
74 233
76 233
78 236
80 233
82 234
84 233
86 234
88 232
90 233
92 236
94 242
96 226
98 205
100 208
102 206
104 207
106 206
108 207
110 207
112 209
114 206
116 206
118 206
120 206
122 206
124 206
126 264
128 264
130 263
132 283
134 264
136 263
138 262
140 262
142 261
144 243
146 242
148 285
150 241
152 279
154 242
156 242
158 281
160 242
162 242
164 243
166 245
168 241
170 242
172 319
174 242
176 244
178 242
180 282
182 241
184 247
186 245
188 243
190 244
192 242
194 279
196 242
198 275
200 259
202 595
204 354
206 260
208 259
210 246
212 242
214 242
216 242
218 243
220 243
222 243
224 242
226 241
228 242
230 287
232 281
234 311
236 256
238 279
240 242
242 242
244 242
246 242
248 242
250 378
252 395
254 386
256 380
258 377
260 382
262 381
264 376
266 381
268 377
270 375
272 378
274 377
276 376
278 375
280 376
282 376
284 375
286 375
288 376
290 378
292 376
294 375
296 376
298 365
300 365
302 366
304 365
306 386
308 365
310 366
312 365
314 365
316 376
318 356
320 356
322 356
324 356
326 435
328 358
330 356
332 356
334 356
336 356
338 356
340 356
342 356
344 356
346 356
348 355
350 355
352 355
354 356
356 356
358 356
360 356
362 356
364 356
366 356
368 357
370 366
372 365
374 357
376 356
378 356
380 356
382 356
384 356
386 356
388 355
390 356
392 356
394 356
396 356
398 356
400 356
402 356
404 356
406 358
408 356
410 356
412 368
414 367
416 357
418 357
420 357
422 356
424 356
426 356
428 356
430 356
432 356
434 356
436 356
438 356
440 356
442 356
444 394
446 356
448 356
450 358
452 356
454 418
456 356
458 356
460 356
462 365
464 366
466 356
468 357
470 357
472 356
474 356
476 356
478 357
480 356
482 356
484 395
486 356
488 356
490 356
492 356
494 356
496 356
498 356
500 607
502 607
504 607
506 607
508 606
510 670
512 633
514 606
516 678
518 607
520 607
522 713
524 606
526 606
528 606
530 679
532 606
534 643
536 606
538 606
540 606
542 606
544 606
546 678
548 622
550 607
552 607
554 606
556 606
558 644
560 606
562 606
564 606
566 605
568 606
570 716
572 606
574 607
576 661
578 634
580 607
582 644
584 679
586 787
588 642
590 607
592 606
594 709
596 608
598 607
600 622
602 605
604 606
606 642
608 690
610 608
612 608
614 607
616 607
618 719
620 606
622 606
624 606
626 606
628 606
630 680
632 608
634 607
636 606
638 607
640 607
642 609
644 609
646 608
648 608
650 607
652 609
654 606
656 606
658 606
660 606
662 606
664 606
666 606
668 646
670 623
672 623
674 624
676 622
678 622
680 622
682 605
684 606
686 606
688 606
690 608
692 607
694 607
696 607
698 607
700 607
702 606
704 606
706 606
708 606
710 607
712 606
714 606
716 606
718 606
720 606
722 608
724 607
726 606
728 606
730 605
732 606
734 606
736 606
738 606
740 606
742 606
744 607
746 696
748 606
750 607
752 606
754 608
756 606
758 606
760 606
762 606
764 626
766 608
768 607
770 607
772 606
774 712
776 605
778 606
780 606
782 606
784 606
786 643
788 608
790 607
792 607
794 606
796 606
798 643
800 606
802 606
804 606
806 606
808 606
810 607
812 606
814 606
816 606
818 606
820 684
822 747
824 709
826 715
828 622
830 624
832 625
834 623
836 622
838 622
840 691
842 623
844 668
846 606
848 606
850 606
852 713
854 606
856 681
858 607
860 787
862 608
864 606
866 607
868 680
870 606
872 606
874 605
876 647
878 607
880 642
882 646
884 607
886 606
888 682
890 606
892 643
894 607
896 606
898 606
900 682
902 671
904 606
906 606
908 606
910 606
912 623
914 607
916 677
918 606
920 606
922 607
924 623
926 623
928 660
930 624
932 622
934 623
936 622
938 623
940 623
942 622
944 622
946 623
948 623
950 622
952 623
954 623
956 623
958 623
960 623
962 681
964 623
966 694
968 622
970 692
972 699
974 731
976 621
978 622
980 622
982 622
984 621
986 606
988 605
990 606
992 605
994 606
996 713
998 606
1000 1147
1002 1146
1004 1147
1006 1147
1008 1146
1010 1221
1012 1144
1014 1144
1016 1181
1018 1144
1020 1144
1022 1145
1024 1145
1026 1144
1028 1166
1030 1165
1032 1232
1034 1194
1036 1235
1038 1235
1040 1197
1042 1197
1044 1164
1046 1183
1048 1163
1050 1271
1052 1181
1054 1162
1056 1162
1058 1162
1060 1200
1062 1162
1064 1181
1066 1236
1068 1162
1070 1163
1072 1199
1074 1160
1076 1161
1078 1199
1080 1161
1082 1166
1084 1165
1086 1164
1088 1163
1090 1163
1092 1163
1094 1163
1096 1163
1098 1165
1100 1163
1102 1164
1104 1482
1106 1237
1108 1166
1110 1163
1112 1222
1114 1194
1116 1193
1118 1229
1120 1194
1122 1189
1124 1417
1126 1167
1128 1248
1130 1194
1132 1194
1134 1199
1136 1163
1138 1163
1140 1242
1142 1162
1144 1161
1146 1199
1148 1163
1150 1162
1152 1247
1154 1201
1156 1162
1158 1200
1160 1164
1162 1163
1164 1202
1166 1162
1168 1162
1170 1162
1172 1162
1174 1161
1176 1203
1178 1162
1180 1192
1182 1193
1184 1193
1186 1235
1188 1162
1190 1447
1192 1309
1194 1198
1196 1195
1198 1447
1200 1197
1202 1196
1204 1224
1206 1204
1208 1165
1210 1166
1212 1163
1214 1163
1216 1366
1218 1195
1220 1194
1222 1231
1224 1164
1226 1165
1228 1234
1230 1388
1232 1162
1234 1162
1236 1249
1238 1199
1240 1163
1242 1161
1244 1198
1246 1163
1248 1163
1250 1163
1252 1161
1254 1239
1256 1162
1258 1163
1260 1164
1262 1163
1264 1162
1266 1162
1268 1240
1270 1162
1272 1163
1274 1162
1276 1199
1278 1163
1280 1163
1282 1163
1284 1161
1286 1161
1288 1161
1290 1161
1292 1162
1294 1162
1296 1162
1298 1161
1300 1161
1302 1163
1304 1162
1306 1199
1308 1268
1310 1161
1312 1236
1314 1198
1316 1198
1318 1337
1320 1252
1322 1277
1324 1203
1326 1237
1328 1266
1330 1196
1332 1269
1334 1196
1336 1194
1338 1235
1340 1162
1342 1162
1344 1199
1346 1163
1348 1162
1350 1164
1352 1163
1354 1164
1356 1164
1358 1164
1360 1162
1362 1200
1364 1162
1366 1162
1368 1183
1370 1161
1372 1162
1374 1238
1376 1161
1378 1161
1380 1161
1382 1198
1384 1161
1386 1162
1388 1259
1390 1162
1392 1162
1394 1161
1396 1161
1398 1161
1400 1162
1402 1161
1404 1161
1406 1236
1408 1162
1410 1163
1412 1163
1414 1234
1416 1163
1418 1163
1420 1239
1422 1162
1424 1161
1426 1181
1428 1162
1430 1161
1432 1162
1434 1162
1436 1238
1438 1162
1440 1162
1442 1163
1444 1162
1446 1162
1448 1163
1450 1163
1452 1179
1454 1161
1456 1198
1458 1202
1460 1163
1462 1161
1464 1240
1466 1163
1468 1162
1470 1235
1472 1162
1474 1161
1476 1162
1478 1284
1480 1162
1482 1192
1484 1302
1486 1363
1488 1244
1490 1192
1492 1162
1494 1162
1496 1294
1498 1195
1500 1235
1502 1194
1504 1163
1506 1200
1508 1163
1510 1164
1512 1204
1514 1163
1516 1162
1518 1162
1520 1250
1522 1393
1524 1272
1526 1193
1528 1162
1530 1162
1532 1162
1534 1162
1536 1199
1538 1164
1540 1164
1542 1162
1544 1219
1546 1162
1548 1162
1550 1194
1552 1194
1554 1193
1556 1199
1558 1163
1560 1161
1562 1161
1564 1162
1566 1161
1568 1161
1570 1161
1572 1161
1574 1161
1576 1161
1578 1161
1580 1162
1582 1162
1584 1162
1586 1162
1588 1271
1590 1162
1592 1162
1594 1162
1596 1183
1598 1123
1600 1192
1602 1121
1604 1121
1606 1119
1608 1118
1610 1120
1612 1118
1614 1118
1616 1120
1618 1118
1620 1238
1622 1120
1624 1119
1626 1232
1628 1120
1630 1119
1632 1119
1634 1118
1636 1118
1638 1120
1640 1251
1642 1148
1644 1147
1646 1147
1648 1147
1650 1148
1652 1221
1654 1118
1656 1118
1658 1118
1660 1118
1662 1119
1664 1197
1666 1118
1668 1121
1670 1118
1672 1119
1674 1120
1676 1149
1678 1147
1680 1147
1682 1148
1684 1147
1686 1147
1688 1119
1690 1228
1692 1118
1694 1189
1696 1119
1698 1117
1700 1198
1702 1282
1704 1145
1706 1150
1708 1150
1710 1236
1712 1305
1714 1235
1716 1151
1718 1178
1720 1182
1722 1118
1724 1119
1726 1119
1728 1119
1730 1218
1732 1121
1734 1121
1736 1122
1738 1120
1740 1119
1742 1120
1744 1120
1746 1154
1748 1120
1750 1118
1752 1118
1754 1117
1756 1117
1758 1191
1760 1118
1762 1153
1764 1367
1766 1151
1768 1150
1770 1149
1772 1284
1774 1237
1776 1121
1778 1122
1780 1150
1782 1178
1784 1123
1786 1200
1788 1122
1790 1150
1792 1186
1794 1151
1796 1119
1798 1119
1800 1119
1802 1118
1804 1118
1806 1154
1808 1194
1810 1118
1812 1118
1814 1154
1816 1361
1818 1148
1820 1151
1822 1154
1824 1121
1826 1121
1828 1119
1830 1119
1832 1119
1834 1119
1836 1119
1838 1119
1840 1119
1842 1119
1844 1175
1846 1156
1848 1119
1850 1119
1852 1154
1854 1119
1856 1119
1858 1118
1860 1123
1862 1122
1864 1122
1866 1119
1868 1119
1870 1119
1872 1121
1874 1120
1876 1121
1878 1120
1880 1120
1882 1121
1884 1163
1886 1118
1888 1118
1890 1195
1892 1118
1894 1117
1896 1137
1898 1137
1900 1118
1902 1118
1904 1118
1906 1176
1908 1155
1910 1118
1912 1118
1914 1118
1916 1154
1918 1118
1920 1224
1922 1315
1924 1122
1926 1120
1928 1142
1930 1308
1932 1119
1934 1218
1936 1173
1938 1155
1940 1120
1942 1118
1944 1123
1946 1121
1948 1121
1950 1120
1952 1118
1954 1250
1956 1249
1958 1154
1960 1151
1962 1150
1964 1150
1966 1247
1968 1151
1970 1151
1972 1151
1974 1119
1976 1120
1978 1120
1980 1119
1982 1118
1984 1123
1986 1122
1988 1121
1990 1156
1992 1119
1994 1121
1996 1186
1998 1119
2000 2198
