2 242
4 227
6 219
8 206
10 206
12 203
14 203
16 194
18 194
20 192
22 191
24 190
26 190
28 190
30 190
32 190
34 190
36 188
38 188
40 186
42 186
44 211
46 188
48 189
50 174
52 175
54 172
56 174
58 171
60 172
62 183
64 192
66 195
68 194
70 189
72 190
74 191
76 193
78 192
80 193
82 192
84 193
86 193
88 208
90 190
92 189
94 188
96 189
98 189
100 189
102 189
104 189
106 189
108 189
110 189
112 189
114 188
116 189
118 188
120 232
122 189
124 189
126 245
128 245
130 243
132 243
134 242
136 244
138 243
140 243
142 243
144 282
146 243
148 242
150 242
152 243
154 243
156 243
158 243
160 243
162 243
164 279
166 242
168 242
170 242
172 242
174 336
176 357
178 242
180 242
182 243
184 242
186 242
188 304
190 243
192 242
194 243
196 243
198 242
200 242
202 243
204 243
206 242
208 242
210 267
212 243
214 243
216 245
218 243
220 242
222 242
224 242
226 243
228 242
230 243
232 243
234 242
236 242
238 242
240 242
242 243
244 243
246 242
248 242
250 366
252 365
254 365
256 364
258 365
260 365
262 355
264 355
266 354
268 355
270 354
272 375
274 355
276 355
278 355
280 356
282 354
284 354
286 356
288 355
290 358
292 355
294 355
296 355
298 355
300 391
302 355
304 355
306 355
308 356
310 355
312 355
314 355
316 464
318 355
320 355
322 355
324 355
326 355
328 355
330 355
332 355
334 354
336 356
338 355
340 355
342 356
344 355
346 355
348 355
350 355
352 355
354 356
356 355
358 356
360 355
362 355
364 357
366 355
368 372
370 356
372 355
374 355
376 438
378 411
380 356
382 355
384 355
386 355
388 451
390 355
392 356
394 355
396 355
398 355
400 356
402 354
404 355
406 355
408 354
410 355
412 356
414 355
416 356
418 355
420 356
422 433
424 356
426 356
428 392
430 355
432 356
434 355
436 356
438 393
440 356
442 355
444 356
446 394
448 355
450 355
452 355
454 355
456 355
458 355
460 355
462 355
464 355
466 355
468 355
470 355
472 355
474 355
476 475
478 357
480 356
482 356
484 355
486 358
488 357
490 356
492 416
494 458
496 451
498 424
500 644
502 724
504 658
506 707
508 658
510 655
512 655
514 659
516 681
518 656
520 656
522 657
524 662
526 696
528 658
530 656
532 660
534 660
536 655
538 654
540 655
542 654
544 654
546 654
548 654
550 656
552 654
554 654
556 653
558 655
560 653
562 654
564 655
566 654
568 654
570 658
572 654
574 654
576 654
578 686
580 698
582 725
584 656
586 655
588 655
590 657
592 655
594 656
596 655
598 654
600 657
602 655
604 669
606 654
608 654
610 654
612 654
614 654
616 672
618 636
620 636
622 636
624 635
626 636
628 671
630 797
632 620
634 621
636 620
638 641
640 636
642 636
644 636
646 636
648 674
650 676
652 657
654 639
656 675
658 720
660 653
662 653
664 653
666 653
668 653
670 716
672 843
674 655
676 660
678 653
680 653
682 652
684 653
686 656
688 656
690 638
692 637
694 638
696 637
698 674
700 673
702 677
704 637
706 673
708 637
710 642
712 654
714 620
716 620
718 619
720 619
722 620
724 692
726 620
728 656
730 619
732 620
734 896
736 706
738 726
740 620
742 637
744 636
746 636
748 637
750 636
752 764
754 636
756 636
758 639
760 637
762 636
764 620
766 620
768 622
770 620
772 619
774 620
776 739
778 620
780 621
782 621
784 620
786 620
788 620
790 620
792 656
794 620
796 619
798 620
800 621
802 621
804 657
806 620
808 620
810 699
812 620
814 637
816 620
818 620
820 620
822 666
824 637
826 637
828 637
830 637
832 639
834 636
836 637
838 657
840 636
842 637
844 637
846 676
848 636
850 713
852 636
854 637
856 636
858 823
860 619
862 620
864 622
866 620
868 620
870 637
872 678
874 637
876 635
878 636
880 635
882 681
884 656
886 619
888 674
890 846
892 755
894 754
896 771
898 672
900 656
902 675
904 655
906 654
908 653
910 655
912 658
914 674
916 654
918 655
920 687
922 655
924 653
926 655
928 656
930 656
932 657
934 661
936 657
938 686
940 659
942 652
944 653
946 653
948 653
950 653
952 654
954 652
956 654
958 660
960 635
962 635
964 635
966 719
968 638
970 636
972 636
974 635
976 639
978 636
980 846
982 732
984 784
986 636
988 668
990 652
992 652
994 656
996 653
998 653
1000 1525
1002 1232
1004 1228
1006 1230
1008 1244
1010 1340
1012 1201
1014 1197
1016 1196
1018 1196
1020 1201
1022 1266
1024 1167
1026 1165
1028 1219
1030 1165
1032 1165
1034 1165
1036 1164
1038 1163
1040 1164
1042 1201
1044 1164
1046 1163
1048 1274
1050 1163
1052 1201
1054 1164
1056 1236
1058 1165
1060 1165
1062 1165
1064 1165
1066 1165
1068 1164
1070 1163
1072 1201
1074 1163
1076 1164
1078 1164
1080 1200
1082 1174
1084 1163
1086 1238
1088 1165
1090 1164
1092 1164
1094 1165
1096 1163
1098 1164
1100 1164
1102 1164
1104 1163
1106 1359
1108 1237
1110 1335
1112 1238
1114 1247
1116 1230
1118 1196
1120 1262
1122 1194
1124 1240
1126 1250
1128 1195
1130 1195
1132 1194
1134 1179
1136 1266
1138 1170
1140 1200
1142 1199
1144 1200
1146 1258
1148 1238
1150 1199
1152 1236
1154 1196
1156 1166
1158 1167
1160 1165
1162 1166
1164 1167
1166 1167
1168 1242
1170 1346
1172 1164
1174 1164
1176 1201
1178 1184
1180 1231
1182 1254
1184 1167
1186 1245
1188 1201
1190 1165
1192 1164
1194 1239
1196 1165
1198 1166
1200 1166
1202 1164
1204 1163
1206 1201
1208 1164
1210 1163
1212 1163
1214 1234
1216 1163
1218 1163
1220 1163
1222 1164
1224 1163
1226 1240
1228 1163
1230 1162
1232 1201
1234 1165
1236 1164
1238 1201
1240 1164
1242 1269
1244 1165
1246 1163
1248 1163
1250 1519
1252 1304
1254 1246
1256 1419
1258 1238
1260 1229
1262 1229
1264 1196
1266 1196
1268 1264
1270 1195
1272 1195
1274 1194
1276 1164
1278 1220
1280 1276
1282 1287
1284 1168
1286 1197
1288 1313
1290 1197
1292 1202
1294 1164
1296 1166
1298 1238
1300 1165
1302 1164
1304 1201
1306 1164
1308 1163
1310 1165
1312 1163
1314 1238
1316 1165
1318 1163
1320 1163
1322 1202
1324 1220
1326 1163
1328 1164
1330 1165
1332 1165
1334 1164
1336 1240
1338 1163
1340 1162
1342 1236
1344 1163
1346 1163
1348 1273
1350 1163
1352 1163
1354 1163
1356 1222
1358 1163
1360 1163
1362 1164
1364 1163
1366 1238
1368 1447
1370 1378
1372 1245
1374 1230
1376 1327
1378 1643
1380 1233
1382 1238
1384 1249
1386 1298
1388 1235
1390 1236
1392 1229
1394 1231
1396 1230
1398 1229
1400 1233
1402 1197
1404 1198
1406 1196
1408 1235
1410 1195
1412 1165
1414 1351
1416 1196
1418 1165
1420 1166
1422 1164
1424 1223
1426 1169
1428 1198
1430 1197
1432 1242
1434 1198
1436 1199
1438 1269
1440 1195
1442 1196
1444 1217
1446 1163
1448 1165
1450 1200
1452 1164
1454 1196
1456 1163
1458 1163
1460 1163
1462 1164
1464 1165
1466 1163
1468 1200
1470 1163
1472 1196
1474 1493
1476 1323
1478 1236
1480 1339
1482 1461
1484 1233
1486 1234
1488 1233
1490 1208
1492 1206
1494 1507
1496 1214
1498 1210
1500 1206
1502 1205
1504 1207
1506 1173
1508 1173
1510 1162
1512 1201
1514 1218
1516 1143
1518 1144
1520 1144
1522 1222
1524 1180
1526 1143
1528 1143
1530 1143
1532 1215
1534 1178
1536 1141
1538 1142
1540 1178
1542 1143
1544 1220
1546 1215
1548 1142
1550 1168
1552 1172
1554 1172
1556 1266
1558 1145
1560 1144
1562 1144
1564 1142
1566 1143
1568 1144
1570 1143
1572 1179
1574 1144
1576 1144
1578 1180
1580 1281
1582 1253
1584 1218
1586 1172
1588 1173
1590 1177
1592 1143
1594 1179
1596 1141
1598 1142
1600 1142
1602 1221
1604 1142
1606 1142
1608 1144
1610 1146
1612 1145
1614 1182
1616 1143
1618 1196
1620 1143
1622 1142
1624 1142
1626 1144
1628 1143
1630 1141
1632 1143
1634 1142
1636 1142
1638 1218
1640 1216
1642 1142
1644 1142
1646 1215
1648 1223
1650 1142
1652 1178
1654 1143
1656 1143
1658 1142
1660 1144
1662 1141
1664 1141
1666 1142
1668 1142
1670 1142
1672 1145
1674 1144
1676 1143
1678 1256
1680 1142
1682 1142
1684 1180
1686 1144
1688 1143
1690 1143
1692 1142
1694 1142
1696 1216
1698 1575
1700 1259
1702 1174
1704 1174
1706 1145
1708 1173
1710 1314
1712 1175
1714 1174
1716 1173
1718 1177
1720 1216
1722 1174
1724 1191
1726 1172
1728 1181
1730 1144
1732 1144
1734 1145
1736 1142
1738 1142
1740 1218
1742 1143
1744 1143
1746 1179
1748 1142
1750 1142
1752 1179
1754 1142
1756 1303
1758 1216
1760 1142
1762 1215
1764 1222
1766 1143
1768 1174
1770 1227
1772 1172
1774 1172
1776 1174
1778 1172
1780 1142
1782 1141
1784 1142
1786 1180
1788 1216
1790 1142
1792 1141
1794 1142
1796 1141
1798 1141
1800 1141
1802 1216
1804 1141
1806 1141
1808 1179
1810 1216
1812 1143
1814 1245
1816 1274
1818 1144
1820 1216
1822 1172
1824 1172
1826 1172
1828 1173
1830 1180
1832 1142
1834 1142
1836 1141
1838 1142
1840 1144
1842 1143
1844 1141
1846 1141
1848 1143
1850 1141
1852 1299
1854 1143
1856 1142
1858 1178
1860 1143
1862 1141
1864 1143
1866 1144
1868 1221
1870 1143
1872 1141
1874 1142
1876 1142
1878 1143
1880 1195
1882 1143
1884 1142
1886 1142
1888 1142
1890 1179
1892 1221
1894 1144
1896 1143
1898 1343
1900 1142
1902 1141
1904 1142
1906 1219
1908 1141
1910 1143
1912 1174
1914 1173
1916 1172
1918 1142
1920 1143
1922 1140
1924 1143
1926 1143
1928 1141
1930 1142
1932 1235
1934 1185
1936 1146
1938 1147
1940 1180
1942 1142
1944 1143
1946 1142
1948 1143
1950 1142
1952 1142
1954 1142
1956 1142
1958 1141
1960 1141
1962 1141
1964 1139
1966 1142
1968 1141
1970 1178
1972 1142
1974 1141
1976 1141
1978 1178
1980 1141
1982 1142
1984 1216
1986 1142
1988 1321
1990 1211
1992 1172
1994 1174
1996 1309
1998 1175
2000 2267
