2 133
4 104
6 103
8 101
10 100
12 100
14 100
16 110
18 109
20 109
22 109
24 109
26 109
28 109
30 109
32 138
34 138
36 138
38 138
40 138
42 138
44 138
46 205
48 138
50 138
52 138
54 190
56 156
58 141
60 142
62 174
64 206
66 206
68 206
70 206
72 206
74 206
76 207
78 206
80 206
82 206
84 206
86 226
88 206
90 206
92 250
94 206
96 208
98 206
100 206
102 206
104 206
106 206
108 206
110 206
112 217
114 201
116 201
118 201
120 201
122 336
124 201
126 329
128 329
130 329
132 352
134 339
136 337
138 337
140 375
142 338
144 338
146 338
148 338
150 338
152 338
154 338
156 352
158 337
160 337
162 337
164 339
166 338
168 337
170 337
172 338
174 373
176 338
178 337
180 337
182 338
184 337
186 362
188 337
190 338
192 337
194 392
196 337
198 337
200 338
202 338
204 337
206 337
208 338
210 338
212 338
214 360
216 465
218 385
220 329
222 329
224 329
226 329
228 328
230 425
232 329
234 329
236 337
238 337
240 337
242 410
244 338
246 338
248 338
250 610
252 645
254 608
256 609
258 608
260 593
262 593
264 631
266 630
268 593
270 688
272 633
274 593
276 594
278 593
280 594
282 593
284 593
286 593
288 593
290 594
292 593
294 594
296 593
298 594
300 593
302 592
304 593
306 594
308 594
310 594
312 593
314 594
316 593
318 593
320 631
322 593
324 593
326 593
328 593
330 593
332 591
334 594
336 593
338 593
340 593
342 593
344 630
346 593
348 593
350 594
352 594
354 671
356 593
358 591
360 593
362 593
364 593
366 593
368 593
370 631
372 593
374 593
376 699
378 770
380 641
382 693
384 658
386 611
388 594
390 717
392 609
394 682
396 608
398 609
400 609
402 609
404 609
406 609
408 609
410 640
412 608
414 609
416 609
418 645
420 609
422 609
424 609
426 609
428 609
430 622
432 593
434 593
436 630
438 667
440 593
442 593
444 592
446 664
448 592
450 593
452 633
454 591
456 594
458 594
460 631
462 593
464 593
466 593
468 593
470 593
472 593
474 593
476 639
478 895
480 613
482 652
484 593
486 592
488 593
490 593
492 593
494 597
496 628
498 593
500 1132
502 1206
504 1133
506 1133
508 1133
510 1153
512 1168
514 1167
516 1133
518 1134
520 1132
522 1133
524 1210
526 1131
528 1131
530 1168
532 1171
534 1132
536 1169
538 1132
540 1359
542 1131
544 1131
546 1131
548 1166
550 1134
552 1166
554 1132
556 1133
558 1132
560 1163
562 1134
564 1133
566 1132
568 1188
570 1129
572 1151
574 1133
576 1131
578 1128
580 1131
582 1129
584 1167
586 1132
588 1472
590 1407
592 1161
594 1160
596 1160
598 1160
600 1298
602 1161
604 1161
606 1184
608 1163
610 1163
612 1165
614 1131
616 1130
618 1149
620 1283
622 1132
624 1131
626 1151
628 1129
630 1133
632 1169
634 1207
636 1131
638 1131
640 1168
642 1130
644 1133
646 1132
648 1169
650 1132
652 1132
654 1167
656 1133
658 1132
660 1130
662 1206
664 1130
666 1133
668 1130
670 1129
672 1131
674 1131
676 1131
678 1131
680 1224
682 1166
684 1133
686 1132
688 1135
690 1207
692 1202
694 1130
696 1131
698 1131
700 1131
702 1132
704 1169
706 1242
708 1131
710 1132
712 1132
714 1131
716 1243
718 1128
720 1128
722 1132
724 1129
726 1129
728 1167
730 1131
732 1130
734 1129
736 1129
738 1168
740 1319
742 1131
744 1131
746 1174
748 1131
750 1168
752 1168
754 1129
756 1128
758 1129
760 1131
762 1133
764 1205
766 1172
768 1159
770 1161
772 1161
774 1160
776 1160
778 1131
780 1131
782 1167
784 1133
786 1131
788 1131
790 1206
792 1168
794 1211
796 1131
798 1131
800 1131
802 1167
804 1131
806 1131
808 1131
810 1131
812 1148
814 1168
816 1133
818 1205
820 1131
822 1131
824 1168
826 1131
828 1169
830 1131
832 1132
834 1131
836 1167
838 1132
840 1209
842 1131
844 1132
846 1131
848 1168
850 1211
852 1131
854 1130
856 1204
858 1131
860 1360
862 1131
864 1131
866 1130
868 1205
870 1131
872 1167
874 1167
876 1280
878 1133
880 1128
882 1130
884 1168
886 1132
888 1204
890 1132
892 1131
894 1133
896 1131
898 1131
900 1130
902 1167
904 1211
906 1131
908 1132
910 1133
912 1133
914 1133
916 1133
918 1169
920 1150
922 1133
924 1132
926 1133
928 1132
930 1133
932 1168
934 1132
936 1131
938 1132
940 1132
942 1131
944 1165
946 1131
948 1270
950 1133
952 1133
954 1133
956 1171
958 1135
960 1131
962 1133
964 1130
966 1167
968 1205
970 1134
972 1131
974 1189
976 1131
978 1455
980 1373
982 1132
984 1287
986 1161
988 1163
990 1200
992 1160
994 1188
996 1161
998 1162
1000 2419
1002 2277
1004 2217
1006 2297
1008 2218
1010 2292
1012 2251
1014 2331
1016 2214
1018 2250
1020 2251
1022 2307
1024 2275
1026 2321
1028 2275
1030 2352
1032 2309
1034 2251
1036 2213
1038 2254
1040 2250
1042 2314
1044 2277
1046 2275
1048 2357
1050 2397
1052 2426
1054 2466
1056 2436
1058 2275
1060 2245
1062 2220
1064 2220
1066 2219
1068 2220
1070 2274
1072 2250
1074 2218
1076 2324
1078 2216
1080 2217
1082 2299
1084 2217
1086 2214
1088 2453
1090 2276
1092 2216
1094 2254
1096 2326
1098 2275
1100 2314
1102 2273
1104 2350
1106 2253
1108 2253
1110 2291
1112 2366
1114 2216
1116 2214
1118 2217
1120 2216
1122 2218
1124 2253
1126 2254
1128 2216
1130 2214
1132 2252
1134 2218
1136 2253
1138 2327
1140 2218
1142 2396
1144 2253
1146 2217
1148 2216
1150 2305
1152 2218
1154 2220
1156 2213
1158 2216
1160 2217
1162 2215
1164 2217
1166 2289
1168 2510
1170 2275
1172 2540
1174 2662
1176 2276
1178 2277
1180 2338
1182 2275
1184 2274
1186 2275
1188 2316
1190 2289
1192 2217
1194 2216
1196 2253
1198 2216
1200 2327
1202 2218
1204 2253
1206 2251
1208 2221
1210 2217
1212 2496
1214 2213
1216 2216
1218 2253
1220 2217
1222 2216
1224 2455
1226 2620
1228 2312
1230 2312
1232 2336
1234 2337
1236 2323
1238 2311
1240 2275
1242 2317
1244 2275
1246 2275
1248 2253
1250 2260
1252 2214
1254 2217
1256 2289
1258 2272
1260 2369
1262 2218
1264 2216
1266 2251
1268 2298
1270 2217
1272 2216
1274 2556
1276 2274
1278 2275
1280 2275
1282 2421
1284 2350
1286 2249
1288 2527
1290 2344
1292 2456
1294 2275
1296 2277
1298 2402
1300 2278
1302 2317
1304 2277
1306 2315
1308 2277
1310 2276
1312 2277
1314 2262
1316 2220
1318 2216
1320 2216
1322 2266
1324 2216
1326 2253
1328 2313
1330 2216
1332 2251
1334 2250
1336 2216
1338 2218
1340 2443
1342 2217
1344 2216
1346 2328
1348 2218
1350 2217
1352 2215
1354 2217
1356 2218
1358 2214
1360 2216
1362 2300
1364 2215
1366 2240
1368 2219
1370 2273
1372 2253
1374 2219
1376 2215
1378 2293
1380 2218
1382 2331
1384 2252
1386 2216
1388 2218
1390 2366
1392 2217
1394 2216
1396 2293
1398 2219
1400 2253
1402 2273
1404 2294
1406 2215
1408 2254
1410 2219
1412 2218
1414 2219
1416 2253
1418 2292
1420 2216
1422 2253
1424 2212
1426 2213
1428 2253
1430 2250
1432 2292
1434 2298
1436 2213
1438 2221
1440 2218
1442 2289
1444 2219
1446 2220
1448 2219
1450 2269
1452 2216
1454 2216
1456 2215
1458 2324
1460 2216
1462 2218
1464 2253
1466 2289
1468 2218
1470 2217
1472 2287
1474 2217
1476 2292
1478 2253
1480 2216
1482 2217
1484 2254
1486 2214
1488 2254
1490 2216
1492 2217
1494 2251
1496 2237
1498 2217
1500 2216
1502 2217
1504 2216
1506 2216
1508 2217
1510 2236
1512 2255
1514 2257
1516 2402
1518 2216
1520 2216
1522 2325
1524 2217
1526 2218
1528 2363
1530 2216
1532 2217
1534 2286
1536 2255
1538 2219
1540 2220
1542 2237
1544 2217
1546 2217
1548 2291
1550 2252
1552 2254
1554 2256
1556 2331
1558 2216
1560 2696
1562 2326
1564 2274
1566 2280
1568 2400
1570 2292
1572 2275
1574 2304
1576 2346
1578 2305
1580 2219
1582 2393
1584 2274
1586 2274
1588 2279
1590 2254
1592 2213
1594 2218
1596 2293
1598 2217
1600 2217
1602 2345
1604 2217
1606 2347
1608 2315
1610 2213
1612 2217
1614 2253
1616 2215
1618 2217
1620 2290
1622 2219
1624 2219
1626 2291
1628 2221
1630 2253
1632 2216
1634 2301
1636 2256
1638 2256
1640 2357
1642 2213
1644 2216
1646 2217
1648 2217
1650 2216
1652 2318
1654 2219
1656 2220
1658 2254
1660 2219
1662 2213
1664 2251
1666 2235
1668 2217
1670 2249
1672 2216
1674 2214
1676 2408
1678 2216
1680 2215
1682 2216
1684 2257
1686 2213
1688 2251
1690 2292
1692 2219
1694 2255
1696 2254
1698 2364
1700 2655
1702 2539
1704 2687
1706 2275
1708 2348
1710 2337
1712 2337
1714 2382
1716 2275
1718 2286
1720 2336
1722 2219
1724 2217
1726 2293
1728 2216
1730 2217
1732 2260
1734 2216
1736 2291
1738 2310
1740 2255
1742 2402
1744 2217
1746 2217
1748 2217
1750 2418
1752 2217
1754 2252
1756 2214
1758 2217
1760 2252
1762 2254
1764 2217
1766 2217
1768 2293
1770 2216
1772 2216
1774 2287
1776 2216
1778 2290
1780 2332
1782 2248
1784 2276
1786 2274
1788 2253
1790 2217
1792 2252
1794 2326
1796 2297
1798 2323
1800 2288
1802 2274
1804 2276
1806 2289
1808 2406
1810 2218
1812 2292
1814 2216
1816 2220
1818 2219
1820 2215
1822 2292
1824 2253
1826 2217
1828 2213
1830 2329
1832 2250
1834 2218
1836 2216
1838 2252
1840 2213
1842 2219
1844 2292
1846 2216
1848 2596
1850 2394
1852 2400
1854 2370
1856 2352
1858 2277
1860 2305
1862 2460
1864 2217
1866 2237
1868 2252
1870 2216
1872 2216
1874 2213
1876 2252
1878 2252
1880 2216
1882 2218
1884 2216
1886 2219
1888 2405
1890 2653
1892 2254
1894 2337
1896 2317
1898 2216
1900 2252
1902 2214
1904 2294
1906 2328
1908 2291
1910 2214
1912 2255
1914 2254
1916 2250
1918 2357
1920 2217
1922 2328
1924 2216
1926 2452
1928 2218
1930 2217
1932 2251
1934 2219
1936 2326
1938 2253
1940 2298
1942 2217
1944 2364
1946 2217
1948 2217
1950 2290
1952 2252
1954 2273
1956 2273
1958 2216
1960 2216
1962 2216
1964 2213
1966 2267
1968 2277
1970 2274
1972 2399
1974 2257
1976 2218
1978 2275
1980 2276
1982 2345
1984 2316
1986 2275
1988 2281
1990 2218
1992 2216
1994 2251
1996 2334
1998 2219
2000 4438
