2 112
4 95
6 95
8 84
10 84
12 84
14 84
16 74
18 74
20 110
22 74
24 74
26 74
28 74
30 74
32 66
34 66
36 66
38 66
40 66
42 66
44 66
46 66
48 66
50 66
52 66
54 73
56 66
58 65
60 105
62 61
64 56
66 56
68 56
70 56
72 56
74 56
76 55
78 56
80 56
82 55
84 55
86 56
88 56
90 55
92 55
94 56
96 55
98 56
100 56
102 55
104 56
106 56
108 56
110 55
112 55
114 56
116 55
118 56
120 56
122 56
124 55
126 46
128 46
130 46
132 46
134 46
136 46
138 46
140 46
142 46
144 45
146 46
148 46
150 46
152 46
154 45
156 45
158 45
160 45
162 46
164 45
166 46
168 45
170 46
172 46
174 46
176 46
178 45
180 45
182 46
184 116
186 44
188 44
190 44
192 44
194 45
196 44
198 44
200 45
202 44
204 44
206 66
208 46
210 46
212 45
214 45
216 46
218 47
220 66
222 48
224 47
226 76
228 47
230 55
232 47
234 55
236 55
238 55
240 56
242 57
244 57
246 48
248 57
250 43
252 43
254 46
256 45
258 44
260 44
262 44
264 44
266 44
268 37
270 37
272 44
274 44
276 37
278 37
280 45
282 45
284 37
286 37
288 37
290 36
292 36
294 36
296 36
298 37
300 37
302 37
304 37
306 37
308 37
310 37
312 37
314 37
316 37
318 37
320 37
322 37
324 36
326 36
328 40
330 37
332 37
334 37
336 36
338 37
340 37
342 37
344 37
346 37
348 37
350 38
352 37
354 36
356 36
358 37
360 36
362 37
364 37
366 37
368 37
370 37
372 37
374 38
376 37
378 38
380 37
382 37
384 37
386 37
388 37
390 37
392 37
394 36
396 37
398 36
400 37
402 37
404 37
406 36
408 37
410 36
412 36
414 36
416 36
418 37
420 36
422 35
424 35
426 35
428 36
430 35
432 36
434 35
436 35
438 36
440 74
442 35
444 35
446 35
448 35
450 35
452 35
454 35
456 35
458 36
460 36
462 36
464 36
466 36
468 36
470 53
472 36
474 36
476 36
478 87
480 35
482 37
484 35
486 35
488 35
490 35
492 35
494 36
496 36
498 35
500 26
502 26
504 26
506 26
508 26
510 26
512 26
514 26
516 26
518 25
520 25
522 25
524 25
526 25
528 25
530 25
532 42
534 25
536 25
538 25
540 25
542 25
544 27
546 26
548 26
550 26
552 25
554 25
556 25
558 25
560 47
562 27
564 27
566 26
568 26
570 26
572 47
574 27
576 26
578 26
580 27
582 26
584 27
586 27
588 26
590 27
592 26
594 26
596 29
598 26
600 28
602 32
604 27
606 26
608 26
610 26
612 25
614 25
616 25
618 25
620 25
622 25
624 25
626 25
628 25
630 25
632 25
634 25
636 25
638 25
640 25
642 25
644 25
646 25
648 25
650 25
652 26
654 25
656 25
658 25
660 25
662 25
664 25
666 25
668 25
670 25
672 25
674 65
676 25
678 25
680 25
682 42
684 25
686 25
688 25
690 25
692 25
694 25
696 25
698 25
700 25
702 25
704 25
706 44
708 25
710 25
712 25
714 25
716 25
718 25
720 25
722 25
724 25
726 25
728 25
730 25
732 25
734 25
736 25
738 25
740 25
742 25
744 25
746 25
748 25
750 25
752 25
754 25
756 25
758 25
760 25
762 25
764 25
766 25
768 25
770 25
772 58
774 25
776 25
778 25
780 25
782 25
784 25
786 25
788 25
790 25
792 25
794 25
796 25
798 25
800 25
802 25
804 25
806 25
808 25
810 25
812 25
814 26
816 26
818 45
820 45
822 26
824 26
826 26
828 26
830 27
832 26
834 26
836 26
838 26
840 27
842 26
844 26
846 26
848 26
850 26
852 25
854 50
856 25
858 25
860 25
862 26
864 26
866 26
868 26
870 26
872 26
874 26
876 26
878 26
880 26
882 25
884 25
886 25
888 25
890 50
892 25
894 25
896 25
898 25
900 25
902 25
904 25
906 25
908 25
910 25
912 25
914 25
916 25
918 25
920 25
922 25
924 25
926 25
928 25
930 25
932 25
934 25
936 25
938 25
940 25
942 25
944 25
946 25
948 25
950 25
952 25
954 25
956 25
958 25
960 25
962 25
964 25
966 25
968 25
970 25
972 25
974 42
976 25
978 25
980 27
982 26
984 26
986 26
988 26
990 27
992 26
994 27
996 27
998 27
1000 17
1002 16
1004 16
1006 16
1008 16
1010 16
1012 16
1014 16
1016 16
1018 16
1020 16
1022 16
1024 16
1026 16
1028 16
1030 16
1032 16
1034 16
1036 16
1038 16
1040 16
1042 16
1044 16
1046 16
1048 16
1050 16
1052 16
1054 16
1056 16
1058 20
1060 16
1062 17
1064 17
1066 17
1068 16
1070 16
1072 16
1074 16
1076 16
1078 16
1080 16
1082 16
1084 16
1086 16
1088 16
1090 16
1092 17
1094 16
1096 16
1098 16
1100 16
1102 16
1104 16
1106 16
1108 16
1110 16
1112 16
1114 16
1116 16
1118 16
1120 16
1122 16
1124 16
1126 16
1128 36
1130 16
1132 16
1134 16
1136 17
1138 16
1140 16
1142 16
1144 16
1146 16
1148 16
1150 16
1152 16
1154 16
1156 16
1158 16
1160 16
1162 16
1164 16
1166 16
1168 16
1170 16
1172 16
1174 16
1176 16
1178 16
1180 16
1182 16
1184 20
1186 16
1188 16
1190 16
1192 16
1194 16
1196 16
1198 16
1200 16
1202 16
1204 16
1206 16
1208 16
1210 16
1212 16
1214 16
1216 16
1218 16
1220 16
1222 16
1224 16
1226 16
1228 16
1230 16
1232 16
1234 16
1236 16
1238 16
1240 16
1242 16
1244 16
1246 16
1248 16
1250 16
1252 16
1254 16
1256 16
1258 16
1260 16
1262 16
1264 16
1266 16
1268 35
1270 16
1272 16
1274 16
1276 16
1278 16
1280 16
1282 16
1284 16
1286 16
1288 16
1290 16
1292 16
1294 16
1296 16
1298 16
1300 16
1302 16
1304 16
1306 16
1308 16
1310 16
1312 16
1314 17
1316 17
1318 16
1320 16
1322 16
1324 16
1326 16
1328 16
1330 33
1332 16
1334 16
1336 16
1338 16
1340 16
1342 18
1344 21
1346 17
1348 17
1350 17
1352 17
1354 17
1356 17
1358 17
1360 17
1362 17
1364 16
1366 17
1368 17
1370 17
1372 16
1374 16
1376 16
1378 16
1380 16
1382 16
1384 16
1386 16
1388 16
1390 16
1392 16
1394 16
1396 16
1398 16
1400 16
1402 33
1404 17
1406 16
1408 17
1410 22
1412 17
1414 17
1416 17
1418 17
1420 17
1422 17
1424 17
1426 17
1428 16
1430 16
1432 16
1434 16
1436 16
1438 16
1440 16
1442 16
1444 16
1446 16
1448 16
1450 16
1452 16
1454 16
1456 16
1458 16
1460 16
1462 16
1464 16
1466 16
1468 16
1470 16
1472 16
1474 16
1476 16
1478 16
1480 16
1482 16
1484 16
1486 16
1488 16
1490 16
1492 16
1494 16
1496 16
1498 16
1500 16
1502 16
1504 16
1506 16
1508 16
1510 16
1512 16
1514 16
1516 16
1518 16
1520 16
1522 16
1524 16
1526 17
1528 16
1530 17
1532 17
1534 17
1536 17
1538 17
1540 17
1542 17
1544 17
1546 17
1548 17
1550 17
1552 17
1554 16
1556 16
1558 16
1560 16
1562 16
1564 16
1566 16
1568 16
1570 16
1572 16
1574 17
1576 16
1578 16
1580 16
1582 17
1584 17
1586 17
1588 17
1590 16
1592 17
1594 16
1596 16
1598 16
1600 16
1602 16
1604 16
1606 16
1608 16
1610 16
1612 17
1614 16
1616 16
1618 16
1620 16
1622 16
1624 16
1626 16
1628 16
1630 16
1632 16
1634 16
1636 16
1638 16
1640 16
1642 16
1644 16
1646 16
1648 16
1650 16
1652 16
1654 16
1656 16
1658 16
1660 16
1662 16
1664 16
1666 16
1668 16
1670 16
1672 16
1674 16
1676 16
1678 16
1680 16
1682 16
1684 16
1686 16
1688 16
1690 16
1692 16
1694 16
1696 16
1698 16
1700 16
1702 16
1704 16
1706 17
1708 16
1710 16
1712 17
1714 17
1716 17
1718 17
1720 17
1722 17
1724 16
1726 16
1728 35
1730 16
1732 16
1734 16
1736 16
1738 16
1740 16
1742 16
1744 16
1746 16
1748 16
1750 16
1752 16
1754 16
1756 16
1758 16
1760 16
1762 16
1764 16
1766 16
1768 16
1770 16
1772 16
1774 16
1776 16
1778 16
1780 16
1782 16
1784 16
1786 16
1788 16
1790 16
1792 16
1794 16
1796 16
1798 16
1800 35
1802 16
1804 16
1806 16
1808 16
1810 16
1812 16
1814 16
1816 16
1818 16
1820 16
1822 16
1824 16
1826 16
1828 16
1830 16
1832 16
1834 16
1836 16
1838 16
1840 16
1842 16
1844 16
1846 16
1848 16
1850 16
1852 16
1854 16
1856 16
1858 16
1860 16
1862 16
1864 16
1866 16
1868 16
1870 16
1872 16
1874 16
1876 16
1878 16
1880 16
1882 16
1884 17
1886 17
1888 18
1890 17
1892 17
1894 17
1896 17
1898 17
1900 20
1902 17
1904 17
1906 16
1908 16
1910 17
1912 16
1914 16
1916 32
1918 16
1920 16
1922 16
1924 16
1926 16
1928 16
1930 16
1932 16
1934 16
1936 16
1938 16
1940 16
1942 16
1944 16
1946 16
1948 16
1950 16
1952 16
1954 16
1956 16
1958 16
1960 16
1962 16
1964 16
1966 16
1968 16
1970 16
1972 16
1974 16
1976 16
1978 16
1980 16
1982 16
1984 16
1986 16
1988 16
1990 16
1992 16
1994 16
1996 16
1998 16
2000 6
