2 145
4 130
6 130
8 128
10 127
12 126
14 126
16 137
18 137
20 137
22 137
24 138
26 137
28 137
30 138
32 174
34 173
36 173
38 173
40 195
42 142
44 141
46 142
48 141
50 141
52 142
54 141
56 142
58 141
60 160
62 189
64 225
66 224
68 224
70 224
72 225
74 224
76 224
78 224
80 224
82 224
84 224
86 224
88 224
90 224
92 224
94 224
96 224
98 224
100 206
102 206
104 206
106 206
108 206
110 206
112 206
114 205
116 206
118 206
120 206
122 206
124 206
126 336
128 338
130 338
132 338
134 338
136 338
138 338
140 338
142 338
144 338
146 381
148 338
150 338
152 393
154 337
156 337
158 338
160 337
162 337
164 337
166 337
168 375
170 337
172 431
174 512
176 328
178 367
180 349
182 337
184 337
186 337
188 338
190 337
192 337
194 337
196 358
198 337
200 338
202 338
204 337
206 337
208 496
210 377
212 1052
214 390
216 446
218 410
220 495
222 497
224 499
226 347
228 346
230 347
232 347
234 347
236 347
238 370
240 386
242 352
244 351
246 349
248 348
250 627
252 627
254 631
256 637
258 632
260 611
262 609
264 610
266 610
268 749
270 630
272 610
274 667
276 625
278 628
280 626
282 631
284 692
286 628
288 626
290 627
292 624
294 625
296 629
298 627
300 629
302 682
304 631
306 626
308 626
310 625
312 626
314 631
316 626
318 624
320 625
322 625
324 679
326 631
328 630
330 628
332 640
334 626
336 627
338 628
340 628
342 626
344 624
346 661
348 627
350 626
352 626
354 626
356 627
358 627
360 626
362 626
364 630
366 624
368 609
370 646
372 609
374 638
376 608
378 608
380 609
382 608
384 617
386 594
388 593
390 593
392 594
394 593
396 610
398 593
400 593
402 594
404 593
406 593
408 593
410 593
412 677
414 592
416 593
418 593
420 593
422 595
424 593
426 593
428 594
430 609
432 592
434 593
436 593
438 630
440 593
442 593
444 593
446 593
448 593
450 594
452 594
454 593
456 650
458 593
460 595
462 593
464 594
466 593
468 593
470 592
472 593
474 831
476 593
478 593
480 655
482 609
484 609
486 609
488 609
490 609
492 609
494 648
496 609
498 622
500 1167
502 1131
504 1131
506 1131
508 1131
510 1131
512 1209
514 1131
516 1132
518 1130
520 1247
522 1198
524 1161
526 1161
528 1129
530 1131
532 1206
534 1208
536 1131
538 1131
540 1231
542 1159
544 1160
546 1161
548 1161
550 1160
552 1279
554 1162
556 1161
558 1202
560 1164
562 1164
564 1162
566 1162
568 1162
570 1163
572 1162
574 1157
576 1131
578 1130
580 1131
582 1130
584 1208
586 1131
588 1130
590 1131
592 1130
594 1219
596 1163
598 1163
600 1159
602 1168
604 1131
606 1132
608 1211
610 1133
612 1128
614 1173
616 1189
618 1194
620 1189
622 1209
624 1132
626 1132
628 1277
630 1131
632 1131
634 1129
636 1133
638 1255
640 1305
642 1130
644 1129
646 1131
648 1133
650 1131
652 1205
654 1198
656 1158
658 1161
660 1132
662 1131
664 1150
666 1128
668 1133
670 1134
672 1205
674 1162
676 1130
678 1131
680 1132
682 1206
684 1131
686 1129
688 1129
690 1204
692 1131
694 1131
696 1131
698 1129
700 1131
702 1132
704 1210
706 1198
708 1131
710 1170
712 1131
714 1131
716 1166
718 1131
720 1131
722 1151
724 1132
726 1133
728 1131
730 1131
732 1208
734 1171
736 1129
738 1131
740 1130
742 1131
744 1129
746 1152
748 1329
750 1362
752 1131
754 1279
756 1161
758 1161
760 1161
762 1161
764 1190
766 1162
768 1200
770 1245
772 1162
774 1161
776 1161
778 1130
780 1152
782 1130
784 1130
786 1203
788 1131
790 1167
792 1303
794 1285
796 1133
798 1226
800 1161
802 1251
804 1161
806 1162
808 1161
810 1164
812 1275
814 1161
816 1161
818 1168
820 1217
822 1162
824 1199
826 1189
828 1159
830 1160
832 1162
834 1161
836 1199
838 1161
840 1161
842 1162
844 1159
846 1163
848 1204
850 1161
852 1163
854 1161
856 1200
858 1359
860 1273
862 1237
864 1162
866 1233
868 1161
870 1346
872 1164
874 1163
876 1162
878 1162
880 1248
882 1132
884 1131
886 1131
888 1169
890 1133
892 1169
894 1131
896 1131
898 1205
900 1131
902 1131
904 1205
906 1132
908 1131
910 1131
912 1130
914 1131
916 1167
918 1131
920 1130
922 1270
924 1132
926 1129
928 1167
930 1132
932 1204
934 1132
936 1131
938 1131
940 1208
942 1131
944 1131
946 1131
948 1209
950 1131
952 1167
954 1131
956 1132
958 1131
960 1244
962 1131
964 1208
966 1131
968 1131
970 1131
972 1131
974 1131
976 1166
978 1134
980 1133
982 1132
984 1133
986 1133
988 1167
990 1131
992 1132
994 1130
996 1131
998 1206
1000 2292
1002 2216
1004 2216
1006 2289
1008 2216
1010 2216
1012 2329
1014 2216
1016 2363
1018 2296
1020 2217
1022 2254
1024 2219
1026 2220
1028 2221
1030 2290
1032 2289
1034 2334
1036 2216
1038 2219
1040 2220
1042 2217
1044 2363
1046 2294
1048 2217
1050 2325
1052 2216
1054 2216
1056 2278
1058 2250
1060 2215
1062 2296
1064 2216
1066 2216
1068 2216
1070 2389
1072 2217
1074 2250
1076 2271
1078 2274
1080 2330
1082 2216
1084 2216
1086 2375
1088 2215
1090 2215
1092 2275
1094 2274
1096 2276
1098 2219
1100 2216
1102 2218
1104 2253
1106 2293
1108 2217
1110 2216
1112 2327
1114 2217
1116 2217
1118 2328
1120 2217
1122 2215
1124 2294
1126 2213
1128 2216
1130 2275
1132 2215
1134 2287
1136 2217
1138 2216
1140 2254
1142 2393
1144 2313
1146 2307
1148 2276
1150 2348
1152 2512
1154 2353
1156 2275
1158 2306
1160 2436
1162 2340
1164 2275
1166 2305
1168 2304
1170 2357
1172 2294
1174 2274
1176 2295
1178 2214
1180 2215
1182 2216
1184 2216
1186 2217
1188 2302
1190 2219
1192 2310
1194 2216
1196 2253
1198 2292
1200 2256
1202 2218
1204 2292
1206 2216
1208 2216
1210 2326
1212 2368
1214 2217
1216 2217
1218 2216
1220 2252
1222 2217
1224 2242
1226 2219
1228 2221
1230 2367
1232 2214
1234 2310
1236 2253
1238 2278
1240 2218
1242 2253
1244 2367
1246 2406
1248 2214
1250 2298
1252 2373
1254 2217
1256 2254
1258 2292
1260 2216
1262 2291
1264 2215
1266 2217
1268 2329
1270 2361
1272 2216
1274 2253
1276 2308
1278 2216
1280 2252
1282 2218
1284 2216
1286 2216
1288 2252
1290 2213
1292 2233
1294 2213
1296 2215
1298 2216
1300 2326
1302 2217
1304 2217
1306 2249
1308 2254
1310 2477
1312 2254
1314 2291
1316 2278
1318 2275
1320 2276
1322 2297
1324 2213
1326 2212
1328 2368
1330 2217
1332 2216
1334 2295
1336 2216
1338 2252
1340 2494
1342 2428
1344 2274
1346 2274
1348 2304
1350 2315
1352 2277
1354 2285
1356 2425
1358 2218
1360 2217
1362 2328
1364 2220
1366 2219
1368 2528
1370 2216
1372 2342
1374 2316
1376 2274
1378 2238
1380 2220
1382 2216
1384 2217
1386 2215
1388 2325
1390 2217
1392 2217
1394 2327
1396 2214
1398 2217
1400 2253
1402 2256
1404 2216
1406 2287
1408 2217
1410 2216
1412 2217
1414 2217
1416 2217
1418 2217
1420 2290
1422 2215
1424 2217
1426 2292
1428 2217
1430 2214
1432 2255
1434 2217
1436 2217
1438 2396
1440 2404
1442 2271
1444 2348
1446 2310
1448 2317
1450 2367
1452 2253
1454 2271
1456 2331
1458 2334
1460 2253
1462 2219
1464 2217
1466 2214
1468 2217
1470 2219
1472 2327
1474 2216
1476 2254
1478 2251
1480 2234
1482 2251
1484 2291
1486 2359
1488 2328
1490 2219
1492 2329
1494 2252
1496 2216
1498 2311
1500 2220
1502 2215
1504 2216
1506 2253
1508 2212
1510 2308
1512 2295
1514 2253
1516 2216
1518 2215
1520 2250
1522 2252
1524 2214
1526 2251
1528 2216
1530 2216
1532 2236
1534 2213
1536 2213
1538 2214
1540 2216
1542 2291
1544 2314
1546 2216
1548 2216
1550 2291
1552 2325
1554 2216
1556 2408
1558 2251
1560 2217
1562 2218
1564 2254
1566 2216
1568 2214
1570 2362
1572 2216
1574 2257
1576 2216
1578 2215
1580 2250
1582 2219
1584 2217
1586 2216
1588 2216
1590 2251
1592 2217
1594 2217
1596 2250
1598 2219
1600 2326
1602 2271
1604 2312
1606 2277
1608 2346
1610 2215
1612 2294
1614 2219
1616 2216
1618 2366
1620 2219
1622 2218
1624 2216
1626 2292
1628 2250
1630 2216
1632 2253
1634 2290
1636 2216
1638 2217
1640 2323
1642 2215
1644 2216
1646 2406
1648 2217
1650 2216
1652 2218
1654 2217
1656 2214
1658 2295
1660 2213
1662 2216
1664 2329
1666 2307
1668 2250
1670 2256
1672 2254
1674 2217
1676 2220
1678 2364
1680 2217
1682 2267
1684 2237
1686 2217
1688 2253
1690 2216
1692 2326
1694 2216
1696 2237
1698 2274
1700 2212
1702 2216
1704 2253
1706 2216
1708 2213
1710 2274
1712 2216
1714 2212
1716 2275
1718 2519
1720 2315
1722 2276
1724 2318
1726 2294
1728 2323
1730 2721
1732 2278
1734 2281
1736 2337
1738 2251
1740 2243
1742 2278
1744 2277
1746 2356
1748 2218
1750 2216
1752 2255
1754 2218
1756 2216
1758 2251
1760 2217
1762 2252
1764 2253
1766 2255
1768 2215
1770 2216
1772 2328
1774 2216
1776 2274
1778 2254
1780 2217
1782 2288
1784 2397
1786 2389
1788 2369
1790 2441
1792 2275
1794 2308
1796 2312
1798 2275
1800 2313
1802 2274
1804 2323
1806 2253
1808 2294
1810 2220
1812 2364
1814 2250
1816 2217
1818 2362
1820 2254
1822 2220
1824 2219
1826 2329
1828 2216
1830 2213
1832 2216
1834 2391
1836 2409
1838 2352
1840 2393
1842 2417
1844 2349
1846 2275
1848 2321
1850 2216
1852 2252
1854 2250
1856 2216
1858 2213
1860 2219
1862 2213
1864 2363
1866 2218
1868 2287
1870 2441
1872 2570
1874 2216
1876 2252
1878 2341
1880 2271
1882 2274
1884 2216
1886 2290
1888 2253
1890 2216
1892 2216
1894 2297
1896 2336
1898 2255
1900 2219
1902 2215
1904 2217
1906 2288
1908 2277
1910 2274
1912 2268
1914 2295
1916 2220
1918 2219
1920 2253
1922 2218
1924 2290
1926 2255
1928 2216
1930 2216
1932 2217
1934 2388
1936 2217
1938 2217
1940 2213
1942 2216
1944 2291
1946 2236
1948 2252
1950 2214
1952 2381
1954 2215
1956 2349
1958 2254
1960 2271
1962 2215
1964 2288
1966 2214
1968 2214
1970 2216
1972 2289
1974 2217
1976 2296
1978 2213
1980 2215
1982 2214
1984 2219
1986 2215
1988 2213
1990 2212
1992 2216
1994 2217
1996 2253
1998 2217
2000 4479
