2 116
4 104
6 103
8 102
10 101
12 100
14 100
16 110
18 109
20 109
22 109
24 109
26 109
28 109
30 109
32 138
34 138
36 214
38 138
40 138
42 138
44 138
46 137
48 138
50 138
52 137
54 175
56 147
58 151
60 188
62 257
64 214
66 215
68 217
70 217
72 240
74 206
76 206
78 206
80 205
82 206
84 205
86 204
88 206
90 206
92 206
94 206
96 207
98 221
100 206
102 206
104 206
106 206
108 206
110 206
112 206
114 206
116 205
118 206
120 206
122 205
124 206
126 337
128 337
130 337
132 337
134 337
136 379
138 337
140 338
142 337
144 358
146 337
148 338
150 337
152 337
154 337
156 337
158 337
160 337
162 337
164 337
166 337
168 337
170 337
172 337
174 337
176 337
178 337
180 338
182 357
184 338
186 432
188 361
190 439
192 329
194 328
196 328
198 329
200 328
202 329
204 329
206 329
208 329
210 329
212 458
214 337
216 337
218 337
220 337
222 338
224 418
226 362
228 363
230 338
232 337
234 338
236 338
238 337
240 338
242 338
244 338
246 338
248 376
250 611
252 611
254 612
256 611
258 609
260 646
262 631
264 652
266 629
268 632
270 637
272 638
274 629
276 609
278 612
280 699
282 626
284 626
286 627
288 626
290 626
292 627
294 663
296 628
298 625
300 631
302 624
304 631
306 626
308 627
310 626
312 628
314 659
316 629
318 630
320 627
322 636
324 628
326 626
328 631
330 629
332 623
334 626
336 627
338 625
340 625
342 625
344 624
346 624
348 631
350 627
352 626
354 626
356 628
358 626
360 626
362 623
364 626
366 623
368 626
370 626
372 637
374 633
376 609
378 609
380 610
382 645
384 609
386 608
388 609
390 609
392 687
394 594
396 593
398 631
400 630
402 591
404 608
406 608
408 609
410 608
412 608
414 608
416 613
418 594
420 594
422 592
424 593
426 593
428 592
430 594
432 593
434 593
436 593
438 593
440 631
442 630
444 593
446 592
448 593
450 595
452 629
454 594
456 594
458 594
460 594
462 593
464 675
466 591
468 594
470 614
472 609
474 609
476 609
478 609
480 609
482 608
484 593
486 593
488 633
490 593
492 594
494 591
496 594
498 594
500 1132
502 1132
504 1287
506 1129
508 1131
510 1131
512 1130
514 1131
516 1168
518 1149
520 1131
522 1131
524 1131
526 1204
528 1311
530 1160
532 1160
534 1207
536 1133
538 1133
540 1168
542 1131
544 1131
546 1131
548 1211
550 1168
552 1241
554 1131
556 1131
558 1131
560 1132
562 1168
564 1167
566 1161
568 1182
570 1161
572 1159
574 1129
576 1204
578 1129
580 1133
582 1130
584 1131
586 1130
588 1202
590 1217
592 1133
594 1206
596 1129
598 1129
600 1169
602 1130
604 1132
606 1245
608 1158
610 1158
612 1158
614 1130
616 1131
618 1132
620 1131
622 1129
624 1132
626 1131
628 1131
630 1244
632 1131
634 1131
636 1185
638 1131
640 1131
642 1131
644 1131
646 1241
648 1176
650 1181
652 1130
654 1133
656 1132
658 1132
660 1167
662 1133
664 1132
666 1138
668 1132
670 1133
672 1167
674 1132
676 1131
678 1131
680 1133
682 1170
684 1161
686 1159
688 1170
690 1132
692 1131
694 1206
696 1168
698 1130
700 1130
702 1131
704 1130
706 1295
708 1248
710 1131
712 1224
714 1160
716 1160
718 1196
720 1161
722 1161
724 1131
726 1129
728 1133
730 1240
732 1131
734 1131
736 1131
738 1231
740 1365
742 1334
744 1165
746 1161
748 1161
750 1161
752 1209
754 1161
756 1189
758 1161
760 1198
762 1161
764 1198
766 1131
768 1131
770 1131
772 1132
774 1131
776 1239
778 1130
780 1130
782 1210
784 1130
786 1131
788 1202
790 1132
792 1132
794 1134
796 1133
798 1133
800 1132
802 1131
804 1131
806 1131
808 1129
810 1131
812 1131
814 1130
816 1210
818 1195
820 1164
822 1132
824 1132
826 1132
828 1131
830 1131
832 1132
834 1131
836 1238
838 1248
840 1159
842 1207
844 1163
846 1163
848 1206
850 1182
852 1162
854 1162
856 1162
858 1161
860 1198
862 1181
864 1162
866 1161
868 1161
870 1163
872 1161
874 1162
876 1388
878 1131
880 1331
882 1170
884 1328
886 1160
888 1218
890 1202
892 1226
894 1201
896 1133
898 1131
900 1131
902 1210
904 1131
906 1169
908 1133
910 1132
912 1132
914 1133
916 1255
918 1210
920 1131
922 1131
924 1131
926 1201
928 1133
930 1207
932 1131
934 1131
936 1130
938 1131
940 1132
942 1165
944 1131
946 1131
948 1132
950 1131
952 1131
954 1205
956 1132
958 1132
960 1188
962 1132
964 1131
966 1166
968 1197
970 1133
972 1133
974 1132
976 1203
978 1242
980 1132
982 1133
984 1192
986 1130
988 1130
990 1204
992 1131
994 1129
996 1130
998 1132
1000 2217
1002 2328
1004 2215
1006 2216
1008 2254
1010 2216
1012 2213
1014 2253
1016 2213
1018 2216
1020 2364
1022 2294
1024 2213
1026 2291
1028 2219
1030 2213
1032 2293
1034 2216
1036 2216
1038 2216
1040 2216
1042 2216
1044 2215
1046 2324
1048 2216
1050 2293
1052 2329
1054 2216
1056 2218
1058 2404
1060 2212
1062 2233
1064 2216
1066 2216
1068 2216
1070 2216
1072 2236
1074 2254
1076 2219
1078 2290
1080 2292
1082 2214
1084 2255
1086 2212
1088 2213
1090 2256
1092 2213
1094 2213
1096 2216
1098 2290
1100 2216
1102 3040
1104 2216
1106 2216
1108 2290
1110 2216
1112 2293
1114 2214
1116 2217
1118 2217
1120 2332
1122 2424
1124 2339
1126 2357
1128 2383
1130 2492
1132 2357
1134 2348
1136 2357
1138 2410
1140 2339
1142 2335
1144 2338
1146 2336
1148 2333
1150 2499
1152 2402
1154 2344
1156 2338
1158 2414
1160 2647
1162 2458
1164 2471
1166 2408
1168 2508
1170 2369
1172 2374
1174 2337
1176 2337
1178 2336
1180 2337
1182 2332
1184 2341
1186 2335
1188 2333
1190 2345
1192 2336
1194 2338
1196 2389
1198 2415
1200 2350
1202 2353
1204 2337
1206 2341
1208 2368
1210 2339
1212 2363
1214 2337
1216 2336
1218 2342
1220 2628
1222 2622
1224 2604
1226 2531
1228 2644
1230 2423
1232 2450
1234 2413
1236 2433
1238 2394
1240 2363
1242 2336
1244 2341
1246 2336
1248 2335
1250 2353
1252 2337
1254 2335
1256 2337
1258 2336
1260 2340
1262 2348
1264 2341
1266 2337
1268 2336
1270 2336
1272 2337
1274 2345
1276 2337
1278 2337
1280 2336
1282 2336
1284 2343
1286 2341
1288 2336
1290 2338
1292 2336
1294 2336
1296 2346
1298 2349
1300 2342
1302 2337
1304 2335
1306 2341
1308 2351
1310 2336
1312 2336
1314 2332
1316 2335
1318 2347
1320 2337
1322 2340
1324 2356
1326 2336
1328 2336
1330 2343
1332 2339
1334 2335
1336 2336
1338 2336
1340 2353
1342 2336
1344 2336
1346 2337
1348 2528
1350 2386
1352 2388
1354 2336
1356 2336
1358 2618
1360 2602
1362 2563
1364 2580
1366 2613
1368 2640
1370 2577
1372 2539
1374 2579
1376 2582
1378 2536
1380 2601
1382 2553
1384 2584
1386 2663
1388 2544
1390 2594
1392 2596
1394 2516
1396 2581
1398 2338
1400 2341
1402 2337
1404 2336
1406 2336
1408 2335
1410 2336
1412 2337
1414 2335
1416 2334
1418 2354
1420 2620
1422 2687
1424 2492
1426 2389
1428 2339
1430 2379
1432 2750
1434 2504
1436 2340
1438 2339
1440 2379
1442 2489
1444 2380
1446 2401
1448 2424
1450 2386
1452 2337
1454 2336
1456 2341
1458 2336
1460 2336
1462 2552
1464 2659
1466 2560
1468 2349
1470 2558
1472 2398
1474 2410
1476 2416
1478 2386
1480 2404
1482 2336
1484 2337
1486 2338
1488 2338
1490 2382
1492 2336
1494 2332
1496 2332
1498 2337
1500 2337
1502 2336
1504 2336
1506 2336
1508 2338
1510 2333
1512 2336
1514 2337
1516 2341
1518 2336
1520 2334
1522 2333
1524 2335
1526 2337
1528 2336
1530 2333
1532 2336
1534 2336
1536 2334
1538 2335
1540 2332
1542 2336
1544 2336
1546 2333
1548 2337
1550 2332
1552 2336
1554 2336
1556 2334
1558 2331
1560 2336
1562 2336
1564 2332
1566 2350
1568 2342
1570 2336
1572 2338
1574 2332
1576 2338
1578 2336
1580 2336
1582 2332
1584 2334
1586 2354
1588 2336
1590 2338
1592 2368
1594 2370
1596 2395
1598 2338
1600 2336
1602 2346
1604 2335
1606 2336
1608 2339
1610 2337
1612 2351
1614 2337
1616 2333
1618 2339
1620 2340
1622 2336
1624 2348
1626 2344
1628 2338
1630 2338
1632 2336
1634 2337
1636 2339
1638 2336
1640 2335
1642 2342
1644 2339
1646 2460
1648 2279
1650 2528
1652 2397
1654 2337
1656 2341
1658 2340
1660 2334
1662 2355
1664 2371
1666 2338
1668 2338
1670 2337
1672 2390
1674 2278
1676 2277
1678 2276
1680 2289
1682 2215
1684 2294
1686 2300
1688 2216
1690 2215
1692 2218
1694 2212
1696 2253
1698 2218
1700 2745
1702 2368
1704 2274
1706 2248
1708 2478
1710 2371
1712 2274
1714 2274
1716 2306
1718 2401
1720 2217
1722 2256
1724 2221
1726 2369
1728 2218
1730 2291
1732 2218
1734 2328
1736 2218
1738 2218
1740 2292
1742 2292
1744 2216
1746 2327
1748 2277
1750 2236
1752 2216
1754 2406
1756 2217
1758 2286
1760 2212
1762 2216
1764 2217
1766 2295
1768 2217
1770 2294
1772 2216
1774 2216
1776 2218
1778 2255
1780 2290
1782 2217
1784 2328
1786 2214
1788 2218
1790 2327
1792 2216
1794 2217
1796 2217
1798 2290
1800 2218
1802 2290
1804 2213
1806 2216
1808 2253
1810 2329
1812 2252
1814 2219
1816 2252
1818 2216
1820 2217
1822 2327
1824 2216
1826 2217
1828 2291
1830 2216
1832 2217
1834 2292
1836 2215
1838 2217
1840 2218
1842 2219
1844 2250
1846 2215
1848 2327
1850 2216
1852 2215
1854 2253
1856 2216
1858 2217
1860 2327
1862 2217
1864 2217
1866 2290
1868 2216
1870 2216
1872 2216
1874 2327
1876 2441
1878 2217
1880 2577
1882 2276
1884 2309
1886 2399
1888 2307
1890 2274
1892 2275
1894 2276
1896 2275
1898 2388
1900 2275
1902 2232
1904 2250
1906 2216
1908 2217
1910 2315
1912 2217
1914 2254
1916 2253
1918 2216
1920 2218
1922 2253
1924 2324
1926 2216
1928 2216
1930 2474
1932 2271
1934 2295
1936 2466
1938 2255
1940 2313
1942 2275
1944 2272
1946 2382
1948 2219
1950 2219
1952 2256
1954 2254
1956 2219
1958 2316
1960 2218
1962 2217
1964 2217
1966 2266
1968 2216
1970 2216
1972 2254
1974 2480
1976 2251
1978 2290
1980 2220
1982 2219
1984 2255
1986 2218
1988 2625
1990 2333
1992 2251
1994 2504
1996 2345
1998 2310
2000 4546
