2 237
4 199
6 197
8 185
10 183
12 183
14 183
16 175
18 172
20 173
22 171
24 171
26 171
28 172
30 170
32 171
34 170
36 168
38 168
40 169
42 168
44 204
46 167
48 167
50 168
52 169
54 223
56 178
58 177
60 173
62 187
64 193
66 196
68 191
70 191
72 190
74 190
76 190
78 192
80 192
82 190
84 190
86 191
88 209
90 189
92 230
94 190
96 189
98 208
100 201
102 254
104 225
106 216
108 222
110 191
112 191
114 190
116 190
118 227
120 190
122 190
124 190
126 244
128 244
130 242
132 243
134 242
136 250
138 242
140 242
142 242
144 243
146 281
148 244
150 242
152 242
154 242
156 242
158 280
160 242
162 277
164 241
166 241
168 242
170 242
172 242
174 242
176 242
178 242
180 242
182 242
184 242
186 242
188 244
190 316
192 245
194 280
196 242
198 243
200 243
202 279
204 242
206 243
208 242
210 242
212 241
214 242
216 241
218 242
220 241
222 242
224 310
226 242
228 340
230 252
232 252
234 344
236 329
238 336
240 252
242 252
244 251
246 251
248 252
250 411
252 394
254 393
256 388
258 388
260 525
262 380
264 405
266 384
268 379
270 379
272 378
274 379
276 378
278 402
280 379
282 379
284 379
286 379
288 379
290 379
292 425
294 382
296 379
298 379
300 380
302 378
304 378
306 378
308 379
310 414
312 380
314 383
316 378
318 378
320 381
322 379
324 382
326 378
328 379
330 389
332 389
334 386
336 383
338 380
340 384
342 384
344 381
346 385
348 380
350 422
352 380
354 379
356 378
358 379
360 379
362 379
364 379
366 378
368 379
370 378
372 378
374 391
376 427
378 369
380 385
382 369
384 369
386 370
388 369
390 368
392 407
394 368
396 368
398 368
400 368
402 368
404 368
406 370
408 367
410 405
412 375
414 359
416 359
418 359
420 359
422 358
424 360
426 359
428 359
430 359
432 358
434 358
436 359
438 358
440 359
442 396
444 370
446 368
448 369
450 369
452 405
454 369
456 359
458 358
460 358
462 359
464 359
466 368
468 368
470 368
472 368
474 369
476 368
478 359
480 359
482 360
484 358
486 358
488 359
490 359
492 358
494 378
496 359
498 359
500 605
502 603
504 602
506 602
508 619
510 619
512 619
514 634
516 602
518 646
520 603
522 603
524 602
526 640
528 602
530 621
532 602
534 602
536 603
538 602
540 602
542 602
544 603
546 744
548 618
550 618
552 618
554 603
556 620
558 603
560 603
562 618
564 618
566 621
568 603
570 642
572 602
574 602
576 603
578 619
580 619
582 603
584 603
586 639
588 603
590 603
592 603
594 603
596 602
598 603
600 602
602 602
604 603
606 603
608 602
610 602
612 602
614 618
616 602
618 602
620 601
622 602
624 602
626 618
628 602
630 674
632 603
634 602
636 602
638 603
640 602
642 716
644 602
646 602
648 601
650 677
652 602
654 601
656 603
658 602
660 640
662 620
664 678
666 602
668 602
670 602
672 603
674 604
676 602
678 602
680 603
682 603
684 603
686 662
688 602
690 699
692 601
694 601
696 602
698 602
700 601
702 601
704 602
706 602
708 678
710 601
712 666
714 603
716 602
718 602
720 602
722 602
724 602
726 673
728 603
730 603
732 603
734 602
736 602
738 603
740 602
742 603
744 677
746 603
748 602
750 602
752 677
754 602
756 603
758 603
760 603
762 604
764 602
766 602
768 602
770 601
772 602
774 602
776 602
778 602
780 602
782 602
784 604
786 602
788 602
790 602
792 639
794 602
796 602
798 603
800 602
802 602
804 603
806 603
808 602
810 601
812 618
814 617
816 616
818 616
820 669
822 694
824 668
826 650
828 670
830 617
832 632
834 660
836 632
838 634
840 632
842 713
844 672
846 720
848 652
850 633
852 716
854 663
856 633
858 633
860 632
862 650
864 649
866 650
868 650
870 648
872 673
874 632
876 632
878 631
880 632
882 670
884 632
886 632
888 677
890 631
892 713
894 634
896 709
898 632
900 758
902 632
904 633
906 680
908 632
910 632
912 632
914 616
916 616
918 617
920 616
922 616
924 615
926 650
928 616
930 616
932 616
934 616
936 616
938 655
940 616
942 653
944 617
946 616
948 618
950 616
952 615
954 615
956 615
958 615
960 616
962 616
964 616
966 615
968 632
970 632
972 632
974 667
976 632
978 633
980 679
982 615
984 615
986 689
988 615
990 615
992 615
994 654
996 697
998 653
1000 1130
1002 1128
1004 1128
1006 1127
1008 1125
1010 1126
1012 1127
1014 1127
1016 1162
1018 1126
1020 1127
1022 1125
1024 1198
1026 1125
1028 1162
1030 1162
1032 1200
1034 1125
1036 1125
1038 1125
1040 1125
1042 1125
1044 1126
1046 1126
1048 1125
1050 1164
1052 1126
1054 1125
1056 1182
1058 1164
1060 1124
1062 1212
1064 1126
1066 1144
1068 1126
1070 1128
1072 1126
1074 1126
1076 1124
1078 1125
1080 1126
1082 1125
1084 1126
1086 1125
1088 1236
1090 1162
1092 1126
1094 1163
1096 1125
1098 1127
1100 1164
1102 1126
1104 1451
1106 1293
1108 1128
1110 1180
1112 1241
1114 1157
1116 1157
1118 1266
1120 1190
1122 1189
1124 1189
1126 1157
1128 1158
1130 1193
1132 1126
1134 1127
1136 1202
1138 1277
1140 1126
1142 1127
1144 1126
1146 1162
1148 1124
1150 1127
1152 1127
1154 1318
1156 1126
1158 1126
1160 1157
1162 1161
1164 1159
1166 1149
1168 1127
1170 1127
1172 1126
1174 1216
1176 1126
1178 1126
1180 1199
1182 1126
1184 1127
1186 1204
1188 1125
1190 1127
1192 1125
1194 1125
1196 1127
1198 1126
1200 1125
1202 1127
1204 1464
1206 1130
1208 1165
1210 1129
1212 1158
1214 1157
1216 1158
1218 1202
1220 1158
1222 1157
1224 1157
1226 1157
1228 1152
1230 1127
1232 1127
1234 1127
1236 1160
1238 1125
1240 1236
1242 1162
1244 1125
1246 1428
1248 1157
1250 1127
1252 1156
1254 1177
1256 1187
1258 1161
1260 1159
1262 1247
1264 1128
1266 1129
1268 1159
1270 1156
1272 1156
1274 1163
1276 1206
1278 1125
1280 1126
1282 1125
1284 1125
1286 1125
1288 1125
1290 1125
1292 1202
1294 1127
1296 1148
1298 1162
1300 1125
1302 1125
1304 1125
1306 1126
1308 1126
1310 1125
1312 1125
1314 1125
1316 1125
1318 1200
1320 1126
1322 1124
1324 1124
1326 1126
1328 1124
1330 1277
1332 1127
1334 1126
1336 1145
1338 1127
1340 1125
1342 1125
1344 1127
1346 1126
1348 1168
1350 1125
1352 1126
1354 1125
1356 1126
1358 1127
1360 1320
1362 1131
1364 1129
1366 1222
1368 1161
1370 1160
1372 1158
1374 1156
1376 1156
1378 1125
1380 1200
1382 1126
1384 1125
1386 1199
1388 1200
1390 1129
1392 1127
1394 1127
1396 1165
1398 1127
1400 1126
1402 1146
1404 1162
1406 1125
1408 1126
1410 1279
1412 1145
1414 1127
1416 1127
1418 1388
1420 1129
1422 1278
1424 1387
1426 1213
1428 1257
1430 1244
1432 1187
1434 1158
1436 1157
1438 1156
1440 1126
1442 1126
1444 1126
1446 1126
1448 1126
1450 1125
1452 1163
1454 1127
1456 1126
1458 1125
1460 1163
1462 1124
1464 1126
1466 1163
1468 1126
1470 1137
1472 1135
1474 1136
1476 1135
1478 1171
1480 1208
1482 1133
1484 1135
1486 1206
1488 1132
1490 1132
1492 1520
1494 1136
1496 1166
1498 1165
1500 1163
1502 1164
1504 1167
1506 1165
1508 1163
1510 1162
1512 1174
1514 1133
1516 1132
1518 1169
1520 1133
1522 1133
1524 1244
1526 1133
1528 1131
1530 1131
1532 1132
1534 1249
1536 1131
1538 1132
1540 1205
1542 1204
1544 1131
1546 1133
1548 1133
1550 1132
1552 1131
1554 1131
1556 1131
1558 1131
1560 1131
1562 1131
1564 1137
1566 1134
1568 1133
1570 1134
1572 1207
1574 1134
1576 1133
1578 1243
1580 1133
1582 1132
1584 1132
1586 1133
1588 1132
1590 1132
1592 1133
1594 1209
1596 1132
1598 1131
1600 1131
1602 1133
1604 1245
1606 1132
1608 1132
1610 1205
1612 1133
1614 1131
1616 1130
1618 1131
1620 1131
1622 1131
1624 1132
1626 1168
1628 1131
1630 1132
1632 1132
1634 1132
1636 1131
1638 1132
1640 1132
1642 1133
1644 1133
1646 1133
1648 1132
1650 1134
1652 1132
1654 1241
1656 1133
1658 1168
1660 1130
1662 1132
1664 1205
1666 1132
1668 1131
1670 1131
1672 1131
1674 1131
1676 1172
1678 1132
1680 1130
1682 1280
1684 1167
1686 1167
1688 1204
1690 1131
1692 1242
1694 1131
1696 1132
1698 1131
1700 1131
1702 1132
1704 1131
1706 1132
1708 1169
1710 1130
1712 1131
1714 1131
1716 1131
1718 1300
1720 1136
1722 1135
1724 1133
1726 1207
1728 1132
1730 1170
1732 1133
1734 1133
1736 1132
1738 1218
1740 1135
1742 1281
1744 1163
1746 1212
1748 1134
1750 1132
1752 1133
1754 1131
1756 1131
1758 1246
1760 1137
1762 1134
1764 1135
1766 1133
1768 1132
1770 1134
1772 1132
1774 1168
1776 1133
1778 1132
1780 1182
1782 1220
1784 1159
1786 1211
1788 1191
1790 1305
1792 1271
1794 1166
1796 1133
1798 1238
1800 1285
1802 1165
1804 1164
1806 1163
1808 1132
1810 1132
1812 1132
1814 1132
1816 1131
1818 1132
1820 1131
1822 1132
1824 1133
1826 1132
1828 1133
1830 1198
1832 1133
1834 1134
1836 1133
1838 1131
1840 1207
1842 1131
1844 1348
1846 1197
1848 1199
1850 1195
1852 1196
1854 1195
1856 1195
1858 1186
1860 1214
1862 1161
1864 1161
1866 1197
1868 1162
1870 1132
1872 1202
1874 1131
1876 1132
1878 1132
1880 1131
1882 1133
1884 1131
1886 1131
1888 1133
1890 1132
1892 1131
1894 1132
1896 1131
1898 1131
1900 1130
1902 1131
1904 1314
1906 1131
1908 1131
1910 1208
1912 1132
1914 1132
1916 1132
1918 1132
1920 1131
1922 1131
1924 1131
1926 1131
1928 1131
1930 1131
1932 1130
1934 1131
1936 1147
1938 1130
1940 1150
1942 1242
1944 1131
1946 1132
1948 1132
1950 1131
1952 1131
1954 1130
1956 1131
1958 1132
1960 1132
1962 1131
1964 1130
1966 1205
1968 1209
1970 1131
1972 1131
1974 1205
1976 1133
1978 1132
1980 1131
1982 1131
1984 1131
1986 1320
1988 1131
1990 1168
1992 1131
1994 1131
1996 1131
1998 1226
2000 2254
