2 128
4 116
6 115
8 113
10 112
12 112
14 112
16 122
18 121
20 121
22 121
24 121
26 121
28 121
30 121
32 189
34 138
36 138
38 138
40 138
42 137
44 138
46 233
48 149
50 147
52 171
54 175
56 151
58 147
60 221
62 177
64 254
66 201
68 201
70 201
72 201
74 201
76 201
78 201
80 201
82 201
84 199
86 201
88 201
90 201
92 201
94 217
96 216
98 200
100 200
102 200
104 201
106 201
108 201
110 201
112 200
114 200
116 201
118 200
120 201
122 200
124 220
126 338
128 337
130 337
132 338
134 358
136 338
138 393
140 338
142 338
144 338
146 338
148 338
150 338
152 338
154 359
156 338
158 338
160 338
162 338
164 338
166 337
168 357
170 338
172 372
174 337
176 337
178 337
180 337
182 338
184 338
186 337
188 338
190 338
192 337
194 373
196 337
198 401
200 337
202 337
204 337
206 337
208 337
210 337
212 337
214 337
216 337
218 338
220 337
222 337
224 337
226 337
228 539
230 328
232 329
234 329
236 329
238 329
240 329
242 328
244 480
246 328
248 338
250 609
252 609
254 609
256 610
258 607
260 607
262 609
264 610
266 720
268 806
270 593
272 594
274 784
276 594
278 593
280 594
282 777
284 607
286 609
288 609
290 647
292 686
294 661
296 634
298 633
300 629
302 630
304 629
306 630
308 684
310 661
312 635
314 634
316 734
318 627
320 626
322 628
324 649
326 688
328 629
330 625
332 624
334 627
336 625
338 625
340 625
342 625
344 624
346 626
348 626
350 626
352 629
354 626
356 631
358 609
360 609
362 609
364 652
366 609
368 647
370 609
372 645
374 856
376 630
378 630
380 632
382 627
384 628
386 627
388 634
390 626
392 625
394 625
396 624
398 626
400 626
402 625
404 625
406 625
408 626
410 626
412 664
414 609
416 624
418 610
420 610
422 609
424 609
426 610
428 610
430 608
432 609
434 610
436 608
438 608
440 608
442 608
444 609
446 608
448 608
450 610
452 593
454 630
456 593
458 593
460 593
462 593
464 625
466 609
468 609
470 609
472 613
474 593
476 593
478 675
480 745
482 629
484 593
486 593
488 593
490 593
492 667
494 594
496 630
498 593
500 1168
502 1184
504 1130
506 1132
508 1167
510 1131
512 1131
514 1131
516 1131
518 1204
520 1168
522 1132
524 1132
526 1160
528 1160
530 1149
532 1131
534 1128
536 1133
538 1132
540 1149
542 1129
544 1132
546 1131
548 1131
550 1131
552 1131
554 1129
556 1131
558 1169
560 1131
562 1272
564 1131
566 1131
568 1131
570 1131
572 1165
574 1129
576 1131
578 1129
580 1159
582 1161
584 1194
586 1207
588 1128
590 1133
592 1274
594 1313
596 1254
598 1132
600 1166
602 1202
604 1161
606 1189
608 1187
610 1205
612 1163
614 1197
616 1160
618 1158
620 1237
622 1128
624 1249
626 1206
628 1264
630 1192
632 1161
634 1206
636 1233
638 1161
640 1161
642 1151
644 1132
646 1131
648 1169
650 1169
652 1128
654 1132
656 1128
658 1132
660 1238
662 1131
664 1131
666 1132
668 1203
670 1168
672 1203
674 1131
676 1129
678 1130
680 1258
682 1130
684 1197
686 1176
688 1162
690 1132
692 1131
694 1131
696 1210
698 1131
700 1131
702 1131
704 1243
706 1360
708 1162
710 1161
712 1161
714 1195
716 1162
718 1197
720 1166
722 1131
724 1131
726 1131
728 1131
730 1132
732 1133
734 1132
736 1133
738 1199
740 1132
742 1132
744 1131
746 1131
748 1131
750 1131
752 1132
754 1131
756 1189
758 1168
760 1133
762 1133
764 1170
766 1169
768 1131
770 1131
772 1131
774 1133
776 1169
778 1131
780 1131
782 1131
784 1205
786 1131
788 1130
790 1128
792 1148
794 1131
796 1132
798 1131
800 1131
802 1131
804 1131
806 1131
808 1131
810 1131
812 1168
814 1131
816 1131
818 1180
820 1133
822 1194
824 1132
826 1129
828 1208
830 1206
832 1131
834 1131
836 1130
838 1131
840 1132
842 1132
844 1133
846 1131
848 1131
850 1169
852 1131
854 1131
856 1131
858 1132
860 1133
862 1131
864 1131
866 1131
868 1131
870 1131
872 1130
874 1131
876 1131
878 1208
880 1130
882 1132
884 1167
886 1130
888 1130
890 1131
892 1202
894 1132
896 1168
898 1131
900 1131
902 1280
904 1134
906 1133
908 1169
910 1167
912 1132
914 1131
916 1131
918 1131
920 1168
922 1131
924 1131
926 1207
928 1130
930 1204
932 1169
934 1131
936 1167
938 1167
940 1130
942 1167
944 1223
946 1131
948 1131
950 1131
952 1285
954 1131
956 1170
958 1131
960 1131
962 1167
964 1131
966 1130
968 1209
970 1132
972 1131
974 1130
976 1130
978 1131
980 1239
982 1131
984 1131
986 1132
988 1131
990 1131
992 1167
994 1149
996 1131
998 1169
1000 2219
1002 2357
1004 2213
1006 2217
1008 2253
1010 2216
1012 2252
1014 2346
1016 2213
1018 2217
1020 2236
1022 2464
1024 2521
1026 2252
1028 2298
1030 2302
1032 2275
1034 2287
1036 2255
1038 2215
1040 2217
1042 2294
1044 2217
1046 2290
1048 2217
1050 2218
1052 2253
1054 2232
1056 2217
1058 2292
1060 2253
1062 2256
1064 2252
1066 2217
1068 2281
1070 2220
1072 2412
1074 2274
1076 2317
1078 2353
1080 2313
1082 2271
1084 2273
1086 2253
1088 2254
1090 2297
1092 2316
1094 2281
1096 2279
1098 2277
1100 2330
1102 2349
1104 2679
1106 2349
1108 2414
1110 2217
1112 2235
1114 2278
1116 2297
1118 2371
1120 2275
1122 2275
1124 2314
1126 2313
1128 2387
1130 2275
1132 2276
1134 2276
1136 2318
1138 2310
1140 2277
1142 2291
1144 2219
1146 2252
1148 2255
1150 2346
1152 2254
1154 2216
1156 2323
1158 2218
1160 2219
1162 2292
1164 2217
1166 2287
1168 2326
1170 2253
1172 2216
1174 2257
1176 2216
1178 2297
1180 2219
1182 2217
1184 2216
1186 2217
1188 2330
1190 2216
1192 2217
1194 2393
1196 2216
1198 2300
1200 2270
1202 2271
1204 2240
1206 2253
1208 2256
1210 2255
1212 2251
1214 2217
1216 2217
1218 2250
1220 2408
1222 2252
1224 2217
1226 2329
1228 2252
1230 2216
1232 2295
1234 2213
1236 2219
1238 2290
1240 2294
1242 2216
1244 2254
1246 2303
1248 2251
1250 2252
1252 2289
1254 2252
1256 2298
1258 2216
1260 2394
1262 2216
1264 2218
1266 2216
1268 2280
1270 2217
1272 2253
1274 2216
1276 2220
1278 2254
1280 2252
1282 2298
1284 2216
1286 2218
1288 2327
1290 2257
1292 2253
1294 2251
1296 2219
1298 2219
1300 2324
1302 2216
1304 2286
1306 2291
1308 2216
1310 2214
1312 2295
1314 2253
1316 2253
1318 2288
1320 2217
1322 2216
1324 2236
1326 2290
1328 2213
1330 2219
1332 2216
1334 2473
1336 2270
1338 2276
1340 2394
1342 2232
1344 2290
1346 2217
1348 2217
1350 2252
1352 2328
1354 2215
1356 2322
1358 2441
1360 2216
1362 2293
1364 2275
1366 2278
1368 2312
1370 2467
1372 2216
1374 2291
1376 2274
1378 2347
1380 2513
1382 2278
1384 2277
1386 2278
1388 2277
1390 2278
1392 2310
1394 2253
1396 2309
1398 2289
1400 2217
1402 2241
1404 2273
1406 2289
1408 2253
1410 2290
1412 2324
1414 2219
1416 2722
1418 2485
1420 2365
1422 2279
1424 2275
1426 2339
1428 2303
1430 2346
1432 2275
1434 2280
1436 2277
1438 2314
1440 2277
1442 2237
1444 2290
1446 2254
1448 2216
1450 2253
1452 2326
1454 2269
1456 2217
1458 2364
1460 2212
1462 2216
1464 2251
1466 2213
1468 2271
1470 2294
1472 2220
1474 2220
1476 2254
1478 2254
1480 2254
1482 2215
1484 2214
1486 2370
1488 2216
1490 2215
1492 2253
1494 2215
1496 2322
1498 2217
1500 2251
1502 2331
1504 2216
1506 2290
1508 2434
1510 2216
1512 2254
1514 2254
1516 2254
1518 2216
1520 2214
1522 2213
1524 2287
1526 2219
1528 2216
1530 2213
1532 2217
1534 2293
1536 2308
1538 2218
1540 2328
1542 2215
1544 2291
1546 2364
1548 2216
1550 2216
1552 2271
1554 2297
1556 2216
1558 2253
1560 2215
1562 2290
1564 2249
1566 2217
1568 2212
1570 2216
1572 2218
1574 2359
1576 2216
1578 2217
1580 2216
1582 2212
1584 2289
1586 2216
1588 2291
1590 2340
1592 2277
1594 2380
1596 2339
1598 2336
1600 2336
1602 2441
1604 2274
1606 2275
1608 2305
1610 2219
1612 2219
1614 2296
1616 2218
1618 2291
1620 2217
1622 2219
1624 2217
1626 2216
1628 2395
1630 2218
1632 2274
1634 2276
1636 2279
1638 2213
1640 2293
1642 2675
1644 2276
1646 2276
1648 2413
1650 2435
1652 2217
1654 2309
1656 2305
1658 2397
1660 2289
1662 2216
1664 2335
1666 2217
1668 2215
1670 2252
1672 2216
1674 2249
1676 2328
1678 2253
1680 2217
1682 2218
1684 2217
1686 2216
1688 2358
1690 2216
1692 2216
1694 2216
1696 2290
1698 2294
1700 2255
1702 2254
1704 2219
1706 2254
1708 2252
1710 2256
1712 2214
1714 2216
1716 2292
1718 2217
1720 2369
1722 2216
1724 2214
1726 2217
1728 2217
1730 2291
1732 2217
1734 2256
1736 2251
1738 2253
1740 2256
1742 2217
1744 2217
1746 2253
1748 2217
1750 2214
1752 2217
1754 2217
1756 2252
1758 2254
1760 2253
1762 2218
1764 2218
1766 2254
1768 2216
1770 2326
1772 2328
1774 2256
1776 2216
1778 2252
1780 2218
1782 2289
1784 2330
1786 2214
1788 2216
1790 2216
1792 2213
1794 2253
1796 2217
1798 2216
1800 2216
1802 2252
1804 2217
1806 2253
1808 2212
1810 2324
1812 2216
1814 2290
1816 2254
1818 2216
1820 2304
1822 2324
1824 2213
1826 2256
1828 2253
1830 2404
1832 2507
1834 2480
1836 2218
1838 2246
1840 2213
1842 2295
1844 2217
1846 2257
1848 2215
1850 2215
1852 2216
1854 2221
1856 2253
1858 2217
1860 2295
1862 2213
1864 2286
1866 2252
1868 2215
1870 2212
1872 2254
1874 2219
1876 2219
1878 2330
1880 2218
1882 2217
1884 2292
1886 2216
1888 2288
1890 2218
1892 2216
1894 2216
1896 2212
1898 2249
1900 2290
1902 2216
1904 2323
1906 2216
1908 2311
1910 2249
1912 2217
1914 2293
1916 2254
1918 2357
1920 2234
1922 2254
1924 2253
1926 2215
1928 2253
1930 2216
1932 2478
1934 2362
1936 2403
1938 2367
1940 2306
1942 2276
1944 2379
1946 2585
1948 2273
1950 2273
1952 2353
1954 2213
1956 2411
1958 2215
1960 2281
1962 2254
1964 2216
1966 2219
1968 2291
1970 2250
1972 2220
1974 2288
1976 2247
1978 2427
1980 2216
1982 2216
1984 2289
1986 2216
1988 2216
1990 2287
1992 2217
1994 2255
1996 2256
1998 2258
2000 4530
