2 242
4 220
6 218
8 207
10 205
12 204
14 204
16 194
18 193
20 191
22 192
24 193
26 217
28 194
30 194
32 192
34 191
36 189
38 188
40 189
42 188
44 189
46 188
48 188
50 189
52 187
54 187
56 189
58 187
60 188
62 235
64 196
66 193
68 190
70 189
72 189
74 189
76 190
78 190
80 189
82 189
84 189
86 227
88 214
90 190
92 189
94 190
96 190
98 190
100 190
102 189
104 189
106 209
108 189
110 190
112 189
114 189
116 189
118 189
120 189
122 189
124 189
126 245
128 244
130 244
132 243
134 243
136 243
138 243
140 243
142 244
144 245
146 243
148 243
150 243
152 242
154 243
156 243
158 242
160 244
162 243
164 245
166 289
168 236
170 236
172 235
174 236
176 355
178 310
180 236
182 236
184 236
186 236
188 289
190 243
192 243
194 243
196 243
198 242
200 261
202 473
204 256
206 438
208 298
210 294
212 273
214 343
216 327
218 252
220 251
222 251
224 250
226 249
228 254
230 251
232 266
234 253
236 250
238 251
240 255
242 250
244 251
246 249
248 250
250 378
252 389
254 377
256 376
258 375
260 375
262 374
264 374
266 377
268 384
270 376
272 375
274 375
276 375
278 373
280 477
282 681
284 890
286 812
288 815
290 692
292 691
294 692
296 533
298 533
300 532
302 532
304 578
306 452
308 449
310 445
312 445
314 446
316 445
318 449
320 445
322 394
324 394
326 396
328 408
330 399
332 398
334 396
336 396
338 399
340 396
342 397
344 398
346 411
348 373
350 376
352 375
354 374
356 374
358 375
360 374
362 373
364 375
366 374
368 373
370 373
372 374
374 374
376 375
378 384
380 364
382 363
384 364
386 365
388 365
390 364
392 382
394 418
396 365
398 364
400 363
402 363
404 364
406 362
408 363
410 363
412 401
414 364
416 354
418 354
420 354
422 398
424 364
426 363
428 362
430 363
432 364
434 379
436 354
438 353
440 354
442 355
444 354
446 392
448 354
450 354
452 353
454 354
456 353
458 354
460 354
462 354
464 354
466 391
468 354
470 354
472 356
474 355
476 354
478 471
480 354
482 354
484 354
486 363
488 364
490 364
492 363
494 363
496 363
498 353
500 619
502 619
504 619
506 617
508 618
510 673
512 656
514 618
516 618
518 618
520 619
522 618
524 618
526 657
528 712
530 618
532 619
534 635
536 635
538 672
540 618
542 618
544 618
546 618
548 619
550 675
552 619
554 619
556 618
558 620
560 618
562 618
564 618
566 618
568 654
570 618
572 635
574 634
576 635
578 619
580 639
582 635
584 618
586 618
588 618
590 619
592 619
594 618
596 618
598 617
600 618
602 618
604 618
606 655
608 618
610 681
612 635
614 618
616 618
618 654
620 618
622 618
624 642
626 640
628 619
630 655
632 618
634 619
636 618
638 617
640 618
642 685
644 650
646 618
648 619
650 619
652 617
654 656
656 621
658 619
660 618
662 619
664 619
666 698
668 693
670 636
672 635
674 635
676 839
678 636
680 637
682 636
684 635
686 636
688 617
690 647
692 618
694 655
696 620
698 619
700 619
702 618
704 618
706 620
708 619
710 731
712 618
714 619
716 618
718 618
720 618
722 654
724 619
726 618
728 618
730 618
732 617
734 656
736 619
738 617
740 617
742 618
744 618
746 655
748 737
750 618
752 634
754 618
756 619
758 632
760 620
762 619
764 696
766 618
768 618
770 618
772 618
774 618
776 617
778 618
780 619
782 619
784 617
786 654
788 617
790 618
792 618
794 772
796 647
798 635
800 635
802 677
804 672
806 635
808 636
810 636
812 635
814 637
816 714
818 636
820 634
822 634
824 690
826 636
828 636
830 635
832 635
834 634
836 664
838 634
840 715
842 618
844 618
846 618
848 633
850 635
852 635
854 675
856 635
858 634
860 634
862 635
864 634
866 711
868 634
870 635
872 635
874 651
876 635
878 635
880 645
882 619
884 655
886 619
888 618
890 618
892 618
894 991
896 767
898 694
900 643
902 636
904 634
906 652
908 753
910 636
912 636
914 635
916 635
918 635
920 634
922 633
924 673
926 636
928 635
930 636
932 618
934 619
936 620
938 620
940 619
942 618
944 618
946 620
948 618
950 618
952 617
954 619
956 619
958 618
960 619
962 618
964 769
966 619
968 619
970 693
972 619
974 618
976 655
978 620
980 617
982 650
984 619
986 619
988 656
990 618
992 617
994 693
996 617
998 617
1000 1156
1002 1155
1004 1155
1006 1153
1008 1153
1010 1303
1012 1190
1014 1154
1016 1154
1018 1190
1020 1152
1022 1153
1024 1153
1026 1153
1028 1192
1030 1152
1032 1152
1034 1191
1036 1154
1038 1152
1040 1154
1042 1154
1044 1153
1046 1152
1048 1152
1050 1262
1052 1152
1054 1193
1056 1189
1058 1152
1060 1153
1062 1250
1064 1153
1066 1172
1068 1186
1070 1185
1072 1184
1074 1186
1076 1184
1078 1152
1080 1153
1082 1152
1084 1153
1086 1167
1088 1154
1090 1154
1092 1154
1094 1227
1096 1152
1098 1266
1100 1189
1102 1152
1104 1151
1106 1225
1108 1497
1110 1211
1112 1366
1114 1186
1116 1185
1118 1213
1120 1184
1122 1186
1124 1206
1126 1187
1128 1452
1130 1253
1132 1282
1134 1265
1136 1340
1138 1268
1140 1205
1142 1187
1144 1185
1146 1231
1148 1275
1150 1245
1152 1185
1154 1187
1156 1187
1158 1186
1160 1185
1162 1191
1164 1271
1166 1275
1168 1155
1170 1155
1172 1192
1174 1296
1176 1275
1178 1183
1180 1185
1182 1311
1184 1255
1186 1258
1188 1182
1190 1183
1192 1182
1194 1182
1196 1154
1198 1151
1200 1225
1202 1152
1204 1153
1206 1184
1208 1304
1210 1182
1212 1254
1214 1182
1216 1180
1218 1167
1220 1189
1222 1152
1224 1151
1226 1264
1228 1150
1230 1151
1232 1150
1234 1151
1236 1238
1238 1225
1240 1151
1242 1151
1244 1151
1246 1150
1248 1151
1250 1151
1252 1150
1254 1153
1256 1150
1258 1186
1260 1151
1262 1186
1264 1149
1266 1151
1268 1188
1270 1151
1272 1151
1274 1150
1276 1151
1278 1150
1280 1150
1282 1150
1284 1150
1286 1151
1288 1151
1290 1152
1292 1149
1294 1186
1296 1230
1298 1150
1300 1167
1302 1150
1304 1150
1306 1224
1308 1150
1310 1150
1312 1153
1314 1151
1316 1152
1318 1152
1320 1151
1322 1150
1324 1152
1326 1187
1328 1224
1330 1295
1332 1224
1334 1183
1336 1182
1338 1182
1340 1181
1342 1216
1344 1192
1346 1227
1348 1150
1350 1150
1352 1151
1354 1151
1356 1151
1358 1151
1360 1151
1362 1150
1364 1152
1366 1150
1368 1150
1370 1149
1372 1333
1374 1150
1376 1150
1378 1187
1380 1187
1382 1149
1384 1254
1386 1150
1388 1151
1390 1150
1392 1151
1394 1286
1396 1273
1398 1187
1400 1185
1402 1248
1404 1184
1406 1185
1408 1265
1410 1154
1412 1209
1414 1228
1416 1287
1418 1154
1420 1151
1422 1151
1424 1153
1426 1151
1428 1152
1430 1152
1432 1225
1434 1153
1436 1151
1438 1221
1440 1171
1442 1155
1444 1154
1446 1222
1448 1191
1450 1154
1452 1154
1454 1228
1456 1152
1458 1188
1460 1151
1462 1151
1464 1260
1466 1151
1468 1151
1470 1151
1472 1189
1474 1150
1476 1152
1478 1150
1480 1209
1482 1212
1484 1151
1486 1152
1488 1151
1490 1150
1492 1152
1494 1150
1496 1151
1498 1209
1500 1152
1502 1152
1504 1152
1506 1153
1508 1187
1510 1150
1512 1204
1514 1187
1516 1149
1518 1149
1520 1150
1522 1151
1524 1187
1526 1150
1528 1152
1530 1152
1532 1152
1534 1150
1536 1151
1538 1172
1540 1150
1542 1150
1544 1152
1546 1152
1548 1227
1550 1153
1552 1187
1554 1150
1556 1294
1558 1187
1560 1151
1562 1223
1564 1227
1566 1187
1568 1150
1570 1187
1572 1151
1574 1151
1576 1150
1578 1150
1580 1150
1582 1149
1584 1187
1586 1150
1588 1226
1590 1188
1592 1150
1594 1187
1596 1188
1598 1150
1600 1150
1602 1170
1604 1151
1606 1152
1608 1150
1610 1149
1612 1150
1614 1150
1616 1150
1618 1323
1620 1150
1622 1150
1624 1151
1626 1152
1628 1150
1630 1150
1632 1150
1634 1224
1636 1151
1638 1151
1640 1188
1642 1229
1644 1152
1646 1152
1648 1151
1650 1166
1652 1150
1654 1151
1656 1208
1658 1152
1660 1151
1662 1150
1664 1151
1666 1226
1668 1150
1670 1150
1672 1187
1674 1150
1676 1150
1678 1188
1680 1155
1682 1211
1684 1447
1686 1155
1688 1155
1690 1267
1692 1181
1694 1183
1696 1182
1698 1183
1700 1182
1702 1186
1704 1184
1706 1184
1708 1217
1710 1232
1712 1152
1714 1188
1716 1151
1718 1153
1720 1152
1722 1150
1724 1153
1726 1151
1728 1151
1730 1151
1732 1151
1734 1150
1736 1169
1738 1151
1740 1234
1742 1161
1744 1160
1746 1218
1748 1161
1750 1159
1752 1230
1754 1196
1756 1158
1758 1159
1760 1159
1762 1163
1764 1163
1766 1160
1768 1159
1770 1233
1772 1158
1774 1158
1776 1235
1778 1159
1780 1159
1782 1160
1784 1159
1786 1158
1788 1159
1790 1233
1792 1159
1794 1159
1796 1195
1798 1159
1800 1162
1802 1241
1804 1191
1806 1191
1808 1182
1810 1161
1812 1160
1814 1159
1816 1160
1818 1159
1820 1158
1822 1160
1824 1195
1826 1159
1828 1175
1830 1159
1832 1159
1834 1195
1836 1158
1838 1197
1840 1266
1842 1160
1844 1233
1846 1158
1848 1232
1850 1160
1852 1160
1854 1159
1856 1160
1858 1162
1860 1161
1862 1160
1864 1249
1866 1192
1868 1179
1870 1160
1872 1159
1874 1160
1876 1158
1878 1197
1880 1162
1882 1161
1884 1267
1886 1159
1888 1158
1890 1159
1892 1159
1894 1197
1896 1159
1898 1158
1900 1158
1902 1158
1904 1159
1906 1158
1908 1233
1910 1159
1912 1159
1914 1159
1916 1232
1918 1330
1920 1513
1922 1235
1924 1230
1926 1226
1928 1227
1930 1222
1932 1278
1934 1224
1936 1192
1938 1265
1940 1192
1942 1252
1944 1250
1946 1272
1948 1227
1950 1257
1952 1259
1954 1297
1956 1296
1958 1344
1960 1293
1962 1276
1964 1239
1966 1278
1968 1226
1970 1335
1972 1225
1974 1234
1976 1274
1978 1225
1980 1228
1982 1240
1984 1225
1986 1222
1988 1222
1990 1222
1992 1222
1994 1225
1996 1224
1998 1223
2000 2417
