2 216
4 198
6 197
8 186
10 186
12 184
14 183
16 176
18 174
20 173
22 173
24 171
26 171
28 171
30 171
32 173
34 173
36 267
38 170
40 170
42 168
44 168
46 168
48 169
50 167
52 167
54 230
56 195
58 182
60 174
62 184
64 195
66 193
68 189
70 189
72 188
74 189
76 189
78 188
80 188
82 231
84 190
86 188
88 189
90 188
92 190
94 227
96 227
98 189
100 188
102 188
104 188
106 188
108 189
110 188
112 189
114 188
116 188
118 188
120 188
122 188
124 189
126 355
128 241
130 239
132 240
134 239
136 238
138 239
140 238
142 239
144 238
146 239
148 239
150 239
152 239
154 239
156 239
158 239
160 239
162 238
164 241
166 239
168 238
170 239
172 239
174 239
176 239
178 276
180 366
182 291
184 233
186 233
188 233
190 233
192 232
194 379
196 235
198 233
200 240
202 239
204 239
206 239
208 239
210 239
212 239
214 239
216 318
218 241
220 272
222 1215
224 328
226 331
228 411
230 364
232 344
234 323
236 249
238 248
240 251
242 246
244 247
246 248
248 251
250 380
252 380
254 406
256 381
258 417
260 382
262 380
264 379
266 388
268 368
270 370
272 386
274 369
276 388
278 368
280 403
282 382
284 380
286 413
288 381
290 378
292 377
294 378
296 384
298 377
300 378
302 378
304 414
306 382
308 379
310 378
312 378
314 378
316 380
318 378
320 377
322 378
324 379
326 409
328 381
330 378
332 378
334 381
336 377
338 382
340 378
342 377
344 378
346 380
348 403
350 382
352 382
354 378
356 382
358 380
360 380
362 378
364 378
366 378
368 378
370 380
372 379
374 379
376 391
378 378
380 378
382 378
384 378
386 378
388 377
390 378
392 391
394 367
396 368
398 368
400 367
402 368
404 367
406 371
408 367
410 368
412 368
414 368
416 367
418 442
420 404
422 368
424 368
426 367
428 367
430 376
432 359
434 358
436 358
438 359
440 415
442 367
444 423
446 369
448 368
450 391
452 368
454 358
456 358
458 358
460 357
462 358
464 359
466 358
468 358
470 358
472 358
474 359
476 358
478 357
480 358
482 396
484 358
486 358
488 368
490 368
492 367
494 367
496 368
498 368
500 703
502 617
504 615
506 616
508 713
510 615
512 617
514 636
516 616
518 616
520 616
522 616
524 615
526 616
528 631
530 631
532 669
534 615
536 615
538 615
540 615
542 615
544 615
546 615
548 615
550 615
552 615
554 716
556 616
558 616
560 632
562 632
564 634
566 615
568 615
570 616
572 616
574 615
576 615
578 615
580 615
582 615
584 615
586 616
588 615
590 615
592 615
594 615
596 690
598 633
600 615
602 615
604 616
606 616
608 690
610 729
612 615
614 615
616 615
618 615
620 649
622 640
624 616
626 614
628 615
630 617
632 615
634 616
636 615
638 616
640 617
642 616
644 692
646 615
648 615
650 616
652 616
654 614
656 651
658 632
660 634
662 615
664 616
666 616
668 695
670 615
672 615
674 616
676 615
678 615
680 616
682 616
684 616
686 615
688 653
690 616
692 615
694 728
696 615
698 615
700 615
702 615
704 616
706 616
708 616
710 615
712 615
714 615
716 616
718 616
720 616
722 615
724 616
726 617
728 651
730 689
732 615
734 614
736 615
738 614
740 615
742 616
744 616
746 615
748 633
750 617
752 615
754 615
756 616
758 616
760 616
762 697
764 694
766 616
768 616
770 616
772 697
774 652
776 615
778 615
780 614
782 615
784 616
786 652
788 741
790 615
792 615
794 617
796 615
798 725
800 615
802 636
804 616
806 615
808 651
810 651
812 616
814 616
816 615
818 616
820 616
822 658
824 616
826 616
828 650
830 632
832 631
834 669
836 633
838 632
840 632
842 651
844 632
846 632
848 631
850 632
852 631
854 631
856 632
858 632
860 632
862 669
864 632
866 699
868 615
870 711
872 632
874 668
876 631
878 668
880 631
882 630
884 631
886 631
888 809
890 677
892 637
894 632
896 632
898 634
900 633
902 632
904 632
906 633
908 632
910 632
912 694
914 653
916 616
918 615
920 616
922 616
924 615
926 652
928 615
930 616
932 615
934 615
936 615
938 727
940 616
942 615
944 617
946 616
948 616
950 615
952 615
954 615
956 689
958 615
960 615
962 615
964 614
966 617
968 615
970 641
972 615
974 615
976 615
978 616
980 616
982 616
984 615
986 615
988 657
990 615
992 615
994 615
996 615
998 616
1000 1146
1002 1145
1004 1258
1006 1144
1008 1146
1010 1167
1012 1145
1014 1145
1016 1219
1018 1146
1020 1182
1022 1145
1024 1145
1026 1145
1028 1145
1030 1145
1032 1225
1034 1146
1036 1182
1038 1145
1040 1184
1042 1255
1044 1146
1046 1146
1048 1144
1050 1260
1052 1162
1054 1145
1056 1146
1058 1181
1060 1144
1062 1147
1064 1146
1066 1145
1068 1161
1070 1144
1072 1144
1074 1181
1076 1144
1078 1144
1080 1184
1082 1145
1084 1144
1086 1144
1088 1143
1090 1144
1092 1145
1094 1254
1096 1145
1098 1219
1100 1143
1102 1144
1104 1144
1106 1143
1108 1228
1110 1144
1112 1229
1114 1147
1116 1145
1118 1218
1120 1146
1122 1144
1124 1181
1126 1144
1128 1145
1130 1144
1132 1145
1134 1181
1136 1143
1138 1144
1140 1145
1142 1144
1144 1144
1146 1222
1148 1145
1150 1311
1152 1145
1154 1146
1156 1185
1158 1184
1160 1319
1162 1265
1164 1152
1166 1152
1168 1210
1170 1153
1172 1153
1174 1152
1176 1150
1178 1188
1180 1187
1182 1151
1184 1151
1186 1151
1188 1151
1190 1151
1192 1151
1194 1207
1196 1152
1198 1153
1200 1304
1202 1150
1204 1151
1206 1188
1208 1150
1210 1150
1212 1261
1214 1150
1216 1150
1218 1151
1220 1149
1222 1150
1224 1150
1226 1155
1228 1153
1230 1365
1232 1184
1234 1183
1236 1155
1238 1152
1240 1203
1242 1183
1244 1182
1246 1185
1248 1151
1250 1155
1252 1193
1254 1153
1256 1335
1258 1151
1260 1191
1262 1190
1264 1151
1266 1151
1268 1187
1270 1151
1272 1151
1274 1151
1276 1151
1278 1152
1280 1193
1282 1225
1284 1150
1286 1150
1288 1150
1290 1150
1292 1150
1294 1150
1296 1151
1298 1152
1300 1151
1302 1152
1304 1151
1306 1166
1308 1150
1310 1151
1312 1188
1314 1150
1316 1150
1318 1189
1320 1151
1322 1151
1324 1187
1326 1226
1328 1151
1330 1149
1332 1170
1334 1150
1336 1151
1338 1150
1340 1150
1342 1326
1344 1293
1346 1184
1348 1183
1350 1181
1352 1182
1354 1181
1356 1152
1358 1154
1360 1153
1362 1151
1364 1188
1366 1151
1368 1263
1370 1152
1372 1151
1374 1188
1376 1188
1378 1152
1380 1153
1382 1150
1384 1151
1386 1261
1388 1152
1390 1152
1392 1153
1394 1151
1396 1151
1398 1151
1400 1150
1402 1235
1404 1152
1406 1261
1408 1735
1410 1185
1412 1206
1414 1182
1416 1184
1418 1254
1420 1151
1422 1151
1424 1224
1426 1151
1428 1151
1430 1151
1432 1151
1434 1151
1436 1151
1438 1151
1440 1151
1442 1190
1444 1155
1446 1189
1448 1152
1450 1153
1452 1153
1454 1153
1456 1152
1458 1192
1460 1182
1462 1182
1464 1153
1466 1233
1468 1151
1470 1151
1472 1151
1474 1188
1476 1152
1478 1152
1480 1189
1482 1151
1484 1227
1486 1152
1488 1150
1490 1151
1492 1150
1494 1149
1496 1149
1498 1225
1500 1151
1502 1213
1504 1151
1506 1677
1508 1415
1510 1186
1512 1183
1514 1183
1516 1456
1518 1186
1520 1221
1522 1184
1524 1182
1526 1187
1528 1155
1530 1154
1532 1185
1534 1183
1536 1297
1538 1188
1540 1151
1542 1151
1544 1153
1546 1151
1548 1152
1550 1152
1552 1150
1554 1188
1556 1152
1558 1249
1560 1223
1562 1150
1564 1156
1566 1223
1568 1152
1570 1151
1572 1152
1574 1153
1576 1177
1578 1153
1580 1170
1582 1152
1584 1151
1586 1189
1588 1151
1590 1188
1592 1151
1594 1151
1596 1151
1598 1151
1600 1150
1602 1150
1604 1225
1606 1151
1608 1151
1610 1151
1612 1151
1614 1151
1616 1151
1618 1187
1620 1151
1622 1150
1624 1193
1626 1154
1628 1153
1630 1153
1632 1151
1634 1153
1636 1151
1638 1153
1640 1152
1642 1152
1644 1152
1646 1153
1648 1152
1650 1150
1652 1151
1654 1152
1656 1262
1658 1152
1660 1151
1662 1150
1664 1151
1666 1150
1668 1150
1670 1150
1672 1151
1674 1150
1676 1232
1678 1150
1680 1168
1682 1152
1684 1152
1686 1151
1688 1187
1690 1150
1692 1149
1694 1260
1696 1151
1698 1152
1700 1151
1702 1150
1704 1151
1706 1222
1708 1277
1710 1153
1712 1150
1714 1150
1716 1224
1718 1150
1720 1150
1722 1151
1724 1151
1726 1152
1728 1125
1730 1125
1732 1234
1734 1122
1736 1122
1738 1178
1740 1150
1742 1150
1744 1176
1746 1123
1748 1270
1750 1214
1752 1121
1754 1121
1756 1121
1758 1120
1760 1120
1762 1120
1764 1442
1766 1126
1768 1153
1770 1156
1772 1154
1774 1190
1776 1151
1778 1185
1780 1122
1782 1122
1784 1121
1786 1121
1788 1197
1790 1121
1792 1121
1794 1234
1796 1121
1798 1122
1800 1160
1802 1216
1804 1122
1806 1431
1808 1155
1810 1153
1812 1233
1814 1307
1816 1122
1818 1153
1820 1181
1822 1188
1824 1122
1826 1121
1828 1203
1830 1123
1832 1123
1834 1122
1836 1123
1838 1121
1840 1121
1842 1121
1844 1121
1846 1121
1848 1159
1850 1158
1852 1310
1854 1125
1856 1160
1858 1125
1860 1122
1862 1122
1864 1123
1866 1122
1868 1124
1870 1123
1872 1122
1874 1122
1876 1123
1878 1122
1880 1123
1882 1122
1884 1123
1886 1228
1888 1205
1890 1155
1892 1165
1894 1154
1896 1124
1898 1221
1900 1122
1902 1121
1904 1121
1906 1121
1908 1122
1910 1162
1912 1239
1914 1122
1916 1265
1918 1158
1920 1123
1922 1198
1924 1121
1926 1121
1928 1120
1930 1158
1932 1159
1934 1120
1936 1121
1938 1197
1940 1121
1942 1158
1944 1203
1946 1204
1948 1121
1950 1121
1952 1121
1954 1121
1956 1121
1958 1121
1960 1143
1962 1194
1964 1121
1966 1120
1968 1121
1970 1159
1972 1275
1974 1122
1976 1157
1978 1158
1980 1123
1982 1158
1984 1120
1986 1196
1988 1120
1990 1120
1992 1284
1994 1124
1996 1123
1998 1123
2000 2257
