2 215
4 197
6 196
8 185
10 184
12 183
14 184
16 174
18 192
20 171
22 171
24 170
26 171
28 171
30 170
32 171
34 170
36 169
38 168
40 168
42 168
44 168
46 221
48 169
50 171
52 170
54 212
56 197
58 176
60 175
62 185
64 196
66 192
68 191
70 191
72 190
74 190
76 190
78 192
80 200
82 196
84 195
86 207
88 189
90 190
92 190
94 190
96 193
98 190
100 190
102 190
104 190
106 189
108 189
110 190
112 190
114 189
116 190
118 189
120 189
122 189
124 190
126 266
128 240
130 239
132 239
134 239
136 239
138 239
140 238
142 238
144 261
146 245
148 245
150 245
152 245
154 245
156 245
158 245
160 244
162 244
164 246
166 244
168 260
170 245
172 245
174 244
176 244
178 244
180 245
182 259
184 280
186 245
188 245
190 245
192 244
194 246
196 244
198 245
200 245
202 244
204 244
206 244
208 245
210 245
212 245
214 280
216 247
218 281
220 244
222 244
224 245
226 245
228 245
230 244
232 245
234 244
236 313
238 245
240 280
242 246
244 245
246 245
248 244
250 385
252 387
254 412
256 367
258 366
260 366
262 383
264 365
266 401
268 366
270 367
272 364
274 365
276 381
278 383
280 379
282 377
284 375
286 375
288 375
290 418
292 376
294 374
296 375
298 373
300 374
302 375
304 376
306 412
308 377
310 374
312 374
314 374
316 375
318 374
320 373
322 374
324 384
326 376
328 380
330 380
332 407
334 376
336 375
338 376
340 374
342 374
344 374
346 388
348 376
350 404
352 374
354 374
356 376
358 378
360 375
362 374
364 376
366 373
368 374
370 374
372 374
374 374
376 365
378 364
380 364
382 364
384 367
386 367
388 365
390 365
392 365
394 365
396 355
398 355
400 356
402 356
404 355
406 428
408 355
410 355
412 355
414 356
416 354
418 355
420 421
422 355
424 356
426 354
428 365
430 364
432 363
434 364
436 355
438 355
440 410
442 355
444 355
446 374
448 354
450 356
452 355
454 355
456 355
458 355
460 393
462 375
464 365
466 365
468 364
470 400
472 364
474 364
476 364
478 364
480 365
482 364
484 365
486 365
488 398
490 378
492 354
494 355
496 355
498 356
500 606
502 607
504 606
506 622
508 622
510 606
512 606
514 607
516 607
518 606
520 645
522 606
524 607
526 607
528 607
530 607
532 679
534 679
536 606
538 606
540 682
542 731
544 704
546 624
548 624
550 628
552 623
554 622
556 622
558 622
560 674
562 622
564 686
566 623
568 632
570 606
572 635
574 606
576 607
578 606
580 679
582 646
584 627
586 623
588 623
590 606
592 606
594 606
596 680
598 606
600 606
602 606
604 606
606 606
608 643
610 606
612 606
614 606
616 606
618 607
620 723
622 623
624 606
626 643
628 606
630 606
632 642
634 606
636 606
638 607
640 636
642 606
644 606
646 606
648 606
650 606
652 606
654 605
656 606
658 606
660 606
662 607
664 606
666 605
668 607
670 606
672 761
674 607
676 607
678 622
680 622
682 622
684 622
686 622
688 624
690 607
692 606
694 607
696 606
698 606
700 606
702 606
704 606
706 606
708 606
710 606
712 606
714 605
716 606
718 606
720 606
722 646
724 606
726 606
728 606
730 606
732 607
734 606
736 643
738 606
740 607
742 607
744 607
746 643
748 606
750 606
752 606
754 755
756 722
758 624
760 622
762 623
764 710
766 622
768 624
770 623
772 623
774 623
776 622
778 652
780 622
782 623
784 624
786 624
788 622
790 623
792 623
794 624
796 679
798 606
800 606
802 625
804 608
806 607
808 643
810 657
812 605
814 606
816 605
818 606
820 605
822 606
824 606
826 607
828 606
830 679
832 660
834 606
836 605
838 640
840 622
842 606
844 643
846 606
848 608
850 607
852 607
854 621
856 643
858 606
860 606
862 606
864 606
866 606
868 606
870 607
872 606
874 606
876 605
878 605
880 606
882 605
884 621
886 690
888 621
890 702
892 656
894 755
896 657
898 636
900 636
902 636
904 635
906 636
908 635
910 637
912 636
914 688
916 619
918 619
920 618
922 619
924 619
926 618
928 620
930 618
932 722
934 635
936 673
938 636
940 636
942 636
944 672
946 635
948 636
950 636
952 618
954 657
956 618
958 618
960 619
962 620
964 707
966 638
968 637
970 636
972 635
974 635
976 635
978 635
980 635
982 635
984 729
986 619
988 803
990 670
992 737
994 635
996 745
998 635
1000 1193
1002 1266
1004 1194
1006 1180
1008 1231
1010 1183
1012 1193
1014 1195
1016 1245
1018 1162
1020 1162
1022 1162
1024 1273
1026 1161
1028 1162
1030 1163
1032 1162
1034 1160
1036 1161
1038 1161
1040 1160
1042 1161
1044 1234
1046 1199
1048 1216
1050 1162
1052 1199
1054 1161
1056 1160
1058 1201
1060 1161
1062 1161
1064 1162
1066 1162
1068 1162
1070 1161
1072 1161
1074 1160
1076 1160
1078 1160
1080 1177
1082 1197
1084 1195
1086 1317
1088 1162
1090 1197
1092 1198
1094 1199
1096 1196
1098 1161
1100 1199
1102 1161
1104 1162
1106 1161
1108 1198
1110 1161
1112 1241
1114 1162
1116 1177
1118 1162
1120 1162
1122 1160
1124 1160
1126 1160
1128 1163
1130 1161
1132 1198
1134 1199
1136 1162
1138 1162
1140 1200
1142 1162
1144 1162
1146 1183
1148 1197
1150 1198
1152 1236
1154 1162
1156 1162
1158 1270
1160 1192
1162 1198
1164 1195
1166 1193
1168 1193
1170 1198
1172 1201
1174 1164
1176 1163
1178 1161
1180 1162
1182 1163
1184 1162
1186 1161
1188 1161
1190 1228
1192 1200
1194 1162
1196 1233
1198 1164
1200 1161
1202 1271
1204 1162
1206 1161
1208 1199
1210 1161
1212 1161
1214 1161
1216 1161
1218 1161
1220 1161
1222 1161
1224 1162
1226 1162
1228 1161
1230 1197
1232 1160
1234 1162
1236 1160
1238 1161
1240 1241
1242 1162
1244 1161
1246 1197
1248 1160
1250 1162
1252 1200
1254 1161
1256 1161
1258 1161
1260 1160
1262 1161
1264 1214
1266 1200
1268 1159
1270 1162
1272 1161
1274 1161
1276 1160
1278 1160
1280 1161
1282 1162
1284 1234
1286 1161
1288 1160
1290 1161
1292 1161
1294 1198
1296 1197
1298 1191
1300 1193
1302 1200
1304 1161
1306 1161
1308 1236
1310 1162
1312 1162
1314 1162
1316 1198
1318 1213
1320 1161
1322 1162
1324 1162
1326 1161
1328 1161
1330 1161
1332 1161
1334 1234
1336 1162
1338 1161
1340 1196
1342 1162
1344 1161
1346 1161
1348 1165
1350 1238
1352 1286
1354 1327
1356 1194
1358 1305
1360 1196
1362 1195
1364 1194
1366 1160
1368 1161
1370 1161
1372 1201
1374 1161
1376 1163
1378 1161
1380 1164
1382 1161
1384 1242
1386 1198
1388 1162
1390 1162
1392 1253
1394 1161
1396 1198
1398 1220
1400 1161
1402 1199
1404 1201
1406 1162
1408 1161
1410 1280
1412 1191
1414 1192
1416 1193
1418 1160
1420 1160
1422 1163
1424 1162
1426 1160
1428 1161
1430 1161
1432 1161
1434 1161
1436 1161
1438 1162
1440 1161
1442 1160
1444 1414
1446 1380
1448 1340
1450 1195
1452 1227
1454 1225
1456 1295
1458 1195
1460 1193
1462 1164
1464 1162
1466 1317
1468 1269
1470 1199
1472 1163
1474 1163
1476 1235
1478 1162
1480 1161
1482 1161
1484 1162
1486 1192
1488 1199
1490 1163
1492 1162
1494 1162
1496 1162
1498 1160
1500 1198
1502 1161
1504 1161
1506 1161
1508 1152
1510 1150
1512 1194
1514 1148
1516 1344
1518 1149
1520 1261
1522 1242
1524 1147
1526 1184
1528 1184
1530 1149
1532 1148
1534 1147
1536 1149
1538 1220
1540 1147
1542 1148
1544 1184
1546 1147
1548 1147
1550 1360
1552 1382
1554 1181
1556 1350
1558 1212
1560 1216
1562 1218
1564 1180
1566 1215
1568 1171
1570 1152
1572 1147
1574 1149
1576 1149
1578 1150
1580 1149
1582 1149
1584 1174
1586 1152
1588 1150
1590 1278
1592 1149
1594 1184
1596 1282
1598 1151
1600 1150
1602 1150
1604 1148
1606 1150
1608 1148
1610 1185
1612 1147
1614 1147
1616 1183
1618 1219
1620 1147
1622 1185
1624 1148
1626 1148
1628 1151
1630 1146
1632 1147
1634 1147
1636 1148
1638 1147
1640 1147
1642 1226
1644 1147
1646 1147
1648 1164
1650 1146
1652 1147
1654 1224
1656 1147
1658 1170
1660 1185
1662 1147
1664 1290
1666 1258
1668 1147
1670 1147
1672 1147
1674 1147
1676 1147
1678 1147
1680 1149
1682 1148
1684 1147
1686 1147
1688 1262
1690 1146
1692 1147
1694 1148
1696 1147
1698 1183
1700 1147
1702 1290
1704 1253
1706 1164
1708 1178
1710 1177
1712 1175
1714 1149
1716 1147
1718 1147
1720 1221
1722 1147
1724 1149
1726 1148
1728 1147
1730 1456
1732 1150
1734 1149
1736 1181
1738 1218
1740 1194
1742 1151
1744 1150
1746 1295
1748 1149
1750 1152
1752 1235
1754 1149
1756 1148
1758 1184
1760 1149
1762 1147
1764 1220
1766 1148
1768 1148
1770 1184
1772 1148
1774 1148
1776 1148
1778 1176
1780 1149
1782 1218
1784 1148
1786 1147
1788 1147
1790 1147
1792 1274
1794 1248
1796 1153
1798 1152
1800 1179
1802 1351
1804 1148
1806 1148
1808 1224
1810 1153
1812 1214
1814 1187
1816 1189
1818 1185
1820 1187
1822 1148
1824 1150
1826 1151
1828 1187
1830 1149
1832 1150
1834 1184
1836 1148
1838 1148
1840 1149
1842 1149
1844 1146
1846 1163
1848 1146
1850 1147
1852 1218
1854 1146
1856 1146
1858 1168
1860 1147
1862 1184
1864 1185
1866 1147
1868 1147
1870 1147
1872 1149
1874 1149
1876 1147
1878 1148
1880 1148
1882 1147
1884 1148
1886 1147
1888 1147
1890 1147
1892 1147
1894 1148
1896 1185
1898 1149
1900 1269
1902 1225
1904 1149
1906 1149
1908 1147
1910 1150
1912 1148
1914 1149
1916 1149
1918 1149
1920 1147
1922 1179
1924 1148
1926 1147
1928 1237
1930 1149
1932 1148
1934 1184
1936 1242
1938 1148
1940 1259
1942 1147
1944 1147
1946 1149
1948 1147
1950 1147
1952 1149
1954 1147
1956 1148
1958 1148
1960 1149
1962 1149
1964 1148
1966 1147
1968 1147
1970 1148
1972 1220
1974 1148
1976 1148
1978 1184
1980 1147
1982 1148
1984 1146
1986 1147
1988 1147
1990 1147
1992 1146
1994 1147
1996 1147
1998 1147
2000 2320
