2 530
4 485
6 480
8 453
10 426
12 428
14 423
16 401
18 397
20 402
22 393
24 340
26 338
28 338
30 336
32 336
34 336
36 333
38 340
40 255
42 255
44 252
46 253
48 252
50 256
52 252
54 255
56 253
58 252
60 253
62 270
64 282
66 236
68 234
70 235
72 233
74 233
76 233
78 234
80 233
82 233
84 234
86 234
88 233
90 234
92 234
94 234
96 234
98 233
100 207
102 207
104 207
106 206
108 207
110 207
112 206
114 207
116 206
118 207
120 207
122 207
124 206
126 266
128 267
130 265
132 264
134 263
136 264
138 264
140 265
142 265
144 264
146 284
148 244
150 243
152 243
154 243
156 242
158 242
160 243
162 243
164 243
166 243
168 243
170 242
172 242
174 242
176 264
178 243
180 243
182 243
184 243
186 243
188 243
190 243
192 243
194 243
196 242
198 243
200 243
202 261
204 302
206 237
208 238
210 237
212 236
214 237
216 325
218 243
220 243
222 243
224 242
226 261
228 242
230 242
232 243
234 243
236 243
238 278
240 243
242 243
244 243
246 264
248 243
250 363
252 363
254 363
256 363
258 362
260 362
262 362
264 363
266 418
268 416
270 354
272 353
274 354
276 353
278 354
280 355
282 354
284 354
286 373
288 353
290 354
292 353
294 353
296 354
298 354
300 354
302 353
304 353
306 353
308 391
310 354
312 353
314 353
316 353
318 353
320 353
322 353
324 353
326 353
328 353
330 354
332 353
334 482
336 453
338 414
340 457
342 370
344 363
346 2693
348 485
350 371
352 400
354 399
356 363
358 362
360 363
362 363
364 365
366 363
368 362
370 363
372 418
374 363
376 366
378 366
380 365
382 364
384 364
386 363
388 363
390 363
392 363
394 355
396 354
398 353
400 354
402 354
404 484
406 353
408 353
410 353
412 353
414 353
416 353
418 353
420 411
422 354
424 354
426 353
428 353
430 352
432 353
434 354
436 353
438 352
440 352
442 352
444 353
446 429
448 353
450 353
452 354
454 354
456 354
458 354
460 354
462 354
464 353
466 354
468 353
470 353
472 353
474 404
476 363
478 354
480 353
482 354
484 354
486 354
488 354
490 354
492 354
494 354
496 353
498 353
500 614
502 652
504 614
506 614
508 613
510 613
512 613
514 613
516 613
518 614
520 613
522 613
524 613
526 651
528 614
530 613
532 613
534 613
536 613
538 613
540 613
542 612
544 614
546 613
548 613
550 613
552 613
554 613
556 613
558 613
560 613
562 684
564 613
566 614
568 613
570 613
572 613
574 613
576 650
578 613
580 613
582 691
584 650
586 613
588 614
590 613
592 613
594 613
596 614
598 613
600 612
602 614
604 614
606 613
608 614
610 614
612 613
614 613
616 613
618 650
620 613
622 613
624 613
626 650
628 614
630 614
632 615
634 613
636 613
638 614
640 614
642 613
644 613
646 613
648 614
650 613
652 614
654 613
656 723
658 613
660 614
662 613
664 615
666 613
668 613
670 613
672 613
674 614
676 613
678 614
680 613
682 613
684 613
686 615
688 614
690 651
692 613
694 612
696 613
698 613
700 613
702 613
704 684
706 613
708 614
710 634
712 613
714 613
716 613
718 613
720 612
722 613
724 686
726 649
728 613
730 614
732 613
734 614
736 613
738 613
740 614
742 613
744 690
746 613
748 613
750 613
752 615
754 613
756 613
758 613
760 615
762 615
764 614
766 613
768 613
770 617
772 614
774 614
776 613
778 613
780 613
782 687
784 613
786 613
788 612
790 613
792 673
794 612
796 613
798 613
800 613
802 613
804 612
806 613
808 613
810 684
812 613
814 687
816 613
818 614
820 613
822 614
824 614
826 614
828 613
830 613
832 613
834 613
836 791
838 615
840 615
842 614
844 652
846 613
848 650
850 613
852 613
854 652
856 613
858 615
860 613
862 613
864 613
866 613
868 613
870 613
872 613
874 614
876 613
878 613
880 614
882 613
884 613
886 613
888 613
890 613
892 649
894 613
896 613
898 613
900 613
902 652
904 614
906 614
908 613
910 702
912 613
914 613
916 613
918 613
920 614
922 613
924 614
926 613
928 613
930 614
932 685
934 632
936 613
938 613
940 613
942 613
944 684
946 615
948 614
950 791
952 677
954 710
956 630
958 629
960 629
962 629
964 629
966 629
968 629
970 631
972 629
974 716
976 631
978 631
980 630
982 630
984 716
986 613
988 613
990 613
992 653
994 613
996 613
998 613
1000 1191
1002 1120
1004 1232
1006 1157
1008 1272
1010 1120
1012 1121
1014 1120
1016 1168
1018 1157
1020 1121
1022 1121
1024 1119
1026 1120
1028 1155
1030 1193
1032 1220
1034 1122
1036 1121
1038 1160
1040 1120
1042 1119
1044 1119
1046 1119
1048 1119
1050 1119
1052 1119
1054 1120
1056 1120
1058 1119
1060 1118
1062 1157
1064 1119
1066 1157
1068 1118
1070 1155
1072 1118
1074 1120
1076 1120
1078 1118
1080 1119
1082 1119
1084 1120
1086 1184
1088 1118
1090 1196
1092 1147
1094 1148
1096 1150
1098 1189
1100 1149
1102 1148
1104 1148
1106 1184
1108 1149
1110 1148
1112 1148
1114 1148
1116 1118
1118 1118
1120 1120
1122 1120
1124 1197
1126 1119
1128 1119
1130 1149
1132 1188
1134 1149
1136 1128
1138 1125
1140 1124
1142 1125
1144 1124
1146 1124
1148 1162
1150 1123
1152 1162
1154 1128
1156 1202
1158 1124
1160 1124
1162 1221
1164 1125
1166 1124
1168 1124
1170 1206
1172 1126
1174 1124
1176 1205
1178 1125
1180 1124
1182 1126
1184 1125
1186 1124
1188 1234
1190 1123
1192 1123
1194 1197
1196 1124
1198 1124
1200 1161
1202 1123
1204 1124
1206 1123
1208 1254
1210 1164
1212 1154
1214 1153
1216 1161
1218 1123
1220 1123
1222 1125
1224 1122
1226 1229
1228 1123
1230 1159
1232 1160
1234 1122
1236 1122
1238 1122
1240 1122
1242 1122
1244 1122
1246 1122
1248 1198
1250 1123
1252 1123
1254 1122
1256 1121
1258 1158
1260 1219
1262 1122
1264 1409
1266 1225
1268 1376
1270 1157
1272 1155
1274 1205
1276 1187
1278 1244
1280 1182
1282 1157
1284 1155
1286 1154
1288 1154
1290 1124
1292 1198
1294 1123
1296 1310
1298 1195
1300 1123
1302 1123
1304 1215
1306 1125
1308 1124
1310 1202
1312 1154
1314 1123
1316 1239
1318 1125
1320 1124
1322 1161
1324 1126
1326 1126
1328 1125
1330 1162
1332 1123
1334 1123
1336 1127
1338 1126
1340 1123
1342 1127
1344 1126
1346 1124
1348 1197
1350 1125
1352 1125
1354 1195
1356 1123
1358 1123
1360 1122
1362 1123
1364 1124
1366 1124
1368 1124
1370 1256
1372 1196
1374 1122
1376 1161
1378 1229
1380 1155
1382 1156
1384 1227
1386 1153
1388 1125
1390 1232
1392 1126
1394 1197
1396 1128
1398 1124
1400 1124
1402 1126
1404 1123
1406 1194
1408 1123
1410 1161
1412 1121
1414 1122
1416 1229
1418 1122
1420 1123
1422 1194
1424 1124
1426 1122
1428 1122
1430 1196
1432 1122
1434 1160
1436 1126
1438 1125
1440 1126
1442 1123
1444 1127
1446 1126
1448 1205
1450 1124
1452 1123
1454 1182
1456 1124
1458 1157
1460 1123
1462 1124
1464 1162
1466 1123
1468 1126
1470 1127
1472 1244
1474 1124
1476 1124
1478 1125
1480 1125
1482 1123
1484 1124
1486 1124
1488 1162
1490 1197
1492 1124
1494 1123
1496 1123
1498 1127
1500 1125
1502 1243
1504 1125
1506 1124
1508 1124
1510 1163
1512 1125
1514 1123
1516 1159
1518 1123
1520 1123
1522 1195
1524 1123
1526 1163
1528 1122
1530 1122
1532 1123
1534 1122
1536 1123
1538 1124
1540 1123
1542 1159
1544 1124
1546 1196
1548 1199
1550 1122
1552 1122
1554 1364
1556 1155
1558 1154
1560 1469
1562 1127
1564 1126
1566 1160
1568 1125
1570 1254
1572 1162
1574 1235
1576 1161
1578 1123
1580 1123
1582 1233
1584 1123
1586 1251
1588 1126
1590 1124
1592 1126
1594 1233
1596 1126
1598 1126
1600 1194
1602 1123
1604 1140
1606 1123
1608 1124
1610 1197
1612 1232
1614 1124
1616 1123
1618 1123
1620 1194
1622 1123
1624 1122
1626 1122
1628 1124
1630 1123
1632 1160
1634 1124
1636 1124
1638 1124
1640 1124
1642 1200
1644 1123
1646 1125
1648 1122
1650 1123
1652 1124
1654 1123
1656 1122
1658 1123
1660 1122
1662 1122
1664 1123
1666 1233
1668 1122
1670 1161
1672 1122
1674 1215
1676 1123
1678 1124
1680 1198
1682 1154
1684 1152
1686 1154
1688 1300
1690 1128
1692 1124
1694 1205
1696 1124
1698 1125
1700 1157
1702 1155
1704 1154
1706 1123
1708 1200
1710 1123
1712 1126
1714 1126
1716 1195
1718 1124
1720 1126
1722 1228
1724 1153
1726 1157
1728 1156
1730 1155
1732 1153
1734 1227
1736 1155
1738 1153
1740 1143
1742 1123
1744 1122
1746 1122
1748 1161
1750 1124
1752 1197
1754 1125
1756 1162
1758 1123
1760 1128
1762 1127
1764 1162
1766 1124
1768 1124
1770 1124
1772 1124
1774 1124
1776 1196
1778 1201
1780 1125
1782 1124
1784 1159
1786 1123
1788 1230
1790 1123
1792 1123
1794 1278
1796 1124
1798 1127
1800 1129
1802 1185
1804 1154
1806 1153
1808 1154
1810 1154
1812 1154
1814 1150
1816 1210
1818 1123
1820 1124
1822 1161
1824 1124
1826 1124
1828 1125
1830 1123
1832 1123
1834 1124
1836 1123
1838 1123
1840 1123
1842 1123
1844 1249
1846 1125
1848 1149
1850 1154
1852 1154
1854 1205
1856 1157
1858 1157
1860 1126
1862 1124
1864 1124
1866 1127
1868 1125
1870 1124
1872 1124
1874 1124
1876 1125
1878 1125
1880 1125
1882 1123
1884 1127
1886 1125
1888 1172
1890 1125
1892 1123
1894 1123
1896 1294
1898 1210
1900 1154
1902 1155
1904 1154
1906 1155
1908 1153
1910 1152
1912 1125
1914 1142
1916 1124
1918 1124
1920 1125
1922 1124
1924 1161
1926 1159
1928 1202
1930 1124
1932 1144
1934 1122
1936 1122
1938 1124
1940 1164
1942 1123
1944 1123
1946 1123
1948 1159
1950 1123
1952 1196
1954 1123
1956 1123
1958 1123
1960 1123
1962 1198
1964 1123
1966 1122
1968 1195
1970 1231
1972 1124
1974 1124
1976 1198
1978 1122
1980 1122
1982 1248
1984 1123
1986 1162
1988 1224
1990 1124
1992 1124
1994 1123
1996 1122
1998 1122
2000 2204
