2 241
4 222
6 218
8 205
10 204
12 203
14 203
16 193
18 193
20 191
22 190
24 190
26 190
28 189
30 189
32 191
34 190
36 189
38 189
40 188
42 224
44 191
46 192
48 175
50 174
52 175
54 173
56 172
58 173
60 173
62 184
64 195
66 214
68 191
70 192
72 191
74 194
76 193
78 194
80 190
82 190
84 190
86 208
88 192
90 190
92 190
94 189
96 192
98 190
100 190
102 191
104 190
106 190
108 190
110 190
112 190
114 190
116 189
118 189
120 190
122 190
124 190
126 304
128 247
130 245
132 244
134 243
136 243
138 243
140 261
142 243
144 243
146 243
148 243
150 243
152 243
154 243
156 245
158 244
160 244
162 279
164 243
166 243
168 263
170 250
172 270
174 267
176 239
178 240
180 239
182 247
184 283
186 284
188 244
190 245
192 245
194 285
196 243
198 301
200 378
202 317
204 417
206 279
208 254
210 264
212 245
214 244
216 330
218 246
220 247
222 244
224 243
226 243
228 243
230 243
232 243
234 243
236 279
238 242
240 243
242 244
244 243
246 243
248 271
250 366
252 366
254 365
256 365
258 369
260 368
262 367
264 367
266 367
268 366
270 407
272 367
274 366
276 377
278 358
280 542
282 356
284 357
286 356
288 357
290 356
292 357
294 357
296 365
298 366
300 367
302 366
304 366
306 366
308 365
310 366
312 366
314 374
316 357
318 357
320 357
322 357
324 357
326 356
328 357
330 356
332 356
334 357
336 356
338 357
340 357
342 357
344 357
346 429
348 446
350 393
352 358
354 358
356 357
358 367
360 357
362 357
364 357
366 432
368 356
370 356
372 357
374 356
376 430
378 356
380 356
382 357
384 356
386 379
388 357
390 357
392 394
394 428
396 357
398 356
400 356
402 355
404 357
406 357
408 357
410 356
412 356
414 461
416 357
418 357
420 356
422 356
424 357
426 356
428 356
430 357
432 356
434 356
436 357
438 357
440 356
442 357
444 356
446 358
448 357
450 357
452 356
454 357
456 357
458 357
460 356
462 356
464 358
466 356
468 357
470 357
472 357
474 357
476 357
478 393
480 356
482 357
484 358
486 357
488 357
490 356
492 356
494 357
496 357
498 357
500 609
502 609
504 609
506 681
508 609
510 609
512 610
514 609
516 609
518 609
520 609
522 609
524 609
526 608
528 609
530 608
532 609
534 611
536 608
538 645
540 608
542 609
544 609
546 608
548 608
550 608
552 711
554 677
556 651
558 638
560 628
562 748
564 626
566 625
568 625
570 628
572 625
574 624
576 624
578 706
580 626
582 625
584 624
586 624
588 624
590 609
592 609
594 649
596 609
598 608
600 609
602 609
604 609
606 608
608 608
610 608
612 608
614 629
616 608
618 609
620 609
622 609
624 608
626 609
628 608
630 609
632 609
634 609
636 624
638 679
640 609
642 608
644 608
646 609
648 608
650 609
652 625
654 610
656 608
658 608
660 608
662 608
664 785
666 761
668 660
670 774
672 625
674 624
676 625
678 625
680 625
682 624
684 625
686 624
688 624
690 624
692 624
694 625
696 625
698 608
700 681
702 608
704 609
706 642
708 608
710 608
712 609
714 610
716 609
718 610
720 609
722 609
724 608
726 609
728 610
730 608
732 609
734 609
736 609
738 609
740 608
742 627
744 611
746 666
748 609
750 609
752 716
754 624
756 624
758 624
760 624
762 625
764 624
766 625
768 645
770 624
772 625
774 625
776 624
778 625
780 624
782 625
784 639
786 608
788 608
790 608
792 608
794 609
796 608
798 609
800 608
802 645
804 681
806 609
808 608
810 609
812 608
814 609
816 610
818 608
820 629
822 783
824 610
826 609
828 608
830 609
832 625
834 625
836 664
838 625
840 625
842 624
844 625
846 625
848 625
850 624
852 642
854 627
856 625
858 624
860 625
862 625
864 626
866 624
868 740
870 609
872 625
874 624
876 644
878 626
880 625
882 666
884 624
886 627
888 624
890 624
892 625
894 625
896 624
898 624
900 624
902 624
904 609
906 609
908 610
910 608
912 608
914 608
916 608
918 608
920 608
922 608
924 609
926 609
928 609
930 611
932 609
934 650
936 608
938 608
940 608
942 683
944 608
946 608
948 608
950 609
952 610
954 608
956 608
958 608
960 609
962 682
964 610
966 609
968 610
970 609
972 608
974 609
976 608
978 610
980 608
982 608
984 608
986 707
988 609
990 608
992 608
994 608
996 609
998 609
1000 1221
1002 1148
1004 1147
1006 1205
1008 1147
1010 1147
1012 1183
1014 1145
1016 1145
1018 1146
1020 1147
1022 1183
1024 1145
1026 1145
1028 1145
1030 1151
1032 1150
1034 1225
1036 1184
1038 1147
1040 1277
1042 1150
1044 1148
1046 1237
1048 1148
1050 1613
1052 4288
1054 1253
1056 1179
1058 1176
1060 1181
1062 1220
1064 1178
1066 1336
1068 1258
1070 1187
1072 1148
1074 1184
1076 1147
1078 1146
1080 1298
1082 1145
1084 1223
1086 1146
1088 1146
1090 1207
1092 1146
1094 1145
1096 1147
1098 1145
1100 1146
1102 1220
1104 1225
1106 1183
1108 1146
1110 1146
1112 1184
1114 1147
1116 1147
1118 1260
1120 1146
1122 1146
1124 1146
1126 1146
1128 1145
1130 1147
1132 1147
1134 1147
1136 1148
1138 1146
1140 1146
1142 1166
1144 1252
1146 1145
1148 1184
1150 1203
1152 1145
1154 1147
1156 1301
1158 1145
1160 1220
1162 1146
1164 1146
1166 1151
1168 1149
1170 1147
1172 1146
1174 1146
1176 1147
1178 1147
1180 1146
1182 1182
1184 1145
1186 1146
1188 1221
1190 1145
1192 1146
1194 1147
1196 1146
1198 1147
1200 1146
1202 1183
1204 1146
1206 1147
1208 1151
1210 1149
1212 1147
1214 1147
1216 1146
1218 1220
1220 1183
1222 1312
1224 1180
1226 1177
1228 1177
1230 1176
1232 1249
1234 1145
1236 1146
1238 1147
1240 1148
1242 1148
1244 1147
1246 1148
1248 1148
1250 1149
1252 1146
1254 1147
1256 1147
1258 1215
1260 1145
1262 1147
1264 1182
1266 1147
1268 1148
1270 1145
1272 1144
1274 1146
1276 1145
1278 1145
1280 1145
1282 1146
1284 1145
1286 1145
1288 1145
1290 1146
1292 1145
1294 1145
1296 1221
1298 1183
1300 1145
1302 1165
1304 1146
1306 1146
1308 1146
1310 1145
1312 1144
1314 1146
1316 1181
1318 1146
1320 1148
1322 1147
1324 1146
1326 1147
1328 1144
1330 1145
1332 1145
1334 1146
1336 1146
1338 1165
1340 1213
1342 1149
1344 1180
1346 1276
1348 1235
1350 1150
1352 1185
1354 1149
1356 1235
1358 1354
1360 1175
1362 1176
1364 1176
1366 1162
1368 1147
1370 1190
1372 1147
1374 1148
1376 1147
1378 1148
1380 1147
1382 1146
1384 1147
1386 1257
1388 1191
1390 1147
1392 1146
1394 1145
1396 1277
1398 1145
1400 1145
1402 1221
1404 1146
1406 1145
1408 1145
1410 1256
1412 1145
1414 1145
1416 1145
1418 1145
1420 1145
1422 1146
1424 1185
1426 1146
1428 1162
1430 1145
1432 1145
1434 1178
1436 1178
1438 1258
1440 1510
1442 1207
1444 1208
1446 1190
1448 1174
1450 1175
1452 1174
1454 1175
1456 1172
1458 1143
1460 1143
1462 1161
1464 1142
1466 1143
1468 1143
1470 1179
1472 1142
1474 1214
1476 1161
1478 1142
1480 1180
1482 1144
1484 1143
1486 1142
1488 1142
1490 1144
1492 1142
1494 1142
1496 1145
1498 1143
1500 1142
1502 1213
1504 1141
1506 1141
1508 1177
1510 1143
1512 1143
1514 1162
1516 1142
1518 1142
1520 1142
1522 1142
1524 1143
1526 1144
1528 1144
1530 1144
1532 1144
1534 1142
1536 1142
1538 1141
1540 1250
1542 1141
1544 1142
1546 1142
1548 1144
1550 1143
1552 1142
1554 1142
1556 1141
1558 1192
1560 1145
1562 1143
1564 1171
1566 1144
1568 1144
1570 1143
1572 1142
1574 1142
1576 1143
1578 1146
1580 1146
1582 1144
1584 1144
1586 1143
1588 1143
1590 1146
1592 1145
1594 1143
1596 1145
1598 1181
1600 1144
1602 1142
1604 1142
1606 1143
1608 1179
1610 1143
1612 1143
1614 1222
1616 1143
1618 1144
1620 1142
1622 1180
1624 1144
1626 1143
1628 1263
1630 1181
1632 1174
1634 1218
1636 1220
1638 1175
1640 1172
1642 1200
1644 1348
1646 1178
1648 1176
1650 1178
1652 1185
1654 1145
1656 1146
1658 1143
1660 1143
1662 1143
1664 1143
1666 1144
1668 1179
1670 1216
1672 1178
1674 1142
1676 1204
1678 1144
1680 1143
1682 1141
1684 1142
1686 1142
1688 1141
1690 1143
1692 1142
1694 1216
1696 1145
1698 1143
1700 1179
1702 1142
1704 1141
1706 1142
1708 1179
1710 1141
1712 1141
1714 1218
1716 1143
1718 1144
1720 1142
1722 1143
1724 1143
1726 1143
1728 1143
1730 1143
1732 1144
1734 1143
1736 1144
1738 1143
1740 1252
1742 1142
1744 1142
1746 1219
1748 1143
1750 1143
1752 1142
1754 1143
1756 1142
1758 1224
1760 1144
1762 1141
1764 1144
1766 1142
1768 1142
1770 1142
1772 1141
1774 1142
1776 1142
1778 1217
1780 1141
1782 1141
1784 1187
1786 1143
1788 1141
1790 1228
1792 1145
1794 1144
1796 1144
1798 1143
1800 1143
1802 1200
1804 1143
1806 1228
1808 1142
1810 1179
1812 1302
1814 1142
1816 1180
1818 1142
1820 1144
1822 1201
1824 1143
1826 1143
1828 1179
1830 1254
1832 1142
1834 1180
1836 1142
1838 1142
1840 1141
1842 1247
1844 1143
1846 1143
1848 1220
1850 1143
1852 1143
1854 1158
1856 1175
1858 1173
1860 1173
1862 1144
1864 1143
1866 1143
1868 1217
1870 1142
1872 1180
1874 1143
1876 1142
1878 1216
1880 1142
1882 1141
1884 1215
1886 1142
1888 1141
1890 1142
1892 1142
1894 1146
1896 1145
1898 1144
1900 1144
1902 1143
1904 1145
1906 1143
1908 1226
1910 1144
1912 1142
1914 1142
1916 1313
1918 1246
1920 1175
1922 1296
1924 1241
1926 1144
1928 1251
1930 1363
1932 1219
1934 1275
1936 1174
1938 1176
1940 1256
1942 1143
1944 1142
1946 1202
1948 1142
1950 1142
1952 1144
1954 1142
1956 1142
1958 1142
1960 1142
1962 1192
1964 1144
1966 1142
1968 1142
1970 1142
1972 1178
1974 1141
1976 1142
1978 1239
1980 1146
1982 1146
1984 1188
1986 1144
1988 1143
1990 1143
1992 1143
1994 1143
1996 1142
1998 1141
2000 2255
