2 525
4 485
6 475
8 455
10 419
12 418
14 419
16 399
18 398
20 418
22 341
24 339
26 337
28 335
30 333
32 334
34 331
36 330
38 280
40 253
42 253
44 252
46 252
48 254
50 254
52 252
54 253
56 254
58 253
60 252
62 267
64 282
66 234
68 233
70 233
72 232
74 232
76 233
78 232
80 232
82 231
84 232
86 232
88 232
90 232
92 232
94 231
96 232
98 232
100 205
102 206
104 206
106 206
108 211
110 205
112 205
114 205
116 206
118 210
120 210
122 209
124 210
126 268
128 270
130 267
132 268
134 268
136 267
138 267
140 268
142 267
144 268
146 292
148 237
150 237
152 237
154 237
156 236
158 237
160 237
162 237
164 236
166 237
168 236
170 237
172 237
174 237
176 314
178 237
180 236
182 237
184 236
186 237
188 236
190 237
192 236
194 236
196 237
198 237
200 236
202 237
204 236
206 237
208 237
210 240
212 240
214 241
216 236
218 346
220 237
222 237
224 237
226 237
228 236
230 237
232 237
234 237
236 237
238 236
240 236
242 315
244 236
246 237
248 237
250 350
252 350
254 351
256 421
258 348
260 348
262 348
264 348
266 348
268 348
270 348
272 349
274 348
276 348
278 348
280 348
282 348
284 347
286 348
288 349
290 348
292 348
294 364
296 349
298 348
300 348
302 349
304 348
306 349
308 348
310 384
312 348
314 404
316 348
318 348
320 389
322 348
324 367
326 349
328 348
330 348
332 349
334 348
336 348
338 348
340 350
342 458
344 349
346 349
348 348
350 349
352 405
354 348
356 348
358 348
360 348
362 349
364 348
366 348
368 348
370 348
372 349
374 348
376 349
378 349
380 348
382 348
384 348
386 348
388 348
390 348
392 349
394 385
396 348
398 348
400 348
402 348
404 349
406 349
408 348
410 348
412 348
414 348
416 348
418 348
420 348
422 348
424 348
426 348
428 391
430 347
432 348
434 348
436 348
438 349
440 348
442 348
444 427
446 348
448 349
450 408
452 349
454 348
456 348
458 348
460 348
462 348
464 348
466 385
468 348
470 348
472 348
474 348
476 349
478 349
480 348
482 348
484 348
486 349
488 348
490 348
492 348
494 348
496 348
498 348
500 596
502 596
504 596
506 596
508 596
510 596
512 596
514 596
516 596
518 596
520 597
522 596
524 595
526 595
528 595
530 616
532 596
534 596
536 596
538 596
540 599
542 597
544 595
546 595
548 596
550 595
552 596
554 595
556 595
558 595
560 596
562 595
564 597
566 595
568 597
570 595
572 596
574 597
576 596
578 595
580 709
582 615
584 669
586 598
588 596
590 611
592 612
594 611
596 611
598 612
600 611
602 595
604 596
606 597
608 598
610 597
612 596
614 596
616 595
618 596
620 706
622 597
624 596
626 596
628 596
630 597
632 596
634 596
636 633
638 632
640 596
642 596
644 596
646 596
648 596
650 596
652 598
654 596
656 596
658 596
660 596
662 596
664 633
666 596
668 596
670 606
672 1071
674 850
676 638
678 638
680 638
682 636
684 769
686 644
688 642
690 652
692 644
694 645
696 642
698 642
700 641
702 640
704 643
706 665
708 637
710 670
712 636
714 636
716 638
718 636
720 648
722 636
724 646
726 637
728 655
730 638
732 683
734 669
736 638
738 641
740 651
742 639
744 738
746 640
748 643
750 663
752 639
754 643
756 680
758 648
760 639
762 637
764 639
766 638
768 666
770 640
772 637
774 637
776 637
778 638
780 639
782 637
784 637
786 637
788 638
790 641
792 647
794 639
796 640
798 639
800 644
802 639
804 638
806 638
808 636
810 651
812 639
814 638
816 639
818 639
820 638
822 620
824 619
826 619
828 814
830 603
832 779
834 604
836 646
838 620
840 643
842 1483
844 776
846 848
848 638
850 638
852 695
854 640
856 638
858 638
860 675
862 680
864 621
866 637
868 637
870 637
872 700
874 636
876 636
878 636
880 638
882 639
884 638
886 642
888 638
890 636
892 639
894 636
896 637
898 805
900 637
902 620
904 619
906 698
908 636
910 637
912 652
914 641
916 646
918 638
920 638
922 637
924 667
926 638
928 637
930 636
932 636
934 636
936 638
938 645
940 619
942 619
944 619
946 619
948 619
950 676
952 640
954 603
956 640
958 604
960 603
962 687
964 619
966 619
968 604
970 640
972 603
974 640
976 602
978 642
980 603
982 619
984 619
986 659
988 620
990 603
992 603
994 604
996 643
998 603
1000 1132
1002 1132
1004 1210
1006 1131
1008 1131
1010 1131
1012 1160
1014 1132
1016 1255
1018 1131
1020 1131
1022 1131
1024 1130
1026 1166
1028 1200
1030 1161
1032 1161
1034 1161
1036 1130
1038 1129
1040 1130
1042 1129
1044 1129
1046 1131
1048 1166
1050 1160
1052 1176
1054 1209
1056 1154
1058 1163
1060 1129
1062 1130
1064 1131
1066 1132
1068 1164
1070 1129
1072 1129
1074 1132
1076 1162
1078 1130
1080 1132
1082 1130
1084 1130
1086 1131
1088 1131
1090 1129
1092 1197
1094 1129
1096 1130
1098 1130
1100 1129
1102 1130
1104 1194
1106 1403
1108 1132
1110 1167
1112 1192
1114 1193
1116 1163
1118 1162
1120 1164
1122 1162
1124 1163
1126 1226
1128 1208
1130 1131
1132 1131
1134 1132
1136 1133
1138 1221
1140 1162
1142 1161
1144 1162
1146 1132
1148 1131
1150 1130
1152 1132
1154 1224
1156 1131
1158 1272
1160 1385
1162 1239
1164 1163
1166 1161
1168 1287
1170 1193
1172 1194
1174 1200
1176 1160
1178 1337
1180 1161
1182 1164
1184 1197
1186 1162
1188 1203
1190 1411
1192 1315
1194 1368
1196 1161
1198 1159
1200 1152
1202 1224
1204 1131
1206 1130
1208 1166
1210 1131
1212 1131
1214 1131
1216 1132
1218 1130
1220 1131
1222 1131
1224 1231
1226 1131
1228 1131
1230 1129
1232 1130
1234 1131
1236 1135
1238 1134
1240 1205
1242 1132
1244 1203
1246 1202
1248 1132
1250 1131
1252 1132
1254 1131
1256 1131
1258 1194
1260 1129
1262 1129
1264 1131
1266 1130
1268 1130
1270 1132
1272 1131
1274 1130
1276 1131
1278 1204
1280 1130
1282 1130
1284 1168
1286 1205
1288 1131
1290 1130
1292 1130
1294 1130
1296 1129
1298 1130
1300 1130
1302 1130
1304 1130
1306 1129
1308 1130
1310 1206
1312 1130
1314 1133
1316 1190
1318 1133
1320 1131
1322 1131
1324 1131
1326 1235
1328 1133
1330 1169
1332 1130
1334 1130
1336 1205
1338 1131
1340 1132
1342 1204
1344 1132
1346 1131
1348 1168
1350 1167
1352 1130
1354 1130
1356 1130
1358 1168
1360 1129
1362 1129
1364 1130
1366 1130
1368 1129
1370 1129
1372 1129
1374 1130
1376 1131
1378 1165
1380 1167
1382 1132
1384 1280
1386 1167
1388 1143
1390 1142
1392 1295
1394 1172
1396 1140
1398 1176
1400 1189
1402 1297
1404 1170
1406 1170
1408 1169
1410 1173
1412 1255
1414 1169
1416 1169
1418 1170
1420 1140
1422 1363
1424 1167
1426 1191
1428 1172
1430 1171
1432 1173
1434 1169
1436 1138
1438 1245
1440 1142
1442 1176
1444 1138
1446 1138
1448 1176
1450 1139
1452 1215
1454 1211
1456 1286
1458 1137
1460 1137
1462 1139
1464 1139
1466 1259
1468 1139
1470 1223
1472 1138
1474 1138
1476 1138
1478 1138
1480 1138
1482 1176
1484 1213
1486 1212
1488 1138
1490 1155
1492 1138
1494 1137
1496 1140
1498 1139
1500 1138
1502 1138
1504 1138
1506 1138
1508 1138
1510 1138
1512 1175
1514 1138
1516 1174
1518 1209
1520 1137
1522 1137
1524 1211
1526 1137
1528 1138
1530 1137
1532 1138
1534 1138
1536 1175
1538 1211
1540 1138
1542 1139
1544 1174
1546 1138
1548 1176
1550 1248
1552 1138
1554 1138
1556 1214
1558 1137
1560 1137
1562 1138
1564 1138
1566 1138
1568 1138
1570 1137
1572 1248
1574 1138
1576 1139
1578 1137
1580 1138
1582 1210
1584 1137
1586 1137
1588 1210
1590 1139
1592 1213
1594 1138
1596 1247
1598 1137
1600 1139
1602 2220
1604 1196
1606 1159
1608 1159
1610 1172
1612 1170
1614 1169
1616 1139
1618 1138
1620 1143
1622 1142
1624 1141
1626 1180
1628 1138
1630 1139
1632 1138
1634 1140
1636 1191
1638 1138
1640 1138
1642 1273
1644 1246
1646 1172
1648 1171
1650 1204
1652 1200
1654 1228
1656 1168
1658 1168
1660 1209
1662 1138
1664 1139
1666 1138
1668 1175
1670 1138
1672 1142
1674 1215
1676 1139
1678 1174
1680 1429
1682 1168
1684 1170
1686 1251
1688 1170
1690 1169
1692 1199
1694 1139
1696 1143
1698 1269
1700 1139
1702 1217
1704 1139
1706 1140
1708 1139
1710 1138
1712 1140
1714 1138
1716 1194
1718 1158
1720 1139
1722 1139
1724 1177
1726 1239
1728 1139
1730 1234
1732 1138
1734 1138
1736 1139
1738 1138
1740 1139
1742 1139
1744 1137
1746 1137
1748 1174
1750 1137
1752 1138
1754 1221
1756 1137
1758 1138
1760 1138
1762 1174
1764 1295
1766 1137
1768 1212
1770 1176
1772 1137
1774 1174
1776 1138
1778 1138
1780 1137
1782 1138
1784 1137
1786 1137
1788 1217
1790 1138
1792 1138
1794 1213
1796 1137
1798 1137
1800 1174
1802 1138
1804 1138
1806 1138
1808 1138
1810 1139
1812 1139
1814 1139
1816 1139
1818 1138
1820 1137
1822 1136
1824 1138
1826 1139
1828 1138
1830 1138
1832 1174
1834 1139
1836 1138
1838 1138
1840 1138
1842 1138
1844 1175
1846 1216
1848 1138
1850 1138
1852 1213
1854 1139
1856 1139
1858 1139
1860 1174
1862 1138
1864 1138
1866 1138
1868 1137
1870 1137
1872 1138
1874 1137
1876 1174
1878 1137
1880 1175
1882 1137
1884 1137
1886 1174
1888 1138
1890 1139
1892 1137
1894 1137
1896 1139
1898 1141
1900 1139
1902 1138
1904 1217
1906 1138
1908 1174
1910 1139
1912 1139
1914 1176
1916 1139
1918 1139
1920 1137
1922 1137
1924 1137
1926 1136
1928 1137
1930 1137
1932 1138
1934 1138
1936 1138
1938 1287
1940 1137
1942 1196
1944 1139
1946 1138
1948 1137
1950 1176
1952 1175
1954 1175
1956 1175
1958 1175
1960 1139
1962 1303
1964 1183
1966 1242
1968 1179
1970 1179
1972 1296
1974 1261
1976 1219
1978 1213
1980 1211
1982 1332
1984 1248
1986 1212
1988 1210
1990 1210
1992 1212
1994 1181
1996 1179
1998 1179
2000 2230
