2 240
4 219
6 218
8 207
10 204
12 204
14 204
16 196
18 193
20 192
22 193
24 192
26 190
28 191
30 189
32 192
34 189
36 188
38 188
40 188
42 187
44 190
46 185
48 182
50 181
52 192
54 173
56 173
58 174
60 191
62 182
64 189
66 190
68 188
70 188
72 187
74 187
76 187
78 187
80 187
82 187
84 188
86 186
88 186
90 189
92 186
94 187
96 203
98 187
100 186
102 186
104 187
106 186
108 186
110 187
112 187
114 186
116 186
118 186
120 187
122 187
124 187
126 243
128 243
130 242
132 241
134 241
136 278
138 241
140 241
142 241
144 241
146 241
148 241
150 240
152 241
154 242
156 241
158 242
160 280
162 241
164 241
166 241
168 242
170 242
172 242
174 241
176 242
178 244
180 235
182 235
184 235
186 235
188 235
190 295
192 236
194 235
196 235
198 241
200 241
202 335
204 241
206 241
208 240
210 243
212 241
214 300
216 264
218 252
220 251
222 323
224 274
226 274
228 295
230 251
232 250
234 249
236 249
238 249
240 251
242 261
244 251
246 249
248 248
250 382
252 377
254 376
256 376
258 379
260 418
262 378
264 375
266 375
268 375
270 375
272 374
274 376
276 374
278 377
280 377
282 376
284 376
286 375
288 376
290 385
292 377
294 376
296 375
298 378
300 381
302 380
304 376
306 376
308 375
310 376
312 376
314 375
316 375
318 375
320 378
322 377
324 376
326 378
328 375
330 375
332 375
334 377
336 375
338 375
340 375
342 376
344 524
346 381
348 378
350 378
352 377
354 460
356 377
358 388
360 396
362 377
364 408
366 377
368 377
370 405
372 375
374 375
376 375
378 375
380 367
382 366
384 366
386 366
388 365
390 365
392 367
394 366
396 401
398 367
400 401
402 365
404 365
406 365
408 365
410 365
412 365
414 365
416 378
418 441
420 366
422 365
424 365
426 365
428 365
430 382
432 356
434 356
436 357
438 356
440 356
442 393
444 356
446 356
448 355
450 355
452 355
454 356
456 356
458 356
460 355
462 356
464 356
466 356
468 355
470 356
472 356
474 365
476 364
478 365
480 364
482 365
484 384
486 355
488 357
490 356
492 355
494 471
496 357
498 356
500 673
502 676
504 599
506 711
508 599
510 599
512 598
514 652
516 615
518 623
520 686
522 600
524 599
526 696
528 599
530 599
532 637
534 599
536 598
538 677
540 616
542 602
544 599
546 600
548 599
550 599
552 599
554 601
556 600
558 615
560 599
562 599
564 600
566 598
568 598
570 598
572 598
574 616
576 657
578 600
580 600
582 599
584 601
586 599
588 598
590 598
592 599
594 614
596 599
598 804
600 682
602 659
604 658
606 617
608 617
610 616
612 629
614 615
616 643
618 617
620 615
622 660
624 616
626 615
628 648
630 737
632 618
634 615
636 600
638 599
640 599
642 672
644 598
646 599
648 599
650 599
652 599
654 600
656 599
658 599
660 600
662 599
664 617
666 599
668 598
670 674
672 598
674 598
676 599
678 599
680 615
682 598
684 599
686 599
688 599
690 599
692 599
694 600
696 637
698 618
700 600
702 599
704 673
706 599
708 599
710 599
712 599
714 599
716 635
718 599
720 599
722 598
724 599
726 601
728 655
730 598
732 599
734 598
736 598
738 617
740 617
742 616
744 1193
746 665
748 617
750 685
752 668
754 689
756 631
758 631
760 631
762 631
764 633
766 632
768 631
770 631
772 631
774 632
776 615
778 615
780 615
782 652
784 615
786 654
788 615
790 615
792 615
794 614
796 652
798 615
800 615
802 615
804 615
806 614
808 616
810 615
812 614
814 615
816 615
818 615
820 615
822 615
824 615
826 615
828 724
830 632
832 632
834 631
836 632
838 631
840 632
842 669
844 672
846 631
848 671
850 631
852 686
854 632
856 632
858 632
860 669
862 631
864 632
866 709
868 615
870 615
872 634
874 631
876 631
878 631
880 672
882 633
884 632
886 631
888 632
890 632
892 631
894 631
896 631
898 631
900 631
902 632
904 640
906 615
908 615
910 614
912 615
914 615
916 690
918 614
920 615
922 614
924 615
926 614
928 652
930 615
932 615
934 614
936 616
938 614
940 615
942 614
944 614
946 615
948 614
950 615
952 616
954 616
956 616
958 617
960 616
962 615
964 615
966 615
968 614
970 615
972 695
974 615
976 615
978 615
980 654
982 616
984 615
986 616
988 616
990 615
992 615
994 616
996 615
998 690
1000 1109
1002 1107
1004 1143
1006 1108
1008 1178
1010 1106
1012 1109
1014 1108
1016 1108
1018 1108
1020 1106
1022 1106
1024 1107
1026 1107
1028 1105
1030 1143
1032 1144
1034 1106
1036 1106
1038 1105
1040 1105
1042 1180
1044 1105
1046 1106
1048 1142
1050 1105
1052 1106
1054 1105
1056 1107
1058 1107
1060 1107
1062 1180
1064 1105
1066 1105
1068 1105
1070 1105
1072 1143
1074 1105
1076 1365
1078 1221
1080 1138
1082 1141
1084 1167
1086 1194
1088 1141
1090 1140
1092 1140
1094 1108
1096 1107
1098 1109
1100 1107
1102 1125
1104 1124
1106 1107
1108 1107
1110 1106
1112 1107
1114 1180
1116 1106
1118 1107
1120 1107
1122 1107
1124 1217
1126 1122
1128 1105
1130 1143
1132 1106
1134 1105
1136 1106
1138 1106
1140 1106
1142 1106
1144 1107
1146 1105
1148 1105
1150 1285
1152 1107
1154 1106
1156 1201
1158 1106
1160 1106
1162 1107
1164 1107
1166 1107
1168 1106
1170 1162
1172 1106
1174 1107
1176 1105
1178 1105
1180 1105
1182 1142
1184 1106
1186 1106
1188 1217
1190 1106
1192 1105
1194 1106
1196 1106
1198 1107
1200 1142
1202 1107
1204 1107
1206 1106
1208 1106
1210 1106
1212 1107
1214 1180
1216 1105
1218 1105
1220 1105
1222 1136
1224 1136
1226 1137
1228 1144
1230 1106
1232 1145
1234 1106
1236 1107
1238 1107
1240 1106
1242 1107
1244 1107
1246 1144
1248 1105
1250 1106
1252 1218
1254 1106
1256 1106
1258 1136
1260 1136
1262 1143
1264 1181
1266 1106
1268 1106
1270 1106
1272 1106
1274 1106
1276 1106
1278 1106
1280 1105
1282 1105
1284 1177
1286 1106
1288 1106
1290 1105
1292 1105
1294 1106
1296 1107
1298 1143
1300 1106
1302 1107
1304 1106
1306 1256
1308 1107
1310 1144
1312 1107
1314 1108
1316 1145
1318 1107
1320 1106
1322 1105
1324 1105
1326 1178
1328 1137
1330 1136
1332 1136
1334 1137
1336 1135
1338 1128
1340 1108
1342 1105
1344 1106
1346 1212
1348 1180
1350 1106
1352 1106
1354 1106
1356 1179
1358 1185
1360 1108
1362 1106
1364 1181
1366 1107
1368 1398
1370 1110
1372 1125
1374 1136
1376 1247
1378 1237
1380 1137
1382 1137
1384 1190
1386 1248
1388 1109
1390 1190
1392 1146
1394 1342
1396 1137
1398 1185
1400 1167
1402 1178
1404 1189
1406 1155
1408 1138
1410 1137
1412 1137
1414 1236
1416 1196
1418 1138
1420 1140
1422 1137
1424 1256
1426 1180
1428 1258
1430 1138
1432 1137
1434 1137
1436 1220
1438 1220
1440 1300
1442 1326
1444 1298
1446 1218
1448 1217
1450 1281
1452 1248
1454 1247
1456 1249
1458 1249
1460 1248
1462 1215
1464 1215
1466 1221
1468 1227
1470 1186
1472 1262
1474 1220
1476 1185
1478 1240
1480 1186
1482 1339
1484 1184
1486 1258
1488 1185
1490 1184
1492 1185
1494 1222
1496 1185
1498 1186
1500 1359
1502 1186
1504 1186
1506 1186
1508 1299
1510 1184
1512 1293
1514 1184
1516 1184
1518 1220
1520 1184
1522 1184
1524 1184
1526 1183
1528 1184
1530 1184
1532 1185
1534 1186
1536 1186
1538 1184
1540 1185
1542 1185
1544 1186
1546 1186
1548 1221
1550 1185
1552 1185
1554 1259
1556 1221
1558 1185
1560 1185
1562 1220
1564 1184
1566 1184
1568 1185
1570 1259
1572 1220
1574 1263
1576 1218
1578 1221
1580 1301
1582 1185
1584 1222
1586 1186
1588 1187
1590 1188
1592 1189
1594 1188
1596 1186
1598 1261
1600 1186
1602 1185
1604 1185
1606 1184
1608 1185
1610 1186
1612 1185
1614 1222
1616 1204
1618 1220
1620 1259
1622 1185
1624 1218
1626 1191
1628 1187
1630 1207
1632 1222
1634 1185
1636 1185
1638 1185
1640 1256
1642 1186
1644 1189
1646 1188
1648 1187
1650 1460
1652 1185
1654 1228
1656 1215
1658 1217
1660 1216
1662 1216
1664 1215
1666 1215
1668 1216
1670 1215
1672 1334
1674 1188
1676 1187
1678 1186
1680 1185
1682 1308
1684 1186
1686 1223
1688 1187
1690 1187
1692 1184
1694 1185
1696 1184
1698 1185
1700 1256
1702 1186
1704 1262
1706 1185
1708 1276
1710 1222
1712 1186
1714 1183
1716 1184
1718 1185
1720 1361
1722 1220
1724 1219
1726 1218
1728 1300
1730 1204
1732 1223
1734 1220
1736 1186
1738 1184
1740 1462
1742 1184
1744 1226
1746 1215
1748 1215
1750 1185
1752 1184
1754 1184
1756 1222
1758 1184
1760 1184
1762 1184
1764 1185
1766 1185
1768 1225
1770 1186
1772 1185
1774 1185
1776 1184
1778 1186
1780 1186
1782 1186
1784 1238
1786 1220
1788 1184
1790 1222
1792 1260
1794 1184
1796 1261
1798 1228
1800 1185
1802 1221
1804 1187
1806 1258
1808 1184
1810 1185
1812 1184
1814 1184
1816 1184
1818 1183
1820 1204
1822 1183
1824 1183
1826 1261
1828 1257
1830 1183
1832 1184
1834 1220
1836 1184
1838 1183
1840 1254
1842 1220
1844 1294
1846 1234
1848 1255
1850 1185
1852 1184
1854 1183
1856 1184
1858 1184
1860 1221
1862 1183
1864 1183
1866 1183
1868 1184
1870 1183
1872 1291
1874 1334
1876 1183
1878 1185
1880 1184
1882 1184
1884 1185
1886 1183
1888 1185
1890 1256
1892 1185
1894 1185
1896 1201
1898 1184
1900 1184
1902 1183
1904 1183
1906 1183
1908 1220
1910 1185
1912 1184
1914 1294
1916 1295
1918 1184
1920 1220
1922 1257
1924 1185
1926 1184
1928 1185
1930 1223
1932 1185
1934 1533
1936 1187
1938 1217
1940 1217
1942 1308
1944 1218
1946 1217
1948 1247
1950 1298
1952 1185
1954 1184
1956 1227
1958 1205
1960 1186
1962 1186
1964 1185
1966 1186
1968 1185
1970 1184
1972 1185
1974 1185
1976 1187
1978 1184
1980 1184
1982 1187
1984 1186
1986 1186
1988 1188
1990 1185
1992 1185
1994 1222
1996 1185
1998 1185
2000 2255
