2 125
4 106
6 106
8 93
10 93
12 93
14 93
16 83
18 82
20 82
22 82
24 82
26 82
28 82
30 82
32 72
34 72
36 72
38 71
40 71
42 71
44 72
46 71
48 71
50 69
52 66
54 66
56 66
58 66
60 66
62 61
64 56
66 56
68 56
70 56
72 56
74 56
76 56
78 56
80 56
82 55
84 56
86 56
88 56
90 56
92 56
94 55
96 56
98 56
100 55
102 56
104 55
106 55
108 56
110 56
112 55
114 56
116 56
118 55
120 55
122 55
124 56
126 46
128 46
130 45
132 46
134 44
136 44
138 44
140 44
142 44
144 44
146 44
148 44
150 44
152 44
154 44
156 44
158 44
160 44
162 44
164 44
166 44
168 44
170 44
172 44
174 44
176 44
178 44
180 44
182 46
184 46
186 45
188 45
190 46
192 45
194 46
196 45
198 46
200 46
202 46
204 45
206 46
208 46
210 45
212 46
214 45
216 46
218 45
220 45
222 47
224 46
226 66
228 47
230 44
232 44
234 44
236 83
238 44
240 66
242 59
244 46
246 45
248 45
250 36
252 36
254 35
256 35
258 56
260 36
262 37
264 37
266 37
268 37
270 37
272 37
274 36
276 37
278 37
280 37
282 36
284 36
286 36
288 36
290 36
292 36
294 36
296 36
298 36
300 37
302 37
304 37
306 37
308 37
310 37
312 37
314 65
316 37
318 37
320 37
322 36
324 38
326 37
328 37
330 37
332 36
334 37
336 37
338 37
340 37
342 37
344 37
346 37
348 38
350 37
352 37
354 37
356 37
358 37
360 37
362 37
364 36
366 37
368 37
370 37
372 37
374 37
376 36
378 36
380 37
382 37
384 36
386 36
388 36
390 37
392 37
394 36
396 50
398 36
400 36
402 35
404 35
406 36
408 36
410 36
412 54
414 35
416 35
418 35
420 35
422 35
424 35
426 35
428 35
430 35
432 35
434 35
436 35
438 35
440 35
442 35
444 35
446 35
448 35
450 35
452 36
454 36
456 36
458 35
460 34
462 35
464 34
466 67
468 35
470 34
472 35
474 35
476 35
478 35
480 35
482 35
484 35
486 35
488 36
490 35
492 34
494 35
496 35
498 34
500 25
502 25
504 25
506 25
508 25
510 25
512 25
514 25
516 25
518 25
520 25
522 25
524 25
526 26
528 26
530 25
532 25
534 25
536 42
538 25
540 25
542 25
544 25
546 25
548 26
550 26
552 26
554 25
556 25
558 25
560 26
562 26
564 26
566 26
568 26
570 26
572 26
574 26
576 26
578 26
580 26
582 26
584 45
586 25
588 25
590 25
592 25
594 25
596 25
598 25
600 25
602 26
604 26
606 25
608 25
610 25
612 25
614 25
616 25
618 25
620 25
622 25
624 25
626 25
628 25
630 25
632 25
634 25
636 25
638 25
640 25
642 25
644 25
646 25
648 25
650 25
652 25
654 25
656 26
658 26
660 26
662 26
664 26
666 26
668 25
670 25
672 25
674 25
676 25
678 25
680 25
682 25
684 25
686 25
688 28
690 26
692 25
694 25
696 25
698 27
700 26
702 26
704 27
706 34
708 26
710 26
712 26
714 26
716 26
718 26
720 26
722 26
724 26
726 26
728 26
730 26
732 26
734 26
736 26
738 26
740 26
742 26
744 26
746 26
748 26
750 26
752 25
754 25
756 42
758 25
760 25
762 26
764 26
766 26
768 27
770 26
772 26
774 26
776 26
778 26
780 26
782 26
784 26
786 26
788 26
790 26
792 26
794 26
796 26
798 26
800 26
802 26
804 25
806 25
808 25
810 25
812 25
814 25
816 25
818 25
820 25
822 25
824 25
826 25
828 25
830 25
832 25
834 25
836 25
838 25
840 25
842 25
844 25
846 25
848 25
850 25
852 25
854 25
856 25
858 25
860 25
862 25
864 25
866 25
868 26
870 25
872 25
874 25
876 25
878 25
880 25
882 25
884 25
886 25
888 25
890 25
892 25
894 25
896 25
898 25
900 25
902 25
904 25
906 25
908 25
910 25
912 25
914 25
916 25
918 25
920 25
922 25
924 25
926 25
928 25
930 25
932 25
934 25
936 25
938 25
940 25
942 25
944 25
946 25
948 25
950 25
952 25
954 25
956 25
958 25
960 25
962 25
964 25
966 25
968 25
970 25
972 25
974 25
976 25
978 26
980 26
982 26
984 26
986 26
988 26
990 26
992 27
994 26
996 26
998 26
1000 16
1002 16
1004 16
1006 16
1008 16
1010 16
1012 16
1014 16
1016 16
1018 16
1020 16
1022 16
1024 16
1026 16
1028 16
1030 16
1032 16
1034 16
1036 16
1038 16
1040 16
1042 16
1044 16
1046 16
1048 16
1050 16
1052 16
1054 16
1056 16
1058 16
1060 16
1062 16
1064 16
1066 16
1068 16
1070 16
1072 16
1074 16
1076 16
1078 16
1080 16
1082 16
1084 16
1086 16
1088 16
1090 16
1092 16
1094 16
1096 16
1098 16
1100 16
1102 16
1104 16
1106 16
1108 16
1110 16
1112 17
1114 16
1116 16
1118 16
1120 16
1122 16
1124 16
1126 16
1128 16
1130 16
1132 20
1134 16
1136 16
1138 16
1140 16
1142 16
1144 16
1146 16
1148 16
1150 16
1152 16
1154 16
1156 16
1158 16
1160 16
1162 16
1164 16
1166 16
1168 16
1170 16
1172 16
1174 16
1176 16
1178 16
1180 16
1182 16
1184 17
1186 16
1188 32
1190 16
1192 16
1194 16
1196 16
1198 16
1200 16
1202 16
1204 16
1206 16
1208 16
1210 16
1212 16
1214 16
1216 16
1218 35
1220 16
1222 16
1224 16
1226 16
1228 17
1230 16
1232 16
1234 16
1236 16
1238 16
1240 16
1242 16
1244 16
1246 16
1248 16
1250 16
1252 16
1254 16
1256 16
1258 16
1260 16
1262 16
1264 16
1266 16
1268 16
1270 16
1272 16
1274 16
1276 16
1278 16
1280 16
1282 16
1284 16
1286 16
1288 16
1290 16
1292 16
1294 16
1296 16
1298 16
1300 16
1302 16
1304 16
1306 16
1308 16
1310 16
1312 16
1314 16
1316 16
1318 16
1320 16
1322 16
1324 16
1326 16
1328 16
1330 16
1332 16
1334 16
1336 16
1338 35
1340 16
1342 16
1344 16
1346 16
1348 16
1350 16
1352 16
1354 16
1356 16
1358 16
1360 16
1362 16
1364 16
1366 16
1368 16
1370 16
1372 16
1374 16
1376 16
1378 16
1380 16
1382 16
1384 16
1386 16
1388 16
1390 16
1392 16
1394 16
1396 16
1398 16
1400 16
1402 16
1404 16
1406 16
1408 16
1410 16
1412 16
1414 16
1416 16
1418 16
1420 16
1422 19
1424 16
1426 16
1428 16
1430 16
1432 16
1434 16
1436 16
1438 17
1440 16
1442 22
1444 16
1446 16
1448 16
1450 16
1452 16
1454 16
1456 16
1458 16
1460 16
1462 16
1464 16
1466 16
1468 16
1470 16
1472 16
1474 16
1476 16
1478 16
1480 16
1482 16
1484 16
1486 16
1488 16
1490 16
1492 16
1494 16
1496 16
1498 16
1500 16
1502 16
1504 16
1506 16
1508 16
1510 16
1512 16
1514 16
1516 16
1518 16
1520 16
1522 16
1524 16
1526 16
1528 16
1530 16
1532 16
1534 16
1536 16
1538 16
1540 16
1542 16
1544 16
1546 16
1548 16
1550 16
1552 16
1554 16
1556 16
1558 16
1560 16
1562 17
1564 16
1566 16
1568 16
1570 16
1572 16
1574 16
1576 16
1578 16
1580 16
1582 16
1584 16
1586 16
1588 16
1590 16
1592 16
1594 16
1596 35
1598 16
1600 16
1602 16
1604 16
1606 16
1608 16
1610 16
1612 16
1614 16
1616 16
1618 16
1620 16
1622 16
1624 16
1626 16
1628 16
1630 16
1632 16
1634 16
1636 16
1638 16
1640 16
1642 16
1644 16
1646 16
1648 16
1650 16
1652 16
1654 16
1656 16
1658 16
1660 16
1662 16
1664 16
1666 16
1668 16
1670 16
1672 16
1674 16
1676 16
1678 16
1680 16
1682 16
1684 16
1686 17
1688 16
1690 16
1692 16
1694 16
1696 16
1698 16
1700 16
1702 16
1704 16
1706 16
1708 16
1710 16
1712 16
1714 17
1716 16
1718 16
1720 16
1722 16
1724 16
1726 16
1728 16
1730 16
1732 16
1734 16
1736 16
1738 16
1740 16
1742 16
1744 16
1746 16
1748 16
1750 16
1752 16
1754 16
1756 16
1758 16
1760 16
1762 16
1764 16
1766 16
1768 16
1770 16
1772 16
1774 16
1776 16
1778 16
1780 16
1782 16
1784 16
1786 16
1788 16
1790 16
1792 16
1794 16
1796 16
1798 16
1800 16
1802 16
1804 16
1806 16
1808 16
1810 16
1812 16
1814 16
1816 16
1818 16
1820 35
1822 16
1824 16
1826 16
1828 16
1830 16
1832 16
1834 16
1836 16
1838 16
1840 16
1842 16
1844 16
1846 16
1848 16
1850 16
1852 16
1854 16
1856 16
1858 16
1860 16
1862 16
1864 16
1866 16
1868 16
1870 16
1872 16
1874 16
1876 16
1878 16
1880 17
1882 16
1884 17
1886 16
1888 16
1890 16
1892 16
1894 16
1896 16
1898 16
1900 16
1902 16
1904 16
1906 16
1908 16
1910 17
1912 16
1914 16
1916 16
1918 16
1920 16
1922 16
1924 16
1926 16
1928 16
1930 16
1932 16
1934 16
1936 16
1938 16
1940 16
1942 16
1944 16
1946 16
1948 16
1950 16
1952 16
1954 16
1956 16
1958 16
1960 16
1962 16
1964 16
1966 16
1968 16
1970 16
1972 16
1974 16
1976 16
1978 16
1980 16
1982 16
1984 16
1986 16
1988 16
1990 16
1992 16
1994 16
1996 16
1998 16
2000 6
