2 118
4 106
6 106
8 101
10 101
12 100
14 100
16 109
18 109
20 109
22 109
24 109
26 109
28 109
30 109
32 137
34 137
36 138
38 137
40 137
42 137
44 137
46 137
48 136
50 138
52 138
54 137
56 138
58 138
60 137
62 169
64 218
66 201
68 200
70 201
72 237
74 199
76 201
78 201
80 200
82 200
84 201
86 200
88 201
90 261
92 201
94 201
96 201
98 201
100 201
102 200
104 200
106 201
108 200
110 201
112 201
114 200
116 201
118 201
120 201
122 200
124 201
126 329
128 328
130 328
132 328
134 328
136 328
138 328
140 328
142 328
144 328
146 328
148 328
150 328
152 328
154 328
156 328
158 329
160 328
162 329
164 362
166 330
168 329
170 328
172 329
174 329
176 328
178 328
180 328
182 328
184 365
186 329
188 329
190 329
192 329
194 329
196 329
198 329
200 329
202 329
204 329
206 461
208 329
210 329
212 329
214 329
216 329
218 384
220 328
222 361
224 329
226 329
228 348
230 337
232 372
234 337
236 337
238 337
240 337
242 337
244 337
246 337
248 337
250 644
252 609
254 610
256 609
258 608
260 664
262 762
264 639
266 632
268 624
270 631
272 627
274 625
276 627
278 628
280 626
282 625
284 625
286 626
288 624
290 626
292 628
294 609
296 627
298 728
300 749
302 660
304 643
306 645
308 635
310 626
312 625
314 658
316 627
318 625
320 626
322 625
324 626
326 626
328 626
330 647
332 709
334 688
336 610
338 610
340 610
342 609
344 608
346 641
348 626
350 633
352 637
354 626
356 626
358 632
360 626
362 626
364 639
366 608
368 608
370 609
372 609
374 609
376 609
378 609
380 609
382 609
384 609
386 609
388 647
390 668
392 773
394 758
396 671
398 609
400 668
402 625
404 624
406 626
408 634
410 626
412 627
414 626
416 653
418 636
420 609
422 679
424 609
426 635
428 638
430 609
432 699
434 646
436 608
438 626
440 628
442 626
444 624
446 626
448 625
450 626
452 625
454 805
456 699
458 643
460 626
462 626
464 625
466 626
468 626
470 687
472 654
474 626
476 625
478 628
480 626
482 643
484 626
486 626
488 623
490 631
492 686
494 625
496 632
498 626
500 1202
502 1195
504 1196
506 1197
508 1193
510 1201
512 1192
514 1237
516 1186
518 1203
520 1211
522 1198
524 1205
526 1161
528 1195
530 1234
532 1162
534 1219
536 1183
538 1198
540 1194
542 1193
544 1199
546 1197
548 1195
550 1193
552 1193
554 1193
556 1194
558 1189
560 1200
562 1161
564 1162
566 1161
568 1174
570 1131
572 1203
574 1161
576 1197
578 1163
580 1162
582 1388
584 1130
586 1131
588 1133
590 1166
592 1242
594 1222
596 1206
598 1162
600 1163
602 1163
604 1310
606 1161
608 1161
610 1161
612 1162
614 1207
616 1163
618 1236
620 1164
622 1150
624 1246
626 1130
628 1195
630 1131
632 1131
634 1130
636 1130
638 1207
640 1131
642 1149
644 1131
646 1168
648 1131
650 1131
652 1131
654 1167
656 1168
658 1131
660 1131
662 1131
664 1131
666 1240
668 1130
670 1168
672 1131
674 1131
676 1131
678 1242
680 1131
682 1131
684 1132
686 1133
688 1131
690 1167
692 1243
694 1132
696 1133
698 1192
700 1132
702 1168
704 1207
706 1132
708 1133
710 1131
712 1132
714 1191
716 1131
718 1131
720 1283
722 1164
724 1200
726 1160
728 1161
730 1202
732 1161
734 1162
736 1200
738 1200
740 1209
742 1163
744 1202
746 1161
748 1190
750 1326
752 1155
754 1158
756 1161
758 1161
760 1159
762 1236
764 1160
766 1160
768 1159
770 1159
772 1163
774 1155
776 1131
778 1167
780 1166
782 1133
784 1169
786 1130
788 1129
790 1131
792 1131
794 1133
796 1167
798 1133
800 1133
802 1128
804 1129
806 1134
808 1128
810 1132
812 1151
814 1308
816 1133
818 1166
820 1161
822 1161
824 1160
826 1198
828 1159
830 1161
832 1201
834 1161
836 1160
838 1162
840 1147
842 1170
844 1276
846 1133
848 1128
850 1133
852 1133
854 1132
856 1202
858 1131
860 1130
862 1131
864 1129
866 1131
868 1208
870 1169
872 1129
874 1205
876 1130
878 1288
880 1168
882 1133
884 1132
886 1131
888 1165
890 1131
892 1166
894 1132
896 1228
898 1132
900 1130
902 1167
904 1186
906 1132
908 1128
910 1129
912 1132
914 1128
916 1134
918 1133
920 1133
922 1132
924 1131
926 1214
928 1131
930 1131
932 1129
934 1206
936 1129
938 1167
940 1133
942 1168
944 1166
946 1129
948 1132
950 1242
952 1229
954 1131
956 1129
958 1131
960 1208
962 1130
964 1129
966 1130
968 1133
970 1134
972 1132
974 1128
976 1130
978 1407
980 1227
982 1161
984 1160
986 1160
988 1256
990 1161
992 1249
994 1240
996 1131
998 1133
1000 2252
1002 2276
1004 2303
1006 2365
1008 2216
1010 2581
1012 2380
1014 2275
1016 2458
1018 2466
1020 2216
1022 2214
1024 2366
1026 2534
1028 2275
1030 2317
1032 2380
1034 2279
1036 2275
1038 2274
1040 2233
1042 2253
1044 2216
1046 2291
1048 2254
1050 2217
1052 2237
1054 2216
1056 2217
1058 2255
1060 2213
1062 2254
1064 2345
1066 2217
1068 2249
1070 2253
1072 2216
1074 2254
1076 2408
1078 2475
1080 2311
1082 2278
1084 2356
1086 2391
1088 2275
1090 2368
1092 2314
1094 2275
1096 2275
1098 2317
1100 2271
1102 2546
1104 2428
1106 2215
1108 2275
1110 2275
1112 2363
1114 2357
1116 2273
1118 2275
1120 2214
1122 2215
1124 2252
1126 2216
1128 2291
1130 2290
1132 2217
1134 2334
1136 2216
1138 2257
1140 2255
1142 2413
1144 2218
1146 2219
1148 2252
1150 2216
1152 2216
1154 2328
1156 2214
1158 2219
1160 2250
1162 2290
1164 3305
1166 2353
1168 2275
1170 2462
1172 2313
1174 2360
1176 2216
1178 2365
1180 2218
1182 2253
1184 2252
1186 2216
1188 2216
1190 2216
1192 2328
1194 2214
1196 2216
1198 2258
1200 2216
1202 2217
1204 2327
1206 2212
1208 2253
1210 2339
1212 2213
1214 2218
1216 2251
1218 2217
1220 2219
1222 2329
1224 2218
1226 2217
1228 2374
1230 2220
1232 2352
1234 2216
1236 2217
1238 2217
1240 2217
1242 2367
1244 2215
1246 2216
1248 2316
1250 2367
1252 2217
1254 2275
1256 2216
1258 2217
1260 2335
1262 2216
1264 2214
1266 2254
1268 2212
1270 2700
1272 2320
1274 2275
1276 2277
1278 2605
1280 2350
1282 2253
1284 2477
1286 2301
1288 2368
1290 2311
1292 2275
1294 2275
1296 2271
1298 2274
1300 2312
1302 2277
1304 2282
1306 2341
1308 2270
1310 2356
1312 2294
1314 2274
1316 2215
1318 2251
1320 2330
1322 2308
1324 2216
1326 2213
1328 2217
1330 2216
1332 2216
1334 2219
1336 2216
1338 2256
1340 2273
1342 2213
1344 2215
1346 2289
1348 2329
1350 2300
1352 2363
1354 2219
1356 2289
1358 2291
1360 2377
1362 2217
1364 2366
1366 2216
1368 2293
1370 2250
1372 2216
1374 2313
1376 2251
1378 2304
1380 2217
1382 2252
1384 2303
1386 2216
1388 2326
1390 2221
1392 2296
1394 2217
1396 2217
1398 2218
1400 2219
1402 2221
1404 2219
1406 2219
1408 2216
1410 2216
1412 2216
1414 2388
1416 2375
1418 2633
1420 2938
1422 2364
1424 2392
1426 2339
1428 2339
1430 2340
1432 2338
1434 2335
1436 2451
1438 2274
1440 2275
1442 2317
1444 2282
1446 2239
1448 2220
1450 2217
1452 2236
1454 2296
1456 2726
1458 3032
1460 2332
1462 2326
1464 2337
1466 2349
1468 2292
1470 2275
1472 2316
1474 2216
1476 2346
1478 2217
1480 2256
1482 2290
1484 2252
1486 2217
1488 2216
1490 2290
1492 2253
1494 2217
1496 2311
1498 2291
1500 2319
1502 2397
1504 2314
1506 2274
1508 2282
1510 2250
1512 2217
1514 2217
1516 2252
1518 2326
1520 2275
1522 2318
1524 2275
1526 2216
1528 2218
1530 2214
1532 2256
1534 2217
1536 2367
1538 2255
1540 2220
1542 2254
1544 2780
1546 2219
1548 2346
1550 2278
1552 2275
1554 2656
1556 2580
1558 2235
1560 2434
1562 2275
1564 2275
1566 2315
1568 2274
1570 2372
1572 2278
1574 2278
1576 2274
1578 2585
1580 2329
1582 2610
1584 2310
1586 2308
1588 2340
1590 2338
1592 2313
1594 2350
1596 2392
1598 2276
1600 2274
1602 2274
1604 2214
1606 2252
1608 2327
1610 2305
1612 2217
1614 2253
1616 2218
1618 2216
1620 2216
1622 2255
1624 2213
1626 2219
1628 2391
1630 2219
1632 2217
1634 2328
1636 2217
1638 2219
1640 2254
1642 2292
1644 2404
1646 2325
1648 2219
1650 2213
1652 2215
1654 2298
1656 2407
1658 2216
1660 2253
1662 2274
1664 2274
1666 2275
1668 2301
1670 2252
1672 2324
1674 2273
1676 2313
1678 2253
1680 2255
1682 2291
1684 2328
1686 2250
1688 2216
1690 2216
1692 2216
1694 2287
1696 2365
1698 2427
1700 2464
1702 2402
1704 2620
1706 2318
1708 2337
1710 2337
1712 2308
1714 2274
1716 2274
1718 2424
1720 2327
1722 2254
1724 2391
1726 2277
1728 2287
1730 2216
1732 2218
1734 2319
1736 2367
1738 2216
1740 2257
1742 2271
1744 2274
1746 2251
1748 2213
1750 2217
1752 2328
1754 2329
1756 2219
1758 2255
1760 2255
1762 2220
1764 2295
1766 2217
1768 2215
1770 2232
1772 2217
1774 2215
1776 2216
1778 2216
1780 2214
1782 2217
1784 2216
1786 2217
1788 2402
1790 2325
1792 2864
1794 2277
1796 2400
1798 2361
1800 2405
1802 2291
1804 2305
1806 2375
1808 2282
1810 2218
1812 2222
1814 2379
1816 2251
1818 2214
1820 2251
1822 2268
1824 2216
1826 2251
1828 2367
1830 2215
1832 2216
1834 2216
1836 2300
1838 2250
1840 2327
1842 2561
1844 2356
1846 2280
1848 2275
1850 2279
1852 2305
1854 2275
1856 2314
1858 2276
1860 2247
1862 2215
1864 2292
1866 2213
1868 2216
1870 2365
1872 2213
1874 2254
1876 2274
1878 2391
1880 2217
1882 2253
1884 2293
1886 2326
1888 2368
1890 2219
1892 2216
1894 2254
1896 2214
1898 2292
1900 2213
1902 2362
1904 2213
1906 2213
1908 2329
1910 2217
1912 2216
1914 2253
1916 2251
1918 2216
1920 2254
1922 2212
1924 2212
1926 2238
1928 2330
1930 2213
1932 2368
1934 2290
1936 2212
1938 2213
1940 2251
1942 2457
1944 2301
1946 2287
1948 2276
1950 2311
1952 2271
1954 2215
1956 2328
1958 2219
1960 2252
1962 2254
1964 2213
1966 2333
1968 2217
1970 2217
1972 2253
1974 2414
1976 2277
1978 2280
1980 2400
1982 2274
1984 2345
1986 2277
1988 2219
1990 2255
1992 2217
1994 2327
1996 2216
1998 2218
2000 4400
