2 241
4 221
6 218
8 207
10 205
12 205
14 205
16 194
18 193
20 192
22 192
24 191
26 191
28 192
30 191
32 191
34 190
36 190
38 189
40 189
42 188
44 191
46 189
48 217
50 177
52 176
54 175
56 175
58 174
60 173
62 186
64 195
66 196
68 195
70 195
72 195
74 192
76 192
78 192
80 191
82 191
84 192
86 191
88 193
90 212
92 191
94 191
96 191
98 191
100 191
102 191
104 191
106 191
108 191
110 191
112 191
114 192
116 227
118 190
120 191
122 191
124 190
126 241
128 240
130 240
132 313
134 234
136 233
138 233
140 307
142 233
144 233
146 233
148 233
150 234
152 233
154 233
156 233
158 233
160 233
162 233
164 233
166 266
168 233
170 233
172 234
174 233
176 234
178 233
180 294
182 239
184 240
186 239
188 239
190 241
192 239
194 239
196 239
198 240
200 239
202 239
204 239
206 239
208 239
210 239
212 239
214 268
216 240
218 240
220 240
222 274
224 308
226 240
228 366
230 234
232 233
234 233
236 234
238 253
240 234
242 239
244 239
246 239
248 239
250 365
252 364
254 364
256 364
258 421
260 380
262 389
264 378
266 379
268 379
270 374
272 373
274 373
276 375
278 377
280 380
282 365
284 393
286 365
288 364
290 364
292 364
294 364
296 364
298 432
300 375
302 374
304 377
306 396
308 383
310 379
312 445
314 373
316 374
318 374
320 374
322 402
324 375
326 374
328 375
330 403
332 376
334 374
336 376
338 374
340 378
342 376
344 378
346 377
348 375
350 375
352 375
354 377
356 375
358 373
360 373
362 374
364 375
366 376
368 374
370 374
372 374
374 373
376 373
378 373
380 373
382 375
384 374
386 373
388 374
390 374
392 363
394 383
396 363
398 364
400 363
402 364
404 364
406 363
408 364
410 371
412 354
414 354
416 354
418 354
420 356
422 354
424 354
426 391
428 354
430 354
432 355
434 354
436 354
438 355
440 354
442 437
444 354
446 354
448 417
450 364
452 364
454 364
456 354
458 461
460 355
462 354
464 374
466 354
468 353
470 354
472 354
474 354
476 354
478 355
480 355
482 353
484 354
486 383
488 354
490 354
492 354
494 354
496 354
498 354
500 635
502 618
504 617
506 618
508 617
510 618
512 676
514 618
516 618
518 618
520 620
522 618
524 692
526 635
528 651
530 618
532 618
534 639
536 619
538 618
540 618
542 618
544 618
546 699
548 730
550 634
552 620
554 617
556 618
558 634
560 669
562 634
564 634
566 634
568 633
570 671
572 635
574 635
576 673
578 635
580 635
582 618
584 619
586 618
588 618
590 618
592 620
594 620
596 619
598 618
600 635
602 637
604 682
606 618
608 618
610 618
612 617
614 618
616 618
618 618
620 618
622 618
624 619
626 618
628 618
630 618
632 618
634 618
636 654
638 618
640 618
642 618
644 618
646 618
648 618
650 618
652 618
654 669
656 636
658 634
660 634
662 633
664 634
666 619
668 619
670 618
672 618
674 618
676 617
678 616
680 615
682 614
684 614
686 1017
688 678
690 650
692 649
694 684
696 636
698 631
700 659
702 690
704 718
706 631
708 631
710 631
712 631
714 652
716 630
718 630
720 631
722 630
724 630
726 630
728 630
730 630
732 665
734 630
736 630
738 631
740 630
742 630
744 631
746 631
748 631
750 613
752 686
754 634
756 615
758 614
760 719
762 631
764 631
766 686
768 702
770 630
772 630
774 630
776 667
778 632
780 700
782 629
784 630
786 630
788 632
790 630
792 630
794 630
796 631
798 631
800 630
802 614
804 614
806 614
808 615
810 822
812 668
814 614
816 615
818 614
820 615
822 614
824 651
826 614
828 654
830 614
832 614
834 687
836 614
838 614
840 614
842 616
844 614
846 614
848 615
850 614
852 614
854 614
856 614
858 614
860 614
862 614
864 615
866 670
868 614
870 614
872 613
874 614
876 614
878 614
880 651
882 615
884 615
886 616
888 614
890 614
892 615
894 615
896 615
898 615
900 615
902 615
904 651
906 614
908 616
910 615
912 614
914 615
916 615
918 614
920 615
922 614
924 614
926 614
928 614
930 614
932 614
934 732
936 614
938 614
940 614
942 614
944 614
946 614
948 614
950 614
952 614
954 614
956 615
958 615
960 614
962 613
964 613
966 614
968 615
970 614
972 614
974 614
976 750
978 630
980 631
982 631
984 633
986 650
988 631
990 659
992 631
994 630
996 630
998 631
1000 1207
1002 1172
1004 1172
1006 1233
1008 1139
1010 1225
1012 1138
1014 1138
1016 1269
1018 1412
1020 1286
1022 1244
1024 1167
1026 1167
1028 1166
1030 1168
1032 1168
1034 1167
1036 1169
1038 1139
1040 1138
1042 1140
1044 1288
1046 1137
1048 1137
1050 1231
1052 1219
1054 1209
1056 1174
1058 1137
1060 1136
1062 1137
1064 1138
1066 1138
1068 1137
1070 1137
1072 1192
1074 1137
1076 1140
1078 1138
1080 1212
1082 1138
1084 1137
1086 1211
1088 1175
1090 1137
1092 1138
1094 1136
1096 1138
1098 1213
1100 1137
1102 1138
1104 1138
1106 1211
1108 1137
1110 1361
1112 1141
1114 1141
1116 1176
1118 1138
1120 1139
1122 1139
1124 1138
1126 1245
1128 1138
1130 1522
1132 1142
1134 1141
1136 1172
1138 1171
1140 1198
1142 1169
1144 1172
1146 1173
1148 1142
1150 1140
1152 1210
1154 1138
1156 1138
1158 1137
1160 1137
1162 1138
1164 1138
1166 1238
1168 1141
1170 1176
1172 1141
1174 1220
1176 1140
1178 1138
1180 1138
1182 1231
1184 1138
1186 1319
1188 1172
1190 1170
1192 1171
1194 1168
1196 1204
1198 1154
1200 1138
1202 1138
1204 1178
1206 1141
1208 1140
1210 1205
1212 1169
1214 1169
1216 1138
1218 1139
1220 1214
1222 1138
1224 1139
1226 1297
1228 1251
1230 1173
1232 1170
1234 1171
1236 1170
1238 1168
1240 1168
1242 1206
1244 1137
1246 1175
1248 1137
1250 1137
1252 1136
1254 1137
1256 1137
1258 1138
1260 1154
1262 1139
1264 1137
1266 1196
1268 1139
1270 1212
1272 1139
1274 1137
1276 1137
1278 1171
1280 1139
1282 1287
1284 1137
1286 1138
1288 1139
1290 1138
1292 1138
1294 1160
1296 1170
1298 1277
1300 1169
1302 1169
1304 1169
1306 1154
1308 1138
1310 1174
1312 1137
1314 1136
1316 1137
1318 1137
1320 1139
1322 1139
1324 1138
1326 1195
1328 1138
1330 1138
1332 1138
1334 1211
1336 1154
1338 1137
1340 1138
1342 1195
1344 1137
1346 1137
1348 1137
1350 1137
1352 1137
1354 1137
1356 1139
1358 1139
1360 1139
1362 1137
1364 1137
1366 1137
1368 1137
1370 1137
1372 1137
1374 1244
1376 1137
1378 1138
1380 1140
1382 1138
1384 1138
1386 1137
1388 1137
1390 1137
1392 1138
1394 1138
1396 1248
1398 1172
1400 1108
1402 1107
1404 1161
1406 1140
1408 1103
1410 1103
1412 1141
1414 1174
1416 1105
1418 1106
1420 1368
1422 1225
1424 1137
1426 1133
1428 1164
1430 1134
1432 1132
1434 1104
1436 1211
1438 1146
1440 1166
1442 1139
1444 1134
1446 1134
1448 1133
1450 1140
1452 1103
1454 1266
1456 1319
1458 1106
1460 1192
1462 1135
1464 1135
1466 1134
1468 1136
1470 1135
1472 1127
1474 1106
1476 1105
1478 1234
1480 1103
1482 1103
1484 1133
1486 1132
1488 1132
1490 1103
1492 1139
1494 1103
1496 1180
1498 1104
1500 1104
1502 1103
1504 1102
1506 1103
1508 1103
1510 1181
1512 1103
1514 1104
1516 1104
1518 1174
1520 1102
1522 1178
1524 1177
1526 1140
1528 1102
1530 1120
1532 1104
1534 1105
1536 1104
1538 1102
1540 1103
1542 1177
1544 1104
1546 1104
1548 1104
1550 1139
1552 1103
1554 1103
1556 1140
1558 1104
1560 1104
1562 1103
1564 1102
1566 1178
1568 1103
1570 1103
1572 1105
1574 1103
1576 1103
1578 1105
1580 1103
1582 1174
1584 1104
1586 1102
1588 1141
1590 1103
1592 1103
1594 1123
1596 1103
1598 1102
1600 1102
1602 1103
1604 1140
1606 1103
1608 1104
1610 1103
1612 1103
1614 1103
1616 1102
1618 1103
1620 1247
1622 1103
1624 1103
1626 1103
1628 1103
1630 1102
1632 1102
1634 1102
1636 1103
1638 1103
1640 1102
1642 1104
1644 1104
1646 1102
1648 1104
1650 1103
1652 1103
1654 1104
1656 1176
1658 1176
1660 1104
1662 1103
1664 1104
1666 1102
1668 1103
1670 1103
1672 1102
1674 1102
1676 1141
1678 1107
1680 1144
1682 1105
1684 1580
1686 1107
1688 1105
1690 1107
1692 1107
1694 1108
1696 1104
1698 1140
1700 1106
1702 1105
1704 1103
1706 1104
1708 1162
1710 1104
1712 1169
1714 1105
1716 1141
1718 1133
1720 1164
1722 1134
1724 1134
1726 1179
1728 1105
1730 1107
1732 1105
1734 1105
1736 1104
1738 1104
1740 1108
1742 1107
1744 1106
1746 1104
1748 1104
1750 1139
1752 1119
1754 1105
1756 1104
1758 1139
1760 1173
1762 1142
1764 1105
1766 1105
1768 1106
1770 1105
1772 1103
1774 1183
1776 1102
1778 1104
1780 1105
1782 1141
1784 1139
1786 1103
1788 1104
1790 1140
1792 1103
1794 1102
1796 1102
1798 1139
1800 1103
1802 1103
1804 1104
1806 1103
1808 1104
1810 1140
1812 1219
1814 1102
1816 1182
1818 1102
1820 1142
1822 1140
1824 1103
1826 1103
1828 1102
1830 1172
1832 1104
1834 1104
1836 1104
1838 1103
1840 1103
1842 1209
1844 1103
1846 1103
1848 1103
1850 1105
1852 1104
1854 1104
1856 1106
1858 1105
1860 1104
1862 1103
1864 1103
1866 1103
1868 1138
1870 1140
1872 1103
1874 1177
1876 1104
1878 1103
1880 1104
1882 1123
1884 1104
1886 1103
1888 1106
1890 1105
1892 1106
1894 1106
1896 1103
1898 1103
1900 1141
1902 1103
1904 1141
1906 1103
1908 1145
1910 1105
1912 1251
1914 1103
1916 1105
1918 1104
1920 1104
1922 1104
1924 1103
1926 1141
1928 1107
1930 1216
1932 1182
1934 1204
1936 1108
1938 1104
1940 1170
1942 1104
1944 1104
1946 1104
1948 1105
1950 1103
1952 1104
1954 1105
1956 1105
1958 1104
1960 1104
1962 1102
1964 1139
1966 1103
1968 1102
1970 1102
1972 1102
1974 1102
1976 1103
1978 1103
1980 1145
1982 1143
1984 1288
1986 1142
1988 1142
1990 1258
1992 1141
1994 1140
1996 1179
1998 1141
2000 2391
