2 241
4 221
6 218
8 204
10 204
12 204
14 204
16 194
18 193
20 191
22 190
24 191
26 191
28 191
30 191
32 195
34 173
36 171
38 172
40 170
42 171
44 248
46 195
48 179
50 212
52 175
54 174
56 174
58 175
60 175
62 182
64 193
66 195
68 194
70 194
72 194
74 193
76 193
78 190
80 190
82 190
84 193
86 189
88 193
90 190
92 192
94 189
96 189
98 189
100 190
102 189
104 190
106 193
108 192
110 193
112 189
114 190
116 189
118 189
120 189
122 190
124 189
126 243
128 242
130 242
132 241
134 241
136 241
138 283
140 241
142 243
144 241
146 241
148 258
150 241
152 241
154 241
156 241
158 242
160 241
162 242
164 240
166 280
168 240
170 240
172 242
174 279
176 344
178 235
180 236
182 234
184 235
186 235
188 235
190 234
192 234
194 235
196 235
198 254
200 241
202 241
204 241
206 241
208 241
210 298
212 242
214 329
216 251
218 267
220 254
222 254
224 251
226 251
228 251
230 250
232 252
234 253
236 269
238 254
240 254
242 250
244 248
246 249
248 248
250 376
252 373
254 406
256 376
258 390
260 372
262 371
264 372
266 373
268 370
270 371
272 370
274 371
276 370
278 402
280 382
282 371
284 371
286 371
288 372
290 360
292 410
294 361
296 409
298 437
300 443
302 361
304 361
306 361
308 360
310 360
312 361
314 362
316 360
318 361
320 361
322 361
324 361
326 361
328 361
330 361
332 361
334 361
336 361
338 360
340 399
342 361
344 361
346 368
348 352
350 351
352 353
354 351
356 351
358 352
360 352
362 351
364 351
366 351
368 424
370 351
372 442
374 360
376 361
378 351
380 352
382 392
384 351
386 351
388 351
390 351
392 351
394 351
396 350
398 351
400 351
402 387
404 425
406 352
408 351
410 352
412 352
414 388
416 352
418 352
420 352
422 352
424 351
426 351
428 351
430 352
432 360
434 360
436 351
438 351
440 351
442 351
444 351
446 351
448 351
450 351
452 351
454 351
456 351
458 351
460 351
462 369
464 350
466 351
468 371
470 351
472 351
474 351
476 351
478 351
480 391
482 352
484 352
486 352
488 351
490 388
492 352
494 424
496 352
498 352
500 621
502 604
504 626
506 604
508 604
510 640
512 662
514 620
516 604
518 604
520 604
522 603
524 603
526 604
528 604
530 603
532 603
534 604
536 604
538 604
540 604
542 619
544 603
546 603
548 605
550 603
552 603
554 604
556 604
558 603
560 604
562 682
564 605
566 719
568 604
570 604
572 604
574 604
576 604
578 604
580 604
582 605
584 605
586 604
588 604
590 604
592 604
594 605
596 604
598 624
600 603
602 604
604 604
606 604
608 603
610 604
612 640
614 604
616 603
618 681
620 679
622 749
624 603
626 603
628 603
630 640
632 604
634 604
636 603
638 745
640 697
642 621
644 621
646 620
648 620
650 619
652 632
654 603
656 670
658 633
660 743
662 605
664 621
666 621
668 620
670 622
672 621
674 604
676 730
678 605
680 604
682 604
684 603
686 623
688 604
690 603
692 603
694 603
696 603
698 603
700 603
702 603
704 603
706 646
708 658
710 603
712 604
714 603
716 604
718 604
720 640
722 604
724 603
726 603
728 603
730 603
732 671
734 603
736 603
738 603
740 603
742 603
744 639
746 603
748 604
750 603
752 674
754 604
756 714
758 603
760 603
762 604
764 603
766 604
768 640
770 603
772 603
774 603
776 640
778 604
780 624
782 603
784 603
786 603
788 604
790 603
792 603
794 603
796 603
798 603
800 603
802 603
804 603
806 714
808 603
810 604
812 604
814 603
816 603
818 604
820 603
822 604
824 604
826 604
828 604
830 603
832 603
834 640
836 636
838 654
840 621
842 621
844 620
846 620
848 621
850 620
852 620
854 620
856 620
858 619
860 620
862 621
864 620
866 620
868 620
870 619
872 621
874 822
876 699
878 786
880 603
882 692
884 619
886 719
888 620
890 619
892 619
894 655
896 619
898 619
900 619
902 624
904 617
906 616
908 615
910 616
912 1181
914 752
916 634
918 634
920 633
922 650
924 632
926 632
928 633
930 631
932 634
934 631
936 631
938 631
940 631
942 631
944 616
946 694
948 614
950 615
952 615
954 615
956 615
958 750
960 615
962 615
964 615
966 616
968 616
970 616
972 616
974 615
976 616
978 615
980 615
982 616
984 616
986 617
988 615
990 702
992 615
994 615
996 617
998 616
1000 1148
1002 1147
1004 1148
1006 1219
1008 1145
1010 1145
1012 1145
1014 1145
1016 1146
1018 1146
1020 1145
1022 1144
1024 1182
1026 1220
1028 1144
1030 1217
1032 1146
1034 1145
1036 1217
1038 1183
1040 1220
1042 1144
1044 1146
1046 1182
1048 1145
1050 1146
1052 1145
1054 1162
1056 1144
1058 1144
1060 1181
1062 1145
1064 1145
1066 1145
1068 1256
1070 1144
1072 1144
1074 1223
1076 1145
1078 1145
1080 1144
1082 1163
1084 1259
1086 1147
1088 1146
1090 1146
1092 1182
1094 1146
1096 1279
1098 1338
1100 1149
1102 1146
1104 1293
1106 1149
1108 1218
1110 1177
1112 1261
1114 1279
1116 1179
1118 1177
1120 1146
1122 1182
1124 1146
1126 1145
1128 1182
1130 1182
1132 1145
1134 1145
1136 1146
1138 1146
1140 1146
1142 1143
1144 1219
1146 1148
1148 1146
1150 1148
1152 1145
1154 1164
1156 1146
1158 1145
1160 1323
1162 1145
1164 1145
1166 1216
1168 1146
1170 1146
1172 1146
1174 1145
1176 1144
1178 1146
1180 1144
1182 1144
1184 1143
1186 1144
1188 1144
1190 1145
1192 1197
1194 1144
1196 1144
1198 1257
1200 1144
1202 1145
1204 1252
1206 1145
1208 1147
1210 1222
1212 1145
1214 1145
1216 1144
1218 1144
1220 1145
1222 1144
1224 1144
1226 1145
1228 1146
1230 1217
1232 1144
1234 1144
1236 1143
1238 1144
1240 1145
1242 1300
1244 1148
1246 1146
1248 1149
1250 1145
1252 1221
1254 1146
1256 1147
1258 1147
1260 1145
1262 1183
1264 1145
1266 1186
1268 1145
1270 1144
1272 1182
1274 1366
1276 1356
1278 1148
1280 1182
1282 1176
1284 1176
1286 1175
1288 1175
1290 1175
1292 1145
1294 1293
1296 1145
1298 1146
1300 1145
1302 1262
1304 1221
1306 1145
1308 1297
1310 1146
1312 1146
1314 1218
1316 1145
1318 1145
1320 1146
1322 1209
1324 1145
1326 1145
1328 1182
1330 1145
1332 1219
1334 1145
1336 1220
1338 1181
1340 1146
1342 1146
1344 1145
1346 1144
1348 1256
1350 1144
1352 1148
1354 1147
1356 1147
1358 1145
1360 1145
1362 1295
1364 1147
1366 1183
1368 1146
1370 1181
1372 1144
1374 1145
1376 1183
1378 1144
1380 1146
1382 1144
1384 1144
1386 1184
1388 1284
1390 1178
1392 1181
1394 1181
1396 1177
1398 1175
1400 1214
1402 1149
1404 1148
1406 1147
1408 1146
1410 1147
1412 1146
1414 1146
1416 1146
1418 1147
1420 1147
1422 1147
1424 1148
1426 1255
1428 1145
1430 1146
1432 1186
1434 1146
1436 1221
1438 1144
1440 1145
1442 1145
1444 1204
1446 1146
1448 1146
1450 1145
1452 1145
1454 1145
1456 1145
1458 1145
1460 1182
1462 1146
1464 1255
1466 1145
1468 1181
1470 1144
1472 1144
1474 1144
1476 1334
1478 1144
1480 1143
1482 1145
1484 1144
1486 1145
1488 1146
1490 1144
1492 1143
1494 1145
1496 1180
1498 1271
1500 1148
1502 1261
1504 1269
1506 1145
1508 1146
1510 1147
1512 1147
1514 1147
1516 1146
1518 1146
1520 1147
1522 1145
1524 1134
1526 1133
1528 1132
1530 1131
1532 1130
1534 1148
1536 1131
1538 1268
1540 1166
1542 1131
1544 1205
1546 1130
1548 1132
1550 1133
1552 1131
1554 1167
1556 1131
1558 1135
1560 1132
1562 1131
1564 1131
1566 1130
1568 1231
1570 1165
1572 1296
1574 1164
1576 1161
1578 1163
1580 1161
1582 1277
1584 1156
1586 1133
1588 1171
1590 1130
1592 1130
1594 1220
1596 1131
1598 1247
1600 1167
1602 1130
1604 1130
1606 1130
1608 1129
1610 1130
1612 1129
1614 1167
1616 1130
1618 1239
1620 1270
1622 1475
1624 1215
1626 1282
1628 1162
1630 1165
1632 1160
1634 1266
1636 1261
1638 1236
1640 1248
1642 1162
1644 1198
1646 1163
1648 1321
1650 1278
1652 1160
1654 1160
1656 1197
1658 1164
1660 1163
1662 1161
1664 1160
1666 1160
1668 1160
1670 1132
1672 1482
1674 1181
1676 1255
1678 1212
1680 1161
1682 1160
1684 1162
1686 1264
1688 1133
1690 1132
1692 1131
1694 1170
1696 1132
1698 1174
1700 1133
1702 1132
1704 1133
1706 1172
1708 1132
1710 1131
1712 1207
1714 1130
1716 1168
1718 1168
1720 1131
1722 1131
1724 1129
1726 1130
1728 1130
1730 1229
1732 1131
1734 1130
1736 1130
1738 1131
1740 1205
1742 1132
1744 1213
1746 1132
1748 1130
1750 1167
1752 1131
1754 1129
1756 1166
1758 1130
1760 1130
1762 1130
1764 1131
1766 1131
1768 1205
1770 1130
1772 1130
1774 1130
1776 1131
1778 1130
1780 1130
1782 1130
1784 1132
1786 1167
1788 1203
1790 1189
1792 1129
1794 1165
1796 1131
1798 1130
1800 1132
1802 1268
1804 1134
1806 1227
1808 1419
1810 1209
1812 1161
1814 1160
1816 1162
1818 1410
1820 1187
1822 1157
1824 1161
1826 1159
1828 1151
1830 1132
1832 1169
1834 1132
1836 1129
1838 1129
1840 1130
1842 1229
1844 1131
1846 1131
1848 1133
1850 1196
1852 1133
1854 1133
1856 1173
1858 1132
1860 1186
1862 1131
1864 1132
1866 1136
1868 1134
1870 1131
1872 1150
1874 1255
1876 1162
1878 1368
1880 1196
1882 1193
1884 1224
1886 1286
1888 1164
1890 1147
1892 1294
1894 1133
1896 1131
1898 1203
1900 1131
1902 1130
1904 1131
1906 1131
1908 1130
1910 1130
1912 1131
1914 1130
1916 1160
1918 1132
1920 1132
1922 1132
1924 1167
1926 1131
1928 1130
1930 1216
1932 1132
1934 1131
1936 1132
1938 1131
1940 1130
1942 1130
1944 1130
1946 1129
1948 1130
1950 1132
1952 1130
1954 1130
1956 1206
1958 1130
1960 1369
1962 1255
1964 1253
1966 1164
1968 1231
1970 1193
1972 1198
1974 1200
1976 1161
1978 1131
1980 1170
1982 1431
1984 1132
1986 1131
1988 1160
1990 1162
1992 1160
1994 1130
1996 1130
1998 1130
2000 2214
