2 288
4 198
6 196
8 185
10 184
12 184
14 183
16 176
18 175
20 173
22 173
24 173
26 171
28 172
30 171
32 172
34 170
36 170
38 170
40 169
42 169
44 205
46 168
48 168
50 169
52 170
54 241
56 179
58 177
60 176
62 185
64 193
66 194
68 190
70 192
72 190
74 193
76 215
78 192
80 189
82 191
84 189
86 189
88 189
90 189
92 189
94 189
96 226
98 190
100 190
102 189
104 189
106 189
108 190
110 189
112 190
114 189
116 192
118 209
120 196
122 189
124 189
126 243
128 241
130 241
132 240
134 244
136 240
138 240
140 240
142 240
144 240
146 239
148 240
150 239
152 240
154 269
156 240
158 240
160 240
162 240
164 240
166 288
168 234
170 270
172 234
174 234
176 235
178 235
180 234
182 234
184 233
186 234
188 234
190 234
192 234
194 233
196 237
198 236
200 235
202 234
204 272
206 234
208 234
210 234
212 240
214 240
216 240
218 240
220 240
222 240
224 240
226 241
228 335
230 234
232 233
234 233
236 234
238 233
240 287
242 234
244 234
246 240
248 240
250 470
252 362
254 361
256 360
258 377
260 360
262 360
264 360
266 360
268 360
270 360
272 360
274 360
276 360
278 361
280 360
282 360
284 360
286 360
288 361
290 361
292 360
294 361
296 360
298 360
300 360
302 361
304 387
306 351
308 388
310 351
312 351
314 351
316 352
318 351
320 354
322 351
324 351
326 351
328 352
330 351
332 351
334 352
336 351
338 351
340 351
342 351
344 351
346 350
348 351
350 351
352 351
354 350
356 387
358 350
360 352
362 351
364 351
366 351
368 352
370 351
372 351
374 423
376 379
378 350
380 351
382 351
384 351
386 351
388 350
390 384
392 351
394 351
396 352
398 367
400 350
402 351
404 351
406 352
408 351
410 351
412 351
414 350
416 351
418 351
420 351
422 351
424 351
426 405
428 351
430 352
432 371
434 351
436 351
438 351
440 351
442 351
444 350
446 352
448 352
450 351
452 370
454 387
456 351
458 351
460 350
462 350
464 351
466 351
468 351
470 350
472 403
474 388
476 390
478 351
480 351
482 351
484 350
486 351
488 351
490 351
492 350
494 351
496 351
498 350
500 602
502 603
504 602
506 601
508 687
510 601
512 601
514 602
516 601
518 601
520 638
522 601
524 640
526 601
528 601
530 601
532 638
534 687
536 601
538 601
540 601
542 811
544 617
546 619
548 616
550 616
552 616
554 618
556 702
558 602
560 601
562 602
564 600
566 601
568 637
570 601
572 602
574 602
576 601
578 601
580 711
582 601
584 602
586 601
588 601
590 600
592 637
594 675
596 602
598 602
600 602
602 602
604 601
606 601
608 635
610 601
612 977
614 691
616 605
618 654
620 618
622 623
624 618
626 618
628 617
630 688
632 617
634 617
636 617
638 704
640 619
642 617
644 617
646 617
648 617
650 620
652 739
654 687
656 618
658 601
660 602
662 618
664 618
666 618
668 618
670 617
672 602
674 618
676 602
678 601
680 602
682 604
684 603
686 638
688 602
690 638
692 601
694 601
696 602
698 638
700 601
702 601
704 601
706 601
708 601
710 672
712 601
714 616
716 600
718 601
720 600
722 637
724 601
726 602
728 697
730 736
732 624
734 604
736 618
738 618
740 618
742 617
744 619
746 620
748 618
750 660
752 619
754 619
756 619
758 601
760 603
762 601
764 637
766 601
768 636
770 681
772 601
774 601
776 601
778 644
780 601
782 638
784 600
786 601
788 600
790 601
792 602
794 601
796 601
798 601
800 603
802 601
804 600
806 744
808 601
810 601
812 601
814 746
816 670
818 602
820 601
822 601
824 601
826 676
828 602
830 601
832 641
834 601
836 691
838 638
840 601
842 601
844 678
846 602
848 602
850 639
852 601
854 601
856 601
858 602
860 601
862 601
864 601
866 641
868 601
870 601
872 601
874 722
876 601
878 601
880 602
882 601
884 601
886 675
888 601
890 601
892 601
894 677
896 601
898 637
900 602
902 603
904 601
906 601
908 601
910 623
912 621
914 621
916 621
918 637
920 620
922 620
924 621
926 622
928 620
930 620
932 620
934 620
936 658
938 620
940 620
942 622
944 621
946 685
948 620
950 620
952 619
954 619
956 620
958 657
960 621
962 641
964 621
966 621
968 622
970 657
972 621
974 620
976 637
978 638
980 636
982 693
984 620
986 620
988 621
990 620
992 710
994 622
996 687
998 638
1000 1179
1002 1177
1004 1178
1006 1219
1008 1213
1010 1253
1012 1177
1014 1393
1016 1175
1018 1176
1020 1176
1022 1199
1024 1175
1026 1217
1028 1175
1030 1175
1032 1198
1034 1146
1036 1145
1038 1164
1040 1148
1042 1146
1044 1145
1046 1145
1048 1144
1050 1253
1052 1147
1054 1148
1056 1183
1058 1146
1060 1145
1062 1145
1064 1239
1066 1145
1068 1146
1070 1183
1072 1147
1074 1145
1076 1145
1078 1146
1080 1146
1082 1146
1084 1145
1086 1145
1088 1144
1090 1147
1092 1144
1094 1145
1096 1167
1098 1146
1100 1146
1102 1147
1104 1145
1106 1145
1108 1182
1110 1143
1112 1227
1114 1174
1116 1174
1118 1174
1120 1180
1122 1143
1124 1144
1126 1144
1128 1143
1130 1181
1132 1146
1134 1144
1136 1144
1138 1146
1140 1182
1142 1495
1144 1454
1146 1149
1148 1176
1150 1177
1152 1363
1154 1267
1156 1177
1158 1147
1160 1150
1162 1255
1164 1146
1166 1335
1168 1147
1170 1215
1172 1176
1174 1176
1176 1183
1178 1146
1180 1146
1182 1223
1184 1145
1186 1146
1188 1146
1190 1144
1192 1211
1194 1144
1196 1144
1198 1145
1200 1144
1202 1144
1204 1144
1206 1144
1208 1143
1210 1144
1212 1163
1214 1143
1216 1183
1218 1145
1220 1223
1222 1147
1224 1145
1226 1330
1228 1145
1230 1144
1232 1257
1234 1145
1236 1182
1238 1145
1240 1144
1242 1144
1244 1220
1246 1144
1248 1144
1250 1144
1252 1146
1254 1146
1256 1146
1258 1144
1260 1180
1262 1284
1264 1180
1266 1145
1268 1144
1270 1180
1272 1146
1274 1146
1276 1146
1278 1145
1280 1181
1282 1145
1284 1147
1286 1185
1288 1144
1290 1145
1292 1144
1294 1144
1296 1180
1298 1144
1300 1144
1302 1180
1304 1145
1306 1144
1308 1145
1310 1143
1312 1143
1314 1218
1316 1178
1318 1179
1320 1208
1322 1208
1324 1208
1326 1175
1328 1174
1330 1179
1332 1146
1334 1145
1336 1182
1338 1145
1340 1145
1342 1145
1344 1144
1346 1217
1348 1323
1350 1144
1352 1202
1354 1145
1356 1199
1358 1145
1360 1145
1362 1144
1364 1182
1366 1181
1368 1144
1370 1219
1372 1145
1374 1143
1376 1143
1378 1146
1380 1184
1382 1145
1384 1145
1386 1147
1388 1184
1390 1182
1392 1144
1394 1144
1396 1218
1398 1145
1400 1145
1402 1144
1404 1273
1406 1144
1408 1144
1410 1148
1412 1145
1414 1145
1416 1145
1418 1144
1420 1144
1422 1149
1424 1184
1426 1146
1428 1151
1430 1255
1432 1285
1434 1175
1436 1175
1438 1205
1440 1180
1442 1149
1444 1147
1446 1178
1448 1175
1450 1269
1452 1259
1454 1146
1456 1146
1458 1263
1460 1145
1462 1145
1464 1389
1466 1146
1468 1146
1470 1147
1472 1145
1474 1144
1476 1146
1478 1145
1480 1182
1482 1144
1484 1145
1486 1144
1488 1145
1490 1144
1492 1145
1494 1180
1496 1181
1498 1145
1500 1145
1502 1144
1504 1145
1506 1144
1508 1145
1510 1146
1512 1146
1514 1144
1516 1146
1518 1181
1520 1253
1522 1147
1524 1144
1526 1127
1528 1237
1530 1124
1532 1124
1534 1160
1536 1124
1538 1199
1540 1124
1542 1198
1544 1124
1546 1124
1548 1124
1550 1124
1552 1123
1554 1125
1556 1125
1558 1125
1560 1161
1562 1124
1564 1124
1566 1198
1568 1124
1570 1123
1572 1123
1574 1123
1576 1122
1578 1124
1580 1241
1582 1124
1584 1198
1586 1124
1588 1123
1590 1123
1592 1161
1594 1123
1596 1123
1598 1160
1600 1260
1602 1124
1604 1201
1606 1123
1608 1198
1610 1123
1612 1123
1614 1124
1616 1123
1618 1124
1620 1123
1622 1122
1624 1139
1626 1122
1628 1122
1630 1159
1632 1122
1634 1160
1636 1123
1638 1125
1640 1123
1642 1123
1644 1124
1646 1124
1648 1124
1650 1234
1652 1123
1654 1123
1656 1124
1658 1124
1660 1195
1662 1160
1664 1123
1666 1125
1668 1125
1670 1124
1672 1123
1674 1123
1676 1123
1678 1123
1680 1123
1682 1122
1684 1160
1686 1123
1688 1159
1690 1123
1692 1122
1694 1234
1696 1162
1698 1123
1700 1173
1702 1124
1704 1161
1706 1206
1708 1198
1710 1124
1712 2113
1714 1127
1716 1152
1718 1307
1720 1212
1722 1188
1724 1187
1726 1187
1728 1185
1730 1155
1732 1154
1734 1125
1736 1124
1738 1128
1740 1127
1742 1126
1744 1279
1746 1125
1748 1124
1750 1124
1752 1124
1754 1124
1756 1166
1758 1127
1760 1164
1762 1126
1764 1126
1766 1198
1768 1162
1770 1199
1772 1126
1774 1161
1776 1123
1778 1162
1780 1124
1782 1198
1784 1123
1786 1124
1788 1124
1790 1123
1792 1160
1794 1123
1796 1124
1798 1160
1800 1124
1802 1204
1804 1123
1806 1123
1808 1161
1810 1123
1812 1124
1814 1124
1816 1284
1818 1124
1820 1198
1822 1144
1824 1124
1826 1125
1828 1124
1830 1161
1832 1123
1834 1160
1836 1124
1838 1197
1840 1122
1842 1125
1844 1124
1846 1123
1848 1123
1850 1123
1852 1123
1854 1123
1856 1122
1858 1122
1860 1124
1862 1125
1864 1125
1866 1162
1868 1159
1870 1123
1872 1124
1874 1123
1876 1123
1878 1124
1880 1125
1882 1122
1884 1122
1886 1123
1888 1124
1890 1275
1892 1125
1894 1124
1896 1124
1898 1197
1900 1159
1902 1122
1904 1122
1906 1159
1908 1198
1910 1123
1912 1123
1914 1201
1916 1125
1918 1124
1920 1125
1922 1201
1924 1124
1926 1123
1928 1123
1930 1124
1932 1159
1934 1168
1936 1166
1938 1155
1940 1154
1942 1160
1944 1159
1946 1235
1948 1122
1950 1122
1952 1123
1954 1197
1956 1123
1958 1125
1960 1125
1962 1125
1964 1123
1966 1123
1968 1160
1970 1197
1972 1124
1974 1140
1976 1159
1978 1161
1980 1123
1982 1124
1984 1124
1986 1200
1988 1125
1990 1123
1992 1160
1994 1354
1996 1124
1998 1122
2000 2282
