2 115
4 104
6 106
8 100
10 100
12 100
14 100
16 109
18 150
20 109
22 109
24 109
26 109
28 109
30 109
32 138
34 138
36 138
38 181
40 138
42 137
44 138
46 138
48 138
50 138
52 137
54 199
56 157
58 141
60 140
62 174
64 206
66 206
68 206
70 242
72 206
74 206
76 243
78 205
80 206
82 206
84 206
86 206
88 206
90 206
92 206
94 207
96 206
98 206
100 206
102 265
104 224
106 206
108 206
110 206
112 206
114 226
116 206
118 206
120 206
122 206
124 206
126 337
128 337
130 337
132 336
134 337
136 338
138 338
140 357
142 337
144 337
146 337
148 373
150 337
152 338
154 338
156 338
158 337
160 337
162 338
164 336
166 376
168 337
170 338
172 336
174 338
176 337
178 337
180 338
182 339
184 439
186 329
188 328
190 366
192 329
194 329
196 327
198 346
200 328
202 365
204 328
206 472
208 337
210 337
212 376
214 337
216 336
218 379
220 403
222 470
224 546
226 349
228 353
230 348
232 348
234 348
236 348
238 349
240 347
242 346
244 346
246 350
248 351
250 647
252 628
254 630
256 787
258 684
260 663
262 629
264 627
266 653
268 643
270 626
272 639
274 627
276 628
278 627
280 633
282 626
284 631
286 627
288 642
290 631
292 627
294 641
296 628
298 627
300 626
302 629
304 629
306 628
308 625
310 627
312 624
314 658
316 626
318 626
320 625
322 625
324 626
326 625
328 628
330 626
332 625
334 625
336 626
338 626
340 626
342 626
344 624
346 627
348 657
350 609
352 610
354 610
356 610
358 610
360 610
362 610
364 610
366 614
368 630
370 593
372 630
374 594
376 594
378 594
380 594
382 594
384 594
386 594
388 631
390 594
392 594
394 593
396 804
398 593
400 715
402 646
404 663
406 609
408 645
410 608
412 656
414 608
416 608
418 608
420 608
422 610
424 593
426 593
428 594
430 593
432 594
434 592
436 614
438 594
440 594
442 594
444 670
446 645
448 609
450 609
452 607
454 593
456 593
458 629
460 593
462 592
464 593
466 592
468 593
470 592
472 593
474 593
476 593
478 593
480 593
482 593
484 592
486 666
488 596
490 594
492 619
494 648
496 609
498 624
500 1199
502 1160
504 1161
506 1160
508 1160
510 1175
512 1168
514 1161
516 1161
518 1263
520 1131
522 1363
524 1131
526 1131
528 1128
530 1131
532 1133
534 1167
536 1131
538 1168
540 1131
542 1131
544 1131
546 1199
548 1131
550 1160
552 1131
554 1132
556 1194
558 1204
560 1155
562 1131
564 1320
566 1159
568 1158
570 1162
572 1161
574 1158
576 1131
578 1131
580 1130
582 1204
584 1189
586 1132
588 1131
590 1129
592 1129
594 1168
596 1131
598 1206
600 1129
602 1128
604 1128
606 1166
608 1132
610 1169
612 1129
614 1129
616 1204
618 1169
620 1208
622 1132
624 1129
626 1130
628 1131
630 1168
632 1212
634 1403
636 1129
638 1129
640 1132
642 1168
644 1129
646 1129
648 1204
650 1128
652 1133
654 1168
656 1128
658 1134
660 1133
662 1131
664 1131
666 1166
668 1129
670 1128
672 1131
674 1131
676 1130
678 1168
680 1168
682 1129
684 1133
686 1129
688 1204
690 1168
692 1128
694 1128
696 1166
698 1129
700 1131
702 1241
704 1131
706 1132
708 1208
710 1132
712 1131
714 1167
716 1130
718 1128
720 1167
722 1129
724 1129
726 1170
728 1131
730 1207
732 1130
734 1170
736 1131
738 1209
740 1133
742 1132
744 1212
746 1130
748 1131
750 1169
752 1131
754 1129
756 1131
758 1128
760 1256
762 1366
764 1257
766 1166
768 1132
770 1188
772 1199
774 1190
776 1163
778 1163
780 1322
782 1132
784 1169
786 1131
788 1131
790 1130
792 1132
794 1166
796 1167
798 1129
800 1130
802 1211
804 1132
806 1171
808 1205
810 1131
812 1130
814 1133
816 1133
818 1169
820 1205
822 1132
824 1169
826 1131
828 1131
830 1281
832 1288
834 1163
836 1162
838 1163
840 1162
842 1161
844 1201
846 1162
848 1162
850 1162
852 1159
854 1202
856 1199
858 1161
860 1201
862 1163
864 1163
866 1163
868 1161
870 1371
872 1131
874 1364
876 1131
878 1349
880 1161
882 1278
884 1179
886 1161
888 1162
890 1161
892 1160
894 1159
896 1160
898 1162
900 1129
902 1531
904 1245
906 1219
908 1131
910 1162
912 1202
914 1184
916 1273
918 1161
920 1165
922 1161
924 1268
926 1161
928 1161
930 1161
932 1254
934 1267
936 1161
938 1159
940 1161
942 1161
944 1161
946 1248
948 1161
950 1161
952 1169
954 1139
956 1131
958 1205
960 1131
962 1131
964 1214
966 1284
968 1131
970 1168
972 1131
974 1133
976 1131
978 1129
980 1131
982 1167
984 1131
986 1206
988 1151
990 1169
992 1131
994 1168
996 1131
998 1133
1000 2292
1002 2217
1004 2252
1006 2292
1008 2217
1010 2216
1012 2219
1014 2219
1016 2254
1018 2218
1020 2216
1022 2290
1024 2217
1026 2217
1028 2253
1030 2292
1032 2220
1034 2275
1036 2512
1038 2388
1040 2405
1042 2277
1044 2310
1046 2277
1048 2276
1050 2275
1052 2334
1054 2260
1056 2214
1058 2426
1060 2216
1062 2214
1064 2304
1066 2295
1068 2289
1070 2217
1072 2217
1074 2219
1076 2363
1078 2231
1080 2275
1082 2217
1084 2292
1086 2213
1088 2218
1090 2249
1092 2292
1094 2220
1096 2363
1098 2290
1100 2266
1102 2313
1104 2274
1106 2278
1108 2256
1110 2291
1112 2216
1114 2254
1116 2298
1118 2217
1120 2216
1122 2215
1124 2328
1126 2218
1128 2331
1130 2217
1132 2254
1134 2304
1136 2215
1138 2332
1140 2252
1142 2216
1144 2216
1146 2253
1148 2250
1150 2216
1152 2212
1154 2219
1156 2290
1158 2255
1160 2256
1162 2289
1164 2212
1166 2217
1168 2213
1170 2216
1172 2291
1174 2294
1176 2217
1178 2256
1180 2219
1182 2292
1184 2255
1186 2254
1188 2331
1190 2252
1192 2216
1194 2213
1196 2404
1198 2264
1200 2272
1202 2275
1204 2380
1206 2217
1208 2216
1210 2216
1212 2213
1214 2216
1216 2220
1218 2254
1220 2326
1222 2308
1224 2215
1226 2217
1228 2289
1230 2216
1232 2375
1234 2453
1236 2422
1238 2286
1240 2409
1242 2369
1244 2275
1246 2346
1248 2275
1250 2433
1252 2275
1254 2274
1256 2217
1258 2295
1260 2217
1262 2217
1264 2247
1266 2215
1268 2214
1270 2294
1272 2217
1274 2251
1276 2217
1278 2254
1280 2306
1282 2336
1284 2327
1286 2216
1288 2213
1290 2328
1292 2216
1294 2274
1296 2311
1298 2217
1300 2217
1302 2274
1304 2253
1306 2217
1308 2219
1310 2215
1312 2214
1314 2234
1316 2289
1318 2213
1320 2213
1322 2292
1324 2217
1326 2252
1328 2373
1330 2424
1332 2436
1334 2318
1336 2279
1338 2277
1340 2428
1342 2274
1344 2275
1346 2304
1348 2216
1350 2253
1352 2213
1354 2398
1356 2573
1358 2275
1360 2390
1362 2272
1364 2274
1366 2277
1368 2272
1370 2213
1372 2400
1374 2213
1376 2253
1378 2250
1380 2219
1382 2212
1384 2275
1386 2214
1388 2354
1390 2543
1392 2282
1394 2275
1396 2275
1398 2215
1400 2294
1402 2249
1404 2216
1406 2217
1408 2252
1410 2216
1412 2216
1414 2213
1416 2250
1418 2253
1420 2255
1422 2215
1424 2216
1426 2325
1428 2252
1430 2218
1432 2213
1434 2275
1436 2217
1438 2216
1440 2253
1442 2220
1444 2339
1446 2281
1448 2279
1450 2216
1452 2213
1454 2252
1456 2215
1458 2213
1460 2254
1462 2250
1464 2216
1466 2331
1468 2216
1470 2216
1472 2283
1474 2218
1476 2217
1478 2287
1480 2219
1482 2292
1484 2476
1486 2276
1488 2276
1490 2276
1492 2288
1494 2217
1496 2216
1498 2330
1500 2220
1502 2255
1504 2213
1506 2276
1508 2312
1510 2250
1512 2290
1514 2253
1516 2251
1518 2215
1520 2216
1522 2288
1524 2615
1526 2451
1528 2323
1530 2274
1532 2274
1534 2379
1536 2395
1538 2219
1540 2285
1542 2219
1544 2217
1546 2417
1548 2215
1550 2216
1552 2285
1554 2219
1556 2219
1558 2330
1560 2327
1562 2251
1564 2216
1566 2295
1568 2215
1570 2214
1572 2216
1574 2219
1576 2215
1578 2250
1580 2216
1582 2217
1584 2325
1586 2288
1588 2290
1590 2291
1592 2216
1594 2251
1596 2250
1598 2216
1600 2216
1602 2290
1604 2217
1606 2217
1608 2216
1610 2217
1612 2214
1614 2214
1616 2270
1618 2255
1620 2254
1622 2288
1624 2289
1626 2252
1628 2350
1630 2277
1632 2277
1634 2287
1636 2214
1638 2217
1640 2217
1642 2277
1644 2216
1646 2255
1648 2252
1650 2216
1652 2252
1654 2328
1656 2290
1658 2256
1660 2683
1662 2275
1664 2216
1666 2362
1668 2246
1670 2287
1672 2254
1674 2214
1676 2231
1678 2294
1680 2215
1682 2216
1684 2521
1686 2213
1688 2216
1690 2296
1692 2216
1694 2216
1696 2289
1698 2216
1700 2216
1702 2253
1704 2254
1706 2256
1708 2216
1710 2216
1712 2215
1714 2216
1716 2285
1718 2289
1720 2216
1722 2327
1724 2213
1726 2217
1728 2275
1730 2216
1732 2292
1734 2508
1736 2219
1738 2274
1740 2272
1742 2279
1744 2219
1746 2291
1748 2254
1750 2217
1752 2216
1754 2254
1756 2331
1758 2297
1760 2325
1762 2354
1764 2347
1766 2276
1768 2275
1770 2357
1772 2277
1774 2319
1776 2272
1778 2276
1780 2275
1782 2252
1784 2306
1786 2298
1788 2216
1790 2326
1792 2250
1794 2256
1796 2254
1798 2288
1800 2217
1802 2446
1804 2215
1806 2254
1808 2334
1810 2216
1812 2423
1814 2514
1816 2265
1818 2283
1820 2307
1822 2469
1824 2349
1826 2251
1828 2275
1830 2301
1832 2382
1834 2216
1836 2217
1838 2315
1840 2217
1842 2216
1844 2251
1846 2255
1848 2221
1850 2257
1852 2216
1854 2212
1856 2219
1858 2216
1860 2336
1862 2260
1864 2237
1866 2217
1868 2217
1870 2271
1872 2252
1874 2217
1876 2253
1878 2257
1880 2299
1882 2292
1884 2218
1886 2217
1888 2216
1890 2216
1892 2291
1894 2217
1896 2217
1898 2215
1900 2279
1902 2312
1904 2216
1906 2293
1908 2252
1910 2290
1912 2252
1914 2292
1916 2272
1918 2217
1920 2361
1922 2217
1924 2216
1926 2216
1928 2232
1930 2216
1932 2217
1934 2287
1936 2287
1938 2289
1940 2252
1942 2252
1944 2217
1946 2254
1948 2219
1950 2276
1952 2288
1954 2218
1956 2216
1958 2217
1960 2298
1962 2216
1964 2366
1966 2217
1968 2314
1970 2216
1972 2251
1974 2217
1976 2216
1978 2291
1980 2217
1982 2214
1984 2292
1986 2290
1988 2216
1990 2297
1992 2365
1994 2255
1996 2291
1998 2212
2000 4396
