2 115
4 104
6 103
8 101
10 100
12 100
14 100
16 110
18 109
20 109
22 111
24 109
26 109
28 109
30 109
32 138
34 138
36 138
38 138
40 138
42 138
44 138
46 137
48 138
50 175
52 138
54 137
56 145
58 141
60 141
62 174
64 206
66 206
68 205
70 223
72 206
74 206
76 206
78 206
80 206
82 206
84 206
86 206
88 206
90 206
92 206
94 206
96 206
98 206
100 205
102 206
104 244
106 206
108 206
110 214
112 231
114 289
116 258
118 260
120 238
122 225
124 207
126 338
128 338
130 337
132 338
134 337
136 338
138 337
140 337
142 378
144 337
146 338
148 337
150 337
152 337
154 401
156 338
158 363
160 365
162 337
164 367
166 337
168 337
170 338
172 338
174 337
176 337
178 337
180 337
182 337
184 337
186 337
188 337
190 338
192 337
194 337
196 337
198 343
200 329
202 329
204 329
206 346
208 329
210 328
212 399
214 329
216 391
218 337
220 337
222 337
224 337
226 337
228 357
230 360
232 374
234 338
236 338
238 338
240 338
242 337
244 372
246 337
248 337
250 608
252 608
254 610
256 609
258 607
260 702
262 648
264 610
266 607
268 609
270 610
272 607
274 610
276 609
278 610
280 610
282 693
284 643
286 609
288 609
290 607
292 610
294 594
296 594
298 594
300 594
302 611
304 594
306 631
308 593
310 593
312 593
314 593
316 665
318 593
320 593
322 593
324 609
326 618
328 593
330 593
332 594
334 594
336 594
338 594
340 595
342 594
344 633
346 593
348 593
350 677
352 593
354 593
356 593
358 692
360 593
362 593
364 666
366 707
368 610
370 608
372 608
374 709
376 608
378 608
380 608
382 609
384 608
386 670
388 610
390 610
392 610
394 608
396 610
398 608
400 608
402 643
404 608
406 652
408 655
410 594
412 594
414 594
416 591
418 632
420 594
422 594
424 594
426 594
428 593
430 593
432 593
434 595
436 593
438 593
440 593
442 593
444 615
446 593
448 648
450 593
452 593
454 594
456 592
458 593
460 593
462 593
464 593
466 593
468 592
470 630
472 630
474 593
476 593
478 593
480 681
482 633
484 594
486 591
488 591
490 594
492 595
494 593
496 593
498 593
500 1131
502 1131
504 1168
506 1132
508 1169
510 1131
512 1131
514 1131
516 1206
518 1132
520 1130
522 1131
524 1130
526 1131
528 1131
530 1131
532 1131
534 1167
536 1131
538 1131
540 1130
542 1131
544 1207
546 1131
548 1132
550 1167
552 1130
554 1132
556 1166
558 1131
560 1131
562 1133
564 1169
566 1131
568 1168
570 1131
572 1130
574 1204
576 1131
578 1130
580 1167
582 1131
584 1213
586 1132
588 1132
590 1133
592 1169
594 1132
596 1133
598 1175
600 1132
602 1209
604 1188
606 1132
608 1131
610 1131
612 1130
614 1131
616 1132
618 1207
620 1131
622 1131
624 1131
626 1206
628 1132
630 1131
632 1131
634 1131
636 1130
638 1131
640 1130
642 1131
644 1131
646 1130
648 1131
650 1167
652 1133
654 1207
656 1132
658 1131
660 1168
662 1227
664 1202
666 1131
668 1131
670 1131
672 1131
674 1211
676 1159
678 1131
680 1209
682 1134
684 1338
686 1205
688 1132
690 1131
692 1131
694 1132
696 1207
698 1131
700 1131
702 1130
704 1131
706 1290
708 1131
710 1131
712 1131
714 1204
716 1131
718 1169
720 1132
722 1174
724 1131
726 1132
728 1150
730 1227
732 1133
734 1131
736 1131
738 1131
740 1131
742 1131
744 1131
746 1131
748 1205
750 1132
752 1151
754 1132
756 1131
758 1205
760 1131
762 1131
764 1167
766 1205
768 1167
770 1131
772 1132
774 1131
776 1131
778 1207
780 1131
782 1370
784 1338
786 1162
788 1162
790 1161
792 1161
794 1163
796 1258
798 1161
800 1161
802 1161
804 1161
806 1162
808 1224
810 1131
812 1131
814 1131
816 1131
818 1132
820 1132
822 1151
824 1133
826 1168
828 1132
830 1129
832 1209
834 1132
836 1171
838 1205
840 1167
842 1131
844 1131
846 1131
848 1209
850 1133
852 1133
854 1132
856 1133
858 1479
860 1249
862 1160
864 1160
866 1160
868 1290
870 1160
872 1161
874 1161
876 1165
878 1161
880 1161
882 1307
884 1205
886 1131
888 1265
890 1133
892 1133
894 1204
896 1132
898 1132
900 1172
902 1131
904 1133
906 1191
908 1131
910 1206
912 1129
914 1131
916 1131
918 1204
920 1189
922 1132
924 1133
926 1133
928 1169
930 1169
932 1133
934 1245
936 1169
938 1131
940 1131
942 1168
944 1173
946 1150
948 1132
950 1131
952 1131
954 1168
956 1131
958 1131
960 1132
962 1243
964 1131
966 1208
968 1129
970 1132
972 1131
974 1131
976 1131
978 1168
980 1131
982 1131
984 1131
986 1132
988 1132
990 1152
992 1207
994 1131
996 1209
998 1151
1000 2217
1002 2214
1004 2279
1006 2319
1008 2337
1010 2313
1012 2275
1014 2362
1016 2275
1018 2277
1020 2353
1022 2217
1024 2337
1026 2255
1028 2330
1030 2698
1032 2553
1034 2291
1036 2274
1038 2277
1040 2308
1042 2276
1044 2271
1046 2336
1048 2254
1050 2253
1052 2216
1054 2255
1056 2292
1058 2213
1060 2403
1062 2217
1064 2290
1066 2256
1068 2331
1070 2213
1072 2275
1074 2253
1076 2252
1078 2253
1080 2213
1082 2429
1084 2362
1086 2216
1088 2253
1090 2290
1092 2216
1094 2254
1096 2218
1098 2218
1100 2329
1102 2251
1104 2291
1106 2253
1108 2251
1110 2216
1112 2254
1114 2233
1116 2212
1118 2291
1120 2212
1122 2219
1124 2219
1126 2289
1128 2216
1130 2253
1132 2302
1134 2216
1136 2217
1138 2291
1140 2253
1142 2514
1144 2360
1146 2276
1148 2274
1150 2339
1152 2279
1154 2216
1156 2328
1158 2215
1160 2291
1162 2214
1164 2253
1166 2216
1168 2216
1170 2255
1172 2216
1174 2217
1176 2215
1178 2215
1180 2216
1182 2253
1184 2234
1186 2254
1188 2253
1190 2216
1192 2216
1194 2253
1196 2217
1198 2219
1200 2454
1202 2217
1204 2217
1206 2253
1208 2217
1210 2217
1212 2217
1214 2693
1216 2346
1218 2262
1220 2275
1222 2275
1224 2372
1226 2275
1228 2278
1230 2300
1232 2219
1234 2218
1236 2258
1238 2213
1240 2216
1242 2217
1244 2252
1246 2253
1248 2220
1250 2320
1252 2216
1254 2219
1256 2285
1258 2256
1260 2327
1262 2288
1264 2216
1266 2216
1268 2216
1270 2213
1272 2217
1274 2253
1276 2493
1278 2313
1280 2275
1282 2275
1284 2277
1286 2459
1288 2358
1290 2313
1292 2277
1294 2313
1296 2237
1298 2217
1300 2330
1302 2216
1304 2218
1306 2252
1308 2219
1310 2218
1312 2253
1314 2334
1316 2218
1318 2407
1320 2216
1322 2216
1324 2289
1326 2253
1328 2217
1330 2217
1332 2253
1334 2251
1336 2252
1338 2253
1340 2216
1342 2216
1344 2291
1346 2219
1348 2335
1350 2216
1352 2216
1354 2268
1356 2214
1358 2289
1360 2216
1362 2255
1364 2290
1366 2216
1368 2218
1370 2251
1372 2253
1374 3440
1376 2276
1378 2217
1380 2347
1382 2313
1384 2275
1386 2212
1388 2255
1390 2254
1392 2216
1394 2257
1396 2305
1398 2257
1400 2287
1402 2218
1404 2287
1406 2219
1408 2253
1410 2291
1412 2212
1414 2216
1416 2213
1418 2213
1420 2251
1422 2253
1424 2216
1426 2291
1428 2218
1430 2496
1432 2297
1434 2219
1436 2218
1438 2236
1440 2313
1442 2217
1444 2256
1446 2319
1448 2217
1450 2216
1452 2296
1454 2219
1456 2329
1458 2287
1460 2219
1462 2213
1464 2365
1466 2216
1468 2215
1470 2216
1472 2249
1474 2216
1476 2217
1478 2291
1480 2254
1482 2213
1484 2216
1486 2250
1488 2218
1490 2217
1492 2351
1494 2217
1496 2329
1498 2216
1500 2219
1502 2219
1504 2677
1506 2322
1508 2280
1510 2275
1512 2302
1514 2276
1516 2324
1518 2278
1520 2278
1522 2277
1524 2237
1526 2260
1528 2217
1530 2291
1532 2300
1534 2288
1536 2291
1538 2215
1540 2216
1542 2296
1544 2220
1546 2327
1548 2254
1550 2254
1552 2216
1554 2408
1556 2216
1558 2217
1560 2328
1562 2278
1564 2214
1566 2474
1568 2219
1570 2218
1572 2278
1574 2443
1576 2410
1578 2305
1580 2233
1582 2277
1584 2313
1586 2274
1588 2277
1590 2349
1592 2263
1594 2294
1596 2295
1598 2216
1600 2218
1602 2256
1604 2216
1606 2217
1608 2217
1610 2253
1612 2456
1614 2332
1616 2276
1618 2274
1620 2271
1622 2253
1624 2216
1626 2216
1628 2299
1630 2254
1632 2216
1634 2294
1636 2219
1638 2219
1640 2255
1642 2216
1644 2216
1646 2254
1648 2292
1650 2218
1652 2255
1654 2216
1656 2218
1658 2297
1660 2216
1662 2216
1664 2215
1666 2289
1668 2218
1670 2219
1672 2376
1674 2216
1676 2217
1678 2290
1680 2217
1682 2217
1684 2314
1686 2217
1688 2253
1690 2327
1692 2221
1694 2219
1696 2219
1698 2219
1700 2293
1702 2291
1704 2252
1706 2217
1708 2290
1710 2254
1712 2217
1714 2325
1716 2252
1718 2216
1720 2217
1722 2216
1724 2217
1726 2217
1728 2292
1730 2328
1732 2218
1734 2216
1736 2253
1738 2252
1740 2216
1742 2335
1744 2216
1746 2220
1748 2294
1750 2262
1752 2217
1754 2317
1756 2292
1758 2217
1760 2253
1762 2216
1764 2217
1766 2252
1768 2252
1770 2216
1772 2253
1774 2216
1776 2213
1778 2216
1780 2217
1782 2335
1784 2214
1786 2217
1788 2217
1790 2312
1792 2726
1794 2304
1796 2310
1798 2275
1800 2306
1802 2275
1804 2298
1806 2216
1808 2287
1810 2216
1812 2217
1814 2297
1816 2212
1818 2216
1820 2253
1822 2253
1824 2216
1826 2217
1828 2290
1830 2217
1832 2291
1834 2293
1836 2219
1838 2218
1840 2291
1842 2213
1844 2254
1846 2214
1848 2556
1850 2323
1852 2284
1854 2350
1856 2275
1858 2290
1860 2254
1862 2219
1864 2273
1866 2327
1868 2217
1870 2275
1872 2255
1874 2217
1876 2290
1878 2329
1880 2254
1882 2217
1884 2216
1886 2216
1888 2291
1890 2218
1892 2216
1894 2216
1896 2218
1898 2256
1900 2220
1902 2255
1904 2361
1906 2217
1908 2216
1910 2315
1912 2276
1914 2274
1916 2300
1918 2255
1920 2216
1922 2256
1924 2216
1926 2275
1928 2218
1930 2236
1932 2216
1934 2218
1936 2234
1938 2235
1940 2254
1942 2252
1944 2217
1946 2216
1948 2254
1950 2254
1952 2217
1954 2254
1956 2217
1958 2293
1960 2219
1962 2218
1964 2217
1966 2293
1968 2292
1970 2327
1972 2216
1974 2255
1976 2254
1978 2216
1980 2254
1982 2219
1984 2219
1986 2255
1988 2219
1990 2254
1992 2255
1994 2219
1996 2220
1998 2329
2000 4402
