2 115
4 104
6 103
8 101
10 100
12 100
14 100
16 110
18 126
20 109
22 109
24 109
26 109
28 111
30 126
32 139
34 138
36 196
38 138
40 138
42 138
44 137
46 137
48 137
50 138
52 138
54 139
56 159
58 141
60 141
62 174
64 206
66 207
68 206
70 224
72 206
74 206
76 207
78 206
80 206
82 206
84 206
86 207
88 206
90 206
92 206
94 206
96 206
98 206
100 206
102 206
104 206
106 206
108 206
110 206
112 205
114 206
116 206
118 206
120 206
122 206
124 206
126 336
128 329
130 328
132 365
134 331
136 329
138 329
140 329
142 329
144 329
146 329
148 329
150 329
152 383
154 329
156 329
158 329
160 329
162 328
164 337
166 352
168 338
170 338
172 337
174 338
176 337
178 338
180 338
182 337
184 337
186 337
188 337
190 337
192 338
194 337
196 339
198 338
200 337
202 337
204 337
206 337
208 337
210 337
212 337
214 337
216 477
218 389
220 381
222 328
224 328
226 330
228 328
230 328
232 329
234 329
236 329
238 338
240 338
242 372
244 337
246 337
248 372
250 609
252 685
254 649
256 609
258 608
260 609
262 609
264 609
266 609
268 609
270 609
272 610
274 609
276 608
278 609
280 609
282 609
284 609
286 608
288 609
290 609
292 608
294 609
296 609
298 609
300 700
302 593
304 594
306 594
308 593
310 630
312 593
314 593
316 593
318 594
320 593
322 676
324 593
326 593
328 593
330 594
332 593
334 593
336 593
338 593
340 593
342 593
344 700
346 594
348 593
350 594
352 613
354 593
356 593
358 593
360 593
362 593
364 593
366 593
368 593
370 594
372 593
374 664
376 593
378 593
380 593
382 593
384 593
386 593
388 610
390 594
392 634
394 621
396 633
398 648
400 593
402 593
404 593
406 593
408 595
410 593
412 594
414 594
416 622
418 594
420 593
422 594
424 593
426 594
428 594
430 592
432 593
434 594
436 593
438 651
440 593
442 593
444 593
446 593
448 594
450 593
452 592
454 592
456 593
458 593
460 630
462 630
464 593
466 593
468 593
470 593
472 593
474 593
476 594
478 593
480 668
482 594
484 614
486 595
488 593
490 593
492 593
494 593
496 592
498 593
500 1168
502 1131
504 1131
506 1131
508 1130
510 1131
512 1208
514 1332
516 1131
518 1131
520 1131
522 1131
524 1206
526 1130
528 1131
530 1131
532 1188
534 1131
536 1167
538 1207
540 1207
542 1131
544 1131
546 1170
548 1171
550 1131
552 1130
554 1131
556 1168
558 1132
560 1130
562 1131
564 1131
566 1131
568 1185
570 1129
572 1131
574 1131
576 1204
578 1131
580 1133
582 1223
584 1173
586 1131
588 1133
590 1131
592 1231
594 1132
596 1206
598 1130
600 1168
602 1170
604 1129
606 1131
608 1151
610 1172
612 1131
614 1132
616 1130
618 1131
620 1131
622 1131
624 1131
626 1214
628 1132
630 1169
632 1133
634 1130
636 1132
638 1131
640 1131
642 1131
644 1131
646 1412
648 1235
650 1249
652 1160
654 1231
656 1165
658 1161
660 1161
662 1161
664 1189
666 1220
668 1197
670 1235
672 1161
674 1161
676 1161
678 1246
680 1160
682 1160
684 1161
686 1160
688 1162
690 1161
692 1132
694 1131
696 1148
698 1132
700 1131
702 1206
704 1131
706 1131
708 1246
710 1133
712 1131
714 1167
716 1131
718 1131
720 1133
722 1132
724 1129
726 1210
728 1131
730 1131
732 1132
734 1130
736 1214
738 1132
740 1204
742 1135
744 1133
746 1133
748 1133
750 1208
752 1168
754 1133
756 1131
758 1131
760 1131
762 1168
764 1133
766 1132
768 1131
770 1131
772 1131
774 1131
776 1130
778 1133
780 1132
782 1133
784 1130
786 1132
788 1148
790 1131
792 1131
794 1130
796 1130
798 1172
800 1131
802 1131
804 1131
806 1148
808 1169
810 1151
812 1131
814 1131
816 1131
818 1169
820 1132
822 1131
824 1131
826 1131
828 1132
830 1131
832 1129
834 1129
836 1132
838 1132
840 1132
842 1206
844 1133
846 1132
848 1131
850 1129
852 1131
854 1132
856 1131
858 1131
860 1168
862 1128
864 1134
866 1133
868 1133
870 1208
872 1131
874 1232
876 1131
878 1130
880 1131
882 1222
884 1224
886 1131
888 1132
890 1131
892 1131
894 1167
896 1130
898 1210
900 1128
902 1132
904 1134
906 1169
908 1131
910 1131
912 1129
914 1129
916 1167
918 1130
920 1130
922 1131
924 1131
926 1320
928 1169
930 1130
932 1202
934 1131
936 1132
938 1222
940 1131
942 1131
944 1158
946 1158
948 1200
950 1163
952 1201
954 1196
956 1159
958 1197
960 1197
962 1161
964 1161
966 1199
968 1162
970 1181
972 1133
974 1132
976 1133
978 1193
980 1202
982 1196
984 1162
986 1161
988 1161
990 1198
992 1161
994 1270
996 1131
998 1235
1000 2275
1002 2275
1004 2314
1006 2277
1008 2275
1010 2274
1012 2278
1014 2275
1016 2391
1018 2219
1020 2247
1022 2217
1024 2270
1026 2305
1028 2218
1030 2217
1032 2389
1034 2216
1036 2298
1038 2254
1040 2253
1042 2217
1044 2297
1046 2217
1048 2216
1050 2331
1052 2217
1054 2217
1056 2217
1058 2216
1060 2215
1062 2216
1064 2283
1066 2290
1068 2218
1070 2253
1072 2216
1074 2215
1076 2365
1078 2219
1080 2215
1082 2291
1084 2217
1086 2270
1088 2216
1090 2405
1092 2216
1094 2217
1096 2216
1098 2325
1100 2290
1102 2802
1104 2342
1106 2278
1108 2277
1110 2306
1112 2275
1114 2317
1116 2274
1118 2351
1120 2277
1122 2275
1124 2263
1126 2437
1128 2217
1130 2217
1132 2287
1134 2216
1136 2216
1138 2292
1140 2214
1142 2213
1144 2272
1146 2219
1148 2219
1150 2330
1152 2217
1154 2295
1156 2289
1158 2234
1160 2314
1162 2307
1164 2268
1166 2214
1168 2216
1170 2253
1172 2216
1174 2216
1176 2378
1178 2217
1180 2253
1182 2342
1184 2315
1186 2275
1188 2411
1190 2296
1192 2276
1194 2315
1196 2280
1198 2361
1200 2300
1202 2219
1204 2251
1206 2348
1208 2392
1210 2272
1212 2313
1214 2275
1216 2310
1218 2330
1220 2216
1222 2216
1224 2328
1226 2252
1228 2216
1230 2217
1232 2217
1234 2217
1236 2217
1238 2290
1240 2254
1242 2216
1244 2289
1246 2219
1248 2256
1250 2330
1252 2220
1254 2217
1256 2254
1258 2219
1260 2217
1262 2217
1264 2217
1266 2217
1268 2219
1270 2254
1272 2217
1274 2291
1276 2363
1278 2217
1280 2217
1282 2294
1284 2212
1286 2216
1288 2326
1290 2216
1292 2218
1294 2217
1296 2248
1298 2255
1300 2290
1302 2217
1304 2252
1306 2567
1308 2306
1310 2275
1312 2277
1314 2291
1316 2274
1318 2276
1320 2436
1322 2219
1324 2219
1326 2254
1328 2216
1330 2372
1332 2308
1334 2254
1336 2252
1338 2254
1340 2216
1342 2289
1344 2288
1346 2216
1348 2212
1350 2216
1352 2217
1354 2286
1356 2436
1358 2219
1360 2314
1362 2302
1364 2278
1366 2235
1368 2250
1370 2212
1372 2216
1374 2217
1376 2291
1378 2291
1380 2257
1382 2252
1384 2254
1386 2216
1388 2360
1390 2515
1392 2217
1394 2330
1396 2301
1398 2388
1400 2366
1402 2344
1404 2265
1406 2290
1408 2346
1410 2212
1412 2289
1414 2256
1416 2345
1418 2536
1420 2217
1422 2219
1424 2326
1426 2219
1428 2294
1430 2212
1432 2216
1434 2214
1436 2217
1438 2256
1440 2213
1442 2216
1444 2289
1446 2216
1448 2278
1450 2290
1452 2215
1454 2216
1456 2291
1458 2213
1460 2237
1462 2414
1464 2216
1466 2216
1468 2280
1470 2359
1472 2216
1474 2293
1476 2254
1478 2216
1480 2254
1482 2217
1484 2324
1486 2217
1488 2216
1490 2216
1492 2213
1494 2217
1496 2216
1498 2288
1500 2286
1502 2218
1504 2216
1506 2254
1508 2367
1510 2216
1512 2291
1514 2217
1516 2216
1518 2290
1520 2217
1522 2216
1524 2215
1526 2215
1528 2219
1530 2220
1532 2218
1534 2290
1536 2215
1538 2289
1540 2216
1542 2217
1544 2254
1546 2217
1548 2218
1550 2292
1552 2219
1554 2217
1556 2253
1558 2216
1560 2218
1562 2324
1564 2217
1566 2217
1568 2363
1570 2219
1572 2251
1574 2216
1576 2216
1578 2216
1580 2214
1582 2217
1584 2290
1586 2217
1588 2302
1590 2217
1592 2255
1594 2290
1596 2289
1598 2290
1600 2276
1602 2291
1604 2217
1606 2254
1608 2359
1610 2216
1612 2337
1614 2289
1616 2219
1618 2293
1620 2331
1622 2216
1624 2368
1626 2326
1628 2215
1630 2291
1632 2217
1634 2218
1636 2216
1638 2216
1640 2293
1642 2217
1644 2215
1646 2289
1648 2216
1650 2218
1652 2217
1654 2292
1656 2292
1658 2271
1660 2217
1662 2252
1664 2218
1666 2216
1668 2253
1670 2217
1672 2220
1674 2217
1676 2217
1678 2325
1680 2516
1682 2275
1684 2309
1686 2446
1688 2274
1690 2275
1692 2375
1694 2289
1696 2216
1698 2286
1700 2284
1702 2213
1704 2294
1706 2301
1708 2219
1710 2219
1712 2217
1714 2216
1716 2217
1718 2271
1720 2215
1722 2216
1724 2253
1726 2257
1728 2252
1730 2254
1732 2216
1734 2216
1736 2289
1738 2220
1740 2219
1742 2290
1744 2216
1746 2216
1748 2323
1750 2216
1752 2330
1754 2217
1756 2217
1758 2217
1760 2216
1762 2214
1764 2300
1766 2253
1768 2254
1770 2217
1772 2217
1774 2348
1776 2219
1778 2216
1780 2336
1782 2216
1784 2216
1786 2255
1788 2217
1790 2288
1792 2216
1794 2217
1796 2217
1798 2217
1800 2217
1802 2214
1804 2308
1806 2216
1808 2253
1810 2219
1812 2298
1814 2251
1816 2216
1818 2251
1820 2292
1822 2255
1824 2328
1826 2220
1828 3027
1830 2336
1832 2276
1834 2277
1836 2291
1838 2216
1840 2220
1842 2293
1844 2219
1846 2214
1848 2293
1850 2295
1852 2259
1854 2219
1856 2216
1858 2254
1860 2256
1862 2256
1864 2259
1866 2216
1868 2254
1870 2217
1872 2253
1874 2292
1876 2219
1878 2217
1880 2254
1882 2217
1884 2328
1886 2215
1888 2217
1890 2289
1892 2290
1894 2215
1896 2344
1898 2219
1900 2216
1902 2254
1904 2216
1906 2375
1908 2289
1910 2213
1912 2250
1914 2292
1916 2214
1918 2435
1920 2216
1922 2254
1924 2251
1926 2215
1928 2216
1930 2295
1932 2230
1934 2217
1936 2216
1938 2216
1940 2216
1942 2217
1944 2216
1946 2216
1948 2217
1950 2255
1952 2219
1954 2255
1956 2331
1958 2219
1960 2317
1962 2253
1964 2275
1966 2255
1968 2579
1970 2343
1972 2310
1974 2331
1976 2274
1978 2276
1980 2399
1982 2254
1984 2216
1986 2253
1988 2270
1990 2299
1992 2217
1994 2292
1996 2289
1998 2236
2000 4437
