2 169
4 104
6 104
8 102
10 101
12 101
14 100
16 110
18 109
20 108
22 111
24 109
26 108
28 108
30 109
32 138
34 137
36 138
38 137
40 138
42 137
44 138
46 137
48 138
50 136
52 137
54 138
56 189
58 142
60 141
62 174
64 206
66 206
68 206
70 206
72 206
74 206
76 206
78 242
80 206
82 206
84 206
86 206
88 206
90 206
92 206
94 206
96 206
98 242
100 206
102 206
104 206
106 206
108 206
110 206
112 206
114 206
116 206
118 206
120 206
122 206
124 206
126 338
128 337
130 338
132 337
134 338
136 337
138 337
140 359
142 338
144 412
146 336
148 337
150 337
152 337
154 337
156 337
158 350
160 328
162 328
164 328
166 345
168 329
170 329
172 329
174 328
176 328
178 328
180 329
182 329
184 348
186 329
188 403
190 328
192 328
194 328
196 386
198 329
200 328
202 329
204 328
206 349
208 338
210 377
212 337
214 337
216 337
218 337
220 337
222 337
224 338
226 337
228 338
230 514
232 387
234 329
236 329
238 348
240 337
242 337
244 372
246 337
248 338
250 609
252 609
254 694
256 608
258 609
260 609
262 672
264 610
266 609
268 609
270 609
272 611
274 609
276 609
278 683
280 609
282 655
284 609
286 609
288 609
290 651
292 609
294 607
296 609
298 609
300 609
302 644
304 608
306 609
308 608
310 609
312 609
314 609
316 646
318 593
320 594
322 593
324 593
326 593
328 594
330 594
332 594
334 593
336 629
338 630
340 594
342 593
344 633
346 593
348 593
350 593
352 593
354 593
356 593
358 683
360 593
362 593
364 593
366 595
368 593
370 593
372 593
374 593
376 594
378 613
380 593
382 592
384 593
386 594
388 593
390 593
392 593
394 593
396 593
398 592
400 670
402 594
404 700
406 666
408 594
410 594
412 594
414 593
416 593
418 611
420 631
422 593
424 594
426 593
428 593
430 593
432 593
434 593
436 593
438 594
440 594
442 630
444 595
446 593
448 593
450 630
452 666
454 593
456 593
458 726
460 754
462 832
464 593
466 591
468 616
470 609
472 609
474 608
476 608
478 612
480 651
482 612
484 610
486 610
488 607
490 609
492 715
494 610
496 610
498 610
500 1162
502 1197
504 1131
506 1131
508 1238
510 1131
512 1133
514 1132
516 1132
518 1133
520 1238
522 1133
524 1131
526 1168
528 1131
530 1131
532 1129
534 1131
536 1148
538 1131
540 1204
542 1131
544 1132
546 1243
548 1167
550 1131
552 1130
554 1131
556 1131
558 1149
560 1190
562 1132
564 1133
566 1132
568 1132
570 1132
572 1167
574 1205
576 1131
578 1131
580 1131
582 1150
584 1204
586 1131
588 1132
590 1131
592 1131
594 1131
596 1207
598 1414
600 1281
602 1161
604 1201
606 1200
608 1161
610 1162
612 1189
614 1162
616 1197
618 1161
620 1179
622 1163
624 1130
626 1131
628 1204
630 1132
632 1128
634 1209
636 1131
638 1128
640 1376
642 1344
644 1215
646 1265
648 1160
650 1207
652 1163
654 1158
656 1162
658 1161
660 1161
662 1160
664 1255
666 1131
668 1131
670 1168
672 1207
674 1133
676 1133
678 1132
680 1128
682 1134
684 1212
686 1131
688 1250
690 1131
692 1172
694 1129
696 1167
698 1132
700 1211
702 1129
704 1132
706 1131
708 1205
710 1173
712 1285
714 1132
716 1130
718 1193
720 1161
722 1161
724 1161
726 1162
728 1161
730 1131
732 1205
734 1207
736 1129
738 1131
740 1131
742 1131
744 1205
746 1129
748 1130
750 1131
752 1131
754 1131
756 1130
758 1131
760 1207
762 1129
764 1131
766 1131
768 1168
770 1133
772 1169
774 1168
776 1131
778 1129
780 1167
782 1131
784 1131
786 1131
788 1205
790 1130
792 1204
794 1168
796 1131
798 1131
800 1133
802 1168
804 1205
806 1129
808 1129
810 1206
812 1130
814 1131
816 1204
818 1130
820 1148
822 1131
824 1300
826 1129
828 1165
830 1158
832 1158
834 1158
836 1199
838 1159
840 1129
842 1129
844 1167
846 1132
848 1129
850 1242
852 1131
854 1129
856 1129
858 1131
860 1206
862 1130
864 1165
866 1128
868 1131
870 1133
872 1133
874 1169
876 1148
878 1132
880 1131
882 1170
884 1206
886 1169
888 1167
890 1131
892 1129
894 1129
896 1129
898 1128
900 1259
902 1131
904 1131
906 1129
908 1131
910 1317
912 1213
914 1131
916 1132
918 1131
920 1167
922 1207
924 1131
926 1131
928 1150
930 1131
932 1220
934 1168
936 1170
938 1205
940 1168
942 1131
944 1131
946 1168
948 1131
950 1131
952 1131
954 1209
956 1132
958 1131
960 1130
962 1131
964 1131
966 1131
968 1131
970 1131
972 1131
974 1208
976 1230
978 1131
980 1131
982 1245
984 1169
986 1130
988 1131
990 1131
992 1200
994 1197
996 1198
998 1250
1000 2275
1002 2278
1004 2312
1006 2273
1008 2275
1010 2277
1012 2275
1014 2309
1016 2220
1018 2291
1020 2253
1022 2214
1024 2737
1026 2215
1028 2217
1030 2277
1032 2316
1034 2275
1036 2215
1038 2327
1040 2218
1042 2216
1044 2217
1046 2216
1048 2251
1050 2217
1052 2255
1054 2216
1056 2217
1058 2219
1060 2218
1062 2255
1064 2216
1066 2217
1068 2252
1070 2216
1072 2254
1074 2218
1076 2337
1078 2233
1080 2217
1082 2291
1084 2364
1086 2253
1088 2253
1090 2293
1092 2216
1094 2253
1096 2218
1098 2216
1100 2650
1102 2394
1104 2256
1106 2275
1108 2455
1110 2394
1112 2278
1114 2277
1116 2426
1118 2347
1120 2216
1122 2260
1124 2371
1126 2435
1128 2274
1130 2311
1132 2275
1134 2286
1136 2251
1138 2358
1140 2216
1142 2287
1144 2254
1146 2295
1148 2292
1150 2218
1152 2217
1154 2217
1156 2220
1158 2252
1160 2250
1162 2233
1164 2329
1166 2219
1168 2212
1170 2251
1172 2217
1174 2253
1176 2327
1178 2217
1180 2212
1182 2217
1184 2218
1186 2256
1188 2217
1190 2242
1192 2274
1194 2274
1196 2267
1198 2217
1200 2414
1202 2326
1204 2213
1206 2251
1208 2328
1210 2217
1212 2256
1214 2215
1216 2289
1218 2217
1220 2290
1222 2213
1224 2253
1226 2326
1228 2249
1230 2215
1232 2213
1234 2251
1236 2216
1238 2252
1240 2256
1242 2218
1244 2333
1246 2216
1248 2215
1250 2219
1252 2219
1254 2257
1256 2212
1258 2294
1260 2509
1262 2216
1264 2254
1266 2289
1268 2217
1270 2217
1272 2369
1274 2253
1276 2253
1278 2286
1280 2216
1282 2237
1284 2218
1286 2291
1288 2216
1290 2216
1292 2217
1294 2218
1296 2253
1298 2251
1300 2213
1302 2469
1304 2253
1306 2255
1308 2278
1310 2277
1312 2495
1314 2219
1316 2345
1318 2277
1320 2316
1322 2275
1324 2275
1326 2349
1328 2285
1330 2216
1332 2217
1334 2216
1336 2214
1338 2216
1340 2293
1342 2291
1344 2216
1346 2216
1348 2252
1350 2478
1352 2312
1354 2348
1356 2275
1358 2277
1360 2314
1362 2274
1364 2291
1366 2292
1368 2560
1370 2274
1372 2307
1374 2262
1376 2455
1378 2219
1380 2217
1382 2254
1384 2290
1386 2338
1388 2731
1390 2412
1392 2275
1394 2401
1396 2367
1398 2428
1400 2277
1402 2276
1404 2367
1406 2415
1408 2678
1410 2500
1412 2304
1414 2335
1416 2398
1418 2336
1420 2340
1422 2336
1424 2275
1426 2301
1428 2274
1430 2274
1432 2317
1434 2337
1436 2313
1438 2318
1440 2321
1442 2316
1444 2272
1446 2351
1448 2316
1450 2271
1452 2316
1454 2277
1456 2276
1458 2349
1460 2276
1462 2275
1464 2311
1466 2325
1468 2319
1470 2281
1472 2272
1474 2272
1476 2330
1478 2275
1480 2316
1482 2277
1484 2275
1486 2275
1488 2275
1490 2309
1492 2320
1494 2274
1496 2316
1498 2275
1500 2272
1502 2384
1504 2310
1506 2315
1508 2363
1510 2277
1512 2278
1514 2315
1516 2275
1518 2275
1520 2348
1522 2277
1524 2330
1526 2356
1528 2275
1530 2276
1532 2335
1534 2277
1536 2320
1538 2278
1540 2311
1542 2278
1544 2276
1546 2315
1548 2278
1550 2314
1552 2341
1554 2276
1556 2350
1558 2344
1560 2284
1562 2323
1564 2386
1566 2327
1568 2383
1570 2529
1572 2708
1574 2435
1576 2381
1578 2350
1580 2456
1582 2337
1584 2344
1586 2339
1588 2340
1590 2357
1592 2337
1594 2340
1596 2339
1598 2275
1600 2275
1602 2284
1604 2217
1606 2253
1608 2217
1610 2251
1612 2253
1614 2256
1616 2216
1618 2253
1620 2311
1622 2253
1624 2251
1626 2216
1628 2216
1630 2252
1632 2215
1634 2328
1636 2290
1638 2217
1640 2253
1642 2254
1644 2216
1646 2216
1648 2294
1650 2219
1652 2219
1654 2219
1656 2251
1658 2217
1660 2215
1662 2272
1664 2374
1666 2218
1668 2293
1670 2739
1672 2383
1674 2383
1676 2370
1678 2272
1680 2277
1682 2304
1684 2276
1686 2278
1688 2307
1690 2216
1692 2256
1694 2372
1696 2254
1698 2216
1700 2216
1702 2273
1704 2217
1706 2306
1708 2217
1710 2252
1712 2252
1714 2218
1716 2303
1718 2288
1720 2215
1722 2260
1724 2272
1726 2219
1728 2216
1730 2331
1732 2216
1734 2254
1736 2236
1738 2216
1740 2215
1742 2216
1744 2216
1746 2372
1748 2405
1750 2213
1752 2216
1754 2494
1756 2324
1758 2290
1760 2216
1762 2253
1764 2216
1766 2217
1768 2443
1770 2216
1772 2253
1774 2215
1776 2216
1778 2290
1780 2330
1782 2403
1784 2217
1786 2216
1788 2251
1790 2254
1792 2254
1794 2218
1796 2216
1798 2214
1800 2255
1802 2219
1804 2219
1806 2329
1808 2219
1810 2256
1812 2289
1814 2213
1816 2327
1818 2292
1820 2331
1822 2219
1824 2368
1826 2216
1828 2252
1830 2213
1832 2215
1834 2216
1836 2216
1838 2402
1840 2252
1842 2215
1844 2298
1846 2221
1848 2216
1850 2309
1852 2292
1854 2217
1856 2251
1858 2291
1860 2217
1862 2293
1864 2319
1866 2217
1868 2250
1870 2214
1872 2239
1874 2290
1876 2328
1878 2251
1880 2217
1882 2215
1884 2216
1886 2213
1888 2293
1890 2216
1892 2294
1894 2290
1896 2213
1898 2350
1900 2380
1902 2463
1904 2276
1906 2401
1908 2274
1910 2274
1912 2310
1914 2217
1916 2293
1918 2253
1920 2216
1922 2216
1924 2215
1926 2215
1928 2252
1930 2291
1932 2216
1934 2255
1936 2344
1938 2253
1940 2217
1942 2253
1944 2326
1946 2216
1948 2212
1950 2252
1952 2217
1954 2217
1956 2296
1958 2238
1960 2458
1962 2457
1964 2377
1966 2336
1968 2335
1970 2374
1972 2367
1974 2311
1976 2237
1978 2213
1980 2289
1982 2338
1984 2219
1986 2217
1988 2331
1990 2218
1992 2221
1994 2216
1996 2287
1998 2220
2000 4438
