2 527
4 482
6 478
8 452
10 423
12 422
14 421
16 406
18 398
20 461
22 343
24 344
26 336
28 336
30 339
32 336
34 335
36 330
38 330
40 254
42 252
44 253
46 251
48 251
50 253
52 254
54 252
56 256
58 253
60 251
62 268
64 280
66 240
68 233
70 232
72 233
74 232
76 231
78 232
80 233
82 231
84 231
86 232
88 232
90 231
92 231
94 231
96 230
98 232
100 229
102 206
104 205
106 207
108 206
110 205
112 205
114 204
116 206
118 205
120 205
122 205
124 205
126 262
128 261
130 260
132 262
134 260
136 260
138 260
140 260
142 260
144 260
146 260
148 241
150 240
152 239
154 239
156 243
158 239
160 261
162 240
164 236
166 236
168 236
170 233
172 233
174 255
176 239
178 239
180 239
182 239
184 240
186 385
188 239
190 240
192 240
194 239
196 239
198 300
200 263
202 239
204 239
206 243
208 243
210 240
212 240
214 239
216 240
218 239
220 240
222 239
224 259
226 239
228 240
230 239
232 239
234 239
236 239
238 239
240 239
242 240
244 240
246 239
248 239
250 361
252 362
254 470
256 416
258 396
260 360
262 359
264 360
266 360
268 360
270 360
272 359
274 360
276 350
278 368
280 397
282 351
284 350
286 353
288 352
290 351
292 422
294 371
296 360
298 360
300 360
302 359
304 391
306 360
308 360
310 360
312 360
314 478
316 352
318 351
320 351
322 350
324 350
326 351
328 350
330 351
332 351
334 351
336 350
338 350
340 350
342 350
344 351
346 351
348 350
350 350
352 350
354 350
356 350
358 350
360 350
362 350
364 350
366 350
368 350
370 350
372 351
374 350
376 351
378 351
380 350
382 350
384 350
386 350
388 351
390 351
392 352
394 351
396 351
398 370
400 387
402 350
404 350
406 351
408 350
410 350
412 410
414 351
416 377
418 360
420 350
422 530
424 351
426 350
428 350
430 351
432 350
434 350
436 350
438 350
440 423
442 351
444 350
446 350
448 462
450 351
452 350
454 351
456 351
458 394
460 351
462 350
464 351
466 351
468 351
470 352
472 351
474 351
476 351
478 350
480 351
482 387
484 350
486 350
488 350
490 351
492 350
494 351
496 351
498 445
500 666
502 961
504 1023
506 664
508 646
510 626
512 659
514 625
516 624
518 627
520 623
522 623
524 662
526 628
528 624
530 623
532 622
534 623
536 622
538 705
540 606
542 605
544 606
546 607
548 720
550 642
552 606
554 606
556 681
558 607
560 607
562 606
564 606
566 606
568 607
570 606
572 606
574 621
576 620
578 656
580 620
582 621
584 620
586 619
588 619
590 619
592 619
594 619
596 619
598 659
600 619
602 621
604 619
606 619
608 619
610 619
612 619
614 619
616 656
618 619
620 619
622 619
624 621
626 619
628 619
630 619
632 619
634 619
636 620
638 619
640 620
642 619
644 619
646 620
648 619
650 619
652 677
654 832
656 695
658 711
660 739
662 857
664 866
666 655
668 655
670 653
672 653
674 652
676 653
678 653
680 656
682 655
684 653
686 653
688 676
690 636
692 679
694 635
696 636
698 636
700 635
702 635
704 635
706 634
708 635
710 619
712 653
714 619
716 620
718 620
720 619
722 620
724 619
726 619
728 619
730 619
732 619
734 691
736 619
738 619
740 619
742 619
744 619
746 619
748 618
750 619
752 728
754 618
756 618
758 618
760 619
762 619
764 680
766 746
768 657
770 619
772 633
774 635
776 635
778 635
780 635
782 635
784 621
786 619
788 618
790 768
792 619
794 619
796 635
798 635
800 635
802 708
804 635
806 619
808 620
810 620
812 656
814 619
816 620
818 619
820 619
822 619
824 619
826 619
828 619
830 618
832 618
834 619
836 619
838 620
840 619
842 619
844 619
846 619
848 619
850 619
852 619
854 619
856 620
858 619
860 620
862 620
864 634
866 619
868 620
870 619
872 619
874 619
876 914
878 666
880 637
882 636
884 636
886 677
888 636
890 778
892 714
894 671
896 636
898 636
900 638
902 637
904 637
906 686
908 636
910 682
912 636
914 636
916 636
918 697
920 637
922 853
924 637
926 676
928 744
930 672
932 1002
934 657
936 658
938 663
940 655
942 712
944 656
946 788
948 656
950 674
952 660
954 658
956 655
958 654
960 653
962 657
964 654
966 653
968 653
970 653
972 654
974 653
976 652
978 653
980 652
982 654
984 637
986 635
988 634
990 635
992 635
994 619
996 620
998 635
1000 1236
1002 1234
1004 1202
1006 1159
1008 1197
1010 1157
1012 1158
1014 1156
1016 1156
1018 1158
1020 1189
1022 1158
1024 1158
1026 1157
1028 1230
1030 1185
1032 1158
1034 1158
1036 1248
1038 1156
1040 1156
1042 1270
1044 1156
1046 1157
1048 1194
1050 1173
1052 1156
1054 1157
1056 1155
1058 1193
1060 1255
1062 1285
1064 1158
1066 1215
1068 1156
1070 1156
1072 1228
1074 1156
1076 1237
1078 1157
1080 1156
1082 1156
1084 1155
1086 1194
1088 1157
1090 1285
1092 1216
1094 1158
1096 1156
1098 1196
1100 1157
1102 1157
1104 1156
1106 1176
1108 1157
1110 1158
1112 1156
1114 1156
1116 1239
1118 1156
1120 1156
1122 1231
1124 1156
1126 1193
1128 1157
1130 1194
1132 1157
1134 1241
1136 1192
1138 1156
1140 1157
1142 1156
1144 1155
1146 1194
1148 1156
1150 1156
1152 1192
1154 1155
1156 1156
1158 1230
1160 1156
1162 1157
1164 1155
1166 1155
1168 1156
1170 1156
1172 1156
1174 1318
1176 1156
1178 1311
1180 1188
1182 1186
1184 1186
1186 1194
1188 1156
1190 1156
1192 1155
1194 1192
1196 1156
1198 1156
1200 1193
1202 1157
1204 1157
1206 1157
1208 1157
1210 1194
1212 1230
1214 1158
1216 1157
1218 1234
1220 1158
1222 1157
1224 1194
1226 1257
1228 1313
1230 1195
1232 1335
1234 1276
1236 1258
1238 1189
1240 1188
1242 1230
1244 1160
1246 1236
1248 1199
1250 1187
1252 1187
1254 1160
1256 1156
1258 1158
1260 1240
1262 1158
1264 1157
1266 1177
1268 1157
1270 1194
1272 1180
1274 1156
1276 1156
1278 1158
1280 1158
1282 1157
1284 1174
1286 1211
1288 1160
1290 1158
1292 1216
1294 1270
1296 1157
1298 1303
1300 1188
1302 1188
1304 1224
1306 1156
1308 1156
1310 1157
1312 1231
1314 1157
1316 1157
1318 1155
1320 1156
1322 1155
1324 1157
1326 1157
1328 1156
1330 1157
1332 1157
1334 1195
1336 1232
1338 1156
1340 1157
1342 1174
1344 1136
1346 1448
1348 1206
1350 1135
1352 1200
1354 1164
1356 1163
1358 1133
1360 1133
1362 1132
1364 1189
1366 1132
1368 1134
1370 1225
1372 1133
1374 1134
1376 1135
1378 1135
1380 1331
1382 1133
1384 1170
1386 1172
1388 1134
1390 1134
1392 1135
1394 1133
1396 1133
1398 1133
1400 1132
1402 1132
1404 1153
1406 1134
1408 1134
1410 1154
1412 1133
1414 1169
1416 1133
1418 1132
1420 1132
1422 1132
1424 1189
1426 1133
1428 1133
1430 1209
1432 1132
1434 1132
1436 1132
1438 1134
1440 1134
1442 1134
1444 1255
1446 1132
1448 1133
1450 1134
1452 1134
1454 1132
1456 1341
1458 1132
1460 1133
1462 1207
1464 1133
1466 1171
1468 1132
1470 1134
1472 1134
1474 1133
1476 1134
1478 1134
1480 1134
1482 1134
1484 1135
1486 1134
1488 1134
1490 1134
1492 1134
1494 1208
1496 1134
1498 1133
1500 1133
1502 1135
1504 1134
1506 1133
1508 1171
1510 1134
1512 1248
1514 1139
1516 1254
1518 1139
1520 1254
1522 1165
1524 1164
1526 1164
1528 1163
1530 1289
1532 1134
1534 1134
1536 1168
1538 1202
1540 1167
1542 1166
1544 1165
1546 1165
1548 1135
1550 1171
1552 1134
1554 1172
1556 1171
1558 1133
1560 1178
1562 1134
1564 1224
1566 1134
1568 1133
1570 1136
1572 1134
1574 1133
1576 1188
1578 1133
1580 1133
1582 1133
1584 1132
1586 1133
1588 1170
1590 1257
1592 1133
1594 1169
1596 1133
1598 1133
1600 1170
1602 1133
1604 1133
1606 1133
1608 1205
1610 1132
1612 1169
1614 1132
1616 1133
1618 1134
1620 1169
1622 1133
1624 1153
1626 1170
1628 1135
1630 1134
1632 1135
1634 1206
1636 1133
1638 1133
1640 1135
1642 1133
1644 1132
1646 1133
1648 1169
1650 1133
1652 1187
1654 1133
1656 1133
1658 1170
1660 1134
1662 1133
1664 1250
1666 1398
1668 1152
1670 1169
1672 1166
1674 1165
1676 1166
1678 1164
1680 1150
1682 1134
1684 1138
1686 1137
1688 1137
1690 1134
1692 1133
1694 1216
1696 1133
1698 1173
1700 1134
1702 1133
1704 1133
1706 1133
1708 1175
1710 1135
1712 1137
1714 1248
1716 1138
1718 1136
1720 1170
1722 1135
1724 1134
1726 1133
1728 1135
1730 1133
1732 1133
1734 1135
1736 1236
1738 1170
1740 1133
1742 1228
1744 1164
1746 1164
1748 1167
1750 1137
1752 1135
1754 1135
1756 1212
1758 1172
1760 1135
1762 1136
1764 1171
1766 1151
1768 1133
1770 1133
1772 1136
1774 1135
1776 1134
1778 1135
1780 1135
1782 1136
1784 1133
1786 1133
1788 1134
1790 1134
1792 1133
1794 1134
1796 1206
1798 1133
1800 1186
1802 1206
1804 1133
1806 1247
1808 1166
1810 1166
1812 1197
1814 1164
1816 1166
1818 1137
1820 1172
1822 1134
1824 1134
1826 1211
1828 1137
1830 1173
1832 1173
1834 1135
1836 1171
1838 1216
1840 1133
1842 1134
1844 1168
1846 1133
1848 1174
1850 1135
1852 1195
1854 1135
1856 1134
1858 1135
1860 1134
1862 1210
1864 1133
1866 1209
1868 1134
1870 1133
1872 1133
1874 1133
1876 1171
1878 1133
1880 1133
1882 1171
1884 1133
1886 1134
1888 1135
1890 1133
1892 1133
1894 1170
1896 1133
1898 1133
1900 1134
1902 1132
1904 1132
1906 1133
1908 1214
1910 1133
1912 1134
1914 1170
1916 1132
1918 1121
1920 1119
1922 1123
1924 1119
1926 1271
1928 1156
1930 1154
1932 1120
1934 1117
1936 1117
1938 1118
1940 1155
1942 1118
1944 1119
1946 1137
1948 1117
1950 1118
1952 1191
1954 1117
1956 1119
1958 1191
1960 1117
1962 1117
1964 1118
1966 1171
1968 1118
1970 1139
1972 1153
1974 1116
1976 1117
1978 1117
1980 1117
1982 1116
1984 1231
1986 1117
1988 1117
1990 1189
1992 1118
1994 1172
1996 1117
1998 1118
2000 2220
