2 241
4 220
6 217
8 205
10 205
12 202
14 204
16 194
18 193
20 192
22 191
24 191
26 190
28 190
30 192
32 173
34 173
36 171
38 169
40 168
42 168
44 169
46 185
48 173
50 172
52 173
54 173
56 173
58 172
60 172
62 183
64 193
66 192
68 190
70 189
72 190
74 211
76 189
78 190
80 190
82 190
84 193
86 189
88 188
90 192
92 190
94 189
96 189
98 189
100 189
102 190
104 189
106 189
108 189
110 206
112 189
114 189
116 189
118 189
120 188
122 189
124 188
126 244
128 246
130 263
132 243
134 243
136 242
138 243
140 243
142 242
144 243
146 243
148 243
150 243
152 243
154 280
156 270
158 246
160 243
162 242
164 243
166 243
168 243
170 243
172 242
174 411
176 357
178 237
180 243
182 243
184 243
186 243
188 302
190 243
192 243
194 242
196 243
198 244
200 242
202 242
204 242
206 242
208 243
210 282
212 244
214 291
216 254
218 253
220 256
222 256
224 255
226 253
228 254
230 415
232 253
234 286
236 252
238 277
240 253
242 256
244 252
246 254
248 251
250 380
252 382
254 420
256 383
258 381
260 383
262 382
264 380
266 382
268 381
270 395
272 380
274 380
276 381
278 408
280 379
282 380
284 378
286 382
288 381
290 379
292 379
294 379
296 380
298 374
300 378
302 373
304 374
306 407
308 377
310 373
312 491
314 550
316 377
318 374
320 374
322 376
324 373
326 373
328 374
330 374
332 393
334 377
336 374
338 375
340 375
342 471
344 373
346 375
348 376
350 372
352 375
354 374
356 373
358 372
360 373
362 372
364 374
366 373
368 372
370 376
372 372
374 372
376 372
378 372
380 372
382 373
384 363
386 362
388 363
390 363
392 362
394 362
396 362
398 362
400 363
402 369
404 353
406 353
408 353
410 352
412 353
414 353
416 353
418 353
420 353
422 363
424 362
426 403
428 363
430 362
432 362
434 353
436 353
438 353
440 352
442 390
444 394
446 392
448 353
450 353
452 353
454 467
456 370
458 353
460 354
462 353
464 353
466 353
468 352
470 354
472 353
474 353
476 353
478 353
480 353
482 353
484 372
486 353
488 352
490 353
492 353
494 353
496 410
498 362
500 634
502 634
504 638
506 616
508 651
510 617
512 618
514 616
516 615
518 616
520 616
522 617
524 617
526 616
528 616
530 616
532 617
534 618
536 616
538 616
540 633
542 633
544 674
546 647
548 616
550 830
552 714
554 634
556 634
558 676
560 650
562 651
564 650
566 649
568 650
570 649
572 661
574 632
576 632
578 635
580 634
582 633
584 632
586 644
588 616
590 617
592 616
594 616
596 616
598 617
600 616
602 616
604 616
606 616
608 661
610 617
612 617
614 617
616 616
618 635
620 642
622 617
624 617
626 653
628 792
630 649
632 617
634 633
636 616
638 617
640 764
642 636
644 617
646 617
648 690
650 616
652 637
654 734
656 616
658 617
660 618
662 617
664 638
666 617
668 617
670 617
672 689
674 616
676 616
678 616
680 616
682 616
684 616
686 617
688 617
690 617
692 695
694 616
696 617
698 617
700 617
702 653
704 690
706 617
708 616
710 691
712 617
714 618
716 617
718 617
720 616
722 691
724 616
726 616
728 616
730 616
732 616
734 653
736 618
738 616
740 616
742 616
744 616
746 653
748 616
750 616
752 616
754 690
756 616
758 691
760 616
762 616
764 690
766 617
768 617
770 653
772 616
774 653
776 616
778 616
780 634
782 690
784 616
786 616
788 617
790 616
792 650
794 653
796 616
798 617
800 616
802 616
804 754
806 652
808 616
810 616
812 618
814 617
816 616
818 692
820 616
822 616
824 616
826 634
828 634
830 672
832 633
834 636
836 633
838 633
840 632
842 633
844 632
846 632
848 634
850 669
852 633
854 632
856 632
858 632
860 633
862 672
864 636
866 633
868 711
870 633
872 711
874 632
876 750
878 633
880 632
882 633
884 632
886 616
888 656
890 617
892 617
894 617
896 617
898 616
900 617
902 616
904 617
906 616
908 711
910 617
912 616
914 616
916 691
918 669
920 633
922 632
924 632
926 632
928 682
930 634
932 634
934 633
936 676
938 632
940 632
942 633
944 632
946 632
948 642
950 616
952 616
954 616
956 616
958 616
960 616
962 616
964 691
966 616
968 616
970 616
972 617
974 654
976 617
978 617
980 617
982 616
984 616
986 616
988 690
990 616
992 616
994 616
996 616
998 654
1000 1158
1002 1159
1004 1158
1006 1157
1008 1156
1010 1155
1012 1232
1014 1154
1016 1154
1018 1155
1020 1192
1022 1155
1024 1156
1026 1193
1028 1155
1030 1154
1032 1154
1034 1155
1036 1371
1038 1155
1040 1155
1042 1230
1044 1154
1046 1154
1048 1195
1050 1338
1052 1260
1054 1191
1056 1189
1058 1217
1060 1192
1062 1190
1064 1156
1066 1155
1068 1266
1070 1243
1072 1156
1074 1231
1076 1155
1078 1155
1080 1156
1082 1292
1084 1155
1086 1155
1088 1235
1090 1157
1092 1155
1094 1191
1096 1155
1098 1155
1100 1155
1102 1239
1104 1156
1106 1156
1108 1156
1110 1156
1112 1155
1114 1155
1116 1156
1118 1156
1120 1171
1122 1154
1124 1154
1126 1264
1128 1155
1130 1160
1132 1195
1134 1159
1136 1156
1138 1156
1140 1269
1142 1157
1144 1155
1146 1156
1148 1155
1150 1155
1152 1266
1154 1154
1156 1154
1158 1193
1160 1156
1162 1155
1164 1231
1166 1155
1168 1193
1170 1155
1172 1154
1174 1155
1176 1191
1178 1155
1180 1156
1182 1156
1184 1156
1186 1156
1188 1275
1190 1196
1192 1228
1194 1184
1196 1154
1198 1192
1200 1155
1202 1232
1204 1155
1206 1155
1208 1211
1210 1154
1212 1155
1214 1232
1216 1154
1218 1154
1220 1154
1222 1154
1224 1156
1226 1237
1228 1155
1230 1154
1232 1156
1234 1192
1236 1154
1238 1155
1240 1230
1242 1155
1244 1141
1246 1197
1248 1169
1250 1168
1252 1168
1254 1139
1256 1137
1258 1137
1260 1137
1262 1137
1264 1137
1266 1137
1268 1138
1270 1175
1272 1138
1274 1137
1276 1137
1278 1249
1280 1136
1282 1137
1284 1258
1286 1136
1288 1136
1290 1137
1292 1211
1294 1137
1296 1137
1298 1137
1300 1138
1302 1138
1304 1136
1306 1198
1308 1136
1310 1136
1312 1173
1314 1136
1316 1154
1318 1136
1320 1136
1322 1211
1324 1137
1326 1138
1328 1138
1330 1139
1332 1212
1334 1142
1336 1139
1338 1196
1340 1244
1342 1139
1344 1175
1346 1213
1348 1170
1350 1141
1352 1171
1354 1168
1356 1179
1358 1141
1360 1140
1362 1211
1364 1172
1366 1171
1368 1170
1370 1168
1372 1168
1374 1138
1376 1139
1378 1137
1380 1138
1382 1139
1384 1175
1386 1138
1388 1138
1390 1217
1392 1138
1394 1138
1396 1251
1398 1176
1400 1137
1402 1137
1404 1138
1406 1137
1408 1137
1410 1192
1412 1137
1414 1136
1416 1138
1418 1174
1420 1173
1422 1231
1424 1137
1426 1137
1428 1172
1430 1173
1432 1173
1434 1232
1436 1136
1438 1137
1440 1137
1442 1136
1444 1138
1446 1136
1448 1138
1450 1138
1452 1174
1454 1138
1456 1139
1458 1138
1460 1173
1462 1137
1464 1137
1466 1173
1468 1134
1470 1136
1472 1136
1474 1137
1476 1136
1478 1210
1480 1136
1482 1209
1484 1142
1486 1139
1488 1137
1490 1138
1492 1175
1494 1140
1496 1139
1498 1174
1500 1139
1502 1138
1504 1137
1506 1174
1508 1136
1510 1136
1512 1309
1514 1153
1516 1140
1518 1138
1520 1137
1522 1138
1524 1137
1526 1138
1528 1176
1530 1136
1532 1138
1534 1137
1536 1137
1538 1137
1540 1137
1542 1178
1544 1140
1546 1238
1548 1142
1550 1140
1552 1139
1554 1175
1556 1138
1558 1139
1560 1247
1562 1137
1564 1236
1566 1140
1568 1158
1570 1142
1572 1176
1574 1138
1576 1138
1578 1138
1580 1139
1582 1139
1584 1139
1586 1137
1588 1137
1590 1137
1592 1247
1594 1137
1596 1252
1598 1271
1600 1170
1602 1169
1604 1196
1606 1169
1608 1173
1610 1172
1612 1170
1614 1155
1616 1138
1618 1141
1620 1139
1622 1209
1624 1138
1626 1137
1628 1397
1630 1156
1632 1208
1634 1168
1636 1171
1638 1213
1640 1168
1642 1215
1644 1137
1646 1141
1648 1139
1650 1139
1652 1139
1654 1213
1656 1346
1658 1140
1660 1170
1662 1172
1664 1182
1666 1137
1668 1174
1670 1249
1672 1137
1674 1138
1676 1174
1678 1137
1680 1137
1682 1137
1684 1137
1686 1174
1688 1138
1690 1139
1692 1175
1694 1138
1696 1173
1698 1137
1700 1137
1702 1140
1704 1212
1706 1196
1708 1351
1710 1215
1712 1138
1714 1213
1716 1138
1718 1137
1720 1138
1722 1137
1724 1212
1726 1137
1728 1173
1730 1137
1732 1137
1734 1136
1736 1137
1738 1136
1740 1211
1742 1138
1744 1138
1746 1211
1748 1137
1750 1138
1752 1138
1754 1138
1756 1137
1758 1138
1760 1175
1762 1137
1764 1174
1766 1139
1768 1252
1770 1136
1772 1176
1774 1138
1776 1137
1778 1209
1780 1138
1782 1156
1784 1136
1786 1136
1788 1137
1790 1137
1792 1174
1794 1137
1796 1137
1798 1137
1800 1137
1802 1138
1804 1138
1806 1138
1808 1137
1810 1270
1812 1140
1814 1139
1816 1140
1818 1146
1820 1295
1822 1286
1824 1143
1826 1143
1828 1216
1830 1141
1832 1141
1834 1336
1836 1145
1838 1180
1840 1245
1842 1171
1844 1142
1846 1141
1848 1216
1850 1143
1852 1140
1854 1141
1856 1141
1858 1216
1860 1140
1862 1141
1864 1140
1866 1216
1868 1141
1870 1140
1872 1178
1874 1140
1876 1140
1878 1177
1880 1176
1882 1140
1884 1140
1886 1140
1888 1140
1890 1140
1892 1141
1894 1254
1896 1170
1898 1169
1900 1169
1902 1142
1904 1139
1906 1141
1908 1140
1910 1170
1912 1208
1914 1172
1916 1346
1918 1265
1920 1173
1922 1171
1924 1174
1926 1176
1928 1172
1930 1142
1932 1145
1934 1216
1936 1141
1938 1142
1940 1215
1942 1216
1944 1141
1946 1254
1948 1140
1950 1178
1952 1167
1954 1276
1956 1142
1958 1141
1960 1252
1962 1290
1964 1253
1966 1171
1968 1200
1970 1180
1972 1302
1974 1141
1976 1142
1978 1141
1980 1139
1982 1140
1984 1262
1986 1140
1988 1140
1990 1177
1992 1140
1994 1140
1996 1220
1998 1142
2000 2242
