2 115
4 104
6 103
8 101
10 101
12 100
14 100
16 109
18 109
20 109
22 109
24 109
26 109
28 109
30 109
32 138
34 157
36 138
38 138
40 137
42 139
44 137
46 138
48 137
50 137
52 137
54 137
56 146
58 141
60 142
62 174
64 233
66 206
68 206
70 206
72 206
74 206
76 206
78 206
80 206
82 206
84 250
86 206
88 206
90 207
92 206
94 206
96 206
98 206
100 206
102 206
104 206
106 206
108 206
110 206
112 206
114 206
116 206
118 206
120 206
122 206
124 206
126 337
128 337
130 337
132 353
134 337
136 338
138 338
140 338
142 338
144 337
146 337
148 337
150 337
152 376
154 337
156 338
158 413
160 328
162 328
164 328
166 328
168 328
170 328
172 328
174 328
176 328
178 328
180 328
182 328
184 352
186 337
188 337
190 338
192 365
194 337
196 354
198 337
200 337
202 337
204 337
206 337
208 337
210 337
212 337
214 337
216 338
218 337
220 337
222 337
224 337
226 479
228 388
230 328
232 328
234 329
236 329
238 328
240 443
242 329
244 329
246 329
248 345
250 609
252 609
254 700
256 609
258 723
260 732
262 648
264 820
266 845
268 630
270 633
272 627
274 610
276 610
278 610
280 629
282 611
284 625
286 654
288 628
290 626
292 628
294 624
296 629
298 628
300 627
302 682
304 610
306 610
308 835
310 680
312 626
314 638
316 627
318 626
320 626
322 624
324 668
326 629
328 627
330 628
332 627
334 629
336 626
338 626
340 623
342 628
344 658
346 636
348 630
350 659
352 627
354 630
356 627
358 626
360 625
362 625
364 625
366 670
368 625
370 625
372 626
374 633
376 608
378 608
380 608
382 608
384 610
386 608
388 608
390 710
392 607
394 610
396 609
398 608
400 610
402 610
404 610
406 607
408 610
410 610
412 651
414 629
416 593
418 593
420 593
422 631
424 593
426 593
428 663
430 609
432 644
434 609
436 621
438 593
440 593
442 710
444 593
446 593
448 593
450 669
452 593
454 594
456 594
458 593
460 595
462 593
464 593
466 594
468 593
470 593
472 678
474 593
476 594
478 593
480 610
482 593
484 593
486 609
488 624
490 610
492 646
494 630
496 594
498 594
500 1131
502 1129
504 1188
506 1131
508 1132
510 1168
512 1131
514 1131
516 1221
518 1131
520 1168
522 1131
524 1131
526 1171
528 1131
530 1168
532 1132
534 1131
536 1131
538 1131
540 1207
542 1132
544 1131
546 1181
548 1162
550 1205
552 1133
554 1132
556 1170
558 1129
560 1131
562 1131
564 1133
566 1131
568 1131
570 1167
572 1130
574 1130
576 1215
578 1162
580 1171
582 1131
584 1168
586 1133
588 1133
590 1129
592 1131
594 1169
596 1133
598 1132
600 1209
602 1132
604 1212
606 1132
608 1133
610 1195
612 1162
614 1329
616 1273
618 1153
620 1313
622 1155
624 1276
626 1161
628 1161
630 1160
632 1161
634 1213
636 1239
638 1161
640 1161
642 1161
644 1149
646 1146
648 1239
650 1131
652 1195
654 1161
656 1174
658 1133
660 1168
662 1130
664 1131
666 1171
668 1167
670 1131
672 1242
674 1130
676 1131
678 1131
680 1131
682 1207
684 1130
686 1152
688 1134
690 1132
692 1162
694 1226
696 1129
698 1129
700 1130
702 1132
704 1149
706 1169
708 1129
710 1133
712 1131
714 1132
716 1168
718 1225
720 1132
722 1130
724 1131
726 1243
728 1130
730 1203
732 1131
734 1130
736 1131
738 1191
740 1130
742 1167
744 1129
746 1283
748 1129
750 1129
752 1129
754 1169
756 1130
758 1131
760 1194
762 1226
764 1133
766 1166
768 1132
770 1130
772 1129
774 1132
776 1133
778 1168
780 1129
782 1133
784 1133
786 1214
788 1132
790 1151
792 1132
794 1130
796 1131
798 1153
800 1251
802 1207
804 1132
806 1204
808 1131
810 1244
812 1132
814 1168
816 1170
818 1130
820 1131
822 1132
824 1323
826 1206
828 1148
830 1131
832 1207
834 1132
836 1131
838 1275
840 1171
842 1130
844 1170
846 1133
848 1132
850 1166
852 1131
854 1209
856 1130
858 1131
860 1131
862 1204
864 1131
866 1133
868 1131
870 1242
872 1131
874 1168
876 1132
878 1131
880 1131
882 1339
884 1306
886 1363
888 1161
890 1180
892 1212
894 1161
896 1208
898 1162
900 1189
902 1160
904 1160
906 1243
908 1161
910 1161
912 1161
914 1202
916 1133
918 1133
920 1169
922 1132
924 1217
926 1131
928 1131
930 1132
932 1242
934 1247
936 1168
938 1131
940 1131
942 1131
944 1168
946 1134
948 1133
950 1133
952 1133
954 1132
956 1214
958 1131
960 1132
962 1133
964 1151
966 1131
968 1205
970 1131
972 1131
974 1131
976 1131
978 1228
980 1197
982 1189
984 1161
986 1210
988 1161
990 1163
992 1200
994 1161
996 1161
998 1161
1000 2275
1002 2317
1004 2312
1006 2311
1008 2405
1010 2216
1012 2296
1014 2354
1016 2526
1018 2272
1020 2312
1022 2278
1024 2318
1026 2353
1028 2274
1030 2275
1032 2275
1034 2272
1036 2313
1038 2277
1040 2320
1042 2216
1044 2291
1046 2219
1048 2219
1050 2218
1052 2215
1054 2215
1056 2214
1058 2253
1060 2254
1062 2219
1064 2252
1066 2857
1068 2338
1070 2340
1072 2337
1074 2496
1076 2414
1078 2496
1080 2333
1082 2351
1084 2468
1086 2339
1088 2341
1090 2373
1092 2412
1094 2336
1096 2271
1098 2275
1100 2339
1102 2371
1104 2275
1106 2313
1108 2216
1110 2215
1112 2252
1114 2216
1116 2216
1118 2345
1120 2256
1122 2217
1124 2253
1126 2346
1128 2216
1130 2290
1132 2257
1134 2219
1136 2213
1138 2219
1140 2218
1142 2519
1144 2216
1146 2217
1148 2292
1150 2310
1152 2346
1154 2215
1156 2292
1158 2300
1160 2217
1162 2289
1164 2213
1166 2217
1168 2291
1170 2216
1172 2216
1174 2217
1176 2251
1178 2255
1180 2213
1182 2329
1184 2217
1186 2217
1188 2293
1190 2219
1192 2219
1194 2290
1196 2332
1198 2403
1200 2297
1202 2216
1204 2216
1206 2254
1208 2252
1210 2293
1212 2220
1214 2217
1216 2254
1218 2279
1220 2275
1222 2278
1224 2394
1226 2216
1228 2216
1230 2308
1232 2218
1234 2217
1236 2220
1238 2325
1240 2217
1242 2216
1244 2252
1246 2214
1248 2290
1250 2324
1252 2216
1254 2212
1256 2251
1258 2294
1260 2721
1262 2341
1264 2251
1266 2216
1268 2244
1270 2327
1272 2215
1274 2252
1276 2326
1278 2217
1280 2217
1282 2252
1284 2211
1286 2216
1288 2364
1290 2215
1292 2352
1294 2290
1296 2217
1298 2216
1300 2294
1302 2276
1304 2217
1306 2255
1308 2219
1310 2220
1312 2221
1314 2328
1316 2298
1318 2253
1320 2251
1322 2291
1324 2212
1326 2324
1328 2251
1330 2216
1332 2288
1334 2216
1336 2215
1338 2216
1340 2217
1342 2251
1344 2217
1346 2215
1348 2217
1350 2293
1352 2326
1354 2216
1356 2214
1358 2250
1360 2255
1362 2217
1364 2253
1366 2325
1368 2216
1370 2314
1372 2766
1374 2382
1376 2276
1378 2404
1380 2368
1382 2344
1384 2277
1386 2275
1388 2273
1390 2276
1392 2352
1394 2279
1396 2277
1398 2271
1400 2275
1402 2217
1404 2212
1406 2327
1408 2254
1410 2253
1412 2312
1414 2216
1416 2255
1418 2277
1420 2232
1422 2215
1424 2217
1426 2255
1428 2212
1430 2218
1432 2256
1434 2215
1436 2404
1438 2291
1440 2216
1442 2215
1444 2286
1446 2375
1448 2217
1450 2254
1452 2218
1454 2219
1456 2255
1458 2254
1460 2273
1462 2217
1464 2255
1466 2216
1468 2213
1470 2264
1472 2218
1474 2257
1476 2251
1478 2217
1480 2216
1482 2255
1484 2219
1486 2219
1488 2328
1490 2220
1492 2290
1494 2253
1496 2253
1498 2290
1500 2218
1502 2218
1504 2218
1506 2252
1508 2250
1510 2218
1512 2218
1514 2253
1516 2349
1518 2216
1520 2253
1522 2221
1524 2216
1526 2218
1528 2369
1530 2252
1532 2293
1534 2220
1536 2272
1538 2216
1540 2252
1542 2296
1544 2219
1546 2290
1548 2293
1550 2216
1552 2328
1554 2216
1556 2217
1558 2287
1560 2219
1562 2219
1564 2255
1566 2217
1568 2218
1570 2216
1572 2292
1574 2218
1576 2217
1578 2218
1580 2216
1582 2218
1584 2365
1586 2221
1588 2219
1590 2329
1592 2292
1594 2216
1596 2294
1598 2218
1600 2238
1602 2253
1604 2216
1606 2237
1608 2216
1610 2293
1612 2217
1614 2219
1616 2216
1618 2217
1620 2293
1622 2232
1624 2276
1626 2216
1628 2293
1630 2215
1632 2215
1634 2253
1636 2218
1638 2220
1640 2253
1642 2218
1644 2289
1646 2216
1648 2343
1650 2216
1652 2251
1654 2234
1656 2217
1658 2285
1660 2750
1662 2345
1664 2219
1666 2275
1668 2338
1670 2275
1672 2308
1674 2403
1676 2307
1678 2217
1680 2355
1682 2260
1684 2253
1686 2218
1688 2288
1690 2252
1692 2218
1694 2250
1696 2257
1698 2212
1700 2257
1702 2251
1704 2221
1706 2213
1708 2298
1710 2219
1712 2220
1714 2339
1716 2215
1718 2290
1720 2218
1722 2327
1724 2217
1726 2216
1728 2335
1730 2217
1732 2218
1734 2301
1736 2216
1738 2217
1740 2251
1742 2253
1744 2215
1746 2292
1748 2215
1750 2287
1752 2218
1754 2215
1756 2333
1758 2216
1760 2290
1762 2257
1764 2217
1766 2255
1768 2220
1770 2218
1772 2256
1774 2290
1776 2216
1778 2288
1780 2217
1782 2255
1784 2253
1786 2334
1788 2312
1790 2219
1792 2274
1794 2218
1796 2219
1798 2216
1800 2216
1802 2219
1804 2219
1806 2275
1808 2217
1810 2418
1812 2251
1814 2255
1816 2250
1818 2216
1820 2216
1822 2253
1824 2219
1826 2220
1828 2239
1830 2293
1832 2215
1834 2217
1836 2217
1838 2294
1840 3373
1842 2534
1844 2386
1846 2351
1848 2304
1850 2275
1852 2275
1854 2217
1856 2217
1858 2254
1860 2217
1862 2217
1864 2256
1866 2217
1868 2354
1870 2219
1872 2291
1874 2217
1876 2217
1878 2350
1880 2252
1882 2218
1884 2327
1886 2218
1888 2216
1890 2252
1892 2216
1894 2215
1896 2330
1898 2220
1900 2218
1902 2219
1904 2252
1906 2217
1908 2217
1910 2252
1912 2216
1914 2217
1916 2238
1918 2219
1920 2219
1922 2330
1924 2254
1926 2218
1928 2327
1930 2216
1932 2215
1934 2327
1936 2217
1938 2218
1940 2253
1942 2216
1944 2217
1946 2252
1948 2674
1950 2241
1952 2406
1954 2358
1956 2275
1958 2346
1960 2302
1962 2427
1964 2288
1966 2219
1968 2257
1970 2295
1972 2289
1974 2255
1976 2220
1978 2214
1980 2219
1982 2255
1984 2216
1986 2329
1988 2217
1990 2292
1992 2292
1994 2219
1996 2288
1998 2216
2000 4474
