2 118
4 107
6 106
8 104
10 103
12 103
14 103
16 110
18 109
20 109
22 108
24 108
26 108
28 108
30 108
32 138
34 137
36 138
38 138
40 138
42 138
44 138
46 138
48 138
50 138
52 138
54 138
56 193
58 138
60 138
62 170
64 201
66 201
68 200
70 201
72 200
74 201
76 200
78 248
80 203
82 201
84 201
86 200
88 201
90 201
92 201
94 200
96 201
98 384
100 201
102 201
104 201
106 201
108 201
110 201
112 200
114 201
116 201
118 201
120 201
122 200
124 201
126 328
128 329
130 328
132 329
134 329
136 387
138 328
140 329
142 329
144 329
146 328
148 329
150 329
152 329
154 329
156 329
158 329
160 329
162 329
164 328
166 328
168 328
170 328
172 328
174 328
176 329
178 328
180 328
182 328
184 328
186 328
188 328
190 329
192 328
194 424
196 329
198 395
200 338
202 350
204 329
206 329
208 329
210 329
212 329
214 329
216 329
218 382
220 411
222 329
224 328
226 328
228 330
230 328
232 328
234 328
236 365
238 329
240 329
242 351
244 403
246 365
248 329
250 672
252 593
254 593
256 699
258 593
260 592
262 665
264 594
266 594
268 594
270 591
272 594
274 594
276 593
278 631
280 593
282 593
284 670
286 639
288 718
290 617
292 650
294 595
296 594
298 594
300 594
302 591
304 629
306 593
308 629
310 621
312 594
314 595
316 594
318 594
320 631
322 593
324 593
326 631
328 593
330 593
332 593
334 593
336 593
338 593
340 592
342 593
344 630
346 593
348 593
350 593
352 633
354 593
356 593
358 593
360 593
362 593
364 593
366 593
368 593
370 594
372 595
374 592
376 593
378 593
380 594
382 593
384 593
386 594
388 630
390 630
392 593
394 593
396 593
398 593
400 593
402 593
404 593
406 593
408 593
410 593
412 630
414 593
416 594
418 594
420 593
422 634
424 593
426 593
428 594
430 739
432 593
434 593
436 593
438 593
440 593
442 630
444 594
446 594
448 594
450 595
452 594
454 594
456 594
458 594
460 594
462 594
464 594
466 594
468 698
470 594
472 631
474 593
476 668
478 594
480 594
482 593
484 593
486 593
488 593
490 593
492 699
494 593
496 593
498 630
500 1129
502 1129
504 1129
506 1128
508 1131
510 1203
512 1129
514 1131
516 1215
518 1131
520 1131
522 1208
524 1131
526 1207
528 1131
530 1131
532 1206
534 1168
536 1131
538 1132
540 1131
542 1130
544 1131
546 1168
548 1133
550 1131
552 1131
554 1131
556 1131
558 1168
560 1205
562 1130
564 1131
566 1130
568 1131
570 1285
572 1168
574 1168
576 1150
578 1169
580 1133
582 1245
584 1131
586 1131
588 1130
590 1131
592 1132
594 1170
596 1131
598 1131
600 1131
602 1203
604 1133
606 1169
608 1130
610 1203
612 1131
614 1322
616 1130
618 1166
620 1133
622 1201
624 1131
626 1131
628 1131
630 1212
632 1133
634 1131
636 1132
638 1131
640 1131
642 1167
644 1239
646 1131
648 1175
650 1161
652 1161
654 1198
656 1164
658 1165
660 1163
662 1160
664 1160
666 1195
668 1162
670 1160
672 1161
674 1161
676 1160
678 1196
680 1197
682 1163
684 1272
686 1131
688 1129
690 1132
692 1168
694 1131
696 1168
698 1131
700 1169
702 1195
704 1362
706 1131
708 1332
710 1131
712 1432
714 1166
716 1274
718 1518
720 1455
722 1483
724 1261
726 1211
728 1218
730 1197
732 1205
734 1194
736 1248
738 1161
740 1161
742 1192
744 1196
746 1159
748 1161
750 1159
752 1159
754 1275
756 1200
758 1200
760 1214
762 1199
764 1344
766 1208
768 1196
770 1274
772 1241
774 1195
776 1192
778 1197
780 1193
782 1195
784 1192
786 1193
788 1198
790 1193
792 1193
794 1201
796 1208
798 1326
800 1253
802 1256
804 1163
806 1163
808 1195
810 1176
812 1162
814 1161
816 1190
818 1166
820 1244
822 1160
824 1160
826 1160
828 1160
830 1160
832 1199
834 1161
836 1166
838 1132
840 1177
842 1130
844 1130
846 1131
848 1132
850 1131
852 1131
854 1131
856 1389
858 1208
860 1226
862 1189
864 1161
866 1162
868 1193
870 1192
872 1194
874 1192
876 1193
878 1205
880 1161
882 1161
884 1163
886 1162
888 1162
890 1202
892 1130
894 1204
896 1259
898 1133
900 1167
902 1163
904 1162
906 1162
908 1164
910 1199
912 1162
914 1213
916 1133
918 1169
920 1206
922 1133
924 1245
926 1211
928 1131
930 1171
932 1160
934 1162
936 1161
938 1161
940 1162
942 1161
944 1325
946 1179
948 1132
950 1133
952 1132
954 1128
956 1170
958 1132
960 1131
962 1226
964 1413
966 1202
968 1198
970 1201
972 1408
974 1161
976 1162
978 1162
980 1161
982 1161
984 1162
986 1198
988 1161
990 1162
992 1162
994 1163
996 1163
998 1168
1000 2221
1002 2450
1004 2213
1006 2216
1008 2298
1010 2358
1012 2219
1014 2219
1016 2242
1018 2216
1020 2289
1022 2349
1024 2216
1026 2291
1028 2298
1030 2216
1032 2216
1034 2324
1036 2217
1038 2216
1040 2327
1042 2217
1044 2217
1046 2253
1048 2291
1050 2257
1052 2218
1054 2216
1056 2217
1058 2217
1060 2215
1062 2368
1064 2219
1066 2252
1068 2217
1070 2216
1072 2296
1074 2292
1076 2217
1078 2376
1080 2217
1082 2216
1084 2216
1086 2294
1088 2215
1090 2216
1092 2216
1094 2219
1096 2296
1098 2218
1100 2294
1102 2218
1104 2321
1106 2216
1108 2254
1110 2254
1112 2411
1114 2630
1116 2249
1118 2216
1120 2297
1122 2288
1124 2252
1126 2217
1128 2255
1130 2221
1132 2293
1134 2217
1136 2342
1138 2215
1140 2256
1142 2217
1144 2217
1146 2216
1148 2290
1150 2213
1152 2216
1154 2254
1156 2216
1158 2216
1160 2253
1162 2213
1164 2219
1166 2331
1168 2216
1170 2215
1172 2338
1174 2216
1176 2213
1178 2294
1180 2675
1182 2469
1184 2276
1186 2275
1188 2305
1190 2391
1192 2329
1194 2345
1196 2275
1198 2311
1200 2329
1202 2260
1204 2255
1206 2256
1208 2218
1210 2319
1212 2457
1214 2404
1216 2398
1218 2429
1220 2277
1222 2416
1224 2278
1226 2271
1228 2258
1230 2308
1232 2219
1234 2256
1236 2253
1238 2417
1240 2556
1242 2330
1244 2598
1246 2458
1248 2307
1250 2339
1252 2336
1254 2317
1256 2382
1258 2349
1260 2237
1262 2295
1264 2219
1266 2256
1268 2218
1270 2291
1272 2216
1274 2217
1276 2252
1278 2272
1280 2217
1282 2287
1284 2253
1286 2286
1288 2216
1290 2294
1292 2218
1294 2254
1296 2519
1298 2289
1300 2261
1302 2316
1304 2276
1306 2247
1308 2219
1310 2216
1312 2216
1314 2324
1316 2214
1318 2216
1320 2215
1322 2252
1324 2302
1326 2216
1328 2253
1330 2217
1332 2217
1334 2251
1336 2217
1338 2292
1340 2250
1342 2212
1344 2218
1346 2217
1348 2216
1350 2218
1352 2271
1354 2253
1356 2217
1358 2364
1360 2250
1362 2217
1364 2213
1366 2349
1368 2217
1370 2216
1372 2289
1374 2295
1376 2216
1378 2235
1380 2411
1382 2312
1384 2275
1386 2275
1388 2216
1390 2217
1392 2216
1394 2289
1396 2217
1398 2250
1400 2288
1402 2217
1404 2289
1406 2212
1408 2290
1410 2355
1412 2217
1414 2363
1416 2264
1418 2275
1420 2276
1422 2319
1424 2216
1426 2290
1428 2216
1430 2288
1432 2289
1434 2296
1436 2251
1438 2289
1440 2219
1442 2293
1444 2216
1446 2216
1448 2292
1450 2216
1452 2216
1454 2253
1456 2216
1458 2236
1460 2218
1462 2212
1464 2216
1466 2218
1468 2679
1470 2367
1472 2472
1474 2329
1476 2442
1478 2357
1480 2276
1482 2271
1484 2303
1486 2396
1488 2274
1490 2342
1492 2289
1494 2214
1496 2256
1498 2252
1500 2215
1502 2372
1504 2276
1506 2275
1508 2227
1510 2370
1512 2719
1514 2315
1516 2393
1518 2364
1520 2365
1522 2341
1524 2380
1526 2271
1528 2348
1530 2532
1532 2425
1534 3514
1536 2391
1538 2377
1540 2375
1542 2346
1544 2356
1546 2349
1548 2340
1550 2336
1552 2373
1554 2346
1556 2344
1558 2351
1560 2344
1562 2290
1564 2291
1566 2218
1568 2254
1570 2219
1572 2255
1574 2253
1576 2217
1578 2293
1580 2255
1582 2339
1584 2250
1586 2311
1588 2271
1590 2252
1592 2294
1594 2371
1596 2694
1598 2754
1600 2362
1602 2336
1604 2482
1606 2349
1608 2336
1610 2338
1612 2358
1614 2342
1616 2337
1618 2334
1620 2337
1622 2336
1624 2274
1626 2274
1628 2351
1630 2213
1632 2213
1634 2296
1636 2216
1638 2212
1640 2216
1642 2256
1644 2387
1646 2266
1648 2274
1650 2311
1652 2273
1654 2289
1656 2217
1658 2295
1660 2254
1662 2295
1664 2214
1666 2251
1668 2215
1670 2255
1672 2322
1674 2215
1676 2217
1678 2217
1680 2502
1682 2529
1684 2348
1686 2585
1688 2275
1690 2387
1692 2337
1694 2337
1696 2349
1698 2311
1700 2275
1702 2312
1704 2217
1706 2217
1708 2289
1710 2291
1712 2249
1714 2216
1716 2332
1718 2611
1720 2550
1722 2340
1724 2551
1726 2451
1728 2341
1730 2368
1732 2356
1734 2348
1736 2336
1738 2337
1740 2336
1742 2336
1744 2336
1746 2551
1748 2387
1750 2277
1752 2280
1754 2336
1756 2381
1758 2363
1760 2274
1762 2299
1764 2284
1766 2412
1768 2253
1770 2219
1772 2303
1774 2290
1776 2216
1778 2218
1780 2252
1782 2212
1784 2216
1786 2327
1788 2216
1790 2360
1792 2253
1794 2253
1796 2267
1798 2378
1800 2218
1802 2216
1804 2212
1806 2218
1808 2217
1810 2217
1812 2296
1814 2213
1816 2434
1818 2254
1820 2217
1822 2294
1824 2331
1826 2219
1828 2217
1830 2253
1832 2256
1834 2291
1836 2251
1838 2252
1840 2215
1842 2289
1844 2214
1846 2217
1848 2217
1850 2213
1852 2216
1854 2219
1856 2293
1858 2217
1860 2250
1862 2252
1864 2218
1866 2253
1868 2253
1870 2289
1872 2217
1874 2217
1876 2374
1878 2255
1880 2297
1882 2335
1884 2276
1886 2368
1888 2254
1890 2220
1892 2216
1894 2251
1896 2217
1898 2217
1900 2253
1902 2216
1904 2216
1906 2253
1908 2253
1910 2329
1912 2217
1914 2289
1916 2217
1918 2290
1920 2255
1922 2219
1924 2289
1926 2251
1928 2217
1930 2213
1932 2288
1934 2216
1936 2296
1938 2328
1940 2279
1942 2217
1944 2331
1946 2216
1948 2272
1950 2216
1952 2214
1954 2216
1956 2253
1958 2292
1960 2219
1962 2212
1964 2256
1966 2213
1968 2289
1970 2253
1972 2212
1974 2216
1976 2217
1978 2217
1980 2284
1982 2302
1984 2216
1986 2217
1988 2254
1990 2252
1992 2216
1994 2294
1996 2301
1998 2298
2000 4535
