2 215
4 198
6 196
8 184
10 183
12 183
14 181
16 172
18 172
20 171
22 170
24 170
26 170
28 169
30 170
32 171
34 170
36 168
38 169
40 168
42 167
44 167
46 167
48 167
50 167
52 168
54 168
56 196
58 176
60 175
62 183
64 193
66 192
68 191
70 190
72 190
74 189
76 191
78 189
80 189
82 189
84 190
86 189
88 189
90 189
92 189
94 189
96 189
98 189
100 190
102 188
104 188
106 188
108 189
110 210
112 189
114 189
116 188
118 189
120 189
122 189
124 189
126 241
128 240
130 239
132 239
134 284
136 239
138 239
140 240
142 239
144 239
146 239
148 239
150 239
152 238
154 239
156 239
158 232
160 232
162 232
164 233
166 232
168 233
170 232
172 233
174 233
176 232
178 233
180 232
182 232
184 250
186 233
188 233
190 233
192 233
194 232
196 232
198 233
200 233
202 233
204 232
206 239
208 239
210 239
212 239
214 239
216 239
218 239
220 239
222 238
224 239
226 279
228 239
230 240
232 306
234 233
236 233
238 239
240 238
242 239
244 272
246 239
248 239
250 363
252 364
254 363
256 363
258 363
260 443
262 394
264 369
266 368
268 368
270 368
272 368
274 368
276 367
278 367
280 388
282 367
284 367
286 405
288 367
290 369
292 402
294 368
296 368
298 368
300 368
302 404
304 369
306 368
308 479
310 369
312 369
314 405
316 381
318 359
320 359
322 361
324 359
326 359
328 359
330 359
332 359
334 359
336 359
338 358
340 358
342 358
344 358
346 359
348 395
350 358
352 358
354 358
356 402
358 359
360 358
362 358
364 358
366 358
368 358
370 358
372 358
374 358
376 358
378 417
380 358
382 433
384 359
386 358
388 358
390 358
392 359
394 358
396 358
398 359
400 358
402 358
404 360
406 358
408 358
410 358
412 397
414 433
416 358
418 358
420 358
422 358
424 358
426 359
428 358
430 358
432 358
434 359
436 452
438 358
440 358
442 358
444 359
446 359
448 358
450 359
452 358
454 358
456 358
458 399
460 455
462 433
464 360
466 359
468 368
470 368
472 368
474 368
476 367
478 368
480 427
482 370
484 368
486 368
488 368
490 369
492 368
494 369
496 368
498 404
500 626
502 629
504 609
506 609
508 608
510 646
512 608
514 607
516 607
518 608
520 608
522 644
524 608
526 608
528 682
530 609
532 609
534 608
536 607
538 608
540 608
542 608
544 608
546 608
548 608
550 608
552 608
554 609
556 630
558 608
560 607
562 607
564 608
566 608
568 645
570 608
572 609
574 608
576 610
578 666
580 650
582 608
584 738
586 608
588 609
590 609
592 609
594 644
596 654
598 808
600 706
602 624
604 658
606 624
608 623
610 624
612 624
614 623
616 624
618 685
620 624
622 608
624 609
626 608
628 609
630 681
632 608
634 608
636 608
638 607
640 852
642 714
644 626
646 625
648 625
650 624
652 624
654 624
656 653
658 624
660 673
662 723
664 626
666 609
668 608
670 608
672 607
674 608
676 608
678 608
680 607
682 608
684 608
686 608
688 608
690 720
692 610
694 608
696 608
698 645
700 625
702 608
704 608
706 609
708 608
710 682
712 607
714 646
716 608
718 624
720 624
722 624
724 625
726 624
728 633
730 608
732 608
734 608
736 609
738 608
740 607
742 608
744 608
746 608
748 609
750 608
752 645
754 645
756 609
758 647
760 607
762 608
764 608
766 609
768 609
770 608
772 608
774 609
776 609
778 608
780 610
782 609
784 609
786 608
788 608
790 608
792 609
794 608
796 608
798 608
800 682
802 609
804 645
806 609
808 608
810 608
812 608
814 608
816 608
818 628
820 608
822 704
824 642
826 647
828 623
830 623
832 623
834 623
836 624
838 645
840 609
842 609
844 608
846 607
848 608
850 681
852 608
854 608
856 609
858 608
860 608
862 682
864 607
866 607
868 607
870 608
872 608
874 608
876 608
878 629
880 607
882 608
884 608
886 608
888 609
890 609
892 609
894 645
896 608
898 608
900 609
902 608
904 608
906 607
908 608
910 610
912 609
914 609
916 608
918 608
920 608
922 608
924 608
926 608
928 700
930 608
932 609
934 608
936 608
938 608
940 608
942 610
944 608
946 609
948 608
950 609
952 609
954 609
956 608
958 644
960 608
962 762
964 610
966 608
968 608
970 645
972 608
974 608
976 609
978 608
980 608
982 608
984 608
986 647
988 608
990 628
992 624
994 625
996 625
998 627
1000 1156
1002 1174
1004 1156
1006 1155
1008 1192
1010 1192
1012 1195
1014 1200
1016 1124
1018 1124
1020 1201
1022 1125
1024 1125
1026 1400
1028 1394
1030 1336
1032 1156
1034 1149
1036 1125
1038 1124
1040 1124
1042 1160
1044 1206
1046 1124
1048 1125
1050 1201
1052 1161
1054 1124
1056 1160
1058 1123
1060 1161
1062 1236
1064 1124
1066 1125
1068 1184
1070 1124
1072 1125
1074 1124
1076 1123
1078 1125
1080 1163
1082 1204
1084 1126
1086 1124
1088 1124
1090 1124
1092 1124
1094 1161
1096 1125
1098 1124
1100 1365
1102 1128
1104 1155
1106 1156
1108 1155
1110 1225
1112 1234
1114 1165
1116 1130
1118 1164
1120 1165
1122 1127
1124 1125
1126 1160
1128 1159
1130 1156
1132 1126
1134 1125
1136 1126
1138 1126
1140 1127
1142 1125
1144 1125
1146 1126
1148 1162
1150 1185
1152 1124
1154 1199
1156 1160
1158 1124
1160 1126
1162 1141
1164 1123
1166 1164
1168 1124
1170 1124
1172 1125
1174 1124
1176 1124
1178 1162
1180 1124
1182 1197
1184 1212
1186 1178
1188 1183
1190 1191
1192 1155
1194 1155
1196 1124
1198 1160
1200 1124
1202 1123
1204 1123
1206 1124
1208 1124
1210 1124
1212 1123
1214 1200
1216 1123
1218 1125
1220 1160
1222 1124
1224 1162
1226 1125
1228 1200
1230 1126
1232 1126
1234 1124
1236 1142
1238 1139
1240 1138
1242 1138
1244 1174
1246 1173
1248 1233
1250 1136
1252 1173
1254 1136
1256 1136
1258 1138
1260 1169
1262 1136
1264 1136
1266 1136
1268 1289
1270 1136
1272 1174
1274 1217
1276 1139
1278 1137
1280 1137
1282 1136
1284 1172
1286 1136
1288 1175
1290 1225
1292 1140
1294 1139
1296 1140
1298 1138
1300 1250
1302 1139
1304 1139
1306 1214
1308 1166
1310 1165
1312 1240
1314 1137
1316 1153
1318 1214
1320 1167
1322 1186
1324 1166
1326 1168
1328 1172
1330 1213
1332 1138
1334 1211
1336 1226
1338 1136
1340 1137
1342 1155
1344 1136
1346 1136
1348 1243
1350 1466
1352 1166
1354 1167
1356 1196
1358 1166
1360 1166
1362 1153
1364 1137
1366 1161
1368 1166
1370 1168
1372 1207
1374 1136
1376 1135
1378 1213
1380 1136
1382 1136
1384 1173
1386 1191
1388 1356
1390 1170
1392 1171
1394 1168
1396 1201
1398 1167
1400 1195
1402 1242
1404 1173
1406 1414
1408 1208
1410 1168
1412 1200
1414 1247
1416 1247
1418 1202
1420 1200
1422 1218
1424 1168
1426 1186
1428 1168
1430 1168
1432 1216
1434 1168
1436 1170
1438 1206
1440 1168
1442 1244
1444 1167
1446 1166
1448 1168
1450 1170
1452 1166
1454 1167
1456 1167
1458 1168
1460 1167
1462 1167
1464 1167
1466 1166
1468 1166
1470 1205
1472 1166
1474 1187
1476 1204
1478 1166
1480 1167
1482 1265
1484 1167
1486 1166
1488 1166
1490 1263
1492 1170
1494 1169
1496 1168
1498 1239
1500 1167
1502 1168
1504 1203
1506 1166
1508 1170
1510 1169
1512 1169
1514 1168
1516 1168
1518 1169
1520 1167
1522 1166
1524 1171
1526 1206
1528 1170
1530 1168
1532 1168
1534 1167
1536 1166
1538 1204
1540 1167
1542 1167
1544 1206
1546 1169
1548 1167
1550 1166
1552 1168
1554 1166
1556 1168
1558 1210
1560 1173
1562 1172
1564 1311
1566 1211
1568 1283
1570 1465
1572 1240
1574 1273
1576 1170
1578 1205
1580 1229
1582 1201
1584 1204
1586 1202
1588 1200
1590 1207
1592 1204
1594 1200
1596 1190
1598 1169
1600 1167
1602 1137
1604 1291
1606 1138
1608 1139
1610 1195
1612 1137
1614 1137
1616 1136
1618 1137
1620 1136
1622 1136
1624 1229
1626 1138
1628 1138
1630 1139
1632 1138
1634 1136
1636 1138
1638 1138
1640 1212
1642 1211
1644 1136
1646 1247
1648 1173
1650 1136
1652 1136
1654 1136
1656 1173
1658 1136
1660 1156
1662 1135
1664 1136
1666 1135
1668 1136
1670 1263
1672 1168
1674 1262
1676 1171
1678 1169
1680 1169
1682 1169
1684 1270
1686 1237
1688 1139
1690 1142
1692 1174
1694 1138
1696 1138
1698 1218
1700 1158
1702 1137
1704 1176
1706 1139
1708 1139
1710 1136
1712 1137
1714 1166
1716 1136
1718 1135
1720 1135
1722 1214
1724 1171
1726 1210
1728 1136
1730 1138
1732 1136
1734 1137
1736 1173
1738 1137
1740 1137
1742 1249
1744 1136
1746 1136
1748 1173
1750 1136
1752 1136
1754 1136
1756 1136
1758 1137
1760 1135
1762 1174
1764 1136
1766 1136
1768 1137
1770 1137
1772 1137
1774 1172
1776 1135
1778 1194
1780 1172
1782 1138
1784 1172
1786 1210
1788 1137
1790 1210
1792 1246
1794 1136
1796 1210
1798 1136
1800 1136
1802 1135
1804 1173
1806 1134
1808 1133
1810 1171
1812 1135
1814 1134
1816 1133
1818 1132
1820 1132
1822 1132
1824 1170
1826 1134
1828 1171
1830 1170
1832 1134
1834 1208
1836 1132
1838 1133
1840 1209
1842 1133
1844 1131
1846 1205
1848 1208
1850 1148
1852 1132
1854 1132
1856 1132
1858 1132
1860 1238
1862 1131
1864 1169
1866 1133
1868 1169
1870 1132
1872 1151
1874 1169
1876 1134
1878 1169
1880 1170
1882 1133
1884 1134
1886 1134
1888 1132
1890 1132
1892 1133
1894 1204
1896 1251
1898 1132
1900 1137
1902 1166
1904 1164
1906 1167
1908 1167
1910 1167
1912 1157
1914 1134
1916 1134
1918 1169
1920 1133
1922 1171
1924 1171
1926 1168
1928 1135
1930 1207
1932 1134
1934 1170
1936 1132
1938 1133
1940 1134
1942 1131
1944 1132
1946 1168
1948 1132
1950 1169
1952 1132
1954 1131
1956 1169
1958 1450
1960 1230
1962 1164
1964 1200
1966 1200
1968 1197
1970 1165
1972 1164
1974 1163
1976 1133
1978 1134
1980 1176
1982 1132
1984 1133
1986 1213
1988 1132
1990 1132
1992 1168
1994 1133
1996 1206
1998 1133
2000 2368
