2 114
4 97
6 98
8 86
10 86
12 86
14 86
16 89
18 74
20 74
22 74
24 74
26 74
28 73
30 74
32 64
34 64
36 64
38 64
40 64
42 64
44 64
46 66
48 64
50 64
52 64
54 64
56 101
58 64
60 64
62 59
64 54
66 54
68 54
70 54
72 54
74 54
76 54
78 54
80 54
82 54
84 54
86 54
88 54
90 54
92 54
94 54
96 54
98 54
100 54
102 54
104 54
106 54
108 54
110 54
112 54
114 54
116 54
118 54
120 54
122 54
124 54
126 44
128 44
130 44
132 44
134 44
136 44
138 44
140 44
142 44
144 44
146 44
148 44
150 44
152 44
154 44
156 44
158 44
160 44
162 44
164 44
166 44
168 61
170 44
172 45
174 44
176 44
178 44
180 44
182 44
184 44
186 44
188 44
190 44
192 44
194 44
196 44
198 44
200 46
202 46
204 44
206 45
208 44
210 44
212 44
214 44
216 44
218 64
220 44
222 44
224 44
226 44
228 44
230 44
232 44
234 44
236 44
238 44
240 44
242 66
244 44
246 44
248 44
250 35
252 35
254 35
256 36
258 35
260 35
262 35
264 35
266 35
268 35
270 34
272 35
274 35
276 34
278 35
280 35
282 34
284 35
286 37
288 38
290 37
292 36
294 35
296 35
298 35
300 35
302 35
304 35
306 35
308 35
310 35
312 35
314 35
316 35
318 35
320 35
322 35
324 35
326 35
328 35
330 35
332 35
334 35
336 35
338 35
340 35
342 35
344 35
346 35
348 35
350 35
352 35
354 35
356 35
358 35
360 35
362 35
364 35
366 35
368 35
370 35
372 35
374 35
376 35
378 35
380 35
382 35
384 35
386 35
388 35
390 35
392 35
394 35
396 35
398 35
400 35
402 35
404 34
406 35
408 35
410 35
412 36
414 34
416 35
418 35
420 35
422 36
424 35
426 35
428 35
430 35
432 35
434 52
436 35
438 35
440 35
442 35
444 35
446 35
448 35
450 35
452 35
454 35
456 35
458 35
460 35
462 35
464 35
466 35
468 35
470 35
472 35
474 35
476 35
478 34
480 35
482 35
484 35
486 35
488 35
490 35
492 35
494 35
496 35
498 35
500 25
502 25
504 25
506 25
508 25
510 25
512 25
514 25
516 25
518 25
520 25
522 25
524 25
526 25
528 25
530 25
532 25
534 25
536 25
538 25
540 25
542 25
544 25
546 25
548 25
550 25
552 25
554 25
556 25
558 25
560 25
562 25
564 25
566 25
568 25
570 25
572 25
574 25
576 25
578 25
580 25
582 25
584 25
586 25
588 25
590 25
592 25
594 25
596 25
598 25
600 25
602 25
604 25
606 25
608 25
610 25
612 25
614 25
616 25
618 25
620 25
622 25
624 25
626 25
628 25
630 25
632 26
634 25
636 25
638 25
640 25
642 25
644 25
646 25
648 25
650 26
652 26
654 26
656 26
658 26
660 26
662 26
664 26
666 26
668 26
670 26
672 26
674 26
676 26
678 26
680 26
682 26
684 26
686 25
688 25
690 41
692 25
694 25
696 25
698 25
700 25
702 25
704 26
706 25
708 25
710 25
712 45
714 26
716 43
718 29
720 33
722 28
724 26
726 27
728 30
730 27
732 27
734 27
736 27
738 26
740 26
742 26
744 26
746 26
748 26
750 26
752 26
754 29
756 26
758 26
760 26
762 26
764 26
766 27
768 27
770 27
772 27
774 26
776 27
778 26
780 27
782 26
784 26
786 26
788 26
790 27
792 27
794 26
796 26
798 26
800 37
802 26
804 26
806 26
808 26
810 44
812 26
814 26
816 26
818 26
820 26
822 26
824 26
826 26
828 26
830 26
832 26
834 26
836 26
838 25
840 25
842 25
844 25
846 25
848 25
850 25
852 25
854 25
856 25
858 27
860 27
862 26
864 26
866 26
868 26
870 26
872 27
874 26
876 27
878 27
880 26
882 26
884 26
886 26
888 26
890 25
892 25
894 27
896 25
898 25
900 25
902 26
904 26
906 26
908 26
910 26
912 26
914 26
916 25
918 25
920 25
922 25
924 25
926 25
928 56
930 25
932 25
934 26
936 26
938 26
940 26
942 26
944 25
946 26
948 25
950 25
952 25
954 25
956 25
958 25
960 25
962 25
964 25
966 27
968 26
970 26
972 26
974 25
976 26
978 26
980 26
982 26
984 26
986 26
988 26
990 26
992 26
994 26
996 26
998 26
1000 16
1002 16
1004 16
1006 16
1008 16
1010 16
1012 16
1014 16
1016 16
1018 16
1020 16
1022 16
1024 16
1026 16
1028 16
1030 16
1032 16
1034 16
1036 16
1038 16
1040 16
1042 16
1044 16
1046 16
1048 16
1050 16
1052 16
1054 16
1056 16
1058 16
1060 16
1062 16
1064 16
1066 16
1068 16
1070 16
1072 16
1074 16
1076 16
1078 16
1080 16
1082 16
1084 16
1086 16
1088 16
1090 16
1092 16
1094 16
1096 16
1098 16
1100 16
1102 16
1104 16
1106 16
1108 16
1110 16
1112 16
1114 20
1116 16
1118 16
1120 16
1122 16
1124 16
1126 16
1128 16
1130 16
1132 16
1134 16
1136 16
1138 16
1140 16
1142 16
1144 16
1146 16
1148 16
1150 16
1152 16
1154 16
1156 16
1158 16
1160 16
1162 16
1164 16
1166 16
1168 16
1170 16
1172 17
1174 16
1176 16
1178 16
1180 16
1182 18
1184 16
1186 16
1188 16
1190 17
1192 48
1194 16
1196 16
1198 16
1200 16
1202 16
1204 16
1206 16
1208 16
1210 16
1212 17
1214 16
1216 16
1218 16
1220 16
1222 16
1224 16
1226 16
1228 16
1230 16
1232 16
1234 16
1236 16
1238 16
1240 36
1242 16
1244 16
1246 16
1248 16
1250 17
1252 17
1254 17
1256 16
1258 16
1260 16
1262 16
1264 16
1266 16
1268 16
1270 16
1272 16
1274 16
1276 16
1278 16
1280 16
1282 16
1284 16
1286 16
1288 16
1290 16
1292 16
1294 16
1296 16
1298 16
1300 16
1302 16
1304 16
1306 16
1308 16
1310 16
1312 16
1314 16
1316 16
1318 16
1320 16
1322 16
1324 16
1326 16
1328 16
1330 16
1332 16
1334 16
1336 16
1338 16
1340 16
1342 16
1344 16
1346 16
1348 16
1350 16
1352 16
1354 16
1356 16
1358 16
1360 16
1362 16
1364 16
1366 16
1368 16
1370 16
1372 16
1374 16
1376 16
1378 16
1380 16
1382 16
1384 16
1386 16
1388 16
1390 16
1392 16
1394 16
1396 16
1398 16
1400 16
1402 16
1404 16
1406 16
1408 16
1410 16
1412 16
1414 16
1416 16
1418 16
1420 16
1422 16
1424 16
1426 16
1428 16
1430 16
1432 16
1434 16
1436 16
1438 16
1440 16
1442 16
1444 16
1446 16
1448 16
1450 16
1452 16
1454 16
1456 16
1458 16
1460 16
1462 32
1464 16
1466 16
1468 16
1470 18
1472 16
1474 16
1476 16
1478 17
1480 16
1482 16
1484 16
1486 16
1488 16
1490 16
1492 16
1494 16
1496 16
1498 16
1500 16
1502 16
1504 16
1506 16
1508 16
1510 16
1512 38
1514 17
1516 16
1518 16
1520 17
1522 17
1524 17
1526 16
1528 16
1530 55
1532 17
1534 21
1536 17
1538 17
1540 17
1542 17
1544 17
1546 17
1548 17
1550 17
1552 17
1554 17
1556 17
1558 17
1560 17
1562 17
1564 16
1566 16
1568 16
1570 16
1572 16
1574 16
1576 16
1578 16
1580 16
1582 35
1584 16
1586 16
1588 16
1590 16
1592 16
1594 16
1596 17
1598 17
1600 16
1602 17
1604 17
1606 17
1608 17
1610 17
1612 17
1614 17
1616 17
1618 16
1620 18
1622 17
1624 16
1626 16
1628 16
1630 16
1632 16
1634 16
1636 16
1638 16
1640 16
1642 16
1644 16
1646 16
1648 16
1650 16
1652 16
1654 16
1656 16
1658 16
1660 16
1662 16
1664 16
1666 16
1668 16
1670 16
1672 16
1674 16
1676 32
1678 16
1680 16
1682 17
1684 16
1686 16
1688 36
1690 16
1692 17
1694 17
1696 17
1698 16
1700 16
1702 16
1704 16
1706 16
1708 16
1710 16
1712 16
1714 16
1716 16
1718 17
1720 17
1722 16
1724 21
1726 20
1728 17
1730 17
1732 17
1734 17
1736 17
1738 17
1740 17
1742 17
1744 17
1746 17
1748 21
1750 16
1752 16
1754 16
1756 17
1758 16
1760 16
1762 16
1764 16
1766 16
1768 16
1770 16
1772 16
1774 16
1776 16
1778 16
1780 16
1782 16
1784 16
1786 16
1788 16
1790 16
1792 16
1794 16
1796 16
1798 16
1800 16
1802 16
1804 16
1806 16
1808 16
1810 16
1812 16
1814 16
1816 16
1818 16
1820 16
1822 16
1824 16
1826 16
1828 16
1830 16
1832 16
1834 16
1836 16
1838 16
1840 16
1842 16
1844 16
1846 16
1848 16
1850 16
1852 16
1854 16
1856 16
1858 16
1860 16
1862 16
1864 16
1866 16
1868 16
1870 16
1872 16
1874 16
1876 16
1878 16
1880 16
1882 16
1884 16
1886 16
1888 16
1890 16
1892 16
1894 16
1896 16
1898 16
1900 16
1902 16
1904 16
1906 16
1908 16
1910 16
1912 16
1914 16
1916 16
1918 16
1920 16
1922 16
1924 16
1926 16
1928 16
1930 16
1932 16
1934 16
1936 16
1938 16
1940 16
1942 16
1944 16
1946 16
1948 16
1950 16
1952 16
1954 16
1956 16
1958 16
1960 16
1962 16
1964 16
1966 16
1968 16
1970 16
1972 16
1974 16
1976 16
1978 32
1980 16
1982 16
1984 16
1986 16
1988 16
1990 16
1992 16
1994 16
1996 16
1998 16
2000 6
