2 128
4 116
6 115
8 113
10 112
12 112
14 112
16 122
18 122
20 122
22 122
24 121
26 122
28 121
30 122
32 153
34 153
36 153
38 153
40 153
42 153
44 154
46 153
48 225
50 145
52 146
54 141
56 142
58 142
60 141
62 192
64 206
66 242
68 206
70 206
72 204
74 206
76 206
78 207
80 206
82 243
84 206
86 206
88 206
90 206
92 206
94 206
96 263
98 206
100 204
102 205
104 206
106 204
108 205
110 206
112 205
114 206
116 206
118 204
120 206
122 206
124 206
126 338
128 338
130 339
132 338
134 374
136 337
138 337
140 337
142 336
144 337
146 337
148 357
150 336
152 337
154 378
156 338
158 337
160 339
162 336
164 377
166 337
168 337
170 337
172 337
174 337
176 336
178 506
180 536
182 327
184 329
186 329
188 329
190 331
192 366
194 329
196 329
198 346
200 338
202 338
204 336
206 336
208 336
210 336
212 338
214 376
216 339
218 424
220 387
222 351
224 357
226 497
228 452
230 347
232 348
234 347
236 347
238 347
240 351
242 370
244 349
246 350
248 349
250 630
252 627
254 628
256 627
258 627
260 636
262 642
264 628
266 626
268 625
270 628
272 628
274 625
276 623
278 627
280 676
282 654
284 624
286 624
288 626
290 672
292 625
294 626
296 626
298 627
300 692
302 661
304 626
306 626
308 628
310 626
312 627
314 624
316 625
318 626
320 626
322 688
324 629
326 625
328 626
330 625
332 623
334 626
336 627
338 625
340 625
342 626
344 762
346 647
348 633
350 627
352 648
354 626
356 692
358 710
360 645
362 626
364 626
366 630
368 626
370 627
372 625
374 625
376 625
378 625
380 708
382 608
384 609
386 608
388 609
390 646
392 609
394 609
396 608
398 608
400 608
402 607
404 610
406 610
408 609
410 607
412 609
414 610
416 610
418 594
420 627
422 645
424 608
426 608
428 608
430 609
432 592
434 593
436 593
438 592
440 593
442 593
444 592
446 592
448 592
450 592
452 592
454 593
456 593
458 593
460 593
462 594
464 704
466 594
468 591
470 591
472 591
474 667
476 610
478 609
480 646
482 608
484 607
486 617
488 592
490 593
492 593
494 593
496 592
498 593
500 1130
502 1210
504 1149
506 1133
508 1132
510 1131
512 1129
514 1207
516 1160
518 1162
520 1131
522 1133
524 1133
526 1133
528 1131
530 1131
532 1209
534 1131
536 1131
538 1131
540 1163
542 1164
544 1131
546 1131
548 1131
550 1131
552 1191
554 1229
556 1131
558 1195
560 1165
562 1174
564 1131
566 1131
568 1128
570 1129
572 1129
574 1269
576 1177
578 1131
580 1131
582 1130
584 1129
586 1167
588 1131
590 1130
592 1170
594 1204
596 1278
598 1267
600 1238
602 1247
604 1302
606 1253
608 1275
610 1160
612 1181
614 1161
616 1161
618 1160
620 1229
622 1204
624 1160
626 1160
628 1160
630 1162
632 1164
634 1162
636 1156
638 1131
640 1173
642 1131
644 1175
646 1129
648 1129
650 1131
652 1131
654 1129
656 1146
658 1129
660 1130
662 1129
664 1168
666 1131
668 1166
670 1134
672 1133
674 1133
676 1133
678 1133
680 1173
682 1131
684 1130
686 1131
688 1168
690 1131
692 1131
694 1168
696 1131
698 1171
700 1131
702 1129
704 1130
706 1130
708 1130
710 1251
712 1130
714 1131
716 1130
718 1131
720 1131
722 1130
724 1132
726 1221
728 1131
730 1131
732 1131
734 1128
736 1131
738 1131
740 1168
742 1130
744 1298
746 1577
748 1277
750 1202
752 1132
754 1131
756 1273
758 1191
760 1161
762 1197
764 1161
766 1160
768 1161
770 1161
772 1204
774 1161
776 1172
778 1171
780 1133
782 1132
784 1132
786 1168
788 1130
790 1132
792 1131
794 1131
796 1131
798 1169
800 1207
802 1168
804 1131
806 1129
808 1131
810 1167
812 1167
814 1131
816 1129
818 1131
820 1133
822 1209
824 1131
826 1132
828 1130
830 1164
832 1162
834 1197
836 1162
838 1163
840 1160
842 1199
844 1161
846 1162
848 1161
850 1161
852 1219
854 1161
856 1199
858 1161
860 1162
862 1163
864 1234
866 1252
868 1258
870 1131
872 1332
874 1161
876 1234
878 1161
880 1277
882 1161
884 1196
886 1162
888 1162
890 1195
892 1161
894 1163
896 1160
898 1197
900 1161
902 1161
904 1161
906 1133
908 1132
910 1133
912 1133
914 1207
916 1133
918 1131
920 1132
922 1132
924 1253
926 1168
928 1132
930 1131
932 1132
934 1271
936 1132
938 1169
940 1132
942 1132
944 1133
946 1132
948 1134
950 1238
952 1132
954 1129
956 1131
958 1204
960 1131
962 1286
964 1132
966 1131
968 1131
970 1132
972 1131
974 1202
976 1131
978 1132
980 1131
982 1130
984 1131
986 1168
988 1131
990 1132
992 1132
994 1132
996 1130
998 1168
1000 2217
1002 2217
1004 2254
1006 2216
1008 2216
1010 2256
1012 2253
1014 2381
1016 2215
1018 2295
1020 2216
1022 2217
1024 2357
1026 2215
1028 2288
1030 2217
1032 2215
1034 2216
1036 2299
1038 2255
1040 2329
1042 2220
1044 2304
1046 2288
1048 2216
1050 2253
1052 2293
1054 2254
1056 2254
1058 2293
1060 2217
1062 2216
1064 2292
1066 2215
1068 2218
1070 2315
1072 2220
1074 2216
1076 2735
1078 2412
1080 2274
1082 2306
1084 2275
1086 2275
1088 2377
1090 2313
1092 2274
1094 2248
1096 2291
1098 2423
1100 2291
1102 2236
1104 2217
1106 2290
1108 2217
1110 2291
1112 2252
1114 2216
1116 2256
1118 2293
1120 2215
1122 2217
1124 2215
1126 2236
1128 2220
1130 2293
1132 2216
1134 2217
1136 2289
1138 2323
1140 2218
1142 2217
1144 2254
1146 2219
1148 2219
1150 2218
1152 2217
1154 2216
1156 2217
1158 2325
1160 2437
1162 2216
1164 2365
1166 2216
1168 2297
1170 2252
1172 2217
1174 2255
1176 2290
1178 2219
1180 2219
1182 2219
1184 2274
1186 2218
1188 2216
1190 2217
1192 2218
1194 2217
1196 2326
1198 2254
1200 2216
1202 2322
1204 2217
1206 2216
1208 2254
1210 2254
1212 2216
1214 2215
1216 2220
1218 2505
1220 2216
1222 2384
1224 2274
1226 2274
1228 2333
1230 2217
1232 2216
1234 2252
1236 2217
1238 2254
1240 2322
1242 2215
1244 2216
1246 2253
1248 2216
1250 2218
1252 2336
1254 2217
1256 2218
1258 2283
1260 2274
1262 2275
1264 2216
1266 2252
1268 2219
1270 2289
1272 2253
1274 2218
1276 2294
1278 2337
1280 2215
1282 2216
1284 2287
1286 2290
1288 2219
1290 2219
1292 2328
1294 2290
1296 2216
1298 2252
1300 2216
1302 2216
1304 2253
1306 2293
1308 2216
1310 2216
1312 2216
1314 2216
1316 2295
1318 2252
1320 2290
1322 2217
1324 2250
1326 2471
1328 2383
1330 2276
1332 2277
1334 2346
1336 2379
1338 2293
1340 2216
1342 2288
1344 2220
1346 2219
1348 2216
1350 2217
1352 2216
1354 2216
1356 2253
1358 2219
1360 2216
1362 2253
1364 2252
1366 2253
1368 2355
1370 2506
1372 2216
1374 2324
1376 2341
1378 2304
1380 2308
1382 2277
1384 2304
1386 2292
1388 2255
1390 2216
1392 2253
1394 2721
1396 2370
1398 2406
1400 2465
1402 2361
1404 2336
1406 2341
1408 2357
1410 2424
1412 2357
1414 2275
1416 2359
1418 2275
1420 2356
1422 2330
1424 2339
1426 2336
1428 2253
1430 2277
1432 2344
1434 2444
1436 2365
1438 2365
1440 2645
1442 2387
1444 2276
1446 2315
1448 2359
1450 2322
1452 2341
1454 2332
1456 2342
1458 2333
1460 2340
1462 2317
1464 2312
1466 2320
1468 2235
1470 2219
1472 2221
1474 2219
1476 2252
1478 2217
1480 2216
1482 2252
1484 2218
1486 2219
1488 2254
1490 2218
1492 2217
1494 2253
1496 2216
1498 2322
1500 2252
1502 2271
1504 2216
1506 2254
1508 2215
1510 2365
1512 2218
1514 2215
1516 2216
1518 2217
1520 2216
1522 2216
1524 2217
1526 2359
1528 2219
1530 2291
1532 2326
1534 2215
1536 2216
1538 2253
1540 2292
1542 2217
1544 2252
1546 2217
1548 2216
1550 2255
1552 2218
1554 2217
1556 2217
1558 2219
1560 2294
1562 2216
1564 2216
1566 2218
1568 2328
1570 2434
1572 2588
1574 2342
1576 2280
1578 2327
1580 2275
1582 2237
1584 2270
1586 2217
1588 2303
1590 2491
1592 2252
1594 2284
1596 2292
1598 2216
1600 2250
1602 2217
1604 2214
1606 2252
1608 2213
1610 2287
1612 2250
1614 2214
1616 2288
1618 2267
1620 2216
1622 2216
1624 2286
1626 2426
1628 2253
1630 2217
1632 2219
1634 2217
1636 2216
1638 2326
1640 2217
1642 2216
1644 2300
1646 2216
1648 2216
1650 2416
1652 2402
1654 2216
1656 2275
1658 2400
1660 2326
1662 2275
1664 2309
1666 2304
1668 2369
1670 2275
1672 2235
1674 2364
1676 2217
1678 2364
1680 2253
1682 2216
1684 2299
1686 2253
1688 2215
1690 2215
1692 2360
1694 2213
1696 2215
1698 2289
1700 2216
1702 2217
1704 2216
1706 2216
1708 2217
1710 2249
1712 2216
1714 2252
1716 2220
1718 2326
1720 2396
1722 2652
1724 2274
1726 2277
1728 2279
1730 2275
1732 2366
1734 2219
1736 2254
1738 2216
1740 2326
1742 2217
1744 2260
1746 2278
1748 2278
1750 2277
1752 2216
1754 2306
1756 2252
1758 2217
1760 2254
1762 2216
1764 2216
1766 2290
1768 2277
1770 2269
1772 2329
1774 2216
1776 2369
1778 2293
1780 2249
1782 2216
1784 2234
1786 2216
1788 2256
1790 2217
1792 2213
1794 2218
1796 2217
1798 2256
1800 2254
1802 2217
1804 2216
1806 2254
1808 2216
1810 2254
1812 2216
1814 2253
1816 2254
1818 2216
1820 2213
1822 2288
1824 2218
1826 2219
1828 2288
1830 2216
1832 2217
1834 2218
1836 2291
1838 2217
1840 2216
1842 2216
1844 2216
1846 2275
1848 2290
1850 2284
1852 2217
1854 2254
1856 2254
1858 2216
1860 2435
1862 2222
1864 2362
1866 2251
1868 2218
1870 2217
1872 2252
1874 2218
1876 2216
1878 2251
1880 2217
1882 2216
1884 2293
1886 2219
1888 2295
1890 2251
1892 2216
1894 2216
1896 2216
1898 2216
1900 2327
1902 2288
1904 2216
1906 2219
1908 2220
1910 2216
1912 2216
1914 2218
1916 2217
1918 2254
1920 2254
1922 2216
1924 2216
1926 2216
1928 2291
1930 2216
1932 2216
1934 2349
1936 2445
1938 2246
1940 2346
1942 2414
1944 2277
1946 2277
1948 2277
1950 2234
1952 2323
1954 2220
1956 2294
1958 2255
1960 2290
1962 2216
1964 2335
1966 2290
1968 2216
1970 2253
1972 2218
1974 2299
1976 2291
1978 2217
1980 2255
1982 2383
1984 2216
1986 2216
1988 2253
1990 2326
1992 2216
1994 2254
1996 2217
1998 2255
2000 4475
