2 218
4 199
6 197
8 221
10 184
12 183
14 182
16 176
18 173
20 173
22 172
24 172
26 172
28 173
30 171
32 172
34 171
36 173
38 173
40 172
42 172
44 171
46 194
48 211
50 238
52 234
54 214
56 192
58 195
60 170
62 181
64 189
66 189
68 188
70 187
72 187
74 186
76 195
78 191
80 194
82 192
84 194
86 213
88 192
90 193
92 192
94 192
96 192
98 191
100 192
102 217
104 199
106 227
108 193
110 191
112 192
114 192
116 191
118 192
120 196
122 195
124 194
126 246
128 246
130 245
132 244
134 243
136 278
138 244
140 244
142 244
144 243
146 244
148 244
150 244
152 243
154 243
156 243
158 244
160 244
162 261
164 266
166 245
168 243
170 244
172 243
174 243
176 243
178 243
180 243
182 243
184 242
186 243
188 243
190 244
192 244
194 243
196 244
198 245
200 278
202 237
204 237
206 238
208 237
210 256
212 278
214 243
216 243
218 244
220 243
222 243
224 243
226 243
228 243
230 243
232 243
234 243
236 243
238 245
240 263
242 243
244 244
246 263
248 243
250 373
252 373
254 372
256 372
258 372
260 372
262 427
264 373
266 373
268 389
270 372
272 372
274 371
276 372
278 372
280 371
282 363
284 362
286 362
288 363
290 362
292 363
294 372
296 384
298 362
300 363
302 363
304 362
306 362
308 362
310 362
312 415
314 364
316 401
318 400
320 473
322 363
324 363
326 399
328 362
330 362
332 362
334 362
336 400
338 362
340 362
342 400
344 363
346 363
348 363
350 364
352 362
354 362
356 363
358 362
360 362
362 363
364 399
366 362
368 362
370 364
372 362
374 363
376 362
378 362
380 362
382 363
384 362
386 362
388 362
390 363
392 362
394 363
396 362
398 362
400 362
402 363
404 362
406 362
408 363
410 362
412 362
414 363
416 435
418 362
420 362
422 362
424 363
426 363
428 400
430 362
432 363
434 362
436 362
438 422
440 372
442 453
444 518
446 411
448 401
450 364
452 373
454 373
456 372
458 373
460 372
462 371
464 371
466 372
468 371
470 371
472 400
474 372
476 373
478 372
480 371
482 374
484 374
486 373
488 372
490 363
492 362
494 362
496 442
498 363
500 627
502 625
504 625
506 626
508 626
510 627
512 626
514 626
516 625
518 626
520 625
522 626
524 625
526 625
528 625
530 625
532 665
534 626
536 626
538 626
540 626
542 626
544 626
546 642
548 626
550 626
552 626
554 628
556 626
558 626
560 626
562 663
564 625
566 662
568 663
570 626
572 626
574 626
576 680
578 627
580 642
582 642
584 642
586 643
588 643
590 656
592 626
594 626
596 698
598 627
600 625
602 610
604 682
606 608
608 609
610 608
612 627
614 627
616 668
618 609
620 608
622 645
624 626
626 626
628 626
630 626
632 629
634 625
636 668
638 609
640 609
642 608
644 608
646 653
648 608
650 720
652 608
654 609
656 608
658 608
660 607
662 608
664 607
666 608
668 608
670 645
672 608
674 681
676 646
678 609
680 624
682 608
684 608
686 608
688 608
690 608
692 608
694 682
696 608
698 609
700 645
702 609
704 645
706 680
708 608
710 608
712 608
714 608
716 608
718 645
720 610
722 609
724 608
726 608
728 608
730 680
732 608
734 609
736 608
738 609
740 608
742 646
744 608
746 607
748 608
750 608
752 608
754 682
756 607
758 608
760 608
762 608
764 610
766 681
768 609
770 608
772 608
774 607
776 608
778 644
780 644
782 608
784 608
786 718
788 608
790 626
792 609
794 608
796 607
798 608
800 607
802 645
804 608
806 609
808 726
810 707
812 609
814 608
816 609
818 608
820 608
822 608
824 608
826 681
828 646
830 608
832 610
834 668
836 689
838 703
840 625
842 624
844 625
846 661
848 626
850 625
852 625
854 645
856 624
858 624
860 624
862 626
864 624
866 650
868 624
870 625
872 624
874 645
876 660
878 781
880 608
882 686
884 625
886 662
888 624
890 624
892 736
894 624
896 625
898 624
900 624
902 624
904 625
906 624
908 624
910 625
912 625
914 634
916 608
918 607
920 678
922 711
924 629
926 609
928 609
930 609
932 609
934 609
936 636
938 609
940 608
942 608
944 608
946 609
948 609
950 608
952 609
954 609
956 611
958 609
960 608
962 608
964 609
966 607
968 609
970 608
972 609
974 607
976 608
978 608
980 608
982 608
984 608
986 608
988 609
990 609
992 608
994 609
996 608
998 609
1000 1144
1002 1143
1004 1143
1006 1144
1008 1142
1010 1143
1012 1142
1014 1141
1016 1142
1018 1143
1020 1144
1022 1143
1024 1178
1026 1216
1028 1146
1030 1180
1032 1142
1034 1218
1036 1142
1038 1219
1040 1143
1042 1181
1044 1142
1046 1143
1048 1141
1050 1141
1052 1142
1054 1142
1056 1178
1058 1219
1060 1141
1062 1179
1064 1142
1066 1142
1068 1141
1070 1141
1072 1141
1074 1143
1076 1146
1078 1145
1080 1233
1082 1146
1084 1145
1086 1148
1088 1198
1090 1146
1092 1144
1094 1146
1096 1145
1098 1181
1100 1180
1102 1142
1104 1142
1106 1248
1108 1142
1110 1142
1112 1144
1114 1142
1116 1142
1118 1143
1120 1142
1122 1213
1124 1142
1126 1143
1128 1180
1130 1144
1132 1218
1134 1142
1136 1143
1138 1178
1140 1141
1142 1143
1144 1143
1146 1161
1148 1140
1150 1141
1152 1142
1154 1143
1156 1143
1158 1141
1160 1141
1162 1141
1164 1141
1166 1140
1168 1143
1170 1208
1172 1141
1174 1178
1176 1178
1178 1141
1180 1178
1182 1218
1184 1141
1186 1141
1188 1199
1190 1179
1192 1142
1194 1286
1196 1184
1198 1174
1200 1423
1202 1207
1204 1207
1206 1218
1208 1206
1210 1206
1212 1244
1214 1215
1216 1206
1218 1202
1220 1173
1222 1213
1224 1172
1226 1192
1228 1173
1230 1219
1232 1141
1234 1143
1236 1178
1238 1179
1240 1180
1242 1178
1244 1173
1246 1143
1248 1142
1250 1142
1252 1146
1254 1182
1256 1143
1258 1145
1260 1144
1262 1141
1264 1142
1266 1141
1268 1179
1270 1142
1272 1143
1274 1179
1276 1142
1278 1141
1280 1141
1282 1143
1284 1141
1286 1297
1288 1143
1290 1143
1292 1144
1294 1141
1296 1336
1298 1143
1300 1211
1302 1142
1304 1187
1306 1385
1308 1244
1310 1207
1312 1209
1314 1238
1316 1207
1318 1207
1320 1240
1322 1206
1324 1205
1326 1207
1328 1204
1330 1205
1332 1207
1334 1208
1336 1205
1338 1205
1340 1206
1342 1208
1344 1231
1346 1208
1348 1208
1350 1252
1352 1220
1354 1210
1356 1205
1358 1205
1360 1216
1362 1215
1364 1213
1366 1213
1368 1212
1370 1330
1372 1341
1374 1211
1376 1213
1378 1212
1380 1213
1382 1212
1384 1212
1386 1213
1388 1214
1390 1212
1392 1213
1394 1211
1396 1241
1398 1335
1400 1332
1402 1212
1404 1212
1406 1227
1408 1244
1410 1214
1412 1218
1414 1218
1416 1222
1418 1315
1420 1526
1422 1216
1424 1225
1426 1262
1428 1219
1430 1220
1432 1258
1434 1236
1436 1493
1438 1239
1440 1333
1442 1371
1444 1597
1446 1216
1448 1217
1450 1215
1452 1215
1454 1216
1456 1440
1458 1295
1460 1214
1462 1225
1464 1245
1466 1213
1468 1214
1470 1325
1472 1226
1474 1331
1476 1253
1478 1339
1480 1215
1482 1221
1484 1225
1486 1250
1488 1301
1490 1308
1492 1215
1494 1214
1496 1214
1498 1213
1500 1212
1502 1212
1504 1216
1506 1212
1508 1214
1510 1304
1512 1317
1514 1227
1516 1213
1518 1213
1520 1300
1522 1257
1524 1294
1526 1219
1528 1215
1530 1247
1532 1276
1534 1212
1536 1220
1538 1214
1540 1214
1542 1242
1544 1261
1546 1218
1548 1220
1550 1476
1552 1216
1554 1254
1556 1243
1558 1268
1560 1247
1562 1509
1564 1217
1566 1220
1568 1215
1570 1217
1572 1214
1574 1179
1576 1218
1578 1236
1580 1638
1582 1358
1584 1219
1586 1284
1588 1257
1590 1247
1592 1345
1594 1218
1596 1221
1598 1213
1600 1213
1602 1214
1604 1228
1606 1180
1608 1182
1610 1182
1612 1179
1614 1180
1616 1151
1618 1185
1620 1190
1622 1152
1624 1189
1626 1646
1628 1361
1630 1197
1632 1207
1634 1260
1636 1215
1638 1219
1640 1464
1642 1218
1644 1214
1646 1295
1648 1264
1650 1220
1652 1395
1654 1216
1656 1227
1658 1220
1660 1241
1662 1213
1664 1206
1666 1181
1668 1184
1670 1240
1672 1220
1674 1285
1676 1242
1678 1330
1680 1265
1682 1220
1684 1219
1686 1219
1688 1217
1690 1214
1692 1257
1694 1217
1696 1219
1698 1216
1700 1217
1702 1219
1704 1223
1706 1213
1708 1216
1710 1222
1712 1216
1714 1241
1716 1281
1718 1230
1720 1216
1722 1216
1724 1216
1726 1222
1728 1249
1730 1558
1732 1217
1734 1341
1736 1233
1738 1217
1740 1215
1742 1238
1744 1218
1746 1387
1748 1241
1750 1250
1752 1217
1754 1404
1756 1216
1758 1215
1760 1215
1762 1222
1764 1214
1766 1180
1768 1182
1770 1181
1772 1181
1774 1181
1776 1181
1778 1149
1780 1149
1782 1149
1784 1185
1786 1169
1788 1150
1790 1186
1792 1221
1794 1149
1796 1168
1798 1153
1800 1318
1802 1152
1804 1188
1806 1226
1808 1151
1810 1150
1812 1188
1814 1151
1816 1149
1818 1149
1820 1149
1822 1151
1824 1151
1826 1149
1828 1187
1830 1151
1832 1151
1834 1170
1836 1149
1838 1149
1840 1195
1842 1150
1844 1186
1846 1148
1848 1151
1850 1148
1852 1149
1854 1189
1856 1148
1858 1284
1860 1150
1862 1149
1864 1181
1866 1179
1868 1178
1870 1150
1872 1149
1874 1149
1876 1148
1878 1149
1880 1149
1882 1148
1884 1185
1886 1148
1888 1170
1890 1258
1892 1147
1894 1149
1896 1148
1898 1148
1900 1149
1902 1149
1904 1151
1906 1149
1908 1149
1910 1147
1912 1147
1914 1220
1916 1185
1918 1240
1920 1148
1922 1147
1924 1184
1926 1147
1928 1183
1930 1222
1932 1146
1934 1244
1936 1146
1938 1176
1940 1179
1942 1178
1944 1200
1946 1266
1948 1149
1950 1148
1952 1230
1954 1147
1956 1147
1958 1213
1960 1146
1962 1184
1964 1146
1966 1145
1968 1146
1970 1146
1972 1224
1974 1147
1976 1146
1978 1220
1980 1146
1982 1146
1984 1146
1986 1183
1988 1146
1990 1146
1992 1260
1994 1146
1996 1146
1998 1338
2000 2235
