2 128
4 115
6 115
8 113
10 113
12 113
14 112
16 122
18 122
20 121
22 122
24 122
26 122
28 122
30 122
32 154
34 153
36 153
38 182
40 154
42 154
44 154
46 155
48 169
50 142
52 141
54 163
56 141
58 178
60 158
62 179
64 206
66 205
68 206
70 206
72 206
74 207
76 206
78 205
80 206
82 206
84 230
86 205
88 225
90 206
92 206
94 206
96 206
98 206
100 223
102 206
104 206
106 206
108 206
110 206
112 206
114 206
116 206
118 206
120 206
122 205
124 206
126 337
128 339
130 338
132 338
134 337
136 337
138 337
140 375
142 338
144 338
146 338
148 338
150 338
152 338
154 338
156 338
158 339
160 338
162 338
164 338
166 337
168 338
170 338
172 337
174 337
176 522
178 448
180 329
182 328
184 329
186 337
188 426
190 373
192 337
194 337
196 337
198 337
200 337
202 337
204 337
206 337
208 337
210 337
212 412
214 339
216 529
218 384
220 418
222 351
224 401
226 349
228 404
230 347
232 347
234 347
236 349
238 348
240 369
242 356
244 354
246 350
248 348
250 626
252 626
254 629
256 672
258 633
260 627
262 626
264 626
266 626
268 626
270 628
272 690
274 629
276 626
278 627
280 642
282 693
284 704
286 1416
288 1229
290 748
292 1174
294 1163
296 975
298 895
300 890
302 893
304 890
306 881
308 798
310 748
312 747
314 749
316 744
318 759
320 748
322 747
324 746
326 747
328 748
330 797
332 751
334 754
336 749
338 668
340 665
342 665
344 665
346 664
348 664
350 661
352 664
354 661
356 662
358 661
360 662
362 665
364 625
366 624
368 624
370 627
372 625
374 626
376 624
378 625
380 625
382 625
384 624
386 625
388 626
390 625
392 625
394 627
396 610
398 610
400 609
402 609
404 609
406 609
408 610
410 607
412 609
414 593
416 593
418 593
420 743
422 593
424 592
426 594
428 667
430 593
432 593
434 593
436 593
438 667
440 594
442 594
444 594
446 595
448 592
450 592
452 592
454 593
456 631
458 593
460 593
462 630
464 609
466 629
468 607
470 610
472 610
474 610
476 594
478 837
480 976
482 593
484 593
486 593
488 609
490 609
492 609
494 646
496 609
498 610
500 1201
502 1163
504 1161
506 1161
508 1162
510 1161
512 1199
514 1162
516 1161
518 1161
520 1131
522 1188
524 1168
526 1130
528 1131
530 1131
532 1279
534 1131
536 1210
538 1199
540 1162
542 1154
544 1170
546 1133
548 1242
550 1131
552 1131
554 1131
556 1132
558 1131
560 1205
562 1131
564 1131
566 1133
568 1130
570 1132
572 1167
574 1131
576 1205
578 1162
580 1203
582 1131
584 1167
586 1131
588 1132
590 1131
592 1130
594 1133
596 1206
598 1208
600 1131
602 1131
604 1130
606 1131
608 1167
610 1133
612 1131
614 1210
616 1165
618 1131
620 1206
622 1131
624 1131
626 1131
628 1133
630 1208
632 1169
634 1131
636 1131
638 1132
640 1131
642 1132
644 1302
646 1132
648 1133
650 1192
652 1161
654 1133
656 1131
658 1168
660 1132
662 1131
664 1132
666 1216
668 1131
670 1271
672 1133
674 1133
676 1133
678 1133
680 1131
682 1206
684 1132
686 1134
688 1195
690 1132
692 1131
694 1132
696 1131
698 1131
700 1131
702 1131
704 1132
706 1133
708 1171
710 1212
712 1132
714 1133
716 1132
718 1131
720 1131
722 1131
724 1130
726 1131
728 1168
730 1132
732 1131
734 1131
736 1131
738 1206
740 1185
742 1160
744 1160
746 1168
748 1168
750 1130
752 1168
754 1132
756 1133
758 1131
760 1131
762 1132
764 1132
766 1131
768 1132
770 1131
772 1251
774 1132
776 1132
778 1131
780 1131
782 1131
784 1132
786 1131
788 1148
790 1131
792 1205
794 1131
796 1400
798 1287
800 1161
802 1161
804 1161
806 1161
808 1157
810 1253
812 1206
814 1209
816 1215
818 1161
820 1193
822 1163
824 1163
826 1163
828 1161
830 1197
832 1180
834 1211
836 1162
838 1161
840 1160
842 1161
844 1196
846 1162
848 1181
850 1372
852 1133
854 1374
856 1167
858 1327
860 1159
862 1277
864 1160
866 1161
868 1196
870 1161
872 1161
874 1161
876 1161
878 1162
880 1161
882 1131
884 1131
886 1158
888 1163
890 1131
892 1131
894 1131
896 1131
898 1131
900 1132
902 1131
904 1130
906 1131
908 1131
910 1131
912 1133
914 1132
916 1133
918 1132
920 1131
922 1208
924 1130
926 1130
928 1132
930 1132
932 1132
934 1132
936 1131
938 1333
940 1268
942 1133
944 1132
946 1133
948 1222
950 1168
952 1131
954 1130
956 1132
958 1131
960 1170
962 1168
964 1131
966 1243
968 1131
970 1214
972 1131
974 1333
976 1297
978 1131
980 1161
982 1161
984 1161
986 1161
988 1162
990 1151
992 1446
994 1245
996 1224
998 1132
1000 2277
1002 2275
1004 2390
1006 2378
1008 2278
1010 2308
1012 2245
1014 2344
1016 2253
1018 2255
1020 2218
1022 2252
1024 2214
1026 2289
1028 2253
1030 2215
1032 2217
1034 2217
1036 2217
1038 2216
1040 2216
1042 2217
1044 2337
1046 2217
1048 2216
1050 2252
1052 2220
1054 2217
1056 2216
1058 2289
1060 2255
1062 2288
1064 2254
1066 2252
1068 2217
1070 2215
1072 2253
1074 2212
1076 2289
1078 2215
1080 2216
1082 2214
1084 2216
1086 2233
1088 2216
1090 2307
1092 2275
1094 2219
1096 2219
1098 2254
1100 2216
1102 2216
1104 2253
1106 2212
1108 2249
1110 2213
1112 2402
1114 2217
1116 2214
1118 2252
1120 2277
1122 2296
1124 2254
1126 2218
1128 2257
1130 2253
1132 2217
1134 2292
1136 2258
1138 2216
1140 2217
1142 2212
1144 2251
1146 2252
1148 2215
1150 2216
1152 2218
1154 2219
1156 2253
1158 2218
1160 2216
1162 2253
1164 2286
1166 2216
1168 2287
1170 2364
1172 2218
1174 2287
1176 2216
1178 2216
1180 2380
1182 2407
1184 2238
1186 2367
1188 2372
1190 2275
1192 2277
1194 2303
1196 2248
1198 2217
1200 2409
1202 2288
1204 2275
1206 2276
1208 2213
1210 2215
1212 2214
1214 2212
1216 2287
1218 2251
1220 2216
1222 2367
1224 2251
1226 2292
1228 2298
1230 2498
1232 2275
1234 2274
1236 2325
1238 2216
1240 2323
1242 2326
1244 2222
1246 2216
1248 2252
1250 2219
1252 2293
1254 2220
1256 2219
1258 2220
1260 2219
1262 2217
1264 2216
1266 2218
1268 2254
1270 2218
1272 2289
1274 2250
1276 2217
1278 2288
1280 2405
1282 2218
1284 2219
1286 2279
1288 2216
1290 2215
1292 2289
1294 2237
1296 2216
1298 2218
1300 2253
1302 2216
1304 2254
1306 2429
1308 2589
1310 2253
1312 2347
1314 2277
1316 2277
1318 2337
1320 2274
1322 2230
1324 2251
1326 2218
1328 2213
1330 2291
1332 2240
1334 2216
1336 2253
1338 2290
1340 2324
1342 2213
1344 2217
1346 2216
1348 2216
1350 2217
1352 2216
1354 2216
1356 2290
1358 2214
1360 2253
1362 2348
1364 2219
1366 2218
1368 2254
1370 2217
1372 2216
1374 2216
1376 2289
1378 2214
1380 2251
1382 2216
1384 2218
1386 2217
1388 2328
1390 2290
1392 2216
1394 2291
1396 2219
1398 2438
1400 2254
1402 2221
1404 2310
1406 2291
1408 2216
1410 2274
1412 2252
1414 2212
1416 2252
1418 2218
1420 2217
1422 2217
1424 2218
1426 2216
1428 2216
1430 2218
1432 2252
1434 2292
1436 2215
1438 2287
1440 2214
1442 2255
1444 2253
1446 2216
1448 2289
1450 2253
1452 2212
1454 2341
1456 2600
1458 2216
1460 2275
1462 2304
1464 2274
1466 2457
1468 2452
1470 2265
1472 2565
1474 2343
1476 2275
1478 2316
1480 2303
1482 2367
1484 2275
1486 2323
1488 2220
1490 2216
1492 2288
1494 2219
1496 2274
1498 2473
1500 2216
1502 2213
1504 2216
1506 2215
1508 2216
1510 2216
1512 2313
1514 2357
1516 2216
1518 2295
1520 2217
1522 2276
1524 2315
1526 2216
1528 2217
1530 2251
1532 2217
1534 2216
1536 2363
1538 2217
1540 2217
1542 2254
1544 2366
1546 2216
1548 2332
1550 2217
1552 2216
1554 2329
1556 2251
1558 2216
1560 2217
1562 2218
1564 2216
1566 2290
1568 2217
1570 2217
1572 2325
1574 2253
1576 2215
1578 2370
1580 2216
1582 2217
1584 2273
1586 2216
1588 2217
1590 2290
1592 2215
1594 2214
1596 2216
1598 2369
1600 2220
1602 2219
1604 2253
1606 2220
1608 2292
1610 2328
1612 2219
1614 2217
1616 2252
1618 2216
1620 2217
1622 2216
1624 2216
1626 2216
1628 2212
1630 2404
1632 2328
1634 2220
1636 2334
1638 2213
1640 2254
1642 2356
1644 2217
1646 2217
1648 2291
1650 2218
1652 2219
1654 2219
1656 2220
1658 2218
1660 2294
1662 2219
1664 2218
1666 2217
1668 2216
1670 2217
1672 2218
1674 2213
1676 2220
1678 2325
1680 2216
1682 2217
1684 2252
1686 2218
1688 2397
1690 2303
1692 2218
1694 2217
1696 2251
1698 2291
1700 2216
1702 2331
1704 2216
1706 2216
1708 2252
1710 2216
1712 2216
1714 2217
1716 2217
1718 2217
1720 2217
1722 2216
1724 2219
1726 2216
1728 2326
1730 2253
1732 2216
1734 2289
1736 2216
1738 2216
1740 2385
1742 2218
1744 2310
1746 2216
1748 2288
1750 2472
1752 2275
1754 2363
1756 2525
1758 2411
1760 2369
1762 2277
1764 2309
1766 2304
1768 2495
1770 2287
1772 2217
1774 2219
1776 2250
1778 2299
1780 2217
1782 2323
1784 2216
1786 2257
1788 2216
1790 2217
1792 2218
1794 2216
1796 2326
1798 2243
1800 2251
1802 2384
1804 2275
1806 2309
1808 2320
1810 2275
1812 2274
1814 2296
1816 2219
1818 2218
1820 2330
1822 2217
1824 2216
1826 2288
1828 2216
1830 2215
1832 2327
1834 2217
1836 2216
1838 2220
1840 2216
1842 2220
1844 2219
1846 2239
1848 2219
1850 2217
1852 2230
1854 2217
1856 2216
1858 2306
1860 2216
1862 2217
1864 2287
1866 2218
1868 2216
1870 2252
1872 2290
1874 2216
1876 2287
1878 2216
1880 2253
1882 2213
1884 2295
1886 2214
1888 2214
1890 2217
1892 2216
1894 2291
1896 3164
1898 2348
1900 2314
1902 2246
1904 2217
1906 2670
1908 2316
1910 2276
1912 2341
1914 2274
1916 2274
1918 2315
1920 2217
1922 2401
1924 2324
1926 2216
1928 2275
1930 2254
1932 2213
1934 2213
1936 2216
1938 2308
1940 2217
1942 2216
1944 2219
1946 2217
1948 2216
1950 2312
1952 2217
1954 2296
1956 2289
1958 2213
1960 2216
1962 2253
1964 2215
1966 2215
1968 2287
1970 2217
1972 2469
1974 2253
1976 2216
1978 2290
1980 2216
1982 2294
1984 2217
1986 2217
1988 2313
1990 2219
1992 2220
1994 2326
1996 2217
1998 2290
2000 4620
