2 115
4 104
6 104
8 102
10 100
12 100
14 100
16 109
18 109
20 109
22 109
24 109
26 109
28 109
30 109
32 138
34 137
36 138
38 176
40 138
42 138
44 138
46 138
48 137
50 137
52 138
54 137
56 148
58 142
60 141
62 219
64 206
66 206
68 206
70 206
72 206
74 206
76 206
78 206
80 206
82 206
84 206
86 207
88 206
90 207
92 206
94 206
96 206
98 206
100 206
102 206
104 206
106 206
108 243
110 206
112 206
114 206
116 206
118 206
120 205
122 206
124 206
126 337
128 336
130 337
132 337
134 376
136 337
138 337
140 337
142 337
144 337
146 337
148 337
150 337
152 337
154 337
156 337
158 374
160 338
162 338
164 337
166 338
168 338
170 338
172 338
174 338
176 338
178 338
180 398
182 339
184 447
186 328
188 328
190 442
192 328
194 463
196 329
198 329
200 350
202 338
204 338
206 410
208 337
210 337
212 337
214 337
216 337
218 413
220 363
222 353
224 495
226 514
228 530
230 570
232 572
234 494
236 470
238 347
240 346
242 346
244 347
246 347
248 350
250 707
252 626
254 625
256 626
258 635
260 633
262 634
264 627
266 630
268 627
270 609
272 865
274 630
276 628
278 680
280 646
282 722
284 626
286 655
288 645
290 625
292 625
294 625
296 628
298 625
300 625
302 625
304 626
306 655
308 626
310 626
312 626
314 626
316 626
318 627
320 632
322 627
324 626
326 644
328 631
330 628
332 624
334 623
336 626
338 624
340 629
342 626
344 626
346 626
348 629
350 654
352 633
354 658
356 628
358 629
360 627
362 627
364 627
366 628
368 626
370 654
372 626
374 626
376 654
378 626
380 626
382 626
384 625
386 624
388 630
390 625
392 626
394 713
396 609
398 609
400 683
402 609
404 609
406 609
408 609
410 609
412 609
414 609
416 609
418 609
420 609
422 609
424 609
426 610
428 609
430 609
432 656
434 593
436 593
438 593
440 593
442 628
444 609
446 610
448 610
450 629
452 610
454 612
456 591
458 711
460 593
462 631
464 595
466 593
468 652
470 594
472 593
474 593
476 594
478 714
480 593
482 593
484 593
486 593
488 657
490 609
492 609
494 609
496 609
498 609
500 1159
502 1171
504 1131
506 1131
508 1212
510 1131
512 1228
514 1170
516 1187
518 1131
520 1131
522 1133
524 1132
526 1168
528 1212
530 1162
532 1161
534 1174
536 1130
538 1167
540 1131
542 1207
544 1170
546 1212
548 1130
550 1167
552 1131
554 1243
556 1132
558 1131
560 1263
562 1161
564 1161
566 1133
568 1165
570 1188
572 1165
574 1131
576 1132
578 1131
580 1131
582 1129
584 1187
586 1129
588 1132
590 1131
592 1129
594 1129
596 1131
598 1162
600 1149
602 1132
604 1131
606 1148
608 1131
610 1130
612 1131
614 1131
616 1132
618 1170
620 1153
622 1159
624 1131
626 1131
628 1168
630 1131
632 1149
634 1129
636 1129
638 1129
640 1131
642 1132
644 1130
646 1131
648 1131
650 1167
652 1129
654 1128
656 1132
658 1192
660 1160
662 1130
664 1132
666 1131
668 1131
670 1131
672 1131
674 1131
676 1128
678 1131
680 1217
682 1131
684 1129
686 1132
688 1131
690 1130
692 1167
694 1131
696 1129
698 1131
700 1131
702 1129
704 1203
706 1130
708 1132
710 1285
712 1131
714 1129
716 1166
718 1132
720 1130
722 1205
724 1168
726 1130
728 1167
730 1131
732 1210
734 1212
736 1133
738 1133
740 1169
742 1130
744 1131
746 1130
748 1241
750 1130
752 1168
754 1130
756 1131
758 1131
760 1131
762 1133
764 1131
766 1131
768 1131
770 1131
772 1129
774 1129
776 1128
778 1128
780 1133
782 1128
784 1168
786 1130
788 1132
790 1131
792 1131
794 1131
796 1131
798 1131
800 1131
802 1130
804 1148
806 1132
808 1130
810 1133
812 1131
814 1129
816 1132
818 1131
820 1130
822 1131
824 1206
826 1130
828 1190
830 1164
832 1159
834 1159
836 1200
838 1162
840 1162
842 1201
844 1303
846 1199
848 1163
850 1159
852 1161
854 1160
856 1161
858 1196
860 1161
862 1162
864 1160
866 1352
868 1168
870 1208
872 1171
874 1160
876 1178
878 1161
880 1323
882 1162
884 1162
886 1158
888 1238
890 1275
892 1233
894 1266
896 1225
898 1160
900 1159
902 1161
904 1160
906 1159
908 1189
910 1163
912 1211
914 1151
916 1131
918 1131
920 1167
922 1130
924 1133
926 1130
928 1131
930 1131
932 1171
934 1204
936 1133
938 1133
940 1131
942 1132
944 1131
946 1131
948 1131
950 1243
952 1133
954 1132
956 1169
958 1131
960 1131
962 1242
964 1133
966 1229
968 1132
970 1160
972 1131
974 1168
976 1131
978 1131
980 1322
982 1129
984 1130
986 1242
988 1142
990 1132
992 1132
994 1133
996 1133
998 1205
1000 2253
1002 2332
1004 2216
1006 2219
1008 2255
1010 2216
1012 2234
1014 2216
1016 2217
1018 2291
1020 2216
1022 2283
1024 2290
1026 2216
1028 2217
1030 2326
1032 2290
1034 2217
1036 2215
1038 2216
1040 2253
1042 2217
1044 2217
1046 2217
1048 2253
1050 2254
1052 2374
1054 2216
1056 2327
1058 2217
1060 2219
1062 2254
1064 2215
1066 2216
1068 2310
1070 2219
1072 2363
1074 2218
1076 2219
1078 2218
1080 2298
1082 2233
1084 2289
1086 2216
1088 2255
1090 2219
1092 2298
1094 2254
1096 2215
1098 2214
1100 2252
1102 2218
1104 2252
1106 2489
1108 2219
1110 2216
1112 2309
1114 2217
1116 2250
1118 2216
1120 2216
1122 2217
1124 2288
1126 2218
1128 2216
1130 2216
1132 2253
1134 2365
1136 2212
1138 2409
1140 2250
1142 2253
1144 2250
1146 2219
1148 2251
1150 2326
1152 2291
1154 2217
1156 2265
1158 2271
1160 2271
1162 2231
1164 2297
1166 2252
1168 2291
1170 2308
1172 2215
1174 2216
1176 2324
1178 2215
1180 2297
1182 2251
1184 2215
1186 2217
1188 2253
1190 2325
1192 2216
1194 2217
1196 2255
1198 2216
1200 2216
1202 2213
1204 2216
1206 2217
1208 2212
1210 2287
1212 2216
1214 2216
1216 2217
1218 2217
1220 2254
1222 2218
1224 2220
1226 2306
1228 2217
1230 2455
1232 2417
1234 2275
1236 2324
1238 2399
1240 2465
1242 2373
1244 2275
1246 2272
1248 2245
1250 2434
1252 2220
1254 2252
1256 2255
1258 2216
1260 2252
1262 2214
1264 2328
1266 2217
1268 2409
1270 2290
1272 2217
1274 2275
1276 2251
1278 2371
1280 2246
1282 2248
1284 2219
1286 2329
1288 2250
1290 2383
1292 2217
1294 2254
1296 2263
1298 2216
1300 2252
1302 2254
1304 2289
1306 2256
1308 2216
1310 2217
1312 2287
1314 2218
1316 2217
1318 2328
1320 2217
1322 2216
1324 2216
1326 2292
1328 2216
1330 2326
1332 2253
1334 2216
1336 2219
1338 2290
1340 2251
1342 2217
1344 2529
1346 2274
1348 2274
1350 2316
1352 2271
1354 2271
1356 2335
1358 2215
1360 2216
1362 2252
1364 2215
1366 2214
1368 2217
1370 2218
1372 2252
1374 2216
1376 2220
1378 2216
1380 2216
1382 2294
1384 2214
1386 2214
1388 2254
1390 2217
1392 2216
1394 2293
1396 2213
1398 2289
1400 2254
1402 2213
1404 2217
1406 2214
1408 2324
1410 2589
1412 2254
1414 2277
1416 2304
1418 2274
1420 2218
1422 2369
1424 2252
1426 2253
1428 2220
1430 2219
1432 2337
1434 2296
1436 2216
1438 2252
1440 2217
1442 2311
1444 2416
1446 2217
1448 2220
1450 2523
1452 2216
1454 2498
1456 2295
1458 2219
1460 2272
1462 2275
1464 2284
1466 2217
1468 2292
1470 2331
1472 2216
1474 2311
1476 2216
1478 2216
1480 2217
1482 2215
1484 2237
1486 2218
1488 2311
1490 2219
1492 2214
1494 2256
1496 2218
1498 2219
1500 2255
1502 2294
1504 2218
1506 2275
1508 2511
1510 2366
1512 2354
1514 2275
1516 2378
1518 2551
1520 2275
1522 2328
1524 2337
1526 2476
1528 2348
1530 2321
1532 2277
1534 2304
1536 2351
1538 2216
1540 2218
1542 2253
1544 2217
1546 2217
1548 2289
1550 2291
1552 2219
1554 2219
1556 2216
1558 2216
1560 2375
1562 2254
1564 2343
1566 2213
1568 2298
1570 2221
1572 2219
1574 2250
1576 2305
1578 2215
1580 2216
1582 2217
1584 2217
1586 2290
1588 2217
1590 2292
1592 2218
1594 2253
1596 2254
1598 2219
1600 2287
1602 2217
1604 2255
1606 2289
1608 2217
1610 2255
1612 2254
1614 2217
1616 2215
1618 2291
1620 2216
1622 2291
1624 2359
1626 2216
1628 2216
1630 2218
1632 2329
1634 2251
1636 2301
1638 2287
1640 2216
1642 2214
1644 2325
1646 2254
1648 2216
1650 2252
1652 2219
1654 2291
1656 2216
1658 2216
1660 2216
1662 2216
1664 2293
1666 2217
1668 2217
1670 2297
1672 2256
1674 2216
1676 2253
1678 2287
1680 2219
1682 2293
1684 2217
1686 2291
1688 2216
1690 2218
1692 2219
1694 2298
1696 2216
1698 2216
1700 2216
1702 2287
1704 2254
1706 2219
1708 2216
1710 2216
1712 2252
1714 2254
1716 2218
1718 2218
1720 2254
1722 2297
1724 2216
1726 2252
1728 2254
1730 2252
1732 2216
1734 2217
1736 2470
1738 2295
1740 2553
1742 2278
1744 2314
1746 2338
1748 2215
1750 2217
1752 2216
1754 2213
1756 2255
1758 2256
1760 2219
1762 2219
1764 2480
1766 2376
1768 2278
1770 2389
1772 2276
1774 2275
1776 2311
1778 2279
1780 2213
1782 2254
1784 2275
1786 2213
1788 2252
1790 2217
1792 2217
1794 2216
1796 2216
1798 2250
1800 2215
1802 2236
1804 2216
1806 2320
1808 2439
1810 2309
1812 2278
1814 2288
1816 2217
1818 2216
1820 2275
1822 2277
1824 2382
1826 2257
1828 2328
1830 2216
1832 2253
1834 2216
1836 2213
1838 2330
1840 2214
1842 2328
1844 2252
1846 2216
1848 2231
1850 2217
1852 2212
1854 2450
1856 2216
1858 2217
1860 2217
1862 2325
1864 2250
1866 2300
1868 2290
1870 2288
1872 2217
1874 2217
1876 2253
1878 2217
1880 2290
1882 2276
1884 2215
1886 2256
1888 2957
1890 2274
1892 2309
1894 2419
1896 2217
1898 2217
1900 2289
1902 2219
1904 2213
1906 2241
1908 2292
1910 2216
1912 2346
1914 2217
1916 2252
1918 2217
1920 2215
1922 2215
1924 2216
1926 2289
1928 2220
1930 2219
1932 2275
1934 2215
1936 2215
1938 2329
1940 2216
1942 2218
1944 2217
1946 2217
1948 2214
1950 2213
1952 2365
1954 2213
1956 2215
1958 2253
1960 2216
1962 2232
1964 2368
1966 2217
1968 2216
1970 2363
1972 2216
1974 2215
1976 2216
1978 2291
1980 2216
1982 2216
1984 2217
1986 2214
1988 2213
1990 2288
1992 2216
1994 2217
1996 2252
1998 2391
2000 4422
