2 238
4 219
6 217
8 206
10 204
12 203
14 203
16 196
18 195
20 194
22 192
24 192
26 192
28 191
30 190
32 171
34 171
36 169
38 168
40 169
42 169
44 168
46 197
48 178
50 174
52 174
54 174
56 173
58 173
60 172
62 182
64 193
66 191
68 190
70 190
72 189
74 225
76 190
78 229
80 189
82 188
84 189
86 210
88 193
90 189
92 188
94 189
96 188
98 188
100 189
102 189
104 241
106 184
108 184
110 233
112 185
114 185
116 184
118 184
120 184
122 184
124 184
126 235
128 275
130 235
132 234
134 234
136 234
138 290
140 240
142 239
144 240
146 240
148 241
150 240
152 240
154 255
156 240
158 242
160 240
162 240
164 239
166 240
168 260
170 240
172 240
174 241
176 240
178 240
180 262
182 240
184 241
186 274
188 241
190 240
192 240
194 240
196 240
198 240
200 240
202 240
204 345
206 277
208 241
210 240
212 240
214 240
216 240
218 274
220 239
222 238
224 236
226 236
228 236
230 280
232 235
234 236
236 235
238 235
240 235
242 298
244 244
246 258
248 292
250 462
252 381
254 368
256 367
258 408
260 365
262 365
264 367
266 365
268 365
270 364
272 375
274 374
276 378
278 378
280 382
282 382
284 380
286 376
288 378
290 394
292 376
294 375
296 375
298 401
300 376
302 375
304 376
306 375
308 374
310 374
312 376
314 386
316 380
318 377
320 377
322 376
324 376
326 377
328 374
330 375
332 374
334 375
336 379
338 376
340 375
342 375
344 375
346 376
348 385
350 378
352 376
354 378
356 375
358 374
360 375
362 378
364 403
366 375
368 375
370 375
372 374
374 375
376 366
378 365
380 365
382 365
384 365
386 364
388 364
390 365
392 364
394 365
396 364
398 365
400 365
402 405
404 364
406 365
408 365
410 364
412 364
414 356
416 355
418 355
420 355
422 355
424 356
426 355
428 356
430 355
432 355
434 356
436 355
438 427
440 357
442 355
444 355
446 394
448 355
450 355
452 355
454 355
456 408
458 358
460 355
462 355
464 364
466 365
468 365
470 365
472 355
474 356
476 355
478 356
480 355
482 355
484 463
486 355
488 355
490 354
492 355
494 355
496 355
498 355
500 606
502 672
504 622
506 622
508 606
510 606
512 606
514 643
516 652
518 659
520 629
522 606
524 607
526 608
528 623
530 698
532 622
534 622
536 621
538 607
540 607
542 606
544 607
546 787
548 607
550 605
552 622
554 622
556 606
558 605
560 605
562 605
564 606
566 606
568 606
570 642
572 622
574 642
576 605
578 605
580 605
582 605
584 626
586 606
588 606
590 683
592 605
594 607
596 606
598 621
600 606
602 605
604 605
606 605
608 605
610 606
612 644
614 606
616 605
618 642
620 605
622 605
624 606
626 677
628 606
630 605
632 605
634 606
636 665
638 605
640 606
642 606
644 714
646 605
648 605
650 685
652 693
654 672
656 624
658 621
660 656
662 622
664 622
666 663
668 610
670 607
672 609
674 642
676 607
678 606
680 606
682 764
684 606
686 642
688 607
690 623
692 694
694 622
696 621
698 622
700 606
702 605
704 605
706 605
708 606
710 605
712 606
714 606
716 606
718 607
720 605
722 606
724 605
726 606
728 606
730 608
732 606
734 606
736 643
738 606
740 605
742 605
744 621
746 605
748 606
750 605
752 607
754 643
756 606
758 606
760 606
762 606
764 607
766 606
768 606
770 605
772 605
774 713
776 606
778 606
780 606
782 605
784 606
786 678
788 606
790 606
792 605
794 605
796 607
798 681
800 605
802 606
804 606
806 605
808 606
810 642
812 606
814 605
816 606
818 607
820 633
822 690
824 621
826 621
828 621
830 621
832 606
834 642
836 605
838 605
840 606
842 607
844 676
846 606
848 606
850 607
852 749
854 621
856 621
858 622
860 621
862 621
864 679
866 606
868 606
870 606
872 700
874 607
876 606
878 606
880 606
882 605
884 605
886 605
888 605
890 605
892 605
894 607
896 606
898 605
900 643
902 606
904 606
906 606
908 606
910 626
912 606
914 606
916 675
918 638
920 622
922 621
924 659
926 622
928 638
930 622
932 622
934 622
936 623
938 622
940 622
942 622
944 622
946 621
948 623
950 622
952 622
954 755
956 605
958 605
960 606
962 606
964 707
966 607
968 607
970 606
972 622
974 622
976 622
978 661
980 622
982 622
984 622
986 622
988 624
990 622
992 621
994 607
996 605
998 695
1000 1167
1002 1167
1004 1166
1006 1167
1008 1263
1010 1165
1012 1167
1014 1167
1016 1166
1018 1167
1020 1166
1022 1166
1024 1165
1026 1164
1028 1165
1030 1235
1032 1166
1034 1165
1036 1243
1038 1165
1040 1165
1042 1165
1044 1164
1046 1236
1048 1281
1050 1164
1052 1164
1054 1165
1056 1164
1058 1164
1060 1245
1062 1164
1064 1164
1066 1316
1068 1164
1070 1164
1072 1164
1074 1165
1076 1164
1078 1201
1080 1203
1082 1203
1084 1166
1086 1312
1088 1166
1090 1165
1092 1166
1094 1165
1096 1164
1098 1275
1100 1165
1102 1331
1104 1389
1106 1200
1108 1232
1110 1197
1112 1197
1114 1229
1116 1198
1118 1197
1120 1214
1122 1171
1124 1208
1126 1167
1128 1166
1130 1165
1132 1168
1134 1238
1136 1276
1138 1165
1140 1274
1142 1167
1144 1164
1146 1165
1148 1166
1150 1224
1152 1164
1154 1185
1156 1167
1158 1166
1160 1166
1162 1166
1164 1251
1166 1165
1168 1165
1170 1165
1172 1201
1174 1201
1176 1244
1178 1275
1180 1165
1182 1166
1184 1202
1186 1166
1188 1257
1190 1297
1192 1165
1194 1205
1196 1167
1198 1168
1200 1167
1202 1167
1204 1166
1206 1166
1208 1167
1210 1245
1212 1165
1214 1164
1216 1166
1218 1235
1220 1165
1222 1201
1224 1143
1226 1141
1228 1177
1230 1285
1232 1172
1234 1211
1236 1170
1238 1170
1240 1171
1242 1169
1244 1169
1246 1167
1248 1139
1250 1140
1252 1139
1254 1139
1256 1139
1258 1139
1260 1175
1262 1139
1264 1138
1266 1245
1268 1139
1270 1139
1272 1215
1274 1140
1276 1140
1278 1252
1280 1141
1282 1138
1284 1219
1286 1140
1288 1139
1290 1138
1292 1140
1294 1176
1296 1137
1298 1138
1300 1139
1302 1138
1304 1145
1306 1143
1308 1142
1310 1142
1312 1141
1314 1140
1316 1176
1318 1246
1320 1139
1322 1212
1324 1139
1326 1138
1328 1139
1330 1139
1332 1216
1334 1138
1336 1175
1338 1140
1340 1138
1342 1140
1344 1216
1346 1138
1348 1139
1350 1139
1352 1176
1354 1140
1356 1140
1358 1140
1360 1275
1362 1203
1364 1173
1366 1304
1368 1169
1370 1171
1372 1169
1374 1170
1376 1171
1378 1182
1380 1249
1382 1197
1384 1177
1386 1212
1388 1139
1390 1252
1392 1302
1394 1235
1396 1174
1398 1174
1400 1175
1402 1172
1404 1170
1406 1213
1408 1169
1410 1170
1412 1154
1414 1175
1416 1139
1418 1138
1420 1139
1422 1140
1424 1138
1426 1139
1428 1213
1430 1139
1432 1138
1434 1139
1436 1162
1438 1139
1440 1157
1442 1140
1444 1139
1446 1213
1448 1145
1450 1143
1452 1380
1454 1143
1456 1143
1458 1211
1460 1177
1462 1140
1464 1141
1466 1139
1468 1139
1470 1140
1472 1140
1474 1140
1476 1140
1478 1138
1480 1139
1482 1138
1484 1252
1486 1140
1488 1140
1490 1220
1492 1139
1494 1177
1496 1139
1498 1180
1500 1139
1502 1139
1504 1139
1506 1328
1508 1139
1510 1170
1512 1169
1514 1169
1516 1140
1518 1139
1520 1139
1522 1213
1524 1138
1526 1212
1528 1176
1530 1283
1532 1138
1534 1139
1536 1140
1538 1140
1540 1140
1542 1138
1544 1139
1546 1139
1548 1138
1550 1138
1552 1218
1554 1140
1556 1184
1558 1170
1560 1170
1562 1245
1564 1140
1566 1140
1568 1141
1570 1138
1572 1138
1574 1139
1576 1140
1578 1214
1580 1139
1582 1139
1584 1175
1586 1138
1588 1138
1590 1139
1592 1138
1594 1138
1596 1138
1598 1139
1600 1138
1602 1139
1604 1214
1606 1139
1608 1139
1610 1154
1612 1138
1614 1137
1616 1249
1618 1161
1620 1140
1622 1178
1624 1138
1626 1140
1628 1139
1630 1138
1632 1138
1634 1138
1636 1138
1638 1233
1640 1139
1642 1222
1644 1138
1646 1138
1648 1155
1650 1139
1652 1138
1654 1249
1656 1159
1658 1140
1660 1140
1662 1175
1664 1140
1666 1140
1668 1138
1670 1138
1672 1219
1674 1138
1676 1199
1678 1140
1680 1434
1682 1374
1684 1235
1686 1172
1688 1171
1690 1201
1692 1282
1694 1173
1696 1173
1698 1173
1700 1141
1702 1180
1704 1139
1706 1139
1708 1140
1710 1140
1712 1140
1714 1140
1716 1175
1718 1139
1720 1139
1722 1202
1724 1177
1726 1140
1728 1175
1730 1139
1732 1211
1734 1216
1736 1139
1738 1139
1740 1140
1742 1138
1744 1177
1746 1214
1748 1176
1750 1141
1752 1177
1754 1138
1756 1255
1758 1138
1760 1138
1762 1139
1764 1138
1766 1237
1768 1257
1770 1287
1772 1143
1774 1141
1776 1179
1778 1177
1780 1177
1782 1145
1784 1181
1786 1140
1788 1140
1790 1140
1792 1140
1794 1137
1796 1139
1798 1161
1800 1162
1802 1279
1804 1190
1806 1190
1808 1191
1810 1161
1812 1158
1814 1157
1816 1232
1818 1195
1820 1158
1822 1230
1824 1159
1826 1157
1828 1230
1830 1156
1832 1156
1834 1156
1836 1232
1838 1157
1840 1158
1842 1156
1844 1157
1846 1157
1848 1158
1850 1158
1852 1159
1854 1159
1856 1237
1858 1159
1860 1190
1862 1191
1864 1188
1866 1159
1868 1157
1870 1157
1872 1156
1874 1193
1876 1195
1878 1157
1880 1157
1882 1158
1884 1193
1886 1156
1888 1229
1890 1270
1892 1157
1894 1157
1896 1197
1898 1193
1900 1203
1902 1159
1904 1157
1906 1231
1908 1159
1910 1157
1912 1157
1914 1157
1916 1157
1918 1323
1920 1157
1922 1157
1924 1176
1926 1156
1928 1158
1930 1195
1932 1231
1934 1195
1936 1158
1938 1157
1940 1156
1942 1157
1944 1157
1946 1158
1948 1160
1950 1158
1952 1158
1954 1994
1956 1161
1958 1190
1960 1218
1962 1189
1964 1189
1966 1188
1968 1409
1970 1298
1972 1161
1974 1161
1976 1203
1978 1161
1980 1208
1982 1189
1984 1238
1986 1158
1988 1161
1990 1160
1992 1161
1994 1160
1996 1158
1998 1158
2000 2279
