2 217
4 199
6 196
8 184
10 183
12 183
14 182
16 175
18 173
20 172
22 171
24 170
26 172
28 172
30 173
32 175
34 173
36 170
38 169
40 170
42 168
44 168
46 168
48 170
50 171
52 171
54 248
56 190
58 194
60 183
62 222
64 203
66 202
68 206
70 199
72 191
74 189
76 189
78 190
80 189
82 189
84 189
86 189
88 189
90 188
92 224
94 241
96 194
98 193
100 191
102 190
104 189
106 189
108 189
110 218
112 189
114 190
116 189
118 189
120 189
122 188
124 188
126 242
128 242
130 241
132 243
134 241
136 241
138 240
140 241
142 270
144 240
146 279
148 240
150 240
152 241
154 241
156 241
158 240
160 240
162 241
164 241
166 240
168 277
170 240
172 240
174 241
176 241
178 240
180 241
182 259
184 241
186 315
188 252
190 234
192 236
194 234
196 234
198 234
200 382
202 234
204 234
206 331
208 234
210 234
212 241
214 240
216 241
218 240
220 240
222 260
224 242
226 304
228 243
230 243
232 278
234 241
236 241
238 241
240 240
242 241
244 240
246 241
248 241
250 363
252 406
254 362
256 362
258 362
260 362
262 422
264 375
266 376
268 375
270 407
272 374
274 384
276 365
278 507
280 374
282 372
284 373
286 373
288 372
290 403
292 373
294 402
296 373
298 372
300 372
302 372
304 373
306 371
308 373
310 372
312 372
314 398
316 376
318 375
320 376
322 373
324 372
326 372
328 372
330 374
332 372
334 372
336 405
338 374
340 374
342 373
344 372
346 373
348 372
350 372
352 371
354 372
356 371
358 372
360 372
362 372
364 372
366 372
368 372
370 371
372 376
374 363
376 363
378 408
380 401
382 362
384 363
386 362
388 362
390 362
392 370
394 353
396 353
398 352
400 352
402 395
404 362
406 362
408 362
410 364
412 362
414 362
416 353
418 353
420 464
422 352
424 353
426 353
428 353
430 353
432 353
434 353
436 353
438 353
440 352
442 352
444 353
446 353
448 353
450 353
452 390
454 353
456 352
458 353
460 352
462 353
464 352
466 352
468 500
470 417
472 363
474 363
476 362
478 362
480 363
482 371
484 389
486 353
488 352
490 353
492 353
494 352
496 353
498 353
500 607
502 606
504 609
506 608
508 607
510 607
512 607
514 609
516 607
518 606
520 607
522 607
524 606
526 622
528 622
530 623
532 630
534 606
536 608
538 606
540 606
542 607
544 606
546 607
548 606
550 607
552 606
554 607
556 606
558 688
560 608
562 608
564 677
566 623
568 644
570 622
572 607
574 606
576 607
578 683
580 607
582 607
584 607
586 606
588 605
590 606
592 606
594 686
596 607
598 608
600 606
602 607
604 606
606 622
608 621
610 658
612 628
614 607
616 606
618 720
620 606
622 625
624 606
626 606
628 607
630 607
632 607
634 606
636 606
638 606
640 683
642 607
644 607
646 622
648 622
650 650
652 606
654 606
656 680
658 606
660 606
662 606
664 605
666 606
668 606
670 606
672 606
674 606
676 606
678 664
680 605
682 690
684 624
686 607
688 607
690 606
692 606
694 607
696 606
698 607
700 607
702 607
704 645
706 608
708 679
710 606
712 623
714 623
716 624
718 622
720 622
722 621
724 606
726 606
728 606
730 606
732 606
734 606
736 606
738 754
740 757
742 608
744 708
746 623
748 625
750 622
752 622
754 622
756 623
758 622
760 665
762 625
764 636
766 608
768 607
770 607
772 606
774 606
776 607
778 607
780 607
782 608
784 606
786 607
788 606
790 605
792 606
794 606
796 681
798 606
800 694
802 606
804 608
806 606
808 606
810 607
812 643
814 606
816 679
818 622
820 606
822 606
824 643
826 714
828 606
830 606
832 606
834 606
836 607
838 622
840 623
842 624
844 623
846 623
848 623
850 642
852 623
854 623
856 661
858 624
860 622
862 650
864 622
866 622
868 622
870 660
872 622
874 786
876 608
878 608
880 607
882 607
884 625
886 625
888 682
890 622
892 622
894 629
896 606
898 606
900 606
902 607
904 607
906 607
908 606
910 606
912 607
914 644
916 607
918 607
920 607
922 606
924 606
926 609
928 609
930 607
932 606
934 606
936 606
938 606
940 607
942 607
944 606
946 606
948 606
950 607
952 606
954 606
956 606
958 606
960 606
962 606
964 606
966 606
968 624
970 605
972 607
974 606
976 606
978 606
980 607
982 606
984 606
986 606
988 606
990 607
992 607
994 608
996 606
998 606
1000 1162
1002 1127
1004 1126
1006 1125
1008 1125
1010 1124
1012 1123
1014 1123
1016 1201
1018 1124
1020 1199
1022 1124
1024 1124
1026 1122
1028 1122
1030 1122
1032 1159
1034 1123
1036 1123
1038 1196
1040 1124
1042 1124
1044 1124
1046 1123
1048 1197
1050 1124
1052 1122
1054 1124
1056 1123
1058 1122
1060 1278
1062 1122
1064 1197
1066 1124
1068 1123
1070 1159
1072 1168
1074 1122
1076 1122
1078 1123
1080 1123
1082 1123
1084 1123
1086 1217
1088 1176
1090 1124
1092 1124
1094 1124
1096 1158
1098 1120
1100 1242
1102 1217
1104 1120
1106 1119
1108 1164
1110 1118
1112 1120
1114 1232
1116 1118
1118 1118
1120 1232
1122 1345
1124 1180
1126 1204
1128 1187
1130 1196
1132 1184
1134 1212
1136 1192
1138 1184
1140 1182
1142 1181
1144 1180
1146 1180
1148 1182
1150 1310
1152 1184
1154 1185
1156 1181
1158 1220
1160 1250
1162 1252
1164 1251
1166 1336
1168 1210
1170 1183
1172 1180
1174 1180
1176 1179
1178 1196
1180 1179
1182 1179
1184 1182
1186 1179
1188 1183
1190 1180
1192 1179
1194 1202
1196 1241
1198 1179
1200 1180
1202 1179
1204 1179
1206 1182
1208 1178
1210 1200
1212 1184
1214 1182
1216 1197
1218 1308
1220 1314
1222 1274
1224 1305
1226 1296
1228 1271
1230 1238
1232 1223
1234 1224
1236 1210
1238 1234
1240 1184
1242 1184
1244 1183
1246 1180
1248 1180
1250 1192
1252 1182
1254 1180
1256 1180
1258 1180
1260 1178
1262 1178
1264 1179
1266 1178
1268 1178
1270 1178
1272 1178
1274 1178
1276 1178
1278 1179
1280 1178
1282 1178
1284 1178
1286 1178
1288 1178
1290 1178
1292 1178
1294 1178
1296 1177
1298 1179
1300 1179
1302 1179
1304 1179
1306 1191
1308 1178
1310 1181
1312 1180
1314 1180
1316 1183
1318 1178
1320 1178
1322 1180
1324 1179
1326 1178
1328 1178
1330 1177
1332 1177
1334 1179
1336 1178
1338 1179
1340 1188
1342 1179
1344 1179
1346 1179
1348 1279
1350 1202
1352 1183
1354 1179
1356 1280
1358 1334
1360 1288
1362 1263
1364 1312
1366 1311
1368 1307
1370 1275
1372 1281
1374 1319
1376 1282
1378 1273
1380 1282
1382 1280
1384 1299
1386 1289
1388 1292
1390 1291
1392 1277
1394 1291
1396 1281
1398 1181
1400 1180
1402 1180
1404 1179
1406 1180
1408 1182
1410 1196
1412 1179
1414 1179
1416 1179
1418 1252
1420 1396
1422 1496
1424 1239
1426 1180
1428 1181
1430 1283
1432 1220
1434 1183
1436 1180
1438 1181
1440 1344
1442 1217
1444 1223
1446 1219
1448 1182
1450 1238
1452 1181
1454 1179
1456 1179
1458 1179
1460 1275
1462 1368
1464 1349
1466 1221
1468 1244
1470 1232
1472 1217
1474 1189
1476 1198
1478 1193
1480 1275
1482 1182
1484 1182
1486 1180
1488 1180
1490 1180
1492 1179
1494 1179
1496 1178
1498 1179
1500 1178
1502 1182
1504 1178
1506 1178
1508 1179
1510 1179
1512 1178
1514 1178
1516 1179
1518 1180
1520 1179
1522 1179
1524 1179
1526 1179
1528 1180
1530 1181
1532 1179
1534 1179
1536 1179
1538 1179
1540 1179
1542 1179
1544 1179
1546 1188
1548 1183
1550 1181
1552 1179
1554 1186
1556 1179
1558 1178
1560 1190
1562 1178
1564 1178
1566 1179
1568 1178
1570 1179
1572 1180
1574 1178
1576 1192
1578 1181
1580 1180
1582 1184
1584 1179
1586 1183
1588 1179
1590 1190
1592 1198
1594 1203
1596 1192
1598 1181
1600 1184
1602 1182
1604 1180
1606 1180
1608 1179
1610 1179
1612 1190
1614 1181
1616 1180
1618 1180
1620 1178
1622 1179
1624 1179
1626 1180
1628 1182
1630 1179
1632 1178
1634 1178
1636 1179
1638 1179
1640 1181
1642 1183
1644 1178
1646 1197
1648 1272
1650 1203
1652 1227
1654 1199
1656 1198
1658 1203
1660 1228
1662 1201
1664 1198
1666 1198
1668 1197
1670 1197
1672 1165
1674 1165
1676 1164
1678 1136
1680 1137
1682 1137
1684 1135
1686 1136
1688 1137
1690 1172
1692 1135
1694 1135
1696 1245
1698 1172
1700 1286
1702 1168
1704 1168
1706 1136
1708 1213
1710 1156
1712 1206
1714 1169
1716 1163
1718 1139
1720 1282
1722 1136
1724 1136
1726 1172
1728 1135
1730 1136
1732 1135
1734 1137
1736 1137
1738 1172
1740 1135
1742 1135
1744 1135
1746 1136
1748 1165
1750 1135
1752 1173
1754 1135
1756 1135
1758 1285
1760 1136
1762 1136
1764 1281
1766 1136
1768 1137
1770 1173
1772 1135
1774 1134
1776 1135
1778 1134
1780 1136
1782 1135
1784 1135
1786 1134
1788 1135
1790 1135
1792 1134
1794 1134
1796 1210
1798 1134
1800 1135
1802 1173
1804 1138
1806 1137
1808 1135
1810 1135
1812 1171
1814 1134
1816 1136
1818 1208
1820 1135
1822 1135
1824 1134
1826 1134
1828 1207
1830 1134
1832 1134
1834 1246
1836 1172
1838 1135
1840 1172
1842 1134
1844 1135
1846 1134
1848 1135
1850 1135
1852 1135
1854 1136
1856 1171
1858 1135
1860 1135
1862 1136
1864 1135
1866 1172
1868 1136
1870 1134
1872 1134
1874 1135
1876 1366
1878 1218
1880 1169
1882 1167
1884 1287
1886 1167
1888 1166
1890 1205
1892 1166
1894 1165
1896 1207
1898 1165
1900 1165
1902 1137
1904 1135
1906 1317
1908 1136
1910 1155
1912 1135
1914 1137
1916 1137
1918 1209
1920 1134
1922 1171
1924 1135
1926 1135
1928 2750
1930 1169
1932 1139
1934 1213
1936 1136
1938 1136
1940 1166
1942 1165
1944 1165
1946 1135
1948 1134
1950 1135
1952 1137
1954 1134
1956 1135
1958 1274
1960 1138
1962 1138
1964 1137
1966 1137
1968 1175
1970 1137
1972 1135
1974 1175
1976 1135
1978 1135
1980 1134
1982 1134
1984 1135
1986 1135
1988 1258
1990 1136
1992 1204
1994 1190
1996 1170
1998 1235
2000 2336
