2 115
4 104
6 104
8 101
10 100
12 103
14 100
16 110
18 109
20 109
22 109
24 109
26 109
28 109
30 109
32 137
34 138
36 138
38 137
40 138
42 138
44 137
46 138
48 137
50 138
52 138
54 138
56 161
58 142
60 141
62 174
64 206
66 206
68 231
70 206
72 206
74 206
76 206
78 206
80 206
82 206
84 206
86 206
88 206
90 206
92 206
94 205
96 260
98 207
100 206
102 206
104 206
106 206
108 206
110 206
112 206
114 206
116 206
118 205
120 206
122 206
124 205
126 337
128 337
130 338
132 337
134 339
136 337
138 338
140 337
142 337
144 337
146 337
148 337
150 337
152 337
154 337
156 337
158 337
160 337
162 337
164 375
166 355
168 337
170 338
172 337
174 337
176 337
178 337
180 337
182 376
184 368
186 328
188 329
190 328
192 328
194 330
196 482
198 328
200 328
202 329
204 329
206 328
208 534
210 338
212 338
214 338
216 338
218 338
220 417
222 364
224 455
226 481
228 514
230 508
232 512
234 464
236 348
238 355
240 346
242 347
244 347
246 348
248 383
250 633
252 629
254 627
256 626
258 626
260 628
262 689
264 632
266 610
268 669
270 609
272 609
274 636
276 635
278 638
280 626
282 627
284 631
286 626
288 625
290 625
292 626
294 650
296 631
298 625
300 626
302 626
304 630
306 627
308 626
310 664
312 941
314 1456
316 1366
318 1157
320 1157
322 1164
324 969
326 895
328 894
330 891
332 888
334 885
336 821
338 754
340 807
342 749
344 755
346 750
348 753
350 701
352 664
354 662
356 663
358 661
360 689
362 661
364 661
366 661
368 665
370 662
372 662
374 663
376 625
378 626
380 624
382 608
384 608
386 646
388 610
390 609
392 610
394 609
396 609
398 609
400 608
402 609
404 609
406 609
408 609
410 656
412 609
414 607
416 609
418 609
420 667
422 622
424 593
426 594
428 592
430 594
432 593
434 593
436 593
438 593
440 719
442 660
444 607
446 607
448 609
450 609
452 609
454 609
456 696
458 645
460 609
462 610
464 608
466 608
468 647
470 608
472 645
474 609
476 593
478 593
480 593
482 593
484 593
486 593
488 593
490 772
492 667
494 661
496 609
498 609
500 1161
502 1161
504 1254
506 1210
508 1216
510 1161
512 1233
514 1164
516 1161
518 1158
520 1132
522 1132
524 1384
526 1168
528 1130
530 1131
532 1131
534 1132
536 1229
538 1167
540 1129
542 1174
544 1161
546 1161
548 1154
550 1129
552 1131
554 1131
556 1131
558 1129
560 1131
562 1131
564 1151
566 1207
568 1162
570 1170
572 1168
574 1131
576 1131
578 1131
580 1342
582 1161
584 1161
586 1161
588 1162
590 1163
592 1169
594 1131
596 1131
598 1151
600 1161
602 1184
604 1132
606 1132
608 1131
610 1210
612 1132
614 1206
616 1169
618 1131
620 1223
622 1133
624 1133
626 1242
628 1131
630 1129
632 1208
634 1158
636 1131
638 1131
640 1130
642 1189
644 1134
646 1191
648 1133
650 1129
652 1133
654 1281
656 1131
658 1132
660 1194
662 1131
664 1133
666 1242
668 1132
670 1131
672 1131
674 1130
676 1129
678 1242
680 1129
682 1130
684 1130
686 1132
688 1129
690 1169
692 1131
694 1204
696 1131
698 1130
700 1131
702 1241
704 1130
706 1252
708 1131
710 1131
712 1131
714 1204
716 1133
718 1133
720 1204
722 1131
724 1153
726 1241
728 1131
730 1131
732 1129
734 1131
736 1128
738 1191
740 1131
742 1132
744 1423
746 1282
748 1203
750 1161
752 1162
754 1163
756 1161
758 1325
760 1161
762 1161
764 1161
766 1161
768 1195
770 1162
772 1191
774 1160
776 1205
778 1244
780 1132
782 1168
784 1148
786 1170
788 1134
790 1133
792 1133
794 1131
796 1131
798 1131
800 1133
802 1248
804 1133
806 1131
808 1131
810 1131
812 1170
814 1131
816 1164
818 1200
820 1162
822 1162
824 1162
826 1197
828 1181
830 1163
832 1163
834 1188
836 1193
838 1198
840 1201
842 1162
844 1161
846 1161
848 1161
850 1161
852 1197
854 1398
856 1133
858 1337
860 1133
862 1206
864 1160
866 1163
868 1201
870 1160
872 1211
874 1163
876 1164
878 1163
880 1162
882 1162
884 1165
886 1162
888 1163
890 1239
892 1160
894 1235
896 1131
898 1169
900 1131
902 1131
904 1132
906 1131
908 1132
910 1166
912 1221
914 1132
916 1173
918 1169
920 1133
922 1147
924 1169
926 1202
928 1131
930 1131
932 1209
934 1131
936 1130
938 1131
940 1185
942 1132
944 1202
946 1133
948 1132
950 1133
952 1132
954 1167
956 1131
958 1131
960 1131
962 1132
964 1133
966 1131
968 1132
970 1131
972 1405
974 1176
976 1131
978 1131
980 1131
982 1133
984 1164
986 1161
988 1161
990 1160
992 1231
994 1161
996 1163
998 1161
1000 2275
1002 2309
1004 2274
1006 2274
1008 2350
1010 2291
1012 2305
1014 2291
1016 2293
1018 2411
1020 2477
1022 2313
1024 2406
1026 2367
1028 2274
1030 2253
1032 2252
1034 2528
1036 2282
1038 2276
1040 2276
1042 2292
1044 2298
1046 2214
1048 2398
1050 2253
1052 2217
1054 2254
1056 2214
1058 2292
1060 2218
1062 2216
1064 2254
1066 2215
1068 2217
1070 2373
1072 2295
1074 2250
1076 2383
1078 2290
1080 2218
1082 2254
1084 2216
1086 2217
1088 2252
1090 2217
1092 2218
1094 2254
1096 2218
1098 2219
1100 2355
1102 2314
1104 2278
1106 2275
1108 2312
1110 2277
1112 2218
1114 2256
1116 2287
1118 2215
1120 2250
1122 2254
1124 2253
1126 2250
1128 2215
1130 2213
1132 2257
1134 2215
1136 2369
1138 2218
1140 2216
1142 2213
1144 2287
1146 2252
1148 2216
1150 2213
1152 2253
1154 2213
1156 2257
1158 2323
1160 2216
1162 2213
1164 2293
1166 2217
1168 2252
1170 2213
1172 2213
1174 2218
1176 2360
1178 2300
1180 2214
1182 2213
1184 2326
1186 2217
1188 2250
1190 2291
1192 2369
1194 2213
1196 2284
1198 2213
1200 2286
1202 2250
1204 2213
1206 2216
1208 2216
1210 2214
1212 2214
1214 2217
1216 2213
1218 2212
1220 2279
1222 2361
1224 2213
1226 2213
1228 2273
1230 2214
1232 2252
1234 2320
1236 2216
1238 2215
1240 2213
1242 2213
1244 2253
1246 2407
1248 2328
1250 2217
1252 2272
1254 2306
1256 2217
1258 2219
1260 2324
1262 2220
1264 2256
1266 2251
1268 2250
1270 2219
1272 2220
1274 2216
1276 2213
1278 2214
1280 2252
1282 2214
1284 2214
1286 2322
1288 2218
1290 2256
1292 2249
1294 2213
1296 2254
1298 2214
1300 2213
1302 2297
1304 2338
1306 2713
1308 2714
1310 2377
1312 2337
1314 2427
1316 2308
1318 2274
1320 2303
1322 2346
1324 2282
1326 2253
1328 2216
1330 2295
1332 2213
1334 2236
1336 2213
1338 2251
1340 2214
1342 2213
1344 2219
1346 2291
1348 2327
1350 2216
1352 2323
1354 2270
1356 2214
1358 2254
1360 2213
1362 2323
1364 2214
1366 2341
1368 2217
1370 2213
1372 2216
1374 2216
1376 2293
1378 2218
1380 2251
1382 2216
1384 2300
1386 2249
1388 2217
1390 2438
1392 2251
1394 2219
1396 2290
1398 2276
1400 2212
1402 2212
1404 2287
1406 2213
1408 2299
1410 2253
1412 2255
1414 2332
1416 2214
1418 2293
1420 2213
1422 2217
1424 2290
1426 2526
1428 2213
1430 2254
1432 2253
1434 2233
1436 2214
1438 2254
1440 2216
1442 2217
1444 2216
1446 2252
1448 2292
1450 2251
1452 2216
1454 2276
1456 2255
1458 2217
1460 2212
1462 2249
1464 2218
1466 2214
1468 2214
1470 2213
1472 2217
1474 2212
1476 2299
1478 2213
1480 2251
1482 2270
1484 2212
1486 2349
1488 2252
1490 2286
1492 2217
1494 2213
1496 2216
1498 2216
1500 2217
1502 2212
1504 2218
1506 2216
1508 2290
1510 2218
1512 2272
1514 2254
1516 2213
1518 2290
1520 2249
1522 2322
1524 2218
1526 2214
1528 2214
1530 2215
1532 2289
1534 2213
1536 2217
1538 2214
1540 2249
1542 2213
1544 2287
1546 2253
1548 2214
1550 2214
1552 2252
1554 2253
1556 2214
1558 2215
1560 2217
1562 2215
1564 2252
1566 2213
1568 2213
1570 2292
1572 2252
1574 2234
1576 2251
1578 2255
1580 2219
1582 2216
1584 2255
1586 2212
1588 2289
1590 2213
1592 2216
1594 2218
1596 2352
1598 2359
1600 2470
1602 2292
1604 2375
1606 2277
1608 2277
1610 2276
1612 2278
1614 2275
1616 2274
1618 2274
1620 2274
1622 2255
1624 2214
1626 2216
1628 2320
1630 2215
1632 2214
1634 2289
1636 2215
1638 2216
1640 2215
1642 2288
1644 2292
1646 2212
1648 2217
1650 2213
1652 2212
1654 2254
1656 2357
1658 2213
1660 2287
1662 2213
1664 2362
1666 2289
1668 2213
1670 2320
1672 2284
1674 2213
1676 2212
1678 2305
1680 2216
1682 2374
1684 2213
1686 2254
1688 2217
1690 2296
1692 2236
1694 2292
1696 2291
1698 2253
1700 2214
1702 2213
1704 2252
1706 2216
1708 2217
1710 2286
1712 2215
1714 2212
1716 2216
1718 2328
1720 2214
1722 2444
1724 2216
1726 2217
1728 2255
1730 2216
1732 2213
1734 2318
1736 2217
1738 2217
1740 2217
1742 2217
1744 2215
1746 2287
1748 2252
1750 2217
1752 2305
1754 2250
1756 2212
1758 2255
1760 2322
1762 2216
1764 2216
1766 2213
1768 2217
1770 2217
1772 2219
1774 2216
1776 2216
1778 2215
1780 2262
1782 2353
1784 2217
1786 2329
1788 2256
1790 2216
1792 2254
1794 2219
1796 2219
1798 2327
1800 2217
1802 2290
1804 2218
1806 2217
1808 2217
1810 2218
1812 2380
1814 2213
1816 2220
1818 2250
1820 2212
1822 2217
1824 2253
1826 2250
1828 2367
1830 2289
1832 2217
1834 2213
1836 2294
1838 2214
1840 2216
1842 2366
1844 2254
1846 2217
1848 2254
1850 2330
1852 2213
1854 2290
1856 2286
1858 2212
1860 2289
1862 2253
1864 2694
1866 2213
1868 2288
1870 2308
1872 2277
1874 2351
1876 2216
1878 2216
1880 2218
1882 2252
1884 2217
1886 2217
1888 2737
1890 2216
1892 2327
1894 2344
1896 2277
1898 2417
1900 2309
1902 2373
1904 2310
1906 2311
1908 2280
1910 2256
1912 2275
1914 2215
1916 2335
1918 2254
1920 2217
1922 2219
1924 2253
1926 2256
1928 2216
1930 2253
1932 2368
1934 2216
1936 2252
1938 2216
1940 2327
1942 2368
1944 2384
1946 2214
1948 2213
1950 2271
1952 2355
1954 2217
1956 2327
1958 2362
1960 2213
1962 2254
1964 2402
1966 2214
1968 2327
1970 2418
1972 2219
1974 2289
1976 2216
1978 2212
1980 2244
1982 2217
1984 2214
1986 2216
1988 2253
1990 2215
1992 2217
1994 2252
1996 2314
1998 2213
2000 4460
