2 527
4 486
6 479
8 450
10 423
12 421
14 420
16 402
18 465
20 404
22 362
24 337
26 336
28 334
30 335
32 335
34 333
36 332
38 329
40 252
42 255
44 258
46 253
48 251
50 254
52 254
54 252
56 252
58 252
60 252
62 266
64 279
66 233
68 232
70 232
72 230
74 231
76 231
78 231
80 230
82 231
84 231
86 231
88 231
90 232
92 232
94 230
96 231
98 230
100 231
102 204
104 205
106 204
108 205
110 204
112 205
114 205
116 204
118 204
120 203
122 204
124 205
126 261
128 260
130 259
132 259
134 260
136 259
138 259
140 258
142 259
144 260
146 259
148 233
150 232
152 233
154 231
156 232
158 232
160 232
162 232
164 232
166 232
168 232
170 233
172 232
174 233
176 232
178 232
180 232
182 232
184 232
186 231
188 232
190 232
192 232
194 232
196 232
198 232
200 232
202 232
204 233
206 234
208 232
210 232
212 232
214 232
216 232
218 232
220 232
222 231
224 232
226 232
228 233
230 232
232 232
234 231
236 249
238 232
240 232
242 232
244 231
246 232
248 232
250 353
252 353
254 353
256 352
258 353
260 352
262 389
264 353
266 353
268 352
270 353
272 353
274 352
276 353
278 353
280 354
282 353
284 353
286 353
288 353
290 353
292 353
294 353
296 389
298 353
300 353
302 353
304 353
306 353
308 373
310 353
312 372
314 352
316 353
318 352
320 353
322 352
324 353
326 431
328 354
330 353
332 352
334 353
336 353
338 352
340 353
342 353
344 353
346 353
348 384
350 353
352 352
354 353
356 353
358 355
360 353
362 353
364 352
366 353
368 353
370 353
372 352
374 353
376 352
378 353
380 353
382 352
384 352
386 352
388 390
390 390
392 352
394 352
396 353
398 353
400 352
402 353
404 352
406 353
408 352
410 353
412 458
414 353
416 353
418 353
420 353
422 353
424 353
426 353
428 352
430 353
432 352
434 384
436 353
438 353
440 353
442 353
444 353
446 353
448 353
450 353
452 353
454 352
456 354
458 353
460 353
462 353
464 353
466 352
468 353
470 353
472 353
474 353
476 353
478 353
480 353
482 352
484 411
486 352
488 352
490 352
492 353
494 352
496 353
498 395
500 608
502 608
504 607
506 608
508 608
510 608
512 607
514 607
516 607
518 608
520 607
522 608
524 607
526 608
528 607
530 609
532 683
534 608
536 607
538 608
540 608
542 608
544 607
546 718
548 625
550 625
552 625
554 625
556 625
558 624
560 623
562 624
564 623
566 623
568 623
570 623
572 623
574 623
576 624
578 623
580 623
582 607
584 609
586 623
588 748
590 608
592 607
594 610
596 608
598 637
600 624
602 829
604 654
606 645
608 643
610 646
612 644
614 646
616 643
618 645
620 659
622 642
624 640
626 643
628 642
630 643
632 646
634 641
636 640
638 643
640 642
642 642
644 643
646 642
648 661
650 640
652 640
654 667
656 640
658 640
660 623
662 624
664 625
666 624
668 623
670 624
672 624
674 624
676 623
678 624
680 623
682 607
684 607
686 607
688 606
690 609
692 607
694 706
696 623
698 623
700 626
702 607
704 607
706 678
708 625
710 624
712 699
714 608
716 607
718 644
720 809
722 687
724 624
726 624
728 624
730 622
732 624
734 624
736 668
738 607
740 607
742 632
744 623
746 624
748 623
750 623
752 654
754 623
756 623
758 623
760 708
762 623
764 624
766 608
768 607
770 607
772 607
774 607
776 607
778 607
780 607
782 608
784 607
786 607
788 607
790 607
792 708
794 608
796 628
798 623
800 624
802 607
804 608
806 607
808 607
810 640
812 606
814 662
816 607
818 607
820 607
822 607
824 607
826 609
828 608
830 607
832 607
834 623
836 670
838 607
840 607
842 607
844 607
846 607
848 686
850 607
852 607
854 607
856 608
858 608
860 624
862 608
864 607
866 608
868 623
870 639
872 607
874 607
876 607
878 607
880 607
882 607
884 607
886 607
888 608
890 607
892 608
894 608
896 607
898 608
900 607
902 607
904 607
906 644
908 608
910 608
912 607
914 607
916 607
918 607
920 607
922 607
924 607
926 607
928 607
930 607
932 608
934 608
936 687
938 607
940 608
942 607
944 607
946 608
948 608
950 608
952 607
954 608
956 842
958 607
960 607
962 608
964 608
966 607
968 608
970 606
972 698
974 608
976 608
978 680
980 608
982 703
984 625
986 623
988 623
990 659
992 623
994 623
996 607
998 607
1000 1132
1002 1096
1004 1102
1006 1095
1008 1094
1010 1095
1012 1094
1014 1096
1016 1095
1018 1095
1020 1095
1022 1094
1024 1095
1026 1131
1028 1138
1030 1136
1032 1225
1034 1136
1036 1135
1038 1201
1040 1165
1042 1165
1044 1266
1046 1163
1048 1163
1050 1134
1052 1164
1054 1200
1056 1164
1058 1163
1060 1163
1062 1207
1064 1133
1066 1163
1068 1163
1070 1162
1072 1162
1074 1162
1076 1131
1078 1164
1080 1162
1082 1284
1084 1164
1086 1162
1088 1161
1090 1163
1092 1160
1094 1200
1096 1132
1098 1170
1100 1133
1102 1298
1104 1132
1106 1222
1108 1170
1110 1133
1112 1168
1114 1206
1116 1131
1118 1131
1120 1249
1122 1135
1124 1169
1126 1132
1128 1171
1130 1133
1132 1199
1134 1132
1136 1132
1138 1271
1140 1281
1142 1166
1144 1163
1146 1167
1148 1165
1150 1240
1152 1193
1154 1169
1156 1183
1158 1136
1160 1308
1162 1171
1164 1134
1166 1133
1168 1171
1170 1134
1172 1133
1174 1132
1176 1207
1178 1133
1180 1132
1182 1132
1184 1229
1186 1164
1188 1134
1190 1133
1192 1133
1194 1170
1196 1132
1198 1134
1200 1224
1202 1132
1204 1133
1206 1319
1208 1208
1210 1207
1212 1133
1214 1208
1216 1133
1218 1133
1220 1131
1222 1132
1224 1131
1226 1131
1228 1132
1230 1217
1232 1132
1234 1131
1236 1133
1238 1131
1240 1132
1242 1132
1244 1169
1246 1132
1248 1132
1250 1132
1252 1132
1254 1133
1256 1133
1258 1133
1260 1134
1262 1131
1264 1131
1266 1207
1268 1168
1270 1153
1272 1243
1274 1131
1276 1132
1278 1132
1280 1132
1282 1169
1284 1204
1286 1131
1288 1168
1290 1132
1292 1168
1294 1133
1296 1131
1298 1205
1300 1222
1302 1133
1304 1170
1306 1132
1308 1133
1310 1169
1312 1132
1314 1169
1316 1132
1318 1169
1320 1168
1322 1131
1324 1131
1326 1130
1328 1131
1330 1131
1332 1131
1334 1167
1336 1168
1338 1146
1340 1133
1342 1132
1344 1131
1346 1169
1348 1132
1350 1175
1352 1244
1354 1132
1356 1132
1358 1187
1360 1133
1362 1133
1364 1209
1366 1237
1368 1133
1370 1133
1372 1131
1374 1170
1376 1131
1378 1206
1380 1131
1382 1218
1384 1206
1386 1133
1388 1133
1390 1133
1392 1131
1394 1131
1396 1167
1398 1169
1400 1132
1402 1131
1404 1133
1406 1132
1408 1133
1410 1169
1412 1133
1414 1131
1416 1209
1418 1133
1420 1133
1422 1202
1424 1132
1426 1131
1428 1131
1430 1248
1432 1134
1434 1240
1436 1163
1438 1162
1440 1163
1442 1162
1444 1250
1446 1137
1448 1134
1450 1134
1452 1220
1454 1132
1456 1132
1458 1132
1460 1190
1462 1206
1464 1134
1466 1168
1468 1241
1470 1132
1472 1132
1474 1169
1476 1132
1478 1131
1480 1131
1482 1130
1484 1134
1486 1132
1488 1207
1490 1285
1492 1164
1494 1163
1496 1162
1498 1202
1500 1163
1502 1162
1504 1169
1506 1132
1508 1132
1510 1245
1512 1134
1514 1133
1516 1134
1518 1132
1520 1133
1522 1190
1524 1132
1526 1132
1528 1132
1530 1223
1532 1132
1534 1132
1536 1168
1538 1226
1540 1171
1542 1132
1544 1164
1546 1163
1548 1164
1550 1207
1552 1132
1554 1209
1556 1133
1558 1132
1560 1171
1562 1133
1564 1152
1566 1152
1568 1169
1570 1132
1572 1132
1574 1168
1576 1132
1578 1132
1580 1205
1582 1132
1584 1132
1586 1132
1588 1132
1590 1168
1592 1132
1594 1131
1596 1131
1598 1168
1600 1131
1602 1156
1604 1154
1606 1404
1608 1184
1610 1183
1612 1187
1614 1190
1616 1152
1618 1153
1620 1228
1622 1152
1624 1152
1626 1152
1628 1210
1630 1153
1632 1194
1634 1153
1636 1223
1638 1152
1640 1172
1642 1189
1644 1151
1646 1153
1648 1153
1650 1153
1652 1190
1654 1152
1656 1151
1658 1154
1660 1152
1662 1151
1664 1189
1666 1188
1668 1151
1670 1153
1672 1152
1674 1384
1676 1151
1678 1152
1680 1222
1682 1151
1684 1152
1686 1172
1688 1150
1690 1151
1692 1262
1694 1150
1696 1188
1698 1191
1700 1151
1702 1206
1704 1152
1706 1153
1708 1153
1710 1153
1712 1153
1714 1153
1716 1228
1718 1151
1720 1284
1722 1186
1724 1189
1726 1202
1728 1212
1730 1186
1732 1186
1734 1185
1736 1183
1738 1153
1740 1153
1742 1259
1744 1155
1746 1154
1748 1155
1750 1190
1752 1153
1754 1157
1756 1154
1758 1152
1760 1152
1762 1152
1764 1151
1766 1151
1768 1152
1770 1249
1772 1152
1774 1152
1776 1152
1778 1225
1780 1189
1782 1151
1784 1170
1786 1569
1788 1156
1790 1186
1792 1184
1794 1183
1796 1152
1798 1154
1800 1154
1802 1152
1804 1153
1806 1154
1808 1225
1810 1152
1812 1152
1814 1152
1816 1151
1818 1151
1820 1150
1822 1168
1824 1152
1826 1151
1828 1224
1830 1234
1832 1153
1834 1188
1836 1227
1838 1188
1840 1189
1842 1153
1844 1232
1846 1151
1848 1152
1850 1151
1852 1152
1854 1153
1856 1153
1858 1153
1860 1151
1862 1151
1864 1296
1866 1170
1868 1188
1870 1152
1872 1189
1874 1152
1876 1153
1878 1152
1880 1151
1882 1152
1884 1151
1886 1241
1888 1152
1890 1151
1892 1151
1894 1152
1896 1151
1898 1193
1900 1150
1902 1150
1904 1151
1906 1152
1908 1153
1910 1150
1912 1150
1914 1151
1916 1225
1918 1151
1920 1225
1922 1150
1924 1151
1926 1208
1928 1152
1930 1192
1932 1150
1934 1154
1936 1233
1938 1151
1940 1152
1942 1152
1944 1225
1946 1151
1948 1151
1950 1151
1952 1187
1954 1188
1956 1152
1958 1262
1960 1189
1962 1287
1964 1151
1966 1188
1968 1151
1970 1151
1972 1151
1974 1197
1976 1214
1978 1152
1980 1183
1982 1181
1984 1181
1986 1218
1988 1181
1990 1179
1992 1151
1994 1151
1996 1151
1998 1151
2000 2265
