2 115
4 104
6 103
8 118
10 101
12 101
14 101
16 166
18 109
20 108
22 108
24 108
26 108
28 109
30 108
32 138
34 138
36 138
38 137
40 138
42 137
44 137
46 136
48 138
50 137
52 138
54 137
56 147
58 141
60 142
62 211
64 206
66 206
68 206
70 206
72 206
74 206
76 206
78 206
80 206
82 206
84 206
86 206
88 206
90 206
92 206
94 206
96 206
98 206
100 206
102 206
104 206
106 206
108 223
110 206
112 206
114 206
116 206
118 206
120 206
122 206
124 206
126 339
128 337
130 337
132 337
134 337
136 337
138 337
140 337
142 337
144 337
146 355
148 338
150 338
152 338
154 337
156 337
158 337
160 337
162 337
164 374
166 338
168 338
170 338
172 337
174 337
176 338
178 337
180 513
182 386
184 327
186 328
188 329
190 328
192 329
194 524
196 338
198 338
200 338
202 338
204 338
206 374
208 337
210 406
212 427
214 349
216 485
218 453
220 379
222 350
224 356
226 347
228 348
230 347
232 347
234 347
236 348
238 377
240 350
242 349
244 347
246 350
248 349
250 628
252 626
254 632
256 633
258 675
260 630
262 655
264 625
266 625
268 637
270 626
272 626
274 627
276 633
278 647
280 633
282 636
284 632
286 628
288 630
290 630
292 633
294 626
296 625
298 625
300 627
302 625
304 625
306 624
308 625
310 625
312 625
314 625
316 609
318 610
320 609
322 607
324 609
326 609
328 609
330 609
332 607
334 607
336 609
338 607
340 610
342 609
344 607
346 607
348 609
350 607
352 610
354 593
356 593
358 648
360 594
362 594
364 594
366 671
368 609
370 655
372 608
374 624
376 594
378 686
380 594
382 594
384 594
386 594
388 594
390 610
392 612
394 609
396 661
398 609
400 609
402 609
404 609
406 609
408 609
410 593
412 593
414 593
416 687
418 609
420 609
422 610
424 618
426 630
428 593
430 593
432 593
434 593
436 594
438 594
440 629
442 593
444 593
446 593
448 593
450 593
452 593
454 595
456 593
458 593
460 593
462 667
464 593
466 655
468 609
470 645
472 609
474 623
476 593
478 593
480 593
482 593
484 592
486 594
488 666
490 594
492 594
494 594
496 594
498 592
500 1241
502 1238
504 1131
506 1198
508 1161
510 1216
512 1131
514 1168
516 1131
518 1131
520 1131
522 1131
524 1131
526 1237
528 1131
530 1129
532 1194
534 1160
536 1161
538 1131
540 1129
542 1169
544 1203
546 1132
548 1131
550 1130
552 1130
554 1205
556 1206
558 1160
560 1133
562 1133
564 1132
566 1132
568 1133
570 1133
572 1133
574 1130
576 1131
578 1131
580 1129
582 1131
584 1131
586 1131
588 1131
590 1133
592 1132
594 1257
596 1182
598 1130
600 1150
602 1161
604 1200
606 1161
608 1161
610 1161
612 1150
614 1130
616 1131
618 1328
620 1152
622 1166
624 1163
626 1164
628 1238
630 1269
632 1251
634 1131
636 1190
638 1215
640 1256
642 1164
644 1161
646 1160
648 1161
650 1243
652 1170
654 1170
656 1299
658 1133
660 1133
662 1133
664 1132
666 1169
668 1133
670 1131
672 1132
674 1131
676 1133
678 1171
680 1131
682 1131
684 1131
686 1206
688 1131
690 1248
692 1130
694 1131
696 1377
698 1216
700 1132
702 1237
704 1133
706 1133
708 1239
710 1160
712 1159
714 1160
716 1168
718 1131
720 1132
722 1130
724 1132
726 1202
728 1131
730 1167
732 1131
734 1132
736 1130
738 1168
740 1131
742 1131
744 1131
746 1129
748 1131
750 1168
752 1130
754 1131
756 1131
758 1132
760 1132
762 1168
764 1203
766 1131
768 1129
770 1206
772 1130
774 1206
776 1131
778 1130
780 1131
782 1133
784 1130
786 1132
788 1131
790 1131
792 1131
794 1132
796 1131
798 1207
800 1132
802 1132
804 1134
806 1133
808 1132
810 1129
812 1131
814 1129
816 1133
818 1132
820 1132
822 1131
824 1132
826 1134
828 1221
830 1161
832 1161
834 1161
836 1162
838 1162
840 1160
842 1161
844 1161
846 1161
848 1163
850 1161
852 1161
854 1161
856 1198
858 1182
860 1159
862 1161
864 1162
866 1424
868 1133
870 1206
872 1132
874 1131
876 1131
878 1203
880 1226
882 1196
884 1163
886 1163
888 1222
890 1163
892 1161
894 1162
896 1161
898 1161
900 1163
902 1155
904 1131
906 1131
908 1131
910 1132
912 1133
914 1132
916 1149
918 1251
920 1131
922 1205
924 1189
926 1208
928 1132
930 1131
932 1132
934 1130
936 1132
938 1132
940 1132
942 1132
944 1132
946 1131
948 1131
950 1131
952 1207
954 1147
956 1130
958 1130
960 1131
962 1131
964 1131
966 1205
968 1131
970 1130
972 1131
974 1131
976 1131
978 1203
980 1202
982 1131
984 1131
986 1204
988 1132
990 1168
992 1131
994 1131
996 1131
998 1131
1000 2216
1002 2218
1004 2289
1006 2216
1008 2216
1010 2216
1012 2216
1014 2290
1016 2294
1018 2215
1020 2369
1022 2255
1024 2219
1026 2252
1028 2217
1030 2216
1032 2286
1034 2220
1036 2218
1038 2219
1040 2409
1042 2216
1044 2363
1046 2291
1048 2253
1050 2216
1052 2295
1054 2216
1056 2289
1058 2220
1060 2292
1062 2217
1064 2290
1066 2290
1068 2218
1070 2254
1072 2216
1074 2236
1076 2295
1078 2217
1080 2285
1082 2216
1084 2216
1086 2311
1088 2369
1090 2216
1092 2417
1094 2413
1096 2362
1098 2280
1100 2309
1102 2310
1104 2275
1106 2364
1108 2311
1110 2306
1112 2217
1114 2288
1116 2217
1118 2217
1120 2252
1122 2213
1124 2216
1126 2216
1128 2213
1130 2289
1132 2212
1134 2330
1136 2326
1138 2216
1140 2252
1142 2216
1144 2291
1146 2288
1148 2216
1150 2216
1152 2290
1154 2214
1156 2214
1158 2327
1160 2216
1162 2213
1164 2396
1166 2216
1168 2251
1170 2217
1172 2212
1174 2212
1176 2219
1178 2212
1180 2218
1182 2250
1184 2323
1186 2216
1188 2214
1190 2290
1192 2216
1194 2216
1196 2325
1198 2217
1200 2216
1202 2213
1204 2215
1206 2254
1208 2217
1210 2217
1212 2216
1214 2217
1216 2253
1218 2213
1220 2216
1222 2318
1224 2217
1226 2217
1228 2253
1230 2252
1232 2234
1234 2217
1236 2212
1238 2212
1240 2254
1242 2213
1244 2216
1246 2295
1248 2293
1250 2214
1252 2217
1254 2289
1256 2213
1258 2373
1260 2273
1262 2278
1264 2272
1266 2311
1268 2215
1270 2213
1272 2287
1274 2217
1276 2288
1278 2219
1280 2253
1282 2215
1284 2213
1286 2276
1288 2213
1290 2291
1292 2277
1294 2217
1296 2216
1298 2253
1300 2569
1302 2278
1304 2345
1306 2278
1308 2318
1310 2277
1312 2278
1314 2254
1316 2450
1318 2215
1320 2218
1322 2215
1324 2253
1326 2216
1328 2219
1330 2287
1332 2218
1334 2217
1336 2288
1338 2217
1340 2216
1342 2253
1344 2290
1346 2217
1348 2253
1350 2212
1352 2253
1354 2218
1356 2216
1358 2290
1360 2219
1362 2216
1364 2215
1366 2292
1368 2218
1370 2216
1372 2255
1374 2274
1376 2424
1378 2221
1380 2255
1382 2217
1384 2643
1386 2381
1388 2275
1390 2309
1392 2387
1394 2536
1396 2354
1398 2284
1400 2273
1402 2301
1404 2396
1406 2299
1408 2216
1410 2388
1412 2217
1414 2217
1416 3144
1418 2278
1420 2327
1422 2339
1424 2276
1426 2316
1428 2256
1430 2219
1432 2309
1434 2255
1436 2216
1438 2432
1440 2290
1442 2216
1444 2218
1446 2328
1448 2216
1450 2349
1452 2291
1454 2217
1456 2217
1458 2213
1460 2216
1462 2217
1464 2287
1466 2329
1468 2217
1470 2252
1472 2254
1474 2296
1476 2216
1478 2405
1480 2214
1482 2217
1484 2253
1486 2217
1488 2253
1490 2216
1492 2217
1494 2217
1496 2250
1498 2216
1500 2216
1502 2216
1504 2216
1506 2212
1508 2331
1510 2216
1512 2216
1514 2220
1516 2212
1518 2216
1520 2370
1522 2216
1524 2215
1526 2215
1528 2361
1530 2214
1532 2215
1534 2296
1536 2217
1538 2214
1540 2293
1542 2217
1544 2217
1546 2215
1548 2212
1550 2290
1552 2219
1554 2217
1556 2216
1558 2255
1560 2289
1562 2217
1564 2213
1566 2290
1568 2216
1570 2218
1572 2254
1574 2213
1576 2217
1578 2250
1580 2213
1582 2325
1584 2218
1586 2216
1588 2217
1590 2218
1592 2402
1594 2216
1596 2325
1598 2372
1600 2217
1602 2273
1604 2253
1606 2253
1608 2251
1610 2439
1612 2276
1614 2275
1616 2284
1618 2220
1620 2216
1622 2252
1624 2356
1626 2219
1628 2293
1630 2258
1632 2216
1634 2217
1636 2214
1638 2288
1640 2251
1642 2254
1644 2217
1646 2217
1648 2253
1650 2217
1652 2370
1654 2254
1656 2219
1658 2219
1660 2253
1662 2216
1664 2260
1666 2216
1668 2296
1670 2275
1672 2274
1674 2653
1676 2293
1678 2359
1680 2401
1682 2340
1684 2252
1686 2275
1688 2306
1690 2392
1692 2216
1694 2213
1696 2259
1698 2290
1700 2217
1702 2215
1704 2253
1706 2216
1708 2217
1710 2253
1712 2292
1714 2216
1716 2214
1718 2220
1720 2239
1722 2315
1724 2217
1726 2216
1728 2215
1730 2219
1732 2293
1734 2253
1736 2253
1738 2292
1740 2213
1742 2253
1744 2217
1746 2328
1748 2253
1750 2216
1752 2255
1754 2253
1756 2216
1758 2221
1760 2294
1762 2217
1764 2218
1766 2253
1768 2216
1770 2336
1772 2216
1774 2233
1776 2214
1778 2216
1780 2288
1782 2214
1784 2215
1786 2489
1788 2217
1790 2217
1792 2286
1794 2271
1796 2213
1798 2395
1800 2216
1802 2253
1804 2257
1806 2219
1808 2218
1810 2220
1812 2216
1814 2216
1816 2233
1818 2216
1820 2217
1822 2216
1824 2292
1826 2217
1828 2217
1830 2219
1832 2217
1834 2216
1836 2321
1838 2215
1840 2216
1842 2251
1844 2216
1846 2367
1848 2325
1850 2216
1852 2217
1854 2290
1856 2215
1858 2298
1860 2219
1862 2250
1864 2255
1866 2217
1868 2215
1870 2215
1872 2213
1874 2322
1876 2214
1878 2216
1880 2288
1882 2216
1884 2216
1886 2326
1888 2253
1890 2213
1892 2254
1894 2255
1896 2217
1898 2305
1900 2216
1902 2216
1904 2291
1906 2219
1908 2249
1910 2217
1912 2324
1914 2216
1916 2267
1918 2333
1920 2254
1922 2216
1924 2323
1926 2253
1928 2219
1930 2251
1932 2213
1934 2219
1936 2462
1938 2216
1940 2296
1942 2253
1944 2216
1946 2216
1948 2254
1950 2217
1952 2212
1954 2365
1956 2254
1958 2251
1960 2213
1962 2746
1964 2369
1966 2217
1968 2514
1970 2375
1972 2275
1974 2278
1976 2304
1978 2374
1980 2253
1982 2253
1984 2218
1986 2302
1988 2217
1990 2218
1992 2288
1994 2213
1996 2256
1998 2327
2000 4436
