2 240
4 220
6 218
8 206
10 205
12 204
14 204
16 194
18 193
20 193
22 191
24 190
26 190
28 190
30 191
32 174
34 172
36 170
38 169
40 169
42 169
44 168
46 171
48 171
50 218
52 206
54 228
56 223
58 243
60 230
62 185
64 251
66 188
68 186
70 185
72 185
74 185
76 186
78 186
80 185
82 185
84 184
86 185
88 185
90 185
92 1539
94 297
96 200
98 216
100 196
102 195
104 191
106 189
108 190
110 190
112 190
114 189
116 189
118 263
120 208
122 206
124 195
126 249
128 250
130 250
132 252
134 248
136 248
138 251
140 248
142 251
144 247
146 247
148 248
150 247
152 261
154 241
156 241
158 243
160 241
162 241
164 241
166 241
168 241
170 240
172 241
174 241
176 241
178 241
180 241
182 241
184 235
186 235
188 273
190 234
192 235
194 235
196 235
198 234
200 235
202 234
204 235
206 234
208 235
210 235
212 235
214 235
216 251
218 235
220 235
222 235
224 235
226 235
228 235
230 235
232 234
234 235
236 234
238 234
240 235
242 234
244 235
246 235
248 234
250 398
252 358
254 358
256 358
258 394
260 394
262 360
264 358
266 359
268 358
270 358
272 359
274 358
276 378
278 358
280 358
282 358
284 358
286 358
288 358
290 358
292 358
294 359
296 357
298 358
300 357
302 358
304 358
306 358
308 358
310 394
312 358
314 358
316 358
318 358
320 359
322 358
324 358
326 358
328 359
330 358
332 357
334 358
336 358
338 357
340 358
342 359
344 358
346 358
348 358
350 358
352 515
354 358
356 358
358 358
360 359
362 358
364 358
366 394
368 358
370 358
372 432
374 357
376 358
378 357
380 357
382 357
384 357
386 359
388 393
390 357
392 358
394 358
396 358
398 358
400 358
402 358
404 358
406 359
408 358
410 359
412 358
414 358
416 357
418 359
420 358
422 358
424 358
426 358
428 358
430 358
432 357
434 357
436 358
438 358
440 357
442 358
444 417
446 358
448 359
450 359
452 394
454 358
456 357
458 358
460 357
462 357
464 359
466 358
468 394
470 374
472 358
474 358
476 357
478 358
480 358
482 358
484 358
486 358
488 358
490 358
492 358
494 358
496 502
498 358
500 615
502 615
504 615
506 614
508 615
510 614
512 616
514 614
516 653
518 614
520 657
522 613
524 724
526 687
528 614
530 728
532 613
534 614
536 685
538 613
540 634
542 614
544 615
546 613
548 614
550 614
552 613
554 687
556 665
558 630
560 630
562 718
564 647
566 630
568 630
570 630
572 630
574 629
576 630
578 630
580 630
582 632
584 630
586 696
588 630
590 631
592 630
594 631
596 631
598 631
600 630
602 630
604 632
606 631
608 631
610 631
612 614
614 614
616 639
618 632
620 633
622 631
624 629
626 630
628 614
630 652
632 614
634 613
636 801
638 658
640 655
642 653
644 653
646 659
648 757
650 656
652 651
654 651
656 651
658 662
660 630
662 694
664 630
666 709
668 973
670 651
672 632
674 698
676 631
678 647
680 669
682 650
684 648
686 667
688 674
690 632
692 630
694 631
696 630
698 651
700 651
702 648
704 648
706 647
708 648
710 648
712 647
714 647
716 647
718 649
720 631
722 630
724 631
726 630
728 629
730 699
732 690
734 705
736 614
738 632
740 631
742 630
744 631
746 630
748 659
750 665
752 629
754 630
756 630
758 630
760 747
762 615
764 614
766 614
768 614
770 691
772 631
774 707
776 615
778 651
780 613
782 676
784 613
786 613
788 613
790 679
792 653
794 613
796 613
798 633
800 669
802 665
804 631
806 614
808 614
810 631
812 613
814 651
816 615
818 614
820 614
822 614
824 614
826 615
828 614
830 614
832 614
834 614
836 700
838 654
840 615
842 615
844 614
846 671
848 630
850 614
852 674
854 615
856 614
858 651
860 613
862 614
864 614
866 614
868 614
870 651
872 614
874 615
876 615
878 615
880 614
882 614
884 614
886 614
888 614
890 613
892 613
894 614
896 614
898 614
900 630
902 646
904 631
906 614
908 614
910 613
912 614
914 633
916 613
918 677
920 630
922 630
924 615
926 614
928 614
930 615
932 614
934 687
936 614
938 614
940 614
942 613
944 614
946 613
948 613
950 613
952 614
954 613
956 614
958 630
960 613
962 650
964 614
966 631
968 630
970 630
972 630
974 630
976 635
978 618
980 723
982 617
984 617
986 715
988 809
990 737
992 618
994 618
996 617
998 616
1000 1296
1002 1248
1004 1183
1006 1221
1008 1219
1010 1227
1012 1235
1014 1151
1016 1170
1018 1189
1020 1188
1022 1154
1024 1152
1026 1169
1028 1151
1030 1151
1032 1153
1034 1151
1036 1233
1038 1152
1040 1152
1042 1150
1044 1224
1046 1156
1048 1153
1050 1227
1052 1154
1054 1153
1056 1190
1058 1151
1060 1153
1062 1153
1064 1151
1066 1151
1068 1151
1070 1263
1072 1153
1074 1153
1076 1151
1078 1151
1080 1189
1082 1188
1084 1151
1086 1152
1088 1268
1090 1150
1092 1151
1094 1187
1096 1225
1098 1151
1100 1151
1102 1181
1104 1181
1106 1194
1108 1152
1110 1152
1112 1182
1114 1151
1116 1150
1118 1151
1120 1151
1122 1150
1124 1151
1126 1264
1128 1151
1130 1151
1132 1288
1134 1152
1136 1151
1138 1151
1140 1150
1142 1452
1144 1399
1146 1184
1148 1185
1150 1184
1152 1184
1154 1276
1156 1184
1158 1183
1160 1185
1162 1182
1164 1232
1166 1151
1168 1151
1170 1181
1172 1182
1174 1223
1176 1151
1178 1152
1180 1151
1182 1151
1184 1197
1186 1189
1188 1152
1190 1151
1192 1151
1194 1227
1196 1152
1198 1153
1200 1231
1202 1216
1204 1182
1206 1225
1208 1181
1210 1181
1212 1236
1214 1183
1216 1219
1218 1216
1220 1205
1222 1367
1224 1263
1226 1180
1228 1238
1230 1181
1232 1170
1234 1150
1236 1170
1238 1219
1240 1181
1242 1182
1244 1151
1246 1150
1248 1151
1250 1187
1252 1152
1254 1151
1256 1150
1258 1150
1260 1150
1262 1151
1264 1151
1266 1150
1268 1223
1270 1261
1272 1150
1274 1208
1276 1150
1278 1150
1280 1150
1282 1152
1284 1226
1286 1152
1288 1152
1290 1223
1292 1149
1294 1151
1296 1150
1298 1150
1300 1150
1302 1150
1304 1226
1306 1150
1308 1188
1310 1170
1312 1188
1314 1240
1316 1151
1318 1186
1320 1188
1322 1150
1324 1150
1326 1187
1328 1151
1330 1259
1332 1151
1334 1152
1336 1152
1338 1151
1340 1150
1342 1261
1344 1152
1346 1188
1348 1150
1350 1150
1352 1150
1354 1151
1356 1150
1358 1150
1360 1228
1362 1187
1364 1150
1366 1187
1368 1150
1370 1152
1372 1303
1374 1272
1376 1151
1378 1222
1380 1150
1382 1151
1384 1150
1386 1229
1388 1263
1390 1152
1392 1152
1394 1151
1396 1150
1398 1151
1400 1151
1402 1151
1404 1150
1406 1151
1408 1150
1410 1150
1412 1152
1414 1151
1416 1150
1418 1188
1420 1223
1422 1187
1424 1187
1426 1152
1428 1500
1430 1346
1432 1791
1434 1304
1436 1230
1438 1214
1440 1218
1442 1184
1444 1329
1446 1183
1448 1183
1450 1184
1452 1204
1454 1151
1456 1233
1458 1153
1460 1151
1462 1152
1464 1152
1466 1152
1468 1184
1470 1151
1472 1150
1474 1150
1476 1150
1478 1225
1480 1151
1482 1151
1484 1151
1486 1150
1488 1187
1490 1228
1492 1150
1494 1151
1496 1152
1498 1152
1500 1229
1502 1151
1504 1228
1506 1151
1508 1151
1510 1188
1512 1187
1514 1150
1516 1152
1518 1224
1520 1151
1522 1208
1524 1150
1526 1151
1528 1224
1530 1150
1532 1226
1534 1150
1536 1189
1538 1152
1540 1152
1542 1152
1544 1264
1546 1151
1548 1336
1550 1152
1552 1152
1554 1187
1556 1151
1558 1145
1560 1217
1562 1418
1564 1173
1566 1172
1568 1167
1570 1214
1572 1179
1574 1142
1576 1142
1578 1142
1580 1141
1582 1141
1584 1141
1586 1141
1588 1179
1590 1141
1592 1178
1594 1142
1596 1142
1598 1141
1600 1141
1602 1143
1604 1178
1606 1142
1608 1143
1610 1178
1612 1141
1614 1140
1616 1177
1618 1141
1620 1175
1622 1217
1624 1142
1626 1143
1628 1141
1630 1141
1632 1140
1634 1140
1636 1140
1638 1140
1640 1139
1642 1158
1644 1142
1646 1143
1648 1216
1650 1213
1652 1143
1654 1141
1656 1179
1658 1142
1660 1142
1662 1178
1664 1161
1666 1140
1668 1143
1670 1143
1672 1142
1674 1140
1676 1140
1678 1142
1680 1253
1682 1147
1684 1145
1686 1300
1688 1142
1690 1142
1692 1278
1694 1144
1696 1144
1698 1144
1700 1179
1702 1142
1704 1143
1706 1141
1708 1141
1710 1143
1712 1143
1714 1363
1716 1331
1718 1260
1720 1173
1722 1173
1724 1174
1726 1218
1728 1176
1730 1143
1732 1144
1734 1142
1736 1141
1738 1227
1740 1144
1742 1143
1744 1142
1746 1182
1748 1143
1750 1142
1752 1141
1754 1303
1756 1178
1758 1143
1760 1144
1762 1144
1764 1143
1766 1142
1768 1142
1770 1143
1772 1141
1774 1180
1776 1142
1778 1141
1780 1141
1782 1141
1784 1141
1786 1141
1788 1140
1790 1142
1792 1142
1794 1177
1796 1141
1798 1141
1800 1142
1802 1178
1804 1195
1806 1142
1808 1141
1810 1140
1812 1141
1814 1140
1816 1140
1818 1142
1820 1179
1822 1142
1824 1214
1826 1215
1828 1141
1830 1141
1832 1248
1834 1141
1836 1141
1838 1410
1840 1180
1842 1143
1844 1186
1846 1172
1848 1171
1850 1141
1852 1141
1854 1142
1856 1224
1858 1143
1860 1181
1862 1143
1864 1146
1866 1145
1868 1143
1870 1143
1872 1142
1874 1142
1876 1176
1878 1140
1880 1141
1882 1263
1884 1172
1886 1279
1888 1171
1890 1143
1892 1142
1894 1142
1896 1226
1898 1143
1900 1143
1902 1143
1904 1142
1906 1142
1908 1141
1910 1253
1912 1141
1914 1141
1916 1217
1918 1236
1920 1143
1922 1141
1924 1241
1926 1140
1928 1141
1930 1180
1932 1141
1934 1312
1936 1142
1938 1143
1940 1142
1942 1141
1944 1141
1946 1142
1948 1140
1950 1249
1952 1140
1954 1141
1956 1178
1958 1142
1960 1141
1962 1140
1964 1140
1966 1140
1968 1212
1970 1231
1972 1242
1974 1318
1976 1175
1978 1175
1980 1176
1982 1172
1984 1176
1986 1176
1988 1143
1990 1143
1992 1178
1994 1161
1996 1141
1998 1141
2000 2394
