2 118
4 107
6 106
8 104
10 103
12 103
14 103
16 112
18 112
20 112
22 148
24 112
26 112
28 112
30 112
32 141
34 141
36 141
38 141
40 141
42 140
44 140
46 141
48 143
50 142
52 141
54 158
56 160
58 140
60 141
62 174
64 206
66 206
68 206
70 206
72 206
74 242
76 206
78 226
80 207
82 206
84 241
86 287
88 206
90 206
92 206
94 206
96 206
98 206
100 206
102 205
104 206
106 205
108 206
110 206
112 206
114 205
116 206
118 206
120 206
122 206
124 206
126 408
128 337
130 337
132 337
134 337
136 337
138 355
140 337
142 338
144 337
146 373
148 337
150 385
152 372
154 338
156 337
158 375
160 338
162 338
164 338
166 338
168 338
170 337
172 337
174 338
176 337
178 380
180 340
182 338
184 338
186 338
188 347
190 346
192 357
194 374
196 329
198 329
200 404
202 328
204 392
206 374
208 340
210 411
212 373
214 337
216 337
218 337
220 337
222 374
224 387
226 358
228 422
230 351
232 350
234 352
236 351
238 347
240 346
242 346
244 346
246 346
248 346
250 625
252 627
254 625
256 625
258 608
260 609
262 609
264 646
266 609
268 608
270 609
272 609
274 609
276 609
278 609
280 609
282 609
284 609
286 609
288 609
290 613
292 609
294 609
296 629
298 593
300 593
302 593
304 687
306 593
308 593
310 592
312 631
314 594
316 594
318 594
320 594
322 668
324 591
326 594
328 594
330 594
332 594
334 593
336 594
338 593
340 593
342 610
344 593
346 593
348 594
350 632
352 613
354 593
356 593
358 593
360 593
362 593
364 593
366 593
368 632
370 630
372 594
374 630
376 593
378 593
380 593
382 616
384 593
386 593
388 594
390 593
392 593
394 593
396 700
398 593
400 593
402 593
404 592
406 593
408 594
410 592
412 593
414 593
416 593
418 592
420 593
422 593
424 593
426 593
428 593
430 715
432 631
434 635
436 610
438 662
440 594
442 593
444 670
446 656
448 609
450 626
452 610
454 610
456 635
458 610
460 608
462 609
464 611
466 609
468 647
470 646
472 654
474 642
476 672
478 609
480 609
482 682
484 608
486 608
488 609
490 609
492 609
494 609
496 609
498 647
500 1197
502 1160
504 1132
506 1205
508 1129
510 1132
512 1168
514 1130
516 1283
518 1168
520 1133
522 1169
524 1168
526 1133
528 1131
530 1203
532 1132
534 1133
536 1204
538 1132
540 1131
542 1131
544 1131
546 1131
548 1170
550 1133
552 1169
554 1133
556 1133
558 1169
560 1208
562 1133
564 1133
566 1366
568 1131
570 1211
572 1133
574 1130
576 1131
578 1132
580 1131
582 1239
584 1133
586 1203
588 1131
590 1131
592 1133
594 1209
596 1130
598 1130
600 1130
602 1131
604 1133
606 1170
608 1131
610 1131
612 1131
614 1170
616 1129
618 1205
620 1128
622 1132
624 1132
626 1390
628 1264
630 1172
632 1131
634 1256
636 1163
638 1161
640 1332
642 1309
644 1194
646 1192
648 1193
650 1205
652 1192
654 1187
656 1234
658 1163
660 1162
662 1161
664 1160
666 1161
668 1160
670 1161
672 1311
674 1157
676 1131
678 1242
680 1131
682 1213
684 1200
686 1131
688 1170
690 1131
692 1130
694 1129
696 1237
698 1132
700 1131
702 1132
704 1167
706 1131
708 1237
710 1131
712 1132
714 1129
716 1129
718 1168
720 1237
722 1130
724 1130
726 1132
728 1131
730 1208
732 1257
734 1131
736 1169
738 1131
740 1160
742 1160
744 1230
746 1159
748 1159
750 1148
752 1216
754 1431
756 1187
758 1131
760 1166
762 1161
764 1161
766 1189
768 1162
770 1208
772 1132
774 1132
776 1131
778 1186
780 1129
782 1130
784 1131
786 1168
788 1131
790 1170
792 1209
794 1131
796 1131
798 1129
800 1128
802 1131
804 1131
806 1131
808 1131
810 1129
812 1132
814 1131
816 1129
818 1131
820 1243
822 1131
824 1131
826 1242
828 1129
830 1131
832 1131
834 1133
836 1130
838 1128
840 1207
842 1131
844 1153
846 1205
848 1278
850 1131
852 1130
854 1130
856 1129
858 1131
860 1242
862 1254
864 1168
866 1131
868 1237
870 1164
872 1163
874 1159
876 1237
878 1160
880 1160
882 1198
884 1163
886 1162
888 1163
890 1163
892 1162
894 1272
896 1131
898 1229
900 1161
902 1160
904 1197
906 1199
908 1199
910 1347
912 1235
914 1161
916 1199
918 1235
920 1198
922 1158
924 1301
926 1162
928 1161
930 1163
932 1156
934 1131
936 1131
938 1131
940 1132
942 1133
944 1133
946 1133
948 1133
950 1132
952 1206
954 1130
956 1131
958 1131
960 1131
962 1203
964 1240
966 1175
968 1131
970 1132
972 1131
974 1131
976 1204
978 1132
980 1133
982 1132
984 1131
986 1131
988 1168
990 1130
992 1131
994 1132
996 1167
998 1132
1000 2410
1002 2215
1004 2218
1006 2318
1008 2217
1010 2292
1012 2252
1014 2217
1016 2217
1018 2217
1020 2219
1022 2257
1024 2292
1026 2216
1028 2217
1030 2219
1032 2293
1034 2218
1036 2219
1038 2334
1040 2340
1042 2220
1044 2274
1046 2253
1048 2215
1050 2215
1052 2293
1054 2217
1056 2352
1058 2218
1060 2216
1062 2216
1064 2533
1066 2338
1068 2391
1070 2351
1072 2352
1074 2274
1076 2316
1078 2275
1080 2221
1082 2291
1084 2216
1086 2218
1088 2251
1090 2292
1092 2253
1094 2483
1096 2456
1098 2278
1100 2278
1102 2461
1104 2276
1106 2275
1108 2274
1110 2276
1112 2369
1114 2341
1116 2217
1118 2292
1120 2252
1122 2213
1124 2252
1126 2250
1128 2292
1130 2289
1132 2213
1134 2269
1136 2213
1138 2249
1140 2213
1142 2341
1144 2256
1146 2291
1148 2216
1150 2216
1152 2514
1154 2217
1156 2364
1158 2303
1160 2217
1162 2292
1164 2216
1166 2217
1168 2325
1170 2213
1172 2252
1174 2235
1176 2255
1178 2253
1180 2217
1182 2218
1184 2252
1186 2251
1188 2290
1190 2215
1192 2216
1194 2329
1196 2216
1198 2216
1200 2406
1202 2250
1204 2253
1206 2292
1208 2216
1210 2324
1212 2218
1214 2369
1216 2276
1218 2275
1220 2276
1222 2267
1224 2219
1226 2276
1228 2217
1230 2218
1232 2253
1234 2219
1236 2216
1238 2251
1240 2219
1242 2219
1244 2233
1246 2252
1248 2291
1250 2216
1252 2217
1254 2216
1256 2252
1258 2274
1260 2214
1262 2328
1264 2290
1266 2219
1268 2219
1270 2408
1272 2254
1274 2219
1276 2401
1278 2252
1280 2254
1282 2277
1284 2216
1286 2215
1288 2253
1290 2253
1292 2216
1294 2255
1296 2253
1298 2220
1300 2219
1302 2219
1304 2254
1306 2466
1308 2232
1310 2274
1312 2274
1314 2347
1316 2275
1318 2274
1320 2293
1322 2216
1324 2217
1326 2656
1328 2416
1330 2277
1332 2275
1334 2275
1336 2276
1338 2274
1340 2309
1342 2265
1344 2403
1346 2283
1348 2216
1350 2213
1352 2217
1354 2280
1356 2577
1358 2217
1360 2274
1362 2275
1364 2273
1366 2608
1368 2275
1370 2250
1372 2252
1374 2253
1376 2216
1378 2217
1380 2233
1382 2344
1384 2403
1386 2359
1388 2368
1390 2274
1392 2274
1394 2447
1396 2347
1398 2274
1400 2278
1402 2363
1404 2372
1406 2216
1408 2290
1410 2368
1412 2217
1414 2217
1416 2272
1418 2253
1420 2284
1422 2249
1424 2217
1426 2293
1428 2322
1430 2251
1432 2236
1434 2217
1436 2249
1438 2213
1440 2219
1442 2217
1444 2216
1446 2217
1448 2215
1450 2219
1452 2219
1454 2252
1456 2252
1458 2216
1460 2251
1462 2214
1464 2288
1466 2252
1468 2464
1470 2287
1472 2419
1474 2314
1476 2275
1478 2312
1480 2312
1482 2272
1484 2290
1486 2219
1488 2217
1490 2253
1492 2219
1494 2212
1496 2254
1498 2335
1500 2217
1502 2385
1504 2217
1506 2217
1508 2253
1510 2252
1512 2217
1514 2215
1516 2344
1518 2220
1520 2249
1522 2215
1524 2216
1526 2216
1528 2289
1530 2292
1532 2220
1534 2254
1536 2215
1538 2216
1540 2270
1542 2374
1544 2327
1546 2289
1548 2217
1550 2214
1552 2400
1554 2219
1556 2220
1558 2217
1560 2251
1562 2216
1564 2215
1566 2252
1568 2216
1570 2255
1572 2287
1574 2212
1576 2218
1578 2250
1580 2249
1582 2216
1584 2233
1586 2289
1588 2255
1590 2253
1592 2216
1594 2217
1596 2249
1598 2212
1600 2289
1602 2290
1604 2254
1606 2213
1608 2219
1610 2217
1612 2368
1614 2216
1616 2451
1618 2376
1620 2284
1622 2273
1624 2274
1626 2293
1628 2367
1630 2251
1632 2254
1634 2217
1636 2216
1638 2218
1640 2326
1642 2293
1644 2217
1646 2295
1648 2219
1650 2254
1652 2251
1654 2217
1656 2852
1658 2389
1660 2347
1662 2340
1664 2275
1666 2276
1668 2535
1670 2483
1672 2447
1674 2279
1676 2275
1678 2305
1680 2318
1682 2275
1684 2275
1686 2275
1688 2275
1690 2274
1692 2216
1694 2213
1696 2216
1698 2216
1700 2256
1702 2217
1704 2219
1706 2399
1708 2218
1710 2253
1712 2254
1714 2220
1716 2218
1718 2255
1720 2287
1722 2217
1724 2270
1726 2215
1728 2336
1730 2215
1732 2255
1734 2217
1736 2218
1738 2218
1740 2338
1742 2346
1744 2274
1746 2271
1748 2276
1750 2274
1752 2271
1754 2257
1756 2251
1758 2215
1760 2217
1762 2253
1764 2217
1766 2292
1768 2309
1770 2479
1772 2275
1774 2276
1776 2274
1778 2214
1780 2289
1782 2298
1784 2216
1786 2215
1788 2253
1790 2288
1792 2213
1794 2308
1796 2325
1798 2255
1800 2293
1802 2219
1804 2219
1806 2315
1808 2219
1810 2218
1812 2365
1814 2216
1816 2217
1818 2251
1820 2270
1822 2329
1824 2253
1826 2216
1828 2212
1830 2329
1832 2216
1834 2216
1836 2216
1838 2213
1840 2216
1842 2217
1844 2218
1846 2217
1848 2216
1850 2292
1852 2641
1854 2290
1856 2719
1858 2277
1860 2276
1862 2360
1864 2275
1866 2275
1868 2259
1870 2601
1872 2252
1874 2425
1876 2348
1878 2308
1880 2275
1882 2311
1884 2308
1886 2291
1888 2327
1890 2217
1892 2315
1894 2219
1896 2219
1898 2219
1900 2251
1902 2216
1904 2217
1906 2254
1908 2332
1910 2222
1912 2251
1914 2312
1916 2363
1918 2254
1920 2218
1922 2216
1924 2258
1926 2258
1928 2332
1930 2218
1932 2218
1934 2295
1936 2219
1938 2253
1940 2218
1942 2217
1944 2251
1946 2219
1948 2440
1950 2412
1952 2275
1954 2275
1956 2607
1958 2409
1960 2249
1962 2277
1964 2302
1966 2542
1968 2588
1970 2643
1972 2278
1974 2277
1976 2438
1978 2316
1980 2275
1982 2364
1984 2219
1986 2389
1988 2216
1990 2216
1992 2253
1994 2216
1996 2290
1998 2216
2000 4437
