2 217
4 198
6 196
8 185
10 183
12 182
14 183
16 175
18 173
20 173
22 172
24 172
26 171
28 170
30 172
32 170
34 170
36 172
38 171
40 169
42 170
44 169
46 169
48 168
50 169
52 167
54 219
56 193
58 175
60 174
62 184
64 194
66 193
68 189
70 189
72 189
74 189
76 189
78 189
80 191
82 192
84 188
86 227
88 188
90 189
92 192
94 192
96 193
98 188
100 189
102 188
104 188
106 189
108 189
110 188
112 189
114 188
116 188
118 188
120 188
122 189
124 189
126 286
128 245
130 244
132 243
134 245
136 243
138 243
140 244
142 244
144 243
146 244
148 244
150 244
152 243
154 243
156 243
158 243
160 243
162 243
164 244
166 244
168 243
170 243
172 243
174 259
176 243
178 278
180 244
182 394
184 237
186 237
188 237
190 237
192 237
194 250
196 247
198 244
200 244
202 244
204 264
206 244
208 244
210 359
212 266
214 270
216 320
218 254
220 253
222 258
224 254
226 253
228 252
230 274
232 250
234 253
236 253
238 272
240 254
242 251
244 251
246 253
248 252
250 385
252 386
254 385
256 387
258 397
260 384
262 384
264 384
266 384
268 384
270 384
272 383
274 385
276 423
278 389
280 415
282 387
284 385
286 389
288 387
290 385
292 384
294 383
296 384
298 451
300 386
302 386
304 385
306 385
308 384
310 384
312 384
314 374
316 376
318 373
320 373
322 374
324 374
326 374
328 374
330 374
332 411
334 373
336 372
338 373
340 374
342 373
344 373
346 373
348 374
350 374
352 380
354 364
356 364
358 364
360 363
362 364
364 364
366 374
368 373
370 374
372 421
374 499
376 366
378 365
380 364
382 364
384 364
386 364
388 364
390 373
392 374
394 373
396 374
398 373
400 373
402 374
404 373
406 373
408 374
410 366
412 363
414 363
416 377
418 395
420 411
422 373
424 364
426 364
428 363
430 364
432 364
434 371
436 364
438 363
440 364
442 364
444 364
446 364
448 363
450 364
452 401
454 364
456 364
458 364
460 364
462 364
464 364
466 373
468 374
470 409
472 376
474 364
476 364
478 365
480 364
482 435
484 364
486 364
488 363
490 405
492 364
494 364
496 364
498 364
500 612
502 613
504 613
506 627
508 683
510 684
512 612
514 611
516 612
518 611
520 611
522 611
524 611
526 612
528 611
530 611
532 662
534 627
536 636
538 612
540 612
542 611
544 610
546 610
548 717
550 611
552 611
554 611
556 628
558 665
560 648
562 611
564 611
566 611
568 611
570 610
572 717
574 612
576 611
578 611
580 611
582 612
584 648
586 611
588 647
590 611
592 648
594 610
596 718
598 611
600 627
602 627
604 628
606 627
608 627
610 638
612 740
614 651
616 611
618 611
620 664
622 626
624 626
626 627
628 841
630 678
632 612
634 612
636 738
638 613
640 613
642 666
644 628
646 627
648 627
650 655
652 612
654 628
656 613
658 612
660 611
662 611
664 611
666 711
668 612
670 656
672 611
674 648
676 611
678 612
680 611
682 611
684 612
686 606
688 607
690 606
692 606
694 780
696 668
698 664
700 606
702 604
704 607
706 604
708 604
710 605
712 621
714 664
716 606
718 642
720 605
722 606
724 605
726 607
728 606
730 605
732 605
734 605
736 605
738 605
740 642
742 680
744 606
746 606
748 644
750 606
752 605
754 606
756 606
758 605
760 605
762 605
764 606
766 605
768 605
770 606
772 605
774 605
776 606
778 605
780 605
782 605
784 605
786 679
788 605
790 605
792 606
794 605
796 605
798 642
800 604
802 604
804 605
806 605
808 641
810 641
812 605
814 701
816 686
818 606
820 606
822 719
824 605
826 605
828 641
830 621
832 621
834 660
836 621
838 620
840 621
842 621
844 620
846 665
848 621
850 621
852 656
854 622
856 621
858 635
860 620
862 621
864 620
866 718
868 606
870 847
872 605
874 825
876 605
878 749
880 621
882 621
884 622
886 620
888 706
890 621
892 621
894 621
896 641
898 621
900 620
902 605
904 684
906 605
908 605
910 605
912 605
914 662
916 605
918 622
920 605
922 605
924 691
926 604
928 641
930 605
932 606
934 605
936 605
938 605
940 662
942 605
944 605
946 605
948 605
950 605
952 605
954 606
956 606
958 605
960 606
962 606
964 605
966 605
968 606
970 605
972 605
974 605
976 605
978 606
980 604
982 604
984 605
986 605
988 606
990 605
992 605
994 606
996 606
998 605
1000 1202
1002 1168
1004 1131
1006 1167
1008 1131
1010 1133
1012 1131
1014 1129
1016 1132
1018 1201
1020 1130
1022 1128
1024 1128
1026 1129
1028 1128
1030 1203
1032 1128
1034 1128
1036 1128
1038 1165
1040 1129
1042 1128
1044 1128
1046 1128
1048 1172
1050 1200
1052 1129
1054 1130
1056 1148
1058 1128
1060 1128
1062 1129
1064 1130
1066 1127
1068 1129
1070 1130
1072 1129
1074 1162
1076 1129
1078 1202
1080 1131
1082 1165
1084 1129
1086 1183
1088 1166
1090 1128
1092 1351
1094 1209
1096 1252
1098 1161
1100 1161
1102 1225
1104 1197
1106 1164
1108 1162
1110 1134
1112 1132
1114 1252
1116 1131
1118 1130
1120 1130
1122 1130
1124 1129
1126 1199
1128 1130
1130 1129
1132 1165
1134 1204
1136 1130
1138 1235
1140 1129
1142 1129
1144 1130
1146 1129
1148 1128
1150 1128
1152 1128
1154 1128
1156 1129
1158 1128
1160 1129
1162 1129
1164 1130
1166 1130
1168 1129
1170 1214
1172 1128
1174 1129
1176 1164
1178 1127
1180 1330
1182 1130
1184 1129
1186 1130
1188 1128
1190 1128
1192 1130
1194 1129
1196 1206
1198 1130
1200 1130
1202 1199
1204 1128
1206 1128
1208 1239
1210 1128
1212 1165
1214 1128
1216 1128
1218 1129
1220 1128
1222 1128
1224 1128
1226 1128
1228 1166
1230 1283
1232 1128
1234 1203
1236 1128
1238 1129
1240 1167
1242 1129
1244 1129
1246 1128
1248 1128
1250 1130
1252 1128
1254 1129
1256 1428
1258 1166
1260 1195
1262 1157
1264 1157
1266 1129
1268 1130
1270 1130
1272 1128
1274 1128
1276 1164
1278 1165
1280 1130
1282 1130
1284 1129
1286 1128
1288 1129
1290 1128
1292 1130
1294 1129
1296 1129
1298 1227
1300 1274
1302 1161
1304 1159
1306 1158
1308 1158
1310 1158
1312 1131
1314 1128
1316 1166
1318 1129
1320 1129
1322 1183
1324 1129
1326 1128
1328 1205
1330 1129
1332 1165
1334 1128
1336 1129
1338 1128
1340 1129
1342 1129
1344 1129
1346 1129
1348 1130
1350 1128
1352 1129
1354 1203
1356 1130
1358 1129
1360 1346
1362 1130
1364 1129
1366 1148
1368 1129
1370 1129
1372 1202
1374 1286
1376 1127
1378 1128
1380 1129
1382 1129
1384 1252
1386 1158
1388 1164
1390 1160
1392 1144
1394 1161
1396 1130
1398 1161
1400 1161
1402 1160
1404 1132
1406 1132
1408 1131
1410 1144
1412 1145
1414 1345
1416 1229
1418 1174
1420 1252
1422 1216
1424 1210
1426 1142
1428 1141
1430 1214
1432 1176
1434 1143
1436 1142
1438 1142
1440 1141
1442 1141
1444 1140
1446 1140
1448 1141
1450 1145
1452 1182
1454 1145
1456 1143
1458 1178
1460 1180
1462 1141
1464 1141
1466 1143
1468 1141
1470 1141
1472 1142
1474 1141
1476 1141
1478 1141
1480 1178
1482 1140
1484 1141
1486 1140
1488 1142
1490 1268
1492 1144
1494 1143
1496 1218
1498 1143
1500 1176
1502 1257
1504 1142
1506 1142
1508 1142
1510 1178
1512 1177
1514 1253
1516 1142
1518 1142
1520 1177
1522 1142
1524 1143
1526 1142
1528 1141
1530 1178
1532 1142
1534 1177
1536 1197
1538 1140
1540 1140
1542 1142
1544 1178
1546 1251
1548 1142
1550 1140
1552 1177
1554 1218
1556 1140
1558 1198
1560 1140
1562 1141
1564 1141
1566 1140
1568 1199
1570 1140
1572 1142
1574 1140
1576 1177
1578 1142
1580 1142
1582 1141
1584 1177
1586 1140
1588 1141
1590 1177
1592 1140
1594 1142
1596 1140
1598 1141
1600 1142
1602 1141
1604 1140
1606 1178
1608 1140
1610 1253
1612 1171
1614 1171
1616 1140
1618 1251
1620 1141
1622 1178
1624 1140
1626 1140
1628 1177
1630 1141
1632 1140
1634 1177
1636 1142
1638 1178
1640 1141
1642 1141
1644 1141
1646 1142
1648 1141
1650 1140
1652 1142
1654 1139
1656 1140
1658 1141
1660 1177
1662 1364
1664 1244
1666 1177
1668 1172
1670 1171
1672 1171
1674 1264
1676 1174
1678 1220
1680 1142
1682 1145
1684 1179
1686 1173
1688 1173
1690 1182
1692 1145
1694 1144
1696 1141
1698 1142
1700 1142
1702 1216
1704 1141
1706 1280
1708 1144
1710 1145
1712 1144
1714 1142
1716 1292
1718 1140
1720 1170
1722 1178
1724 1143
1726 1142
1728 1232
1730 1143
1732 1144
1734 1144
1736 1142
1738 1141
1740 1192
1742 1141
1744 1142
1746 1143
1748 1143
1750 1143
1752 1141
1754 1178
1756 1214
1758 1140
1760 1141
1762 1141
1764 1141
1766 1249
1768 1141
1770 1142
1772 1191
1774 1142
1776 1142
1778 1141
1780 1142
1782 1142
1784 1142
1786 1145
1788 1144
1790 1143
1792 1142
1794 1143
1796 1143
1798 1143
1800 1143
1802 1143
1804 1141
1806 1141
1808 1288
1810 1239
1812 1141
1814 1141
1816 1178
1818 1141
1820 1142
1822 1159
1824 1205
1826 1144
1828 1237
1830 1220
1832 1142
1834 1143
1836 1143
1838 1143
1840 1181
1842 1142
1844 1239
1846 1143
1848 1141
1850 1141
1852 1179
1854 1143
1856 1143
1858 1141
1860 1248
1862 1140
1864 1141
1866 1178
1868 1142
1870 1142
1872 1142
1874 1141
1876 1178
1878 1142
1880 1143
1882 1178
1884 1141
1886 1257
1888 1141
1890 1141
1892 1142
1894 1141
1896 1140
1898 1248
1900 1143
1902 1142
1904 1302
1906 1140
1908 1142
1910 1216
1912 1213
1914 1142
1916 1141
1918 1172
1920 1142
1922 1142
1924 1142
1926 1139
1928 1140
1930 1140
1932 1141
1934 1140
1936 1140
1938 1141
1940 1141
1942 1141
1944 1222
1946 1141
1948 1247
1950 1141
1952 1140
1954 1177
1956 1141
1958 1178
1960 1142
1962 1275
1964 1144
1966 1195
1968 1176
1970 1174
1972 1213
1974 1172
1976 1172
1978 1145
1980 1145
1982 1143
1984 1264
1986 1146
1988 1144
1990 1143
1992 1142
1994 1142
1996 1142
1998 1143
2000 2214
