2 115
4 104
6 103
8 102
10 101
12 101
14 101
16 129
18 109
20 108
22 108
24 109
26 109
28 108
30 108
32 137
34 137
36 138
38 138
40 138
42 138
44 137
46 138
48 138
50 196
52 138
54 137
56 232
58 138
60 138
62 170
64 201
66 201
68 201
70 201
72 201
74 200
76 201
78 201
80 200
82 201
84 201
86 201
88 220
90 206
92 206
94 205
96 206
98 206
100 206
102 206
104 206
106 206
108 206
110 206
112 206
114 227
116 206
118 206
120 206
122 206
124 206
126 338
128 338
130 337
132 337
134 338
136 338
138 338
140 338
142 338
144 337
146 337
148 337
150 376
152 337
154 338
156 355
158 338
160 338
162 357
164 337
166 337
168 338
170 337
172 337
174 337
176 337
178 337
180 338
182 337
184 406
186 373
188 337
190 337
192 337
194 337
196 338
198 338
200 337
202 329
204 329
206 328
208 363
210 328
212 328
214 328
216 328
218 329
220 329
222 329
224 329
226 329
228 472
230 329
232 328
234 328
236 329
238 329
240 329
242 329
244 329
246 329
248 329
250 635
252 794
254 608
256 609
258 608
260 697
262 609
264 610
266 609
268 610
270 609
272 609
274 720
276 745
278 896
280 658
282 632
284 628
286 627
288 626
290 627
292 666
294 646
296 626
298 631
300 627
302 626
304 629
306 630
308 687
310 628
312 628
314 625
316 625
318 625
320 625
322 625
324 625
326 625
328 624
330 625
332 626
334 625
336 625
338 625
340 626
342 647
344 608
346 635
348 645
350 609
352 609
354 610
356 923
358 633
360 630
362 651
364 660
366 630
368 751
370 689
372 680
374 678
376 609
378 652
380 625
382 625
384 635
386 625
388 625
390 625
392 626
394 625
396 632
398 610
400 610
402 607
404 609
406 611
408 609
410 609
412 609
414 609
416 687
418 609
420 609
422 609
424 609
426 608
428 609
430 608
432 609
434 613
436 593
438 594
440 593
442 593
444 593
446 593
448 593
450 593
452 593
454 656
456 608
458 630
460 609
462 620
464 591
466 594
468 594
470 700
472 723
474 689
476 659
478 609
480 608
482 608
484 608
486 608
488 837
490 654
492 621
494 649
496 593
498 705
500 1133
502 1229
504 1247
506 1161
508 1161
510 1161
512 1190
514 1200
516 1197
518 1212
520 1161
522 1161
524 1161
526 1131
528 1186
530 1160
532 1199
534 1131
536 1169
538 1168
540 1130
542 1269
544 1131
546 1158
548 1160
550 1198
552 1159
554 1159
556 1159
558 1131
560 1130
562 1168
564 1129
566 1131
568 1199
570 1162
572 1164
574 1200
576 1194
578 1131
580 1131
582 1130
584 1160
586 1159
588 1189
590 1132
592 1166
594 1132
596 1131
598 1131
600 1171
602 1133
604 1165
606 1131
608 1132
610 1131
612 1200
614 1207
616 1129
618 1129
620 1130
622 1178
624 1249
626 1132
628 1130
630 1131
632 1131
634 1132
636 1168
638 1131
640 1131
642 1129
644 1132
646 1168
648 1168
650 1129
652 1204
654 1282
656 1130
658 1131
660 1131
662 1131
664 1131
666 1132
668 1202
670 1131
672 1132
674 1128
676 1158
678 1159
680 1129
682 1129
684 1168
686 1132
688 1132
690 1131
692 1130
694 1129
696 1167
698 1132
700 1131
702 1131
704 1129
706 1312
708 1167
710 1132
712 1196
714 1167
716 1131
718 1130
720 1168
722 1133
724 1205
726 1131
728 1131
730 1169
732 1225
734 1131
736 1168
738 1132
740 1191
742 1128
744 1169
746 1131
748 1131
750 1131
752 1128
754 1132
756 1168
758 1128
760 1132
762 1133
764 1133
766 1282
768 1169
770 1130
772 1131
774 1131
776 1132
778 1167
780 1168
782 1131
784 1167
786 1207
788 1131
790 1129
792 1166
794 1131
796 1134
798 1130
800 1206
802 1130
804 1167
806 1131
808 1207
810 1131
812 1131
814 1166
816 1153
818 1131
820 1132
822 1168
824 1168
826 1204
828 1130
830 1131
832 1131
834 1206
836 1131
838 1131
840 1132
842 1150
844 1167
846 1131
848 1131
850 1205
852 1130
854 1131
856 1129
858 1268
860 1131
862 1131
864 1131
866 1132
868 1131
870 1167
872 1131
874 1131
876 1131
878 1131
880 1131
882 1130
884 1131
886 1133
888 1212
890 1151
892 1128
894 1133
896 1170
898 1131
900 1132
902 1129
904 1131
906 1131
908 1132
910 1130
912 1207
914 1132
916 1133
918 1129
920 1133
922 1133
924 1169
926 1131
928 1130
930 1132
932 1130
934 1168
936 1130
938 1131
940 1131
942 1129
944 1129
946 1130
948 1129
950 1168
952 1132
954 1131
956 1131
958 1131
960 1210
962 1131
964 1130
966 1129
968 1130
970 1130
972 1130
974 1131
976 1131
978 1130
980 1131
982 1130
984 1131
986 1131
988 1213
990 1130
992 1245
994 1131
996 1133
998 1131
1000 2293
1002 2286
1004 2310
1006 2280
1008 2391
1010 2310
1012 2275
1014 2385
1016 2634
1018 2275
1020 2327
1022 2380
1024 2388
1026 2336
1028 2336
1030 2336
1032 2503
1034 2332
1036 2274
1038 2276
1040 2315
1042 2275
1044 2349
1046 2275
1048 2273
1050 2275
1052 2274
1054 2251
1056 2216
1058 2239
1060 2219
1062 2238
1064 2234
1066 2287
1068 2251
1070 2218
1072 2250
1074 2330
1076 2220
1078 2291
1080 2216
1082 2251
1084 2317
1086 2216
1088 2291
1090 2218
1092 2252
1094 2252
1096 2256
1098 2290
1100 2219
1102 2217
1104 2252
1106 2216
1108 2253
1110 2293
1112 2291
1114 2216
1116 2291
1118 2288
1120 2217
1122 2216
1124 2270
1126 2407
1128 2716
1130 2337
1132 2279
1134 2275
1136 2309
1138 2387
1140 2275
1142 2274
1144 2276
1146 2250
1148 2323
1150 2316
1152 2220
1154 2370
1156 2217
1158 2216
1160 2287
1162 2219
1164 2256
1166 2274
1168 2218
1170 2534
1172 2249
1174 2218
1176 2216
1178 2247
1180 2215
1182 2216
1184 2215
1186 2252
1188 2249
1190 2217
1192 2506
1194 2219
1196 2217
1198 2471
1200 2278
1202 2427
1204 2348
1206 2274
1208 2275
1210 2276
1212 2274
1214 2268
1216 2216
1218 2353
1220 2216
1222 2251
1224 2217
1226 2216
1228 2334
1230 2324
1232 2214
1234 2219
1236 2274
1238 2218
1240 2327
1242 2326
1244 2216
1246 2255
1248 2249
1250 2218
1252 2212
1254 2216
1256 2217
1258 2251
1260 2270
1262 2254
1264 2217
1266 2214
1268 2373
1270 2289
1272 2285
1274 2230
1276 2217
1278 2216
1280 2218
1282 2216
1284 2216
1286 2291
1288 2219
1290 2256
1292 2348
1294 2309
1296 2218
1298 2253
1300 2216
1302 2664
1304 2539
1306 2589
1308 2274
1310 2308
1312 2303
1314 2376
1316 2336
1318 2217
1320 2215
1322 2286
1324 2307
1326 2216
1328 2289
1330 2218
1332 2217
1334 2217
1336 2217
1338 2250
1340 2216
1342 2324
1344 2304
1346 2263
1348 2217
1350 2216
1352 2251
1354 2216
1356 2273
1358 2216
1360 2251
1362 2406
1364 2216
1366 2326
1368 2216
1370 2255
1372 2298
1374 2218
1376 2254
1378 2292
1380 2408
1382 2352
1384 2445
1386 2279
1388 2277
1390 2277
1392 2357
1394 2278
1396 2276
1398 2251
1400 2298
1402 2255
1404 2253
1406 2217
1408 2218
1410 2215
1412 2216
1414 2307
1416 2255
1418 2219
1420 2273
1422 2252
1424 2341
1426 2214
1428 2301
1430 2219
1432 2253
1434 2337
1436 2216
1438 2212
1440 2289
1442 2217
1444 2214
1446 2368
1448 2216
1450 2216
1452 2254
1454 2217
1456 2217
1458 2216
1460 2328
1462 2215
1464 2632
1466 2216
1468 2276
1470 2275
1472 2275
1474 2292
1476 2216
1478 2216
1480 2324
1482 2288
1484 2217
1486 2221
1488 2314
1490 2216
1492 2216
1494 2344
1496 2216
1498 2216
1500 2216
1502 2216
1504 2216
1506 2369
1508 2213
1510 2531
1512 2524
1514 2277
1516 2362
1518 2273
1520 2217
1522 2303
1524 2217
1526 2253
1528 2216
1530 2216
1532 2253
1534 2297
1536 2216
1538 2259
1540 2297
1542 2216
1544 2255
1546 2220
1548 2216
1550 2252
1552 2216
1554 2292
1556 2219
1558 2291
1560 2215
1562 2215
1564 2249
1566 2216
1568 2430
1570 2216
1572 2216
1574 2291
1576 2249
1578 2216
1580 2309
1582 2254
1584 2219
1586 2257
1588 2350
1590 2480
1592 2219
1594 2344
1596 2303
1598 2455
1600 2382
1602 2216
1604 2304
1606 2352
1608 2304
1610 2256
1612 2253
1614 2219
1616 2251
1618 2215
1620 2214
1622 2219
1624 2250
1626 2290
1628 2214
1630 2250
1632 2290
1634 2291
1636 2216
1638 2252
1640 2248
1642 2215
1644 2291
1646 2216
1648 2337
1650 2366
1652 2251
1654 2216
1656 2218
1658 2291
1660 2298
1662 2218
1664 2253
1666 2216
1668 2368
1670 2272
1672 2398
1674 2218
1676 2293
1678 2328
1680 2253
1682 2253
1684 2216
1686 2291
1688 2212
1690 2255
1692 2255
1694 2218
1696 2218
1698 2217
1700 2215
1702 2251
1704 2289
1706 2219
1708 2290
1710 2253
1712 2254
1714 2291
1716 2217
1718 2255
1720 2239
1722 2216
1724 2250
1726 2220
1728 2252
1730 2216
1732 2216
1734 2253
1736 2216
1738 2216
1740 2325
1742 2215
1744 2268
1746 2291
1748 2253
1750 2216
1752 2401
1754 2217
1756 2251
1758 2394
1760 2218
1762 2216
1764 2363
1766 2215
1768 2254
1770 2217
1772 2214
1774 2216
1776 2290
1778 2218
1780 2254
1782 2216
1784 2253
1786 2217
1788 2254
1790 2290
1792 2217
1794 2216
1796 2253
1798 2217
1800 2289
1802 2293
1804 2216
1806 2299
1808 2216
1810 2217
1812 2252
1814 2216
1816 2326
1818 2293
1820 2219
1822 2290
1824 2254
1826 2250
1828 2291
1830 2218
1832 2217
1834 2291
1836 2218
1838 2216
1840 2216
1842 2217
1844 2216
1846 2216
1848 2217
1850 2255
1852 2218
1854 2354
1856 2216
1858 2217
1860 2254
1862 2219
1864 2256
1866 2326
1868 2217
1870 2255
1872 2328
1874 2216
1876 2218
1878 2299
1880 2627
1882 2276
1884 2275
1886 2313
1888 2401
1890 2278
1892 2284
1894 2281
1896 2217
1898 2216
1900 2217
1902 2257
1904 2338
1906 2277
1908 2213
1910 2322
1912 2218
1914 2301
1916 2287
1918 2212
1920 2222
1922 2324
1924 2214
1926 2255
1928 2294
1930 2217
1932 2218
1934 2217
1936 2375
1938 2492
1940 2396
1942 2276
1944 2279
1946 2217
1948 2216
1950 2296
1952 2216
1954 2217
1956 2216
1958 2216
1960 2327
1962 2254
1964 2253
1966 2289
1968 2219
1970 2217
1972 2295
1974 2216
1976 2253
1978 2256
1980 2219
1982 2219
1984 2221
1986 3300
1988 2290
1990 2216
1992 2256
1994 2332
1996 2215
1998 2219
2000 4436
