2 240
4 219
6 219
8 206
10 203
12 204
14 203
16 194
18 195
20 193
22 190
24 190
26 191
28 195
30 190
32 194
34 191
36 188
38 189
40 189
42 187
44 187
46 193
48 192
50 191
52 190
54 190
56 189
58 188
60 190
62 177
64 189
66 185
68 190
70 188
72 183
74 183
76 184
78 184
80 184
82 184
84 184
86 184
88 183
90 183
92 184
94 183
96 183
98 183
100 183
102 1035
104 200
106 207
108 196
110 194
112 193
114 192
116 187
118 188
120 187
122 185
124 185
126 239
128 239
130 242
132 238
134 237
136 238
138 352
140 239
142 239
144 238
146 238
148 243
150 238
152 239
154 239
156 277
158 241
160 241
162 238
164 238
166 238
168 238
170 239
172 242
174 241
176 238
178 238
180 238
182 238
184 238
186 238
188 238
190 238
192 238
194 330
196 359
198 321
200 391
202 293
204 248
206 247
208 246
210 246
212 245
214 244
216 244
218 245
220 245
222 245
224 244
226 244
228 245
230 238
232 238
234 238
236 238
238 238
240 238
242 238
244 265
246 304
248 238
250 386
252 356
254 358
256 366
258 416
260 399
262 364
264 364
266 364
268 363
270 366
272 381
274 493
276 365
278 405
280 442
282 366
284 365
286 365
288 364
290 364
292 384
294 374
296 374
298 381
300 376
302 374
304 373
306 376
308 374
310 374
312 364
314 364
316 364
318 365
320 364
322 364
324 365
326 365
328 365
330 370
332 446
334 414
336 357
338 357
340 355
342 355
344 355
346 354
348 378
350 365
352 365
354 364
356 365
358 364
360 364
362 365
364 365
366 364
368 365
370 365
372 364
374 366
376 364
378 365
380 365
382 364
384 364
386 375
388 357
390 356
392 355
394 355
396 354
398 355
400 355
402 355
404 355
406 355
408 355
410 355
412 354
414 354
416 355
418 355
420 355
422 391
424 355
426 355
428 428
430 355
432 355
434 355
436 354
438 354
440 356
442 355
444 356
446 355
448 394
450 356
452 355
454 355
456 355
458 355
460 355
462 355
464 355
466 355
468 355
470 355
472 354
474 355
476 355
478 355
480 355
482 355
484 355
486 355
488 392
490 355
492 355
494 355
496 355
498 356
500 618
502 618
504 618
506 618
508 618
510 619
512 618
514 651
516 618
518 618
520 618
522 618
524 617
526 617
528 618
530 617
532 617
534 618
536 619
538 619
540 617
542 618
544 618
546 620
548 618
550 618
552 708
554 646
556 634
558 634
560 674
562 670
564 635
566 635
568 637
570 636
572 634
574 674
576 635
578 687
580 636
582 652
584 635
586 634
588 635
590 635
592 618
594 618
596 617
598 618
600 743
602 617
604 618
606 618
608 646
610 637
612 635
614 695
616 861
618 663
620 660
622 657
624 728
626 657
628 655
630 653
632 658
634 689
636 652
638 654
640 651
642 651
644 680
646 651
648 651
650 651
652 670
654 658
656 656
658 652
660 654
662 654
664 651
666 654
668 652
670 652
672 656
674 652
676 652
678 652
680 634
682 634
684 635
686 670
688 634
690 636
692 635
694 740
696 634
698 634
700 646
702 635
704 669
706 634
708 618
710 618
712 617
714 617
716 618
718 619
720 620
722 619
724 618
726 618
728 618
730 619
732 618
734 618
736 618
738 617
740 657
742 693
744 634
746 634
748 634
750 618
752 618
754 655
756 636
758 618
760 618
762 619
764 655
766 654
768 617
770 618
772 619
774 619
776 657
778 670
780 634
782 635
784 619
786 619
788 618
790 634
792 635
794 620
796 692
798 618
800 638
802 655
804 674
806 617
808 618
810 637
812 655
814 618
816 619
818 618
820 618
822 618
824 619
826 683
828 634
830 635
832 619
834 618
836 618
838 618
840 617
842 618
844 617
846 619
848 617
850 617
852 635
854 619
856 656
858 619
860 618
862 618
864 656
866 618
868 618
870 620
872 762
874 689
876 635
878 635
880 634
882 740
884 636
886 663
888 671
890 634
892 638
894 637
896 636
898 635
900 635
902 634
904 663
906 634
908 719
910 635
912 634
914 634
916 732
918 618
920 618
922 656
924 618
926 617
928 655
930 618
932 618
934 619
936 617
938 617
940 618
942 619
944 618
946 619
948 618
950 618
952 617
954 618
956 617
958 618
960 617
962 617
964 619
966 690
968 617
970 617
972 618
974 691
976 654
978 617
980 618
982 618
984 657
986 618
988 638
990 618
992 617
994 617
996 678
998 619
1000 1148
1002 1228
1004 1148
1006 1149
1008 1151
1010 1203
1012 1253
1014 1148
1016 1147
1018 1191
1020 1149
1022 1148
1024 1148
1026 1147
1028 1146
1030 1147
1032 1147
1034 1147
1036 1146
1038 1146
1040 1146
1042 1147
1044 1147
1046 1146
1048 1146
1050 1219
1052 1183
1054 1145
1056 1224
1058 1146
1060 1226
1062 1146
1064 1146
1066 1149
1068 1220
1070 1146
1072 1146
1074 1146
1076 1182
1078 1147
1080 1147
1082 1145
1084 1176
1086 1176
1088 1203
1090 1201
1092 1637
1094 1167
1096 1166
1098 1211
1100 1165
1102 1165
1104 1198
1106 1164
1108 1165
1110 1388
1112 1133
1114 1180
1116 1166
1118 1166
1120 1164
1122 1164
1124 1165
1126 1174
1128 1172
1130 1227
1132 1133
1134 1225
1136 1137
1138 1134
1140 1133
1142 1134
1144 1133
1146 1133
1148 1133
1150 1133
1152 1134
1154 1134
1156 1135
1158 1134
1160 1138
1162 1156
1164 1134
1166 1134
1168 1133
1170 1134
1172 1315
1174 1136
1176 1136
1178 1171
1180 1136
1182 1214
1184 1171
1186 1208
1188 1135
1190 1135
1192 1170
1194 1134
1196 1133
1198 1133
1200 1134
1202 1133
1204 1134
1206 1170
1208 1169
1210 1134
1212 1172
1214 1134
1216 1170
1218 1136
1220 1281
1222 1136
1224 1164
1226 1207
1228 1167
1230 1167
1232 1235
1234 1161
1236 1250
1238 1133
1240 1153
1242 1177
1244 1134
1246 1169
1248 1171
1250 1133
1252 1134
1254 1134
1256 1260
1258 1163
1260 1163
1262 1200
1264 1135
1266 1246
1268 1135
1270 1153
1272 1170
1274 1133
1276 1133
1278 1170
1280 1134
1282 1134
1284 1169
1286 1169
1288 1134
1290 1277
1292 1136
1294 1170
1296 1135
1298 1136
1300 1135
1302 1135
1304 1134
1306 1134
1308 1169
1310 1133
1312 1134
1314 1204
1316 1135
1318 1136
1320 1134
1322 1170
1324 1290
1326 1169
1328 1171
1330 1134
1332 1133
1334 1134
1336 1133
1338 1173
1340 1133
1342 1133
1344 1170
1346 1133
1348 1339
1350 1133
1352 1135
1354 1169
1356 1133
1358 1134
1360 1170
1362 1134
1364 1135
1366 1134
1368 1132
1370 1132
1372 1132
1374 1133
1376 1134
1378 1132
1380 1134
1382 1135
1384 1135
1386 1133
1388 1134
1390 1133
1392 1170
1394 1134
1396 1310
1398 1211
1400 1134
1402 1134
1404 1174
1406 1133
1408 1133
1410 1267
1412 1134
1414 1135
1416 1133
1418 1132
1420 1132
1422 1132
1424 1209
1426 1133
1428 1171
1430 1204
1432 1132
1434 1134
1436 1206
1438 1133
1440 1170
1442 1132
1444 1134
1446 1136
1448 1133
1450 1134
1452 1170
1454 1134
1456 1133
1458 1133
1460 1134
1462 1203
1464 1133
1466 1133
1468 1207
1470 1132
1472 1211
1474 1188
1476 1134
1478 1163
1480 1181
1482 1166
1484 1165
1486 1252
1488 1175
1490 1134
1492 1194
1494 1133
1496 1170
1498 1133
1500 1135
1502 1132
1504 1133
1506 1134
1508 1134
1510 1191
1512 1284
1514 1242
1516 1169
1518 1167
1520 1164
1522 1166
1524 1319
1526 1242
1528 1166
1530 1166
1532 1165
1534 1134
1536 1135
1538 1134
1540 1134
1542 1133
1544 1133
1546 1134
1548 1207
1550 1134
1552 1134
1554 1212
1556 1134
1558 1168
1560 1133
1562 1132
1564 1133
1566 1133
1568 1133
1570 1134
1572 1210
1574 1171
1576 1133
1578 1134
1580 1171
1582 1171
1584 1133
1586 1136
1588 1134
1590 1134
1592 1155
1594 1133
1596 1132
1598 1132
1600 1134
1602 1133
1604 1134
1606 1137
1608 1135
1610 1135
1612 1265
1614 1273
1616 1135
1618 1134
1620 1209
1622 1134
1624 1134
1626 1134
1628 1134
1630 1172
1632 1135
1634 1135
1636 1170
1638 1206
1640 1133
1642 1134
1644 1281
1646 1133
1648 1132
1650 1133
1652 1216
1654 1135
1656 1133
1658 1172
1660 1133
1662 1147
1664 1146
1666 1143
1668 1179
1670 1144
1672 1144
1674 1162
1676 1181
1678 1144
1680 1143
1682 1143
1684 1179
1686 1142
1688 1143
1690 1180
1692 1142
1694 1143
1696 1142
1698 1142
1700 1142
1702 1180
1704 1144
1706 1175
1708 1142
1710 1221
1712 1180
1714 1142
1716 1144
1718 1142
1720 1141
1722 1142
1724 1141
1726 1178
1728 1143
1730 1143
1732 1143
1734 1179
1736 1142
1738 1199
1740 1143
1742 1201
1744 1214
1746 1143
1748 1255
1750 1215
1752 1141
1754 1141
1756 1142
1758 1142
1760 1180
1762 1196
1764 1143
1766 1142
1768 1256
1770 1142
1772 1175
1774 1142
1776 1142
1778 1142
1780 1142
1782 1178
1784 1180
1786 1218
1788 1179
1790 1144
1792 1143
1794 1144
1796 1142
1798 1142
1800 1249
1802 1447
1804 1310
1806 1243
1808 1174
1810 1203
1812 1266
1814 1176
1816 1146
1818 1145
1820 1175
1822 1253
1824 1143
1826 1144
1828 1173
1830 1174
1832 1180
1834 1144
1836 1143
1838 1142
1840 1179
1842 1172
1844 1142
1846 1310
1848 1178
1850 1176
1852 1214
1854 1147
1856 1176
1858 1175
1860 1175
1862 1174
1864 1173
1866 1160
1868 1179
1870 1143
1872 1143
1874 1313
1876 1145
1878 1175
1880 1308
1882 1176
1884 1174
1886 1210
1888 1182
1890 1143
1892 1178
1894 1143
1896 1179
1898 1142
1900 1142
1902 1142
1904 1142
1906 1172
1908 1172
1910 1172
1912 1143
1914 1144
1916 1143
1918 1142
1920 1143
1922 1142
1924 1142
1926 1143
1928 1141
1930 1256
1932 1143
1934 1142
1936 1141
1938 1141
1940 1141
1942 1160
1944 1142
1946 1141
1948 1177
1950 1143
1952 1218
1954 1196
1956 1142
1958 1142
1960 1144
1962 1142
1964 1143
1966 1144
1968 1162
1970 1144
1972 1227
1974 1143
1976 1144
1978 1143
1980 1142
1982 1142
1984 1142
1986 1142
1988 1141
1990 1178
1992 1178
1994 1291
1996 1216
1998 1173
2000 2272
