2 215
4 198
6 195
8 184
10 183
12 182
14 181
16 174
18 192
20 172
22 172
24 171
26 170
28 170
30 248
32 176
34 175
36 174
38 173
40 173
42 173
44 173
46 172
48 172
50 172
52 201
54 197
56 178
58 175
60 173
62 186
64 192
66 191
68 231
70 190
72 191
74 226
76 193
78 190
80 188
82 188
84 189
86 189
88 189
90 189
92 192
94 193
96 193
98 188
100 192
102 188
104 189
106 189
108 189
110 189
112 189
114 189
116 192
118 192
120 188
122 189
124 189
126 242
128 243
130 242
132 243
134 241
136 241
138 241
140 241
142 241
144 241
146 241
148 241
150 241
152 241
154 241
156 241
158 280
160 241
162 241
164 241
166 241
168 242
170 242
172 241
174 241
176 241
178 277
180 242
182 265
184 235
186 234
188 236
190 234
192 353
194 238
196 237
198 236
200 235
202 236
204 256
206 252
208 242
210 241
212 240
214 241
216 315
218 242
220 277
222 254
224 254
226 311
228 342
230 317
232 330
234 336
236 331
238 336
240 336
242 353
244 254
246 311
248 320
250 544
252 556
254 560
256 538
258 607
260 532
262 534
264 520
266 430
268 454
270 554
272 537
274 493
276 543
278 550
280 550
282 381
284 383
286 389
288 395
290 396
292 370
294 370
296 468
298 419
300 385
302 410
304 682
306 479
308 384
310 476
312 381
314 380
316 379
318 382
320 381
322 380
324 379
326 399
328 381
330 380
332 378
334 379
336 381
338 378
340 383
342 381
344 380
346 379
348 380
350 401
352 380
354 379
356 378
358 379
360 378
362 382
364 379
366 378
368 378
370 381
372 393
374 385
376 386
378 381
380 383
382 381
384 380
386 381
388 380
390 379
392 379
394 380
396 381
398 408
400 379
402 379
404 380
406 378
408 378
410 378
412 379
414 378
416 378
418 368
420 369
422 369
424 370
426 369
428 369
430 405
432 369
434 371
436 369
438 359
440 421
442 361
444 360
446 432
448 360
450 359
452 359
454 360
456 368
458 408
460 368
462 368
464 406
466 369
468 392
470 369
472 369
474 369
476 401
478 432
480 455
482 506
484 397
486 359
488 359
490 358
492 379
494 368
496 369
498 369
500 637
502 636
504 636
506 635
508 635
510 636
512 636
514 636
516 645
518 619
520 621
522 620
524 619
526 692
528 619
530 677
532 619
534 619
536 619
538 656
540 619
542 661
544 636
546 636
548 636
550 619
552 619
554 619
556 618
558 661
560 765
562 922
564 710
566 635
568 636
570 804
572 676
574 670
576 636
578 702
580 653
582 653
584 653
586 652
588 653
590 636
592 624
594 730
596 622
598 696
600 858
602 646
604 623
606 623
608 622
610 684
612 605
614 608
616 759
618 606
620 606
622 606
624 605
626 605
628 717
630 606
632 606
634 606
636 606
638 605
640 679
642 606
644 606
646 607
648 606
650 622
652 605
654 605
656 605
658 606
660 643
662 606
664 606
666 680
668 606
670 748
672 652
674 605
676 605
678 680
680 662
682 606
684 606
686 606
688 606
690 608
692 606
694 779
696 606
698 606
700 606
702 606
704 606
706 606
708 607
710 643
712 606
714 642
716 642
718 605
720 605
722 640
724 606
726 606
728 606
730 608
732 606
734 641
736 641
738 605
740 608
742 606
744 605
746 640
748 606
750 605
752 607
754 605
756 605
758 640
760 605
762 607
764 605
766 605
768 606
770 646
772 606
774 606
776 606
778 605
780 606
782 606
784 607
786 606
788 606
790 679
792 605
794 605
796 605
798 605
800 605
802 605
804 605
806 607
808 605
810 605
812 643
814 660
816 623
818 623
820 622
822 622
824 622
826 622
828 622
830 663
832 622
834 622
836 622
838 621
840 622
842 621
844 621
846 622
848 622
850 787
852 625
854 766
856 606
858 809
860 622
862 737
864 622
866 622
868 622
870 623
872 622
874 622
876 622
878 621
880 626
882 606
884 605
886 605
888 725
890 606
892 606
894 607
896 606
898 607
900 605
902 606
904 606
906 606
908 606
910 606
912 605
914 605
916 605
918 605
920 606
922 605
924 606
926 606
928 607
930 607
932 606
934 606
936 646
938 607
940 606
942 606
944 625
946 605
948 606
950 605
952 605
954 605
956 605
958 643
960 606
962 606
964 606
966 607
968 606
970 606
972 626
974 606
976 606
978 647
980 627
982 628
984 626
986 677
988 776
990 639
992 639
994 639
996 667
998 638
1000 1253
1002 1176
1004 1182
1006 1247
1008 1147
1010 1149
1012 1148
1014 1233
1016 1145
1018 1184
1020 1147
1022 1180
1024 1175
1026 1175
1028 1319
1030 1145
1032 1145
1034 1147
1036 1165
1038 1144
1040 1151
1042 1148
1044 1184
1046 1176
1048 1176
1050 1291
1052 1232
1054 1300
1056 1320
1058 1179
1060 1228
1062 1209
1064 1208
1066 1225
1068 1176
1070 1180
1072 1147
1074 1147
1076 1146
1078 1147
1080 1147
1082 1182
1084 1145
1086 1145
1088 1145
1090 1165
1092 1212
1094 1262
1096 1174
1098 1175
1100 1166
1102 1144
1104 1144
1106 1218
1108 1145
1110 1145
1112 1145
1114 1144
1116 1145
1118 1219
1120 1144
1122 1182
1124 1144
1126 1819
1128 1224
1130 1177
1132 1228
1134 1365
1136 1271
1138 1176
1140 1176
1142 1205
1144 1176
1146 1178
1148 1177
1150 1169
1152 1183
1154 1146
1156 1147
1158 1146
1160 1144
1162 1185
1164 1146
1166 1184
1168 1145
1170 1145
1172 1144
1174 1145
1176 1146
1178 1146
1180 1255
1182 1184
1184 1150
1186 1195
1188 1178
1190 1178
1192 1179
1194 1147
1196 1176
1198 1175
1200 1213
1202 1145
1204 1144
1206 1145
1208 1182
1210 1145
1212 1144
1214 1163
1216 1183
1218 1147
1220 1182
1222 1218
1224 1145
1226 1144
1228 1219
1230 1146
1232 1219
1234 1146
1236 1147
1238 1145
1240 1145
1242 1145
1244 1145
1246 1144
1248 1144
1250 1144
1252 1217
1254 1256
1256 1144
1258 1144
1260 1217
1262 1145
1264 1146
1266 1244
1268 1144
1270 1144
1272 1144
1274 1145
1276 1146
1278 1145
1280 1144
1282 1145
1284 1144
1286 1144
1288 1145
1290 1144
1292 1218
1294 1147
1296 1145
1298 1441
1300 1278
1302 1177
1304 1176
1306 1264
1308 1200
1310 1176
1312 1208
1314 1209
1316 1211
1318 1176
1320 1175
1322 1236
1324 1148
1326 1185
1328 1496
1330 1364
1332 1284
1334 1175
1336 1303
1338 1180
1340 1309
1342 1562
1344 1218
1346 1218
1348 1239
1350 1862
1352 1211
1354 1213
1356 1214
1358 1262
1360 1213
1362 1207
1364 1207
1366 1206
1368 1204
1370 1189
1372 1172
1374 1172
1376 1171
1378 1171
1380 1299
1382 1173
1384 1208
1386 1173
1388 1173
1390 1173
1392 1187
1394 1141
1396 1218
1398 1515
1400 1480
1402 1204
1404 1202
1406 1202
1408 1259
1410 1218
1412 1208
1414 1205
1416 1239
1418 1205
1420 1207
1422 1204
1424 1204
1426 1175
1428 1173
1430 1211
1432 1209
1434 1172
1436 1177
1438 1159
1440 1143
1442 1142
1444 1143
1446 1181
1448 1142
1450 1142
1452 1141
1454 1141
1456 1141
1458 1142
1460 1144
1462 1141
1464 1217
1466 1181
1468 1179
1470 1142
1472 1142
1474 1142
1476 1141
1478 1143
1480 1142
1482 1142
1484 1141
1486 1141
1488 1141
1490 1141
1492 1141
1494 1141
1496 1252
1498 1217
1500 1142
1502 1178
1504 1143
1506 1142
1508 1141
1510 1178
1512 1142
1514 1141
1516 1141
1518 1146
1520 1145
1522 1334
1524 1358
1526 1194
1528 1226
1530 1285
1532 1226
1534 1208
1536 1308
1538 1324
1540 1241
1542 1213
1544 1223
1546 1220
1548 1205
1550 1203
1552 1173
1554 1206
1556 1173
1558 1171
1560 1176
1562 1141
1564 1236
1566 1212
1568 1173
1570 1160
1572 1504
1574 1233
1576 1214
1578 1175
1580 1197
1582 1212
1584 1216
1586 1203
1588 1203
1590 1208
1592 1175
1594 1173
1596 1172
1598 1171
1600 1173
1602 1171
1604 1171
1606 1172
1608 1175
1610 1423
1612 1242
1614 1173
1616 1174
1618 1173
1620 1202
1622 1172
1624 1175
1626 1174
1628 1173
1630 1257
1632 1143
1634 1217
1636 1142
1638 1197
1640 1143
1642 1142
1644 1179
1646 1143
1648 1143
1650 1142
1652 1142
1654 1143
1656 1143
1658 1176
1660 1142
1662 1142
1664 1141
1666 1141
1668 1141
1670 1179
1672 1142
1674 1142
1676 1251
1678 1142
1680 1142
1682 1178
1684 1142
1686 1144
1688 1295
1690 1147
1692 1146
1694 1145
1696 1143
1698 1143
1700 1180
1702 1383
1704 1429
1706 1314
1708 1173
1710 1214
1712 1239
1714 1206
1716 1208
1718 1207
1720 1206
1722 1174
1724 1174
1726 1232
1728 1174
1730 1172
1732 1171
1734 1211
1736 1378
1738 1171
1740 1171
1742 1171
1744 1141
1746 1141
1748 1177
1750 1141
1752 1215
1754 1142
1756 1142
1758 1215
1760 1140
1762 1219
1764 1141
1766 1217
1768 1143
1770 1141
1772 1141
1774 1144
1776 1143
1778 1142
1780 1161
1782 1141
1784 1253
1786 1142
1788 1142
1790 1142
1792 1198
1794 1140
1796 1140
1798 1141
1800 1141
1802 1142
1804 1142
1806 1141
1808 1141
1810 1216
1812 1141
1814 1141
1816 1141
1818 1141
1820 1215
1822 1294
1824 1281
1826 1228
1828 1173
1830 1179
1832 1144
1834 1142
1836 1199
1838 1143
1840 1141
1842 1141
1844 1214
1846 1141
1848 1141
1850 1303
1852 1141
1854 1218
1856 1140
1858 1140
1860 1140
1862 1140
1864 1140
1866 1142
1868 1214
1870 1140
1872 1180
1874 1177
1876 1141
1878 1143
1880 1382
1882 1429
1884 1224
1886 1253
1888 1207
1890 1208
1892 1221
1894 1207
1896 1211
1898 1326
1900 1205
1902 1204
1904 1227
1906 1187
1908 1249
1910 1199
1912 1272
1914 1256
1916 1159
1918 1158
1920 1160
1922 1157
1924 1156
1926 1157
1928 1157
1930 1126
1932 1185
1934 1128
1936 1127
1938 1181
1940 1126
1942 1163
1944 1146
1946 1127
1948 1127
1950 1126
1952 1236
1954 1125
1956 1125
1958 1181
1960 1127
1962 1126
1964 1126
1966 1127
1968 1125
1970 1126
1972 1208
1974 1125
1976 1126
1978 1126
1980 1125
1982 1182
1984 1126
1986 1126
1988 1127
1990 1310
1992 1126
1994 1127
1996 1198
1998 1125
2000 2325
