2 217
4 198
6 197
8 185
10 183
12 183
14 181
16 236
18 173
20 172
22 171
24 170
26 170
28 170
30 172
32 173
34 171
36 170
38 169
40 168
42 168
44 169
46 168
48 168
50 185
52 169
54 228
56 190
58 174
60 172
62 181
64 191
66 187
68 223
70 190
72 189
74 188
76 185
78 185
80 185
82 185
84 185
86 187
88 247
90 190
92 190
94 190
96 229
98 189
100 190
102 190
104 190
106 189
108 189
110 190
112 190
114 207
116 190
118 190
120 189
122 189
124 190
126 245
128 245
130 244
132 243
134 300
136 247
138 245
140 245
142 280
144 243
146 243
148 243
150 243
152 243
154 244
156 243
158 243
160 266
162 244
164 245
166 243
168 242
170 242
172 242
174 243
176 243
178 243
180 243
182 243
184 243
186 278
188 244
190 244
192 244
194 245
196 244
198 243
200 267
202 237
204 237
206 257
208 237
210 237
212 238
214 237
216 302
218 236
220 237
222 237
224 239
226 237
228 237
230 237
232 237
234 295
236 236
238 237
240 236
242 237
244 236
246 237
248 284
250 504
252 362
254 361
256 361
258 361
260 361
262 361
264 361
266 485
268 361
270 361
272 361
274 362
276 446
278 377
280 374
282 375
284 373
286 376
288 371
290 373
292 394
294 374
296 372
298 374
300 372
302 374
304 374
306 378
308 376
310 371
312 371
314 371
316 371
318 371
320 370
322 370
324 370
326 400
328 371
330 372
332 371
334 370
336 370
338 371
340 383
342 361
344 361
346 432
348 363
350 361
352 360
354 363
356 437
358 375
360 373
362 372
364 372
366 433
368 361
370 363
372 361
374 361
376 378
378 373
380 372
382 408
384 373
386 372
388 372
390 371
392 371
394 371
396 361
398 363
400 362
402 394
404 361
406 360
408 361
410 361
412 361
414 362
416 361
418 361
420 360
422 362
424 375
426 361
428 362
430 397
432 361
434 353
436 351
438 351
440 352
442 351
444 351
446 352
448 389
450 352
452 352
454 361
456 361
458 376
460 361
462 351
464 352
466 351
468 351
470 447
472 471
474 406
476 476
478 363
480 363
482 362
484 361
486 421
488 375
490 369
492 393
494 356
496 352
498 432
500 606
502 606
504 623
506 623
508 641
510 621
512 621
514 621
516 697
518 621
520 621
522 622
524 663
526 641
528 639
530 622
532 636
534 715
536 716
538 641
540 606
542 736
544 606
546 621
548 621
550 622
552 621
554 621
556 703
558 605
560 605
562 606
564 605
566 665
568 660
570 621
572 605
574 621
576 605
578 607
580 689
582 672
584 621
586 621
588 605
590 739
592 605
594 605
596 606
598 605
600 716
602 604
604 605
606 605
608 605
610 605
612 606
614 605
616 606
618 606
620 606
622 621
624 605
626 605
628 605
630 604
632 605
634 605
636 605
638 605
640 605
642 606
644 641
646 605
648 605
650 605
652 605
654 679
656 605
658 678
660 604
662 605
664 605
666 605
668 606
670 624
672 605
674 605
676 622
678 699
680 606
682 605
684 605
686 605
688 606
690 641
692 606
694 605
696 605
698 605
700 605
702 604
704 605
706 605
708 605
710 605
712 627
714 605
716 605
718 605
720 606
722 604
724 605
726 605
728 605
730 624
732 605
734 605
736 605
738 604
740 605
742 606
744 605
746 605
748 605
750 605
752 605
754 605
756 605
758 679
760 605
762 604
764 604
766 605
768 641
770 605
772 605
774 606
776 605
778 605
780 605
782 605
784 605
786 607
788 605
790 605
792 604
794 604
796 604
798 605
800 605
802 606
804 605
806 605
808 606
810 605
812 605
814 605
816 639
818 605
820 605
822 605
824 606
826 605
828 682
830 606
832 605
834 605
836 605
838 605
840 660
842 605
844 641
846 605
848 605
850 605
852 681
854 605
856 604
858 605
860 605
862 606
864 641
866 778
868 605
870 605
872 605
874 605
876 641
878 682
880 605
882 606
884 679
886 605
888 641
890 604
892 605
894 605
896 607
898 605
900 641
902 606
904 643
906 605
908 606
910 606
912 605
914 644
916 605
918 606
920 604
922 604
924 606
926 606
928 605
930 605
932 605
934 605
936 680
938 604
940 607
942 679
944 605
946 605
948 641
950 643
952 605
954 605
956 605
958 605
960 639
962 607
964 605
966 605
968 605
970 606
972 679
974 606
976 605
978 606
980 606
982 606
984 680
986 606
988 669
990 605
992 605
994 605
996 681
998 606
1000 1121
1002 1245
1004 1150
1006 1150
1008 1151
1010 1150
1012 1151
1014 1375
1016 1154
1018 1153
1020 1155
1022 1249
1024 1233
1026 1183
1028 1184
1030 1195
1032 1235
1034 1203
1036 1318
1038 1265
1040 1150
1042 1150
1044 1149
1046 1152
1048 1149
1050 1149
1052 1244
1054 1123
1056 1122
1058 1217
1060 1120
1062 1150
1064 1120
1066 1121
1068 1120
1070 1158
1072 1261
1074 1119
1076 1119
1078 1120
1080 1121
1082 1121
1084 1161
1086 1123
1088 1123
1090 1159
1092 1122
1094 1122
1096 1120
1098 1119
1100 1198
1102 1121
1104 1158
1106 1121
1108 1120
1110 1120
1112 1121
1114 1120
1116 1198
1118 1122
1120 1121
1122 1121
1124 1123
1126 1572
1128 1173
1130 1151
1132 1151
1134 1152
1136 1151
1138 1246
1140 1190
1142 1153
1144 1156
1146 1155
1148 1161
1150 1123
1152 1122
1154 1121
1156 1121
1158 1121
1160 1119
1162 1119
1164 1195
1166 1120
1168 1120
1170 1157
1172 1120
1174 1120
1176 1120
1178 1242
1180 1121
1182 1121
1184 1209
1186 1193
1188 1119
1190 1184
1192 1124
1194 1123
1196 1144
1198 1153
1200 1152
1202 1152
1204 1152
1206 1152
1208 1151
1210 1152
1212 1151
1214 1123
1216 1211
1218 1120
1220 1121
1222 1193
1224 1120
1226 1121
1228 1207
1230 1159
1232 1120
1234 1119
1236 1120
1238 1119
1240 1119
1242 1120
1244 1119
1246 1119
1248 1120
1250 1249
1252 1119
1254 1197
1256 1121
1258 1120
1260 1157
1262 1158
1264 1119
1266 1120
1268 1123
1270 1123
1272 1148
1274 1121
1276 1200
1278 1231
1280 1124
1282 1184
1284 1124
1286 1120
1288 1235
1290 1121
1292 1120
1294 1121
1296 1120
1298 1120
1300 1120
1302 1314
1304 1141
1306 1173
1308 1170
1310 1169
1312 1226
1314 1169
1316 1185
1318 1140
1320 1139
1322 1136
1324 1136
1326 1136
1328 1136
1330 1136
1332 1172
1334 1170
1336 1138
1338 1136
1340 1136
1342 1216
1344 1136
1346 1357
1348 1136
1350 1138
1352 1212
1354 1136
1356 1135
1358 1174
1360 1136
1362 1135
1364 1136
1366 1135
1368 1135
1370 1135
1372 1135
1374 1135
1376 1135
1378 1153
1380 1405
1382 1169
1384 1167
1386 1166
1388 1166
1390 1166
1392 1169
1394 1169
1396 1170
1398 1175
1400 1136
1402 1139
1404 1215
1406 1136
1408 1173
1410 1137
1412 1138
1414 1134
1416 1136
1418 1191
1420 1136
1422 1174
1424 1136
1426 1136
1428 1139
1430 1138
1432 1137
1434 1136
1436 1136
1438 1136
1440 1136
1442 1136
1444 1135
1446 1136
1448 1136
1450 1215
1452 1136
1454 1136
1456 1213
1458 1136
1460 1137
1462 1234
1464 1137
1466 1165
1468 1165
1470 1166
1472 1154
1474 1210
1476 1136
1478 1209
1480 1137
1482 1135
1484 1214
1486 1135
1488 1191
1490 1136
1492 1136
1494 1135
1496 1136
1498 1135
1500 1247
1502 1136
1504 1135
1506 1208
1508 1137
1510 1325
1512 1251
1514 1168
1516 1168
1518 1174
1520 1137
1522 1231
1524 1136
1526 1211
1528 1136
1530 1136
1532 1136
1534 1136
1536 1135
1538 1135
1540 1135
1542 1208
1544 1135
1546 1211
1548 1137
1550 1138
1552 1136
1554 1135
1556 1173
1558 1136
1560 1136
1562 1137
1564 1136
1566 1137
1568 1226
1570 1140
1572 1139
1574 1174
1576 1138
1578 1138
1580 1142
1582 1138
1584 1137
1586 1172
1588 1509
1590 1139
1592 1171
1594 1171
1596 1165
1598 1212
1600 1140
1602 1172
1604 1138
1606 1140
1608 1200
1610 1178
1612 1137
1614 1136
1616 1138
1618 1243
1620 1217
1622 1136
1624 1135
1626 1174
1628 1136
1630 1137
1632 1137
1634 1136
1636 1136
1638 1178
1640 1137
1642 1137
1644 1135
1646 1136
1648 1136
1650 1172
1652 1135
1654 1135
1656 1173
1658 1135
1660 1173
1662 1135
1664 1209
1666 1135
1668 1135
1670 1136
1672 1135
1674 1136
1676 1135
1678 1138
1680 1208
1682 1137
1684 1137
1686 1217
1688 1172
1690 1137
1692 1135
1694 1192
1696 1136
1698 1294
1700 1137
1702 1137
1704 1135
1706 1135
1708 1136
1710 1136
1712 1210
1714 1173
1716 1136
1718 1135
1720 1191
1722 1137
1724 1135
1726 1250
1728 1137
1730 1137
1732 1136
1734 1135
1736 1136
1738 1171
1740 1136
1742 1137
1744 1134
1746 1136
1748 1136
1750 1136
1752 1136
1754 1135
1756 1136
1758 1135
1760 1135
1762 1135
1764 1135
1766 1135
1768 1135
1770 1208
1772 1193
1774 1135
1776 1245
1778 1135
1780 1135
1782 1135
1784 1135
1786 1135
1788 1136
1790 1135
1792 1135
1794 1323
1796 1172
1798 1135
1800 1138
1802 1135
1804 1136
1806 1135
1808 1172
1810 1136
1812 1136
1814 1136
1816 1135
1818 1135
1820 1135
1822 1172
1824 1135
1826 1136
1828 1134
1830 1135
1832 1135
1834 1136
1836 1135
1838 1136
1840 1172
1842 1210
1844 1135
1846 1173
1848 1135
1850 1134
1852 1135
1854 1173
1856 1212
1858 1138
1860 1135
1862 1135
1864 1136
1866 1136
1868 1136
1870 1134
1872 1135
1874 1135
1876 1123
1878 1265
1880 1330
1882 1151
1884 1221
1886 1241
1888 1151
1890 1153
1892 1120
1894 1120
1896 1369
1898 1122
1900 1121
1902 1158
1904 1186
1906 1119
1908 1222
1910 1123
1912 1122
1914 1120
1916 1156
1918 1118
1920 1119
1922 1119
1924 1119
1926 1118
1928 1156
1930 1118
1932 1119
1934 1225
1936 1118
1938 1158
1940 1149
1942 1192
1944 1118
1946 1228
1948 1123
1950 1119
1952 1231
1954 1119
1956 1118
1958 1118
1960 1156
1962 1118
1964 1119
1966 1229
1968 1117
1970 1117
1972 1118
1974 1118
1976 1155
1978 1117
1980 1117
1982 1117
1984 1193
1986 1232
1988 1121
1990 1155
1992 1120
1994 1121
1996 1328
1998 1119
2000 2225
