5 0
10 0
15 0
20 1
25 1
30 2
35 2
40 2
45 3
50 3
55 4
60 4
65 5
70 5
75 6
80 6
85 7
90 7
95 8
100 8
105 9
110 9
115 9
120 10
125 10
130 11
135 11
140 12
145 12
150 13
155 14
160 15
165 15
170 16
175 17
180 17
185 17
190 18
195 18
200 19
205 20
210 20
215 21
220 21
225 22
230 23
235 23
240 24
245 24
250 25
255 25
260 27
265 27
270 48
275 29
280 64
285 29
290 30
295 30
300 33
305 32
310 32
315 33
320 33
325 35
330 35
335 36
340 36
345 37
350 37
355 38
360 39
365 39
370 40
375 41
380 42
385 43
390 43
395 44
400 44
405 45
410 46
415 46
420 47
425 48
430 87
435 70
440 73
445 69
450 53
455 53
460 53
465 53
470 54
475 55
480 55
485 56
490 57
495 57
500 59
505 59
510 59
515 60
520 61
525 62
530 62
535 63
540 63
545 64
550 65
555 65
560 66
565 66
570 68
575 69
580 138
585 106
590 73
595 73
600 73
605 73
610 74
615 75
620 75
625 76
630 77
635 77
640 78
645 78
650 79
655 122
660 120
665 81
670 81
675 82
680 82
685 83
690 84
695 85
700 85
705 86
710 87
715 87
720 88
725 89
730 90
735 91
740 92
745 93
750 94
755 93
760 94
765 95
770 96
775 97
780 97
785 98
790 99
795 100
800 101
805 101
810 103
815 104
820 124
825 144
830 108
835 108
840 109
845 110
850 111
855 111
860 113
865 113
870 114
875 116
880 189
885 122
890 136
895 120
900 141
905 139
910 120
915 121
920 122
925 123
930 124
935 126
940 125
945 126
950 127
955 128
960 129
965 129
970 130
975 130
980 132
985 133
990 134
995 134
1000 135
1005 135
1010 136
1015 137
1020 138
1025 138
1030 140
1035 140
1040 141
1045 142
1050 142
1055 143
1060 144
1065 145
1070 145
1075 147
1080 147
1085 148
1090 149
1095 150
1100 150
1105 150
1110 152
1115 154
1120 154
1125 155
1130 156
1135 156
1140 156
1145 158
1150 160
1155 159
1160 160
1165 162
1170 162
1175 164
1180 163
1185 164
1190 166
1195 166
1200 167
1205 191
1210 187
1215 170
1220 171
1225 171
1230 171
1235 196
1240 190
1245 176
1250 175
1255 176
1260 271
1265 231
1270 202
1275 209
1280 234
1285 180
1290 327
1295 179
1300 178
1305 180
1310 180
1315 180
1320 180
1325 181
1330 182
1335 184
1340 184
1345 185
1350 185
1355 186
1360 188
1365 188
1370 187
1375 190
1380 213
1385 299
1390 192
1395 192
1400 194
1405 195
1410 214
1415 202
1420 202
1425 203
1430 204
1435 204
1440 205
1445 205
1450 206
1455 208
1460 209
1465 214
1470 320
1475 212
1480 314
1485 214
1490 214
1495 214
1500 215
1505 216
1510 253
1515 219
1520 220
1525 219
1530 221
1535 222
1540 222
1545 260
1550 284
1555 284
1560 286
1565 263
1570 254
1575 229
1580 230
1585 230
1590 231
1595 232
1600 232
1605 233
1610 261
1615 245
1620 248
1625 246
1630 277
1635 250
1640 250
1645 247
1650 250
1655 249
1660 252
1665 272
1670 253
1675 257
1680 291
1685 255
1690 255
1695 254
1700 255
1705 313
1710 259
1715 258
1720 260
1725 260
1730 261
1735 261
1740 263
1745 265
1750 264
1755 274
1760 265
1765 268
1770 276
1775 284
1780 273
1785 271
1790 276
1795 276
1800 275
1805 276
1810 276
1815 276
1820 278
1825 280
1830 282
1835 282
1840 280
1845 282
1850 281
1855 283
1860 298
1865 286
1870 286
1875 286
1880 287
1885 288
1890 288
1895 288
1900 289
1905 291
1910 297
1915 293
1920 294
1925 293
1930 294
1935 296
1940 295
1945 297
1950 300
1955 303
1960 357
1965 302
1970 302
1975 303
1980 305
1985 306
1990 305
1995 305
2000 307
2005 310
2010 308
2015 309
2020 312
2025 353
2030 312
2035 314
2040 314
2045 315
2050 319
2055 317
2060 320
2065 319
2070 321
2075 340
2080 337
2085 324
2090 326
2095 329
2100 333
2105 329
2110 332
2115 360
2120 330
2125 394
2130 412
2135 382
2140 332
2145 335
2150 336
2155 342
2160 342
2165 345
2170 346
2175 347
2180 337
2185 341
2190 342
2195 340
2200 343
2205 343
2210 344
2215 346
2220 346
2225 347
2230 347
2235 426
2240 351
2245 350
2250 351
2255 351
2260 353
2265 352
2270 353
2275 354
2280 356
2285 357
2290 356
2295 359
2300 358
2305 360
2310 361
2315 361
2320 399
2325 362
2330 365
2335 376
2340 367
2345 366
2350 367
2355 369
2360 369
2365 372
2370 402
2375 374
2380 375
2385 376
2390 375
2395 376
2400 378
2405 379
2410 380
2415 380
2420 381
2425 382
2430 384
2435 383
2440 384
2445 385
2450 387
2455 387
2460 387
2465 388
2470 389
2475 389
2480 391
2485 404
2490 468
2495 383
2500 383
2505 510
2510 387
2515 387
2520 389
2525 389
2530 390
2535 391
2540 390
2545 392
2550 393
2555 393
2560 395
2565 397
2570 434
2575 398
2580 449
2585 400
2590 401
2595 477
2600 427
2605 404
2610 404
2615 406
2620 405
2625 407
2630 407
2635 409
2640 453
2645 412
2650 411
2655 411
2660 410
2665 413
2670 415
2675 415
2680 416
2685 416
2690 418
2695 418
2700 503
2705 420
2710 422
2715 433
2720 412
2725 415
2730 414
2735 492
2740 415
2745 415
2750 417
2755 417
2760 419
2765 418
2770 421
2775 420
2780 421
2785 422
2790 422
2795 424
2800 426
2805 500
2810 491
2815 468
2820 449
2825 429
2830 430
2835 544
2840 432
2845 432
2850 432
2855 436
2860 434
2865 435
2870 435
2875 438
2880 438
2885 438
2890 440
2895 440
2900 462
2905 495
2910 444
2915 442
2920 446
2925 446
2930 547
2935 459
2940 461
2945 460
2950 462
2955 471
2960 452
2965 453
2970 454
2975 455
2980 455
2985 456
2990 456
2995 458
3000 458
3005 459
3010 460
3015 462
3020 463
3025 532
3030 464
3035 463
3040 529
3045 484
3050 468
3055 572
3060 548
3065 471
3070 473
3075 472
3080 474
3085 473
3090 473
3095 476
3100 477
3105 476
3110 477
3115 476
3120 533
3125 492
3130 530
3135 493
3140 495
3145 542
3150 497
3155 497
3160 499
3165 501
3170 500
3175 502
3180 502
3185 504
3190 504
3195 505
3200 505
3205 506
3210 508
3215 509
3220 511
3225 509
3230 515
3235 500
3240 499
3245 574
3250 502
3255 500
3260 668
3265 505
3270 504
3275 505
3280 506
3285 506
3290 508
3295 509
3300 509
3305 510
3310 510
3315 512
3320 514
3325 515
3330 515
3335 515
3340 678
3345 588
3350 531
3355 532
3360 541
3365 594
3370 523
3375 522
3380 524
3385 523
3390 599
3395 525
3400 526
3405 526
3410 549
3415 541
3420 542
3425 544
3430 546
3435 546
3440 584
3445 548
3450 641
3455 551
3460 551
3465 552
3470 554
3475 554
3480 554
3485 557
3490 556
3495 565
3500 544
3505 547
3510 546
3515 665
3520 547
3525 548
3530 608
3535 549
3540 551
3545 549
3550 551
3555 592
3560 632
3565 570
3570 572
3575 592
3580 711
3585 616
3590 559
3595 559
3600 562
3605 562
3610 562
3615 640
3620 564
3625 563
3630 661
3635 570
3640 568
3645 570
3650 570
3655 571
3660 589
3665 588
3670 590
3675 588
3680 698
3685 590
3690 589
3695 594
3700 593
3705 632
3710 596
3715 596
3720 597
3725 597
3730 598
3735 600
3740 607
3745 585
3750 586
3755 587
3760 589
3765 590
3770 590
3775 727
3780 591
3785 709
3790 594
3795 671
3800 705
3805 597
3810 598
3815 599
3820 629
3825 616
3830 654
3835 620
3840 700
3845 647
3850 622
3855 622
3860 621
3865 624
3870 638
3875 625
3880 627
3885 626
3890 629
3895 626
3900 614
3905 615
3910 617
3915 617
3920 618
3925 695
3930 620
3935 622
3940 621
3945 622
3950 697
3955 622
3960 766
3965 700
3970 654
3975 642
3980 643
3985 645
3990 647
3995 647
4000 647
4005 648
4010 692
4015 650
4020 651
4025 708
4030 687
4035 657
4040 663
4045 639
4050 641
4055 641
4060 641
4065 643
4070 643
4075 644
4080 710
4085 662
4090 666
4095 680
4100 648
4105 772
4110 666
4115 777
4120 776
4125 654
4130 652
4135 654
4140 653
4145 654
4150 656
4155 658
4160 658
4165 733
4170 659
4175 660
4180 745
4185 761
4190 680
4195 683
4200 683
4205 684
4210 684
4215 687
4220 723
4225 688
4230 688
4235 691
4240 689
4245 732
4250 740
4255 695
4260 730
4265 716
4270 758
4275 735
4280 679
4285 681
4290 682
4295 682
4300 775
4305 702
4310 703
4315 753
4320 760
4325 746
4330 782
4335 706
4340 708
4345 708
4350 709
4355 712
4360 711
4365 715
4370 715
4375 714
4380 716
4385 715
4390 720
4395 844
4400 960
4405 873
4410 880
4415 974
4420 940
4425 724
4430 725
4435 725
4440 724
4445 797
4450 746
4455 754
4460 753
4465 751
4470 750
4475 753
4480 752
4485 754
4490 756
4495 756
4500 756
4505 760
4510 755
4515 741
4520 810
4525 780
4530 744
4535 885
4540 743
4545 748
4550 746
4555 748
4560 748
4565 747
4570 758
4575 804
4580 733
4585 733
4590 774
4595 736
4600 738
4605 735
4610 739
4615 813
4620 740
4625 740
4630 744
4635 744
4640 746
4645 903
4650 765
4655 782
4660 816
4665 751
4670 829
4675 749
4680 752
4685 758
4690 752
4695 755
4700 758
4705 758
4710 756
4715 758
4720 758
4725 841
4730 760
4735 764
4740 760
4745 762
4750 763
4755 765
4760 765
4765 768
4770 768
4775 769
4780 771
4785 769
4790 837
4795 771
4800 903
4805 792
4810 792
4815 800
4820 776
4825 777
4830 776
4835 780
4840 781
4845 781
4850 781
4855 969
4860 781
4865 783
4870 786
4875 784
4880 786
4885 787
4890 788
4895 790
4900 791
4905 870
4910 791
4915 791
4920 872
4925 795
4930 972
4935 858
4940 818
4945 820
4950 925
4955 860
4960 850
4965 1080
4970 961
4975 1094
4980 897
4985 824
4990 828
4995 827
5000 828
5005 831
5010 830
5015 833
5020 833
5025 833
5030 834
5035 907
5040 865
5045 948
5050 1070
5055 880
5060 871
5065 900
5070 938
5075 840
5080 842
5085 845
5090 950
5095 850
5100 845
5105 848
5110 850
5115 849
5120 851
5125 854
5130 882
5135 855
5140 856
5145 855
5150 1047
5155 858
5160 925
5165 936
5170 863
5175 865
5180 867
5185 909
5190 864
5195 865
5200 864
5205 865
5210 917
5215 867
5220 867
5225 871
5230 995
5235 914
5240 874
5245 878
5250 876
5255 877
5260 893
5265 936
5270 854
5275 985
5280 858
5285 860
5290 935
5295 860
5300 933
5305 1007
5310 988
5315 906
5320 917
5325 961
5330 927
5335 894
5340 927
5345 892
5350 894
5355 894
5360 921
5365 899
5370 897
5375 897
5380 940
5385 1025
5390 901
5395 902
5400 940
5405 906
5410 903
5415 903
5420 907
5425 906
5430 907
5435 961
5440 987
5445 909
5450 910
5455 912
5460 911
5465 915
5470 957
5475 914
5480 919
5485 994
5490 967
5495 995
5500 921
5505 921
5510 921
5515 924
5520 924
5525 915
5530 902
5535 901
5540 905
5545 988
5550 986
5555 904
5560 907
5565 909
5570 1064
5575 912
5580 911
5585 909
5590 912
5595 913
5600 1000
5605 991
5610 950
5615 993
5620 918
5625 917
5630 919
5635 919
5640 920
5645 922
5650 950
5655 997
5660 926
5665 925
5670 926
5675 928
5680 931
5685 931
5690 968
5695 931
5700 931
5705 935
5710 1009
5715 1024
5720 954
5725 1011
5730 939
5735 938
5740 941
5745 939
5750 944
5755 944
5760 1127
5765 950
5770 946
5775 947
5780 948
5785 946
5790 1065
5795 1078
5800 1359
5805 1192
5810 1210
5815 1091
5820 998
5825 1018
5830 1010
5835 1009
5840 1010
5845 1012
5850 1011
5855 1019
5860 1018
5865 1016
5870 1012
5875 987
5880 1147
5885 991
5890 992
5895 1029
5900 993
5905 993
5910 1036
5915 1058
5920 1166
5925 998
5930 1033
5935 1000
5940 1001
5945 1003
5950 1001
5955 1003
5960 1080
5965 1074
5970 1005
5975 1044
5980 1008
5985 1011
5990 1013
5995 1012
6000 1011
6005 1010
6010 1104
6015 1078
6020 1005
6025 991
6030 992
6035 993
6040 992
6045 995
6050 994
6055 994
6060 1076
6065 998
6070 998
6075 1002
6080 1001
6085 1001
6090 1063
6095 1020
6100 1001
6105 1003
6110 1090
6115 1006
6120 1095
6125 1009
6130 1008
6135 1010
6140 1012
6145 1011
6150 1012
6155 1010
6160 1093
6165 1013
6170 1088
6175 1018
6180 1019
6185 1021
6190 1022
6195 1023
6200 1023
6205 1154
6210 1100
6215 1044
6220 1066
6225 1029
6230 1027
6235 1088
6240 1028
6245 1180
6250 1312
6255 1200
6260 1160
6265 1062
6270 1059
6275 1062
6280 1064
6285 1063
6290 1107
6295 1066
6300 1068
6305 1143
6310 1161
6315 1070
6320 1072
6325 1072
6330 1069
6335 1074
6340 1074
6345 1075
6350 1114
6355 1117
6360 1077
6365 1076
6370 1080
6375 1082
6380 1054
6385 1057
6390 1054
6395 1057
6400 1147
6405 1217
6410 1057
6415 1059
6420 1137
6425 1062
6430 1061
6435 1061
6440 1067
6445 1166
6450 1127
6455 1067
6460 1067
6465 1131
6470 1128
6475 1071
6480 1073
6485 1070
6490 1094
6495 1146
6500 1228
6505 1075
6510 1076
6515 1078
6520 1080
6525 1233
6530 1154
6535 1123
6540 1167
6545 1084
6550 1113
6555 1114
6560 1115
6565 1119
6570 1115
6575 1119
6580 1121
6585 1159
6590 1171
6595 1109
6600 1094
6605 1094
6610 1096
6615 1134
6620 1096
6625 1176
6630 1182
6635 1177
6640 1101
6645 1104
6650 1104
6655 1103
6660 1104
6665 1107
6670 1106
6675 1185
6680 1399
6685 1108
6690 1108
6695 1111
6700 1114
6705 1114
6710 1116
6715 1116
6720 1212
6725 1223
6730 1145
6735 1149
6740 1147
6745 1150
6750 1186
6755 1151
6760 1165
6765 1199
6770 1195
6775 1126
6780 1126
6785 1203
6790 1129
6795 1127
6800 1129
6805 1127
6810 1209
6815 1169
6820 1134
6825 1132
6830 1136
6835 1135
6840 1137
6845 1212
6850 1139
6855 1214
6860 1222
6865 1139
6870 1220
6875 1142
6880 1142
6885 1145
6890 1145
6895 1150
6900 1223
6905 1544
6910 1446
6915 1269
6920 1219
6925 1221
6930 1226
6935 1287
6940 1220
6945 1225
6950 1220
6955 1227
6960 1222
6965 1223
6970 1228
6975 1226
6980 1225
6985 1226
6990 1227
6995 1230
7000 1228
7005 1215
7010 1203
7015 1199
7020 1236
7025 1206
7030 1231
7035 1202
7040 1204
7045 1192
7050 1325
7055 1175
7060 1175
7065 1254
7070 1179
7075 1180
7080 1181
7085 1183
7090 1281
7095 1263
7100 1184
7105 1389
7110 1319
7115 1188
7120 1210
7125 1265
7130 1221
7135 1362
7140 1262
7145 1260
7150 1260
7155 1225
7160 1228
7165 1227
7170 1230
7175 1227
7180 1262
7185 1230
7190 1268
7195 1336
7200 1218
7205 1202
7210 1278
7215 1204
7220 1207
7225 1344
7230 1287
7235 1366
7240 1240
7245 1243
7250 1244
7255 1243
7260 1245
7265 1394
7270 1333
7275 1936
7280 1685
7285 1250
7290 1252
7295 1255
7300 1312
7305 1326
7310 1395
7315 1254
7320 1345
7325 1298
7330 1258
7335 1259
7340 1260
7345 1340
7350 1343
7355 1262
7360 1324
7365 1265
7370 1265
7375 1303
7380 1311
7385 1310
7390 1271
7395 1274
7400 1270
7405 1316
7410 1270
7415 1273
7420 1276
7425 1313
7430 1374
7435 1276
7440 1278
7445 1281
7450 1281
7455 1284
7460 1271
7465 1411
7470 1251
7475 1370
7480 1249
7485 1254
7490 1257
7495 1332
7500 1294
7505 1460
7510 1469
7515 1301
7520 1261
7525 1259
7530 1297
7535 1298
7540 1335
7545 1295
7550 1335
7555 1300
7560 1301
7565 1387
7570 1271
7575 1309
7580 1345
7585 1446
7590 1276
7595 1275
7600 1351
7605 1339
7610 1316
7615 1275
7620 1355
7625 1280
7630 1282
7635 1357
7640 1284
7645 1281
7650 1282
7655 1325
7660 1362
7665 1413
7670 1286
7675 1288
7680 1290
7685 1407
7690 1353
7695 1421
7700 1369
7705 1291
7710 1291
7715 1297
7720 1296
7725 1299
7730 1300
7735 1602
7740 1554
7745 1371
7750 1372
7755 1372
7760 1379
7765 1376
7770 1388
7775 1377
7780 1390
7785 1345
7790 1345
7795 1344
7800 1345
7805 1345
7810 1351
7815 1490
7820 1314
7825 1313
7830 1316
7835 1525
7840 1889
7845 1786
7850 1746
7855 1357
7860 1398
7865 1359
7870 1437
7875 1395
7880 1488
7885 1447
7890 1400
7895 1399
7900 1405
7905 1404
7910 1404
7915 1416
7920 1369
7925 1368
7930 1374
7935 1370
7940 1373
7945 1469
7950 1492
7955 1455
7960 1436
7965 1342
7970 1419
7975 1341
7980 1342
7985 1343
7990 1426
7995 1347
8000 1349
8005 1350
8010 1431
8015 1351
8020 1351
8025 1352
8030 1428
8035 1529
8040 1450
8045 1357
8050 1355
8055 1356
8060 1359
8065 1475
8070 1360
8075 1361
8080 1363
8085 1364
8090 1361
8095 1364
8100 1443
8105 1478
8110 1422
8115 1371
8120 1409
8125 1486
8130 1371
8135 1372
8140 1486
8145 1375
8150 1373
8155 1376
8160 1377
8165 1493
8170 1435
8175 1450
8180 1566
8185 1383
8190 1381
8195 1478
8200 1421
8205 1420
8210 1502
8215 1421
8220 1422
8225 1428
8230 1488
8235 1428
8240 1429
8245 1507
8250 1559
8255 1432
8260 1432
8265 1434
8270 1435
8275 1433
8280 1477
8285 1508
8290 1485
8295 1403
8300 1401
8305 1404
8310 1401
8315 1472
8320 1451
8325 1440
8330 1561
8335 1489
8340 1408
8345 1409
8350 1578
8355 1414
8360 1415
8365 1417
8370 1416
8375 1590
8380 1471
8385 1579
8390 1511
8395 1456
8400 1419
8405 1425
8410 1423
8415 1459
8420 1445
8425 1467
8430 1501
8435 1559
8440 1425
8445 1466
8450 1430
8455 1585
8460 1882
8465 1587
8470 1471
8475 1471
8480 1472
8485 1475
8490 1550
8495 1476
8500 1552
8505 1477
8510 1477
8515 1481
8520 1482
8525 1528
8530 1584
8535 1522
8540 1485
8545 1488
8550 1561
8555 1487
8560 1534
8565 1491
8570 1527
8575 1493
8580 1492
8585 1485
8590 1550
8595 1549
8600 1498
8605 1461
8610 1460
8615 1717
8620 1498
8625 1549
8630 1505
8635 1506
8640 1505
8645 1503
8650 1481
8655 1471
8660 1553
8665 1684
8670 2179
8675 1804
8680 1686
8685 1561
8690 1576
8695 1515
8700 1516
8705 1556
8710 1520
8715 1519
8720 1518
8725 1559
8730 1652
8735 1526
8740 1524
8745 1525
8750 1531
8755 1572
8760 1532
8765 1531
8770 1628
8775 1490
8780 1493
8785 1515
8790 1578
8795 1626
8800 1523
8805 1539
8810 1539
8815 1539
8820 1535
8825 1587
8830 1547
8835 1503
8840 1505
8845 1532
8850 1621
8855 1580
8860 1651
8865 1583
8870 1548
8875 1552
8880 1596
8885 1552
8890 1594
8895 1534
8900 1515
8905 1551
8910 1517
8915 1516
8920 1691
8925 1662
8930 1518
8935 1522
8940 1596
8945 1523
8950 1523
8955 1745
8960 1897
8965 2185
8970 1567
8975 1569
8980 1572
8985 1758
8990 1743
8995 1615
9000 1683
9005 1571
9010 1577
9015 1687
9020 1580
9025 1582
9030 1608
9035 1583
9040 1579
9045 1719
9050 1687
9055 1587
9060 1586
9065 1586
9070 1588
9075 1670
9080 1667
9085 1590
9090 1669
9095 1591
9100 1585
9105 1555
9110 1694
9115 1627
9120 1555
9125 1558
9130 1673
9135 1703
9140 1710
9145 1917
9150 1971
9155 1702
9160 1683
9165 1651
9170 1660
9175 1684
9180 1651
9185 1654
9190 1657
9195 1656
9200 1658
9205 1701
9210 1658
9215 1703
9220 1699
9225 1654
9230 1705
9235 1715
9240 1618
9245 1619
9250 1622
9255 1620
9260 1620
9265 1666
9270 1623
9275 1628
9280 1628
9285 1631
9290 1629
9295 1720
9300 1754
9305 1741
9310 1591
9315 1592
9320 1631
9325 1675
9330 1670
9335 1596
9340 1598
9345 1598
9350 1636
9355 1617
9360 1810
9365 1602
9370 1682
9375 1605
9380 1606
9385 1762
9390 1685
9395 1606
9400 1609
9405 1610
9410 1938
9415 2310
9420 1943
9425 1708
9430 1696
9435 1717
9440 1692
9445 1763
9450 1737
9455 1706
9460 1712
9465 1704
9470 1713
9475 1726
9480 1757
9485 1714
9490 1712
9495 1714
9500 1786
9505 1713
9510 1673
9515 1669
9520 1716
9525 1674
9530 1860
9535 1710
9540 1795
9545 1708
9550 1634
9555 1651
9560 1715
9565 1764
9570 1724
9575 1685
9580 1687
9585 1685
9590 1642
9595 1718
9600 1827
9605 1648
9610 1648
9615 1686
9620 1651
9625 1671
9630 1670
9635 1653
9640 1650
9645 1652
9650 1728
9655 1692
9660 1898
9665 1700
9670 1659
9675 1737
9680 1659
9685 1661
9690 1741
9695 1665
9700 1665
9705 1668
9710 1670
9715 1670
9720 1827
9725 1796
9730 1666
9735 1761
9740 1748
9745 1802
9750 1714
9755 1674
9760 1677
9765 1675
9770 1677
9775 1756
9780 1718
9785 1907
9790 1736
9795 1682
9800 1686
9805 1681
9810 1806
9815 1683
9820 1690
9825 1688
9830 1760
9835 1688
9840 1994
9845 1856
9850 1732
9855 1767
9860 1693
9865 1759
9870 1741
9875 1745
9880 1742
9885 1741
9890 1745
9895 1896
9900 1822
9905 1700
9910 1701
9915 1704
9920 1747
9925 1786
9930 1705
9935 1744
9940 1709
9945 1711
9950 1713
9955 1787
9960 1842
9965 1716
9970 1716
9975 1716
9980 1716
9985 1953
9990 1793
9995 1720
10000 1723
