5 0
10 0
15 1
20 1
25 1
30 2
35 2
40 2
45 3
50 3
55 4
60 4
65 5
70 5
75 6
80 6
85 7
90 7
95 8
100 8
105 9
110 9
115 10
120 10
125 11
130 12
135 12
140 13
145 14
150 14
155 15
160 15
165 16
170 17
175 17
180 18
185 18
190 19
195 20
200 20
205 21
210 21
215 22
220 23
225 23
230 24
235 25
240 26
245 26
250 26
255 27
260 28
265 28
270 29
275 30
280 30
285 32
290 32
295 33
300 34
305 34
310 35
315 36
320 37
325 38
330 38
335 39
340 40
345 40
350 41
355 41
360 42
365 43
370 43
375 44
380 45
385 45
390 46
395 47
400 47
405 48
410 49
415 49
420 50
425 51
430 52
435 53
440 53
445 54
450 54
455 55
460 55
465 56
470 57
475 58
480 58
485 59
490 60
495 61
500 62
505 63
510 64
515 65
520 65
525 67
530 67
535 67
540 67
545 68
550 69
555 70
560 70
565 71
570 72
575 72
580 73
585 75
590 76
595 76
600 76
605 77
610 79
615 77
620 79
625 80
630 80
635 81
640 82
645 83
650 83
655 84
660 85
665 85
670 87
675 87
680 88
685 89
690 90
695 91
700 92
705 92
710 93
715 105
720 92
725 93
730 126
735 93
740 95
745 96
750 96
755 116
760 112
765 122
770 112
775 121
780 170
785 106
790 135
795 103
800 104
805 105
810 105
815 107
820 107
825 128
830 128
835 113
840 113
845 114
850 115
855 116
860 127
865 114
870 115
875 115
880 116
885 117
890 117
895 118
900 119
905 120
910 120
915 138
920 126
925 126
930 127
935 128
940 130
945 129
950 131
955 131
960 132
965 133
970 134
975 135
980 135
985 136
990 136
995 137
1000 139
1005 140
1010 141
1015 142
1020 143
1025 144
1030 144
1035 145
1040 146
1045 146
1050 147
1055 148
1060 148
1065 150
1070 150
1075 152
1080 153
1085 153
1090 153
1095 154
1100 154
1105 155
1110 156
1115 160
1120 158
1125 159
1130 159
1135 162
1140 161
1145 162
1150 164
1155 163
1160 164
1165 165
1170 166
1175 195
1180 168
1185 168
1190 170
1195 170
1200 171
1205 172
1210 172
1215 173
1220 189
1225 170
1230 171
1235 173
1240 173
1245 174
1250 174
1255 200
1260 181
1265 182
1270 182
1275 183
1280 185
1285 185
1290 186
1295 201
1300 183
1305 183
1310 184
1315 185
1320 186
1325 221
1330 187
1335 189
1340 297
1345 227
1350 191
1355 232
1360 192
1365 271
1370 208
1375 195
1380 198
1385 196
1390 198
1395 199
1400 199
1405 199
1410 221
1415 238
1420 202
1425 202
1430 205
1435 205
1440 205
1445 206
1450 282
1455 208
1460 210
1465 211
1470 212
1475 213
1480 212
1485 214
1490 214
1495 216
1500 218
1505 217
1510 218
1515 219
1520 219
1525 221
1530 221
1535 292
1540 222
1545 223
1550 226
1555 226
1560 227
1565 228
1570 229
1575 229
1580 230
1585 231
1590 231
1595 233
1600 232
1605 233
1610 355
1615 237
1620 237
1625 238
1630 321
1635 240
1640 240
1645 240
1650 241
1655 242
1660 244
1665 244
1670 244
1675 245
1680 245
1685 252
1690 249
1695 249
1700 249
1705 250
1710 251
1715 249
1720 253
1725 253
1730 254
1735 278
1740 280
1745 339
1750 276
1755 269
1760 271
1765 269
1770 271
1775 305
1780 272
1785 274
1790 278
1795 277
1800 277
1805 281
1810 279
1815 280
1820 288
1825 283
1830 281
1835 281
1840 280
1845 281
1850 281
1855 282
1860 284
1865 285
1870 287
1875 290
1880 290
1885 290
1890 308
1895 298
1900 295
1905 294
1910 293
1915 294
1920 295
1925 295
1930 297
1935 296
1940 300
1945 306
1950 302
1955 300
1960 302
1965 301
1970 309
1975 306
1980 306
1985 306
1990 310
1995 311
2000 310
2005 310
2010 311
2015 312
2020 313
2025 333
2030 320
2035 367
2040 323
2045 318
2050 321
2055 319
2060 323
2065 322
2070 325
2075 323
2080 325
2085 326
2090 327
2095 328
2100 329
2105 334
2110 333
2115 328
2120 332
2125 333
2130 337
2135 333
2140 372
2145 334
2150 334
2155 335
2160 335
2165 338
2170 342
2175 341
2180 341
2185 341
2190 343
2195 364
2200 344
2205 346
2210 345
2215 345
2220 348
2225 349
2230 348
2235 349
2240 349
2245 351
2250 353
2255 353
2260 354
2265 354
2270 404
2275 356
2280 358
2285 358
2290 359
2295 361
2300 361
2305 361
2310 391
2315 363
2320 365
2325 363
2330 382
2335 368
2340 368
2345 370
2350 370
2355 371
2360 370
2365 372
2370 371
2375 373
2380 374
2385 375
2390 376
2395 378
2400 377
2405 378
2410 380
2415 380
2420 385
2425 382
2430 382
2435 384
2440 384
2445 386
2450 388
2455 389
2460 390
2465 391
2470 390
2475 391
2480 393
2485 391
2490 392
2495 394
2500 396
2505 397
2510 399
2515 399
2520 404
2525 392
2530 391
2535 622
2540 462
2545 458
2550 395
2555 396
2560 397
2565 396
2570 397
2575 436
2580 400
2585 402
2590 402
2595 403
2600 402
2605 403
2610 506
2615 444
2620 407
2625 407
2630 428
2635 421
2640 423
2645 423
2650 426
2655 424
2660 424
2665 423
2670 428
2675 427
2680 428
2685 429
2690 429
2695 432
2700 432
2705 433
2710 433
2715 435
2720 436
2725 435
2730 436
2735 439
2740 452
2745 428
2750 429
2755 429
2760 432
2765 452
2770 490
2775 453
2780 436
2785 523
2790 436
2795 438
2800 438
2805 440
2810 440
2815 441
2820 442
2825 442
2830 442
2835 444
2840 445
2845 448
2850 451
2855 437
2860 436
2865 437
2870 438
2875 441
2880 443
2885 442
2890 443
2895 443
2900 524
2905 443
2910 445
2915 446
2920 482
2925 446
2930 448
2935 449
2940 451
2945 452
2950 452
2955 453
2960 455
2965 454
2970 456
2975 458
2980 458
2985 461
2990 460
2995 483
3000 530
3005 462
3010 547
3015 465
3020 464
3025 466
3030 466
3035 467
3040 469
3045 469
3050 470
3055 471
3060 472
3065 473
3070 473
3075 521
3080 509
3085 490
3090 527
3095 490
3100 502
3105 479
3110 480
3115 565
3120 482
3125 483
3130 484
3135 484
3140 485
3145 486
3150 487
3155 488
3160 488
3165 488
3170 489
3175 490
3180 544
3185 527
3190 494
3195 493
3200 495
3205 598
3210 515
3215 559
3220 499
3225 500
3230 575
3235 499
3240 501
3245 595
3250 517
3255 519
3260 519
3265 521
3270 519
3275 567
3280 522
3285 523
3290 523
3295 525
3300 525
3305 525
3310 526
3315 572
3320 564
3325 531
3330 529
3335 544
3340 520
3345 519
3350 522
3355 638
3360 522
3365 523
3370 524
3375 526
3380 527
3385 528
3390 527
3395 550
3400 591
3405 531
3410 588
3415 531
3420 535
3425 534
3430 535
3435 537
3440 535
3445 538
3450 538
3455 540
3460 598
3465 555
3470 556
3475 555
3480 572
3485 587
3490 618
3495 545
3500 604
3505 546
3510 548
3515 548
3520 549
3525 551
3530 552
3535 553
3540 553
3545 555
3550 554
3555 556
3560 556
3565 558
3570 561
3575 560
3580 631
3585 577
3590 619
3595 563
3600 564
3605 565
3610 564
3615 567
3620 568
3625 568
3630 570
3635 568
3640 571
3645 573
3650 573
3655 684
3660 575
3665 576
3670 575
3675 576
3680 644
3685 595
3690 595
3695 596
3700 601
3705 582
3710 582
3715 582
3720 584
3725 585
3730 606
3735 736
3740 588
3745 590
3750 588
3755 728
3760 620
3765 690
3770 610
3775 610
3780 648
3785 612
3790 611
3795 614
3800 614
3805 613
3810 613
3815 653
3820 617
3825 618
3830 622
3835 627
3840 680
3845 679
3850 609
3855 608
3860 610
3865 670
3870 702
3875 648
3880 649
3885 650
3890 652
3895 633
3900 633
3905 640
3910 662
3915 742
3920 781
3925 723
3930 638
3935 640
3940 639
3945 639
3950 641
3955 645
3960 643
3965 642
3970 642
3975 647
3980 647
3985 646
3990 649
3995 684
4000 686
4005 650
4010 654
4015 653
4020 654
4025 655
4030 698
4035 656
4040 737
4045 659
4050 697
4055 700
4060 661
4065 662
4070 765
4075 700
4080 666
4085 665
4090 667
4095 668
4100 668
4105 670
4110 674
4115 671
4120 674
4125 674
4130 675
4135 674
4140 676
4145 675
4150 678
4155 722
4160 677
4165 680
4170 681
4175 681
4180 685
4185 681
4190 684
4195 685
4200 668
4205 668
4210 670
4215 670
4220 763
4225 776
4230 690
4235 695
4240 709
4245 673
4250 714
4255 676
4260 676
4265 679
4270 715
4275 680
4280 680
4285 729
4290 716
4295 685
4300 763
4305 687
4310 688
4315 688
4320 924
4325 693
4330 714
4335 708
4340 712
4345 712
4350 711
4355 748
4360 785
4365 737
4370 803
4375 716
4380 719
4385 791
4390 722
4395 758
4400 722
4405 725
4410 725
4415 725
4420 726
4425 727
4430 727
4435 729
4440 851
4445 730
4450 758
4455 792
4460 739
4465 797
4470 717
4475 715
4480 717
4485 718
4490 721
4495 797
4500 849
4505 800
4510 724
4515 799
4520 726
4525 772
4530 747
4535 746
4540 829
4545 747
4550 749
4555 786
4560 751
4565 751
4570 752
4575 756
4580 753
4585 764
4590 738
4595 738
4600 783
4605 957
4610 775
4615 739
4620 741
4625 745
4630 816
4635 808
4640 831
4645 797
4650 825
4655 897
4660 788
4665 773
4670 770
4675 771
4680 774
4685 783
4690 778
4695 861
4700 804
4705 801
4710 804
4715 836
4720 805
4725 803
4730 803
4735 804
4740 807
4745 806
4750 816
4755 811
4760 844
4765 791
4770 790
4775 793
4780 790
4785 790
4790 793
4795 794
4800 796
4805 797
4810 798
4815 799
4820 842
4825 838
4830 802
4835 804
4840 803
4845 808
4850 806
4855 826
4860 808
4865 808
4870 807
4875 807
4880 913
4885 865
4890 960
4895 836
4900 795
4905 793
4910 792
4915 795
4920 797
4925 799
4930 835
4935 816
4940 903
4945 822
4950 861
4955 824
4960 825
4965 827
4970 826
4975 827
4980 831
4985 829
4990 937
4995 832
5000 893
5005 832
5010 872
5015 835
5020 835
5025 836
5030 836
5035 837
5040 837
5045 842
5050 840
5055 849
5060 856
5065 861
5070 956
5075 823
5080 824
5085 827
5090 827
5095 827
5100 828
5105 866
5110 832
5115 829
5120 1137
5125 835
5130 1076
5135 855
5140 1024
5145 1158
5150 1024
5155 937
5160 899
5165 1012
5170 947
5175 867
5180 991
5185 866
5190 865
5195 868
5200 867
5205 949
5210 893
5215 896
5220 896
5225 902
5230 900
5235 926
5240 900
5245 898
5250 903
5255 904
5260 939
5265 880
5270 880
5275 881
5280 881
5285 880
5290 928
5295 884
5300 921
5305 886
5310 888
5315 889
5320 889
5325 890
5330 893
5335 890
5340 960
5345 912
5350 937
5355 896
5360 897
5365 905
5370 876
5375 876
5380 914
5385 880
5390 916
5395 881
5400 881
5405 966
5410 905
5415 915
5420 942
5425 917
5430 958
5435 888
5440 888
5445 889
5450 891
5455 1019
5460 994
5465 971
5470 917
5475 997
5480 920
5485 921
5490 917
5495 922
5500 921
5505 927
5510 925
5515 991
5520 964
5525 929
5530 926
5535 930
5540 969
5545 930
5550 970
5555 933
5560 934
5565 1120
5570 1018
5575 939
5580 940
5585 941
5590 1039
5595 943
5600 942
5605 940
5610 942
5615 943
5620 943
5625 1051
5630 923
5635 922
5640 925
5645 1015
5650 926
5655 929
5660 928
5665 928
5670 1084
5675 1003
5680 956
5685 957
5690 1034
5695 957
5700 960
5705 961
5710 963
5715 963
5720 967
5725 954
5730 1018
5735 940
5740 942
5745 943
5750 945
5755 944
5760 984
5765 1058
5770 1027
5775 1117
5780 1028
5785 951
5790 950
5795 951
5800 952
5805 951
5810 1029
5815 954
5820 998
5825 958
5830 958
5835 1034
5840 960
5845 962
5850 963
5855 959
5860 963
5865 964
5870 964
5875 967
5880 1135
5885 1050
5890 1082
5895 971
5900 971
5905 972
5910 972
5915 973
5920 973
5925 975
5930 976
5935 1041
5940 1213
5945 979
5950 979
5955 981
5960 1038
5965 1147
5970 1006
5975 1059
5980 1076
5985 1078
5990 1013
5995 1012
6000 1014
6005 1016
6010 1019
6015 1034
6020 1019
6025 1056
6030 1022
6035 1058
6040 1021
6045 1022
6050 1022
6055 1025
6060 1019
6065 1001
6070 1002
6075 1041
6080 1176
6085 1166
6090 1124
6095 1040
6100 1005
6105 1041
6110 1037
6115 1035
6120 1035
6125 1040
6130 1076
6135 1074
6140 1037
6145 1042
6150 1045
6155 1016
6160 1018
6165 1018
6170 1055
6175 1145
6180 1153
6185 1095
6190 1022
6195 1045
6200 1051
6205 1094
6210 1052
6215 1051
6220 1053
6225 1055
6230 1094
6235 1075
6240 1126
6245 1057
6250 1058
6255 1058
6260 1058
6265 1060
6270 1064
6275 1185
6280 1105
6285 1072
6290 1037
6295 1039
6300 1041
6305 1043
6310 1118
6315 1044
6320 1144
6325 1047
6330 1147
6335 1048
6340 1049
6345 1051
6350 1196
6355 1052
6360 1050
6365 1053
6370 1134
6375 1130
6380 1057
6385 1056
6390 1054
6395 1055
6400 1059
6405 1060
6410 1064
6415 1100
6420 1062
6425 1138
6430 1064
6435 1137
6440 1064
6445 1067
6450 1103
6455 1072
6460 1071
6465 1182
6470 1141
6475 1071
6480 1073
6485 1075
6490 1076
6495 1074
6500 1114
6505 1113
6510 1080
6515 1078
6520 1097
6525 1078
6530 1137
6535 1080
6540 1083
6545 1086
6550 1226
6555 1125
6560 1198
6565 1167
6570 1206
6575 1091
6580 1093
6585 1094
6590 1232
6595 1130
6600 1185
6605 1265
6610 1351
6615 1172
6620 1126
6625 1128
6630 1130
6635 1129
6640 1208
6645 1220
6650 1227
6655 1134
6660 1135
6665 1175
6670 1135
6675 1173
6680 1178
6685 1141
6690 1145
6695 1186
6700 1141
6705 1144
6710 1146
6715 1147
6720 1332
6725 1428
6730 1405
6735 1243
6740 1151
6745 1356
6750 1397
6755 1204
6760 1209
6765 1232
6770 1251
6775 1196
6780 1227
6785 1209
6790 1193
6795 1193
6800 1264
6805 1192
6810 1193
6815 1320
6820 1237
6825 1219
6830 1204
6835 1218
6840 1201
6845 1202
6850 1227
6855 1211
6860 1254
6865 1204
6870 1208
6875 1215
6880 1206
6885 1280
6890 1208
6895 1210
6900 1252
6905 1217
6910 1215
6915 1215
6920 1216
6925 1217
6930 1218
6935 1225
6940 1220
6945 1250
6950 1224
6955 1225
6960 1186
6965 1301
6970 1228
6975 1191
6980 1192
6985 1286
6990 1213
6995 1195
7000 1198
7005 1196
7010 1491
7015 1200
7020 1203
7025 1202
7030 1329
7035 1229
7040 1250
7045 1207
7050 1280
7055 1206
7060 1209
7065 1296
7070 1244
7075 1208
7080 1283
7085 1214
7090 1214
7095 1216
7100 1216
7105 1218
7110 1264
7115 1220
7120 1230
7125 1224
7130 1223
7135 1222
7140 1256
7145 1227
7150 1317
7155 1274
7160 1198
7165 1267
7170 1199
7175 1201
7180 1260
7185 1201
7190 1200
7195 1332
7200 1204
7205 1205
7210 1205
7215 1208
7220 1206
7225 1361
7230 1273
7235 1290
7240 1212
7245 1290
7250 1211
7255 1214
7260 1215
7265 1260
7270 1284
7275 1247
7280 1293
7285 1251
7290 1365
7295 1252
7300 1257
7305 1224
7310 1224
7315 1386
7320 1298
7325 1312
7330 1226
7335 1227
7340 1229
7345 1229
7350 1390
7355 1307
7360 1402
7365 1464
7370 1752
7375 1478
7380 1266
7385 1268
7390 1455
7395 1340
7400 1485
7405 1428
7410 1307
7415 1311
7420 1308
7425 1311
7430 1311
7435 1309
7440 1346
7445 1299
7450 1278
7455 1283
7460 1345
7465 1383
7470 1821
7475 1778
7480 1321
7485 1468
7490 1340
7495 1329
7500 1326
7505 1349
7510 1337
7515 1294
7520 1293
7525 1331
7530 1328
7535 1297
7540 1398
7545 1344
7550 1303
7555 1421
7560 1336
7565 1380
7570 1302
7575 1302
7580 1340
7585 1305
7590 1306
7595 1305
7600 1306
7605 1308
7610 1353
7615 1353
7620 1355
7625 1353
7630 1279
7635 1282
7640 1280
7645 1334
7650 1312
7655 1397
7660 1395
7665 1284
7670 1355
7675 1288
7680 1290
7685 1293
7690 1290
7695 1418
7700 1374
7705 1293
7710 1487
7715 1296
7720 1294
7725 1296
7730 1459
7735 1413
7740 1334
7745 1332
7750 1335
7755 1378
7760 1336
7765 1336
7770 1394
7775 1423
7780 1309
7785 1356
7790 1309
7795 1422
7800 1415
7805 1385
7810 1404
7815 1346
7820 1347
7825 1458
7830 1346
7835 1354
7840 1318
7845 1446
7850 1391
7855 1321
7860 1320
7865 1322
7870 1323
7875 1324
7880 1327
7885 1325
7890 1438
7895 1328
7900 1327
7905 1331
7910 1332
7915 1332
7920 1375
7925 1498
7930 1694
7935 1337
7940 1358
7945 1373
7950 1452
7955 1376
7960 1472
7965 1377
7970 1416
7975 1417
7980 1380
7985 1383
7990 1416
7995 1468
8000 1418
8005 1382
8010 1389
8015 1384
8020 1381
8025 1385
8030 1472
8035 1430
8040 1648
8045 1400
8050 1548
8055 1392
8060 1393
8065 1544
8070 1468
8075 1392
8080 1396
8085 1397
8090 1401
8095 1495
8100 1400
8105 1441
8110 1400
8115 1367
8120 1480
8125 1390
8130 1370
8135 1368
8140 1634
8145 1467
8150 1409
8155 1408
8160 1411
8165 1412
8170 1414
8175 1414
8180 1492
8185 1419
8190 1413
8195 1437
8200 1474
8205 1425
8210 1503
8215 1495
8220 1424
8225 1422
8230 1427
8235 1463
8240 1502
8245 1421
8250 1468
8255 1393
8260 1391
8265 1394
8270 1397
8275 1397
8280 1553
8285 1482
8290 1400
8295 1400
8300 1402
8305 1404
8310 1401
8315 1487
8320 1487
8325 1405
8330 1406
8335 1407
8340 1410
8345 1416
8350 1413
8355 1523
8360 1429
8365 1413
8370 1410
8375 1414
8380 1414
8385 1418
8390 1418
8395 1584
8400 1460
8405 1484
8410 1421
8415 1488
8420 1528
8425 1898
8430 1467
8435 1482
8440 1427
8445 1510
8450 1544
8455 1470
8460 1471
8465 1510
8470 1505
8475 1507
8480 1475
8485 1477
8490 1576
8495 1521
8500 1477
8505 1484
8510 1461
8515 1441
8520 1442
8525 1446
8530 1526
8535 1517
8540 1446
8545 1449
8550 1449
8555 1563
8560 1612
8565 1527
8570 1528
8575 1505
8580 1493
8585 1496
8590 1494
8595 1558
8600 1533
8605 1495
8610 1459
8615 1465
8620 1464
8625 1555
8630 1548
8635 1547
8640 1566
8645 1464
8650 1467
8655 1545
8660 1471
8665 1531
8670 1474
8675 1552
8680 1475
8685 1474
8690 1475
8695 1476
8700 1673
8705 1475
8710 1481
8715 1483
8720 1484
8725 1658
8730 1614
8735 1563
8740 1565
8745 1485
8750 1490
8755 1746
8760 1488
8765 1704
8770 1576
8775 1540
8780 1529
8785 1532
8790 1578
8795 1873
8800 1863
8805 1917
8810 1584
8815 1581
8820 1585
8825 1624
8830 1590
8835 1588
8840 1585
8845 1586
8850 1588
8855 1591
8860 1589
8865 1594
8870 1593
8875 1592
8880 1604
8885 1550
8890 1691
8895 1555
8900 1626
8905 1589
8910 1553
8915 1554
8920 1559
8925 1598
8930 1562
8935 1560
8940 1560
8945 1738
8950 1520
8955 1687
8960 1598
8965 1527
8970 1532
8975 1535
8980 1570
8985 1531
8990 1614
8995 1530
9000 1534
9005 1535
9010 1536
9015 1539
9020 1784
9025 1804
9030 1730
9035 2272
9040 1690
9045 1748
9050 1763
9055 1707
9060 1631
9065 1633
9070 1630
9075 1635
9080 1639
9085 1664
9090 1613
9095 1591
9100 1723
9105 1595
9110 1595
9115 1638
9120 1612
9125 1723
9130 1597
9135 1559
9140 1652
9145 1743
9150 1600
9155 1602
9160 1605
9165 1605
9170 1688
9175 1629
9180 1675
9185 1569
9190 1568
9195 1605
9200 1608
9205 1709
9210 1653
9215 1575
9220 1573
9225 1579
9230 1595
9235 1576
9240 1730
9245 1653
9250 1615
9255 1656
9260 1615
9265 1695
9270 1760
9275 1625
9280 1583
9285 1583
9290 1587
9295 1587
9300 1588
9305 1668
9310 1673
9315 1592
9320 1632
9325 1595
9330 1678
9335 1735
9340 1593
9345 1598
9350 1734
9355 1627
9360 1736
9365 1954
9370 1664
9375 1655
9380 1721
9385 1686
9390 1649
9395 1822
9400 1783
9405 1649
9410 1706
9415 1689
9420 1656
9425 1658
9430 1693
9435 1657
9440 1694
9445 1678
9450 1784
9455 1792
9460 1664
9465 1665
9470 1662
9475 1663
9480 1667
9485 1840
9490 1836
9495 1812
9500 1726
9505 1717
9510 1733
9515 1733
9520 1720
9525 1697
9530 1717
9535 1676
9540 1717
9545 1724
9550 1682
9555 1681
9560 1679
9565 1723
9570 1721
9575 1809
9580 1714
9585 1642
9590 1646
9595 1645
9600 1761
9605 1723
9610 1649
9615 1650
9620 1651
9625 1648
9630 1726
9635 2059
9640 1785
9645 1698
9650 1699
9655 1734
9660 1752
9665 1770
9670 1701
9675 1705
9680 1703
9685 1708
9690 1711
9695 1891
9700 1664
9705 1666
9710 1821
9715 1666
9720 1699
9725 1785
9730 1716
9735 1833
9740 1714
9745 1714
9750 1735
9755 1833
9760 1678
9765 1677
9770 1679
9775 1678
9780 1681
9785 1765
9790 1680
9795 1679
9800 1682
9805 1724
9810 1760
9815 1869
9820 1761
9825 1687
9830 1688
9835 1746
9840 1734
9845 1783
9850 1735
9855 1739
9860 1768
9865 1730
9870 1944
9875 1794
9880 1697
9885 1700
9890 1867
9895 1820
9900 1797
9905 1786
9910 1750
9915 1854
9920 1936
9925 1749
9930 1919
9935 1787
9940 1821
9945 1800
9950 1803
9955 1809
9960 1808
9965 1806
9970 1776
9975 1760
9980 1761
9985 1958
9990 1801
9995 1768
10000 1766
