5 0
10 0
15 0
20 1
25 1
30 2
35 2
40 2
45 3
50 3
55 4
60 4
65 5
70 5
75 6
80 6
85 7
90 7
95 7
100 8
105 9
110 9
115 10
120 10
125 11
130 11
135 12
140 13
145 13
150 13
155 15
160 15
165 16
170 16
175 16
180 17
185 18
190 18
195 40
200 20
205 21
210 22
215 38
220 22
225 23
230 23
235 24
240 25
245 25
250 26
255 26
260 27
265 28
270 29
275 29
280 29
285 30
290 31
295 32
300 32
305 33
310 33
315 34
320 35
325 37
330 36
335 37
340 38
345 38
350 39
355 40
360 40
365 41
370 42
375 42
380 43
385 44
390 44
395 45
400 46
405 46
410 47
415 47
420 48
425 49
430 50
435 50
440 64
445 50
450 51
455 51
460 52
465 53
470 54
475 54
480 55
485 56
490 56
495 57
500 58
505 58
510 59
515 60
520 61
525 62
530 62
535 63
540 63
545 64
550 65
555 66
560 66
565 68
570 68
575 69
580 69
585 70
590 70
595 71
600 72
605 73
610 73
615 74
620 75
625 76
630 77
635 97
640 96
645 79
650 79
655 79
660 80
665 81
670 82
675 83
680 84
685 84
690 85
695 86
700 86
705 88
710 87
715 89
720 89
725 91
730 90
735 92
740 93
745 93
750 94
755 95
760 95
765 96
770 134
775 98
780 98
785 99
790 101
795 100
800 142
805 135
810 103
815 104
820 104
825 105
830 105
835 106
840 108
845 107
850 108
855 110
860 110
865 111
870 112
875 112
880 113
885 164
890 135
895 140
900 120
905 121
910 121
915 122
920 123
925 124
930 125
935 126
940 126
945 127
950 157
955 185
960 130
965 130
970 130
975 131
980 133
985 133
990 134
995 134
1000 135
1005 136
1010 137
1015 138
1020 139
1025 139
1030 140
1035 141
1040 142
1045 143
1050 144
1055 144
1060 166
1065 146
1070 147
1075 148
1080 148
1085 149
1090 149
1095 151
1100 152
1105 153
1110 153
1115 154
1120 155
1125 156
1130 156
1135 158
1140 158
1145 159
1150 160
1155 161
1160 161
1165 162
1170 162
1175 162
1180 187
1185 182
1190 166
1195 166
1200 207
1205 167
1210 169
1215 169
1220 190
1225 193
1230 171
1235 173
1240 212
1245 175
1250 176
1255 177
1260 177
1265 178
1270 179
1275 179
1280 181
1285 236
1290 236
1295 184
1300 185
1305 202
1310 211
1315 188
1320 187
1325 188
1330 189
1335 190
1340 191
1345 192
1350 192
1355 193
1360 194
1365 194
1370 195
1375 197
1380 197
1385 198
1390 198
1395 199
1400 236
1405 239
1410 202
1415 203
1420 203
1425 204
1430 205
1435 206
1440 209
1445 208
1450 209
1455 210
1460 211
1465 211
1470 246
1475 264
1480 215
1485 286
1490 217
1495 217
1500 216
1505 283
1510 235
1515 219
1520 220
1525 220
1530 221
1535 222
1540 222
1545 225
1550 225
1555 226
1560 227
1565 286
1570 270
1575 317
1580 293
1585 285
1590 240
1595 240
1600 240
1605 242
1610 277
1615 244
1620 245
1625 248
1630 248
1635 249
1640 253
1645 250
1650 253
1655 251
1660 253
1665 252
1670 251
1675 254
1680 254
1685 256
1690 257
1695 255
1700 258
1705 256
1710 259
1715 260
1720 259
1725 262
1730 268
1735 283
1740 277
1745 263
1750 266
1755 268
1760 270
1765 268
1770 266
1775 269
1780 292
1785 270
1790 272
1795 278
1800 274
1805 275
1810 276
1815 277
1820 278
1825 276
1830 278
1835 278
1840 281
1845 281
1850 281
1855 283
1860 287
1865 288
1870 289
1875 289
1880 314
1885 330
1890 296
1895 291
1900 292
1905 292
1910 305
1915 347
1920 348
1925 379
1930 336
1935 327
1940 325
1945 322
1950 305
1955 344
1960 308
1965 308
1970 315
1975 324
1980 338
1985 304
1990 305
1995 305
2000 309
2005 317
2010 310
2015 311
2020 334
2025 310
2030 311
2035 311
2040 312
2045 314
2050 336
2055 319
2060 318
2065 318
2070 319
2075 321
2080 321
2085 323
2090 339
2095 323
2100 327
2105 324
2110 325
2115 326
2120 328
2125 329
2130 330
2135 328
2140 331
2145 331
2150 333
2155 333
2160 344
2165 337
2170 336
2175 365
2180 350
2185 339
2190 339
2195 342
2200 343
2205 356
2210 344
2215 344
2220 345
2225 347
2230 358
2235 357
2240 349
2245 348
2250 350
2255 351
2260 351
2265 355
2270 355
2275 355
2280 355
2285 355
2290 359
2295 360
2300 372
2305 362
2310 360
2315 363
2320 363
2325 364
2330 368
2335 366
2340 366
2345 366
2350 368
2355 371
2360 371
2365 370
2370 371
2375 377
2380 374
2385 373
2390 385
2395 365
2400 366
2405 368
2410 368
2415 369
2420 408
2425 392
2430 410
2435 393
2440 394
2445 411
2450 418
2455 402
2460 397
2465 377
2470 380
2475 378
2480 379
2485 381
2490 382
2495 383
2500 384
2505 385
2510 384
2515 387
2520 387
2525 388
2530 392
2535 390
2540 391
2545 391
2550 395
2555 393
2560 395
2565 395
2570 465
2575 397
2580 398
2585 399
2590 446
2595 401
2600 402
2605 404
2610 403
2615 406
2620 405
2625 406
2630 407
2635 409
2640 409
2645 408
2650 408
2655 409
2660 412
2665 411
2670 415
2675 414
2680 415
2685 418
2690 437
2695 417
2700 420
2705 420
2710 558
2715 423
2720 422
2725 423
2730 423
2735 424
2740 426
2745 455
2750 483
2755 456
2760 452
2765 452
2770 432
2775 433
2780 434
2785 434
2790 436
2795 438
2800 438
2805 436
2810 456
2815 441
2820 440
2825 440
2830 442
2835 443
2840 444
2845 444
2850 474
2855 480
2860 447
2865 448
2870 525
2875 512
2880 510
2885 441
2890 442
2895 441
2900 444
2905 500
2910 447
2915 471
2920 446
2925 447
2930 449
2935 558
2940 449
2945 452
2950 451
2955 477
2960 466
2965 507
2970 503
2975 521
2980 525
2985 515
2990 527
2995 630
3000 576
3005 509
3010 524
3015 571
3020 547
3025 521
3030 520
3035 500
3040 513
3045 558
3050 484
3055 482
3060 483
3065 486
3070 523
3075 485
3080 486
3085 488
3090 488
3095 489
3100 490
3105 491
3110 492
3115 567
3120 493
3125 497
3130 700
3135 534
3140 510
3145 530
3150 564
3155 514
3160 542
3165 533
3170 515
3175 515
3180 516
3185 518
3190 517
3195 520
3200 525
3205 522
3210 523
3215 522
3220 525
3225 524
3230 526
3235 526
3240 526
3245 528
3250 527
3255 529
3260 559
3265 531
3270 533
3275 533
3280 536
3285 535
3290 535
3295 538
3300 538
3305 539
3310 553
3315 548
3320 572
3325 543
3330 530
3335 531
3340 530
3345 533
3350 534
3355 534
3360 536
3365 536
3370 537
3375 536
3380 538
3385 539
3390 538
3395 542
3400 564
3405 543
3410 528
3415 531
3420 587
3425 531
3430 532
3435 691
3440 533
3445 609
3450 537
3455 537
3460 537
3465 540
3470 538
3475 540
3480 542
3485 544
3490 543
3495 626
3500 545
3505 676
3510 788
3515 580
3520 605
3525 591
3530 583
3535 712
3540 738
3545 784
3550 693
3555 554
3560 556
3565 586
3570 585
3575 625
3580 588
3585 589
3590 590
3595 619
3600 592
3605 593
3610 593
3615 595
3620 596
3625 598
3630 623
3635 599
3640 621
3645 613
3650 602
3655 602
3660 605
3665 602
3670 638
3675 607
3680 610
3685 609
3690 610
3695 610
3700 611
3705 612
3710 614
3715 613
3720 615
3725 614
3730 599
3735 602
3740 620
3745 623
3750 605
3755 605
3760 628
3765 623
3770 609
3775 610
3780 611
3785 612
3790 612
3795 611
3800 623
3805 599
3810 598
3815 599
3820 601
3825 673
3830 617
3835 619
3840 650
3845 622
3850 1006
3855 604
3860 608
3865 608
3870 610
3875 625
3880 627
3885 626
3890 627
3895 629
3900 629
3905 672
3910 630
3915 631
3920 635
3925 635
3930 634
3935 636
3940 639
3945 637
3950 637
3955 641
3960 639
3965 642
3970 644
3975 643
3980 644
3985 805
3990 645
3995 710
4000 648
4005 649
4010 653
4015 652
4020 652
4025 653
4030 654
4035 653
4040 712
4045 655
4050 656
4055 695
4060 699
4065 661
4070 660
4075 663
4080 661
4085 664
4090 667
4095 676
4100 648
4105 650
4110 651
4115 653
4120 652
4125 654
4130 656
4135 737
4140 739
4145 656
4150 758
4155 657
4160 661
4165 663
4170 661
4175 815
4180 663
4185 663
4190 664
4195 667
4200 668
4205 668
4210 669
4215 812
4220 710
4225 690
4230 690
4235 691
4240 673
4245 675
4250 674
4255 675
4260 676
4265 677
4270 678
4275 742
4280 700
4285 738
4290 798
4295 783
4300 739
4305 708
4310 702
4315 705
4320 706
4325 708
4330 709
4335 706
4340 709
4345 712
4350 754
4355 713
4360 732
4365 714
4370 756
4375 713
4380 698
4385 700
4390 700
4395 700
4400 704
4405 703
4410 703
4415 704
4420 705
4425 707
4430 745
4435 708
4440 849
4445 711
4450 713
4455 712
4460 713
4465 714
4470 713
4475 715
4480 717
4485 718
4490 717
4495 893
4500 802
4505 723
4510 722
4515 722
4520 775
4525 770
4530 771
4535 788
4540 762
4545 727
4550 730
4555 729
4560 730
4565 908
4570 754
4575 820
4580 754
4585 754
4590 756
4595 756
4600 795
4605 757
4610 758
4615 760
4620 761
4625 763
4630 768
4635 825
4640 746
4645 746
4650 749
4655 749
4660 750
4665 753
4670 750
4675 825
4680 753
4685 762
4690 756
4695 757
4700 872
4705 780
4710 850
4715 786
4720 762
4725 762
4730 763
4735 764
4740 763
4745 762
4750 767
4755 767
4760 770
4765 849
4770 769
4775 770
4780 769
4785 771
4790 771
4795 772
4800 774
4805 773
4810 776
4815 777
4820 916
4825 779
4830 852
4835 780
4840 895
4845 817
4850 803
4855 805
4860 785
4865 923
4870 803
4875 852
4880 808
4885 811
4890 811
4895 887
4900 814
4905 850
4910 816
4915 816
4920 814
4925 816
4930 817
4935 812
4940 801
4945 800
4950 799
4955 918
4960 802
4965 944
4970 802
4975 805
4980 807
4985 807
4990 883
4995 806
5000 808
5005 849
5010 850
5015 953
5020 841
5025 814
5030 814
5035 816
5040 815
5045 818
5050 818
5055 818
5060 818
5065 818
5070 823
5075 822
5080 864
5085 889
5090 860
5095 825
5100 827
5105 828
5110 831
5115 829
5120 911
5125 830
5130 833
5135 832
5140 917
5145 858
5150 905
5155 838
5160 837
5165 840
5170 841
5175 841
5180 842
5185 1019
5190 1004
5195 1152
5200 908
5205 904
5210 896
5215 894
5220 898
5225 896
5230 896
5235 902
5240 901
5245 898
5250 901
5255 912
5260 903
5265 910
5270 896
5275 918
5280 880
5285 883
5290 882
5295 882
5300 886
5305 1013
5310 962
5315 888
5320 983
5325 866
5330 870
5335 869
5340 869
5345 869
5350 874
5355 873
5360 873
5365 895
5370 929
5375 875
5380 951
5385 877
5390 877
5395 881
5400 879
5405 882
5410 883
5415 958
5420 883
5425 963
5430 905
5435 1067
5440 889
5445 891
5450 891
5455 934
5460 907
5465 891
5470 891
5475 893
5480 1109
5485 922
5490 1001
5495 920
5500 920
5505 924
5510 923
5515 925
5520 925
5525 928
5530 981
5535 989
5540 990
5545 939
5550 907
5555 907
5560 909
5565 908
5570 970
5575 908
5580 911
5585 911
5590 986
5595 916
5600 915
5605 916
5610 919
5615 920
5620 919
5625 920
5630 920
5635 924
5640 922
5645 1036
5650 1013
5655 1014
5660 1000
5665 927
5670 929
5675 932
5680 931
5685 955
5690 959
5695 958
5700 995
5705 958
5710 960
5715 962
5720 1028
5725 1039
5730 1086
5735 1295
5740 1213
5745 1094
5750 1087
5755 993
5760 969
5765 973
5770 972
5775 972
5780 972
5785 973
5790 992
5795 1094
5800 980
5805 1017
5810 1104
5815 1011
5820 983
5825 1055
5830 982
5835 984
5840 984
5845 1024
5850 986
5855 1100
5860 990
5865 988
5870 990
5875 1020
5880 991
5885 990
5890 1033
5895 1191
5900 996
5905 998
5910 997
5915 998
5920 1039
5925 999
5930 1001
5935 1084
5940 1043
5945 1006
5950 1007
5955 1093
5960 1008
5965 1045
5970 1008
5975 1011
5980 1012
5985 1014
5990 1011
5995 1015
6000 1057
6005 1016
6010 1015
6015 1050
6020 1030
6025 990
6030 993
6035 995
6040 1050
6045 995
6050 1039
6055 1138
6060 999
6065 999
6070 1001
6075 1002
6080 1002
6085 1003
6090 1002
6095 1006
6100 1079
6105 1086
6110 1011
6115 1010
6120 1009
6125 1008
6130 1010
6135 1014
6140 1085
6145 1044
6150 1076
6155 1151
6160 1018
6165 1019
6170 1098
6175 1021
6180 1021
6185 1021
6190 1023
6195 1043
6200 1025
6205 1025
6210 1026
6215 1027
6220 1104
6225 1031
6230 1033
6235 1032
6240 1055
6245 1331
6250 1266
6255 1096
6260 1094
6265 1095
6270 1097
6275 1098
6280 1098
6285 1097
6290 1102
6295 1098
6300 1100
6305 1101
6310 1112
6315 1100
6320 1104
6325 1104
6330 1105
6335 1093
6340 1120
6345 1190
6350 1080
6355 1120
6360 1082
6365 1081
6370 1083
6375 1094
6380 1057
6385 1175
6390 1060
6395 1059
6400 1182
6405 1119
6410 1325
6415 1151
6420 1453
6425 1397
6430 1373
6435 1122
6440 1098
6445 1095
6450 1098
6455 1096
6460 1157
6465 1132
6470 1131
6475 1137
6480 1132
6485 1132
6490 1137
6495 1153
6500 1142
6505 1108
6510 1159
6515 1148
6520 1149
6525 1201
6530 1191
6535 1113
6540 1117
6545 1114
6550 1118
6555 1157
6560 1184
6565 1158
6570 1120
6575 1157
6580 1119
6585 1120
6590 1122
6595 1124
6600 1123
6605 1170
6610 1128
6615 1213
6620 1128
6625 1142
6630 1178
6635 1102
6640 1106
6645 1103
6650 1132
6655 1124
6660 1108
6665 1110
6670 1111
6675 1158
6680 1180
6685 1110
6690 1110
6695 1111
6700 1196
6705 1249
6710 1220
6715 1149
6720 1145
6725 1197
6730 1150
6735 1151
6740 1194
6745 1151
6750 1155
6755 1147
6760 1124
6765 1128
6770 1127
6775 1126
6780 1128
6785 1319
6790 1148
6795 1241
6800 1161
6805 1164
6810 1164
6815 1200
6820 1201
6825 1163
6830 1301
6835 1166
6840 1140
6845 1181
6850 1142
6855 1141
6860 1143
6865 1179
6870 1168
6875 1243
6880 1311
6885 1146
6890 1149
6895 1149
6900 1149
6905 1225
6910 1246
6915 1249
6920 1183
6925 1183
6930 1186
6935 1186
6940 1189
6945 1189
6950 1186
6955 1202
6960 1400
6965 1274
6970 1239
6975 1237
6980 1163
6985 1205
6990 1204
6995 1191
7000 1313
7005 1275
7010 1201
7015 1203
7020 1203
7025 1203
7030 1204
7035 1243
7040 1284
7045 1205
7050 1329
7055 1208
7060 1212
7065 1211
7070 1215
7075 1242
7080 1264
7085 1259
7090 1185
7095 1263
7100 1186
7105 1262
7110 1188
7115 1190
7120 1193
7125 1267
7130 1372
7135 1193
7140 1195
7145 1196
7150 1194
7155 1259
7160 1200
7165 1195
7170 1260
7175 1303
7180 1199
7185 1202
7190 1202
7195 1204
7200 1203
7205 1205
7210 1291
7215 1341
7220 1207
7225 1208
7230 1283
7235 1211
7240 1209
7245 1280
7250 1323
7255 1217
7260 1215
7265 1217
7270 1291
7275 1217
7280 1217
7285 1219
7290 1241
7295 1277
7300 1361
7305 1224
7310 1226
7315 1225
7320 1224
7325 1228
7330 1227
7335 1310
7340 1225
7345 1226
7350 1233
7355 1308
7360 1232
7365 1233
7370 1396
7375 1322
7380 1363
7385 1272
7390 1270
7395 1269
7400 1271
7405 1273
7410 1539
7415 1473
7420 1475
7425 1309
7430 1313
7435 1315
7440 1316
7445 1321
7450 1318
7455 1343
7460 1469
7465 1336
7470 1285
7475 1284
7480 1287
7485 1289
7490 1327
7495 1295
7500 1294
7505 1292
7510 1293
7515 1293
7520 1294
7525 1295
7530 1402
7535 1344
7540 1298
7545 1301
7550 1299
7555 1339
7560 1304
7565 1315
7570 1355
7575 1272
7580 1273
7585 1314
7590 1369
7595 1276
7600 1274
7605 1278
7610 1453
7615 1429
7620 1358
7625 1282
7630 1280
7635 1281
7640 1403
7645 1354
7650 1360
7655 1320
7660 1321
7665 1322
7670 1326
7675 1407
7680 1558
7685 1369
7690 1428
7695 1431
7700 1289
7705 1332
7710 1324
7715 1329
7720 1378
7725 1370
7730 1333
7735 1337
7740 1335
7745 1341
7750 1303
7755 1303
7760 1378
7765 1452
7770 1303
7775 1377
7780 1438
7785 1987
7790 1908
7795 1503
7800 1599
7805 1447
7810 1421
7815 1382
7820 1386
7825 1384
7830 1388
7835 1423
7840 1415
7845 1372
7850 1476
7855 1407
7860 1354
7865 1501
7870 1356
7875 1357
7880 1360
7885 1389
7890 1404
7895 1403
7900 1402
7905 1476
7910 1455
7915 1403
7920 1407
7925 1405
7930 1404
7935 1458
7940 1476
7945 1421
7950 1423
7955 1412
7960 1413
7965 1421
7970 1440
7975 1419
7980 1450
7985 1417
7990 1419
7995 1421
8000 1420
8005 1421
8010 1425
8015 1411
8020 1387
8025 1387
8030 1425
8035 1388
8040 1386
8045 1426
8050 1492
8055 1395
8060 1392
8065 1395
8070 1486
8075 1396
8080 1476
8085 1397
8090 1511
8095 1401
8100 1402
8105 1403
8110 1403
8115 1465
8120 1495
8125 1388
8130 1373
8135 1433
8140 1372
8145 1373
8150 1371
8155 1559
8160 1374
8165 1378
8170 1376
8175 1379
8180 1380
8185 1384
8190 1460
8195 1471
8200 1382
8205 1385
8210 1386
8215 1387
8220 1390
8225 1450
8230 1388
8235 1462
8240 1390
8245 1397
8250 1391
8255 1471
8260 1512
8265 1547
8270 1450
8275 1560
8280 1902
8285 1926
8290 1852
8295 1524
8300 1490
8305 1439
8310 1440
8315 1494
8320 1481
8325 1495
8330 1489
8335 1496
8340 1483
8345 1483
8350 1445
8355 1453
8360 1452
8365 1491
8370 1453
8375 1454
8380 1455
8385 1456
8390 1458
8395 1456
8400 1674
8405 1483
8410 1460
8415 1463
8420 1461
8425 1501
8430 1502
8435 1462
8440 1465
8445 1447
8450 1431
8455 1436
8460 1432
8465 1614
8470 1578
8475 1511
8480 1435
8485 1435
8490 1438
8495 1439
8500 1521
8505 1442
8510 1440
8515 1440
8520 1445
8525 1443
8530 1520
8535 1523
8540 1528
8545 1451
8550 1450
8555 1454
8560 1526
8565 1452
8570 1567
8575 1451
8580 1529
8585 1492
8590 1456
8595 1595
8600 1459
8605 1603
8610 1590
8615 1501
8620 1501
8625 1501
8630 1546
8635 1579
8640 1595
8645 1467
8650 1469
8655 1472
8660 1468
8665 1472
8670 1472
8675 1637
8680 1600
8685 1478
8690 1476
8695 1475
8700 1477
8705 1576
8710 1649
8715 1552
8720 1482
8725 1585
8730 1485
8735 1539
8740 1597
8745 1631
8750 1529
8755 1525
8760 1532
8765 1641
8770 1489
8775 1567
8780 1493
8785 1567
8790 1607
8795 1606
8800 1532
8805 1582
8810 1597
8815 1540
8820 1663
8825 1533
8830 1500
8835 1505
8840 1578
8845 1506
8850 1503
8855 1504
8860 1505
8865 1544
8870 1509
8875 1587
8880 1606
8885 1510
8890 1550
8895 1515
8900 1517
8905 1594
8910 1514
8915 1517
8920 1519
8925 1519
8930 1519
8935 1598
8940 1597
8945 1605
8950 1595
8955 1526
8960 1669
8965 1607
8970 1650
8975 1528
8980 1526
8985 1681
8990 1531
8995 1532
9000 1615
9005 1611
9010 1658
9015 1578
9020 1578
9025 1582
9030 1579
9035 1692
9040 1594
9045 1544
9050 1545
9055 1545
9060 1544
9065 1657
9070 1827
9075 1695
9080 1750
9085 1589
9090 1589
9095 1591
9100 1671
9105 1637
9110 1642
9115 1639
9120 1638
9125 1639
9130 1678
9135 1689
9140 1600
9145 1600
9150 1603
9155 1603
9160 1593
9165 1640
9170 1564
9175 1567
9180 1641
9185 1568
9190 1567
9195 1658
9200 1707
9205 1647
9210 1576
9215 1575
9220 1575
9225 1576
9230 1653
9235 1577
9240 1576
9245 1580
9250 1692
9255 1655
9260 1654
9265 1807
9270 1662
9275 1587
9280 1627
9285 1630
9290 1707
9295 1672
9300 1633
9305 1634
9310 1616
9315 1667
9320 1668
9325 1700
9330 1593
9335 1716
9340 1649
9345 1639
9350 1642
9355 1682
9360 1642
9365 1684
9370 1707
9375 1810
9380 2616
9385 2054
9390 1630
9395 1690
9400 1654
9405 1653
9410 1722
9415 1802
9420 1710
9425 1753
9430 1655
9435 1658
9440 1738
9445 1762
9450 1660
9455 1754
9460 1705
9465 1664
9470 1807
9475 1665
9480 1668
9485 1762
9490 1669
9495 1670
9500 1708
9505 1796
9510 1700
9515 1675
9520 1673
9525 1676
9530 1790
9535 1651
9540 1637
9545 1637
9550 1640
9555 1756
9560 1721
9565 1794
9570 1643
9575 1644
9580 1642
9585 1755
9590 1756
9595 1746
9600 1645
9605 1648
9610 1768
9615 1679
9620 1735
9625 1782
9630 1698
9635 1698
9640 1701
9645 1707
9650 1743
9655 1659
9660 1656
9665 1657
9670 1739
9675 1733
9680 1706
9685 2008
9690 1755
9695 1754
9700 1984
9705 1755
9710 1764
9715 1758
9720 1762
9725 1761
9730 1771
9735 1719
9740 1754
9745 1836
9750 1716
9755 1727
9760 1695
9765 1678
9770 1931
9775 1682
9780 1813
9785 2242
9790 2190
9795 1826
9800 1830
9805 1731
9810 1776
9815 1731
9820 1934
9825 1781
9830 1738
9835 1738
9840 1733
9845 1733
9850 1737
9855 1778
9860 1829
9865 1742
9870 1742
9875 1740
9880 1782
9885 1782
9890 1909
9895 1699
9900 1701
9905 1703
9910 1783
9915 1891
9920 1764
9925 1752
9930 1757
9935 1800
9940 1801
9945 1797
9950 1711
9955 1798
9960 1714
9965 1839
9970 1777
9975 1827
9980 1717
9985 1721
9990 1722
9995 1723
10000 1798
