5 0
10 0
15 0
20 1
25 1
30 2
35 2
40 3
45 3
50 3
55 4
60 4
65 5
70 5
75 6
80 6
85 6
90 7
95 7
100 8
105 8
110 9
115 10
120 10
125 11
130 11
135 12
140 13
145 13
150 13
155 14
160 14
165 15
170 16
175 16
180 17
185 18
190 18
195 19
200 19
205 20
210 20
215 21
220 22
225 23
230 23
235 24
240 24
245 25
250 26
255 26
260 27
265 27
270 28
275 29
280 29
285 30
290 30
295 31
300 31
305 32
310 33
315 34
320 35
325 35
330 36
335 37
340 37
345 38
350 39
355 39
360 40
365 40
370 41
375 41
380 42
385 63
390 44
395 45
400 45
405 46
410 46
415 47
420 48
425 48
430 50
435 50
440 51
445 52
450 52
455 53
460 54
465 54
470 55
475 56
480 57
485 57
490 58
495 59
500 60
505 60
510 61
515 98
520 63
525 63
530 78
535 64
540 64
545 65
550 65
555 66
560 66
565 68
570 68
575 68
580 69
585 70
590 71
595 71
600 72
605 72
610 74
615 74
620 76
625 76
630 77
635 77
640 78
645 80
650 80
655 80
660 82
665 83
670 83
675 84
680 84
685 85
690 159
695 109
700 131
705 112
710 142
715 89
720 90
725 91
730 91
735 113
740 139
745 135
750 112
755 95
760 96
765 97
770 98
775 97
780 99
785 120
790 191
795 101
800 101
805 102
810 103
815 104
820 104
825 105
830 106
835 106
840 107
845 107
850 108
855 109
860 110
865 131
870 166
875 120
880 134
885 118
890 118
895 119
900 119
905 121
910 122
915 121
920 123
925 124
930 124
935 125
940 125
945 126
950 127
955 128
960 180
965 126
970 126
975 143
980 131
985 132
990 133
995 134
1000 136
1005 136
1010 136
1015 137
1020 139
1025 139
1030 140
1035 141
1040 142
1045 142
1050 143
1055 144
1060 146
1065 165
1070 179
1075 147
1080 147
1085 190
1090 148
1095 150
1100 150
1105 151
1110 152
1115 153
1120 153
1125 155
1130 155
1135 156
1140 156
1145 158
1150 159
1155 227
1160 161
1165 161
1170 162
1175 163
1180 164
1185 164
1190 165
1195 166
1200 166
1205 167
1210 169
1215 169
1220 170
1225 170
1230 171
1235 172
1240 173
1245 175
1250 175
1255 176
1260 176
1265 177
1270 177
1275 179
1280 179
1285 181
1290 181
1295 183
1300 183
1305 184
1310 184
1315 185
1320 187
1325 188
1330 188
1335 188
1340 190
1345 190
1350 192
1355 192
1360 193
1365 194
1370 195
1375 195
1380 196
1385 197
1390 197
1395 241
1400 217
1405 239
1410 225
1415 203
1420 220
1425 204
1430 205
1435 205
1440 206
1445 207
1450 245
1455 209
1460 210
1465 210
1470 211
1475 213
1480 213
1485 214
1490 215
1495 215
1500 217
1505 216
1510 218
1515 219
1520 219
1525 220
1530 221
1535 222
1540 222
1545 222
1550 225
1555 225
1560 294
1565 282
1570 231
1575 285
1580 268
1585 313
1590 224
1595 225
1600 226
1605 227
1610 229
1615 228
1620 229
1625 232
1630 231
1635 252
1640 292
1645 233
1650 235
1655 317
1660 305
1665 237
1670 237
1675 237
1680 240
1685 240
1690 257
1695 248
1700 249
1705 250
1710 250
1715 250
1720 253
1725 291
1730 291
1735 254
1740 256
1745 257
1750 257
1755 259
1760 258
1765 259
1770 261
1775 261
1780 261
1785 262
1790 264
1795 310
1800 321
1805 347
1810 295
1815 287
1820 269
1825 327
1830 271
1835 273
1840 272
1845 272
1850 297
1855 288
1860 288
1865 289
1870 289
1875 289
1880 288
1885 289
1890 293
1895 290
1900 291
1905 293
1910 293
1915 292
1920 294
1925 295
1930 296
1935 297
1940 296
1945 297
1950 300
1955 302
1960 300
1965 301
1970 321
1975 315
1980 306
1985 310
1990 393
1995 307
2000 308
2005 396
2010 344
2015 310
2020 312
2025 313
2030 313
2035 315
2040 316
2045 315
2050 314
2055 315
2060 315
2065 318
2070 317
2075 318
2080 319
2085 321
2090 323
2095 322
2100 323
2105 324
2110 324
2115 326
2120 327
2125 328
2130 332
2135 330
2140 330
2145 351
2150 334
2155 334
2160 336
2165 338
2170 343
2175 339
2180 340
2185 340
2190 344
2195 341
2200 350
2205 343
2210 351
2215 347
2220 348
2225 348
2230 347
2235 349
2240 350
2245 350
2250 352
2255 356
2260 364
2265 358
2270 357
2275 357
2280 360
2285 359
2290 373
2295 361
2300 361
2305 362
2310 425
2315 363
2320 364
2325 365
2330 365
2335 366
2340 367
2345 367
2350 370
2355 368
2360 371
2365 395
2370 388
2375 374
2380 388
2385 379
2390 406
2395 377
2400 379
2405 389
2410 387
2415 384
2420 430
2425 382
2430 382
2435 383
2440 385
2445 387
2450 386
2455 386
2460 387
2465 388
2470 389
2475 390
2480 391
2485 392
2490 392
2495 394
2500 394
2505 396
2510 425
2515 438
2520 398
2525 399
2530 400
2535 402
2540 404
2545 403
2550 436
2555 407
2560 407
2565 408
2570 409
2575 410
2580 410
2585 412
2590 413
2595 414
2600 415
2605 416
2610 416
2615 418
2620 417
2625 419
2630 421
2635 420
2640 420
2645 421
2650 433
2655 518
2660 470
2665 413
2670 458
2675 415
2680 464
2685 454
2690 418
2695 420
2700 421
2705 420
2710 422
2715 424
2720 423
2725 465
2730 424
2735 425
2740 427
2745 426
2750 433
2755 430
2760 432
2765 432
2770 432
2775 434
2780 434
2785 435
2790 452
2795 437
2800 439
2805 440
2810 439
2815 438
2820 441
2825 440
2830 442
2835 482
2840 442
2845 444
2850 445
2855 447
2860 485
2865 449
2870 450
2875 452
2880 453
2885 452
2890 554
2895 454
2900 497
2905 456
2910 456
2915 456
2920 457
2925 458
2930 461
2935 461
2940 461
2945 462
2950 465
2955 464
2960 466
2965 467
2970 480
2975 456
2980 517
2985 457
2990 497
2995 458
3000 460
3005 461
3010 535
3015 463
3020 484
3025 464
3030 466
3035 466
3040 468
3045 467
3050 469
3055 471
3060 471
3065 472
3070 509
3075 473
3080 473
3085 552
3090 491
3095 490
3100 515
3105 526
3110 480
3115 563
3120 481
3125 482
3130 484
3135 484
3140 485
3145 486
3150 486
3155 488
3160 488
3165 493
3170 489
3175 490
3180 490
3185 533
3190 494
3195 493
3200 495
3205 494
3210 496
3215 579
3220 497
3225 497
3230 498
3235 567
3240 500
3245 501
3250 502
3255 503
3260 504
3265 505
3270 506
3275 506
3280 509
3285 507
3290 508
3295 510
3300 510
3305 645
3310 514
3315 586
3320 528
3325 528
3330 528
3335 541
3340 637
3345 556
3350 519
3355 519
3360 589
3365 545
3370 520
3375 592
3380 538
3385 539
3390 541
3395 548
3400 608
3405 529
3410 637
3415 530
3420 533
3425 533
3430 535
3435 534
3440 534
3445 537
3450 536
3455 601
3460 552
3465 553
3470 553
3475 563
3480 618
3485 544
3490 670
3495 545
3500 623
3505 585
3510 547
3515 549
3520 550
3525 602
3530 566
3535 566
3540 566
3545 567
3550 680
3555 571
3560 568
3565 572
3570 572
3575 608
3580 574
3585 574
3590 574
3595 576
3600 601
3605 585
3610 564
3615 566
3620 566
3625 566
3630 569
3635 569
3640 569
3645 608
3650 568
3655 572
3660 572
3665 671
3670 597
3675 707
3680 614
3685 615
3690 577
3695 578
3700 580
3705 582
3710 584
3715 583
3720 585
3725 586
3730 584
3735 585
3740 627
3745 624
3750 605
3755 603
3760 728
3765 753
3770 683
3775 607
3780 607
3785 609
3790 611
3795 610
3800 614
3805 615
3810 649
3815 615
3820 615
3825 616
3830 743
3835 681
3840 731
3845 666
3850 639
3855 639
3860 641
3865 644
3870 644
3875 645
3880 645
3885 651
3890 647
3895 649
3900 650
3905 650
3910 651
3915 690
3920 636
3925 712
3930 660
3935 653
3940 636
3945 640
3950 641
3955 640
3960 640
3965 642
3970 719
3975 645
3980 709
3985 777
3990 647
3995 688
4000 758
4005 650
4010 650
4015 651
4020 652
4025 652
4030 653
4035 656
4040 704
4045 655
4050 659
4055 674
4060 679
4065 643
4070 723
4075 736
4080 645
4085 646
4090 758
4095 646
4100 649
4105 649
4110 652
4115 724
4120 651
4125 654
4130 681
4135 788
4140 708
4145 761
4150 677
4155 676
4160 677
4165 679
4170 719
4175 718
4180 680
4185 682
4190 683
4195 683
4200 683
4205 685
4210 686
4215 691
4220 731
4225 687
4230 689
4235 691
4240 692
4245 692
4250 695
4255 733
4260 697
4265 739
4270 681
4275 682
4280 681
4285 850
4290 740
4295 774
4300 935
4305 840
4310 913
4315 820
4320 735
4325 748
4330 710
4335 795
4340 788
4345 711
4350 816
4355 712
4360 714
4365 716
4370 715
4375 714
4380 717
4385 717
4390 725
4395 797
4400 794
4405 724
4410 742
4415 857
4420 796
4425 726
4430 812
4435 730
4440 730
4445 730
4450 749
4455 751
4460 753
4465 754
4470 755
4475 756
4480 758
4485 759
4490 762
4495 758
4500 760
4505 760
4510 766
4515 765
4520 742
4525 743
4530 744
4535 747
4540 747
4545 855
4550 780
4555 785
4560 750
4565 751
4570 751
4575 753
4580 832
4585 736
4590 735
4595 736
4600 798
4605 740
4610 744
4615 743
4620 764
4625 854
4630 744
4635 780
4640 771
4645 768
4650 804
4655 768
4660 770
4665 775
4670 769
4675 920
4680 987
4685 930
4690 801
4695 798
4700 801
4705 801
4710 805
4715 800
4720 803
4725 804
4730 806
4735 805
4740 807
4745 806
4750 809
4755 808
4760 802
4765 790
4770 790
4775 790
4780 791
4785 828
4790 792
4795 794
4800 798
4805 860
4810 817
4815 800
4820 795
4825 780
4830 781
4835 780
4840 858
4845 783
4850 785
4855 783
4860 785
4865 865
4870 788
4875 883
4880 790
4885 792
4890 791
4895 789
4900 793
4905 792
4910 795
4915 849
4920 817
4925 817
4930 860
4935 839
4940 875
4945 801
4950 801
4955 803
4960 803
4965 804
4970 877
4975 808
4980 808
4985 810
4990 810
4995 894
5000 923
5005 812
5010 809
5015 899
5020 872
5025 855
5030 818
5035 818
5040 818
5045 820
5050 819
5055 915
5060 918
5065 880
5070 881
5075 886
5080 886
5085 850
5090 849
5095 850
5100 851
5105 891
5110 853
5115 853
5120 889
5125 857
5130 856
5135 856
5140 859
5145 857
5150 896
5155 859
5160 916
5165 855
5170 839
5175 987
5180 915
5185 844
5190 843
5195 844
5200 845
5205 846
5210 847
5215 889
5220 851
5225 850
5230 851
5235 853
5240 927
5245 854
5250 855
5255 855
5260 857
5265 897
5270 884
5275 862
5280 862
5285 862
5290 937
5295 900
5300 985
5305 887
5310 868
5315 867
5320 868
5325 868
5330 1140
5335 964
5340 871
5345 875
5350 874
5355 1004
5360 873
5365 877
5370 878
5375 953
5380 903
5385 902
5390 903
5395 942
5400 907
5405 977
5410 986
5415 907
5420 905
5425 906
5430 946
5435 913
5440 910
5445 914
5450 914
5455 916
5460 1006
5465 954
5470 918
5475 955
5480 921
5485 911
5490 895
5495 896
5500 898
5505 937
5510 901
5515 1068
5520 982
5525 904
5530 903
5535 907
5540 905
5545 905
5550 1031
5555 910
5560 1009
5565 1041
5570 909
5575 1060
5580 914
5585 933
5590 940
5595 940
5600 940
5605 941
5610 941
5615 947
5620 985
5625 999
5630 983
5635 956
5640 923
5645 923
5650 924
5655 927
5660 928
5665 927
5670 989
5675 930
5680 1124
5685 1007
5690 933
5695 933
5700 932
5705 937
5710 937
5715 939
5720 1036
5725 1084
5730 1052
5735 1003
5740 966
5745 970
5750 968
5755 971
5760 971
5765 972
5770 973
5775 973
5780 974
5785 1045
5790 974
5795 976
5800 980
5805 979
5810 978
5815 980
5820 1021
5825 981
5830 984
5835 1098
5840 1056
5845 959
5850 961
5855 963
5860 961
5865 962
5870 964
5875 965
5880 968
5885 965
5890 1041
5895 967
5900 1048
5905 969
5910 972
5915 973
5920 1047
5925 975
5930 1145
5935 1119
5940 1050
5945 977
5950 978
5955 978
5960 980
5965 981
5970 981
5975 1055
5980 985
5985 986
5990 986
5995 1061
6000 990
6005 1101
6010 989
6015 992
6020 991
6025 1029
6030 993
6035 994
6040 1096
6045 1158
6050 996
6055 999
6060 998
6065 1103
6070 1052
6075 1027
6080 1027
6085 1032
6090 1030
6095 1071
6100 1033
6105 1031
6110 1035
6115 1034
6120 1031
6125 1013
6130 1012
6135 1061
6140 1051
6145 1069
6150 1014
6155 1015
6160 1017
6165 1078
6170 1020
6175 1087
6180 1020
6185 1022
6190 1121
6195 1020
6200 1025
6205 1024
6210 1199
6215 1028
6220 1029
6225 1067
6230 1029
6235 1197
6240 1107
6245 1033
6250 1034
6255 1034
6260 1110
6265 1037
6270 1262
6275 1111
6280 1151
6285 1099
6290 1040
6295 1039
6300 1068
6305 1111
6310 1070
6315 1109
6320 1086
6325 1074
6330 1168
6335 1115
6340 1077
6345 1077
6350 1133
6355 1080
6360 1083
6365 1081
6370 1080
6375 1085
6380 1214
6385 1121
6390 1087
6395 1086
6400 1089
6405 1088
6410 1086
6415 1242
6420 1204
6425 1135
6430 1099
6435 1094
6440 1094
6445 1097
6450 1094
6455 1096
6460 1099
6465 1100
6470 1102
6475 1219
6480 1076
6485 1072
6490 1076
6495 1074
6500 1153
6505 1078
6510 1081
6515 1237
6520 1283
6525 1188
6530 1080
6535 1082
6540 1084
6545 1084
6550 1142
6555 1168
6560 1118
6565 1213
6570 1116
6575 1119
6580 1119
6585 1122
6590 1121
6595 1123
6600 1161
6605 1224
6610 1161
6615 1127
6620 1126
6625 1131
6630 1127
6635 1131
6640 1166
6645 1132
6650 1103
6655 1266
6660 1103
6665 1105
6670 1105
6675 1106
6680 1108
6685 1111
6690 1197
6695 1333
6700 1282
6705 1419
6710 1176
6715 1179
6720 1175
6725 1178
6730 1178
6735 1186
6740 1179
6745 1179
6750 1183
6755 1183
6760 1183
6765 1197
6770 1153
6775 1155
6780 1266
6785 1244
6790 1159
6795 1161
6800 1199
6805 1212
6810 1132
6815 1135
6820 1254
6825 1198
6830 1566
6835 1660
6840 1576
6845 1168
6850 1269
6855 1171
6860 1265
6865 1237
6870 1174
6875 1173
6880 1178
6885 1178
6890 1207
6895 1175
6900 1181
6905 1332
6910 1310
6915 1184
6920 1182
6925 1187
6930 1317
6935 1185
6940 1187
6945 1322
6950 1191
6955 1189
6960 1189
6965 1190
6970 1213
6975 1193
6980 1192
6985 1237
6990 1200
6995 1199
7000 1199
7005 1198
7010 1267
7015 1202
7020 1200
7025 1240
7030 1308
7035 1248
7040 1204
7045 1206
7050 1205
7055 1248
7060 1211
7065 1211
7070 1215
7075 1253
7080 1202
7085 1327
7090 1201
7095 1182
7100 1236
7105 1188
7110 1274
7115 1344
7120 1222
7125 1266
7130 1217
7135 1223
7140 1223
7145 1222
7150 1226
7155 1237
7160 1274
7165 1194
7170 1271
7175 1199
7180 1201
7185 1310
7190 1275
7195 1325
7200 1324
7205 1237
7210 1237
7215 1238
7220 1242
7225 1313
7230 1244
7235 1228
7240 1283
7245 1211
7250 1212
7255 1216
7260 1215
7265 1288
7270 1254
7275 1400
7280 1295
7285 1217
7290 1293
7295 1219
7300 1223
7305 1220
7310 1327
7315 1299
7320 1282
7325 1228
7330 1226
7335 1434
7340 1228
7345 1263
7350 1273
7355 1284
7360 1318
7365 1265
7370 1265
7375 1265
7380 1265
7385 1271
7390 1310
7395 1278
7400 1313
7405 1239
7410 1240
7415 1242
7420 1280
7425 1316
7430 1315
7435 1248
7440 1480
7445 1432
7450 1249
7455 1247
7460 1363
7465 1409
7470 1381
7475 1370
7480 1361
7485 1287
7490 1291
7495 1291
7500 1361
7505 1481
7510 1295
7515 1438
7520 1411
7525 1298
7530 1319
7535 1334
7540 1335
7545 1332
7550 1337
7555 1335
7560 1339
7565 1351
7570 1302
7575 1307
7580 1304
7585 1350
7590 1480
7595 1348
7600 1310
7605 1311
7610 1309
7615 1314
7620 1311
7625 1313
7630 1316
7635 1349
7640 1310
7645 1326
7650 1283
7655 1281
7660 1285
7665 1399
7670 1455
7675 1369
7680 1324
7685 1324
7690 1326
7695 1327
7700 1328
7705 1380
7710 1342
7715 1294
7720 1297
7725 1297
7730 1298
7735 1303
7740 1454
7745 1478
7750 1384
7755 1302
7760 1341
7765 1303
7770 1302
7775 1307
7780 1306
7785 1381
7790 1390
7795 1306
7800 1311
7805 1312
7810 1312
7815 1319
7820 1336
7825 1471
7830 1318
7835 1314
7840 1317
7845 1393
7850 1317
7855 1321
7860 1360
7865 1397
7870 1319
7875 1322
7880 1324
7885 1325
7890 1326
7895 1328
7900 1506
7905 1406
7910 1332
7915 1427
7920 1409
7925 1427
7930 1372
7935 1375
7940 1417
7945 1374
7950 1466
7955 1399
7960 1424
7965 1341
7970 1509
7975 1448
7980 1343
7985 1348
7990 1348
7995 1369
8000 1427
8005 1386
8010 1422
8015 1472
8020 1389
8025 1390
8030 1391
8035 1356
8040 1459
8045 1492
8050 1437
8055 1358
8060 1357
8065 1530
8070 1394
8075 1401
8080 1399
8085 1445
8090 1405
8095 1404
8100 1394
8105 1445
8110 1370
8115 1409
8120 1506
8125 1442
8130 1378
8135 1374
8140 1375
8145 1375
8150 1450
8155 1379
8160 1494
8165 1380
8170 1464
8175 1381
8180 1381
8185 1431
8190 1547
8195 1459
8200 1533
8205 1822
8210 1475
8215 1426
8220 1444
8225 1430
8230 1467
8235 1462
8240 1433
8245 1432
8250 1432
8255 1433
8260 1578
8265 1509
8270 1434
8275 1435
8280 1436
8285 1438
8290 1439
8295 1480
8300 1499
8305 1406
8310 1407
8315 1409
8320 1409
8325 1407
8330 1606
8335 1526
8340 1498
8345 1468
8350 1415
8355 1416
8360 1457
8365 1411
8370 1603
8375 1677
8380 1419
8385 1417
8390 1492
8395 1442
8400 1600
8405 1588
8410 1489
8415 1463
8420 1464
8425 1464
8430 1509
8435 1468
8440 1513
8445 1471
8450 1471
8455 1468
8460 1482
8465 1434
8470 1602
8475 1517
8480 1440
8485 1439
8490 1441
8495 1440
8500 1443
8505 1502
8510 1523
8515 1446
8520 1443
8525 1446
8530 1466
8535 1487
8540 1547
8545 1547
8550 1449
8555 1452
8560 1450
8565 1452
8570 1518
8575 1969
8580 1538
8585 1567
8590 1561
8595 1555
8600 1625
8605 1677
8610 1748
8615 1904
8620 1588
8625 1544
8630 1546
8635 1547
8640 1589
8645 1549
8650 1557
8655 1510
8660 1543
8665 1621
8670 1809
8675 1616
8680 1514
8685 1513
8690 1514
8695 1549
8700 1600
8705 1618
8710 1520
8715 1518
8720 1614
8725 1625
8730 1548
8735 1732
8740 1564
8745 1526
8750 1607
8755 1529
8760 1537
8765 1529
8770 1568
8775 1532
8780 1533
8785 1532
8790 1533
8795 1864
8800 1594
8805 1575
8810 1580
8815 1577
8820 1584
8825 1604
8830 1589
8835 1588
8840 1544
8845 1546
8850 1548
8855 1548
8860 1547
8865 1675
8870 1543
8875 1511
8880 1606
8885 1567
8890 1663
8895 1568
8900 1556
8905 1593
8910 1556
8915 1559
8920 1559
8925 1542
8930 1662
8935 1618
8940 1523
8945 1521
8950 1584
8955 1527
8960 1602
8965 1605
8970 1604
8975 1531
8980 1532
8985 1532
8990 1786
8995 1691
9000 1639
9005 1535
9010 1537
9015 1574
9020 1582
9025 1615
9030 1616
9035 1637
9040 1580
9045 1618
9050 1628
9055 1546
9060 1781
9065 1584
9070 1585
9075 1626
9080 1553
9085 1548
9090 1682
9095 1626
9100 1555
9105 1552
9110 1560
9115 1622
9120 1648
9125 1797
9130 1558
9135 1593
9140 1601
9145 1721
9150 1764
9155 1638
9160 1606
9165 1604
9170 1643
9175 1610
9180 1641
9185 1664
9190 1645
9195 1631
9200 1647
9205 1570
9210 1653
9215 1577
9220 1661
9225 1654
9230 1636
9235 1620
9240 1582
9245 1584
9250 1855
9255 1624
9260 1626
9265 1627
9270 1627
9275 1701
9280 1640
9285 1661
9290 1586
9295 1588
9300 1624
9305 1611
9310 1721
9315 1667
9320 1592
9325 1594
9330 1595
9335 1714
9340 1669
9345 1673
9350 1600
9355 1602
9360 1603
9365 1676
9370 1606
9375 1802
9380 1683
9385 1762
9390 1609
9395 1608
9400 1726
9405 1654
9410 1745
9415 1689
9420 1653
9425 1654
9430 1633
9435 1879
9440 1767
9445 1617
9450 1620
9455 1643
9460 1703
9465 1724
9470 1699
9475 1666
9480 1707
9485 1705
9490 1670
9495 1714
9500 1714
9505 1712
9510 1675
9515 1654
9520 1631
9525 1673
9530 1746
9535 1634
9540 1636
9545 1640
9550 1706
9555 1771
9560 1750
9565 1642
9570 1643
9575 1640
9580 1643
9585 1642
9590 1722
9595 1642
9600 1646
9605 1648
9610 1648
9615 1685
9620 1829
9625 1686
9630 1720
9635 1818
9640 1654
9645 1656
9650 1658
9655 1769
9660 1657
9665 1697
9670 1743
9675 1664
9680 1823
9685 1745
9690 1666
9695 1852
9700 1738
9705 1668
9710 1665
9715 1805
9720 1770
9725 1666
9730 1745
9735 1672
9740 1848
9745 1686
9750 1678
9755 1743
9760 1923
9765 1895
9770 1801
9775 1861
9780 1843
9785 1725
9790 1832
9795 1850
9800 1882
9805 1732
9810 1730
9815 1731
9820 1778
9825 1732
9830 1737
9835 1820
9840 1735
9845 1735
9850 1738
9855 1832
9860 1851
9865 1961
9870 1744
9875 1780
9880 1745
9885 1785
9890 1748
9895 1745
9900 1748
9905 1803
9910 1774
9915 1898
9920 1784
9925 1860
9930 1885
9935 1751
9940 1752
9945 1943
9950 1832
9955 1797
9960 1819
9965 1825
9970 1823
9975 1809
9980 1810
9985 1815
9990 1811
9995 1812
10000 1858
