5 0
10 0
15 0
20 1
25 1
30 1
35 2
40 2
45 3
50 3
55 4
60 4
65 5
70 5
75 5
80 6
85 7
90 7
95 8
100 8
105 9
110 9
115 10
120 10
125 11
130 11
135 12
140 13
145 13
150 16
155 14
160 15
165 15
170 16
175 16
180 17
185 18
190 18
195 19
200 19
205 20
210 21
215 21
220 22
225 23
230 23
235 24
240 25
245 24
250 25
255 26
260 27
265 27
270 28
275 29
280 29
285 30
290 30
295 31
300 31
305 32
310 33
315 76
320 52
325 34
330 35
335 36
340 36
345 37
350 37
355 38
360 39
365 40
370 40
375 41
380 41
385 42
390 43
395 43
400 44
405 45
410 46
415 47
420 48
425 48
430 48
435 49
440 50
445 51
450 51
455 51
460 52
465 53
470 54
475 55
480 55
485 55
490 56
495 57
500 58
505 59
510 59
515 60
520 61
525 62
530 63
535 63
540 64
545 65
550 65
555 66
560 66
565 67
570 68
575 69
580 69
585 70
590 71
595 71
600 72
605 72
610 73
615 74
620 75
625 76
630 77
635 98
640 120
645 78
650 80
655 80
660 81
665 82
670 83
675 83
680 85
685 84
690 84
695 85
700 87
705 87
710 88
715 89
720 90
725 90
730 91
735 91
740 93
745 93
750 93
755 94
760 96
765 96
770 97
775 98
780 98
785 100
790 100
795 101
800 102
805 102
810 103
815 103
820 104
825 105
830 106
835 107
840 108
845 109
850 109
855 109
860 110
865 112
870 112
875 113
880 114
885 114
890 182
895 164
900 153
905 119
910 118
915 119
920 120
925 120
930 121
935 123
940 123
945 123
950 124
955 124
960 125
965 126
970 127
975 128
980 128
985 128
990 130
995 131
1000 132
1005 132
1010 132
1015 133
1020 134
1025 135
1030 137
1035 137
1040 137
1045 137
1050 139
1055 141
1060 140
1065 141
1070 182
1075 143
1080 143
1085 145
1090 147
1095 146
1100 146
1105 147
1110 148
1115 213
1120 193
1125 153
1130 153
1135 153
1140 153
1145 154
1150 155
1155 155
1160 156
1165 157
1170 157
1175 158
1180 200
1185 176
1190 161
1195 161
1200 176
1205 167
1210 169
1215 169
1220 169
1225 170
1230 171
1235 172
1240 174
1245 205
1250 212
1255 175
1260 178
1265 190
1270 203
1275 201
1280 181
1285 181
1290 183
1295 182
1300 184
1305 184
1310 185
1315 185
1320 187
1325 188
1330 189
1335 191
1340 191
1345 190
1350 192
1355 216
1360 194
1365 195
1370 196
1375 196
1380 196
1385 197
1390 198
1395 199
1400 199
1405 200
1410 202
1415 203
1420 204
1425 204
1430 205
1435 207
1440 207
1445 208
1450 210
1455 209
1460 208
1465 210
1470 211
1475 212
1480 213
1485 215
1490 215
1495 216
1500 217
1505 218
1510 218
1515 219
1520 220
1525 221
1530 222
1535 222
1540 224
1545 224
1550 225
1555 225
1560 226
1565 228
1570 229
1575 229
1580 229
1585 265
1590 270
1595 232
1600 271
1605 234
1610 236
1615 346
1620 259
1625 237
1630 237
1635 239
1640 239
1645 276
1650 241
1655 242
1660 243
1665 297
1670 349
1675 247
1680 285
1685 251
1690 312
1695 248
1700 249
1705 249
1710 249
1715 251
1720 253
1725 253
1730 254
1735 255
1740 256
1745 256
1750 257
1755 260
1760 312
1765 259
1770 261
1775 261
1780 299
1785 263
1790 263
1795 267
1800 264
1805 267
1810 267
1815 271
1820 272
1825 404
1830 272
1835 272
1840 273
1845 273
1850 274
1855 275
1860 276
1865 277
1870 278
1875 281
1880 279
1885 281
1890 328
1895 282
1900 283
1905 285
1910 285
1915 285
1920 285
1925 287
1930 287
1935 289
1940 290
1945 290
1950 291
1955 292
1960 402
1965 343
1970 353
1975 348
1980 325
1985 297
1990 297
1995 298
2000 299
2005 299
2010 300
2015 301
2020 302
2025 304
2030 305
2035 304
2040 306
2045 341
2050 342
2055 308
2060 310
2065 312
2070 311
2075 313
2080 313
2085 314
2090 315
2095 314
2100 316
2105 317
2110 320
2115 386
2120 317
2125 320
2130 320
2135 323
2140 324
2145 324
2150 325
2155 330
2160 404
2165 388
2170 704
2175 390
2180 344
2185 344
2190 375
2195 344
2200 348
2205 349
2210 353
2215 359
2220 349
2225 350
2230 433
2235 434
2240 424
2245 352
2250 362
2255 367
2260 355
2265 356
2270 415
2275 358
2280 358
2285 366
2290 382
2295 369
2300 395
2305 365
2310 366
2315 364
2320 365
2325 366
2330 368
2335 370
2340 372
2345 376
2350 373
2355 377
2360 374
2365 375
2370 378
2375 378
2380 379
2385 400
2390 376
2395 380
2400 410
2405 443
2410 384
2415 435
2420 398
2425 386
2430 392
2435 390
2440 386
2445 390
2450 388
2455 389
2460 388
2465 393
2470 391
2475 391
2480 394
2485 402
2490 394
2495 395
2500 397
2505 399
2510 399
2515 398
2520 399
2525 453
2530 408
2535 401
2540 403
2545 404
2550 405
2555 407
2560 429
2565 408
2570 407
2575 408
2580 410
2585 411
2590 411
2595 411
2600 413
2605 416
2610 445
2615 428
2620 477
2625 406
2630 412
2635 409
2640 411
2645 410
2650 411
2655 412
2660 411
2665 414
2670 415
2675 415
2680 417
2685 417
2690 418
2695 418
2700 455
2705 421
2710 421
2715 422
2720 422
2725 425
2730 428
2735 465
2740 426
2745 461
2750 444
2755 456
2760 474
2765 444
2770 444
2775 447
2780 449
2785 449
2790 451
2795 456
2800 440
2805 440
2810 440
2815 519
2820 457
2825 456
2830 457
2835 488
2840 462
2845 473
2850 459
2855 471
2860 449
2865 450
2870 452
2875 454
2880 452
2885 453
2890 560
2895 493
2900 457
2905 459
2910 509
2915 531
2920 484
2925 473
2930 473
2935 474
2940 475
2945 477
2950 477
2955 478
2960 479
2965 481
2970 560
2975 482
2980 482
2985 485
2990 485
2995 486
3000 488
3005 488
3010 489
3015 534
3020 490
3025 493
3030 492
3035 493
3040 494
3045 496
3050 497
3055 500
3060 496
3065 496
3070 498
3075 498
3080 500
3085 500
3090 502
3095 501
3100 534
3105 505
3110 506
3115 510
3120 509
3125 508
3130 509
3135 509
3140 510
3145 512
3150 514
3155 513
3160 517
3165 519
3170 518
3175 518
3180 518
3185 521
3190 520
3195 525
3200 528
3205 509
3210 511
3215 554
3220 509
3225 513
3230 514
3235 514
3240 515
3245 516
3250 575
3255 593
3260 520
3265 518
3270 694
3275 668
3280 618
3285 617
3290 594
3295 539
3300 540
3305 547
3310 539
3315 543
3320 544
3325 543
3330 545
3335 584
3340 547
3345 566
3350 550
3355 550
3360 566
3365 566
3370 553
3375 554
3380 555
3385 577
3390 556
3395 558
3400 557
3405 557
3410 557
3415 561
3420 563
3425 566
3430 563
3435 564
3440 563
3445 567
3450 567
3455 570
3460 571
3465 570
3470 600
3475 569
3480 572
3485 575
3490 573
3495 573
3500 576
3505 576
3510 577
3515 606
3520 581
3525 620
3530 582
3535 590
3540 566
3545 568
3550 570
3555 570
3560 569
3565 573
3570 573
3575 574
3580 610
3585 576
3590 579
3595 614
3600 670
3605 579
3610 579
3615 595
3620 566
3625 567
3630 639
3635 587
3640 586
3645 602
3650 571
3655 572
3660 647
3665 573
3670 574
3675 575
3680 575
3685 578
3690 643
3695 636
3700 706
3705 581
3710 585
3715 602
3720 584
3725 587
3730 585
3735 586
3740 587
3745 587
3750 587
3755 588
3760 589
3765 591
3770 611
3775 630
3780 634
3785 594
3790 595
3795 597
3800 598
3805 600
3810 599
3815 673
3820 601
3825 604
3830 603
3835 603
3840 605
3845 607
3850 611
3855 719
3860 610
3865 697
3870 819
3875 611
3880 612
3885 614
3890 613
3895 614
3900 615
3905 616
3910 617
3915 662
3920 618
3925 637
3930 637
3935 674
3940 699
3945 641
3950 641
3955 641
3960 641
3965 679
3970 642
3975 644
3980 643
3985 647
3990 647
3995 646
4000 673
4005 690
4010 634
4015 747
4020 696
4025 700
4030 670
4035 639
4040 640
4045 641
4050 641
4055 643
4060 645
4065 644
4070 646
4075 646
4080 647
4085 648
4090 735
4095 650
4100 649
4105 651
4110 650
4115 654
4120 652
4125 653
4130 655
4135 731
4140 693
4145 728
4150 657
4155 659
4160 661
4165 681
4170 678
4175 702
4180 764
4185 709
4190 684
4195 683
4200 721
4205 669
4210 669
4215 688
4220 689
4225 687
4230 690
4235 689
4240 729
4245 692
4250 692
4255 694
4260 695
4265 696
4270 696
4275 699
4280 756
4285 868
4290 825
4295 704
4300 683
4305 686
4310 754
4315 737
4320 854
4325 689
4330 689
4335 691
4340 692
4345 692
4350 714
4355 712
4360 712
4365 714
4370 715
4375 716
4380 755
4385 751
4390 737
4395 751
4400 720
4405 721
4410 722
4415 733
4420 769
4425 761
4430 709
4435 706
4440 709
4445 710
4450 752
4455 774
4460 880
4465 715
4470 716
4475 716
4480 792
4485 718
4490 718
4495 720
4500 719
4505 720
4510 721
4515 722
4520 840
4525 725
4530 725
4535 726
4540 726
4545 728
4550 842
4555 728
4560 730
4565 732
4570 731
4575 733
4580 735
4585 809
4590 813
4595 738
4600 887
4605 739
4610 771
4615 762
4620 759
4625 759
4630 800
4635 798
4640 764
4645 767
4650 768
4655 807
4660 771
4665 775
4670 776
4675 807
4680 829
4685 808
4690 807
4695 779
4700 758
4705 757
4710 760
4715 758
4720 952
4725 760
4730 993
4735 781
4740 823
4745 784
4750 787
4755 822
4760 787
4765 788
4770 790
4775 792
4780 871
4785 815
4790 831
4795 793
4800 793
4805 795
4810 795
4815 797
4820 798
4825 800
4830 799
4835 801
4840 803
4845 913
4850 799
4855 925
4860 785
4865 785
4870 787
4875 874
4880 788
4885 792
4890 791
4895 792
4900 794
4905 793
4910 877
4915 794
4920 792
4925 795
4930 870
4935 870
4940 797
4945 883
4950 801
4955 802
4960 800
4965 820
4970 872
4975 829
4980 873
4985 826
4990 868
4995 831
5000 830
5005 832
5010 834
5015 834
5020 835
5025 837
5030 856
5035 848
5040 815
5045 945
5050 818
5055 819
5060 819
5065 859
5070 822
5075 824
5080 822
5085 923
5090 826
5095 880
5100 899
5105 863
5110 829
5115 830
5120 833
5125 833
5130 831
5135 914
5140 873
5145 869
5150 943
5155 835
5160 837
5165 839
5170 838
5175 839
5180 843
5185 844
5190 843
5195 920
5200 846
5205 846
5210 904
5215 846
5220 1014
5225 849
5230 851
5235 849
5240 853
5245 855
5250 892
5255 921
5260 881
5265 881
5270 957
5275 858
5280 858
5285 860
5290 861
5295 863
5300 863
5305 865
5310 865
5315 864
5320 868
5325 946
5330 944
5335 967
5340 871
5345 1026
5350 870
5355 967
5360 894
5365 996
5370 898
5375 899
5380 901
5385 983
5390 902
5395 901
5400 902
5405 904
5410 1080
5415 1068
5420 884
5425 882
5430 884
5435 886
5440 1001
5445 1016
5450 1040
5455 962
5460 926
5465 957
5470 918
5475 918
5480 918
5485 917
5490 918
5495 999
5500 921
5505 958
5510 923
5515 900
5520 903
5525 903
5530 903
5535 993
5540 931
5545 945
5550 1016
5555 1035
5560 906
5565 908
5570 908
5575 911
5580 912
5585 990
5590 913
5595 914
5600 935
5605 950
5610 992
5615 917
5620 981
5625 920
5630 920
5635 920
5640 926
5645 924
5650 924
5655 966
5660 928
5665 1059
5670 1047
5675 929
5680 929
5685 931
5690 932
5695 932
5700 932
5705 1038
5710 1017
5715 1240
5720 1067
5725 965
5730 966
5735 965
5740 966
5745 999
5750 967
5755 968
5760 1054
5765 946
5770 1011
5775 973
5780 978
5785 949
5790 948
5795 950
5800 952
5805 953
5810 956
5815 1033
5820 1048
5825 956
5830 957
5835 956
5840 959
5845 1048
5850 985
5855 995
5860 1142
5865 1026
5870 1061
5875 1003
5880 993
5885 993
5890 997
5895 993
5900 996
5905 1007
5910 1031
5915 1055
5920 1178
5925 972
5930 975
5935 975
5940 975
5945 978
5950 979
5955 1015
5960 1007
5965 1043
5970 1012
5975 1112
5980 1009
5985 1083
5990 1011
5995 1010
6000 1015
6005 1074
6010 1047
6015 1134
6020 1017
6025 1018
6030 1066
6035 1020
6040 1022
6045 1022
6050 1023
6055 1025
6060 1023
6065 1067
6070 1061
6075 1045
6080 1028
6085 1030
6090 1033
6095 1106
6100 1007
6105 1007
6110 1009
6115 1136
6120 1011
6125 1011
6130 1012
6135 1048
6140 1011
6145 1014
6150 1088
6155 1016
6160 1016
6165 1455
6170 1243
6175 1074
6180 1073
6185 1074
6190 1079
6195 1076
6200 1080
6205 1082
6210 1079
6215 1083
6220 1081
6225 1086
6230 1055
6235 1055
6240 1056
6245 1058
6250 1059
6255 1061
6260 1095
6265 1226
6270 1063
6275 1476
6280 1272
6285 1220
6290 1041
6295 1041
6300 1118
6305 1104
6310 1261
6315 1071
6320 1170
6325 1073
6330 1111
6335 1118
6340 1145
6345 1185
6350 1160
6355 1115
6360 1106
6365 1142
6370 1113
6375 1110
6380 1114
6385 1126
6390 1115
6395 1123
6400 1085
6405 1086
6410 1087
6415 1090
6420 1092
6425 1088
6430 1127
6435 1092
6440 1134
6445 1394
6450 1067
6455 1067
6460 1069
6465 1069
6470 1069
6475 1071
6480 1071
6485 1179
6490 1073
6495 1074
6500 1074
6505 1078
6510 1078
6515 1116
6520 1079
6525 1175
6530 1164
6535 1170
6540 1115
6545 1085
6550 1085
6555 1085
6560 1087
6565 1090
6570 1094
6575 1129
6580 1194
6585 1092
6590 1093
6595 1091
6600 1094
6605 1095
6610 1095
6615 1144
6620 1168
6625 1211
6630 1225
6635 1171
6640 1099
6645 1100
6650 1103
6655 1102
6660 1102
6665 1234
6670 1163
6675 1107
6680 1107
6685 1109
6690 1111
6695 1111
6700 1114
6705 1114
6710 1115
6715 1183
6720 1201
6725 1116
6730 1119
6735 1191
6740 1212
6745 1149
6750 1152
6755 1151
6760 1190
6765 1155
6770 1153
6775 1155
6780 1157
6785 1146
6790 1172
6795 1489
6800 1412
6805 1286
6810 1132
6815 1327
6820 1177
6825 1266
6830 1399
6835 1167
6840 1289
6845 1170
6850 1170
6855 1207
6860 1170
6865 1226
6870 1174
6875 1174
6880 1178
6885 1222
6890 1266
6895 1212
6900 1178
6905 1178
6910 1177
6915 1221
6920 1184
6925 1237
6930 1185
6935 1184
6940 1191
6945 1155
6950 1231
6955 1234
6960 1160
6965 1159
6970 1359
6975 1269
6980 1197
6985 1196
6990 1193
6995 1238
7000 1197
7005 1197
7010 1254
7015 1272
7020 1197
7025 1208
7030 1170
7035 1174
7040 1174
7045 1174
7050 1365
7055 1254
7060 1286
7065 1293
7070 1179
7075 1179
7080 1181
7085 1183
7090 1241
7095 1291
7100 1271
7105 1185
7110 1189
7115 1186
7120 1187
7125 1226
7130 1190
7135 1378
7140 1308
7145 1288
7150 1194
7155 1195
7160 1193
7165 1273
7170 1336
7175 1221
7180 1314
7185 1232
7190 1234
7195 1234
7200 1234
7205 1234
7210 1278
7215 1337
7220 1317
7225 1309
7230 1207
7235 1210
7240 1268
7245 1210
7250 1208
7255 1214
7260 1287
7265 1216
7270 1215
7275 1217
7280 1217
7285 1289
7290 1220
7295 1219
7300 1221
7305 1295
7310 1398
7315 1222
7320 1225
7325 1226
7330 1334
7335 1227
7340 1227
7345 1336
7350 1228
7355 1229
7360 1231
7365 1229
7370 1234
7375 1272
7380 1233
7385 1311
7390 1330
7395 1237
7400 1239
7405 1239
7410 1241
7415 1238
7420 1391
7425 1417
7430 1243
7435 1245
7440 1246
7445 1246
7450 1290
7455 1247
7460 1282
7465 1325
7470 1363
7475 1248
7480 1250
7485 1251
7490 1251
7495 1253
7500 1333
7505 1335
7510 1387
7515 1258
7520 1334
7525 1261
7530 1450
7535 1379
7540 1263
7545 1344
7550 1470
7555 1291
7560 1347
7565 1342
7570 1302
7575 1350
7580 1306
7585 1401
7590 1306
7595 1387
7600 1348
7605 1553
7610 1364
7615 1469
7620 1355
7625 1436
7630 1354
7635 1528
7640 1538
7645 1410
7650 1675
7655 1622
7660 1366
7665 1361
7670 1359
7675 1358
7680 1359
7685 1358
7690 1360
7695 1435
7700 1327
7705 1327
7710 1333
7715 1330
7720 1331
7725 1330
7730 1369
7735 1304
7740 1302
7745 1302
7750 1378
7755 1302
7760 1304
7765 1305
7770 1344
7775 1618
7780 1469
7785 1305
7790 1306
7795 1308
7800 1337
7805 1462
7810 1348
7815 1349
7820 1349
7825 1350
7830 1351
7835 1355
7840 1320
7845 1510
7850 1463
7855 1403
7860 1322
7865 1396
7870 1421
7875 1358
7880 1406
7885 1362
7890 1361
7895 1364
7900 1472
7905 1366
7910 1330
7915 1510
7920 1386
7925 1404
7930 1329
7935 1332
7940 1479
7945 1371
7950 1376
7955 1568
7960 1375
7965 1375
7970 1377
7975 1375
7980 1459
7985 1716
7990 1536
7995 1472
8000 1544
8005 1511
8010 1383
8015 1389
8020 1388
8025 1425
8030 1387
8035 1389
8040 1430
8045 1389
8050 1391
8055 1392
8060 1427
8065 1477
8070 1395
8075 1399
8080 1363
8085 1364
8090 1363
8095 1401
8100 1438
8105 1363
8110 1367
8115 1368
8120 1487
8125 1366
8130 1387
8135 1580
8140 1537
8145 1419
8150 1410
8155 1412
8160 1412
8165 1413
8170 1519
8175 1427
8180 1381
8185 1378
8190 1560
8195 1638
8200 2130
8205 2020
8210 1508
8215 1529
8220 1520
8225 1424
8230 1424
8235 1519
8240 1467
8245 1466
8250 1495
8255 1467
8260 1469
8265 1478
8270 1469
8275 1490
8280 1432
8285 1432
8290 1486
8295 1513
8300 1438
8305 1525
8310 1439
8315 1439
8320 1444
8325 1497
8330 1442
8335 1448
8340 1494
8345 1488
8350 1484
8355 1410
8360 1410
8365 1414
8370 1573
8375 1454
8380 1416
8385 1416
8390 1416
8395 1420
8400 1452
8405 1420
8410 1464
8415 1518
8420 1458
8425 1460
8430 1427
8435 1495
8440 1477
8445 1580
8450 1505
8455 1464
8460 1430
8465 1432
8470 1470
8475 1439
8480 1518
8485 1525
8490 1438
8495 1438
8500 1437
8505 1474
8510 1440
8515 1580
8520 1449
8525 1522
8530 1505
8535 1524
8540 1447
8545 1448
8550 1528
8555 1579
8560 1453
8565 1639
8570 1531
8575 1494
8580 1494
8585 1570
8590 1500
8595 1568
8600 1478
8605 1460
8610 1750
8615 1505
8620 1562
8625 1620
8630 1515
8635 1966
8640 1591
8645 1618
8650 1553
8655 1509
8660 1564
8665 1552
8670 1553
8675 1571
8680 1556
8685 1606
8690 1535
8695 1518
8700 1521
8705 1522
8710 1521
8715 1564
8720 1567
8725 1484
8730 1486
8735 1489
8740 1485
8745 1522
8750 1589
8755 1619
8760 1493
8765 1495
8770 1492
8775 1606
8780 1574
8785 1617
8790 1650
8795 1498
8800 1588
8805 1499
8810 1500
8815 1583
8820 1624
8825 1542
8830 1647
8835 1545
8840 1575
8845 1616
8850 1647
8855 1547
8860 1552
8865 1550
8870 1586
8875 1551
8880 1672
8885 1612
8890 1513
8895 1515
8900 1588
8905 1542
8910 1558
8915 1633
8920 1592
8925 1563
8930 1563
8935 1569
8940 1560
8945 1609
8950 1628
8955 1526
8960 1525
8965 1526
8970 1527
8975 1528
8980 1678
8985 1609
8990 1533
8995 1534
9000 1535
9005 1608
9010 1538
9015 1707
9020 1552
9025 1558
9030 1542
9035 1543
9040 1544
9045 1712
9050 1546
9055 1603
9060 1544
9065 1543
9070 1618
9075 1622
9080 1752
9085 1549
9090 1552
9095 1593
9100 1593
9105 1556
9110 1597
9115 1615
9120 1557
9125 1557
9130 1631
9135 1672
9140 1600
9145 1812
9150 1678
9155 1605
9160 1681
9165 1607
9170 1609
9175 1614
9180 1712
9185 1571
9190 1693
9195 1569
9200 1574
9205 1655
9210 1681
9215 1612
9220 1617
9225 1619
9230 1670
9235 1666
9240 1602
9245 1645
9250 1745
9255 1581
9260 1585
9265 1589
9270 1754
9275 1630
9280 1588
9285 1664
9290 1590
9295 1589
9300 1803
9305 1593
9310 1592
9315 1595
9320 1595
9325 1600
9330 1712
9335 1708
9340 1599
9345 1602
9350 1600
9355 1606
9360 1633
9365 1665
9370 1860
9375 1725
9380 1604
9385 1640
9390 1716
9395 1794
9400 1708
9405 1654
9410 1656
9415 1654
9420 1704
9425 1891
9430 1696
9435 1790
9440 1695
9445 1662
9450 1662
9455 1817
9460 1719
9465 1664
9470 1670
9475 1662
9480 1666
9485 1740
9490 1667
9495 1672
9500 1649
9505 1629
9510 1713
9515 1707
9520 1759
9525 1631
9530 1722
9535 1743
9540 1637
9545 1791
9550 1711
9555 1671
9560 1681
9565 1682
9570 1735
9575 1721
9580 1782
9585 1722
9590 1689
9595 1689
9600 1689
9605 1748
9610 1747
9615 1646
9620 1651
9625 1651
9630 1789
9635 1728
9640 2061
9645 1911
9650 1747
9655 1752
9660 1752
9665 1764
9670 1751
9675 1754
9680 1758
9685 1752
9690 1754
9695 1905
9700 1711
9705 1708
9710 1745
9715 1808
9720 2746
9725 1965
9730 1763
9735 1760
9740 1762
9745 1774
9750 1897
9755 1720
9760 1833
9765 1780
9770 1778
9775 1794
9780 1731
9785 1728
9790 1763
9795 1727
9800 1796
9805 1763
9810 1884
9815 1729
9820 1732
9825 1866
9830 1770
9835 1776
9840 1733
9845 1732
9850 1736
9855 1826
9860 1695
9865 1888
9870 1771
9875 1701
9880 1702
9885 1704
9890 1704
9895 1815
9900 1703
9905 1703
9910 1702
9915 1781
9920 1705
9925 1892
9930 1707
9935 1714
9940 1788
9945 1789
9950 1787
9955 1759
9960 1767
9965 1716
9970 1718
9975 1799
9980 1796
9985 1925
9990 1824
9995 1762
10000 1768
