5 0
10 0
15 0
20 1
25 1
30 2
35 2
40 2
45 3
50 3
55 4
60 4
65 5
70 5
75 6
80 6
85 6
90 7
95 8
100 8
105 9
110 9
115 10
120 10
125 11
130 12
135 12
140 12
145 13
150 14
155 14
160 15
165 15
170 16
175 17
180 17
185 18
190 19
195 19
200 20
205 20
210 21
215 21
220 22
225 23
230 23
235 24
240 25
245 25
250 26
255 27
260 27
265 28
270 28
275 29
280 30
285 30
290 31
295 31
300 33
305 33
310 34
315 34
320 35
325 35
330 36
335 37
340 38
345 38
350 39
355 39
360 40
365 41
370 41
375 42
380 43
385 43
390 44
395 45
400 45
405 46
410 47
415 48
420 48
425 49
430 49
435 50
440 53
445 52
450 52
455 53
460 54
465 54
470 55
475 56
480 57
485 57
490 58
495 59
500 59
505 60
510 61
515 61
520 62
525 63
530 64
535 64
540 65
545 171
550 73
555 134
560 70
565 69
570 70
575 70
580 71
585 72
590 72
595 74
600 73
605 74
610 75
615 75
620 76
625 77
630 78
635 78
640 79
645 80
650 82
655 82
660 82
665 83
670 84
675 85
680 85
685 86
690 87
695 88
700 88
705 90
710 90
715 91
720 91
725 93
730 93
735 94
740 94
745 95
750 96
755 97
760 98
765 99
770 99
775 100
780 101
785 101
790 102
795 103
800 104
805 104
810 105
815 106
820 107
825 108
830 110
835 109
840 109
845 111
850 112
855 113
860 114
865 110
870 111
875 160
880 131
885 171
890 133
895 116
900 117
905 118
910 119
915 119
920 120
925 120
930 121
935 122
940 122
945 123
950 124
955 125
960 174
965 162
970 127
975 129
980 128
985 129
990 130
995 131
1000 132
1005 132
1010 133
1015 134
1020 135
1025 155
1030 191
1035 136
1040 137
1045 138
1050 139
1055 140
1060 140
1065 141
1070 142
1075 143
1080 144
1085 145
1090 145
1095 146
1100 147
1105 147
1110 147
1115 150
1120 150
1125 151
1130 152
1135 152
1140 154
1145 154
1150 153
1155 155
1160 156
1165 156
1170 157
1175 158
1180 159
1185 160
1190 176
1195 165
1200 168
1205 203
1210 169
1215 170
1220 170
1225 170
1230 171
1235 172
1240 173
1245 173
1250 174
1255 175
1260 176
1265 176
1270 214
1275 179
1280 222
1285 181
1290 181
1295 183
1300 184
1305 185
1310 185
1315 264
1320 208
1325 224
1330 188
1335 188
1340 190
1345 190
1350 190
1355 191
1360 192
1365 192
1370 193
1375 194
1380 195
1385 195
1390 197
1395 198
1400 198
1405 198
1410 200
1415 200
1420 201
1425 202
1430 203
1435 205
1440 204
1445 207
1450 207
1455 230
1460 226
1465 209
1470 211
1475 211
1480 212
1485 213
1490 252
1495 214
1500 236
1505 217
1510 217
1515 218
1520 217
1525 255
1530 220
1535 221
1540 260
1545 242
1550 238
1555 224
1560 225
1565 225
1570 225
1575 227
1580 228
1585 228
1590 230
1595 230
1600 231
1605 233
1610 232
1615 234
1620 234
1625 288
1630 355
1635 240
1640 275
1645 238
1650 397
1655 240
1660 242
1665 243
1670 243
1675 244
1680 245
1685 301
1690 246
1695 247
1700 247
1705 248
1710 248
1715 349
1720 287
1725 254
1730 252
1735 254
1740 254
1745 255
1750 335
1755 274
1760 258
1765 258
1770 259
1775 260
1780 300
1785 337
1790 262
1795 265
1800 265
1805 269
1810 266
1815 267
1820 267
1825 270
1830 269
1835 271
1840 271
1845 273
1850 310
1855 273
1860 273
1865 274
1870 275
1875 277
1880 277
1885 278
1890 279
1895 281
1900 283
1905 301
1910 307
1915 285
1920 284
1925 287
1930 287
1935 287
1940 287
1945 288
1950 290
1955 291
1960 291
1965 292
1970 293
1975 295
1980 296
1985 297
1990 296
1995 298
2000 300
2005 300
2010 301
2015 302
2020 303
2025 325
2030 321
2035 305
2040 305
2045 306
2050 308
2055 344
2060 309
2065 310
2070 310
2075 356
2080 313
2085 314
2090 314
2095 389
2100 378
2105 317
2110 318
2115 320
2120 320
2125 321
2130 321
2135 326
2140 371
2145 362
2150 403
2155 356
2160 327
2165 327
2170 365
2175 329
2180 330
2185 333
2190 354
2195 351
2200 379
2205 345
2210 354
2215 346
2220 365
2225 352
2230 357
2235 378
2240 349
2245 353
2250 352
2255 352
2260 353
2265 355
2270 354
2275 355
2280 359
2285 359
2290 363
2295 379
2300 368
2305 364
2310 367
2315 365
2320 389
2325 366
2330 367
2335 368
2340 374
2345 367
2350 369
2355 370
2360 383
2365 372
2370 374
2375 376
2380 379
2385 377
2390 378
2395 379
2400 380
2405 383
2410 380
2415 381
2420 383
2425 384
2430 382
2435 383
2440 383
2445 388
2450 397
2455 397
2460 391
2465 393
2470 396
2475 393
2480 394
2485 397
2490 398
2495 394
2500 395
2505 402
2510 398
2515 398
2520 399
2525 399
2530 400
2535 400
2540 400
2545 404
2550 404
2555 403
2560 409
2565 474
2570 469
2575 410
2580 411
2585 411
2590 411
2595 413
2600 414
2605 414
2610 414
2615 436
2620 417
2625 416
2630 454
2635 418
2640 421
2645 421
2650 421
2655 423
2660 423
2665 424
2670 427
2675 426
2680 428
2685 457
2690 430
2695 431
2700 430
2705 432
2710 434
2715 434
2720 435
2725 437
2730 462
2735 449
2740 481
2745 439
2750 439
2755 440
2760 442
2765 443
2770 445
2775 448
2780 449
2785 474
2790 462
2795 451
2800 455
2805 453
2810 458
2815 484
2820 458
2825 462
2830 458
2835 464
2840 504
2845 456
2850 457
2855 460
2860 461
2865 460
2870 460
2875 463
2880 463
2885 464
2890 465
2895 466
2900 467
2905 468
2910 492
2915 470
2920 471
2925 471
2930 480
2935 505
2940 474
2945 477
2950 478
2955 477
2960 480
2965 479
2970 480
2975 481
2980 481
2985 480
2990 483
2995 483
3000 485
3005 487
3010 488
3015 488
3020 488
3025 489
3030 495
3035 496
3040 503
3045 481
3050 480
3055 553
3060 483
3065 486
3070 605
3075 486
3080 486
3085 487
3090 487
3095 489
3100 490
3105 490
3110 491
3115 491
3120 493
3125 493
3130 495
3135 510
3140 485
3145 484
3150 485
3155 485
3160 606
3165 490
3170 488
3175 491
3180 491
3185 565
3190 492
3195 491
3200 494
3205 494
3210 494
3215 496
3220 496
3225 536
3230 501
3235 548
3240 547
3245 514
3250 538
3255 538
3260 536
3265 518
3270 643
3275 507
3280 507
3285 508
3290 509
3295 510
3300 511
3305 511
3310 512
3315 588
3320 515
3325 540
3330 529
3335 531
3340 569
3345 532
3350 534
3355 572
3360 635
3365 700
3370 537
3375 536
3380 749
3385 771
3390 673
3395 710
3400 695
3405 681
3410 586
3415 545
3420 543
3425 546
3430 684
3435 551
3440 623
3445 549
3450 550
3455 551
3460 588
3465 550
3470 553
3475 608
3480 571
3485 572
3490 572
3495 572
3500 575
3505 574
3510 574
3515 578
3520 578
3525 579
3530 580
3535 580
3540 583
3545 583
3550 583
3555 591
3560 590
3565 573
3570 572
3575 574
3580 574
3585 575
3590 573
3595 576
3600 577
3605 635
3610 631
3615 713
3620 579
3625 580
3630 584
3635 582
3640 584
3645 661
3650 637
3655 587
3660 587
3665 588
3670 589
3675 589
3680 590
3685 590
3690 679
3695 596
3700 592
3705 593
3710 596
3715 595
3720 604
3725 665
3730 583
3735 584
3740 586
3745 585
3750 584
3755 629
3760 605
3765 589
3770 591
3775 674
3780 593
3785 685
3790 611
3795 649
3800 612
3805 616
3810 596
3815 597
3820 600
3825 662
3830 600
3835 600
3840 602
3845 604
3850 604
3855 683
3860 608
3865 607
3870 609
3875 685
3880 610
3885 609
3890 675
3895 789
3900 612
3905 613
3910 616
3915 614
3920 617
3925 615
3930 618
3935 639
3940 655
3945 621
3950 770
3955 640
3960 641
3965 638
3970 690
3975 643
3980 643
3985 644
3990 667
3995 647
4000 648
4005 648
4010 649
4015 689
4020 652
4025 689
4030 636
4035 695
4040 692
4045 656
4050 664
4055 640
4060 642
4065 644
4070 642
4075 645
4080 687
4085 721
4090 724
4095 671
4100 739
4105 690
4110 665
4115 666
4120 704
4125 670
4130 670
4135 781
4140 673
4145 672
4150 675
4155 754
4160 770
4165 757
4170 679
4175 678
4180 681
4185 681
4190 683
4195 683
4200 795
4205 684
4210 686
4215 686
4220 688
4225 688
4230 690
4235 689
4240 735
4245 691
4250 771
4255 692
4260 695
4265 697
4270 698
4275 696
4280 698
4285 698
4290 700
4295 702
4300 712
4305 686
4310 829
4315 687
4320 687
4325 689
4330 688
4335 690
4340 690
4345 693
4350 767
4355 692
4360 694
4365 695
4370 758
4375 714
4380 720
4385 758
4390 780
4395 739
4400 703
4405 702
4410 705
4415 704
4420 706
4425 707
4430 708
4435 707
4440 709
4445 748
4450 710
4455 831
4460 712
4465 712
4470 714
4475 765
4480 831
4485 718
4490 721
4495 719
4500 718
4505 721
4510 722
4515 799
4520 723
4525 841
4530 815
4535 777
4540 726
4545 726
4550 727
4555 729
4560 805
4565 761
4570 752
4575 790
4580 753
4585 757
4590 792
4595 898
4600 894
4605 786
4610 760
4615 759
4620 797
4625 803
4630 763
4635 766
4640 765
4645 765
4650 768
4655 876
4660 768
4665 830
4670 771
4675 775
4680 772
4685 788
4690 824
4695 777
4700 794
4705 759
4710 758
4715 827
4720 893
4725 758
4730 763
4735 763
4740 763
4745 765
4750 766
4755 768
4760 766
4765 770
4770 892
4775 771
4780 770
4785 849
4790 793
4795 860
4800 774
4805 866
4810 797
4815 797
4820 797
4825 801
4830 801
4835 804
4840 802
4845 803
4850 824
4855 805
4860 805
4865 817
4870 886
4875 784
4880 789
4885 788
4890 790
4895 791
4900 791
4905 793
4910 870
4915 795
4920 886
4925 794
4930 798
4935 797
4940 800
4945 799
4950 802
4955 803
4960 802
4965 801
4970 886
4975 883
4980 808
4985 850
4990 864
4995 869
5000 843
5005 809
5010 935
5015 813
5020 813
5025 815
5030 815
5035 931
5040 833
5045 904
5050 840
5055 839
5060 843
5065 841
5070 843
5075 844
5080 882
5085 845
5090 845
5095 915
5100 853
5105 862
5110 831
5115 830
5120 835
5125 832
5130 832
5135 833
5140 907
5145 834
5150 872
5155 911
5160 835
5165 1264
5170 937
5175 886
5180 888
5185 888
5190 889
5195 889
5200 894
5205 891
5210 893
5215 898
5220 896
5225 896
5230 898
5235 898
5240 926
5245 1241
5250 1125
5255 957
5260 903
5265 909
5270 982
5275 905
5280 905
5285 926
5290 909
5295 909
5300 911
5305 919
5310 888
5315 956
5320 904
5325 890
5330 892
5335 893
5340 921
5345 1010
5350 893
5355 896
5360 981
5365 979
5370 899
5375 987
5380 979
5385 900
5390 900
5395 951
5400 903
5405 906
5410 910
5415 906
5420 907
5425 913
5430 954
5435 914
5440 912
5445 916
5450 915
5455 916
5460 915
5465 916
5470 956
5475 920
5480 921
5485 970
5490 961
5495 922
5500 921
5505 920
5510 922
5515 1014
5520 945
5525 925
5530 928
5535 904
5540 989
5545 909
5550 909
5555 911
5560 910
5565 909
5570 910
5575 912
5580 914
5585 915
5590 916
5595 998
5600 1045
5605 949
5610 918
5615 922
5620 920
5625 921
5630 1017
5635 987
5640 953
5645 942
5650 1009
5655 926
5660 927
5665 968
5670 930
5675 930
5680 932
5685 933
5690 935
5695 935
5700 934
5705 1014
5710 1069
5715 938
5720 1021
5725 977
5730 941
5735 938
5740 941
5745 943
5750 984
5755 1325
5760 948
5765 964
5770 1048
5775 974
5780 974
5785 975
5790 975
5795 976
5800 977
5805 981
5810 979
5815 1116
5820 955
5825 960
5830 1034
5835 960
5840 959
5845 959
5850 1000
5855 1039
5860 1140
5865 965
5870 967
5875 967
5880 965
5885 1044
5890 970
5895 969
5900 967
5905 970
5910 1055
5915 1058
5920 1026
5925 977
5930 977
5935 1058
5940 1086
5945 1247
5950 1019
5955 982
5960 1126
5965 1010
5970 1012
5975 1010
5980 1012
5985 1011
5990 1053
5995 1012
6000 1014
6005 1016
6010 1065
6015 1075
6020 1021
6025 1017
6030 1021
6035 1064
6040 1025
6045 1024
6050 1036
6055 1039
6060 1114
6065 1003
6070 1005
6075 1002
6080 1002
6085 1083
6090 1004
6095 1006
6100 1005
6105 1118
6110 1093
6115 1159
6120 1008
6125 1011
6130 1013
6135 1014
6140 1053
6145 1021
6150 1074
6155 1037
6160 1078
6165 1015
6170 1104
6175 1019
6180 1019
6185 1020
6190 1023
6195 1026
6200 1229
6205 1142
6210 1065
6215 1070
6220 1030
6225 1105
6230 1032
6235 1114
6240 1082
6245 1199
6250 1062
6255 1214
6260 1063
6265 1063
6270 1063
6275 1066
6280 1065
6285 1069
6290 1106
6295 1143
6300 1159
6305 1152
6310 1071
6315 1197
6320 1112
6325 1077
6330 1078
6335 1080
6340 1076
6345 1114
6350 1272
6355 1102
6360 1080
6365 1083
6370 1083
6375 1082
6380 1084
6385 1085
6390 1087
6395 1127
6400 1202
6405 1090
6410 1093
6415 1092
6420 1093
6425 1129
6430 1130
6435 1097
6440 1134
6445 1100
6450 1098
6455 1129
6460 1071
6465 1072
6470 1074
6475 1075
6480 1150
6485 1151
6490 1143
6495 1115
6500 1080
6505 1082
6510 1082
6515 1128
6520 1082
6525 1084
6530 1123
6535 1146
6540 1160
6545 1085
6550 1086
6555 1088
6560 1089
6565 1088
6570 1089
6575 1093
6580 1204
6585 1234
6590 1094
6595 1096
6600 1095
6605 1099
6610 1171
6615 1098
6620 1101
6625 1248
6630 1103
6635 1103
6640 1223
6645 1214
6650 1221
6655 1144
6660 1107
6665 1109
6670 1152
6675 1268
6680 1141
6685 1137
6690 1140
6695 1143
6700 1159
6705 1147
6710 1229
6715 1211
6720 1121
6725 1255
6730 1120
6735 1121
6740 1122
6745 1196
6750 1218
6755 1226
6760 1155
6765 1289
6770 1158
6775 1157
6780 1158
6785 1162
6790 1160
6795 1161
6800 1226
6805 1165
6810 1163
6815 1167
6820 1203
6825 1168
6830 1168
6835 1156
6840 1140
6845 1217
6850 1242
6855 1144
6860 1145
6865 1146
6870 1146
6875 1149
6880 1144
6885 1314
6890 1256
6895 1184
6900 1182
6905 1186
6910 1187
6915 1186
6920 1206
6925 1190
6930 1322
6935 1238
6940 1191
6945 1193
6950 1353
6955 1421
6960 1274
6965 1244
6970 1307
6975 1237
6980 1232
6985 1230
6990 1229
6995 1262
7000 1232
7005 1234
7010 1263
7015 1335
7020 1334
7025 1237
7030 1226
7035 1206
7040 1248
7045 1248
7050 1212
7055 1314
7060 1211
7065 1213
7070 1381
7075 1253
7080 1251
7085 1340
7090 1315
7095 1262
7100 1269
7105 1255
7110 1255
7115 1255
7120 1262
7125 1258
7130 1294
7135 1258
7140 1256
7145 1259
7150 1259
7155 1261
7160 1263
7165 1266
7170 1264
7175 1265
7180 1296
7185 1234
7190 1235
7195 1236
7200 1239
7205 1273
7210 1237
7215 1366
7220 1229
7225 1209
7230 1212
7235 1368
7240 1212
7245 1213
7250 1213
7255 1379
7260 1413
7265 1288
7270 1219
7275 1221
7280 1221
7285 1257
7290 1222
7295 1306
7300 1223
7305 1223
7310 1225
7315 1224
7320 1226
7325 1301
7330 1230
7335 1417
7340 1282
7345 1353
7350 1520
7355 1233
7360 1233
7365 1238
7370 1296
7375 1416
7380 1274
7385 1272
7390 1351
7395 1272
7400 1296
7405 1310
7410 1273
7415 1366
7420 1375
7425 1311
7430 1329
7435 1357
7440 1637
7445 1845
7450 1590
7455 1323
7460 1338
7465 1326
7470 1322
7475 1332
7480 1323
7485 1378
7490 1353
7495 1369
7500 1326
7505 1329
7510 1341
7515 1332
7520 1331
7525 1355
7530 1334
7535 1334
7540 1357
7545 1338
7550 1305
7555 1411
7560 1346
7565 1361
7570 1506
7575 1349
7580 1336
7585 1381
7590 1345
7595 1340
7600 1368
7605 1342
7610 1347
7615 1379
7620 1331
7625 1314
7630 1315
7635 1437
7640 1357
7645 1427
7650 1488
7655 1355
7660 1378
7665 1358
7670 1362
7675 1434
7680 1372
7685 1369
7690 1459
7695 1326
7700 1372
7705 1409
7710 1457
7715 1415
7720 1460
7725 1371
7730 1372
7735 1392
7740 1373
7745 1372
7750 1392
7755 1375
7760 1341
7765 1490
7770 1377
7775 1430
7780 1345
7785 1381
7790 1548
7795 1397
7800 1406
7805 1384
7810 1416
7815 1387
7820 1451
7825 1392
7830 1415
7835 1392
7840 1394
7845 1415
7850 1396
7855 1391
7860 1536
7865 1414
7870 1360
7875 1443
7880 1366
7885 1364
7890 1447
7895 1403
7900 1366
7905 1447
7910 1367
7915 1408
7920 1721
7925 1401
7930 1421
7935 1446
7940 1411
7945 1427
7950 1416
7955 1415
7960 1440
7965 1429
7970 1416
7975 1418
7980 1420
7985 1457
7990 1420
7995 1403
8000 1568
8005 1452
8010 1451
8015 1504
8020 1749
8025 1527
8030 1434
8035 1455
8040 1429
8045 1429
8050 1455
8055 1431
8060 1410
8065 1476
8070 1481
8075 1531
8080 1522
8085 1400
8090 1404
8095 1488
8100 1458
8105 1503
8110 1441
8115 1406
8120 1485
8125 1537
8130 1703
8135 1446
8140 1554
8145 1569
8150 1433
8155 1484
8160 1457
8165 1480
8170 1455
8175 1456
8180 1473
8185 1457
8190 1435
8195 1504
8200 1426
8205 1424
8210 1469
8215 1508
8220 1429
8225 1428
8230 1427
8235 1475
8240 1430
8245 1471
8250 1430
8255 1430
8260 1469
8265 1435
8270 1434
8275 1435
8280 1512
8285 1532
8290 1420
8295 1407
8300 1476
8305 1406
8310 1443
8315 1483
8320 1449
8325 1408
8330 1406
8335 1410
8340 1411
8345 1451
8350 1414
8355 1627
8360 1506
8365 1456
8370 1418
8375 1417
8380 1495
8385 1423
8390 1477
8395 1421
8400 1421
8405 1425
8410 1464
8415 1427
8420 1425
8425 1680
8430 1514
8435 1502
8440 1428
8445 1431
8450 1430
8455 1477
8460 1511
8465 1473
8470 1474
8475 1475
8480 1473
8485 1516
8490 1440
8495 1551
8500 1474
8505 1443
8510 1520
8515 1486
8520 1526
8525 1517
8530 1448
8535 1449
8540 1447
8545 1519
8550 1486
8555 1570
8560 1527
8565 1594
8570 1451
8575 1455
8580 1455
8585 1457
8590 1572
8595 1542
8600 1461
8605 1536
8610 1463
8615 1466
8620 1465
8625 1468
8630 1543
8635 1600
8640 1465
8645 1466
8650 1467
8655 1467
8660 1471
8665 1547
8670 1525
8675 1474
8680 1471
8685 1550
8690 1475
8695 1513
8700 1650
8705 1617
8710 1512
8715 1559
8720 1521
8725 1518
8730 1561
8735 1778
8740 1587
8745 1528
8750 1530
8755 1532
8760 1533
8765 1646
8770 1616
8775 1583
8780 1536
8785 1536
8790 1634
8795 1576
8800 1583
8805 1674
8810 1500
8815 1500
8820 1543
8825 1538
8830 1654
8835 1678
8840 1546
8845 1547
8850 1546
8855 1550
8860 1546
8865 1540
8870 1508
8875 1511
8880 1535
8885 1513
8890 1514
8895 1596
8900 1603
8905 1538
8910 1608
8915 1517
8920 1515
8925 1538
8930 1608
8935 1601
8940 1565
8945 1566
8950 1564
8955 1578
8960 1677
8965 1697
8970 1532
8975 1532
8980 1531
8985 1569
8990 1643
8995 1610
9000 1537
9005 1610
9010 1536
9015 1790
9020 1598
9025 1659
9030 1936
9035 1921
9040 1628
9045 1626
9050 1626
9055 1638
9060 1631
9065 1629
9070 1630
9075 1663
9080 1720
9085 2605
9090 2036
9095 1594
9100 1682
9105 1649
9110 1641
9115 1642
9120 1675
9125 1649
9130 1644
9135 1750
9140 1699
9145 1643
9150 1691
9155 1602
9160 1607
9165 1633
9170 1610
9175 1841
9180 1689
9185 1610
9190 1611
9195 1731
9200 1649
9205 1619
9210 1714
9215 1614
9220 1616
9225 1619
9230 1617
9235 1620
9240 1668
9245 1620
9250 1889
9255 1759
9260 1673
9265 1674
9270 1719
9275 1671
9280 1672
9285 1674
9290 1675
9295 1677
9300 1689
9305 1634
9310 1640
9315 1634
9320 1635
9325 1638
9330 1682
9335 1731
9340 1696
9345 1673
9350 1602
9355 1600
9360 1680
9365 1604
9370 1604
9375 1606
9380 1604
9385 1674
9390 1607
9395 1711
9400 1684
9405 1684
9410 1611
9415 1686
9420 1734
9425 1740
9430 1656
9435 1660
9440 1655
9445 1713
9450 1634
9455 1764
9460 1700
9465 1623
9470 1925
9475 1852
9480 1670
9485 1772
9490 1668
9495 1711
9500 1700
9505 1675
9510 1671
9515 1719
9520 1724
9525 1674
9530 1744
9535 1677
9540 1679
9545 1801
9550 1681
9555 1681
9560 1712
9565 1715
9570 1642
9575 1718
9580 1805
9585 1643
9590 1823
9595 1690
9600 1689
9605 1730
9610 1695
9615 1701
9620 1650
9625 1646
9630 1692
9635 1809
9640 1780
9645 1717
9650 1769
9655 1659
9660 1655
9665 1829
9670 1663
9675 1659
9680 1737
9685 1739
9690 1794
9695 1847
9700 1927
9705 1712
9710 1785
9715 1713
9720 1713
9725 1755
9730 1716
9735 1716
9740 1717
9745 1802
9750 1717
9755 1944
9760 1676
9765 1677
9770 1737
9775 1683
9780 1726
9785 1683
9790 1683
9795 1822
9800 1684
9805 1683
9810 1709
9815 1846
9820 1690
9825 1690
9830 1769
9835 1693
9840 1737
9845 1696
9850 1695
9855 1697
9860 1769
9865 1737
9870 1777
9875 1876
9880 1698
9885 1702
9890 1702
9895 1701
9900 1780
9905 1746
9910 1780
9915 1702
9920 1708
9925 1705
9930 1796
9935 1877
9940 1711
9945 1714
9950 1714
9955 1713
9960 1905
9965 1866
9970 1716
9975 1810
9980 1865
9985 1764
9990 1772
9995 1868
10000 1769
