5 0
10 0
15 0
20 1
25 1
30 2
35 2
40 2
45 3
50 3
55 4
60 4
65 5
70 5
75 6
80 6
85 7
90 8
95 8
100 8
105 9
110 9
115 10
120 10
125 11
130 11
135 12
140 13
145 13
150 14
155 15
160 15
165 16
170 16
175 17
180 17
185 18
190 19
195 19
200 20
205 21
210 21
215 22
220 22
225 23
230 23
235 24
240 25
245 25
250 25
255 26
260 27
265 28
270 29
275 30
280 30
285 31
290 31
295 32
300 33
305 33
310 34
315 34
320 35
325 36
330 37
335 37
340 38
345 38
350 39
355 39
360 40
365 41
370 42
375 43
380 43
385 44
390 45
395 46
400 46
405 47
410 48
415 48
420 49
425 50
430 50
435 50
440 51
445 52
450 53
455 54
460 54
465 55
470 56
475 56
480 57
485 57
490 59
495 89
500 77
505 60
510 61
515 62
520 63
525 64
530 63
535 65
540 65
545 66
550 67
555 68
560 68
565 68
570 70
575 72
580 71
585 72
590 72
595 73
600 74
605 75
610 75
615 76
620 77
625 78
630 78
635 79
640 79
645 86
650 118
655 82
660 83
665 99
670 87
675 88
680 91
685 90
690 91
695 91
700 91
705 92
710 92
715 93
720 94
725 95
730 96
735 97
740 98
745 100
750 99
755 99
760 101
765 102
770 102
775 103
780 104
785 104
790 105
795 106
800 107
805 108
810 109
815 109
820 110
825 111
830 112
835 113
840 113
845 114
850 115
855 115
860 116
865 117
870 117
875 156
880 145
885 123
890 123
895 123
900 124
905 124
910 125
915 125
920 126
925 127
930 128
935 127
940 128
945 130
950 130
955 131
960 132
965 133
970 134
975 136
980 135
985 136
990 136
995 138
1000 138
1005 139
1010 140
1015 141
1020 141
1025 142
1030 144
1035 144
1040 145
1045 145
1050 145
1055 147
1060 147
1065 149
1070 151
1075 150
1080 151
1085 170
1090 154
1095 155
1100 155
1105 156
1110 157
1115 158
1120 158
1125 162
1130 180
1135 162
1140 163
1145 163
1150 162
1155 164
1160 165
1165 165
1170 167
1175 166
1180 168
1185 169
1190 171
1195 170
1200 171
1205 172
1210 173
1215 174
1220 174
1225 175
1230 176
1235 177
1240 177
1245 179
1250 180
1255 181
1260 181
1265 183
1270 183
1275 183
1280 185
1285 185
1290 187
1295 187
1300 188
1305 189
1310 191
1315 191
1320 192
1325 193
1330 191
1335 193
1340 195
1345 195
1350 196
1355 196
1360 198
1365 200
1370 200
1375 200
1380 202
1385 203
1390 203
1395 205
1400 204
1405 206
1410 206
1415 226
1420 207
1425 208
1430 210
1435 212
1440 212
1445 213
1450 213
1455 214
1460 214
1465 216
1470 217
1475 218
1480 218
1485 218
1490 220
1495 220
1500 220
1505 221
1510 222
1515 224
1520 225
1525 225
1530 227
1535 227
1540 228
1545 229
1550 223
1555 224
1560 226
1565 226
1570 227
1575 248
1580 306
1585 266
1590 337
1595 270
1600 254
1605 233
1610 272
1615 311
1620 255
1625 236
1630 285
1635 238
1640 266
1645 253
1650 253
1655 250
1660 282
1665 254
1670 252
1675 254
1680 266
1685 255
1690 255
1695 258
1700 298
1705 257
1710 257
1715 259
1720 258
1725 258
1730 259
1735 261
1740 262
1745 263
1750 263
1755 265
1760 265
1765 269
1770 275
1775 286
1780 278
1785 275
1790 272
1795 273
1800 277
1805 274
1810 323
1815 276
1820 277
1825 287
1830 282
1835 281
1840 280
1845 280
1850 283
1855 282
1860 282
1865 284
1870 324
1875 285
1880 287
1885 287
1890 287
1895 288
1900 289
1905 292
1910 291
1915 291
1920 293
1925 295
1930 294
1935 294
1940 295
1945 323
1950 300
1955 299
1960 298
1965 299
1970 362
1975 309
1980 304
1985 304
1990 304
1995 307
2000 327
2005 306
2010 309
2015 312
2020 309
2025 314
2030 314
2035 312
2040 314
2045 315
2050 314
2055 315
2060 315
2065 317
2070 319
2075 320
2080 320
2085 320
2090 322
2095 322
2100 326
2105 326
2110 327
2115 347
2120 343
2125 361
2130 333
2135 337
2140 337
2145 333
2150 394
2155 335
2160 360
2165 338
2170 340
2175 337
2180 338
2185 339
2190 339
2195 340
2200 345
2205 344
2210 343
2215 345
2220 365
2225 346
2230 347
2235 348
2240 349
2245 350
2250 351
2255 351
2260 351
2265 353
2270 443
2275 356
2280 357
2285 360
2290 357
2295 370
2300 379
2305 362
2310 366
2315 362
2320 366
2325 363
2330 365
2335 365
2340 366
2345 372
2350 368
2355 369
2360 371
2365 371
2370 374
2375 373
2380 373
2385 375
2390 374
2395 374
2400 376
2405 379
2410 379
2415 380
2420 379
2425 389
2430 384
2435 384
2440 383
2445 386
2450 385
2455 387
2460 387
2465 389
2470 390
2475 391
2480 391
2485 392
2490 397
2495 399
2500 396
2505 396
2510 396
2515 397
2520 413
2525 399
2530 399
2535 411
2540 452
2545 449
2550 500
2555 455
2560 476
2565 466
2570 451
2575 422
2580 408
2585 408
2590 411
2595 411
2600 411
2605 412
2610 413
2615 419
2620 418
2625 416
2630 421
2635 418
2640 421
2645 421
2650 422
2655 422
2660 424
2665 461
2670 413
2675 414
2680 414
2685 416
2690 421
2695 446
2700 418
2705 473
2710 528
2715 482
2720 461
2725 452
2730 423
2735 424
2740 426
2745 568
2750 445
2755 429
2760 479
2765 465
2770 456
2775 443
2780 445
2785 445
2790 445
2795 447
2800 447
2805 449
2810 449
2815 451
2820 450
2825 452
2830 453
2835 454
2840 454
2845 456
2850 456
2855 458
2860 486
2865 459
2870 460
2875 468
2880 451
2885 450
2890 452
2895 451
2900 563
2905 456
2910 455
2915 456
2920 458
2925 478
2930 459
2935 503
2940 460
2945 462
2950 463
2955 503
2960 463
2965 509
2970 465
2975 467
2980 551
2985 468
2990 469
2995 471
3000 529
3005 472
3010 473
3015 473
3020 474
3025 512
3030 477
3035 478
3040 478
3045 479
3050 480
3055 519
3060 481
3065 483
3070 525
3075 485
3080 486
3085 487
3090 487
3095 487
3100 489
3105 490
3110 491
3115 491
3120 493
3125 493
3130 494
3135 496
3140 497
3145 497
3150 498
3155 500
3160 500
3165 500
3170 605
3175 585
3180 518
3185 579
3190 615
3195 579
3200 632
3205 614
3210 599
3215 536
3220 559
3225 527
3230 526
3235 558
3240 529
3245 560
3250 530
3255 534
3260 533
3265 533
3270 533
3275 534
3280 534
3285 535
3290 537
3295 538
3300 538
3305 538
3310 540
3315 541
3320 540
3325 543
3330 543
3335 545
3340 546
3345 554
3350 533
3355 534
3360 573
3365 585
3370 608
3375 538
3380 539
3385 579
3390 540
3395 540
3400 580
3405 541
3410 544
3415 547
3420 545
3425 547
3430 549
3435 548
3440 550
3445 550
3450 671
3455 551
3460 553
3465 555
3470 590
3475 557
3480 557
3485 557
3490 558
3495 558
3500 598
3505 560
3510 561
3515 561
3520 563
3525 563
3530 565
3535 756
3540 643
3545 671
3550 714
3555 593
3560 592
3565 601
3570 595
3575 575
3580 786
3585 647
3590 669
3595 591
3600 594
3605 595
3610 600
3615 597
3620 598
3625 599
3630 601
3635 600
3640 604
3645 602
3650 603
3655 603
3660 605
3665 612
3670 613
3675 591
3680 592
3685 593
3690 594
3695 595
3700 594
3705 629
3710 597
3715 625
3720 625
3725 600
3730 599
3735 602
3740 603
3745 603
3750 604
3755 605
3760 605
3765 628
3770 627
3775 663
3780 611
3785 630
3790 630
3795 612
3800 614
3805 615
3810 614
3815 711
3820 817
3825 882
3830 805
3835 855
3840 842
3845 642
3850 622
3855 661
3860 681
3865 625
3870 673
3875 651
3880 628
3885 628
3890 630
3895 659
3900 648
3905 649
3910 653
3915 653
3920 652
3925 651
3930 655
3935 653
3940 656
3945 656
3950 658
3955 660
3960 661
3965 673
3970 645
3975 647
3980 753
3985 647
3990 761
3995 693
4000 669
4005 679
4010 691
4015 702
4020 653
4025 733
4030 656
4035 713
4040 660
4045 658
4050 661
4055 659
4060 660
4065 662
4070 662
4075 662
4080 663
4085 667
4090 714
4095 665
4100 668
4105 668
4110 669
4115 671
4120 719
4125 672
4130 672
4135 766
4140 677
4145 675
4150 676
4155 678
4160 680
4165 726
4170 678
4175 737
4180 682
4185 683
4190 684
4195 685
4200 687
4205 688
4210 735
4215 689
4220 729
4225 692
4230 691
4235 691
4240 739
4245 702
4250 676
4255 678
4260 681
4265 681
4270 682
4275 681
4280 681
4285 788
4290 705
4295 778
4300 711
4305 685
4310 726
4315 686
4320 752
4325 727
4330 691
4335 692
4340 693
4345 696
4350 773
4355 697
4360 699
4365 700
4370 700
4375 700
4380 740
4385 768
4390 703
4395 703
4400 779
4405 704
4410 705
4415 706
4420 709
4425 748
4430 708
4435 711
4440 712
4445 769
4450 712
4455 796
4460 714
4465 877
4470 715
4475 933
4480 755
4485 720
4490 723
4495 795
4500 741
4505 743
4510 763
4515 744
4520 789
4525 852
4530 782
4535 747
4540 790
4545 749
4550 751
4555 752
4560 751
4565 751
4570 753
4575 752
4580 755
4585 876
4590 795
4595 820
4600 817
4605 761
4610 760
4615 762
4620 760
4625 761
4630 764
4635 765
4640 767
4645 811
4650 768
4655 804
4660 814
4665 774
4670 772
4675 772
4680 775
4685 781
4690 778
4695 880
4700 760
4705 828
4710 781
4715 821
4720 837
4725 764
4730 869
4735 841
4740 762
4745 765
4750 766
4755 784
4760 789
4765 788
4770 788
4775 791
4780 790
4785 872
4790 796
4795 794
4800 796
4805 796
4810 796
4815 811
4820 778
4825 778
4830 781
4835 780
4840 904
4845 953
4850 797
4855 963
4860 783
4865 788
4870 786
4875 812
4880 811
4885 809
4890 811
4895 833
4900 848
4905 880
4910 831
4915 861
4920 853
4925 818
4930 820
4935 818
4940 821
4945 822
4950 821
4955 823
4960 824
4965 906
4970 905
4975 898
4980 849
4985 828
4990 876
4995 829
5000 830
5005 831
5010 832
5015 833
5020 833
5025 861
5030 894
5035 838
5040 837
5045 840
5050 841
5055 840
5060 844
5065 843
5070 846
5075 845
5080 897
5085 847
5090 891
5095 847
5100 935
5105 845
5110 830
5115 830
5120 888
5125 854
5130 894
5135 858
5140 832
5145 833
5150 916
5155 897
5160 837
5165 839
5170 839
5175 841
5180 841
5185 840
5190 843
5195 845
5200 844
5205 847
5210 971
5215 977
5220 889
5225 850
5230 849
5235 852
5240 854
5245 856
5250 892
5255 857
5260 857
5265 859
5270 937
5275 966
5280 859
5285 935
5290 886
5295 899
5300 866
5305 867
5310 867
5315 869
5320 869
5325 977
5330 867
5335 998
5340 872
5345 873
5350 952
5355 874
5360 874
5365 877
5370 878
5375 983
5380 1058
5385 1103
5390 1217
5395 988
5400 938
5405 929
5410 931
5415 933
5420 933
5425 910
5430 958
5435 950
5440 1032
5445 914
5450 949
5455 962
5460 917
5465 991
5470 918
5475 957
5480 962
5485 1025
5490 926
5495 923
5500 925
5505 925
5510 926
5515 928
5520 928
5525 964
5530 926
5535 928
5540 929
5545 932
5550 1117
5555 970
5560 935
5565 934
5570 935
5575 936
5580 937
5585 942
5590 939
5595 977
5600 943
5605 941
5610 943
5615 946
5620 947
5625 946
5630 1055
5635 923
5640 923
5645 1003
5650 1079
5655 1059
5660 930
5665 931
5670 930
5675 932
5680 958
5685 958
5690 959
5695 998
5700 1002
5705 962
5710 960
5715 999
5720 963
5725 964
5730 941
5735 941
5740 945
5745 944
5750 945
5755 1025
5760 982
5765 1068
5770 947
5775 1020
5780 948
5785 950
5790 950
5795 1048
5800 953
5805 1017
5810 957
5815 955
5820 958
5825 958
5830 959
5835 961
5840 960
5845 964
5850 999
5855 1100
5860 1044
5865 1068
5870 965
5875 969
5880 1117
5885 1118
5890 969
5895 1090
5900 972
5905 970
5910 1197
5915 998
5920 1356
5925 1155
5930 1152
5935 1004
5940 1005
5945 1079
5950 1008
5955 1120
5960 1071
5965 1009
5970 1010
5975 1038
5980 1215
5985 1034
5990 1043
5995 1014
6000 1080
6005 1222
6010 1043
6015 1045
6020 1045
6025 1051
6030 1047
6035 1047
6040 1080
6045 1049
6050 1055
6055 1041
6060 1131
6065 1087
6070 1027
6075 1029
6080 1031
6085 1032
6090 1029
6095 1069
6100 1116
6105 1007
6110 1011
6115 1047
6120 1011
6125 1013
6130 1090
6135 1014
6140 1015
6145 1015
6150 1090
6155 1187
6160 1017
6165 1018
6170 1021
6175 1020
6180 1111
6185 1024
6190 1024
6195 1023
6200 1108
6205 1063
6210 1025
6215 1025
6220 1028
6225 1026
6230 1025
6235 1136
6240 1031
6245 1072
6250 1035
6255 1147
6260 1036
6265 1115
6270 1039
6275 1039
6280 1041
6285 1041
6290 1041
6295 1116
6300 1045
6305 1089
6310 1074
6315 1200
6320 1047
6325 1089
6330 1121
6335 1050
6340 1071
6345 1112
6350 1281
6355 1223
6360 1113
6365 1113
6370 1111
6375 1114
6380 1113
6385 1114
6390 1118
6395 1118
6400 1119
6405 1117
6410 1129
6415 1090
6420 1091
6425 1130
6430 1093
6435 1134
6440 1171
6445 1178
6450 1097
6455 1131
6460 1097
6465 1096
6470 1152
6475 1100
6480 1139
6485 1105
6490 1102
6495 1139
6500 1097
6505 1081
6510 1082
6515 1079
6520 1082
6525 1160
6530 1139
6535 1153
6540 1084
6545 1217
6550 1493
6555 1533
6560 1546
6565 1196
6570 1096
6575 1092
6580 1156
6585 1153
6590 1156
6595 1155
6600 1156
6605 1157
6610 1160
6615 1160
6620 1164
6625 1126
6630 1134
6635 1212
6640 1170
6645 1136
6650 1134
6655 1173
6660 1181
6665 1106
6670 1108
6675 1111
6680 1110
6685 1112
6690 1113
6695 1113
6700 1228
6705 1216
6710 1151
6715 1118
6720 1115
6725 1118
6730 1120
6735 1121
6740 1199
6745 1160
6750 1209
6755 1123
6760 1125
6765 1126
6770 1125
6775 1281
6780 1129
6785 1133
6790 1171
6795 1273
6800 1132
6805 1135
6810 1132
6815 1218
6820 1178
6825 1134
6830 1257
6835 1224
6840 1135
6845 1140
6850 1169
6855 1140
6860 1142
6865 1143
6870 1226
6875 1143
6880 1222
6885 1231
6890 1151
6895 1149
6900 1199
6905 1153
6910 1151
6915 1152
6920 1253
6925 1157
6930 1154
6935 1156
6940 1160
6945 1156
6950 1158
6955 1159
6960 1229
6965 1347
6970 1253
6975 1164
6980 1165
6985 1241
6990 1167
6995 1211
7000 1204
7005 1203
7010 1238
7015 1203
7020 1204
7025 1287
7030 1203
7035 1188
7040 1214
7045 1177
7050 1260
7055 1262
7060 1177
7065 1181
7070 1342
7075 1215
7080 1215
7085 1217
7090 1251
7095 1258
7100 1217
7105 1217
7110 1231
7115 1188
7120 1189
7125 1188
7130 1195
7135 1266
7140 1336
7145 1193
7150 1272
7155 1196
7160 1199
7165 1197
7170 1203
7175 1275
7180 1241
7185 1276
7190 1203
7195 1205
7200 1205
7205 1244
7210 1203
7215 1304
7220 1453
7225 1249
7230 1249
7235 1244
7240 1246
7245 1245
7250 1247
7255 1251
7260 1285
7265 1334
7270 1324
7275 1219
7280 1219
7285 1292
7290 1219
7295 1260
7300 1303
7305 1441
7310 1257
7315 1258
7320 1258
7325 1258
7330 1260
7335 1300
7340 1356
7345 1246
7350 1271
7355 1265
7360 1231
7365 1337
7370 1232
7375 1236
7380 1296
7385 1441
7390 1236
7395 1240
7400 1243
7405 1242
7410 1279
7415 1241
7420 1372
7425 1241
7430 1246
7435 1247
7440 1247
7445 1304
7450 1288
7455 1314
7460 1329
7465 1336
7470 1254
7475 1254
7480 1253
7485 1255
7490 1327
7495 1257
7500 1331
7505 1259
7510 1259
7515 1338
7520 1262
7525 1263
7530 1344
7535 1261
7540 1480
7545 1656
7550 1692
7555 1626
7560 1266
7565 1342
7570 1339
7575 1377
7580 1342
7585 1350
7590 1345
7595 1344
7600 1372
7605 1313
7610 1379
7615 1360
7620 1338
7625 1387
7630 1391
7635 1352
7640 1316
7645 1358
7650 1447
7655 1323
7660 1318
7665 1318
7670 1322
7675 1325
7680 1324
7685 1324
7690 1364
7695 1413
7700 1328
7705 1332
7710 1297
7715 1298
7720 1294
7725 1538
7730 1303
7735 1305
7740 1304
7745 1303
7750 1360
7755 1304
7760 1306
7765 1385
7770 1435
7775 1307
7780 1308
7785 1309
7790 1308
7795 1308
7800 1388
7805 1388
7810 1316
7815 1316
7820 1333
7825 1334
7830 1394
7835 1319
7840 1398
7845 1407
7850 1390
7855 1359
7860 1394
7865 1357
7870 1360
7875 1361
7880 1483
7885 1360
7890 1425
7895 1522
7900 1404
7905 1331
7910 1483
7915 1577
7920 1548
7925 1931
7930 1744
7935 1371
7940 1375
7945 1498
7950 1410
7955 1412
7960 1438
7965 1418
7970 1472
7975 1420
7980 1463
7985 1414
7990 1440
7995 1381
8000 1422
8005 1383
8010 1386
8015 1391
8020 1428
8025 1447
8030 1388
8035 1469
8040 1391
8045 1392
8050 1384
8055 1550
8060 1480
8065 1360
8070 1357
8075 1461
8080 1440
8085 1412
8090 1446
8095 1404
8100 1404
8105 1404
8110 1402
8115 1409
8120 1371
8125 1393
8130 1621
8135 1408
8140 1373
8145 1377
8150 1376
8155 1374
8160 1449
8165 1537
8170 1379
8175 1380
8180 1383
8185 1455
8190 1385
8195 1383
8200 1462
8205 1510
8210 1420
8215 1388
8220 1391
8225 1446
8230 1389
8235 1488
8240 1394
8245 1532
8250 1396
8255 1395
8260 1513
8265 1458
8270 1530
8275 1674
8280 1620
8285 1550
8290 1626
8295 1556
8300 1829
8305 1838
8310 1868
8315 1500
8320 1528
8325 1507
8330 1504
8335 1526
8340 1500
8345 1490
8350 1491
8355 1518
8360 1489
8365 1492
8370 1493
8375 1499
8380 1456
8385 1544
8390 1759
8395 1602
8400 1587
8405 1524
8410 1497
8415 1500
8420 1504
8425 1501
8430 1504
8435 1537
8440 1491
8445 1468
8450 1508
8455 1471
8460 1514
8465 1507
8470 1550
8475 1603
8480 1575
8485 1514
8490 1472
8495 1511
8500 1477
8505 1480
8510 1516
8515 1482
8520 1482
8525 1479
8530 1483
8535 1551
8540 1486
8545 1549
8550 1522
8555 1452
8560 1450
8565 1451
8570 1530
8575 1459
8580 1532
8585 1455
8590 1453
8595 1457
8600 1496
8605 1535
8610 1808
8615 1600
8620 1710
8625 1913
8630 1826
8635 1743
8640 1511
8645 1505
8650 1589
8655 1515
8660 1560
8665 1555
8670 1558
8675 1565
8680 1554
8685 1553
8690 1542
8695 1596
8700 1594
8705 1536
8710 1519
8715 1518
8720 1597
8725 1522
8730 1558
8735 1570
8740 1645
8745 1526
8750 1528
8755 1528
8760 1531
8765 1530
8770 1575
8775 1530
8780 1532
8785 1496
8790 1573
8795 1496
8800 1628
8805 1590
8810 1611
8815 1585
8820 1616
8825 1543
8830 1542
8835 1614
8840 1542
8845 1530
8850 1643
8855 1545
8860 1509
8865 1627
8870 1587
8875 1581
8880 1553
8885 1634
8890 1630
8895 1640
8900 1596
8905 1553
8910 1557
8915 1556
8920 1577
8925 1559
8930 1640
8935 1691
8940 1563
8945 1565
8950 1565
8955 1563
8960 1568
8965 1609
8970 1527
8975 1752
8980 1532
8985 1529
8990 1531
8995 1648
9000 1668
9005 1616
9010 1654
9015 1536
9020 1540
9025 1561
9030 1667
9035 1579
9040 1583
9045 1582
9050 1581
9055 1583
9060 1629
9065 1678
9070 1589
9075 1850
9080 1761
9085 1699
9090 1712
9095 1847
9100 1650
9105 1846
9110 1592
9115 1651
9120 1642
9125 1725
9130 1642
9135 1647
9140 1653
9145 1601
9150 1604
9155 2090
9160 1917
9165 1626
9170 1655
9175 1647
9180 1659
9185 1690
9190 1659
9195 1660
9200 1634
9205 1614
9210 1613
9215 1665
9220 1718
9225 1640
9230 1668
9235 1581
9240 1579
9245 1688
9250 1709
9255 1600
9260 1623
9265 1670
9270 1661
9275 1666
9280 1628
9285 1636
9290 1588
9295 1699
9300 1589
9305 1696
9310 1830
9315 1705
9320 1672
9325 1681
9330 1640
9335 1720
9340 1642
9345 1627
9350 1600
9355 1604
9360 1602
9365 1642
9370 1678
9375 1708
9380 1607
9385 1681
9390 1682
9395 1609
9400 1723
9405 1612
9410 1615
9415 1611
9420 1614
9425 1653
9430 1772
9435 1734
9440 1768
9445 1696
9450 1693
9455 1740
9460 1814
9465 2501
9470 1987
9475 1666
9480 1670
9485 1673
9490 1832
9495 1668
9500 1746
9505 1831
9510 1706
9515 1875
9520 1675
9525 1678
9530 1681
9535 1713
9540 1678
9545 1753
9550 1887
9555 1685
9560 1767
9565 1762
9570 1746
9575 1737
9580 1736
9585 1736
9590 1736
9595 1734
9600 1690
9605 1727
9610 1775
9615 1695
9620 1694
9625 1680
9630 1654
9635 1732
9640 1658
9645 1690
9650 1659
9655 1660
9660 1736
9665 1742
9670 1822
9675 1665
9680 1665
9685 1741
9690 1666
9695 1745
9700 1755
9705 1701
9710 1671
9715 1712
9720 1672
9725 2344
9730 1944
9735 1770
9740 1765
9745 1766
9750 1777
9755 1773
9760 1783
9765 1722
9770 1729
9775 1724
9780 1726
9785 1818
9790 1822
9795 1732
9800 1731
9805 1730
9810 1731
9815 1790
9820 1693
9825 1690
9830 1744
9835 1689
9840 1922
9845 1958
9850 1697
9855 1696
9860 2221
9865 1804
9870 1991
9875 2438
9880 1746
9885 1783
9890 1745
9895 1822
9900 1804
9905 1795
9910 1798
9915 1795
9920 1845
9925 1856
9930 1821
9935 1757
9940 1759
9945 1888
9950 1759
9955 1899
9960 1780
9965 1872
9970 1847
9975 1877
9980 1897
9985 1842
9990 1870
9995 1892
10000 1956
