5 0
10 0
15 0
20 1
25 1
30 2
35 2
40 2
45 3
50 4
55 4
60 4
65 5
70 5
75 6
80 6
85 7
90 7
95 8
100 8
105 9
110 9
115 10
120 10
125 11
130 12
135 12
140 13
145 13
150 14
155 14
160 15
165 15
170 16
175 17
180 17
185 18
190 18
195 19
200 20
205 20
210 21
215 22
220 22
225 23
230 23
235 24
240 25
245 25
250 26
255 26
260 27
265 28
270 29
275 29
280 30
285 30
290 31
295 32
300 33
305 33
310 34
315 35
320 35
325 36
330 36
335 37
340 38
345 38
350 39
355 39
360 40
365 41
370 42
375 42
380 43
385 44
390 45
395 45
400 46
405 47
410 77
415 65
420 49
425 52
430 86
435 50
440 52
445 52
450 54
455 53
460 54
465 55
470 55
475 56
480 57
485 58
490 59
495 61
500 60
505 105
510 61
515 62
520 63
525 63
530 64
535 64
540 95
545 69
550 84
555 67
560 68
565 69
570 70
575 70
580 72
585 72
590 73
595 74
600 74
605 75
610 112
615 77
620 78
625 78
630 78
635 79
640 80
645 81
650 82
655 82
660 83
665 83
670 85
675 86
680 86
685 87
690 88
695 88
700 89
705 91
710 91
715 92
720 92
725 93
730 94
735 95
740 95
745 97
750 97
755 99
760 99
765 122
770 118
775 102
780 102
785 102
790 103
795 104
800 105
805 106
810 106
815 107
820 107
825 108
830 109
835 110
840 111
845 111
850 112
855 112
860 114
865 114
870 115
875 150
880 159
885 134
890 119
895 119
900 120
905 121
910 121
915 122
920 122
925 123
930 124
935 125
940 126
945 126
950 128
955 128
960 149
965 147
970 131
975 132
980 132
985 167
990 162
995 155
1000 137
1005 137
1010 137
1015 137
1020 139
1025 139
1030 141
1035 159
1040 141
1045 199
1050 161
1055 144
1060 144
1065 182
1070 147
1075 146
1080 148
1085 148
1090 150
1095 150
1100 151
1105 152
1110 153
1115 153
1120 154
1125 156
1130 157
1135 165
1140 163
1145 164
1150 165
1155 179
1160 160
1165 161
1170 190
1175 168
1180 172
1185 202
1190 165
1195 166
1200 204
1205 169
1210 218
1215 169
1220 170
1225 171
1230 246
1235 224
1240 176
1245 174
1250 194
1255 201
1260 197
1265 179
1270 179
1275 217
1280 252
1285 180
1290 212
1295 191
1300 191
1305 190
1310 189
1315 191
1320 193
1325 192
1330 196
1335 206
1340 199
1345 197
1350 197
1355 198
1360 198
1365 199
1370 200
1375 201
1380 201
1385 202
1390 204
1395 205
1400 204
1405 206
1410 215
1415 207
1420 211
1425 210
1430 213
1435 210
1440 212
1445 213
1450 214
1455 214
1460 215
1465 216
1470 217
1475 218
1480 218
1485 219
1490 220
1495 221
1500 222
1505 222
1510 224
1515 270
1520 228
1525 249
1530 241
1535 232
1540 230
1545 230
1550 233
1555 231
1560 235
1565 234
1570 238
1575 242
1580 242
1585 259
1590 259
1595 268
1600 241
1605 243
1610 245
1615 243
1620 246
1625 245
1630 248
1635 249
1640 247
1645 295
1650 252
1655 249
1660 250
1665 251
1670 251
1675 251
1680 253
1685 255
1690 256
1695 259
1700 257
1705 260
1710 261
1715 271
1720 260
1725 315
1730 280
1735 295
1740 310
1745 276
1750 318
1755 332
1760 324
1765 268
1770 269
1775 270
1780 297
1785 303
1790 283
1795 275
1800 331
1805 276
1810 275
1815 278
1820 277
1825 280
1830 281
1835 279
1840 279
1845 282
1850 285
1855 287
1860 285
1865 285
1870 285
1875 289
1880 288
1885 330
1890 290
1895 300
1900 291
1905 295
1910 296
1915 294
1920 295
1925 295
1930 323
1935 297
1940 327
1945 299
1950 299
1955 301
1960 300
1965 300
1970 303
1975 303
1980 303
1985 306
1990 305
1995 307
2000 308
2005 309
2010 309
2015 310
2020 311
2025 311
2030 312
2035 314
2040 316
2045 314
2050 354
2055 374
2060 335
2065 326
2070 322
2075 324
2080 324
2085 329
2090 329
2095 325
2100 326
2105 328
2110 327
2115 327
2120 327
2125 329
2130 329
2135 330
2140 331
2145 332
2150 333
2155 333
2160 335
2165 335
2170 337
2175 378
2180 349
2185 340
2190 341
2195 343
2200 343
2205 344
2210 345
2215 345
2220 346
2225 347
2230 456
2235 381
2240 410
2245 350
2250 352
2255 357
2260 356
2265 359
2270 357
2275 356
2280 356
2285 357
2290 358
2295 358
2300 397
2305 362
2310 361
2315 362
2320 363
2325 364
2330 366
2335 410
2340 376
2345 379
2350 370
2355 370
2360 370
2365 371
2370 372
2375 373
2380 373
2385 374
2390 377
2395 378
2400 401
2405 379
2410 410
2415 398
2420 382
2425 383
2430 383
2435 386
2440 384
2445 386
2450 387
2455 386
2460 405
2465 431
2470 393
2475 393
2480 391
2485 392
2490 394
2495 419
2500 396
2505 396
2510 398
2515 398
2520 404
2525 400
2530 399
2535 417
2540 405
2545 405
2550 405
2555 405
2560 408
2565 408
2570 409
2575 410
2580 410
2585 412
2590 413
2595 414
2600 454
2605 416
2610 415
2615 415
2620 416
2625 418
2630 419
2635 421
2640 423
2645 423
2650 423
2655 423
2660 424
2665 426
2670 427
2675 426
2680 427
2685 430
2690 430
2695 448
2700 432
2705 431
2710 437
2715 436
2720 435
2725 436
2730 437
2735 438
2740 440
2745 442
2750 440
2755 441
2760 442
2765 449
2770 432
2775 471
2780 434
2785 435
2790 436
2795 438
2800 437
2805 438
2810 439
2815 440
2820 443
2825 441
2830 480
2835 542
2840 447
2845 483
2850 447
2855 446
2860 446
2865 448
2870 449
2875 450
2880 453
2885 452
2890 453
2895 454
2900 455
2905 456
2910 493
2915 458
2920 457
2925 459
2930 462
2935 523
2940 462
2945 554
2950 463
2955 464
2960 509
2965 465
2970 466
2975 528
2980 470
2985 469
2990 470
2995 474
3000 472
3005 474
3010 473
3015 476
3020 529
3025 512
3030 477
3035 478
3040 537
3045 558
3050 502
3055 484
3060 485
3065 511
3070 485
3075 484
3080 488
3085 485
3090 489
3095 487
3100 489
3105 491
3110 492
3115 493
3120 494
3125 496
3130 544
3135 553
3140 539
3145 532
3150 550
3155 671
3160 592
3165 625
3170 605
3175 613
3180 505
3185 522
3190 541
3195 576
3200 528
3205 509
3210 510
3215 509
3220 511
3225 591
3230 623
3235 587
3240 532
3245 530
3250 530
3255 531
3260 532
3265 532
3270 534
3275 536
3280 537
3285 536
3290 538
3295 539
3300 539
3305 540
3310 570
3315 543
3320 546
3325 544
3330 551
3335 530
3340 530
3345 571
3350 534
3355 626
3360 534
3365 536
3370 537
3375 540
3380 577
3385 540
3390 540
3395 541
3400 608
3405 578
3410 544
3415 676
3420 628
3425 547
3430 548
3435 551
3440 551
3445 550
3450 552
3455 605
3460 554
3465 555
3470 683
3475 630
3480 672
3485 561
3490 559
3495 611
3500 616
3505 576
3510 578
3515 577
3520 579
3525 579
3530 584
3535 582
3540 580
3545 583
3550 582
3555 584
3560 585
3565 587
3570 586
3575 589
3580 595
3585 577
3590 716
3595 826
3600 672
3605 577
3610 624
3615 582
3620 581
3625 583
3630 585
3635 584
3640 584
3645 587
3650 586
3655 587
3660 588
3665 590
3670 592
3675 628
3680 592
3685 592
3690 594
3695 594
3700 629
3705 652
3710 595
3715 597
3720 633
3725 599
3730 601
3735 603
3740 684
3745 604
3750 605
3755 645
3760 650
3765 607
3770 611
3775 640
3780 654
3785 629
3790 635
3795 640
3800 643
3805 617
3810 614
3815 616
3820 617
3825 718
3830 618
3835 738
3840 619
3845 620
3850 621
3855 670
3860 622
3865 623
3870 692
3875 628
3880 627
3885 664
3890 629
3895 631
3900 634
3905 631
3910 632
3915 722
3920 736
3925 636
3930 682
3935 636
3940 637
3945 677
3950 641
3955 641
3960 640
3965 642
3970 643
3975 646
3980 645
3985 645
3990 667
3995 721
4000 648
4005 651
4010 651
4015 652
4020 653
4025 652
4030 689
4035 653
4040 640
4045 641
4050 641
4055 641
4060 691
4065 677
4070 727
4075 820
4080 647
4085 646
4090 648
4095 648
4100 650
4105 651
4110 652
4115 652
4120 651
4125 711
4130 844
4135 655
4140 657
4145 728
4150 674
4155 676
4160 692
4165 660
4170 662
4175 662
4180 662
4185 664
4190 665
4195 705
4200 741
4205 706
4210 668
4215 671
4220 805
4225 784
4230 673
4235 673
4240 675
4245 776
4250 695
4255 695
4260 695
4265 734
4270 698
4275 697
4280 699
4285 698
4290 743
4295 745
4300 700
4305 701
4310 716
4315 687
4320 687
4325 688
4330 689
4335 691
4340 691
4345 692
4350 692
4355 696
4360 694
4365 769
4370 794
4375 716
4380 718
4385 721
4390 699
4395 702
4400 700
4405 779
4410 760
4415 764
4420 748
4425 782
4430 997
4435 1002
4440 892
4445 758
4450 750
4455 754
4460 754
4465 754
4470 754
4475 762
4480 753
4485 757
4490 758
4495 763
4500 769
4505 763
4510 762
4515 761
4520 763
4525 764
4530 766
4535 764
4540 766
4545 776
4550 770
4555 769
4560 770
4565 790
4570 751
4575 753
4580 756
4585 756
4590 755
4595 758
4600 804
4605 758
4610 761
4615 761
4620 762
4625 762
4630 888
4635 867
4640 745
4645 747
4650 748
4655 749
4660 748
4665 752
4670 750
4675 751
4680 752
4685 836
4690 757
4695 758
4700 839
4705 759
4710 761
4715 760
4720 762
4725 762
4730 761
4735 840
4740 766
4745 766
4750 806
4755 767
4760 769
4765 899
4770 908
4775 855
4780 818
4785 823
4790 825
4795 817
4800 1075
4805 976
4810 828
4815 822
4820 820
4825 832
4830 826
4835 827
4840 826
4845 828
4850 828
4855 830
4860 829
4865 837
4870 886
4875 810
4880 812
4885 884
4890 882
4895 815
4900 813
4905 815
4910 817
4915 817
4920 819
4925 867
4930 822
4935 821
4940 821
4945 864
4950 822
4955 823
4960 827
4965 827
4970 827
4975 865
4980 838
4985 808
4990 807
4995 809
5000 810
5005 811
5010 1004
5015 835
5020 836
5025 840
5030 814
5035 817
5040 818
5045 819
5050 821
5055 937
5060 821
5065 823
5070 899
5075 826
5080 984
5085 827
5090 827
5095 848
5100 850
5105 851
5110 850
5115 853
5120 851
5125 856
5130 957
5135 912
5140 856
5145 860
5150 870
5155 838
5160 842
5165 955
5170 842
5175 842
5180 844
5185 865
5190 879
5195 846
5200 889
5205 872
5210 871
5215 912
5220 848
5225 852
5230 917
5235 884
5240 853
5245 936
5250 1024
5255 856
5260 878
5265 881
5270 881
5275 883
5280 918
5285 923
5290 882
5295 886
5300 886
5305 934
5310 889
5315 890
5320 867
5325 869
5330 867
5335 871
5340 958
5345 870
5350 876
5355 876
5360 990
5365 976
5370 913
5375 956
5380 901
5385 903
5390 904
5395 906
5400 905
5405 907
5410 905
5415 956
5420 948
5425 888
5430 885
5435 886
5440 889
5445 892
5450 892
5455 1006
5460 894
5465 894
5470 895
5475 1086
5480 894
5485 897
5490 897
5495 899
5500 898
5505 980
5510 900
5515 903
5520 903
5525 905
5530 1015
5535 980
5540 905
5545 906
5550 985
5555 908
5560 984
5565 909
5570 911
5575 913
5580 976
5585 1139
5590 917
5595 916
5600 917
5605 1065
5610 973
5615 995
5620 922
5625 979
5630 947
5635 992
5640 948
5645 951
5650 952
5655 952
5660 954
5665 954
5670 952
5675 956
5680 955
5685 1013
5690 1042
5695 1010
5700 961
5705 961
5710 963
5715 1001
5720 966
5725 971
5730 943
5735 942
5740 1100
5745 941
5750 944
5755 948
5760 947
5765 947
5770 950
5775 986
5780 947
5785 1143
5790 968
5795 1162
5800 954
5805 1014
5810 1271
5815 1296
5820 1356
5825 1001
5830 985
5835 985
5840 1036
5845 986
5850 990
5855 989
5860 990
5865 991
5870 991
5875 993
5880 993
5885 993
5890 1125
5895 1126
5900 995
5905 1066
5910 1037
5915 1000
5920 1000
5925 1003
5930 1045
5935 1067
5940 1129
5945 1057
5950 1166
5955 1007
5960 1007
5965 1009
5970 1010
5975 1012
5980 1012
5985 1012
5990 1088
5995 1125
6000 1017
6005 1056
6010 1056
6015 1017
6020 1019
6025 1017
6030 1019
6035 1062
6040 1066
6045 1025
6050 1064
6055 1043
6060 1063
6065 1029
6070 1027
6075 1032
6080 1029
6085 1031
6090 1290
6095 1031
6100 1034
6105 1035
6110 1037
6115 1037
6120 1037
6125 1038
6130 1040
6135 1078
6140 1079
6145 1034
6150 1017
6155 1015
6160 1091
6165 1018
6170 1021
6175 1020
6180 1021
6185 1100
6190 1241
6195 1045
6200 1548
6205 1359
6210 1323
6215 1126
6220 1142
6225 1148
6230 1056
6235 1058
6240 1060
6245 1061
6250 1060
6255 1059
6260 1113
6265 1091
6270 1065
6275 1172
6280 1102
6285 1066
6290 1163
6295 1108
6300 1108
6305 1067
6310 1072
6315 1070
6320 1075
6325 1073
6330 1113
6335 1076
6340 1077
6345 1077
6350 1078
6355 1079
6360 1159
6365 1112
6370 1313
6375 1054
6380 1058
6385 1055
6390 1057
6395 1077
6400 1075
6405 1060
6410 1172
6415 1187
6420 1100
6425 1065
6430 1063
6435 1065
6440 1065
6445 1139
6450 1069
6455 1069
6460 1277
6465 1398
6470 1326
6475 1071
6480 1158
6485 1161
6490 1116
6495 1101
6500 1107
6505 1182
6510 1107
6515 1148
6520 1110
6525 1108
6530 1113
6535 1112
6540 1154
6545 1114
6550 1155
6555 1220
6560 1117
6565 1118
6570 1161
6575 1171
6580 1093
6585 1173
6590 1090
6595 1175
6600 1094
6605 1097
6610 1097
6615 1098
6620 1099
6625 1173
6630 1103
6635 1101
6640 1180
6645 1184
6650 1103
6655 1104
6660 1103
6665 1186
6670 1251
6675 1107
6680 1183
6685 1188
6690 1110
6695 1112
6700 1139
6705 1144
6710 1146
6715 1145
6720 1225
6725 1146
6730 1219
6735 1193
6740 1162
6745 1123
6750 1121
6755 1200
6760 1126
6765 1121
6770 1124
6775 1414
6780 1126
6785 1241
6790 1157
6795 1157
6800 1161
6805 1164
6810 1164
6815 1354
6820 1503
6825 1207
6830 1198
6835 1198
6840 1200
6845 1200
6850 1202
6855 1204
6860 1213
6865 1174
6870 1172
6875 1176
6880 1174
6885 1224
6890 1295
6895 1310
6900 1272
6905 1436
6910 1667
6915 1182
6920 1183
6925 1180
6930 1260
6935 1188
6940 1226
6945 1218
6950 1220
6955 1218
6960 1222
6965 1223
6970 1227
6975 1225
6980 1215
6985 1352
6990 1196
6995 1197
7000 1197
7005 1195
7010 1199
7015 1200
7020 1207
7025 1284
7030 1171
7035 1174
7040 1292
7045 1176
7050 1176
7055 1175
7060 1179
7065 1238
7070 1332
7075 1253
7080 1180
7085 1183
7090 1183
7095 1257
7100 1221
7105 1186
7110 1270
7115 1189
7120 1264
7125 1366
7130 1191
7135 1265
7140 1194
7145 1231
7150 1350
7155 1318
7160 1197
7165 1197
7170 1196
7175 1279
7180 1232
7185 1232
7190 1232
7195 1235
7200 1235
7205 1233
7210 1237
7215 1385
7220 1205
7225 1299
7230 1208
7235 1423
7240 1209
7245 1293
7250 1268
7255 1244
7260 1294
7265 1262
7270 1287
7275 1293
7280 1251
7285 1250
7290 1245
7295 1221
7300 1284
7305 1305
7310 1241
7315 1432
7320 1222
7325 1321
7330 1257
7335 1259
7340 1261
7345 1260
7350 1262
7355 1309
7360 1265
7365 1301
7370 1233
7375 1356
7380 1350
7385 1274
7390 1240
7395 1476
7400 1257
7405 1274
7410 1273
7415 1275
7420 1275
7425 1276
7430 1277
7435 1321
7440 1271
7445 1245
7450 1249
7455 1249
7460 1250
7465 1421
7470 1254
7475 1445
7480 1287
7485 1288
7490 1288
7495 1287
7500 1327
7505 1290
7510 1291
7515 1404
7520 1262
7525 1264
7530 1264
7535 1263
7540 1418
7545 1264
7550 1406
7555 1449
7560 1267
7565 1274
7570 1269
7575 1271
7580 1272
7585 1351
7590 1435
7595 1273
7600 1501
7605 1350
7610 1275
7615 1277
7620 1326
7625 1323
7630 1390
7635 1336
7640 1412
7645 1316
7650 1317
7655 1317
7660 1316
7665 1424
7670 1381
7675 1324
7680 1323
7685 1324
7690 1326
7695 1449
7700 1323
7705 1371
7710 1426
7715 1330
7720 1328
7725 1334
7730 1333
7735 1299
7740 1378
7745 1416
7750 1385
7755 1382
7760 1304
7765 1303
7770 1380
7775 1308
7780 1330
7785 1443
7790 1310
7795 1460
7800 1331
7805 1345
7810 1346
7815 1347
7820 1386
7825 1349
7830 1665
7835 1618
7840 1530
7845 1457
7850 1390
7855 1535
7860 1360
7865 1394
7870 1434
7875 1395
7880 1398
7885 1397
7890 1403
7895 1403
7900 1400
7905 1406
7910 1403
7915 1403
7920 1404
7925 1405
7930 1440
7935 1424
7940 1372
7945 1372
7950 1373
7955 1375
7960 1376
7965 1536
7970 1379
7975 1414
7980 1380
7985 1379
7990 1381
7995 1418
8000 1465
8005 1469
8010 1349
8015 1351
8020 1352
8025 1428
8030 1354
8035 1358
8040 1416
8045 1431
8050 1355
8055 1357
8060 1429
8065 1356
8070 1421
8075 1591
8080 1400
8085 1399
8090 1443
8095 1437
8100 1400
8105 1476
8110 1487
8115 1403
8120 1407
8125 1445
8130 1486
8135 1923
8140 1906
8145 1509
8150 1410
8155 1411
8160 1448
8165 1447
8170 1413
8175 1520
8180 1489
8185 1417
8190 1638
8195 1487
8200 1420
8205 1419
8210 1457
8215 1497
8220 1422
8225 1454
8230 1526
8235 1519
8240 1429
8245 1584
8250 1428
8255 1430
8260 1471
8265 1471
8270 1468
8275 1432
8280 1432
8285 1553
8290 1435
8295 1436
8300 1437
8305 1439
8310 1512
8315 1437
8320 1539
8325 1444
8330 1446
8335 1449
8340 1407
8345 1408
8350 1411
8355 1605
8360 1411
8365 1417
8370 1534
8375 1415
8380 1414
8385 1417
8390 1477
8395 1457
8400 1422
8405 1423
8410 1541
8415 1633
8420 1497
8425 1652
8430 1424
8435 1463
8440 1546
8445 1465
8450 1542
8455 1614
8460 1471
8465 1470
8470 1865
8475 1500
8480 1621
8485 1474
8490 1698
8495 1476
8500 1475
8505 1477
8510 1480
8515 1519
8520 1538
8525 1516
8530 1534
8535 1483
8540 1485
8545 1485
8550 1530
8555 1488
8560 1664
8565 1486
8570 1488
8575 1491
8580 1491
8585 1492
8590 1551
8595 1459
8600 1456
8605 1459
8610 1534
8615 1545
8620 1462
8625 1747
8630 1502
8635 1692
8640 1535
8645 1463
8650 1696
8655 2016
8660 1937
8665 1816
8670 1510
8675 1548
8680 1526
8685 1556
8690 1608
8695 1553
8700 1557
8705 1557
8710 1559
8715 1538
8720 1602
8725 1520
8730 1522
8735 1524
8740 1523
8745 1516
8750 1527
8755 1691
8760 1487
8765 1488
8770 1491
8775 1494
8780 1493
8785 1586
8790 1646
8795 1534
8800 1497
8805 1497
8810 1494
8815 1666
8820 1582
8825 1719
8830 1575
8835 1503
8840 1627
8845 1544
8850 1542
8855 1620
8860 1587
8865 1549
8870 1609
8875 1509
8880 1512
8885 1655
8890 1666
8895 1514
8900 1535
8905 1514
8910 1518
8915 1516
8920 1600
8925 1519
8930 1517
8935 1581
8940 1713
8945 1593
8950 1635
8955 1672
8960 1554
8965 1676
8970 1566
8975 1566
8980 1574
8985 1611
8990 1654
8995 1683
9000 1573
9005 1574
9010 1577
9015 1616
9020 1746
9025 1579
9030 1577
9035 1578
9040 1581
9045 1619
9050 1621
9055 1540
9060 1544
9065 1541
9070 1544
9075 1543
9080 1845
9085 1565
9090 1623
9095 1686
9100 1547
9105 1550
9110 1579
9115 1595
9120 1596
9125 1599
9130 1632
9135 1598
9140 1603
9145 1680
9150 1561
9155 1562
9160 1607
9165 1622
9170 1682
9175 1609
9180 1644
9185 1609
9190 1609
9195 1609
9200 1658
9205 1571
9210 1963
9215 1574
9220 1652
9225 1574
9230 1613
9235 1621
9240 1675
9245 1659
9250 1624
9255 1696
9260 1693
9265 1584
9270 1705
9275 1624
9280 1662
9285 1584
9290 1717
9295 1587
9300 1666
9305 1662
9310 1589
9315 1592
9320 1593
9325 1673
9330 1592
9335 1840
9340 1593
9345 1672
9350 1652
9355 1641
9360 1645
9365 1694
9370 1643
9375 1654
9380 1604
9385 1605
9390 1607
9395 1807
9400 1711
9405 1901
9410 1781
9415 1827
9420 2069
9425 1852
9430 1659
9435 1654
9440 1660
9445 1656
9450 1709
9455 1776
9460 1698
9465 1662
9470 1664
9475 1711
9480 1666
9485 1724
9490 1668
9495 1776
9500 1667
9505 1670
9510 1670
9515 1774
9520 1630
9525 1631
9530 1630
9535 1632
9540 1777
9545 1717
9550 1635
9555 1634
9560 1678
9565 1641
9570 1639
9575 1791
9580 1805
9585 1764
9590 1783
9595 1644
9600 1647
9605 1754
9610 1691
9615 1694
9620 1697
9625 1697
9630 1739
9635 1693
9640 1757
9645 1792
9650 1864
9655 2533
9660 2168
9665 1701
9670 1755
9675 1707
9680 1708
9685 1882
9690 1791
9695 1895
9700 1707
9705 1711
9710 1750
9715 1759
9720 1793
9725 1758
9730 1761
9735 1798
9740 1715
9745 1717
9750 1960
9755 1725
9760 1728
9765 1729
9770 1770
9775 1732
9780 1767
9785 1726
9790 1728
9795 1726
9800 1728
9805 1780
9810 1921
9815 1731
9820 1719
9825 1689
9830 1690
9835 1816
9840 1786
9845 1691
9850 1692
9855 1690
9860 1769
9865 1746
9870 1896
9875 1813
9880 1747
9885 1745
9890 1746
9895 1841
9900 1759
9905 1741
9910 1706
9915 1792
9920 1801
9925 1965
9930 1758
9935 1757
9940 1844
9945 1794
9950 1796
9955 1846
9960 1757
9965 1760
9970 1797
9975 1762
9980 1839
9985 1882
9990 1718
9995 1715
10000 1785
