5 0
10 0
15 0
20 1
25 1
30 2
35 2
40 2
45 3
50 3
55 4
60 4
65 5
70 5
75 6
80 6
85 7
90 7
95 8
100 8
105 9
110 9
115 10
120 10
125 11
130 11
135 12
140 12
145 13
150 14
155 14
160 15
165 15
170 16
175 17
180 17
185 18
190 18
195 19
200 20
205 20
210 21
215 21
220 22
225 23
230 23
235 24
240 25
245 25
250 26
255 26
260 27
265 28
270 28
275 29
280 30
285 30
290 31
295 31
300 32
305 33
310 34
315 34
320 35
325 36
330 36
335 37
340 38
345 38
350 39
355 39
360 40
365 41
370 41
375 42
380 43
385 43
390 44
395 45
400 46
405 46
410 48
415 48
420 48
425 52
430 50
435 51
440 51
445 52
450 53
455 53
460 54
465 55
470 55
475 56
480 57
485 58
490 60
495 59
500 59
505 60
510 61
515 61
520 62
525 63
530 64
535 64
540 65
545 65
550 66
555 67
560 68
565 69
570 69
575 70
580 71
585 71
590 73
595 73
600 73
605 74
610 75
615 76
620 77
625 77
630 79
635 78
640 79
645 80
650 93
655 80
660 80
665 80
670 82
675 82
680 83
685 84
690 84
695 85
700 86
705 87
710 87
715 88
720 88
725 90
730 130
735 112
740 144
745 93
750 94
755 94
760 96
765 96
770 97
775 97
780 97
785 99
790 100
795 100
800 101
805 102
810 102
815 140
820 104
825 105
830 106
835 107
840 108
845 107
850 108
855 109
860 109
865 111
870 112
875 112
880 113
885 187
890 188
895 117
900 117
905 118
910 118
915 119
920 119
925 120
930 121
935 121
940 122
945 123
950 124
955 124
960 201
965 127
970 128
975 128
980 129
985 129
990 130
995 131
1000 131
1005 132
1010 234
1015 172
1020 136
1025 135
1030 135
1035 137
1040 138
1045 154
1050 142
1055 143
1060 144
1065 144
1070 146
1075 147
1080 147
1085 149
1090 149
1095 149
1100 149
1105 151
1110 152
1115 153
1120 153
1125 154
1130 155
1135 156
1140 156
1145 157
1150 158
1155 158
1160 179
1165 160
1170 162
1175 162
1180 202
1185 164
1190 165
1195 167
1200 255
1205 185
1210 192
1215 206
1220 212
1225 211
1230 210
1235 174
1240 174
1245 175
1250 175
1255 176
1260 177
1265 178
1270 246
1275 180
1280 180
1285 180
1290 182
1295 183
1300 184
1305 185
1310 185
1315 186
1320 187
1325 188
1330 189
1335 189
1340 190
1345 189
1350 193
1355 216
1360 207
1365 194
1370 194
1375 196
1380 196
1385 197
1390 198
1395 198
1400 200
1405 201
1410 201
1415 202
1420 203
1425 204
1430 205
1435 206
1440 252
1445 208
1450 207
1455 208
1460 210
1465 211
1470 211
1475 213
1480 214
1485 213
1490 214
1495 215
1500 217
1505 217
1510 238
1515 237
1520 220
1525 221
1530 220
1535 222
1540 223
1545 236
1550 278
1555 225
1560 228
1565 228
1570 256
1575 253
1580 231
1585 230
1590 269
1595 233
1600 234
1605 234
1610 235
1615 236
1620 236
1625 238
1630 238
1635 238
1640 240
1645 280
1650 242
1655 242
1660 242
1665 244
1670 244
1675 245
1680 246
1685 248
1690 268
1695 258
1700 265
1705 250
1710 250
1715 251
1720 289
1725 252
1730 253
1735 255
1740 282
1745 318
1750 259
1755 297
1760 294
1765 284
1770 260
1775 261
1780 261
1785 263
1790 263
1795 264
1800 265
1805 266
1810 267
1815 267
1820 267
1825 290
1830 320
1835 270
1840 272
1845 272
1850 274
1855 274
1860 275
1865 275
1870 276
1875 277
1880 279
1885 279
1890 280
1895 355
1900 302
1905 282
1910 283
1915 284
1920 284
1925 351
1930 304
1935 287
1940 289
1945 289
1950 292
1955 364
1960 292
1965 292
1970 294
1975 294
1980 296
1985 296
1990 298
1995 296
2000 298
2005 299
2010 300
2015 300
2020 301
2025 303
2030 304
2035 304
2040 306
2045 307
2050 307
2055 308
2060 309
2065 310
2070 354
2075 310
2080 313
2085 312
2090 313
2095 426
2100 316
2105 317
2110 318
2115 318
2120 319
2125 318
2130 357
2135 321
2140 323
2145 323
2150 324
2155 326
2160 325
2165 326
2170 328
2175 329
2180 330
2185 332
2190 330
2195 330
2200 332
2205 349
2210 389
2215 347
2220 473
2225 422
2230 477
2235 432
2240 353
2245 351
2250 354
2255 364
2260 354
2265 357
2270 362
2275 359
2280 368
2285 362
2290 361
2295 368
2300 362
2305 366
2310 363
2315 365
2320 365
2325 366
2330 369
2335 375
2340 372
2345 403
2350 394
2355 382
2360 374
2365 375
2370 374
2375 374
2380 374
2385 376
2390 380
2395 657
2400 895
2405 653
2410 382
2415 383
2420 419
2425 407
2430 418
2435 388
2440 388
2445 390
2450 415
2455 657
2460 434
2465 526
2470 396
2475 398
2480 420
2485 397
2490 437
2495 407
2500 409
2505 410
2510 403
2515 407
2520 404
2525 403
2530 436
2535 404
2540 403
2545 404
2550 405
2555 406
2560 406
2565 407
2570 407
2575 409
2580 411
2585 422
2590 413
2595 415
2600 422
2605 417
2610 418
2615 418
2620 419
2625 420
2630 421
2635 422
2640 428
2645 423
2650 422
2655 425
2660 427
2665 427
2670 427
2675 426
2680 428
2685 428
2690 431
2695 430
2700 433
2705 462
2710 437
2715 435
2720 445
2725 490
2730 440
2735 439
2740 439
2745 438
2750 441
2755 441
2760 441
2765 442
2770 444
2775 446
2780 447
2785 448
2790 448
2795 452
2800 458
2805 453
2810 457
2815 505
2820 455
2825 456
2830 458
2835 456
2840 459
2845 470
2850 459
2855 461
2860 462
2865 463
2870 471
2875 450
2880 453
2885 490
2890 455
2895 456
2900 454
2905 456
2910 456
2915 457
2920 459
2925 515
2930 463
2935 463
2940 533
2945 462
2950 464
2955 466
2960 513
2965 504
2970 470
2975 506
2980 474
2985 736
2990 470
2995 471
3000 474
3005 475
3010 474
3015 476
3020 477
3025 480
3030 515
3035 480
3040 480
3045 482
3050 481
3055 482
3060 483
3065 486
3070 485
3075 485
3080 487
3085 488
3090 489
3095 491
3100 491
3105 491
3110 493
3115 493
3120 536
3125 494
3130 494
3135 567
3140 497
3145 576
3150 501
3155 500
3160 501
3165 502
3170 502
3175 504
3180 505
3185 504
3190 507
3195 544
3200 508
3205 545
3210 509
3215 509
3220 512
3225 513
3230 600
3235 515
3240 519
3245 516
3250 517
3255 528
3260 505
3265 505
3270 575
3275 520
3280 522
3285 523
3290 524
3295 524
3300 523
3305 525
3310 592
3315 515
3320 517
3325 515
3330 600
3335 516
3340 567
3345 518
3350 520
3355 522
3360 520
3365 522
3370 522
3375 523
3380 608
3385 526
3390 526
3395 528
3400 528
3405 531
3410 531
3415 601
3420 686
3425 535
3430 605
3435 533
3440 534
3445 535
3450 538
3455 539
3460 539
3465 540
3470 540
3475 648
3480 560
3485 545
3490 547
3495 545
3500 547
3505 548
3510 548
3515 771
3520 551
3525 712
3530 550
3535 553
3540 577
3545 682
3550 555
3555 557
3560 557
3565 557
3570 560
3575 560
3580 642
3585 561
3590 562
3595 566
3600 629
3605 579
3610 581
3615 581
3620 659
3625 583
3630 585
3635 585
3640 622
3645 584
3650 586
3655 588
3660 589
3665 590
3670 591
3675 593
3680 602
3685 651
3690 598
3695 633
3700 709
3705 598
3710 597
3715 600
3720 598
3725 598
3730 604
3735 585
3740 589
3745 587
3750 591
3755 593
3760 591
3765 593
3770 705
3775 595
3780 594
3785 597
3790 597
3795 658
3800 597
3805 598
3810 600
3815 717
3820 602
3825 602
3830 601
3835 691
3840 604
3845 605
3850 607
3855 648
3860 609
3865 795
3870 627
3875 628
3880 629
3885 628
3890 612
3895 651
3900 613
3905 614
3910 656
3915 616
3920 618
3925 620
3930 620
3935 782
3940 623
3945 624
3950 626
3955 626
3960 627
3965 627
3970 627
3975 627
3980 633
3985 633
3990 632
3995 633
4000 635
4005 634
4010 637
4015 736
4020 677
4025 761
4030 638
4035 723
4040 807
4045 677
4050 645
4055 644
4060 668
4065 662
4070 665
4075 693
4080 687
4085 688
4090 686
4095 690
4100 669
4105 671
4110 670
4115 675
4120 677
4125 725
4130 936
4135 676
4140 675
4145 676
4150 675
4155 676
4160 714
4165 677
4170 717
4175 679
4180 681
4185 681
4190 832
4195 724
4200 763
4205 686
4210 687
4215 688
4220 715
4225 709
4230 710
4235 804
4240 693
4245 694
4250 694
4255 695
4260 746
4265 697
4270 696
4275 699
4280 699
4285 700
4290 701
4295 782
4300 704
4305 755
4310 704
4315 787
4320 708
4325 709
4330 711
4335 709
4340 748
4345 711
4350 711
4355 711
4360 714
4365 716
4370 715
4375 758
4380 720
4385 720
4390 722
4395 720
4400 757
4405 766
4410 743
4415 780
4420 725
4425 726
4430 729
4435 726
4440 729
4445 806
4450 733
4455 778
4460 733
4465 735
4470 737
4475 735
4480 736
4485 737
4490 737
4495 740
4500 741
4505 743
4510 780
4515 809
4520 829
4525 786
4530 749
4535 727
4540 729
4545 730
4550 731
4555 731
4560 794
4565 733
4570 733
4575 734
4580 817
4585 737
4590 863
4595 740
4600 740
4605 741
4610 742
4615 741
4620 743
4625 816
4630 743
4635 747
4640 785
4645 768
4650 832
4655 749
4660 751
4665 753
4670 751
4675 826
4680 828
4685 797
4690 756
4695 757
4700 760
4705 759
4710 762
4715 842
4720 760
4725 847
4730 784
4735 783
4740 763
4745 765
4750 766
4755 767
4760 769
4765 771
4770 842
4775 769
4780 848
4785 771
4790 771
4795 774
4800 774
4805 776
4810 776
4815 870
4820 779
4825 779
4830 854
4835 876
4840 802
4845 952
4850 990
4855 832
4860 964
4865 1059
4870 945
4875 907
4880 810
4885 816
4890 814
4895 816
4900 899
4905 814
4910 815
4915 817
4920 1009
4925 911
4930 874
4935 871
4940 839
4945 845
4950 847
4955 870
4960 845
4965 881
4970 847
4975 852
4980 850
4985 852
4990 853
4995 884
5000 832
5005 873
5010 835
5015 878
5020 933
5025 837
5030 837
5035 839
5040 839
5045 839
5050 839
5055 838
5060 820
5065 823
5070 821
5075 968
5080 1033
5085 920
5090 827
5095 828
5100 829
5105 831
5110 858
5115 938
5120 851
5125 857
5130 859
5135 940
5140 859
5145 898
5150 899
5155 861
5160 862
5165 863
5170 863
5175 866
5180 866
5185 866
5190 868
5195 906
5200 930
5205 919
5210 866
5215 870
5220 865
5225 852
5230 849
5235 850
5240 853
5245 855
5250 874
5255 967
5260 855
5265 858
5270 860
5275 860
5280 861
5285 902
5290 883
5295 887
5300 862
5305 865
5310 976
5315 889
5320 999
5325 954
5330 870
5335 871
5340 870
5345 948
5350 873
5355 873
5360 872
5365 960
5370 893
5375 875
5380 949
5385 874
5390 876
5395 879
5400 879
5405 883
5410 881
5415 881
5420 882
5425 1061
5430 955
5435 923
5440 886
5445 886
5450 889
5455 890
5460 891
5465 1033
5470 894
5475 895
5480 978
5485 894
5490 896
5495 897
5500 896
5505 900
5510 975
5515 898
5520 901
5525 943
5530 1143
5535 956
5540 1020
5545 983
5550 958
5555 952
5560 932
5565 932
5570 935
5575 934
5580 938
5585 937
5590 975
5595 942
5600 941
5605 941
5610 942
5615 984
5620 944
5625 944
5630 944
5635 947
5640 968
5645 980
5650 999
5655 952
5660 953
5665 951
5670 954
5675 957
5680 955
5685 956
5690 1045
5695 999
5700 960
5705 959
5710 961
5715 963
5720 962
5725 964
5730 963
5735 966
5740 964
5745 941
5750 1016
5755 1153
5760 1020
5765 946
5770 948
5775 1021
5780 947
5785 952
5790 950
5795 1078
5800 1062
5805 992
5810 953
5815 955
5820 957
5825 958
5830 959
5835 959
5840 1035
5845 1000
5850 979
5855 983
5860 1101
5865 964
5870 965
5875 968
5880 1069
5885 991
5890 991
5895 993
5900 1038
5905 1042
5910 999
5915 998
5920 1000
5925 1002
5930 1008
5935 977
5940 977
5945 977
5950 978
5955 1051
5960 1026
5965 1016
5970 1101
5975 982
5980 983
5985 986
5990 985
5995 1024
6000 1062
6005 1073
6010 1085
6015 992
6020 992
6025 993
6030 1105
6035 1036
6040 1021
6045 1021
6050 999
6055 1081
6060 1179
6065 1036
6070 1003
6075 1074
6080 1029
6085 1031
6090 1031
6095 1032
6100 1032
6105 1091
6110 1035
6115 1109
6120 1033
6125 1012
6130 1011
6135 1013
6140 1012
6145 1093
6150 1110
6155 1072
6160 1190
6165 1067
6170 1045
6175 1048
6180 1049
6185 1052
6190 1081
6195 1048
6200 1138
6205 1059
6210 1054
6215 1029
6220 1030
6225 1028
6230 1029
6235 1029
6240 1033
6245 1159
6250 1099
6255 1196
6260 1138
6265 1033
6270 1034
6275 1035
6280 1037
6285 1037
6290 1038
6295 1098
6300 1071
6305 1071
6310 1072
6315 1108
6320 1117
6325 1073
6330 1078
6335 1112
6340 1077
6345 1149
6350 1172
6355 1053
6360 1053
6365 1091
6370 1130
6375 1056
6380 1055
6385 1117
6390 1140
6395 1151
6400 1090
6405 1091
6410 1197
6415 1090
6420 1168
6425 1162
6430 1093
6435 1185
6440 1093
6445 1145
6450 1134
6455 1139
6460 1102
6465 1100
6470 1098
6475 1102
6480 1225
6485 1100
6490 1101
6495 1104
6500 1104
6505 1156
6510 1107
6515 1118
6520 1077
6525 1084
6530 1158
6535 1210
6540 1086
6545 1086
6550 1087
6555 1088
6560 1127
6565 1092
6570 1165
6575 1168
6580 1092
6585 1093
6590 1095
6595 1255
6600 1100
6605 1096
6610 1096
6615 1099
6620 1260
6625 1225
6630 1098
6635 1101
6640 1101
6645 1104
6650 1105
6655 1144
6660 1144
6665 1184
6670 1108
6675 1107
6680 1109
6685 1469
6690 1143
6695 1147
6700 1141
6705 1225
6710 1219
6715 1277
6720 1144
6725 1153
6730 1197
6735 1173
6740 1170
6745 1156
6750 1145
6755 1125
6760 1194
6765 1124
6770 1216
6775 1273
6780 1159
6785 1161
6790 1158
6795 1205
6800 1225
6805 1168
6810 1164
6815 1163
6820 1202
6825 1165
6830 1212
6835 1165
6840 1205
6845 1169
6850 1171
6855 1142
6860 1143
6865 1145
6870 1144
6875 1144
6880 1225
6885 1258
6890 1278
6895 1241
6900 1221
6905 1306
6910 1148
6915 1150
6920 1153
6925 1219
6930 1156
6935 1155
6940 1157
6945 1157
6950 1158
6955 1160
6960 1198
6965 1162
6970 1228
6975 1291
6980 1165
6985 1165
6990 1163
6995 1168
7000 1168
7005 1243
7010 1170
7015 1494
7020 1252
7025 1172
7030 1171
7035 1172
7040 1173
7045 1175
7050 1176
7055 1326
7060 1391
7065 1244
7070 1244
7075 1246
7080 1251
7085 1244
7090 1250
7095 1255
7100 1249
7105 1252
7110 1250
7115 1252
7120 1254
7125 1256
7130 1246
7135 1226
7140 1327
7145 1230
7150 1227
7155 1227
7160 1264
7165 1312
7170 1200
7175 1202
7180 1256
7185 1198
7190 1428
7195 1265
7200 1769
7205 1560
7210 1237
7215 1313
7220 1318
7225 1240
7230 1326
7235 1355
7240 1298
7245 1242
7250 1346
7255 1319
7260 1245
7265 1246
7270 1284
7275 1249
7280 1249
7285 1252
7290 1280
7295 1252
7300 1378
7305 1345
7310 1256
7315 1256
7320 1256
7325 1256
7330 1257
7335 1428
7340 1258
7345 1302
7350 1301
7355 1233
7360 1290
7365 1308
7370 1234
7375 1311
7380 1367
7385 1272
7390 1236
7395 1237
7400 1239
7405 1240
7410 1238
7415 1280
7420 1245
7425 1244
7430 1244
7435 1244
7440 1246
7445 1246
7450 1322
7455 1327
7460 1427
7465 1253
7470 1292
7475 1255
7480 1253
7485 1254
7490 1255
7495 1353
7500 1258
7505 1369
7510 1287
7515 1295
7520 1260
7525 1320
7530 1263
7535 1379
7540 1412
7545 1297
7550 1301
7555 1301
7560 1299
7565 1301
7570 1305
7575 1347
7580 1271
7585 1275
7590 1273
7595 1310
7600 1275
7605 1276
7610 1316
7615 1352
7620 1405
7625 1281
7630 1278
7635 1279
7640 1358
7645 1285
7650 1500
7655 1414
7660 1287
7665 1290
7670 1289
7675 1290
7680 1289
7685 1291
7690 1560
7695 1458
7700 1292
7705 1290
7710 1293
7715 1297
7720 1383
7725 1300
7730 1473
7735 1301
7740 1300
7745 1303
7750 1306
7755 1309
7760 1307
7765 1325
7770 1437
7775 1438
7780 1381
7785 1307
7790 1309
7795 1355
7800 1347
7805 1424
7810 1387
7815 1349
7820 1349
7825 1351
7830 1441
7835 1428
7840 1431
7845 1419
7850 1414
7855 1358
7860 1358
7865 1358
7870 1429
7875 1362
7880 1503
7885 1360
7890 1438
7895 1398
7900 1363
7905 1364
7910 1367
7915 1483
7920 1411
7925 1369
7930 1384
7935 1335
7940 1335
7945 1337
7950 1414
7955 1419
7960 1338
7965 1456
7970 1344
7975 1345
7980 1344
7985 1345
7990 1475
7995 1507
8000 1346
8005 1348
8010 1423
8015 1370
8020 1389
8025 1373
8030 1603
8035 1352
8040 1351
8045 1353
8050 1353
8055 1359
8060 1397
8065 1525
8070 1462
8075 1360
8080 1360
8085 1361
8090 1366
8095 1367
8100 1482
8105 1404
8110 1367
8115 1371
8120 1366
8125 1365
8130 1369
8135 1374
8140 1466
8145 1550
8150 1374
8155 1378
8160 1378
8165 1452
8170 1378
8175 1457
8180 1421
8185 1451
8190 1379
8195 1381
8200 1384
8205 1384
8210 1579
8215 1499
8220 1387
8225 1386
8230 1390
8235 1497
8240 1525
8245 1509
8250 1425
8255 1428
8260 1430
8265 1480
8270 1433
8275 1434
8280 1476
8285 1455
8290 1398
8295 1399
8300 1400
8305 1402
8310 1439
8315 1407
8320 1484
8325 1478
8330 1411
8335 1405
8340 1410
8345 1407
8350 1678
8355 1472
8360 1542
8365 1415
8370 1417
8375 1445
8380 1452
8385 1496
8390 1541
8395 1664
8400 1974
8405 1638
8410 1507
8415 1525
8420 1504
8425 1522
8430 1503
8435 1511
8440 1511
8445 1518
8450 1471
8455 1521
8460 1473
8465 1472
8470 1463
8475 1550
8480 1433
8485 1473
8490 1563
8495 1617
8500 1523
8505 1837
8510 1806
8515 1586
8520 1594
8525 1485
8530 1481
8535 1483
8540 1560
8545 1488
8550 1490
8555 1538
8560 1631
8565 1488
8570 1490
8575 1537
8580 1492
8585 1493
8590 1590
8595 1500
8600 1495
8605 1498
8610 1499
8615 1498
8620 1538
8625 1630
8630 1464
8635 1467
8640 1466
8645 1467
8650 1546
8655 1543
8660 1558
8665 1551
8670 1544
8675 1471
8680 1598
8685 1476
8690 1560
8695 1643
8700 1514
8705 1519
8710 1565
8715 1520
8720 1654
8725 1536
8730 1481
8735 1484
8740 1485
8745 1487
8750 1566
8755 1687
8760 1661
8765 1489
8770 1489
8775 1489
8780 1490
8785 1546
8790 1688
8795 1632
8800 1494
8805 1498
8810 1572
8815 1499
8820 1540
8825 1806
8830 1499
8835 1500
8840 1502
8845 1504
8850 1582
8855 1581
8860 1504
8865 1506
8870 1584
8875 1683
8880 1547
8885 1514
8890 1618
8895 1683
8900 1514
8905 1633
8910 1687
8915 2283
8920 1918
8925 1559
8930 1713
8935 1563
8940 1731
8945 1593
8950 1652
8955 1563
8960 1566
8965 1572
8970 1598
8975 1569
8980 1611
8985 1665
8990 1567
8995 1569
9000 1617
9005 1609
9010 1577
9015 1740
9020 1580
9025 1610
9030 1585
9035 1540
9040 1540
9045 1712
9050 1604
9055 1545
9060 1544
9065 1616
9070 1545
9075 1707
9080 1626
9085 1549
9090 1549
9095 1550
9100 1553
9105 1868
9110 1654
9115 1601
9120 1595
9125 1707
9130 1600
9135 1603
9140 1675
9145 1660
9150 1597
9155 1635
9160 1563
9165 1566
9170 1816
9175 1611
9180 1642
9185 1609
9190 1609
9195 1612
9200 1620
9205 1718
9210 1602
9215 1577
9220 1575
9225 1577
9230 1650
9235 1711
9240 1578
9245 1583
9250 1656
9255 1584
9260 1585
9265 1823
9270 1839
9275 1660
9280 1589
9285 1622
9290 1628
9295 1695
9300 1632
9305 1635
9310 1635
9315 1636
9320 1680
9325 1639
9330 1681
9335 1662
9340 1641
9345 1681
9350 1599
9355 1599
9360 1688
9365 1604
9370 1603
9375 1606
9380 1607
9385 1609
9390 1779
9395 1716
9400 1608
9405 1611
9410 1705
9415 1683
9420 1786
9425 1614
9430 1614
9435 1618
9440 1694
9445 1620
9450 1657
9455 1759
9460 1658
9465 1765
9470 1702
9475 1667
9480 1665
9485 1751
9490 1669
9495 1643
9500 1632
9505 1629
9510 1633
9515 1739
9520 1771
9525 1631
9530 1632
9535 1636
9540 1635
9545 1746
9550 1638
9555 1678
9560 1637
9565 1640
9570 1641
9575 1798
9580 1784
9585 1643
9590 1648
9595 1648
9600 1721
9605 1764
9610 1651
9615 1649
9620 1651
9625 1649
9630 1654
9635 1851
9640 1789
9645 1654
9650 1658
9655 1657
9660 1657
9665 1802
9670 1658
9675 1661
9680 1661
9685 1777
9690 1662
9695 1804
9700 1793
9705 1667
9710 1812
9715 1669
9720 1671
9725 1824
9730 1675
9735 1674
9740 1712
9745 1750
9750 1791
9755 1758
9760 1819
9765 1681
9770 1678
9775 1741
9780 1680
9785 1788
9790 1683
9795 1795
9800 1686
9805 1687
9810 1791
9815 1766
9820 1876
9825 1692
9830 1695
9835 1782
9840 1740
9845 1820
9850 1742
9855 1776
9860 1743
9865 1743
9870 1745
9875 1791
9880 1798
9885 1745
9890 1718
9895 1806
9900 1708
9905 1783
9910 1708
9915 1708
9920 1706
9925 1708
9930 1781
9935 1875
9940 1874
9945 1767
9950 1757
9955 1833
9960 1761
9965 1802
9970 1753
9975 2062
9980 1850
9985 1725
9990 1867
9995 1878
10000 1767
