5 0
10 0
15 0
20 1
25 1
30 2
35 2
40 2
45 3
50 3
55 4
60 4
65 5
70 5
75 5
80 6
85 7
90 7
95 8
100 8
105 8
110 9
115 10
120 10
125 11
130 11
135 12
140 12
145 13
150 14
155 14
160 15
165 15
170 16
175 17
180 17
185 18
190 18
195 19
200 20
205 20
210 21
215 22
220 22
225 22
230 23
235 24
240 25
245 25
250 26
255 27
260 27
265 28
270 29
275 29
280 30
285 31
290 31
295 32
300 33
305 50
310 34
315 34
320 35
325 36
330 37
335 37
340 38
345 38
350 39
355 40
360 40
365 40
370 41
375 46
380 87
385 44
390 44
395 45
400 46
405 46
410 47
415 48
420 48
425 49
430 50
435 50
440 51
445 51
450 52
455 53
460 54
465 54
470 55
475 56
480 57
485 57
490 58
495 59
500 60
505 61
510 62
515 62
520 63
525 64
530 64
535 65
540 66
545 67
550 67
555 68
560 69
565 69
570 70
575 70
580 71
585 73
590 73
595 74
600 74
605 75
610 76
615 113
620 77
625 79
630 79
635 79
640 80
645 81
650 83
655 83
660 108
665 84
670 84
675 86
680 86
685 87
690 87
695 88
700 154
705 107
710 91
715 91
720 92
725 93
730 94
735 93
740 95
745 95
750 96
755 97
760 98
765 98
770 99
775 100
780 101
785 101
790 102
795 103
800 104
805 105
810 105
815 105
820 107
825 107
830 108
835 109
840 110
845 110
850 111
855 113
860 113
865 114
870 114
875 168
880 131
885 135
890 119
895 119
900 119
905 120
910 120
915 121
920 122
925 123
930 124
935 124
940 124
945 125
950 127
955 127
960 154
965 138
970 133
975 147
980 131
985 132
990 133
995 133
1000 134
1005 135
1010 136
1015 136
1020 137
1025 139
1030 138
1035 139
1040 140
1045 141
1050 141
1055 142
1060 143
1065 145
1070 166
1075 166
1080 150
1085 148
1090 150
1095 150
1100 151
1105 151
1110 152
1115 259
1120 174
1125 156
1130 155
1135 157
1140 158
1145 158
1150 159
1155 160
1160 161
1165 161
1170 162
1175 163
1180 164
1185 165
1190 164
1195 166
1200 167
1205 167
1210 168
1215 169
1220 169
1225 170
1230 172
1235 171
1240 172
1245 173
1250 174
1255 175
1260 176
1265 177
1270 177
1275 178
1280 179
1285 180
1290 180
1295 182
1300 183
1305 183
1310 184
1315 185
1320 185
1325 187
1330 187
1335 189
1340 189
1345 191
1350 192
1355 192
1360 257
1365 189
1370 189
1375 192
1380 192
1385 192
1390 193
1395 193
1400 194
1405 195
1410 196
1415 196
1420 197
1425 197
1430 198
1435 200
1440 200
1445 201
1450 202
1455 203
1460 204
1465 204
1470 205
1475 206
1480 206
1485 206
1490 207
1495 209
1500 209
1505 210
1510 210
1515 255
1520 276
1525 214
1530 213
1535 215
1540 216
1545 216
1550 219
1555 219
1560 219
1565 221
1570 221
1575 281
1580 239
1585 224
1590 224
1595 287
1600 260
1605 343
1610 288
1615 234
1620 283
1625 256
1630 237
1635 238
1640 238
1645 239
1650 239
1655 240
1660 241
1665 242
1670 242
1675 244
1680 243
1685 266
1690 262
1695 247
1700 248
1705 248
1710 249
1715 250
1720 250
1725 252
1730 252
1735 253
1740 254
1745 280
1750 256
1755 257
1760 257
1765 260
1770 261
1775 260
1780 260
1785 265
1790 287
1795 278
1800 265
1805 266
1810 266
1815 267
1820 267
1825 269
1830 269
1835 268
1840 272
1845 272
1850 273
1855 273
1860 330
1865 332
1870 277
1875 315
1880 333
1885 279
1890 279
1895 279
1900 280
1905 281
1910 282
1915 283
1920 285
1925 285
1930 284
1935 322
1940 324
1945 325
1950 292
1955 290
1960 290
1965 293
1970 308
1975 293
1980 294
1985 295
1990 371
1995 297
2000 338
2005 335
2010 298
2015 299
2020 300
2025 301
2030 302
2035 304
2040 305
2045 305
2050 306
2055 307
2060 367
2065 350
2070 393
2075 336
2080 316
2085 313
2090 313
2095 313
2100 313
2105 317
2110 317
2115 349
2120 342
2125 366
2130 322
2135 324
2140 326
2145 324
2150 323
2155 325
2160 324
2165 362
2170 328
2175 328
2180 329
2185 330
2190 330
2195 330
2200 331
2205 334
2210 333
2215 335
2220 337
2225 337
2230 337
2235 339
2240 338
2245 340
2250 368
2255 358
2260 357
2265 383
2270 358
2275 355
2280 356
2285 357
2290 392
2295 361
2300 365
2305 351
2310 353
2315 382
2320 353
2325 353
2330 357
2335 356
2340 356
2345 357
2350 357
2355 358
2360 380
2365 371
2370 372
2375 374
2380 378
2385 377
2390 375
2395 377
2400 383
2405 380
2410 380
2415 381
2420 379
2425 392
2430 385
2435 384
2440 384
2445 384
2450 387
2455 386
2460 400
2465 424
2470 396
2475 392
2480 398
2485 424
2490 442
2495 395
2500 395
2505 397
2510 399
2515 398
2520 400
2525 403
2530 403
2535 405
2540 405
2545 405
2550 432
2555 404
2560 404
2565 408
2570 406
2575 407
2580 411
2585 409
2590 411
2595 411
2600 412
2605 415
2610 466
2615 416
2620 419
2625 450
2630 427
2635 420
2640 424
2645 432
2650 424
2655 445
2660 427
2665 425
2670 437
2675 429
2680 428
2685 429
2690 430
2695 431
2700 431
2705 431
2710 433
2715 433
2720 436
2725 435
2730 435
2735 435
2740 438
2745 439
2750 440
2755 441
2760 457
2765 443
2770 496
2775 445
2780 492
2785 561
2790 504
2795 530
2800 516
2805 562
2810 451
2815 451
2820 454
2825 453
2830 454
2835 463
2840 456
2845 457
2850 459
2855 459
2860 461
2865 462
2870 462
2875 460
2880 464
2885 465
2890 465
2895 466
2900 466
2905 466
2910 468
2915 474
2920 473
2925 471
2930 474
2935 477
2940 474
2945 484
2950 480
2955 478
2960 479
2965 479
2970 479
2975 480
2980 481
2985 481
2990 510
2995 485
3000 485
3005 490
3010 486
3015 487
3020 489
3025 491
3030 520
3035 491
3040 491
3045 494
3050 494
3055 495
3060 496
3065 495
3070 496
3075 547
3080 499
3085 501
3090 501
3095 502
3100 501
3105 505
3110 505
3115 507
3120 507
3125 508
3130 509
3135 508
3140 509
3145 512
3150 512
3155 512
3160 514
3165 514
3170 517
3175 517
3180 519
3185 520
3190 589
3195 506
3200 506
3205 508
3210 550
3215 511
3220 511
3225 511
3230 515
3235 513
3240 512
3245 515
3250 515
3255 515
3260 517
3265 554
3270 518
3275 558
3280 534
3285 509
3290 508
3295 510
3300 509
3305 512
3310 514
3315 514
3320 513
3325 515
3330 515
3335 516
3340 516
3345 519
3350 572
3355 519
3360 520
3365 520
3370 521
3375 561
3380 522
3385 620
3390 543
3395 541
3400 542
3405 543
3410 543
3415 545
3420 544
3425 659
3430 533
3435 533
3440 536
3445 536
3450 535
3455 574
3460 537
3465 649
3470 588
3475 557
3480 557
3485 569
3490 542
3495 581
3500 546
3505 546
3510 547
3515 547
3520 609
3525 550
3530 549
3535 552
3540 552
3545 623
3550 553
3555 630
3560 553
3565 557
3570 710
3575 556
3580 559
3585 559
3590 560
3595 561
3600 561
3605 562
3610 564
3615 639
3620 580
3625 641
3630 582
3635 584
3640 584
3645 630
3650 587
3655 587
3660 588
3665 588
3670 588
3675 589
3680 589
3685 592
3690 592
3695 594
3700 626
3705 596
3710 595
3715 582
3720 583
3725 584
3730 666
3735 584
3740 652
3745 661
3750 587
3755 589
3760 590
3765 589
3770 590
3775 591
3780 592
3785 595
3790 594
3795 594
3800 626
3805 626
3810 808
3815 773
3820 683
3825 600
3830 599
3835 601
3840 602
3845 641
3850 604
3855 753
3860 622
3865 622
3870 624
3875 624
3880 628
3885 628
3890 632
3895 708
3900 634
3905 699
3910 631
3915 633
3920 633
3925 633
3930 635
3935 637
3940 638
3945 636
3950 669
3955 677
3960 639
3965 640
3970 683
3975 646
3980 644
3985 644
3990 688
3995 645
4000 690
4005 650
4010 654
4015 632
4020 632
4025 635
4030 637
4035 637
4040 637
4045 640
4050 785
4055 641
4060 746
4065 643
4070 644
4075 646
4080 643
4085 646
4090 646
4095 649
4100 651
4105 649
4110 652
4115 651
4120 653
4125 759
4130 674
4135 655
4140 657
4145 657
4150 661
4155 657
4160 722
4165 715
4170 701
4175 698
4180 684
4185 664
4190 665
4195 664
4200 783
4205 667
4210 789
4215 669
4220 717
4225 737
4230 726
4235 692
4240 692
4245 690
4250 691
4255 692
4260 694
4265 698
4270 733
4275 823
4280 701
4285 699
4290 746
4295 683
4300 685
4305 685
4310 785
4315 705
4320 779
4325 688
4330 691
4335 733
4340 782
4345 770
4350 691
4355 841
4360 712
4365 714
4370 716
4375 716
4380 718
4385 718
4390 755
4395 720
4400 719
4405 719
4410 720
4415 804
4420 819
4425 705
4430 707
4435 708
4440 709
4445 731
4450 866
4455 711
4460 784
4465 714
4470 715
4475 715
4480 735
4485 872
4490 823
4495 778
4500 739
4505 740
4510 780
4515 743
4520 743
4525 743
4530 787
4535 744
4540 747
4545 748
4550 791
4555 731
4560 730
4565 733
4570 733
4575 816
4580 736
4585 735
4590 736
4595 738
4600 813
4605 738
4610 814
4615 801
4620 761
4625 928
4630 744
4635 747
4640 746
4645 747
4650 748
4655 747
4660 749
4665 754
4670 751
4675 754
4680 753
4685 834
4690 795
4695 757
4700 760
4705 762
4710 761
4715 762
4720 762
4725 762
4730 762
4735 764
4740 763
4745 765
4750 841
4755 928
4760 848
4765 842
4770 769
4775 771
4780 771
4785 999
4790 772
4795 787
4800 794
4805 872
4810 855
4815 813
4820 800
4825 799
4830 803
4835 800
4840 801
4845 801
4850 803
4855 804
4860 851
4865 810
4870 859
4875 810
4880 844
4885 892
4890 812
4895 813
4900 814
4905 853
4910 851
4915 814
4920 817
4925 817
4930 883
4935 855
4940 820
4945 822
4950 823
4955 821
4960 823
4965 825
4970 877
4975 805
4980 867
4985 809
4990 913
4995 810
5000 886
5005 924
5010 809
5015 813
5020 814
5025 816
5030 816
5035 817
5040 930
5045 821
5050 818
5055 818
5060 896
5065 824
5070 898
5075 823
5080 824
5085 825
5090 827
5095 862
5100 1063
5105 882
5110 1018
5115 911
5120 883
5125 938
5130 855
5135 857
5140 858
5145 857
5150 893
5155 862
5160 861
5165 900
5170 865
5175 919
5180 863
5185 896
5190 984
5195 926
5200 948
5205 897
5210 905
5215 871
5220 873
5225 875
5230 994
5235 875
5240 1008
5245 876
5250 878
5255 878
5260 878
5265 878
5270 881
5275 882
5280 881
5285 886
5290 925
5295 884
5300 889
5305 865
5310 868
5315 866
5320 868
5325 868
5330 868
5335 869
5340 948
5345 910
5350 947
5355 990
5360 973
5365 897
5370 900
5375 1053
5380 961
5385 878
5390 880
5395 882
5400 996
5405 909
5410 908
5415 974
5420 995
5425 913
5430 975
5435 912
5440 911
5445 912
5450 948
5455 990
5460 915
5465 1007
5470 919
5475 918
5480 973
5485 922
5490 922
5495 921
5500 961
5505 925
5510 1010
5515 928
5520 927
5525 927
5530 928
5535 930
5540 929
5545 930
5550 934
5555 933
5560 939
5565 995
5570 938
5575 1052
5580 940
5585 1048
5590 940
5595 942
5600 942
5605 940
5610 943
5615 1030
5620 1030
5625 947
5630 948
5635 953
5640 950
5645 986
5650 953
5655 952
5660 952
5665 956
5670 991
5675 959
5680 1110
5685 958
5690 1001
5695 961
5700 959
5705 998
5710 960
5715 962
5720 965
5725 1056
5730 966
5735 966
5740 968
5745 968
5750 970
5755 977
5760 948
5765 948
5770 949
5775 1105
5780 949
5785 1080
5790 953
5795 955
5800 953
5805 955
5810 957
5815 956
5820 956
5825 955
5830 1125
5835 960
5840 960
5845 961
5850 962
5855 963
5860 985
5865 982
5870 965
5875 968
5880 1057
5885 970
5890 1128
5895 996
5900 999
5905 1071
5910 998
5915 1001
5920 1019
5925 1003
5930 1050
5935 1095
5940 1004
5945 1008
5950 1043
5955 1012
5960 1008
5965 1006
5970 1009
5975 1011
5980 1057
5985 1016
5990 1181
5995 1028
6000 991
6005 991
6010 1067
6015 994
6020 1115
6025 994
6030 1124
6035 1103
6040 1249
6045 1398
6050 1278
6055 1142
6060 1062
6065 1025
6070 1065
6075 1097
6080 1141
6085 1032
6090 1035
6095 1034
6100 1037
6105 1065
6110 1096
6115 1187
6120 1189
6125 1039
6130 1123
6135 1037
6140 1040
6145 1041
6150 1041
6155 1094
6160 1044
6165 1045
6170 1088
6175 1160
6180 1049
6185 1045
6190 1050
6195 1156
6200 1051
6205 1054
6210 1056
6215 1185
6220 1054
6225 1058
6230 1057
6235 1059
6240 1097
6245 1059
6250 1062
6255 1061
6260 1061
6265 1108
6270 1196
6275 1066
6280 1068
6285 1106
6290 1068
6295 1069
6300 1070
6305 1080
6310 1137
6315 1091
6320 1112
6325 1067
6330 1046
6335 1048
6340 1048
6345 1050
6350 1051
6355 1154
6360 1178
6365 1225
6370 1052
6375 1054
6380 1055
6385 1098
6390 1152
6395 1091
6400 1087
6405 1128
6410 1088
6415 1091
6420 1091
6425 1129
6430 1091
6435 1093
6440 1093
6445 1098
6450 1095
6455 1137
6460 1191
6465 1135
6470 1101
6475 1141
6480 1101
6485 1101
6490 1106
6495 1105
6500 1298
6505 1107
6510 1183
6515 1107
6520 1109
6525 1111
6530 1112
6535 1113
6540 1114
6545 1309
6550 1346
6555 1114
6560 1118
6565 1118
6570 1153
6575 1121
6580 1156
6585 1157
6590 1150
6595 1161
6600 1180
6605 1182
6610 1124
6615 1126
6620 1130
6625 1127
6630 1167
6635 1132
6640 1254
6645 1134
6650 1172
6655 1138
6660 1137
6665 1136
6670 1136
6675 1181
6680 1140
6685 1141
6690 1140
6695 1111
6700 1284
6705 1147
6710 1114
6715 1117
6720 1228
6725 1220
6730 1137
6735 1192
6740 1204
6745 1151
6750 1152
6755 1152
6760 1155
6765 1237
6770 1157
6775 1409
6780 1131
6785 1131
6790 1204
6795 1133
6800 1132
6805 1132
6810 1263
6815 1223
6820 1165
6825 1164
6830 1169
6835 1166
6840 1169
6845 1169
6850 1214
6855 1175
6860 1175
6865 1174
6870 1174
6875 1174
6880 1211
6885 1176
6890 1223
6895 1214
6900 1318
6905 1150
6910 1151
6915 1153
6920 1315
6925 1157
6930 1173
6935 1205
6940 1189
6945 1186
6950 1192
6955 1194
6960 1191
6965 1192
6970 1193
6975 1312
6980 1280
6985 1247
6990 1166
6995 1165
7000 1167
7005 1168
7010 1170
7015 1207
7020 1171
7025 1251
7030 1171
7035 1175
7040 1174
7045 1175
7050 1177
7055 1217
7060 1183
7065 1254
7070 1230
7075 1216
7080 1181
7085 1184
7090 1184
7095 1184
7100 1190
7105 1188
7110 1302
7115 1261
7120 1190
7125 1191
7130 1190
7135 1190
7140 1234
7145 1194
7150 1306
7155 1285
7160 1270
7165 1198
7170 1200
7175 1197
7180 1200
7185 1202
7190 1278
7195 1365
7200 1202
7205 1276
7210 1206
7215 1281
7220 1210
7225 1208
7230 1207
7235 1330
7240 1388
7245 1211
7250 1216
7255 1289
7260 1216
7265 1217
7270 1216
7275 1295
7280 1294
7285 1218
7290 1216
7295 1218
7300 1223
7305 1259
7310 1223
7315 1282
7320 1336
7325 1308
7330 1263
7335 1262
7340 1265
7345 1263
7350 1265
7355 1305
7360 1266
7365 1278
7370 1231
7375 1234
7380 1238
7385 1238
7390 1238
7395 1297
7400 1318
7405 1369
7410 1315
7415 1241
7420 1245
7425 1246
7430 1247
7435 1247
7440 1410
7445 1249
7450 1252
7455 1250
7460 1249
7465 1248
7470 1248
7475 1254
7480 1449
7485 1427
7490 1253
7495 1259
7500 1257
7505 1278
7510 1293
7515 1262
7520 1338
7525 1266
7530 1268
7535 1265
7540 1508
7545 1374
7550 1265
7555 1386
7560 1403
7565 1319
7570 1302
7575 1308
7580 1305
7585 1345
7590 1342
7595 1346
7600 1309
7605 1313
7610 1430
7615 1361
7620 1313
7625 1319
7630 1352
7635 1348
7640 1398
7645 1316
7650 1321
7655 1317
7660 1355
7665 1303
7670 1334
7675 1310
7680 1365
7685 1289
7690 1347
7695 1291
7700 1449
7705 1490
7710 1408
7715 1461
7720 1296
7725 1298
7730 1298
7735 1403
7740 1337
7745 1336
7750 1380
7755 1387
7760 1339
7765 1414
7770 1342
7775 1342
7780 1347
7785 1381
7790 1389
7795 1343
7800 1346
7805 1347
7810 1314
7815 1314
7820 1315
7825 1393
7830 1360
7835 1317
7840 1317
7845 1474
7850 1321
7855 1319
7860 1417
7865 1650
7870 1558
7875 1397
7880 1397
7885 1400
7890 1399
7895 1403
7900 1404
7905 1403
7910 1395
7915 1367
7920 1369
7925 1408
7930 1408
7935 1416
7940 1460
7945 1411
7950 1375
7955 1376
7960 1373
7965 1378
7970 1416
7975 1548
7980 1346
7985 1345
7990 1348
7995 1348
8000 1350
8005 1350
8010 1808
8015 1848
8020 1778
8025 1501
8030 1355
8035 1540
8040 1529
8045 1396
8050 1393
8055 1394
8060 1460
8065 1502
8070 1427
8075 1535
8080 1475
8085 1398
8090 1401
8095 1403
8100 1404
8105 1449
8110 1493
8115 1447
8120 1445
8125 1488
8130 1370
8135 1375
8140 1434
8145 1456
8150 1471
8155 1413
8160 1414
8165 1416
8170 1414
8175 1417
8180 1463
8185 1468
8190 1458
8195 1382
8200 1384
8205 1382
8210 1383
8215 1424
8220 1472
8225 1526
8230 1542
8235 1392
8240 1388
8245 1393
8250 1396
8255 1458
8260 1394
8265 1399
8270 1512
8275 1472
8280 1400
8285 1400
8290 1519
8295 1528
8300 1445
8305 1439
8310 1486
8315 1409
8320 1408
8325 1490
8330 1467
8335 1408
8340 1410
8345 1468
8350 1502
8355 1412
8360 1515
8365 1523
8370 1415
8375 1420
8380 1493
8385 1421
8390 1419
8395 1525
8400 1729
8405 1615
8410 1473
8415 1464
8420 1460
8425 1464
8430 1537
8435 1602
8440 1501
8445 1466
8450 1469
8455 1468
8460 1474
8465 1510
8470 1509
8475 1452
8480 1500
8485 1457
8490 1441
8495 1441
8500 1566
8505 1594
8510 1443
8515 1444
8520 1444
8525 1481
8530 1614
8535 1529
8540 1553
8545 1522
8550 1450
8555 1452
8560 1451
8565 1455
8570 1689
8575 1910
8580 1524
8585 1458
8590 1457
8595 1586
8600 1650
8605 1498
8610 1499
8615 1502
8620 1501
8625 1504
8630 1509
8635 1546
8640 1595
8645 1556
8650 1507
8655 1509
8660 1510
8665 1641
8670 1691
8675 1513
8680 1537
8685 1527
8690 1593
8695 1523
8700 1598
8705 1603
8710 1519
8715 1521
8720 1520
8725 1522
8730 1526
8735 1561
8740 1525
8745 1527
8750 1529
8755 1596
8760 1494
8765 1571
8770 1582
8775 1497
8780 1610
8785 1491
8790 1532
8795 1535
8800 1594
8805 1539
8810 1540
8815 1539
8820 1524
8825 1501
8830 1574
8835 1624
8840 1562
8845 1506
8850 1508
8855 1548
8860 1510
8865 1589
8870 1514
8875 1508
8880 1508
8885 1513
8890 1510
8895 1588
8900 1592
8905 1598
8910 1629
8915 1515
8920 1517
8925 1516
8930 1611
8935 1602
8940 1525
8945 1524
8950 1606
8955 1524
8960 1525
8965 1671
8970 1714
8975 1569
8980 1569
8985 1573
8990 1613
8995 1616
9000 1615
9005 1561
9010 1733
9015 1538
9020 1540
9025 1539
9030 1619
9035 1626
9040 1544
9045 1544
9050 1544
9055 1581
9060 1545
9065 1617
9070 1724
9075 1549
9080 1549
9085 1550
9090 1553
9095 1666
9100 1744
9105 1556
9110 1556
9115 1558
9120 1558
9125 1558
9130 1671
9135 1561
9140 1563
9145 1675
9150 1562
9155 1563
9160 1643
9165 1653
9170 1571
9175 1645
9180 1770
9185 1688
9190 1726
9195 1617
9200 1654
9205 1615
9210 1688
9215 1656
9220 1660
9225 1779
9230 1619
9235 1620
9240 1653
9245 1620
9250 1621
9255 1705
9260 1622
9265 1623
9270 1721
9275 1601
9280 1590
9285 1669
9290 1700
9295 1588
9300 1629
9305 1810
9310 1822
9315 1690
9320 1593
9325 1593
9330 1618
9335 1705
9340 1760
9345 1715
9350 1778
9355 1640
9360 1680
9365 1646
9370 1645
9375 1684
9380 1647
9385 1651
9390 1688
9395 1654
9400 1651
9405 1651
9410 1737
9415 1669
9420 1611
9425 1613
9430 1615
9435 1615
9440 1712
9445 1620
9450 1653
9455 1619
9460 1620
9465 1695
9470 1664
9475 1736
9480 1622
9485 1702
9490 1625
9495 1707
9500 1776
9505 1743
9510 1672
9515 1672
9520 1710
9525 1673
9530 1719
9535 1784
9540 1636
9545 1636
9550 1639
9555 1639
9560 1713
9565 1944
9570 2098
9575 2528
9580 1713
9585 1669
9590 1866
9595 1688
9600 1697
9605 1807
9610 1788
9615 1792
9620 1693
9625 1693
9630 1696
9635 1749
9640 1726
9645 1772
9650 1786
9655 1799
9660 1702
9665 1703
9670 1705
9675 1764
9680 1754
9685 1707
9690 1712
9695 1721
9700 1662
9705 1952
9710 1805
9715 1670
9720 1671
9725 1671
9730 1674
9735 1784
9740 1673
9745 1673
9750 1674
9755 1752
9760 1680
9765 1885
9770 1807
9775 1722
9780 1790
9785 1776
9790 1727
9795 1774
9800 1733
9805 1766
9810 1707
9815 1689
9820 1776
9825 1803
9830 1772
9835 1690
9840 1691
9845 1783
9850 1806
9855 1794
9860 1718
9865 1749
9870 1829
9875 1746
9880 1782
9885 1938
9890 2048
9895 1746
9900 1796
9905 1745
9910 1829
9915 1817
9920 1754
9925 1755
9930 1757
9935 1799
9940 1804
9945 1899
9950 1754
9955 1887
9960 1757
9965 1758
9970 1798
9975 1765
9980 1810
9985 1766
9990 1769
9995 1786
10000 1929
