5 0
10 0
15 0
20 1
25 1
30 2
35 2
40 2
45 3
50 3
55 4
60 4
65 5
70 5
75 5
80 6
85 7
90 7
95 7
100 8
105 8
110 9
115 10
120 10
125 11
130 11
135 12
140 12
145 13
150 13
155 14
160 14
165 15
170 15
175 16
180 16
185 17
190 18
195 18
200 18
205 19
210 20
215 20
220 21
225 22
230 22
235 23
240 23
245 24
250 25
255 26
260 27
265 27
270 28
275 28
280 29
285 29
290 30
295 31
300 31
305 32
310 32
315 33
320 34
325 34
330 35
335 36
340 36
345 37
350 38
355 38
360 39
365 39
370 40
375 41
380 41
385 42
390 43
395 43
400 44
405 45
410 46
415 46
420 47
425 47
430 48
435 49
440 50
445 50
450 51
455 52
460 52
465 53
470 54
475 54
480 55
485 56
490 56
495 57
500 58
505 59
510 59
515 60
520 81
525 61
530 62
535 63
540 63
545 64
550 65
555 66
560 66
565 67
570 68
575 68
580 69
585 69
590 71
595 70
600 72
605 72
610 73
615 74
620 74
625 75
630 76
635 77
640 78
645 79
650 79
655 80
660 81
665 82
670 83
675 83
680 84
685 84
690 85
695 86
700 87
705 87
710 87
715 88
720 90
725 90
730 125
735 91
740 92
745 134
750 112
755 97
760 96
765 97
770 98
775 98
780 98
785 99
790 100
795 100
800 102
805 102
810 199
815 146
820 105
825 106
830 106
835 107
840 108
845 108
850 109
855 110
860 110
865 111
870 112
875 113
880 133
885 150
890 122
895 137
900 120
905 121
910 121
915 122
920 123
925 123
930 124
935 124
940 125
945 126
950 126
955 127
960 129
965 129
970 129
975 130
980 131
985 131
990 132
995 134
1000 134
1005 135
1010 135
1015 136
1020 138
1025 138
1030 139
1035 140
1040 140
1045 142
1050 143
1055 144
1060 181
1065 145
1070 146
1075 147
1080 148
1085 149
1090 149
1095 149
1100 151
1105 151
1110 154
1115 154
1120 154
1125 189
1130 175
1135 158
1140 159
1145 158
1150 159
1155 161
1160 161
1165 161
1170 162
1175 163
1180 186
1185 189
1190 167
1195 168
1200 205
1205 168
1210 170
1215 190
1220 170
1225 172
1230 172
1235 174
1240 174
1245 174
1250 176
1255 175
1260 177
1265 178
1270 179
1275 180
1280 180
1285 182
1290 182
1295 332
1300 223
1305 184
1310 207
1315 200
1320 289
1325 187
1330 188
1335 189
1340 189
1345 191
1350 192
1355 192
1360 192
1365 193
1370 193
1375 196
1380 196
1385 196
1390 198
1395 232
1400 199
1405 201
1410 237
1415 219
1420 202
1425 264
1430 258
1435 205
1440 206
1445 207
1450 208
1455 208
1460 210
1465 211
1470 212
1475 212
1480 214
1485 214
1490 236
1495 267
1500 217
1505 217
1510 217
1515 219
1520 219
1525 219
1530 221
1535 221
1540 225
1545 223
1550 224
1555 226
1560 225
1565 227
1570 227
1575 282
1580 284
1585 310
1590 278
1595 267
1600 289
1605 255
1610 253
1615 266
1620 236
1625 238
1630 238
1635 238
1640 265
1645 250
1650 248
1655 251
1660 250
1665 252
1670 252
1675 253
1680 257
1685 256
1690 257
1695 257
1700 256
1705 256
1710 257
1715 258
1720 262
1725 261
1730 262
1735 260
1740 262
1745 264
1750 267
1755 265
1760 270
1765 277
1770 282
1775 275
1780 273
1785 275
1790 276
1795 274
1800 281
1805 277
1810 277
1815 278
1820 280
1825 284
1830 283
1835 286
1840 281
1845 280
1850 281
1855 282
1860 284
1865 285
1870 285
1875 289
1880 287
1885 287
1890 291
1895 291
1900 293
1905 291
1910 291
1915 294
1920 294
1925 295
1930 294
1935 299
1940 303
1945 299
1950 298
1955 301
1960 301
1965 301
1970 363
1975 305
1980 305
1985 307
1990 308
1995 309
2000 309
2005 312
2010 312
2015 312
2020 312
2025 312
2030 315
2035 315
2040 314
2045 316
2050 316
2055 317
2060 318
2065 318
2070 319
2075 320
2080 321
2085 322
2090 324
2095 354
2100 326
2105 333
2110 349
2115 352
2120 336
2125 333
2130 335
2135 333
2140 334
2145 433
2150 335
2155 368
2160 339
2165 337
2170 344
2175 345
2180 348
2185 349
2190 345
2195 351
2200 356
2205 350
2210 352
2215 358
2220 375
2225 347
2230 348
2235 348
2240 350
2245 350
2250 354
2255 352
2260 352
2265 354
2270 377
2275 374
2280 356
2285 358
2290 359
2295 359
2300 362
2305 361
2310 362
2315 363
2320 363
2325 365
2330 366
2335 366
2340 366
2345 368
2350 398
2355 370
2360 371
2365 371
2370 373
2375 374
2380 374
2385 375
2390 377
2395 376
2400 380
2405 380
2410 380
2415 380
2420 383
2425 421
2430 386
2435 384
2440 384
2445 387
2450 386
2455 386
2460 388
2465 389
2470 391
2475 392
2480 392
2485 392
2490 395
2495 394
2500 395
2505 398
2510 397
2515 387
2520 389
2525 389
2530 422
2535 429
2540 392
2545 396
2550 394
2555 395
2560 396
2565 396
2570 397
2575 398
2580 401
2585 454
2590 401
2595 401
2600 402
2605 403
2610 406
2615 407
2620 407
2625 408
2630 410
2635 409
2640 460
2645 410
2650 410
2655 431
2660 439
2665 415
2670 415
2675 536
2680 416
2685 418
2690 418
2695 421
2700 421
2705 423
2710 421
2715 474
2720 424
2725 424
2730 425
2735 425
2740 496
2745 427
2750 429
2755 430
2760 431
2765 431
2770 434
2775 477
2780 433
2785 436
2790 436
2795 437
2800 439
2805 438
2810 438
2815 440
2820 440
2825 443
2830 445
2835 442
2840 445
2845 445
2850 456
2855 436
2860 438
2865 439
2870 439
2875 440
2880 442
2885 442
2890 524
2895 443
2900 445
2905 583
2910 573
2915 447
2920 483
2925 450
2930 452
2935 530
2940 486
2945 450
2950 453
2955 477
2960 464
2965 466
2970 466
2975 469
2980 470
2985 471
2990 471
2995 525
3000 473
3005 477
3010 476
3015 477
3020 476
3025 477
3030 479
3035 480
3040 480
3045 482
3050 494
3055 471
3060 470
3065 470
3070 510
3075 472
3080 474
3085 476
3090 551
3095 477
3100 518
3105 497
3110 480
3115 567
3120 519
3125 481
3130 481
3135 482
3140 484
3145 485
3150 485
3155 487
3160 487
3165 488
3170 489
3175 491
3180 492
3185 492
3190 493
3195 492
3200 493
3205 564
3210 496
3215 600
3220 498
3225 497
3230 499
3235 501
3240 501
3245 502
3250 505
3255 503
3260 506
3265 577
3270 521
3275 521
3280 520
3285 535
3290 511
3295 511
3300 511
3305 712
3310 513
3315 622
3320 515
3325 517
3330 515
3335 659
3340 605
3345 531
3350 533
3355 741
3360 654
3365 615
3370 611
3375 670
3380 542
3385 644
3390 541
3395 542
3400 545
3405 546
3410 544
3415 605
3420 546
3425 582
3430 549
3435 551
3440 550
3445 621
3450 581
3455 706
3460 553
3465 593
3470 572
3475 579
3480 622
3485 596
3490 587
3495 575
3500 577
3505 577
3510 577
3515 577
3520 579
3525 580
3530 582
3535 596
3540 582
3545 582
3550 583
3555 587
3560 616
3565 588
3570 595
3575 574
3580 574
3585 576
3590 580
3595 670
3600 576
3605 579
3610 581
3615 583
3620 582
3625 584
3630 583
3635 584
3640 586
3645 662
3650 649
3655 712
3660 573
3665 611
3670 615
3675 578
3680 613
3685 578
3690 580
3695 580
3700 580
3705 581
3710 582
3715 585
3720 656
3725 603
3730 647
3735 602
3740 601
3745 606
3750 605
3755 607
3760 606
3765 607
3770 608
3775 610
3780 648
3785 610
3790 610
3795 613
3800 613
3805 614
3810 658
3815 600
3820 661
3825 858
3830 602
3835 605
3840 606
3845 679
3850 606
3855 606
3860 607
3865 629
3870 647
3875 611
3880 612
3885 642
3890 674
3895 629
3900 686
3905 633
3910 674
3915 634
3920 633
3925 635
3930 636
3935 638
3940 641
3945 639
3950 639
3955 640
3960 640
3965 626
3970 702
3975 630
3980 675
3985 666
3990 631
3995 635
4000 665
4005 652
4010 655
4015 635
4020 670
4025 683
4030 672
4035 674
4040 716
4045 845
4050 642
4055 641
4060 643
4065 644
4070 645
4075 646
4080 646
4085 648
4090 687
4095 649
4100 651
4105 652
4110 652
4115 653
4120 899
4125 850
4130 831
4135 701
4140 694
4145 694
4150 694
4155 696
4160 698
4165 695
4170 696
4175 699
4180 702
4185 703
4190 704
4195 704
4200 703
4205 705
4210 705
4215 705
4220 708
4225 709
4230 709
4235 711
4240 694
4245 695
4250 695
4255 695
4260 697
4265 695
4270 715
4275 716
4280 726
4285 759
4290 701
4295 702
4300 702
4305 774
4310 686
4315 690
4320 690
4325 691
4330 689
4335 691
4340 767
4345 695
4350 694
4355 697
4360 695
4365 696
4370 698
4375 814
4380 699
4385 701
4390 701
4395 901
4400 800
4405 865
4410 744
4415 744
4420 782
4425 805
4430 850
4435 1033
4440 889
4445 786
4450 751
4455 752
4460 754
4465 733
4470 735
4475 808
4480 735
4485 735
4490 737
4495 760
4500 760
4505 761
4510 766
4515 764
4520 766
4525 782
4530 765
4535 766
4540 770
4545 768
4550 782
4555 768
4560 767
4565 750
4570 750
4575 754
4580 757
4585 756
4590 757
4595 794
4600 756
4605 777
4610 759
4615 762
4620 773
4625 742
4630 744
4635 743
4640 746
4645 747
4650 747
4655 748
4660 749
4665 773
4670 749
4675 826
4680 753
4685 909
4690 757
4695 757
4700 821
4705 759
4710 759
4715 759
4720 760
4725 761
4730 760
4735 764
4740 853
4745 768
4750 768
4755 766
4760 767
4765 768
4770 768
4775 771
4780 772
4785 772
4790 866
4795 794
4800 795
4805 846
4810 775
4815 940
4820 776
4825 777
4830 781
4835 781
4840 780
4845 782
4850 937
4855 857
4860 786
4865 804
4870 845
4875 812
4880 810
4885 812
4890 813
4895 813
4900 843
4905 811
4910 814
4915 816
4920 817
4925 822
4930 902
4935 797
4940 883
4945 799
4950 800
4955 802
4960 801
4965 802
4970 804
4975 807
4980 808
4985 883
4990 808
4995 882
5000 808
5005 916
5010 832
5015 915
5020 910
5025 811
5030 816
5035 816
5040 840
5045 839
5050 840
5055 880
5060 860
5065 868
5070 844
5075 844
5080 846
5085 845
5090 846
5095 858
5100 828
5105 829
5110 829
5115 919
5120 852
5125 891
5130 831
5135 834
5140 835
5145 836
5150 835
5155 839
5160 839
5165 875
5170 841
5175 959
5180 862
5185 989
5190 845
5195 846
5200 846
5205 846
5210 847
5215 867
5220 866
5225 851
5230 851
5235 930
5240 855
5245 900
5250 855
5255 857
5260 857
5265 854
5270 858
5275 951
5280 879
5285 882
5290 999
5295 934
5300 961
5305 865
5310 866
5315 868
5320 903
5325 891
5330 897
5335 892
5340 930
5345 968
5350 933
5355 896
5360 919
5365 933
5370 898
5375 978
5380 901
5385 900
5390 902
5395 904
5400 970
5405 979
5410 950
5415 907
5420 904
5425 886
5430 886
5435 888
5440 889
5445 889
5450 888
5455 964
5460 955
5465 925
5470 892
5475 971
5480 897
5485 898
5490 898
5495 899
5500 898
5505 899
5510 1010
5515 1001
5520 903
5525 1054
5530 904
5535 908
5540 906
5545 1000
5550 909
5555 909
5560 910
5565 987
5570 991
5575 917
5580 914
5585 912
5590 917
5595 917
5600 916
5605 919
5610 921
5615 1070
5620 919
5625 997
5630 960
5635 967
5640 924
5645 926
5650 927
5655 928
5660 930
5665 1005
5670 926
5675 930
5680 1041
5685 933
5690 932
5695 933
5700 936
5705 974
5710 938
5715 937
5720 938
5725 1012
5730 959
5735 1037
5740 1025
5745 945
5750 940
5755 944
5760 945
5765 945
5770 983
5775 947
5780 948
5785 1027
5790 950
5795 952
5800 1103
5805 972
5810 1299
5815 1345
5820 1324
5825 1222
5830 1009
5835 1009
5840 1021
5845 987
5850 987
5855 986
5860 994
5865 987
5870 1040
5875 993
5880 994
5885 1042
5890 993
5895 991
5900 1054
5905 996
5910 1034
5915 1000
5920 998
5925 976
5930 1014
5935 1054
5940 1095
5945 978
5950 979
5955 979
5960 982
5965 983
5970 983
5975 983
5980 985
5985 1076
5990 1025
5995 987
6000 987
6005 987
6010 989
6015 1067
6020 992
6025 994
6030 993
6035 1070
6040 995
6045 1136
6050 998
6055 1001
6060 1095
6065 1027
6070 1027
6075 1027
6080 1029
6085 1032
6090 1037
6095 1031
6100 1034
6105 1070
6110 1029
6115 1010
6120 1009
6125 1009
6130 1010
6135 1051
6140 1180
6145 1029
6150 1017
6155 1015
6160 1015
6165 1017
6170 1017
6175 1019
6180 1054
6185 1108
6190 1026
6195 1023
6200 1022
6205 1025
6210 1026
6215 1026
6220 1029
6225 1026
6230 1028
6235 1234
6240 1111
6245 1092
6250 1061
6255 1062
6260 1063
6265 1064
6270 1065
6275 1064
6280 1102
6285 1068
6290 1082
6295 1143
6300 1156
6305 1216
6310 1421
6315 1310
6320 1182
6325 1154
6330 1160
6335 1166
6340 1080
6345 1138
6350 1137
6355 1151
6360 1203
6365 1136
6370 1163
6375 1123
6380 1113
6385 1113
6390 1117
6395 1116
6400 1122
6405 1117
6410 1128
6415 1122
6420 1188
6425 1133
6430 1127
6435 1129
6440 1157
6445 1127
6450 1129
6455 1130
6460 1144
6465 1130
6470 1133
6475 1137
6480 1133
6485 1135
6490 1132
6495 1133
6500 1137
6505 1111
6510 1231
6515 1156
6520 1111
6525 1111
6530 1152
6535 1115
6540 1114
6545 1115
6550 1154
6555 1117
6560 1120
6565 1119
6570 1118
6575 1158
6580 1121
6585 1124
6590 1125
6595 1236
6600 1211
6605 1128
6610 1126
6615 1132
6620 1130
6625 1130
6630 1102
6635 1224
6640 1221
6645 1107
6650 1106
6655 1104
6660 1138
6665 1150
6670 1145
6675 1162
6680 1108
6685 1232
6690 1264
6695 1150
6700 1118
6705 1116
6710 1141
6715 1149
6720 1144
6725 1187
6730 1194
6735 1149
6740 1150
6745 1151
6750 1151
6755 1180
6760 1124
6765 1123
6770 1123
6775 1202
6780 1286
6785 1128
6790 1130
6795 1129
6800 1130
6805 1333
6810 1133
6815 1155
6820 1233
6825 1134
6830 1139
6835 1165
6840 1167
6845 1168
6850 1172
6855 1170
6860 1212
6865 1174
6870 1257
6875 1216
6880 1146
6885 1146
6890 1148
6895 1147
6900 1147
6905 1355
6910 1527
6915 1601
6920 1606
6925 1185
6930 1187
6935 1186
6940 1231
6945 1228
6950 1339
6955 1221
6960 1225
6965 1225
6970 1225
6975 1241
6980 1244
6985 1229
6990 1232
6995 1197
7000 1198
7005 1200
7010 1202
7015 1203
7020 1239
7025 1206
7030 1212
7035 1329
7040 1176
7045 1177
7050 1177
7055 1218
7060 1179
7065 1181
7070 1261
7075 1184
7080 1182
7085 1182
7090 1184
7095 1186
7100 1185
7105 1188
7110 1209
7115 1226
7120 1329
7125 1365
7130 1192
7135 1193
7140 1193
7145 1193
7150 1233
7155 1313
7160 1198
7165 1196
7170 1198
7175 1277
7180 1198
7185 1203
7190 1203
7195 1291
7200 1250
7205 1242
7210 1251
7215 1243
7220 1209
7225 1209
7230 1212
7235 1211
7240 1356
7245 1213
7250 1214
7255 1214
7260 1215
7265 1237
7270 1254
7275 1220
7280 1294
7285 1351
7290 1221
7295 1221
7300 1220
7305 1221
7310 1224
7315 1285
7320 1299
7325 1230
7330 1231
7335 1322
7340 1229
7345 1231
7350 1232
7355 1231
7360 1416
7365 1408
7370 1234
7375 1361
7380 1253
7385 1270
7390 1269
7395 1270
7400 1313
7405 1275
7410 1277
7415 1277
7420 1275
7425 1243
7430 1244
7435 1319
7440 1311
7445 1375
7450 1264
7455 1322
7460 1254
7465 1252
7470 1253
7475 1250
7480 1376
7485 1256
7490 1256
7495 1256
7500 1331
7505 1258
7510 1259
7515 1259
7520 1303
7525 1403
7530 1261
7535 1263
7540 1302
7545 1268
7550 1265
7555 1268
7560 1426
7565 1270
7570 1272
7575 1273
7580 1272
7585 1274
7590 1350
7595 1274
7600 1351
7605 1360
7610 1278
7615 1279
7620 1281
7625 1283
7630 1315
7635 1283
7640 1516
7645 1285
7650 1342
7655 1285
7660 1286
7665 1288
7670 1291
7675 1291
7680 1407
7685 1399
7690 1293
7695 1293
7700 1294
7705 1369
7710 1296
7715 1341
7720 1372
7725 1301
7730 1298
7735 1303
7740 1300
7745 1365
7750 1304
7755 1382
7760 1381
7765 1337
7770 1308
7775 1306
7780 1307
7785 1306
7790 1348
7795 1387
7800 1315
7805 1311
7810 1317
7815 1317
7820 1317
7825 1319
7830 1317
7835 1469
7840 1408
7845 1320
7850 1323
7855 1798
7860 1787
7865 1566
7870 1402
7875 1398
7880 1400
7885 1408
7890 1380
7895 1401
7900 1437
7905 1408
7910 1423
7915 1407
7920 1423
7925 1412
7930 1376
7935 1375
7940 1419
7945 1413
7950 1376
7955 1376
7960 1379
7965 1379
7970 1380
7975 1380
7980 1421
7985 1476
7990 1382
7995 1454
8000 1350
8005 1352
8010 1354
8015 1463
8020 1494
8025 1353
8030 1355
8035 1356
8040 1354
8045 1356
8050 1379
8055 1381
8060 1443
8065 1362
8070 1389
8075 1488
8080 1441
8085 1368
8090 1519
8095 1440
8100 1408
8105 1407
8110 1409
8115 1406
8120 1406
8125 1444
8130 1531
8135 1425
8140 1375
8145 1377
8150 1378
8155 1456
8160 1532
8165 1577
8170 1416
8175 1422
8180 1416
8185 1421
8190 1458
8195 1563
8200 1599
8205 1386
8210 1389
8215 1388
8220 1551
8225 1536
8230 2365
8235 1789
8240 1465
8245 1430
8250 1653
8255 1432
8260 1559
8265 1513
8270 1437
8275 1439
8280 1477
8285 1439
8290 1439
8295 1511
8300 1440
8305 1440
8310 1574
8315 1441
8320 1445
8325 1499
8330 1527
8335 1547
8340 1449
8345 1447
8350 1448
8355 1458
8360 1576
8365 1498
8370 1489
8375 1455
8380 1460
8385 1455
8390 1456
8395 1498
8400 1506
8405 1670
8410 1779
8415 1504
8420 1454
8425 1464
8430 1466
8435 1579
8440 1467
8445 1470
8450 1473
8455 1470
8460 1520
8465 1470
8470 1515
8475 1560
8480 1477
8485 1496
8490 1439
8495 1509
8500 1520
8505 1441
8510 1444
8515 1673
8520 1445
8525 1446
8530 1449
8535 1523
8540 2113
8545 1528
8550 1529
8555 1528
8560 1533
8565 1534
8570 1538
8575 1535
8580 1528
8585 1576
8590 1496
8595 1530
8600 1534
8605 1590
8610 1508
8615 1463
8620 1464
8625 1462
8630 1467
8635 1589
8640 1469
8645 1544
8650 1474
8655 1470
8660 1470
8665 1512
8670 1606
8675 1770
8680 2021
8685 2110
8690 1516
8695 1521
8700 1592
8705 1519
8710 1521
8715 1520
8720 1522
8725 1703
8730 1559
8735 1672
8740 1525
8745 1527
8750 1529
8755 1527
8760 1532
8765 1603
8770 1492
8775 1571
8780 1490
8785 1493
8790 1500
8795 1575
8800 1578
8805 1629
8810 1499
8815 1500
8820 1500
8825 1624
8830 1664
8835 1629
8840 1544
8845 1546
8850 1547
8855 1599
8860 1550
8865 1635
8870 1682
8875 1553
8880 1589
8885 1592
8890 1557
8895 1605
8900 1610
8905 1562
8910 1559
8915 1558
8920 1540
8925 1562
8930 1622
8935 1722
8940 1524
8945 1524
8950 1601
8955 1529
8960 1611
8965 1608
8970 1530
8975 1608
8980 1531
8985 1570
8990 1535
8995 1711
9000 1679
9005 1538
9010 1532
9015 1537
9020 1628
9025 1731
9030 1619
9035 1542
9040 1702
9045 1591
9050 1584
9055 1588
9060 1591
9065 1678
9070 1618
9075 1548
9080 1624
9085 1548
9090 1651
9095 1555
9100 1555
9105 1654
9110 1554
9115 1617
9120 1559
9125 1635
9130 1728
9135 1599
9140 1601
9145 1604
9150 1689
9155 1642
9160 1600
9165 1647
9170 1568
9175 1567
9180 1648
9185 1644
9190 1669
9195 1571
9200 1573
9205 1656
9210 1575
9215 1575
9220 1741
9225 1577
9230 1576
9235 1576
9240 1667
9245 1578
9250 1733
9255 1667
9260 1584
9265 1739
9270 1586
9275 1588
9280 1633
9285 1629
9290 1631
9295 1629
9300 1635
9305 1635
9310 1619
9315 1704
9320 1714
9325 1597
9330 1597
9335 1600
9340 1617
9345 1752
9350 1598
9355 1636
9360 1602
9365 1605
9370 1604
9375 1719
9380 1752
9385 1604
9390 1609
9395 1607
9400 1608
9405 1686
9410 1703
9415 1615
9420 1767
9425 1935
9430 2182
9435 1848
9440 1789
9445 1663
9450 1683
9455 1706
9460 1708
9465 1714
9470 1729
9475 1716
9480 1705
9485 1726
9490 1670
9495 1791
9500 1766
9505 1672
9510 1673
9515 1673
9520 1675
9525 1725
9530 1721
9535 1720
9540 1640
9545 1639
9550 1637
9555 1760
9560 1773
9565 1642
9570 1643
9575 1641
9580 1721
9585 1643
9590 1707
9595 1719
9600 1646
9605 1647
9610 1646
9615 1733
9620 1758
9625 1733
9630 1654
9635 1715
9640 1729
9645 1657
9650 1860
9655 1658
9660 1661
9665 1719
9670 1659
9675 1729
9680 1797
9685 1709
9690 1664
9695 1662
9700 1668
9705 1667
9710 1783
9715 1672
9720 1804
9725 1689
9730 1845
9735 2457
9740 2314
9745 1751
9750 1867
9755 1724
9760 1796
9765 1770
9770 1777
9775 1772
9780 1774
9785 1791
9790 1772
9795 1935
9800 1824
9805 1730
9810 1775
9815 1734
9820 1818
9825 1735
9830 1735
9835 1740
9840 1741
9845 1740
9850 1902
9855 1824
9860 1742
9865 1744
9870 1696
9875 1784
9880 1854
9885 1698
9890 1779
9895 1703
9900 1699
9905 1771
9910 1812
9915 1825
9920 1708
9925 1711
9930 1785
9935 1791
9940 1776
9945 1877
9950 1763
9955 1757
9960 1761
9965 1840
9970 1861
9975 1761
9980 1818
9985 1826
9990 1718
9995 1798
10000 1795
