5 0
10 0
15 0
20 1
25 1
30 1
35 2
40 2
45 3
50 3
55 3
60 4
65 4
70 5
75 5
80 6
85 6
90 7
95 7
100 8
105 8
110 9
115 9
120 10
125 10
130 11
135 11
140 12
145 13
150 13
155 14
160 14
165 15
170 16
175 16
180 17
185 17
190 18
195 18
200 19
205 19
210 20
215 20
220 21
225 22
230 22
235 23
240 24
245 24
250 25
255 26
260 26
265 27
270 28
275 28
280 29
285 30
290 30
295 31
300 31
305 31
310 32
315 33
320 34
325 34
330 35
335 35
340 36
345 37
350 37
355 38
360 39
365 39
370 40
375 41
380 41
385 42
390 43
395 44
400 45
405 65
410 80
415 46
420 47
425 47
430 48
435 49
440 49
445 50
450 51
455 52
460 52
465 53
470 54
475 55
480 55
485 56
490 57
495 57
500 59
505 59
510 60
515 62
520 100
525 64
530 64
535 65
540 66
545 66
550 67
555 68
560 69
565 69
570 70
575 71
580 71
585 72
590 73
595 73
600 74
605 75
610 75
615 76
620 77
625 78
630 78
635 79
640 79
645 80
650 81
655 82
660 83
665 84
670 84
675 85
680 86
685 86
690 87
695 88
700 89
705 90
710 91
715 92
720 92
725 92
730 93
735 94
740 95
745 96
750 154
755 98
760 98
765 99
770 99
775 100
780 101
785 102
790 103
795 104
800 104
805 105
810 106
815 106
820 107
825 107
830 109
835 110
840 110
845 111
850 111
855 112
860 113
865 114
870 115
875 115
880 117
885 178
890 140
895 119
900 120
905 120
910 120
915 122
920 122
925 123
930 124
935 124
940 126
945 126
950 127
955 127
960 128
965 128
970 131
975 131
980 131
985 132
990 132
995 133
1000 182
1005 137
1010 138
1015 138
1020 138
1025 139
1030 139
1035 140
1040 141
1045 163
1050 172
1055 162
1060 145
1065 146
1070 147
1075 147
1080 148
1085 149
1090 149
1095 150
1100 150
1105 151
1110 155
1115 153
1120 154
1125 154
1130 156
1135 156
1140 157
1145 158
1150 158
1155 159
1160 161
1165 160
1170 162
1175 163
1180 163
1185 164
1190 165
1195 166
1200 167
1205 168
1210 168
1215 168
1220 170
1225 170
1230 170
1235 173
1240 172
1245 174
1250 174
1255 175
1260 212
1265 177
1270 178
1275 179
1280 179
1285 182
1290 182
1295 183
1300 184
1305 222
1310 222
1315 296
1320 187
1325 187
1330 241
1335 228
1340 239
1345 185
1350 187
1355 188
1360 189
1365 192
1370 191
1375 192
1380 192
1385 193
1390 193
1395 195
1400 196
1405 196
1410 197
1415 198
1420 199
1425 299
1430 253
1435 202
1440 203
1445 202
1450 203
1455 204
1460 280
1465 206
1470 207
1475 207
1480 228
1485 243
1490 228
1495 215
1500 216
1505 256
1510 255
1515 219
1520 220
1525 221
1530 222
1535 296
1540 223
1545 225
1550 225
1555 226
1560 227
1565 293
1570 286
1575 230
1580 268
1585 289
1590 273
1595 316
1600 276
1605 256
1610 251
1615 256
1620 281
1625 246
1630 247
1635 248
1640 248
1645 249
1650 252
1655 255
1660 253
1665 256
1670 253
1675 255
1680 256
1685 256
1690 253
1695 255
1700 256
1705 259
1710 259
1715 260
1720 261
1725 280
1730 263
1735 264
1740 266
1745 264
1750 264
1755 271
1760 279
1765 273
1770 270
1775 272
1780 273
1785 272
1790 273
1795 275
1800 274
1805 274
1810 278
1815 279
1820 437
1825 645
1830 590
1835 620
1840 612
1845 614
1850 615
1855 617
1860 564
1865 619
1870 313
1875 319
1880 287
1885 323
1890 291
1895 292
1900 402
1905 572
1910 560
1915 548
1920 547
1925 546
1930 551
1935 391
1940 318
1945 319
1950 318
1955 447
1960 433
1965 431
1970 433
1975 433
1980 437
1985 347
1990 324
1995 328
2000 326
2005 363
2010 336
2015 329
2020 332
2025 332
2030 332
2035 333
2040 341
2045 380
2050 335
2055 337
2060 340
2065 338
2070 382
2075 385
2080 383
2085 384
2090 385
2095 385
2100 390
2105 389
2110 390
2115 393
2120 391
2125 393
2130 395
2135 437
2140 399
2145 398
2150 399
2155 399
2160 401
2165 402
2170 432
2175 404
2180 406
2185 389
2190 360
2195 362
2200 361
2205 361
2210 363
2215 364
2220 366
2225 369
2230 369
2235 371
2240 371
2245 375
2250 374
2255 373
2260 373
2265 376
2270 376
2275 377
2280 378
2285 378
2290 380
2295 380
2300 381
2305 383
2310 384
2315 385
2320 387
2325 386
2330 388
2335 386
2340 388
2345 390
2350 391
2355 392
2360 391
2365 426
2370 363
2375 384
2380 401
2385 365
2390 366
2395 433
2400 386
2405 371
2410 371
2415 370
2420 371
2425 371
2430 373
2435 375
2440 375
2445 376
2450 378
2455 378
2460 379
2465 380
2470 380
2475 386
2480 410
2485 383
2490 383
2495 385
2500 386
2505 388
2510 427
2515 391
2520 389
2525 391
2530 390
2535 391
2540 391
2545 392
2550 393
2555 395
2560 396
2565 471
2570 398
2575 400
2580 400
2585 401
2590 403
2595 403
2600 404
2605 403
2610 405
2615 406
2620 409
2625 407
2630 408
2635 445
2640 408
2645 411
2650 431
2655 435
2660 447
2665 575
2670 455
2675 531
2680 454
2685 435
2690 499
2695 421
2700 456
2705 440
2710 441
2715 422
2720 424
2725 424
2730 468
2735 425
2740 499
2745 471
2750 527
2755 432
2760 480
2765 498
2770 446
2775 455
2780 435
2785 436
2790 437
2795 437
2800 439
2805 439
2810 439
2815 443
2820 442
2825 480
2830 445
2835 445
2840 446
2845 445
2850 447
2855 448
2860 524
2865 448
2870 452
2875 548
2880 532
2885 454
2890 457
2895 455
2900 456
2905 456
2910 460
2915 458
2920 509
2925 460
2930 461
2935 499
2940 463
2945 465
2950 465
2955 466
2960 466
2965 505
2970 469
2975 472
2980 472
2985 469
2990 471
2995 472
3000 474
3005 476
3010 504
3015 508
3020 477
3025 513
3030 479
3035 479
3040 480
3045 481
3050 485
3055 484
3060 484
3065 522
3070 566
3075 570
3080 477
3085 605
3090 479
3095 476
3100 479
3105 671
3110 481
3115 481
3120 481
3125 556
3130 483
3135 484
3140 483
3145 486
3150 487
3155 488
3160 489
3165 515
3170 586
3175 504
3180 505
3185 505
3190 505
3195 509
3200 508
3205 510
3210 570
3215 509
3220 513
3225 512
3230 546
3235 621
3240 514
3245 517
3250 660
3255 631
3260 623
3265 711
3270 631
3275 640
3280 523
3285 522
3290 523
3295 550
3300 526
3305 528
3310 529
3315 528
3320 529
3325 528
3330 530
3335 530
3340 532
3345 534
3350 637
3355 536
3360 609
3365 698
3370 586
3375 542
3380 539
3385 541
3390 572
3395 542
3400 632
3405 543
3410 545
3415 545
3420 545
3425 548
3430 548
3435 550
3440 584
3445 596
3450 552
3455 617
3460 552
3465 556
3470 556
3475 557
3480 585
3485 556
3490 558
3495 561
3500 561
3505 597
3510 563
3515 663
3520 565
3525 565
3530 658
3535 569
3540 570
3545 570
3550 568
3555 570
3560 573
3565 580
3570 610
3575 573
3580 578
3585 576
3590 577
3595 578
3600 578
3605 579
3610 579
3615 631
3620 622
3625 583
3630 714
3635 584
3640 587
3645 585
3650 587
3655 589
3660 591
3665 593
3670 577
3675 693
3680 611
3685 579
3690 579
3695 580
3700 602
3705 651
3710 618
3715 616
3720 616
3725 626
3730 604
3735 601
3740 606
3745 608
3750 745
3755 647
3760 590
3765 703
3770 593
3775 595
3780 596
3785 681
3790 595
3795 745
3800 597
3805 599
3810 600
3815 601
3820 629
3825 617
3830 619
3835 619
3840 620
3845 621
3850 623
3855 665
3860 625
3865 663
3870 629
3875 626
3880 628
3885 626
3890 630
3895 629
3900 630
3905 633
3910 633
3915 634
3920 635
3925 638
3930 639
3935 639
3940 680
3945 682
3950 640
3955 680
3960 834
3965 906
3970 679
3975 664
3980 664
3985 667
3990 665
3995 667
4000 669
4005 668
4010 670
4015 671
4020 672
4025 675
4030 672
4035 675
4040 676
4045 676
4050 678
4055 679
4060 678
4065 679
4070 678
4075 681
4080 684
4085 683
4090 684
4095 687
4100 687
4105 715
4110 669
4115 671
4120 711
4125 673
4130 710
4135 716
4140 674
4145 676
4150 677
4155 676
4160 678
4165 680
4170 739
4175 679
4180 683
4185 684
4190 683
4195 686
4200 687
4205 686
4210 725
4215 687
4220 688
4225 691
4230 691
4235 735
4240 711
4245 715
4250 694
4255 818
4260 678
4265 679
4270 680
4275 680
4280 683
4285 685
4290 684
4295 920
4300 956
4305 952
4310 891
4315 809
4320 725
4325 729
4330 730
4335 731
4340 732
4345 731
4350 765
4355 730
4360 716
4365 714
4370 716
4375 746
4380 763
4385 738
4390 758
4395 739
4400 739
4405 744
4410 745
4415 745
4420 746
4425 746
4430 746
4435 748
4440 744
4445 730
4450 829
4455 864
4460 734
4465 734
4470 732
4475 735
4480 793
4485 736
4490 737
4495 739
4500 740
4505 743
4510 744
4515 781
4520 744
4525 833
4530 745
4535 820
4540 747
4545 749
4550 749
4555 748
4560 749
4565 751
4570 751
4575 753
4580 753
4585 800
4590 759
4595 756
4600 795
4605 807
4610 760
4615 760
4620 763
4625 764
4630 744
4635 746
4640 746
4645 747
4650 864
4655 749
4660 854
4665 752
4670 792
4675 750
4680 800
4685 837
4690 777
4695 779
4700 778
4705 776
4710 779
4715 818
4720 828
4725 781
4730 782
4735 783
4740 785
4745 784
4750 790
4755 767
4760 768
4765 767
4770 807
4775 769
4780 853
4785 771
4790 918
4795 926
4800 776
4805 776
4810 801
4815 798
4820 796
4825 799
4830 800
4835 838
4840 860
4845 843
4850 805
4855 805
4860 809
4865 807
4870 807
4875 808
4880 807
4885 809
4890 809
4895 812
4900 813
4905 857
4910 852
4915 896
4920 816
4925 830
4930 797
4935 798
4940 797
4945 800
4950 839
4955 888
4960 801
4965 865
4970 805
4975 893
4980 807
4985 881
4990 807
4995 807
5000 808
5005 808
5010 881
5015 870
5020 833
5025 813
5030 896
5035 904
5040 853
5045 818
5050 892
5055 819
5060 820
5065 821
5070 823
5075 821
5080 822
5085 822
5090 906
5095 828
5100 826
5105 907
5110 829
5115 826
5120 832
5125 832
5130 833
5135 909
5140 856
5145 947
5150 915
5155 887
5160 919
5165 862
5170 860
5175 863
5180 862
5185 865
5190 903
5195 868
5200 869
5205 869
5210 896
5215 848
5220 846
5225 848
5230 849
5235 851
5240 851
5245 853
5250 893
5255 855
5260 855
5265 947
5270 881
5275 990
5280 857
5285 859
5290 861
5295 860
5300 967
5305 864
5310 864
5315 863
5320 868
5325 946
5330 922
5335 870
5340 869
5345 870
5350 945
5355 872
5360 874
5365 874
5370 939
5375 877
5380 915
5385 981
5390 983
5395 903
5400 935
5405 883
5410 883
5415 883
5420 961
5425 947
5430 993
5435 952
5440 912
5445 912
5450 914
5455 952
5460 915
5465 915
5470 917
5475 917
5480 910
5485 897
5490 897
5495 953
5500 1075
5505 901
5510 902
5515 903
5520 901
5525 926
5530 904
5535 903
5540 1018
5545 925
5550 943
5555 907
5560 910
5565 910
5570 910
5575 951
5580 914
5585 914
5590 916
5595 916
5600 917
5605 1055
5610 1069
5615 919
5620 922
5625 921
5630 921
5635 924
5640 923
5645 925
5650 926
5655 947
5660 986
5665 928
5670 1003
5675 930
5680 933
5685 933
5690 935
5695 935
5700 934
5705 938
5710 1062
5715 954
5720 1060
5725 1429
5730 1032
5735 1297
5740 1180
5745 1111
5750 996
5755 995
5760 1000
5765 998
5770 1008
5775 1039
5780 1001
5785 1004
5790 1004
5795 1004
5800 1006
5805 1019
5810 1013
5815 1017
5820 1008
5825 1004
5830 984
5835 981
5840 986
5845 986
5850 987
5855 1021
5860 1118
5865 991
5870 992
5875 991
5880 992
5885 1011
5890 993
5895 1031
5900 1036
5905 996
5910 1044
5915 998
5920 1088
5925 1002
5930 1002
5935 1004
5940 1004
5945 1003
5950 1004
5955 1004
5960 1042
5965 1020
5970 986
5975 985
5980 986
5985 986
5990 986
5995 988
6000 1026
6005 988
6010 1028
6015 1082
6020 1077
6025 994
6030 997
6035 994
6040 998
6045 1081
6050 998
6055 997
6060 1035
6065 1077
6070 1000
6075 1002
6080 1004
6085 1005
6090 1078
6095 1006
6100 1007
6105 1047
6110 1009
6115 1140
6120 1131
6125 1009
6130 1088
6135 1013
6140 1014
6145 1088
6150 1015
6155 1041
6160 1081
6165 1045
6170 1045
6175 1046
6180 1135
6185 1048
6190 1048
6195 1050
6200 1058
6205 1024
6210 1103
6215 1050
6220 1116
6225 1029
6230 1029
6235 1032
6240 1244
6245 1269
6250 1466
6255 1404
6260 1110
6265 1064
6270 1061
6275 1101
6280 1065
6285 1067
6290 1067
6295 1070
6300 1299
6305 1176
6310 1110
6315 1090
6320 1075
6325 1076
6330 1074
6335 1076
6340 1121
6345 1213
6350 1097
6355 1108
6360 1080
6365 1082
6370 1081
6375 1140
6380 1132
6385 1086
6390 1125
6395 1087
6400 1179
6405 1086
6410 1089
6415 1093
6420 1129
6425 1093
6430 1094
6435 1095
6440 1101
6445 1096
6450 1134
6455 1133
6460 1101
6465 1100
6470 1101
6475 1100
6480 1103
6485 1108
6490 1147
6495 1105
6500 1112
6505 1076
6510 1078
6515 1154
6520 1080
6525 1083
6530 1177
6535 1085
6540 1090
6545 1103
6550 1088
6555 1089
6560 1090
6565 1092
6570 1095
6575 1251
6580 1095
6585 1259
6590 1090
6595 1113
6600 1248
6605 1181
6610 1128
6615 1137
6620 1143
6625 1102
6630 1152
6635 1166
6640 1131
6645 1133
6650 1132
6655 1136
6660 1175
6665 1213
6670 1199
6675 1208
6680 1109
6685 1111
6690 1111
6695 1114
6700 1114
6705 1115
6710 1192
6715 1119
6720 1115
6725 1119
6730 1119
6735 1121
6740 1197
6745 1121
6750 1123
6755 1280
6760 1148
6765 1149
6770 1126
6775 1278
6780 1204
6785 1129
6790 1170
6795 1151
6800 1163
6805 1161
6810 1162
6815 1163
6820 1169
6825 1166
6830 1166
6835 1456
6840 1669
6845 1395
6850 1210
6855 1204
6860 1204
6865 1200
6870 1173
6875 1215
6880 1173
6885 1265
6890 1176
6895 1178
6900 1179
6905 1180
6910 1231
6915 1185
6920 1183
6925 1227
6930 1248
6935 1184
6940 1188
6945 1186
6950 1328
6955 1186
6960 1188
6965 1227
6970 1230
6975 1229
6980 1272
6985 1191
6990 1196
6995 1187
7000 1166
7005 1163
7010 1241
7015 1332
7020 1235
7025 1168
7030 1172
7035 1172
7040 1173
7045 1174
7050 1173
7055 1255
7060 1197
7065 1177
7070 1178
7075 1257
7080 1258
7085 1182
7090 1184
7095 1262
7100 1275
7105 1186
7110 1187
7115 1229
7120 1189
7125 1275
7130 1192
7135 1191
7140 1267
7145 1194
7150 1194
7155 1194
7160 1195
7165 1283
7170 1306
7175 1288
7180 1276
7185 1366
7190 1218
7195 1232
7200 1232
7205 1233
7210 1236
7215 1239
7220 1276
7225 1243
7230 1240
7235 1243
7240 1241
7245 1241
7250 1245
7255 1245
7260 1306
7265 1305
7270 1287
7275 1218
7280 1215
7285 1218
7290 1221
7295 1260
7300 1221
7305 1266
7310 1223
7315 1223
7320 1222
7325 1222
7330 1227
7335 1227
7340 1227
7345 1269
7350 1357
7355 1229
7360 1232
7365 1233
7370 1233
7375 1346
7380 1233
7385 1309
7390 1237
7395 1235
7400 1237
7405 1311
7410 1239
7415 1240
7420 1241
7425 1317
7430 1291
7435 1264
7440 1280
7445 1247
7450 1250
7455 1248
7460 1318
7465 1452
7470 1284
7475 1286
7480 1286
7485 1290
7490 1289
7495 1290
7500 1392
7505 1335
7510 1408
7515 1259
7520 1261
7525 1301
7530 1261
7535 1267
7540 1263
7545 1341
7550 1266
7555 1318
7560 1267
7565 1406
7570 1269
7575 1411
7580 1275
7585 1349
7590 1406
7595 1274
7600 1277
7605 1278
7610 1377
7615 1312
7620 1311
7625 1352
7630 1314
7635 1315
7640 1315
7645 1315
7650 1357
7655 1283
7660 1359
7665 1305
7670 1413
7675 1289
7680 1291
7685 1364
7690 1291
7695 1290
7700 1468
7705 1368
7710 1297
7715 1295
7720 1295
7725 1297
7730 1299
7735 1302
7740 1379
7745 1393
7750 1302
7755 1302
7760 1374
7765 1343
7770 1304
7775 1382
7780 1384
7785 1308
7790 1465
7795 1849
7800 1625
7805 1483
7810 1386
7815 1387
7820 1499
7825 1352
7830 1349
7835 1350
7840 1352
7845 1354
7850 1392
7855 1356
7860 1361
7865 1360
7870 1359
7875 1358
7880 1363
7885 1364
7890 1482
7895 1370
7900 1403
7905 1329
7910 1402
7915 1331
7920 1332
7925 1459
7930 1371
7935 1369
7940 1457
7945 1371
7950 1373
7955 1372
7960 1501
7965 1486
7970 1378
7975 1382
7980 1378
7985 1377
7990 1420
7995 1416
8000 1427
8005 1350
8010 1421
8015 1348
8020 1351
8025 1352
8030 1351
8035 1431
8040 1488
8045 1356
8050 1356
8055 1433
8060 1355
8065 1358
8070 1567
8075 1407
8080 1450
8085 1364
8090 1361
8095 1363
8100 1428
8105 1496
8110 1485
8115 1496
8120 1367
8125 1370
8130 1371
8135 1373
8140 1374
8145 1450
8150 1471
8155 1449
8160 1376
8165 1401
8170 1452
8175 1556
8180 2011
8185 2032
8190 1385
8195 1413
8200 1420
8205 1424
8210 1494
8215 1424
8220 1565
8225 1426
8230 1533
8235 1429
8240 1534
8245 1466
8250 1509
8255 1431
8260 1433
8265 1461
8270 1559
8275 1473
8280 1484
8285 1437
8290 1435
8295 1422
8300 1401
8305 1443
8310 1490
8315 1479
8320 1513
8325 1477
8330 1409
8335 1408
8340 1412
8345 1411
8350 1549
8355 1414
8360 1412
8365 1413
8370 1418
8375 1538
8380 1422
8385 1420
8390 1499
8395 1548
8400 1423
8405 1423
8410 1424
8415 1424
8420 1966
8425 1548
8430 1577
8435 1466
8440 1499
8445 1493
8450 1471
8455 1729
8460 1713
8465 1513
8470 1514
8475 1511
8480 1512
8485 1519
8490 1520
8495 1516
8500 1520
8505 1521
8510 1519
8515 1520
8520 1514
8525 1568
8530 1487
8535 1485
8540 1602
8545 1487
8550 1497
8555 1534
8560 1453
8565 1452
8570 1454
8575 1532
8580 1457
8585 1458
8590 1573
8595 1587
8600 1461
8605 1462
8610 1544
8615 1563
8620 1748
8625 1950
8630 1612
8635 1648
8640 1749
8645 1548
8650 1509
8655 1644
8660 1616
8665 1511
8670 1511
8675 1513
8680 1514
8685 1516
8690 1596
8695 1518
8700 1520
8705 1518
8710 1560
8715 1522
8720 1575
8725 1609
8730 1561
8735 1524
8740 1528
8745 1527
8750 1527
8755 1614
8760 1529
8765 1530
8770 1512
8775 1567
8780 1494
8785 1492
8790 1578
8795 1616
8800 1583
8805 1498
8810 1520
8815 1599
8820 1583
8825 1504
8830 1505
8835 1568
8840 1505
8845 1545
8850 1504
8855 1586
8860 1649
8865 1507
8870 1510
8875 1614
8880 1606
8885 1613
8890 1515
8895 1511
8900 1517
8905 1519
8910 1555
8915 1518
8920 1596
8925 1891
8930 1737
8935 1523
8940 1524
8945 1525
8950 1703
8955 1570
8960 1605
8965 1568
8970 1616
8975 1569
8980 1571
8985 1573
8990 1696
8995 1572
9000 1573
9005 1613
9010 1575
9015 1648
9020 1537
9025 1537
9030 1537
9035 1615
9040 1541
9045 1541
9050 1621
9055 1671
9060 1619
9065 1546
9070 1548
9075 1550
9080 1622
9085 1550
9090 1588
9095 1630
9100 1669
9105 1626
9110 1554
9115 1724
9120 1686
9125 1560
9130 1560
9135 1560
9140 1682
9145 1640
9150 1560
9155 1638
9160 1741
9165 1594
9170 1603
9175 1660
9180 1752
9185 1612
9190 1610
9195 1611
9200 1615
9205 1617
9210 1666
9215 1615
9220 1613
9225 1609
9230 1577
9235 1752
9240 1712
9245 1766
9250 1582
9255 1703
9260 1624
9265 1700
9270 1670
9275 1628
9280 1627
9285 1628
9290 1632
9295 1630
9300 1629
9305 1753
9310 1666
9315 1652
9320 1594
9325 1594
9330 1594
9335 1831
9340 1597
9345 1599
9350 1597
9355 1601
9360 1675
9365 1676
9370 1730
9375 1605
9380 2119
9385 2138
9390 1836
9395 1713
9400 1698
9405 1713
9410 1761
9415 1701
9420 1656
9425 1769
9430 1722
9435 1657
9440 1657
9445 1694
9450 1663
9455 1828
9460 1699
9465 1664
9470 1666
9475 1756
9480 1668
9485 1709
9490 1772
9495 1671
9500 1671
9505 1673
9510 1668
9515 1790
9520 1634
9525 1634
9530 1634
9535 1747
9540 1749
9545 1755
9550 1971
9555 1633
9560 1639
9565 1663
9570 1728
9575 1762
9580 1686
9585 1690
9590 1737
9595 1765
9600 1764
9605 1691
9610 1818
9615 1647
9620 1655
9625 1710
9630 1699
9635 1775
9640 1738
9645 1701
9650 1824
9655 1659
9660 1659
9665 1739
9670 1752
9675 1753
9680 1831
9685 1892
9690 2427
9695 1848
9700 2784
9705 1926
9710 1763
9715 1771
9720 1813
9725 1767
9730 1763
9735 1767
9740 1762
9745 1785
9750 1768
9755 1777
9760 1724
9765 1723
9770 1802
9775 1812
9780 1852
9785 1728
9790 1726
9795 1731
9800 1731
9805 1862
9810 1746
9815 1690
9820 1763
9825 1689
9830 1690
9835 1859
9840 1769
9845 1691
9850 1695
9855 1759
9860 1694
9865 1877
9870 1697
9875 1699
9880 1698
9885 1767
9890 1724
9895 1863
9900 1863
9905 1832
9910 1787
9915 1772
9920 1791
9925 1764
9930 1752
9935 1793
9940 1796
9945 1792
9950 1800
9955 1895
9960 1851
9965 1760
9970 1762
9975 1762
9980 1863
9985 1767
9990 1768
9995 1809
10000 1757
