5 0
10 0
15 0
20 1
25 1
30 2
35 2
40 2
45 3
50 3
55 4
60 4
65 5
70 5
75 5
80 6
85 7
90 7
95 7
100 7
105 8
110 9
115 9
120 10
125 11
130 11
135 12
140 12
145 13
150 13
155 14
160 14
165 15
170 15
175 16
180 16
185 17
190 17
195 18
200 19
205 19
210 20
215 20
220 21
225 22
230 23
235 23
240 24
245 24
250 25
255 25
260 26
265 27
270 27
275 28
280 28
285 29
290 30
295 30
300 31
305 32
310 32
315 33
320 33
325 34
330 35
335 35
340 36
345 37
350 38
355 39
360 39
365 40
370 40
375 41
380 42
385 42
390 43
395 44
400 44
405 44
410 46
415 46
420 47
425 48
430 48
435 48
440 50
445 51
450 51
455 51
460 52
465 53
470 53
475 54
480 55
485 56
490 56
495 57
500 58
505 58
510 59
515 59
520 60
525 61
530 62
535 62
540 63
545 64
550 64
555 66
560 66
565 67
570 68
575 68
580 69
585 70
590 70
595 71
600 72
605 73
610 73
615 74
620 74
625 75
630 76
635 76
640 77
645 78
650 78
655 79
660 80
665 80
670 81
675 82
680 83
685 84
690 84
695 85
700 86
705 86
710 88
715 88
720 89
725 90
730 90
735 91
740 92
745 112
750 134
755 95
760 95
765 96
770 97
775 98
780 99
785 99
790 100
795 121
800 164
805 103
810 103
815 104
820 104
825 106
830 106
835 106
840 107
845 108
850 109
855 130
860 179
865 160
870 111
875 112
880 113
885 171
890 140
895 127
900 124
905 138
910 121
915 122
920 123
925 124
930 124
935 125
940 125
945 148
950 144
955 127
960 128
965 129
970 129
975 130
980 131
985 132
990 133
995 134
1000 134
1005 136
1010 136
1015 137
1020 137
1025 138
1030 139
1035 140
1040 140
1045 141
1050 142
1055 143
1060 147
1065 163
1070 145
1075 147
1080 146
1085 147
1090 149
1095 150
1100 150
1105 152
1110 152
1115 153
1120 152
1125 153
1130 155
1135 156
1140 157
1145 157
1150 159
1155 190
1160 178
1165 161
1170 162
1175 162
1180 165
1185 164
1190 165
1195 165
1200 167
1205 168
1210 169
1215 169
1220 170
1225 171
1230 171
1235 173
1240 173
1245 175
1250 175
1255 176
1260 176
1265 177
1270 178
1275 178
1280 179
1285 180
1290 181
1295 182
1300 182
1305 184
1310 184
1315 184
1320 186
1325 187
1330 187
1335 189
1340 189
1345 190
1350 193
1355 192
1360 192
1365 232
1370 194
1375 195
1380 195
1385 197
1390 197
1395 198
1400 199
1405 200
1410 221
1415 277
1420 204
1425 265
1430 307
1435 228
1440 280
1445 207
1450 258
1455 249
1460 256
1465 238
1470 285
1475 241
1480 255
1485 254
1490 220
1495 222
1500 222
1505 223
1510 225
1515 224
1520 225
1525 226
1530 227
1535 229
1540 229
1545 230
1550 230
1555 231
1560 233
1565 233
1570 234
1575 234
1580 236
1585 269
1590 271
1595 238
1600 238
1605 238
1610 240
1615 240
1620 244
1625 350
1630 279
1635 313
1640 264
1645 272
1650 343
1655 284
1660 282
1665 282
1670 251
1675 261
1680 253
1685 253
1690 253
1695 256
1700 256
1705 257
1710 257
1715 262
1720 267
1725 260
1730 260
1735 261
1740 261
1745 263
1750 264
1755 265
1760 266
1765 267
1770 268
1775 269
1780 270
1785 271
1790 271
1795 272
1800 273
1805 273
1810 275
1815 275
1820 322
1825 277
1830 277
1835 277
1840 287
1845 280
1850 281
1855 283
1860 283
1865 283
1870 285
1875 283
1880 286
1885 286
1890 290
1895 290
1900 319
1905 290
1910 292
1915 296
1920 295
1925 295
1930 342
1935 298
1940 296
1945 298
1950 298
1955 299
1960 299
1965 305
1970 302
1975 315
1980 306
1985 311
1990 309
1995 311
2000 337
2005 311
2010 312
2015 312
2020 312
2025 310
2030 314
2035 315
2040 317
2045 315
2050 316
2055 316
2060 317
2065 318
2070 320
2075 322
2080 321
2085 323
2090 344
2095 338
2100 326
2105 328
2110 328
2115 330
2120 374
2125 328
2130 342
2135 332
2140 352
2145 338
2150 333
2155 334
2160 334
2165 338
2170 338
2175 340
2180 339
2185 339
2190 340
2195 341
2200 339
2205 347
2210 345
2215 346
2220 344
2225 349
2230 353
2235 348
2240 350
2245 350
2250 349
2255 351
2260 365
2265 357
2270 363
2275 359
2280 355
2285 356
2290 358
2295 358
2300 361
2305 361
2310 360
2315 361
2320 362
2325 366
2330 368
2335 366
2340 372
2345 369
2350 372
2355 368
2360 369
2365 370
2370 371
2375 370
2380 377
2385 375
2390 380
2395 377
2400 406
2405 381
2410 378
2415 380
2420 465
2425 381
2430 381
2435 382
2440 383
2445 386
2450 385
2455 386
2460 388
2465 389
2470 390
2475 392
2480 392
2485 393
2490 391
2495 393
2500 394
2505 397
2510 397
2515 399
2520 399
2525 400
2530 401
2535 400
2540 413
2545 405
2550 403
2555 405
2560 406
2565 407
2570 406
2575 408
2580 412
2585 409
2590 409
2595 412
2600 419
2605 425
2610 424
2615 457
2620 444
2625 425
2630 407
2635 472
2640 409
2645 431
2650 422
2655 427
2660 424
2665 435
2670 503
2675 513
2680 558
2685 431
2690 433
2695 452
2700 434
2705 467
2710 435
2715 435
2720 436
2725 439
2730 436
2735 438
2740 439
2745 439
2750 440
2755 444
2760 443
2765 462
2770 446
2775 445
2780 443
2785 445
2790 445
2795 446
2800 447
2805 482
2810 465
2815 440
2820 441
2825 441
2830 441
2835 442
2840 442
2845 444
2850 445
2855 445
2860 447
2865 450
2870 448
2875 450
2880 529
2885 453
2890 454
2895 535
2900 454
2905 454
2910 454
2915 458
2920 456
2925 458
2930 460
2935 499
2940 489
2945 512
2950 464
2955 463
2960 465
2965 464
2970 466
2975 469
2980 470
2985 469
2990 494
2995 471
3000 472
3005 473
3010 476
3015 475
3020 480
3025 464
3030 464
3035 467
3040 466
3045 466
3050 468
3055 468
3060 470
3065 468
3070 471
3075 473
3080 551
3085 475
3090 475
3095 570
3100 537
3105 515
3110 513
3115 513
3120 507
3125 493
3130 496
3135 495
3140 496
3145 497
3150 497
3155 501
3160 501
3165 502
3170 503
3175 558
3180 504
3185 505
3190 503
3195 588
3200 506
3205 506
3210 517
3215 496
3220 496
3225 498
3230 497
3235 500
3240 500
3245 629
3250 504
3255 503
3260 503
3265 504
3270 541
3275 507
3280 507
3285 582
3290 509
3295 670
3300 664
3305 668
3310 524
3315 526
3320 526
3325 527
3330 528
3335 572
3340 531
3345 532
3350 532
3355 534
3360 534
3365 535
3370 536
3375 537
3380 537
3385 581
3390 568
3395 541
3400 540
3405 544
3410 544
3415 587
3420 545
3425 548
3430 546
3435 548
3440 551
3445 547
3450 550
3455 548
3460 552
3465 568
3470 574
3475 640
3480 542
3485 541
3490 710
3495 542
3500 543
3505 543
3510 620
3515 548
3520 550
3525 550
3530 551
3535 553
3540 552
3545 554
3550 552
3555 751
3560 570
3565 608
3570 573
3575 572
3580 642
3585 574
3590 576
3595 574
3600 576
3605 577
3610 579
3615 581
3620 581
3625 582
3630 583
3635 584
3640 592
3645 568
3650 571
3655 635
3660 572
3665 737
3670 576
3675 576
3680 687
3685 577
3690 579
3695 580
3700 580
3705 580
3710 581
3715 582
3720 582
3725 583
3730 584
3735 606
3740 667
3745 587
3750 589
3755 589
3760 589
3765 590
3770 590
3775 593
3780 592
3785 594
3790 594
3795 594
3800 596
3805 597
3810 653
3815 598
3820 602
3825 780
3830 603
3835 691
3840 604
3845 605
3850 606
3855 608
3860 606
3865 609
3870 609
3875 610
3880 610
3885 611
3890 611
3895 613
3900 613
3905 699
3910 614
3915 674
3920 617
3925 1098
3930 697
3935 748
3940 677
3945 636
3950 638
3955 680
3960 647
3965 642
3970 679
3975 643
3980 719
3985 645
3990 728
3995 647
4000 650
4005 690
4010 649
4015 650
4020 651
4025 652
4030 653
4035 689
4040 655
4045 657
4050 657
4055 703
4060 659
4065 696
4070 663
4075 661
4080 702
4085 663
4090 701
4095 700
4100 666
4105 668
4110 668
4115 669
4120 668
4125 669
4130 712
4135 670
4140 738
4145 703
4150 676
4155 675
4160 678
4165 659
4170 660
4175 661
4180 660
4185 662
4190 741
4195 667
4200 665
4205 745
4210 669
4215 669
4220 668
4225 672
4230 746
4235 671
4240 674
4245 673
4250 674
4255 675
4260 677
4265 676
4270 677
4275 676
4280 724
4285 681
4290 745
4295 728
4300 703
4305 704
4310 739
4315 684
4320 688
4325 688
4330 690
4335 689
4340 692
4345 691
4350 691
4355 788
4360 695
4365 697
4370 695
4375 696
4380 697
4385 697
4390 698
4395 778
4400 702
4405 700
4410 700
4415 777
4420 705
4425 788
4430 706
4435 833
4440 709
4445 711
4450 711
4455 712
4460 711
4465 711
4470 715
4475 751
4480 715
4485 790
4490 715
4495 794
4500 757
4505 720
4510 722
4515 836
4520 779
4525 724
4530 947
4535 723
4540 726
4545 728
4550 730
4555 729
4560 732
4565 865
4570 825
4575 773
4580 815
4585 752
4590 757
4595 791
4600 757
4605 759
4610 758
4615 777
4620 778
4625 762
4630 802
4635 809
4640 764
4645 765
4650 766
4655 768
4660 769
4665 773
4670 770
4675 769
4680 810
4685 855
4690 781
4695 818
4700 813
4705 939
4710 783
4715 827
4720 825
4725 785
4730 788
4735 924
4740 1060
4745 877
4750 816
4755 810
4760 813
4765 811
4770 813
4775 810
4780 812
4785 813
4790 814
4795 816
4800 819
4805 814
4810 797
4815 834
4820 801
4825 946
4830 801
4835 837
4840 801
4845 802
4850 802
4855 802
4860 819
4865 786
4870 787
4875 788
4880 901
4885 789
4890 867
4895 788
4900 791
4905 792
4910 835
4915 794
4920 795
4925 798
4930 797
4935 977
4940 870
4945 822
4950 883
4955 801
4960 804
4965 804
4970 861
4975 805
4980 834
4985 828
4990 830
4995 835
5000 830
5005 915
5010 833
5015 833
5020 834
5025 839
5030 835
5035 944
5040 1075
5045 888
5050 841
5055 842
5060 1111
5065 822
5070 953
5075 821
5080 823
5085 826
5090 853
5095 892
5100 848
5105 849
5110 853
5115 911
5120 894
5125 853
5130 855
5135 855
5140 856
5145 858
5150 895
5155 900
5160 859
5165 859
5170 863
5175 865
5180 953
5185 925
5190 891
5195 868
5200 956
5205 905
5210 868
5215 868
5220 954
5225 873
5230 870
5235 918
5240 875
5245 875
5250 881
5255 867
5260 855
5265 855
5270 898
5275 913
5280 858
5285 860
5290 860
5295 940
5300 901
5305 971
5310 924
5315 889
5320 886
5325 932
5330 893
5335 894
5340 892
5345 892
5350 977
5355 895
5360 903
5365 871
5370 874
5375 874
5380 875
5385 878
5390 876
5395 971
5400 881
5405 883
5410 965
5415 1006
5420 885
5425 885
5430 886
5435 885
5440 887
5445 886
5450 962
5455 891
5460 935
5465 953
5470 971
5475 967
5480 982
5485 895
5490 895
5495 899
5500 899
5505 900
5510 902
5515 899
5520 988
5525 925
5530 950
5535 904
5540 903
5545 904
5550 905
5555 1001
5560 908
5565 909
5570 911
5575 1037
5580 936
5585 943
5590 913
5595 916
5600 916
5605 917
5610 994
5615 919
5620 1063
5625 1040
5630 1195
5635 1396
5640 1193
5645 976
5650 948
5655 951
5660 952
5665 953
5670 954
5675 1044
5680 955
5685 957
5690 991
5695 958
5700 957
5705 962
5710 1013
5715 1012
5720 982
5725 1100
5730 965
5735 1050
5740 1006
5745 968
5750 965
5755 970
5760 1024
5765 1024
5770 1019
5775 1081
5780 989
5785 975
5790 976
5795 1054
5800 1030
5805 1071
5810 1006
5815 1006
5820 1008
5825 1062
5830 1012
5835 1064
5840 1010
5845 1014
5850 1019
5855 1013
5860 988
5865 989
5870 991
5875 992
5880 1045
5885 992
5890 1039
5895 994
5900 994
5905 1078
5910 998
5915 1126
5920 1127
5925 1020
5930 1004
5935 1128
5940 1044
5945 1007
5950 1044
5955 1115
5960 1006
5965 1041
5970 1060
5975 1091
5980 1086
5985 1009
5990 1011
5995 1014
6000 1013
6005 1015
6010 1013
6015 1140
6020 1015
6025 1061
6030 1018
6035 1084
6040 1103
6045 1050
6050 1139
6055 1024
6060 1023
6065 1026
6070 1023
6075 1061
6080 1029
6085 1037
6090 1002
6095 1003
6100 1002
6105 1006
6110 1004
6115 1009
6120 1072
6125 1174
6130 1093
6135 1012
6140 1012
6145 1014
6150 1017
6155 1015
6160 1015
6165 1129
6170 1021
6175 1094
6180 1018
6185 1020
6190 1020
6195 1023
6200 1086
6205 1075
6210 1021
6215 1024
6220 1108
6225 1105
6230 1208
6235 1028
6240 1030
6245 1034
6250 1035
6255 1091
6260 1035
6265 1108
6270 1150
6275 1277
6280 1143
6285 1076
6290 1039
6295 1040
6300 1043
6305 1041
6310 1078
6315 1078
6320 1243
6325 1159
6330 1077
6335 1076
6340 1079
6345 1076
6350 1079
6355 1080
6360 1164
6365 1158
6370 1079
6375 1080
6380 1081
6385 1086
6390 1131
6395 1090
6400 1091
6405 1100
6410 1138
6415 1148
6420 1065
6425 1063
6430 1067
6435 1065
6440 1065
6445 1065
6450 1069
6455 1069
6460 1188
6465 1071
6470 1073
6475 1074
6480 1073
6485 1080
6490 1396
6495 1368
6500 1248
6505 1080
6510 1303
6515 1082
6520 1187
6525 1314
6530 1123
6535 1110
6540 1112
6545 1116
6550 1114
6555 1117
6560 1115
6565 1153
6570 1116
6575 1120
6580 1121
6585 1122
6590 1124
6595 1198
6600 1327
6605 1126
6610 1127
6615 1168
6620 1183
6625 1244
6630 1131
6635 1206
6640 1134
6645 1135
6650 1133
6655 1223
6660 1134
6665 1182
6670 1138
6675 1140
6680 1185
6685 1263
6690 1143
6695 1181
6700 1143
6705 1146
6710 1148
6715 1145
6720 1147
6725 1188
6730 1150
6735 1165
6740 1120
6745 1120
6750 1124
6755 1183
6760 1124
6765 1126
6770 1201
6775 1308
6780 1128
6785 1127
6790 1130
6795 1130
6800 1132
6805 1233
6810 1135
6815 1257
6820 1133
6825 1136
6830 1135
6835 1137
6840 1140
6845 1159
6850 1228
6855 1181
6860 1143
6865 1243
6870 1144
6875 1182
6880 1142
6885 1145
6890 1183
6895 1149
6900 1280
6905 1236
6910 1184
6915 1186
6920 1183
6925 1180
6930 1183
6935 1187
6940 1191
6945 1328
6950 1297
6955 1196
6960 1158
6965 1158
6970 1164
6975 1164
6980 1163
6985 1238
6990 1168
6995 1167
7000 1170
7005 1168
7010 1188
7015 1333
7020 1225
7025 1209
7030 1301
7035 1292
7040 1207
7045 1207
7050 1209
7055 1208
7060 1209
7065 1190
7070 1291
7075 1369
7080 1181
7085 1182
7090 1184
7095 1258
7100 1281
7105 1219
7110 1217
7115 1429
7120 1315
7125 1221
7130 1224
7135 1221
7140 1224
7145 1224
7150 1228
7155 1303
7160 1227
7165 1229
7170 1231
7175 1232
7180 1226
7185 1200
7190 1203
7195 1361
7200 1369
7205 1239
7210 1242
7215 1203
7220 1241
7225 1240
7230 1352
7235 1305
7240 1247
7245 1244
7250 1245
7255 1250
7260 1216
7265 1214
7270 1216
7275 1256
7280 1361
7285 1261
7290 1219
7295 1292
7300 1242
7305 1521
7310 1222
7315 1375
7320 1226
7325 1227
7330 1288
7335 1260
7340 1263
7345 1264
7350 1353
7355 1302
7360 1344
7365 1289
7370 1265
7375 1383
7380 1288
7385 1307
7390 1275
7395 1314
7400 1280
7405 1275
7410 1275
7415 1274
7420 1355
7425 1278
7430 1327
7435 1353
7440 1373
7445 1280
7450 1282
7455 1322
7460 1376
7465 1319
7470 1320
7475 1324
7480 1313
7485 1259
7490 1258
7495 1332
7500 1259
7505 1262
7510 1260
7515 1372
7520 1409
7525 1263
7530 1265
7535 1265
7540 1265
7545 1267
7550 1269
7555 1353
7560 1270
7565 1271
7570 1274
7575 1272
7580 1344
7585 1278
7590 1274
7595 1569
7600 1433
7605 1278
7610 1276
7615 1280
7620 1281
7625 1378
7630 1343
7635 1317
7640 1319
7645 1319
7650 1321
7655 1322
7660 1322
7665 1358
7670 1362
7675 1521
7680 1645
7685 1362
7690 1364
7695 1363
7700 1365
7705 1371
7710 1372
7715 1670
7720 1659
7725 1372
7730 1353
7735 1335
7740 1414
7745 1402
7750 1338
7755 1336
7760 1461
7765 1423
7770 1371
7775 1429
7780 1418
7785 1345
7790 1346
7795 1346
7800 1345
7805 1348
7810 1429
7815 1442
7820 1404
7825 1514
7830 1389
7835 1400
7840 1387
7845 1394
7850 1413
7855 1393
7860 1393
7865 1408
7870 1357
7875 1364
7880 1361
7885 1362
7890 1408
7895 1487
7900 1365
7905 1367
7910 1367
7915 1368
7920 1366
7925 1405
7930 1374
7935 1383
7940 1336
7945 1341
7950 1338
7955 1338
7960 1341
7965 1420
7970 1618
7975 1438
7980 1424
7985 1421
7990 1416
7995 1429
8000 1426
8005 1423
8010 1389
8015 1386
8020 1434
8025 1391
8030 1386
8035 1427
8040 1475
8045 1392
8050 1392
8055 1392
8060 1393
8065 1396
8070 1396
8075 1477
8080 1361
8085 1513
8090 1474
8095 1367
8100 1368
8105 1369
8110 1442
8115 1510
8120 1370
8125 1372
8130 1538
8135 1371
8140 1409
8145 1451
8150 1376
8155 1377
8160 1378
8165 1415
8170 1418
8175 1561
8180 1479
8185 1539
8190 1585
8195 1385
8200 1384
8205 1386
8210 1460
8215 1536
8220 1427
8225 1424
8230 1427
8235 1428
8240 1429
8245 1432
8250 1451
8255 1520
8260 1446
8265 1433
8270 1435
8275 1438
8280 1398
8285 1476
8290 1478
8295 1400
8300 1404
8305 1402
8310 1405
8315 1443
8320 1495
8325 1487
8330 1502
8335 1409
8340 1407
8345 1460
8350 1515
8355 1454
8360 1494
8365 1453
8370 1455
8375 1457
8380 1418
8385 1498
8390 1495
8395 1462
8400 1531
8405 1422
8410 1426
8415 1426
8420 1645
8425 1498
8430 1465
8435 1464
8440 1431
8445 1524
8450 1504
8455 1432
8460 1432
8465 1673
8470 1519
8475 1556
8480 1476
8485 1476
8490 1473
8495 1480
8500 1523
8505 1646
8510 1479
8515 1585
8520 1480
8525 1522
8530 1521
8535 1631
8540 1482
8545 1485
8550 1489
8555 1492
8560 1598
8565 1529
8570 1494
8575 1490
8580 1530
8585 1495
8590 1534
8595 1648
8600 1781
8605 1616
8610 1502
8615 1502
8620 1503
8625 1503
8630 1545
8635 1508
8640 1506
8645 1507
8650 1508
8655 1551
8660 1510
8665 1602
8670 1562
8675 1509
8680 1513
8685 1516
8690 1515
8695 1510
8700 1554
8705 1479
8710 1481
8715 1482
8720 1482
8725 1561
8730 1484
8735 1587
8740 1740
8745 1492
8750 1569
8755 1562
8760 1529
8765 1573
8770 1533
8775 1621
8780 1532
8785 1590
8790 1514
8795 1623
8800 1697
8805 1670
8810 1611
8815 1646
8820 1612
8825 1583
8830 1899
8835 1542
8840 1545
8845 1636
8850 1588
8855 1589
8860 1592
8865 1607
8870 1591
8875 1592
8880 1552
8885 1555
8890 1554
8895 1591
8900 1593
8905 1556
8910 1534
8915 1625
8920 1516
8925 1558
8930 1719
8935 1519
8940 1523
8945 1526
8950 1525
8955 1584
8960 1627
8965 1633
8970 1601
8975 1529
8980 1551
8985 1799
8990 1684
8995 1693
9000 1618
9005 1577
9010 1577
9015 1576
9020 1580
9025 1633
9030 1581
9035 1580
9040 1581
9045 1608
9050 1587
9055 1675
9060 1702
9065 1706
9070 1549
9075 1547
9080 1631
9085 1569
9090 1649
9095 1625
9100 1646
9105 1594
9110 1596
9115 1635
9120 1841
9125 1711
9130 1560
9135 1634
9140 1658
9145 1602
9150 1700
9155 1675
9160 1936
9165 1716
9170 2031
9175 1684
9180 1686
9185 1764
9190 1612
9195 1613
9200 1612
9205 1653
9210 1736
9215 1615
9220 1616
9225 1659
9230 1619
9235 1619
9240 1660
9245 1702
9250 1664
9255 1623
9260 1634
9265 1677
9270 1666
9275 1587
9280 1584
9285 1588
9290 1667
9295 1589
9300 1661
9305 1881
9310 1970
9315 2177
9320 1724
9325 1637
9330 1682
9335 1640
9340 1639
9345 1837
9350 1706
9355 1642
9360 1678
9365 1718
9370 1643
9375 1647
9380 1675
9385 1707
9390 1728
9395 1794
9400 1689
9405 1653
9410 1690
9415 1656
9420 1739
9425 1818
9430 1660
9435 1699
9440 1708
9445 1660
9450 1711
9455 1866
9460 1718
9465 1665
9470 1786
9475 1727
9480 1751
9485 1763
9490 1671
9495 1669
9500 1671
9505 1672
9510 1721
9515 1664
9520 1629
9525 1631
9530 1632
9535 1678
9540 1637
9545 1867
9550 1698
9555 1638
9560 1636
9565 1640
9570 1673
9575 1719
9580 1642
9585 1715
9590 1640
9595 1725
9600 1646
9605 1723
9610 1832
9615 1722
9620 1651
9625 1727
9630 1653
9635 1733
9640 1790
9645 1654
9650 1655
9655 1655
9660 1695
9665 1740
9670 1764
9675 1660
9680 1736
9685 1735
9690 1663
9695 1769
9700 1792
9705 1921
9710 1668
9715 1717
9720 1711
9725 1751
9730 1854
9735 1717
9740 1713
9745 1716
9750 1761
9755 1878
9760 1716
9765 1724
9770 1721
9775 1724
9780 1726
9785 1852
9790 1726
9795 1734
9800 1759
9805 1684
9810 1726
9815 1704
9820 1760
9825 1761
9830 1860
9835 1691
9840 1762
9845 1775
9850 1694
9855 1693
9860 1694
9865 1694
9870 1779
9875 1698
9880 1697
9885 1699
9890 1778
9895 1779
9900 1783
9905 1789
9910 1772
9915 1792
9920 1704
9925 1706
9930 1805
9935 1711
9940 1782
9945 1709
9950 1709
9955 1788
9960 1940
9965 1882
9970 1715
9975 1712
9980 1718
9985 1792
9990 1805
9995 1720
10000 1813
