5 0
10 0
15 0
20 1
25 1
30 1
35 2
40 2
45 3
50 3
55 4
60 4
65 5
70 5
75 6
80 6
85 7
90 7
95 8
100 8
105 9
110 9
115 10
120 10
125 11
130 11
135 12
140 12
145 13
150 13
155 14
160 14
165 15
170 16
175 16
180 17
185 17
190 18
195 18
200 19
205 19
210 20
215 21
220 21
225 22
230 23
235 23
240 24
245 25
250 25
255 25
260 26
265 27
270 27
275 28
280 29
285 30
290 30
295 31
300 31
305 32
310 33
315 33
320 34
325 35
330 36
335 36
340 36
345 37
350 38
355 38
360 39
365 39
370 40
375 41
380 41
385 43
390 43
395 44
400 45
405 46
410 46
415 47
420 49
425 85
430 65
435 49
440 50
445 51
450 51
455 52
460 74
465 95
470 70
475 54
480 56
485 56
490 57
495 57
500 58
505 59
510 60
515 60
520 61
525 62
530 63
535 63
540 64
545 65
550 65
555 66
560 67
565 89
570 105
575 69
580 70
585 72
590 71
595 72
600 73
605 73
610 74
615 75
620 77
625 77
630 78
635 78
640 79
645 79
650 80
655 81
660 82
665 82
670 83
675 83
680 84
685 84
690 86
695 86
700 87
705 87
710 88
715 89
720 89
725 90
730 91
735 92
740 93
745 94
750 95
755 95
760 96
765 97
770 97
775 98
780 99
785 100
790 100
795 100
800 101
805 102
810 103
815 104
820 105
825 105
830 107
835 108
840 107
845 108
850 109
855 110
860 110
865 112
870 112
875 112
880 173
885 129
890 174
895 120
900 119
905 120
910 121
915 122
920 123
925 124
930 124
935 124
940 125
945 127
950 127
955 128
960 128
965 130
970 131
975 192
980 134
985 134
990 163
995 169
1000 150
1005 144
1010 142
1015 142
1020 146
1025 147
1030 145
1035 146
1040 149
1045 149
1050 148
1055 151
1060 152
1065 151
1070 151
1075 175
1080 155
1085 156
1090 155
1095 155
1100 156
1105 156
1110 157
1115 159
1120 159
1125 160
1130 160
1135 161
1140 163
1145 163
1150 164
1155 164
1160 165
1165 167
1170 167
1175 169
1180 169
1185 171
1190 171
1195 171
1200 171
1205 172
1210 172
1215 175
1220 176
1225 177
1230 177
1235 177
1240 177
1245 179
1250 180
1255 184
1260 182
1265 182
1270 230
1275 186
1280 186
1285 187
1290 188
1295 189
1300 188
1305 190
1310 190
1315 191
1320 193
1325 194
1330 194
1335 194
1340 196
1345 196
1350 197
1355 198
1360 198
1365 199
1370 199
1375 201
1380 202
1385 203
1390 204
1395 204
1400 206
1405 206
1410 207
1415 207
1420 208
1425 208
1430 210
1435 211
1440 212
1445 213
1450 213
1455 215
1460 216
1465 321
1470 259
1475 288
1480 273
1485 293
1490 287
1495 293
1500 255
1505 295
1510 225
1515 227
1520 227
1525 228
1530 316
1535 229
1540 234
1545 236
1550 249
1555 281
1560 233
1565 232
1570 234
1575 235
1580 236
1585 236
1590 237
1595 239
1600 238
1605 239
1610 240
1615 242
1620 242
1625 244
1630 248
1635 244
1640 246
1645 273
1650 247
1655 248
1660 250
1665 253
1670 271
1675 255
1680 286
1685 259
1690 261
1695 259
1700 258
1705 298
1710 258
1715 260
1720 262
1725 261
1730 261
1735 263
1740 263
1745 264
1750 264
1755 265
1760 267
1765 268
1770 268
1775 270
1780 272
1785 272
1790 273
1795 277
1800 292
1805 280
1810 276
1815 278
1820 280
1825 279
1830 280
1835 280
1840 286
1845 282
1850 285
1855 285
1860 283
1865 284
1870 287
1875 286
1880 332
1885 288
1890 293
1895 290
1900 290
1905 291
1910 294
1915 294
1920 297
1925 295
1930 297
1935 298
1940 298
1945 298
1950 301
1955 300
1960 301
1965 301
1970 308
1975 304
1980 304
1985 305
1990 307
1995 317
2000 307
2005 313
2010 308
2015 309
2020 310
2025 311
2030 313
2035 320
2040 323
2045 317
2050 319
2055 323
2060 318
2065 319
2070 324
2075 321
2080 323
2085 323
2090 326
2095 330
2100 327
2105 325
2110 326
2115 327
2120 327
2125 327
2130 330
2135 331
2140 332
2145 334
2150 345
2155 352
2160 338
2165 339
2170 340
2175 359
2180 340
2185 342
2190 358
2195 343
2200 349
2205 348
2210 347
2215 348
2220 386
2225 370
2230 349
2235 349
2240 350
2245 352
2250 352
2255 352
2260 351
2265 352
2270 355
2275 355
2280 356
2285 358
2290 372
2295 366
2300 372
2305 361
2310 420
2315 371
2320 365
2325 369
2330 371
2335 369
2340 376
2345 371
2350 371
2355 371
2360 372
2365 372
2370 372
2375 372
2380 374
2385 376
2390 377
2395 379
2400 379
2405 379
2410 380
2415 380
2420 382
2425 384
2430 383
2435 383
2440 385
2445 385
2450 389
2455 389
2460 389
2465 390
2470 445
2475 393
2480 392
2485 393
2490 395
2495 396
2500 397
2505 397
2510 399
2515 398
2520 400
2525 399
2530 401
2535 402
2540 402
2545 404
2550 408
2555 406
2560 406
2565 408
2570 410
2575 410
2580 433
2585 414
2590 414
2595 413
2600 463
2605 456
2610 405
2615 405
2620 454
2625 449
2630 407
2635 410
2640 410
2645 414
2650 412
2655 411
2660 414
2665 414
2670 416
2675 418
2680 418
2685 417
2690 456
2695 485
2700 439
2705 421
2710 423
2715 425
2720 425
2725 424
2730 425
2735 427
2740 427
2745 427
2750 430
2755 430
2760 431
2765 432
2770 433
2775 435
2780 436
2785 436
2790 474
2795 438
2800 439
2805 485
2810 442
2815 441
2820 441
2825 444
2830 443
2835 444
2840 445
2845 446
2850 446
2855 446
2860 448
2865 450
2870 556
2875 452
2880 452
2885 454
2890 453
2895 454
2900 454
2905 456
2910 496
2915 458
2920 503
2925 546
2930 460
2935 463
2940 462
2945 464
2950 465
2955 466
2960 465
2965 468
2970 468
2975 545
2980 471
2985 473
2990 564
2995 494
3000 473
3005 475
3010 522
3015 477
3020 541
3025 498
3030 479
3035 479
3040 480
3045 480
3050 482
3055 483
3060 485
3065 485
3070 485
3075 485
3080 487
3085 488
3090 489
3095 489
3100 489
3105 492
3110 571
3115 492
3120 494
3125 543
3130 561
3135 518
3140 499
3145 499
3150 503
3155 499
3160 502
3165 501
3170 504
3175 505
3180 507
3185 507
3190 507
3195 507
3200 509
3205 509
3210 512
3215 520
3220 499
3225 578
3230 500
3235 501
3240 504
3245 594
3250 544
3255 538
3260 640
3265 531
3270 506
3275 506
3280 508
3285 510
3290 553
3295 590
3300 586
3305 538
3310 527
3315 575
3320 563
3325 650
3330 532
3335 532
3340 533
3345 534
3350 534
3355 534
3360 554
3365 538
3370 538
3375 540
3380 540
3385 651
3390 541
3395 541
3400 542
3405 544
3410 565
3415 545
3420 546
3425 548
3430 548
3435 551
3440 551
3445 552
3450 551
3455 553
3460 636
3465 554
3470 557
3475 594
3480 556
3485 557
3490 557
3495 560
3500 629
3505 598
3510 629
3515 563
3520 564
3525 565
3530 564
3535 566
3540 568
3545 568
3550 567
3555 569
3560 580
3565 559
3570 560
3575 559
3580 658
3585 563
3590 667
3595 563
3600 563
3605 563
3610 567
3615 704
3620 569
3625 568
3630 644
3635 570
3640 570
3645 570
3650 571
3655 575
3660 574
3665 712
3670 591
3675 621
3680 660
3685 626
3690 581
3695 580
3700 582
3705 582
3710 583
3715 582
3720 603
3725 600
3730 601
3735 602
3740 603
3745 604
3750 605
3755 606
3760 648
3765 606
3770 608
3775 650
3780 695
3785 610
3790 690
3795 614
3800 616
3805 615
3810 616
3815 616
3820 705
3825 619
3830 620
3835 737
3840 657
3845 711
3850 624
3855 625
3860 626
3865 626
3870 625
3875 628
3880 629
3885 688
3890 630
3895 632
3900 632
3905 635
3910 636
3915 675
3920 678
3925 637
3930 659
3935 641
3940 639
3945 652
3950 698
3955 624
3960 627
3965 625
3970 690
3975 645
3980 645
3985 650
3990 630
3995 632
4000 711
4005 765
4010 635
4015 635
4020 658
4025 656
4030 698
4035 658
4040 658
4045 657
4050 659
4055 659
4060 660
4065 661
4070 708
4075 746
4080 701
4085 663
4090 748
4095 690
4100 735
4105 694
4110 692
4115 818
4120 773
4125 818
4130 829
4135 673
4140 678
4145 751
4150 767
4155 698
4160 697
4165 697
4170 698
4175 699
4180 700
4185 702
4190 702
4195 703
4200 703
4205 708
4210 708
4215 712
4220 716
4225 709
4230 689
4235 690
4240 692
4245 693
4250 695
4255 693
4260 738
4265 698
4270 699
4275 698
4280 700
4285 771
4290 755
4295 824
4300 684
4305 684
4310 686
4315 688
4320 691
4325 687
4330 691
4335 692
4340 693
4345 692
4350 693
4355 697
4360 696
4365 772
4370 697
4375 777
4380 699
4385 700
4390 743
4395 718
4400 705
4405 703
4410 705
4415 706
4420 709
4425 707
4430 781
4435 766
4440 756
4445 741
4450 714
4455 712
4460 715
4465 714
4470 717
4475 716
4480 719
4485 734
4490 797
4495 740
4500 741
4505 783
4510 783
4515 779
4520 745
4525 744
4530 745
4535 745
4540 746
4545 791
4550 749
4555 768
4560 751
4565 750
4570 796
4575 857
4580 752
4585 755
4590 756
4595 757
4600 758
4605 757
4610 759
4615 761
4620 758
4625 741
4630 741
4635 742
4640 828
4645 812
4650 747
4655 750
4660 750
4665 755
4670 825
4675 752
4680 756
4685 877
4690 872
4695 758
4700 913
4705 1185
4710 912
4715 865
4720 796
4725 761
4730 776
4735 819
4740 786
4745 822
4750 784
4755 785
4760 938
4765 932
4770 828
4775 792
4780 876
4785 794
4790 820
4795 818
4800 819
4805 820
4810 820
4815 823
4820 861
4825 853
4830 823
4835 823
4840 854
4845 824
4850 856
4855 801
4860 807
4865 805
4870 899
4875 850
4880 863
4885 809
4890 815
4895 815
4900 904
4905 927
4910 816
4915 817
4920 818
4925 860
4930 819
4935 820
4940 985
4945 894
4950 823
4955 823
4960 825
4965 827
4970 826
4975 828
4980 828
4985 832
4990 831
4995 941
5000 910
5005 905
5010 833
5015 834
5020 834
5025 838
5030 835
5035 840
5040 837
5045 838
5050 845
5055 919
5060 884
5065 962
5070 842
5075 845
5080 847
5085 886
5090 850
5095 850
5100 850
5105 890
5110 888
5115 851
5120 909
5125 892
5130 856
5135 857
5140 857
5145 856
5150 858
5155 859
5160 860
5165 861
5170 862
5175 909
5180 909
5185 1115
5190 904
5195 1198
5200 1072
5205 894
5210 903
5215 895
5220 899
5225 896
5230 925
5235 918
5240 901
5245 901
5250 902
5255 902
5260 906
5265 905
5270 907
5275 906
5280 907
5285 909
5290 912
5295 949
5300 911
5305 912
5310 912
5315 914
5320 916
5325 919
5330 917
5335 917
5340 918
5345 975
5350 895
5355 896
5360 896
5365 901
5370 899
5375 903
5380 904
5385 904
5390 950
5395 902
5400 946
5405 1042
5410 906
5415 908
5420 989
5425 945
5430 909
5435 909
5440 951
5445 913
5450 910
5455 962
5460 916
5465 915
5470 917
5475 919
5480 926
5485 920
5490 922
5495 929
5500 900
5505 919
5510 1041
5515 1037
5520 979
5525 906
5530 905
5535 906
5540 1058
5545 930
5550 935
5555 1236
5560 1215
5565 1217
5570 1061
5575 965
5580 964
5585 964
5590 966
5595 966
5600 979
5605 944
5610 944
5615 1102
5620 970
5625 945
5630 950
5635 949
5640 948
5645 987
5650 953
5655 952
5660 955
5665 999
5670 954
5675 956
5680 959
5685 958
5690 968
5695 934
5700 934
5705 981
5710 1031
5715 941
5720 1041
5725 975
5730 941
5735 978
5740 969
5745 969
5750 969
5755 973
5760 973
5765 974
5770 1061
5775 973
5780 974
5785 975
5790 974
5795 953
5800 1030
5805 1031
5810 955
5815 1037
5820 959
5825 1193
5830 959
5835 978
5840 984
5845 985
5850 987
5855 988
5860 991
5865 990
5870 1027
5875 1120
5880 992
5885 1030
5890 996
5895 996
5900 995
5905 997
5910 998
5915 1003
5920 1001
5925 1039
5930 1105
5935 977
5940 976
5945 977
5950 980
5955 979
5960 983
5965 981
5970 981
5975 1151
5980 985
5985 986
5990 987
5995 987
6000 989
6005 990
6010 991
6015 1115
6020 992
6025 1037
6030 1113
6035 994
6040 995
6045 996
6050 1041
6055 998
6060 1038
6065 1000
6070 1000
6075 1046
6080 1036
6085 1087
6090 1004
6095 1007
6100 1005
6105 1009
6110 1156
6115 1009
6120 1147
6125 1080
6130 1127
6135 1038
6140 1044
6145 1043
6150 1041
6155 1041
6160 1042
6165 1054
6170 1021
6175 1095
6180 1145
6185 1022
6190 1023
6195 1025
6200 1086
6205 1025
6210 1028
6215 1027
6220 1029
6225 1290
6230 1029
6235 1101
6240 1030
6245 1032
6250 1034
6255 1034
6260 1034
6265 1100
6270 1119
6275 1037
6280 1037
6285 1162
6290 1080
6295 1043
6300 1044
6305 1042
6310 1044
6315 1045
6320 1143
6325 1098
6330 1047
6335 1048
6340 1049
6345 1119
6350 1052
6355 1053
6360 1052
6365 1055
6370 1164
6375 1056
6380 1056
6385 1056
6390 1056
6395 1061
6400 1060
6405 1063
6410 1064
6415 1140
6420 1220
6425 1066
6430 1066
6435 1068
6440 1068
6445 1069
6450 1071
6455 1157
6460 1113
6465 1114
6470 1073
6475 1074
6480 1078
6485 1076
6490 1075
6495 1077
6500 1078
6505 1124
6510 1283
6515 1099
6520 1083
6525 1083
6530 1085
6535 1086
6540 1081
6545 1089
6550 1086
6555 1223
6560 1091
6565 1092
6570 1094
6575 1288
6580 1090
6585 1233
6590 1092
6595 1094
6600 1217
6605 1223
6610 1129
6615 1128
6620 1180
6625 1166
6630 1133
6635 1132
6640 1133
6645 1188
6650 1146
6655 1104
6660 1109
6665 1107
6670 1186
6675 1109
6680 1110
6685 1189
6690 1193
6695 1176
6700 1171
6705 1343
6710 1350
6715 1557
6720 1433
6725 1153
6730 1300
6735 1180
6740 1181
6745 1184
6750 1184
6755 1182
6760 1190
6765 1183
6770 1204
6775 1300
6780 1159
6785 1162
6790 1162
6795 1161
6800 1161
6805 1166
6810 1175
6815 1218
6820 1136
6825 1138
6830 1138
6835 1137
6840 1140
6845 1179
6850 1141
6855 1141
6860 1268
6865 1294
6870 1146
6875 1202
6880 1147
6885 1149
6890 1149
6895 1150
6900 1151
6905 1264
6910 1278
6915 1152
6920 1155
6925 1156
6930 1155
6935 1158
6940 1156
6945 1332
6950 1323
6955 1158
6960 1161
6965 1156
6970 1286
6975 1274
6980 1257
6985 1238
6990 1240
6995 1227
7000 1263
7005 1198
7010 1199
7015 1237
7020 1197
7025 1240
7030 1279
7035 1283
7040 1206
7045 1206
7050 1259
7055 1208
7060 1213
7065 1343
7070 1421
7075 1633
7080 1441
7085 1235
7090 1254
7095 1249
7100 1247
7105 1265
7110 1324
7115 1260
7120 1267
7125 1252
7130 1253
7135 1257
7140 1255
7145 1274
7150 1259
7155 1331
7160 1267
7165 1261
7170 1263
7175 1262
7180 1263
7185 1268
7190 1332
7195 1265
7200 1266
7205 1266
7210 1275
7215 1273
7220 1274
7225 1273
7230 1315
7235 1274
7240 1239
7245 1240
7250 1243
7255 1321
7260 1245
7265 1246
7270 1352
7275 1301
7280 1248
7285 1247
7290 1248
7295 1302
7300 1251
7305 1253
7310 1299
7315 1244
7320 1223
7325 1225
7330 1224
7335 1224
7340 1306
7345 1227
7350 1410
7355 1353
7360 1230
7365 1230
7370 1306
7375 1318
7380 1260
7385 1431
7390 1271
7395 1267
7400 1266
7405 1267
7410 1271
7415 1272
7420 1271
7425 1287
7430 1414
7435 1474
7440 1245
7445 1318
7450 1244
7455 1245
7460 1248
7465 1306
7470 1321
7475 1285
7480 1285
7485 1320
7490 1284
7495 1287
7500 1294
7505 1255
7510 1498
7515 1276
7520 1259
7525 1258
7530 1263
7535 1380
7540 1309
7545 1298
7550 1336
7555 1301
7560 1300
7565 1299
7570 1380
7575 1373
7580 1306
7585 1497
7590 1659
7595 1340
7600 1341
7605 1345
7610 1343
7615 1342
7620 1349
7625 1395
7630 1350
7635 1350
7640 1350
7645 1339
7650 1316
7655 1426
7660 1851
7665 1654
7670 1650
7675 1319
7680 1321
7685 1320
7690 1323
7695 1441
7700 1327
7705 1330
7710 1403
7715 1326
7720 1328
7725 1329
7730 1382
7735 1585
7740 1335
7745 1335
7750 1335
7755 1338
7760 1335
7765 1336
7770 1377
7775 1339
7780 1339
7785 1307
7790 1387
7795 1308
7800 1616
7805 1494
7810 1525
7815 1374
7820 1348
7825 1348
7830 1350
7835 1371
7840 1350
7845 1393
7850 1353
7855 1389
7860 1353
7865 1355
7870 1360
7875 1434
7880 1362
7885 1529
7890 1327
7895 1325
7900 1326
7905 1329
7910 1328
7915 1384
7920 1425
7925 1330
7930 1334
7935 1332
7940 1335
7945 1415
7950 1410
7955 1339
7960 1539
7965 1340
7970 1341
7975 1342
7980 1502
7985 1415
7990 1365
7995 1422
8000 1379
8005 1417
8010 1382
8015 1383
8020 1383
8025 1391
8030 1371
8035 1519
8040 1355
8045 1356
8050 1357
8055 1356
8060 1357
8065 1496
8070 1415
8075 1357
8080 1400
8085 1364
8090 1364
8095 1458
8100 1453
8105 1405
8110 1461
8115 1365
8120 1368
8125 1368
8130 1445
8135 1374
8140 1511
8145 1557
8150 1372
8155 1375
8160 1377
8165 1425
8170 1417
8175 1414
8180 1538
8185 1417
8190 1415
8195 1432
8200 1385
8205 1382
8210 1384
8215 1465
8220 1387
8225 1654
8230 1463
8235 1390
8240 1391
8245 1392
8250 1530
8255 1392
8260 1393
8265 1503
8270 1396
8275 1395
8280 1397
8285 1514
8290 1398
8295 1400
8300 1439
8305 1403
8310 1449
8315 1514
8320 1565
8325 1549
8330 1434
8335 1550
8340 1443
8345 1446
8350 1447
8355 1528
8360 1452
8365 1435
8370 1416
8375 1414
8380 1421
8385 1419
8390 1568
8395 1544
8400 1541
8405 1422
8410 1425
8415 1422
8420 1616
8425 1498
8430 1469
8435 1535
8440 1466
8445 1467
8450 1469
8455 1466
8460 1542
8465 1578
8470 1429
8475 1631
8480 1437
8485 1437
8490 1440
8495 1516
8500 1476
8505 1477
8510 1616
8515 1796
8520 1775
8525 1597
8530 1543
8535 1525
8540 1554
8545 1535
8550 1529
8555 1535
8560 1535
8565 1532
8570 1533
8575 1538
8580 1537
8585 1538
8590 1494
8595 1608
8600 1494
8605 1542
8610 1497
8615 1500
8620 1477
8625 1462
8630 1544
8635 1539
8640 1464
8645 1470
8650 1511
8655 1471
8660 1616
8665 1636
8670 1471
8675 1474
8680 1475
8685 1555
8690 1475
8695 1628
8700 1475
8705 1476
8710 1478
8715 1476
8720 1556
8725 1555
8730 1699
8735 1486
8740 1483
8745 1487
8750 1488
8755 1623
8760 1563
8765 1563
8770 1488
8775 1491
8780 1527
8785 1493
8790 1595
8795 1570
8800 1703
8805 1961
8810 2053
8815 1570
8820 1700
8825 1550
8830 1642
8835 1590
8840 1584
8845 1585
8850 1587
8855 1587
8860 1664
8865 1569
8870 1597
8875 1653
8880 1552
8885 1586
8890 1724
8895 1553
8900 1551
8905 1594
8910 1557
8915 1555
8920 1645
8925 1671
8930 1521
8935 1522
8940 1520
8945 1635
8950 1527
8955 1645
8960 1527
8965 1525
8970 1565
8975 1527
8980 1533
8985 1611
8990 1707
8995 1533
9000 1558
9005 1534
9010 1533
9015 1559
9020 1631
9025 1703
9030 1576
9035 1580
9040 1578
9045 1582
9050 1672
9055 1705
9060 1582
9065 1674
9070 1585
9075 1589
9080 1548
9085 1674
9090 1680
9095 1550
9100 1686
9105 1577
9110 1593
9115 1719
9120 1678
9125 1594
9130 1600
9135 1600
9140 1601
9145 1605
9150 1636
9155 1671
9160 1602
9165 1710
9170 1564
9175 1565
9180 1742
9185 1564
9190 1567
9195 1568
9200 1569
9205 1572
9210 1720
9215 1575
9220 1572
9225 1575
9230 1577
9235 1617
9240 1581
9245 1846
9250 1654
9255 1579
9260 1580
9265 1618
9270 1686
9275 2058
9280 1843
9285 1683
9290 1673
9295 1675
9300 1698
9305 1697
9310 1680
9315 1677
9320 1681
9325 1676
9330 1696
9335 1684
9340 1676
9345 1640
9350 1675
9355 1640
9360 1637
9365 1780
9370 1625
9375 1599
9380 1599
9385 1683
9390 1680
9395 1693
9400 1610
9405 1766
9410 1694
9415 1718
9420 1716
9425 1764
9430 1677
9435 1661
9440 1666
9445 1712
9450 1706
9455 1754
9460 1742
9465 1792
9470 1619
9475 1659
9480 1621
9485 1665
9490 1807
9495 1626
9500 1629
9505 1628
9510 1628
9515 1672
9520 1711
9525 1703
9530 1632
9535 1631
9540 1678
9545 1743
9550 1833
9555 1637
9560 1640
9565 1638
9570 1720
9575 1642
9580 1714
9585 1640
9590 1639
9595 1641
9600 1644
9605 1837
9610 1857
9615 1645
9620 1651
9625 1671
9630 1693
9635 1694
9640 1740
9645 1697
9650 1698
9655 1690
9660 1742
9665 1732
9670 1932
9675 1656
9680 1658
9685 1715
9690 1706
9695 1749
9700 1768
9705 1708
9710 1835
9715 1667
9720 1672
9725 1671
9730 1907
9735 1744
9740 1717
9745 1827
9750 1791
9755 1720
9760 1729
9765 1720
9770 1678
9775 1680
9780 1681
9785 1685
9790 1900
9795 1680
9800 1685
9805 1768
9810 1754
9815 1686
9820 1766
9825 1688
9830 1760
9835 1690
9840 1769
9845 1692
9850 1914
9855 1739
9860 1738
9865 1776
9870 1743
9875 1893
9880 1699
9885 1701
9890 1698
9895 1699
9900 1704
9905 1810
9910 1863
9915 1703
9920 1704
9925 1786
9930 1710
9935 1789
9940 1709
9945 1829
9950 1794
9955 1712
9960 1715
9965 1876
9970 1716
9975 1886
9980 2235
9985 1964
9990 1828
9995 1816
10000 1817
