5 0
10 0
15 0
20 1
25 1
30 2
35 2
40 3
45 3
50 3
55 4
60 4
65 4
70 5
75 6
80 6
85 6
90 7
95 8
100 8
105 9
110 9
115 10
120 10
125 11
130 11
135 12
140 12
145 13
150 14
155 14
160 15
165 15
170 16
175 17
180 17
185 18
190 18
195 19
200 19
205 20
210 20
215 21
220 22
225 22
230 23
235 24
240 24
245 25
250 26
255 26
260 27
265 28
270 28
275 29
280 29
285 30
290 31
295 32
300 32
305 53
310 34
315 34
320 35
325 36
330 36
335 37
340 37
345 38
350 38
355 39
360 40
365 41
370 41
375 42
380 42
385 43
390 44
395 45
400 45
405 46
410 47
415 48
420 49
425 49
430 50
435 51
440 51
445 51
450 53
455 53
460 54
465 55
470 55
475 56
480 57
485 57
490 59
495 59
500 60
505 61
510 61
515 62
520 63
525 63
530 64
535 64
540 65
545 66
550 68
555 69
560 68
565 70
570 69
575 70
580 72
585 72
590 72
595 73
600 74
605 75
610 75
615 76
620 76
625 78
630 78
635 79
640 80
645 80
650 82
655 99
660 106
665 108
670 98
675 83
680 84
685 85
690 85
695 86
700 86
705 87
710 88
715 89
720 90
725 90
730 91
735 91
740 93
745 93
750 94
755 95
760 96
765 96
770 97
775 98
780 99
785 98
790 157
795 100
800 101
805 102
810 102
815 103
820 103
825 105
830 106
835 106
840 107
845 107
850 108
855 109
860 109
865 111
870 111
875 112
880 194
885 164
890 133
895 116
900 116
905 117
910 118
915 118
920 119
925 120
930 120
935 122
940 122
945 123
950 123
955 124
960 125
965 126
970 126
975 128
980 128
985 129
990 129
995 131
1000 131
1005 132
1010 132
1015 133
1020 134
1025 135
1030 136
1035 136
1040 222
1045 181
1050 138
1055 140
1060 141
1065 141
1070 142
1075 162
1080 197
1085 144
1090 145
1095 145
1100 146
1105 147
1110 148
1115 149
1120 149
1125 150
1130 151
1135 152
1140 154
1145 154
1150 154
1155 155
1160 155
1165 156
1170 156
1175 157
1180 159
1185 160
1190 160
1195 161
1200 239
1205 327
1210 163
1215 164
1220 164
1225 166
1230 166
1235 168
1240 168
1245 169
1250 170
1255 171
1260 171
1265 173
1270 176
1275 259
1280 180
1285 181
1290 182
1295 183
1300 184
1305 183
1310 185
1315 185
1320 186
1325 187
1330 188
1335 188
1340 189
1345 191
1350 190
1355 192
1360 192
1365 231
1370 193
1375 194
1380 196
1385 196
1390 196
1395 198
1400 198
1405 199
1410 201
1415 200
1420 202
1425 228
1430 221
1435 205
1440 206
1445 238
1450 228
1455 208
1460 209
1465 210
1470 211
1475 211
1480 213
1485 214
1490 214
1495 214
1500 215
1505 217
1510 217
1515 218
1520 219
1525 220
1530 220
1535 222
1540 222
1545 223
1550 223
1555 227
1560 226
1565 245
1570 255
1575 249
1580 230
1585 231
1590 232
1595 271
1600 232
1605 234
1610 234
1615 236
1620 235
1625 237
1630 238
1635 238
1640 238
1645 239
1650 263
1655 295
1660 353
1665 247
1670 299
1675 285
1680 309
1685 240
1690 241
1695 241
1700 242
1705 241
1710 243
1715 245
1720 246
1725 246
1730 248
1735 248
1740 249
1745 298
1750 313
1755 259
1760 258
1765 259
1770 261
1775 262
1780 262
1785 263
1790 300
1795 264
1800 265
1805 267
1810 269
1815 320
1820 269
1825 271
1830 271
1835 270
1840 270
1845 273
1850 310
1855 276
1860 275
1865 274
1870 277
1875 305
1880 368
1885 339
1890 376
1895 306
1900 293
1905 297
1910 284
1915 285
1920 285
1925 286
1930 286
1935 291
1940 337
1945 329
1950 320
1955 309
1960 309
1965 293
1970 296
1975 293
1980 295
1985 296
1990 331
1995 297
2000 299
2005 300
2010 300
2015 301
2020 302
2025 303
2030 304
2035 304
2040 306
2045 311
2050 307
2055 308
2060 309
2065 309
2070 310
2075 311
2080 313
2085 315
2090 314
2095 334
2100 499
2105 318
2110 317
2115 319
2120 398
2125 320
2130 323
2135 358
2140 324
2145 324
2150 325
2155 326
2160 326
2165 330
2170 362
2175 347
2180 363
2185 390
2190 344
2195 347
2200 377
2205 347
2210 347
2215 347
2220 347
2225 348
2230 348
2235 353
2240 349
2245 354
2250 354
2255 354
2260 355
2265 357
2270 359
2275 375
2280 399
2285 367
2290 367
2295 362
2300 364
2305 363
2310 364
2315 366
2320 369
2325 726
2330 869
2335 803
2340 805
2345 433
2350 807
2355 812
2360 525
2365 372
2370 736
2375 739
2380 698
2385 665
2390 746
2395 702
2400 708
2405 705
2410 706
2415 706
2420 546
2425 547
2430 609
2435 555
2440 555
2445 551
2450 554
2455 554
2460 554
2465 556
2470 560
2475 560
2480 567
2485 592
2490 477
2495 472
2500 472
2505 475
2510 475
2515 477
2520 476
2525 477
2530 479
2535 512
2540 483
2545 483
2550 483
2555 484
2560 484
2565 486
2570 487
2575 489
2580 490
2585 505
2590 437
2595 435
2600 439
2605 489
2610 490
2615 444
2620 441
2625 441
2630 477
2635 446
2640 446
2645 450
2650 447
2655 448
2660 450
2665 451
2670 450
2675 453
2680 453
2685 453
2690 452
2695 455
2700 455
2705 458
2710 458
2715 457
2720 458
2725 460
2730 461
2735 463
2740 457
2745 441
2750 442
2755 444
2760 444
2765 444
2770 444
2775 445
2780 491
2785 434
2790 436
2795 436
2800 436
2805 437
2810 440
2815 439
2820 442
2825 442
2830 442
2835 443
2840 447
2845 448
2850 448
2855 470
2860 468
2865 450
2870 494
2875 450
2880 488
2885 451
2890 453
2895 454
2900 455
2905 456
2910 459
2915 494
2920 460
2925 461
2930 495
2935 461
2940 462
2945 466
2950 464
2955 508
2960 463
2965 465
2970 466
2975 466
2980 506
2985 469
2990 473
2995 461
3000 460
3005 572
3010 464
3015 464
3020 465
3025 464
3030 464
3035 466
3040 467
3045 468
3050 470
3055 469
3060 469
3065 470
3070 472
3075 652
3080 476
3085 584
3090 489
3095 541
3100 491
3105 493
3110 530
3115 495
3120 494
3125 536
3130 513
3135 495
3140 498
3145 498
3150 498
3155 549
3160 502
3165 500
3170 506
3175 504
3180 504
3185 541
3190 505
3195 507
3200 508
3205 508
3210 509
3215 510
3220 511
3225 513
3230 513
3235 514
3240 514
3245 514
3250 516
3255 516
3260 520
3265 519
3270 578
3275 549
3280 508
3285 572
3290 510
3295 510
3300 512
3305 512
3310 511
3315 514
3320 514
3325 516
3330 515
3335 518
3340 646
3345 519
3350 519
3355 521
3360 521
3365 598
3370 757
3375 625
3380 563
3385 588
3390 577
3395 714
3400 640
3405 530
3410 531
3415 530
3420 533
3425 608
3430 534
3435 611
3440 614
3445 562
3450 551
3455 635
3460 552
3465 593
3470 554
3475 557
3480 558
3485 557
3490 559
3495 559
3500 560
3505 560
3510 562
3515 561
3520 564
3525 566
3530 563
3535 656
3540 570
3545 569
3550 568
3555 653
3560 572
3565 569
3570 573
3575 573
3580 574
3585 614
3590 624
3595 604
3600 601
3605 604
3610 692
3615 659
3620 786
3625 742
3630 698
3635 630
3640 601
3645 603
3650 604
3655 603
3660 606
3665 605
3670 604
3675 606
3680 608
3685 609
3690 608
3695 611
3700 629
3705 621
3710 615
3715 617
3720 616
3725 642
3730 619
3735 621
3740 620
3745 622
3750 622
3755 710
3760 605
3765 606
3770 608
3775 609
3780 612
3785 749
3790 612
3795 683
3800 616
3805 642
3810 615
3815 616
3820 655
3825 617
3830 632
3835 653
3840 681
3845 680
3850 657
3855 624
3860 626
3865 626
3870 623
3875 627
3880 627
3885 627
3890 629
3895 629
3900 631
3905 632
3910 634
3915 676
3920 634
3925 635
3930 636
3935 636
3940 638
3945 734
3950 641
3955 678
3960 706
3965 661
3970 662
3975 679
3980 646
3985 647
3990 649
3995 651
4000 755
4005 668
4010 650
4015 729
4020 655
4025 655
4030 727
4035 654
4040 656
4045 657
4050 660
4055 661
4060 661
4065 662
4070 711
4075 664
4080 665
4085 667
4090 666
4095 666
4100 779
4105 711
4110 719
4115 672
4120 711
4125 671
4130 670
4135 673
4140 675
4145 712
4150 675
4155 675
4160 678
4165 679
4170 679
4175 681
4180 719
4185 682
4190 690
4195 721
4200 684
4205 684
4210 689
4215 687
4220 689
4225 688
4230 729
4235 692
4240 794
4245 789
4250 696
4255 739
4260 697
4265 695
4270 698
4275 699
4280 699
4285 700
4290 701
4295 701
4300 790
4305 704
4310 754
4315 706
4320 706
4325 760
4330 689
4335 690
4340 691
4345 694
4350 696
4355 696
4360 733
4365 775
4370 736
4375 699
4380 786
4385 740
4390 744
4395 774
4400 700
4405 705
4410 765
4415 704
4420 705
4425 706
4430 708
4435 710
4440 710
4445 712
4450 796
4455 768
4460 732
4465 854
4470 715
4475 715
4480 719
4485 717
4490 756
4495 718
4500 721
4505 722
4510 723
4515 724
4520 728
4525 747
4530 753
4535 809
4540 726
4545 728
4550 731
4555 730
4560 731
4565 732
4570 733
4575 736
4580 734
4585 736
4590 737
4595 737
4600 740
4605 814
4610 740
4615 881
4620 994
4625 742
4630 744
4635 822
4640 766
4645 782
4650 778
4655 808
4660 900
4665 774
4670 810
4675 772
4680 775
4685 782
4690 775
4695 777
4700 778
4705 820
4710 779
4715 780
4720 785
4725 782
4730 784
4735 826
4740 784
4745 785
4750 789
4755 788
4760 824
4765 789
4770 829
4775 770
4780 770
4785 812
4790 897
4795 853
4800 775
4805 775
4810 774
4815 779
4820 849
4825 778
4830 819
4835 856
4840 781
4845 931
4850 855
4855 782
4860 861
4865 786
4870 787
4875 787
4880 832
4885 865
4890 821
4895 811
4900 812
4905 815
4910 815
4915 860
4920 817
4925 816
4930 863
4935 817
4940 817
4945 830
4950 801
4955 802
4960 801
4965 806
4970 802
4975 807
4980 844
4985 970
4990 808
4995 808
5000 810
5005 812
5010 814
5015 814
5020 813
5025 813
5030 852
5035 814
5040 1057
5045 890
5050 839
5055 841
5060 970
5065 843
5070 846
5075 845
5080 846
5085 847
5090 848
5095 882
5100 850
5105 890
5110 852
5115 854
5120 845
5125 832
5130 831
5135 832
5140 835
5145 838
5150 837
5155 840
5160 960
5165 922
5170 839
5175 843
5180 840
5185 843
5190 842
5195 846
5200 1001
5205 848
5210 884
5215 888
5220 1000
5225 925
5230 884
5235 933
5240 875
5245 913
5250 875
5255 876
5260 881
5265 897
5270 882
5275 926
5280 918
5285 883
5290 924
5295 883
5300 885
5305 888
5310 886
5315 931
5320 926
5325 890
5330 890
5335 952
5340 907
5345 872
5350 873
5355 874
5360 875
5365 928
5370 874
5375 917
5380 878
5385 882
5390 1004
5395 954
5400 878
5405 880
5410 880
5415 999
5420 884
5425 885
5430 884
5435 887
5440 964
5445 888
5450 970
5455 891
5460 891
5465 894
5470 893
5475 895
5480 974
5485 956
5490 921
5495 924
5500 1028
5505 977
5510 900
5515 901
5520 903
5525 904
5530 904
5535 905
5540 986
5545 908
5550 909
5555 981
5560 988
5565 912
5570 914
5575 957
5580 912
5585 913
5590 914
5595 915
5600 918
5605 1001
5610 1007
5615 1063
5620 919
5625 922
5630 924
5635 963
5640 927
5645 929
5650 926
5655 927
5660 1021
5665 930
5670 1011
5675 931
5680 931
5685 932
5690 935
5695 932
5700 934
5705 936
5710 984
5715 955
5720 1083
5725 1074
5730 942
5735 942
5740 942
5745 1010
5750 967
5755 968
5760 972
5765 971
5770 974
5775 1017
5780 976
5785 978
5790 976
5795 990
5800 953
5805 1036
5810 995
5815 954
5820 977
5825 1022
5830 1034
5835 1111
5840 998
5845 1061
5850 985
5855 989
5860 991
5865 990
5870 989
5875 990
5880 996
5885 996
5890 994
5895 989
5900 971
5905 970
5910 1367
5915 1037
5920 1220
5925 1446
5930 1032
5935 1032
5940 1033
5945 1033
5950 1037
5955 1036
5960 1212
5965 1035
5970 1041
5975 1040
5980 1039
5985 1039
5990 1040
5995 1145
6000 1015
6005 1014
6010 1017
6015 1163
6020 1084
6025 1091
6030 1094
6035 1020
6040 1026
6045 1023
6050 1025
6055 1065
6060 1027
6065 1026
6070 1026
6075 1029
6080 1030
6085 1089
6090 1069
6095 1030
6100 1031
6105 1108
6110 1035
6115 1155
6120 1081
6125 1034
6130 1037
6135 1038
6140 1040
6145 1042
6150 1043
6155 1042
6160 1044
6165 1043
6170 1098
6175 1018
6180 1022
6185 1024
6190 1097
6195 1025
6200 1110
6205 1026
6210 1026
6215 1178
6220 1068
6225 1030
6230 1033
6235 1032
6240 1031
6245 1030
6250 1032
6255 1035
6260 1126
6265 1056
6270 1114
6275 1038
6280 1037
6285 1039
6290 1037
6295 1113
6300 1152
6305 1144
6310 1192
6315 1119
6320 1046
6325 1047
6330 1049
6335 1046
6340 1048
6345 1127
6350 1053
6355 1053
6360 1053
6365 1127
6370 1053
6375 1054
6380 1056
6385 1058
6390 1059
6395 1062
6400 1058
6405 1146
6410 1275
6415 1213
6420 1069
6425 1062
6430 1065
6435 1227
6440 1204
6445 1423
6450 1404
6455 1302
6460 1105
6465 1098
6470 1119
6475 1135
6480 1131
6485 1234
6490 1165
6495 1150
6500 1136
6505 1147
6510 1140
6515 1145
6520 1144
6525 1143
6530 1142
6535 1144
6540 1172
6545 1143
6550 1146
6555 1152
6560 1214
6565 1116
6570 1120
6575 1121
6580 1408
6585 1160
6590 1122
6595 1122
6600 1127
6605 1125
6610 1181
6615 1161
6620 1127
6625 1132
6630 1205
6635 1132
6640 1121
6645 1106
6650 1106
6655 1104
6660 1105
6665 1105
6670 1235
6675 1183
6680 1111
6685 1114
6690 1113
6695 1112
6700 1170
6705 1115
6710 1119
6715 1187
6720 1242
6725 1120
6730 1118
6735 1117
6740 1119
6745 1123
6750 1124
6755 1161
6760 1244
6765 1204
6770 1126
6775 1126
6780 1166
6785 1170
6790 1276
6795 1131
6800 1131
6805 1132
6810 1217
6815 1244
6820 1211
6825 1206
6830 1136
6835 1173
6840 1140
6845 1236
6850 1324
6855 1173
6860 1173
6865 1172
6870 1172
6875 1178
6880 1248
6885 1176
6890 1163
6895 1269
6900 1148
6905 1150
6910 1149
6915 1150
6920 1153
6925 1152
6930 1254
6935 1278
6940 1233
6945 1158
6950 1159
6955 1159
6960 1162
6965 1180
6970 1231
6975 1196
6980 1232
6985 1195
6990 1194
6995 1198
7000 1199
7005 1196
7010 1194
7015 1207
7020 1304
7025 1212
7030 1295
7035 1419
7040 1174
7045 1175
7050 1220
7055 1205
7060 1212
7065 1322
7070 1212
7075 1209
7080 1209
7085 1211
7090 1213
7095 1272
7100 1276
7105 1466
7110 1253
7115 1222
7120 1259
7125 1255
7130 1221
7135 1220
7140 1266
7145 1227
7150 1227
7155 1228
7160 1400
7165 1292
7170 1230
7175 1267
7180 1233
7185 1373
7190 1248
7195 1335
7200 1239
7205 1236
7210 1237
7215 1238
7220 1344
7225 1288
7230 1323
7235 1241
7240 1246
7245 1245
7250 1246
7255 1245
7260 1246
7265 1330
7270 1285
7275 1261
7280 1218
7285 1220
7290 1221
7295 1222
7300 1258
7305 1226
7310 1300
7315 1225
7320 1304
7325 1225
7330 1226
7335 1228
7340 1324
7345 1361
7350 1305
7355 1310
7360 1267
7365 1266
7370 1268
7375 1268
7380 1273
7385 1271
7390 1320
7395 1238
7400 1237
7405 1240
7410 1240
7415 1243
7420 1321
7425 1521
7430 1299
7435 1320
7440 1246
7445 1246
7450 1354
7455 1250
7460 1251
7465 1404
7470 1331
7475 1286
7480 1288
7485 1287
7490 1289
7495 1289
7500 1365
7505 1403
7510 1344
7515 1262
7520 1260
7525 1263
7530 1263
7535 1266
7540 1304
7545 1360
7550 1348
7555 1267
7560 1351
7565 1268
7570 1271
7575 1344
7580 1276
7585 1432
7590 1497
7595 1348
7600 1356
7605 1281
7610 1277
7615 1320
7620 1317
7625 1351
7630 1315
7635 1319
7640 1365
7645 1318
7650 1426
7655 1286
7660 1458
7665 1364
7670 1290
7675 1289
7680 1289
7685 1438
7690 1327
7695 1328
7700 1327
7705 1370
7710 1330
7715 1333
7720 1375
7725 1335
7730 1296
7735 1412
7740 1430
7745 1300
7750 1300
7755 1304
7760 1302
7765 1301
7770 1304
7775 1307
7780 1382
7785 1309
7790 1309
7795 1385
7800 1309
7805 1313
7810 1314
7815 1481
7820 1425
7825 1354
7830 1350
7835 1353
7840 1391
7845 1357
7850 1359
7855 1395
7860 1358
7865 1387
7870 1325
7875 1325
7880 1323
7885 1367
7890 1497
7895 1409
7900 1331
7905 1391
7910 1430
7915 1334
7920 1334
7925 1458
7930 1410
7935 1336
7940 1337
7945 1335
7950 1410
7955 1338
7960 1702
7965 1845
7970 1376
7975 1380
7980 1378
7985 1381
7990 1381
7995 1383
8000 1382
8005 1419
8010 1381
8015 1424
8020 1384
8025 1390
8030 1391
8035 1480
8040 1431
8045 1357
8050 1430
8055 1358
8060 1361
8065 1358
8070 1474
8075 1423
8080 1362
8085 1361
8090 1404
8095 1365
8100 1365
8105 1366
8110 1548
8115 1453
8120 1440
8125 1370
8130 1375
8135 1374
8140 1374
8145 1374
8150 1449
8155 1449
8160 1377
8165 1377
8170 1379
8175 1379
8180 1462
8185 1586
8190 1381
8195 1383
8200 1407
8205 1476
8210 1432
8215 1423
8220 1422
8225 1470
8230 1423
8235 1426
8240 1441
8245 1394
8250 1395
8255 1518
8260 1470
8265 1396
8270 1397
8275 1435
8280 1475
8285 1401
8290 1486
8295 1480
8300 1445
8305 1405
8310 1462
8315 1650
8320 2162
8325 2185
8330 1496
8335 1482
8340 1491
8345 1505
8350 1497
8355 1496
8360 1498
8365 1501
8370 1453
8375 1456
8380 1455
8385 1457
8390 1588
8395 1496
8400 1496
8405 1566
8410 1493
8415 1458
8420 1465
8425 1500
8430 1428
8435 1428
8440 1428
8445 1512
8450 1427
8455 1545
8460 1621
8465 1432
8470 1436
8475 1435
8480 1438
8485 1439
8490 1478
8495 1553
8500 1439
8505 1438
8510 1516
8515 1445
8520 1445
8525 1521
8530 1718
8535 1445
8540 1450
8545 1449
8550 1923
8555 1553
8560 1565
8565 1566
8570 1541
8575 1494
8580 1494
8585 1496
8590 1498
8595 1581
8600 1536
8605 1576
8610 1537
8615 1502
8620 1503
8625 1580
8630 1586
8635 1595
8640 1509
8645 1508
8650 1509
8655 1508
8660 1605
8665 1547
8670 1471
8675 1473
8680 1512
8685 1514
8690 1476
8695 1627
8700 1551
8705 1478
8710 1549
8715 1478
8720 1499
8725 1522
8730 1592
8735 1605
8740 1484
8745 1487
8750 1488
8755 1488
8760 1573
8765 1602
8770 1493
8775 1805
8780 1645
8785 1534
8790 1536
8795 1628
8800 1682
8805 1538
8810 1568
8815 1498
8820 1502
8825 1603
8830 1577
8835 1574
8840 1575
8845 1504
8850 1504
8855 1544
8860 1628
8865 1581
8870 1510
8875 1511
8880 1510
8885 1594
8890 1511
8895 1512
8900 1589
8905 1517
8910 1519
8915 1518
8920 1636
8925 1607
8930 1653
8935 1552
8940 1566
8945 1603
8950 1561
8955 1562
8960 1568
8965 1709
8970 1648
8975 1531
8980 1530
8985 1533
8990 1712
8995 1671
9000 1571
9005 1572
9010 1576
9015 1576
9020 1579
9025 1786
9030 1541
9035 1541
9040 1622
9045 1540
9050 1546
9055 1714
9060 1625
9065 1546
9070 1777
9075 1546
9080 1550
9085 1552
9090 1684
9095 1623
9100 1551
9105 1553
9110 1553
9115 1553
9120 1726
9125 1637
9130 1561
9135 1561
9140 1676
9145 1636
9150 1600
9155 1644
9160 1564
9165 1566
9170 1571
9175 1572
9180 1570
9185 1739
9190 1647
9195 1571
9200 1575
9205 1688
9210 1575
9215 1650
9220 1655
9225 1578
9230 1578
9235 1693
9240 1577
9245 1579
9250 1738
9255 1581
9260 1586
9265 2024
9270 1669
9275 1658
9280 1691
9285 1640
9290 1780
9295 1675
9300 1676
9305 1676
9310 1756
9315 1683
9320 1688
9325 1654
9330 1641
9335 1641
9340 1688
9345 1678
9350 1654
9355 1601
9360 1761
9365 1637
9370 1728
9375 1680
9380 1632
9385 1685
9390 1650
9395 1651
9400 1652
9405 1701
9410 1647
9415 1615
9420 1795
9425 1631
9430 1683
9435 1856
9440 1670
9445 1659
9450 1660
9455 1661
9460 1665
9465 1709
9470 1622
9475 1701
9480 1626
9485 1625
9490 1627
9495 1785
9500 1627
9505 1629
9510 1632
9515 1710
9520 1997
9525 1792
9530 1743
9535 1680
9540 1724
9545 1686
9550 1689
9555 1858
9560 1740
9565 1749
9570 1727
9575 1700
9580 1744
9585 1739
9590 1826
9595 1740
9600 1742
9605 1796
9610 1786
9615 1753
9620 1738
9625 1744
9630 1748
9635 1731
9640 1793
9645 1778
9650 1699
9655 1917
9660 1798
9665 1794
9670 1809
9675 1764
9680 1781
9685 1764
9690 1756
9695 1767
9700 1761
9705 1763
9710 1839
9715 1763
9720 1714
9725 1721
9730 1813
9735 1715
9740 1719
9745 1723
9750 1720
9755 1720
9760 1725
9765 1725
9770 1730
9775 1681
9780 1687
9785 1704
9790 1848
9795 1688
9800 1756
9805 1951
9810 1761
9815 1688
9820 1926
9825 2246
9830 2341
9835 1734
9840 1944
9845 1807
9850 1827
9855 1792
9860 1815
9865 1821
9870 1792
9875 1803
9880 1825
9885 1821
9890 1818
9895 1796
9900 1849
9905 1825
9910 1803
9915 1802
9920 1828
9925 1805
9930 1901
9935 1836
9940 1758
9945 1835
9950 1890
9955 1863
9960 1883
9965 1826
9970 1811
9975 1839
9980 1836
9985 1843
9990 1840
9995 1858
10000 1818
