5 0
10 0
15 0
20 1
25 1
30 2
35 2
40 2
45 3
50 3
55 4
60 4
65 7
70 5
75 6
80 6
85 7
90 7
95 7
100 8
105 9
110 9
115 9
120 10
125 11
130 11
135 12
140 12
145 13
150 14
155 14
160 15
165 15
170 16
175 16
180 17
185 17
190 18
195 19
200 19
205 20
210 20
215 21
220 22
225 22
230 23
235 24
240 25
245 25
250 26
255 27
260 27
265 28
270 29
275 29
280 30
285 31
290 31
295 32
300 32
305 33
310 34
315 34
320 35
325 43
330 66
335 51
340 38
345 38
350 38
355 40
360 40
365 41
370 42
375 42
380 43
385 43
390 45
395 45
400 46
405 46
410 47
415 48
420 49
425 49
430 50
435 50
440 51
445 52
450 52
455 53
460 54
465 55
470 56
475 56
480 57
485 57
490 58
495 59
500 59
505 60
510 81
515 96
520 65
525 77
530 64
535 65
540 66
545 66
550 67
555 68
560 68
565 69
570 70
575 71
580 72
585 72
590 73
595 73
600 74
605 75
610 76
615 77
620 77
625 78
630 78
635 80
640 80
645 81
650 81
655 83
660 82
665 84
670 84
675 85
680 86
685 86
690 87
695 88
700 89
705 90
710 90
715 91
720 93
725 93
730 93
735 125
740 112
745 136
750 107
755 114
760 98
765 99
770 100
775 100
780 101
785 102
790 102
795 102
800 103
805 104
810 126
815 128
820 108
825 107
830 108
835 110
840 109
845 110
850 156
855 129
860 131
865 114
870 115
875 116
880 117
885 117
890 117
895 118
900 120
905 120
910 121
915 122
920 122
925 123
930 125
935 125
940 126
945 126
950 164
955 148
960 130
965 130
970 130
975 131
980 132
985 133
990 191
995 136
1000 136
1005 136
1010 138
1015 139
1020 139
1025 174
1030 141
1035 141
1040 143
1045 143
1050 143
1055 144
1060 145
1065 146
1070 147
1075 148
1080 148
1085 148
1090 149
1095 150
1100 151
1105 152
1110 152
1115 153
1120 154
1125 155
1130 156
1135 156
1140 156
1145 158
1150 159
1155 160
1160 160
1165 161
1170 162
1175 162
1180 163
1185 164
1190 165
1195 166
1200 166
1205 167
1210 167
1215 170
1220 211
1225 171
1230 172
1235 173
1240 174
1245 175
1250 176
1255 177
1260 177
1265 178
1270 178
1275 179
1280 179
1285 180
1290 183
1295 204
1300 197
1305 183
1310 183
1315 185
1320 186
1325 188
1330 258
1335 237
1340 191
1345 211
1350 207
1355 230
1360 194
1365 193
1370 194
1375 195
1380 196
1385 197
1390 198
1395 199
1400 199
1405 201
1410 201
1415 201
1420 202
1425 203
1430 205
1435 204
1440 207
1445 266
1450 207
1455 208
1460 210
1465 210
1470 211
1475 212
1480 214
1485 216
1490 215
1495 216
1500 216
1505 216
1510 252
1515 237
1520 254
1525 260
1530 256
1535 255
1540 222
1545 224
1550 224
1555 226
1560 226
1565 227
1570 228
1575 229
1580 230
1585 231
1590 232
1595 233
1600 234
1605 303
1610 253
1615 283
1620 293
1625 274
1630 270
1635 247
1640 248
1645 276
1650 254
1655 249
1660 251
1665 255
1670 255
1675 254
1680 257
1685 259
1690 258
1695 257
1700 257
1705 267
1710 267
1715 259
1720 259
1725 261
1730 261
1735 262
1740 263
1745 263
1750 265
1755 266
1760 265
1765 267
1770 268
1775 269
1780 271
1785 275
1790 271
1795 273
1800 275
1805 274
1810 275
1815 275
1820 275
1825 278
1830 279
1835 279
1840 280
1845 280
1850 281
1855 283
1860 312
1865 283
1870 287
1875 286
1880 285
1885 344
1890 311
1895 319
1900 283
1905 321
1910 283
1915 325
1920 327
1925 296
1930 296
1935 297
1940 297
1945 298
1950 299
1955 307
1960 300
1965 303
1970 301
1975 303
1980 313
1985 325
1990 313
1995 311
2000 309
2005 313
2010 309
2015 310
2020 311
2025 313
2030 319
2035 329
2040 320
2045 319
2050 349
2055 319
2060 321
2065 322
2070 320
2075 320
2080 322
2085 323
2090 323
2095 329
2100 324
2105 327
2110 353
2115 340
2120 332
2125 331
2130 333
2135 337
2140 335
2145 338
2150 337
2155 340
2160 353
2165 344
2170 341
2175 339
2180 343
2185 340
2190 345
2195 343
2200 350
2205 345
2210 344
2215 350
2220 346
2225 345
2230 347
2235 351
2240 346
2245 349
2250 349
2255 352
2260 351
2265 353
2270 355
2275 353
2280 386
2285 358
2290 357
2295 359
2300 358
2305 389
2310 374
2315 362
2320 363
2325 363
2330 364
2335 366
2340 366
2345 367
2350 369
2355 400
2360 371
2365 370
2370 372
2375 371
2380 372
2385 375
2390 375
2395 376
2400 376
2405 379
2410 377
2415 379
2420 381
2425 380
2430 382
2435 394
2440 372
2445 376
2450 375
2455 376
2460 379
2465 378
2470 379
2475 494
2480 382
2485 381
2490 424
2495 383
2500 385
2505 385
2510 386
2515 388
2520 387
2525 390
2530 390
2535 391
2540 391
2545 393
2550 395
2555 394
2560 396
2565 395
2570 396
2575 399
2580 398
2585 403
2590 400
2595 494
2600 403
2605 403
2610 404
2615 442
2620 405
2625 406
2630 406
2635 407
2640 409
2645 408
2650 412
2655 412
2660 411
2665 414
2670 450
2675 421
2680 405
2685 406
2690 406
2695 429
2700 458
2705 420
2710 422
2715 421
2720 473
2725 444
2730 424
2735 463
2740 424
2745 440
2750 416
2755 417
2760 419
2765 419
2770 420
2775 422
2780 421
2785 422
2790 423
2795 424
2800 426
2805 425
2810 425
2815 428
2820 429
2825 428
2830 429
2835 469
2840 431
2845 431
2850 433
2855 508
2860 434
2865 435
2870 437
2875 438
2880 438
2885 439
2890 440
2895 557
2900 443
2905 442
2910 443
2915 495
2920 472
2925 457
2930 459
2935 460
2940 462
2945 470
2950 471
2955 602
2960 452
2965 529
2970 454
2975 455
2980 455
2985 459
2990 458
2995 474
3000 472
3005 472
3010 473
3015 474
3020 475
3025 476
3030 478
3035 477
3040 478
3045 480
3050 479
3055 487
3060 483
3065 482
3070 503
3075 483
3080 484
3085 487
3090 488
3095 498
3100 475
3105 475
3110 479
3115 482
3120 480
3125 481
3130 482
3135 556
3140 556
3145 485
3150 606
3155 486
3160 546
3165 559
3170 509
3175 552
3180 492
3185 492
3190 512
3195 505
3200 529
3205 527
3210 528
3215 632
3220 639
3225 525
3230 557
3235 528
3240 530
3245 529
3250 530
3255 536
3260 538
3265 538
3270 670
3275 671
3280 672
3285 665
3290 668
3295 611
3300 538
3305 540
3310 543
3315 545
3320 548
3325 546
3330 549
3335 551
3340 550
3345 730
3350 594
3355 677
3360 691
3365 691
3370 692
3375 686
3380 687
3385 694
3390 688
3395 694
3400 696
3405 707
3410 695
3415 715
3420 694
3425 625
3430 575
3435 550
3440 550
3445 570
3450 575
3455 536
3460 537
3465 538
3470 540
3475 540
3480 541
3485 540
3490 541
3495 614
3500 542
3505 717
3510 559
3515 664
3520 564
3525 568
3530 565
3535 595
3540 584
3545 593
3550 588
3555 586
3560 615
3565 777
3570 753
3575 714
3580 592
3585 602
3590 592
3595 619
3600 594
3605 598
3610 580
3615 584
3620 582
3625 583
3630 586
3635 624
3640 585
3645 585
3650 586
3655 587
3660 590
3665 635
3670 627
3675 611
3680 632
3685 594
3690 594
3695 598
3700 598
3705 597
3710 599
3715 599
3720 650
3725 599
3730 600
3735 603
3740 606
3745 605
3750 720
3755 623
3760 639
3765 662
3770 638
3775 642
3780 626
3785 626
3790 627
3795 630
3800 612
3805 613
3810 637
3815 728
3820 672
3825 617
3830 618
3835 755
3840 637
3845 636
3850 620
3855 621
3860 624
3865 622
3870 655
3875 625
3880 625
3885 626
3890 628
3895 656
3900 778
3905 663
3910 651
3915 716
3920 668
3925 671
3930 633
3935 635
3940 637
3945 638
3950 691
3955 638
3960 639
3965 643
3970 641
3975 642
3980 646
3985 679
3990 771
3995 646
4000 690
4005 647
4010 710
4015 669
4020 668
4025 670
4030 652
4035 652
4040 693
4045 656
4050 658
4055 658
4060 659
4065 733
4070 658
4075 704
4080 661
4085 662
4090 682
4095 665
4100 664
4105 702
4110 665
4115 667
4120 669
4125 669
4130 669
4135 672
4140 671
4145 769
4150 718
4155 675
4160 675
4165 676
4170 678
4175 742
4180 681
4185 683
4190 681
4195 680
4200 682
4205 683
4210 686
4215 699
4220 688
4225 817
4230 688
4235 690
4240 690
4245 692
4250 694
4255 694
4260 768
4265 693
4270 698
4275 697
4280 698
4285 776
4290 797
4295 703
4300 701
4305 701
4310 702
4315 703
4320 742
4325 706
4330 708
4335 710
4340 708
4345 728
4350 711
4355 712
4360 786
4365 711
4370 715
4375 716
4380 722
4385 697
4390 702
4395 700
4400 700
4405 703
4410 703
4415 701
4420 878
4425 745
4430 845
4435 1010
4440 1008
4445 836
4450 776
4455 729
4460 780
4465 732
4470 731
4475 734
4480 735
4485 733
4490 738
4495 738
4500 809
4505 739
4510 823
4515 828
4520 740
4525 741
4530 824
4535 743
4540 745
4545 745
4550 747
4555 749
4560 863
4565 783
4570 751
4575 751
4580 795
4585 754
4590 753
4595 818
4600 756
4605 759
4610 761
4615 763
4620 822
4625 853
4630 803
4635 767
4640 763
4645 765
4650 767
4655 766
4660 770
4665 771
4670 768
4675 771
4680 834
4685 1056
4690 920
4695 820
4700 799
4705 801
4710 800
4715 804
4720 802
4725 804
4730 805
4735 801
4740 807
4745 806
4750 804
4755 807
4760 818
4765 811
4770 809
4775 808
4780 812
4785 815
4790 814
4795 817
4800 821
4805 820
4810 795
4815 921
4820 837
4825 797
4830 799
4835 800
4840 800
4845 802
4850 802
4855 804
4860 804
4865 805
4870 805
4875 811
4880 809
4885 854
4890 848
4895 809
4900 812
4905 815
4910 816
4915 813
4920 815
4925 812
4930 863
4935 883
4940 886
4945 994
4950 836
4955 883
4960 803
4965 803
4970 803
4975 806
4980 833
4985 828
4990 893
4995 830
5000 832
5005 833
5010 833
5015 833
5020 831
5025 834
5030 835
5035 913
5040 838
5045 850
5050 819
5055 819
5060 975
5065 843
5070 866
5075 825
5080 825
5085 825
5090 828
5095 827
5100 827
5105 828
5110 832
5115 831
5120 873
5125 832
5130 916
5135 834
5140 835
5145 836
5150 909
5155 835
5160 843
5165 838
5170 841
5175 844
5180 924
5185 879
5190 934
5195 919
5200 914
5205 850
5210 848
5215 888
5220 849
5225 848
5230 849
5235 890
5240 854
5245 997
5250 853
5255 856
5260 856
5265 859
5270 858
5275 860
5280 934
5285 884
5290 1012
5295 864
5300 1050
5305 1007
5310 918
5315 891
5320 891
5325 896
5330 1027
5335 1050
5340 897
5345 893
5350 897
5355 933
5360 941
5365 1029
5370 1084
5375 899
5380 901
5385 902
5390 951
5395 906
5400 903
5405 977
5410 908
5415 938
5420 931
5425 931
5430 947
5435 936
5440 937
5445 938
5450 937
5455 941
5460 942
5465 951
5470 918
5475 919
5480 920
5485 921
5490 919
5495 920
5500 918
5505 961
5510 1125
5515 971
5520 972
5525 928
5530 928
5535 926
5540 932
5545 930
5550 976
5555 934
5560 986
5565 968
5570 930
5575 989
5580 913
5585 914
5590 1032
5595 916
5600 917
5605 917
5610 918
5615 920
5620 925
5625 1095
5630 1001
5635 923
5640 923
5645 927
5650 928
5655 926
5660 927
5665 967
5670 930
5675 932
5680 934
5685 1007
5690 932
5695 1007
5700 935
5705 935
5710 936
5715 937
5720 937
5725 941
5730 980
5735 1261
5740 1001
5745 968
5750 969
5755 969
5760 987
5765 947
5770 979
5775 971
5780 977
5785 977
5790 1125
5795 1015
5800 976
5805 1017
5810 1019
5815 1017
5820 982
5825 985
5830 984
5835 1058
5840 1022
5845 1049
5850 991
5855 990
5860 990
5865 1028
5870 991
5875 993
5880 992
5885 991
5890 1029
5895 994
5900 993
5905 996
5910 999
5915 1000
5920 999
5925 1037
5930 1079
5935 1084
5940 1076
5945 1004
5950 1004
5955 1007
5960 1006
5965 1007
5970 1007
5975 1013
5980 1010
5985 1013
5990 1015
5995 1050
6000 1016
6005 1016
6010 991
6015 991
6020 993
6025 997
6030 995
6035 1014
6040 1097
6045 1089
6050 998
6055 1070
6060 995
6065 999
6070 1118
6075 1002
6080 1003
6085 1091
6090 1002
6095 1058
6100 1010
6105 1008
6110 1008
6115 1010
6120 1011
6125 1014
6130 1012
6135 1102
6140 1065
6145 1278
6150 1043
6155 1196
6160 1230
6165 1152
6170 1092
6175 1095
6180 1096
6185 1049
6190 1139
6195 1087
6200 1087
6205 1132
6210 1167
6215 1132
6220 1089
6225 1093
6230 1144
6235 1101
6240 1088
6245 1087
6250 1092
6255 1089
6260 1094
6265 1091
6270 1092
6275 1108
6280 1142
6285 1068
6290 1067
6295 1069
6300 1071
6305 1073
6310 1072
6315 1116
6320 1087
6325 1095
6330 1206
6335 1124
6340 1120
6345 1053
6350 1051
6355 1051
6360 1180
6365 1081
6370 1082
6375 1142
6380 1082
6385 1160
6390 1085
6395 1086
6400 1086
6405 1090
6410 1084
6415 1188
6420 1142
6425 1186
6430 1065
6435 1068
6440 1070
6445 1070
6450 1156
6455 1096
6460 1137
6465 1099
6470 1123
6475 1148
6480 1103
6485 1102
6490 1102
6495 1143
6500 1552
6505 1203
6510 1154
6515 1081
6520 1162
6525 1085
6530 1084
6535 1150
6540 1115
6545 1408
6550 1125
6555 1293
6560 1118
6565 1119
6570 1120
6575 1123
6580 1239
6585 1164
6590 1159
6595 1215
6600 1173
6605 1125
6610 1127
6615 1127
6620 1130
6625 1131
6630 1132
6635 1216
6640 1131
6645 1177
6650 1133
6655 1135
6660 1242
6665 1136
6670 1138
6675 1137
6680 1259
6685 1243
6690 1188
6695 1181
6700 1182
6705 1148
6710 1149
6715 1199
6720 1150
6725 1151
6730 1187
6735 1149
6740 1151
6745 1120
6750 1122
6755 1123
6760 1165
6765 1125
6770 1285
6775 1188
6780 1127
6785 1128
6790 1132
6795 1137
6800 1132
6805 1134
6810 1283
6815 1136
6820 1209
6825 1135
6830 1135
6835 1226
6840 1224
6845 1139
6850 1179
6855 1141
6860 1305
6865 1247
6870 1177
6875 1178
6880 1180
6885 1180
6890 1179
6895 1180
6900 1302
6905 1342
6910 1581
6915 1435
6920 1283
6925 1153
6930 1155
6935 1159
6940 1272
6945 1336
6950 1233
6955 1191
6960 1237
6965 1194
6970 1195
6975 1194
6980 1197
6985 1271
6990 1236
6995 1235
7000 1308
7005 1202
7010 1202
7015 1205
7020 1302
7025 1343
7030 1244
7035 1206
7040 1281
7045 1207
7050 1209
7055 1206
7060 1223
7065 1221
7070 1221
7075 1182
7080 1182
7085 1257
7090 1303
7095 1261
7100 1226
7105 1332
7110 1343
7115 1220
7120 1222
7125 1223
7130 1225
7135 1269
7140 1224
7145 1226
7150 1228
7155 1264
7160 1229
7165 1229
7170 1231
7175 1236
7180 1238
7185 1244
7190 1380
7195 1361
7200 1245
7205 1207
7210 1206
7215 1243
7220 1297
7225 1289
7230 1246
7235 1327
7240 1211
7245 1273
7250 1248
7255 1247
7260 1289
7265 1248
7270 1368
7275 1291
7280 1253
7285 1252
7290 1294
7295 1255
7300 1253
7305 1255
7310 1258
7315 1333
7320 1260
7325 1260
7330 1228
7335 1228
7340 1228
7345 1252
7350 1441
7355 1312
7360 1236
7365 1312
7370 1275
7375 1239
7380 1235
7385 1237
7390 1241
7395 1354
7400 1243
7405 1243
7410 1244
7415 1245
7420 1362
7425 1282
7430 1337
7435 1373
7440 1275
7445 1279
7450 1282
7455 1371
7460 1321
7465 1285
7470 1327
7475 1361
7480 1291
7485 1290
7490 1289
7495 1291
7500 1293
7505 1463
7510 1485
7515 1345
7520 1297
7525 1570
7530 1300
7535 1352
7540 1303
7545 1380
7550 1374
7555 1304
7560 1303
7565 1305
7570 1399
7575 1422
7580 1348
7585 1362
7590 1340
7595 1310
7600 1308
7605 1357
7610 1316
7615 1314
7620 1315
7625 1316
7630 1351
7635 1318
7640 1316
7645 1319
7650 1436
7655 1366
7660 1287
7665 1413
7670 1291
7675 1414
7680 1296
7685 1334
7690 1335
7695 1294
7700 1295
7705 1379
7710 1298
7715 1298
7720 1301
7725 1301
7730 1302
7735 1304
7740 1506
7745 1420
7750 1307
7755 1408
7760 1305
7765 1363
7770 1343
7775 1343
7780 1382
7785 1442
7790 1346
7795 1346
7800 1348
7805 1313
7810 1372
7815 1420
7820 1394
7825 1317
7830 1389
7835 1392
7840 1320
7845 1343
7850 1322
7855 1520
7860 1361
7865 1325
7870 1327
7875 1327
7880 1331
7885 1332
7890 1401
7895 1405
7900 1334
7905 1332
7910 1334
7915 1338
7920 1337
7925 1416
7930 1338
7935 1413
7940 1338
7945 1339
7950 1418
7955 1340
7960 1345
7965 1463
7970 1454
7975 1345
7980 1344
7985 1345
7990 1348
7995 1411
8000 1348
8005 1351
8010 1502
8015 1431
8020 1350
8025 1354
8030 1481
8035 1356
8040 1474
8045 1460
8050 1396
8055 1396
8060 1398
8065 1398
8070 1397
8075 1400
8080 1479
8085 1364
8090 1371
8095 1368
8100 1369
8105 1442
8110 1405
8115 1605
8120 1469
8125 1391
8130 1372
8135 1373
8140 1374
8145 1494
8150 1418
8155 1454
8160 1416
8165 1416
8170 1420
8175 1417
8180 1490
8185 1608
8190 1460
8195 1387
8200 1386
8205 1386
8210 1388
8215 1490
8220 1428
8225 1594
8230 1430
8235 1428
8240 1432
8245 1430
8250 1428
8255 1453
8260 1475
8265 1473
8270 1400
8275 1398
8280 1438
8285 1401
8290 1566
8295 1480
8300 1406
8305 1425
8310 1406
8315 1408
8320 1483
8325 1408
8330 1530
8335 1482
8340 1551
8345 1454
8350 1497
8355 1455
8360 1607
8365 1489
8370 1454
8375 1457
8380 1458
8385 1460
8390 1457
8395 1751
8400 1553
8405 1530
8410 1464
8415 1462
8420 1463
8425 1467
8430 1467
8435 1548
8440 1467
8445 1502
8450 1484
8455 1431
8460 1433
8465 1562
8470 1600
8475 1439
8480 1802
8485 1560
8490 1591
8495 1557
8500 1549
8505 1560
8510 1481
8515 1483
8520 1563
8525 1484
8530 1554
8535 1579
8540 1492
8545 1489
8550 1491
8555 1490
8560 1489
8565 1492
8570 1569
8575 1493
8580 1496
8585 1499
8590 1498
8595 1538
8600 1625
8605 1555
8610 1462
8615 1463
8620 1463
8625 1540
8630 1468
8635 1466
8640 1544
8645 1469
8650 1471
8655 1546
8660 1561
8665 1517
8670 1676
8675 2113
8680 1937
8685 1478
8690 1478
8695 1693
8700 1622
8705 1518
8710 1648
8715 1604
8720 1616
8725 1520
8730 1648
8735 1636
8740 1560
8745 1527
8750 1605
8755 1527
8760 1528
8765 1641
8770 1531
8775 1530
8780 1535
8785 1532
8790 1577
8795 1806
8800 1849
8805 1583
8810 1585
8815 1582
8820 1582
8825 1583
8830 1587
8835 1589
8840 1588
8845 1590
8850 1547
8855 1552
8860 1630
8865 1629
8870 1551
8875 1596
8880 1513
8885 1517
8890 1514
8895 1588
8900 1515
8905 1517
8910 1603
8915 1597
8920 1521
8925 1625
8930 1597
8935 1559
8940 1524
8945 1528
8950 1597
8955 1565
8960 1583
8965 1634
8970 1599
8975 1532
8980 1530
8985 1533
8990 1751
8995 1690
9000 1576
9005 1573
9010 1576
9015 1576
9020 1578
9025 1625
9030 1578
9035 1544
9040 1541
9045 1544
9050 1616
9055 1708
9060 1619
9065 1636
9070 1547
9075 1549
9080 1550
9085 1552
9090 1666
9095 1553
9100 1552
9105 1552
9110 1638
9115 1557
9120 1804
9125 1670
9130 1600
9135 1655
9140 1601
9145 1604
9150 1606
9155 1640
9160 1567
9165 1740
9170 1693
9175 1571
9180 1689
9185 1831
9190 1612
9195 1612
9200 1651
9205 1618
9210 1665
9215 1617
9220 1737
9225 1618
9230 1618
9235 1620
9240 1646
9245 1665
9250 1658
9255 1581
9260 1586
9265 1584
9270 1741
9275 1584
9280 1685
9285 1588
9290 1589
9295 1628
9300 1705
9305 1591
9310 1768
9315 1597
9320 1594
9325 1609
9330 1638
9335 1642
9340 1712
9345 1677
9350 1723
9355 1648
9360 1601
9365 1603
9370 1683
9375 1679
9380 1606
9385 1606
9390 1610
9395 1611
9400 1689
9405 1728
9410 1684
9415 1685
9420 1702
9425 1687
9430 1616
9435 1788
9440 1616
9445 1659
9450 1617
9455 1618
9460 1619
9465 1704
9470 1699
9475 1625
9480 1626
9485 1626
9490 1628
9495 1870
9500 1712
9505 1629
9510 1668
9515 1707
9520 1636
9525 1673
9530 1711
9535 1707
9540 1637
9545 1641
9550 1637
9555 1700
9560 1739
9565 1643
9570 1642
9575 1714
9580 1645
9585 1740
9590 1812
9595 1806
9600 1646
9605 1648
9610 1646
9615 1655
9620 1871
9625 1691
9630 1840
9635 1653
9640 1655
9645 1691
9650 1804
9655 1702
9660 1773
9665 1702
9670 1705
9675 1760
9680 1780
9685 1666
9690 1666
9695 1740
9700 1815
9705 1750
9710 1748
9715 1713
9720 1710
9725 1766
9730 1694
9735 1922
9740 1747
9745 1677
9750 1676
9755 1740
9760 1763
9765 1725
9770 1762
9775 1722
9780 1764
9785 1713
9790 1686
9795 1885
9800 1771
9805 1688
9810 1688
9815 1691
9820 1690
9825 1731
9830 1807
9835 1688
9840 1808
9845 1693
9850 1812
9855 1877
9860 1777
9865 1716
9870 1827
9875 1744
9880 1885
9885 2100
9890 1745
9895 1785
9900 1752
9905 1748
9910 1780
9915 1823
9920 1752
9925 1793
9930 1753
9935 2130
9940 1923
9945 2020
9950 1807
9955 1806
9960 1814
9965 1822
9970 1815
9975 1763
9980 1764
9985 1768
9990 1765
9995 1841
10000 1827
