5 0
10 0
15 0
20 1
25 1
30 1
35 2
40 2
45 3
50 3
55 4
60 4
65 5
70 5
75 6
80 6
85 6
90 7
95 7
100 8
105 9
110 9
115 10
120 10
125 11
130 11
135 12
140 13
145 13
150 14
155 14
160 15
165 15
170 16
175 17
180 17
185 18
190 19
195 19
200 20
205 40
210 23
215 38
220 22
225 23
230 23
235 24
240 25
245 25
250 26
255 27
260 27
265 27
270 28
275 29
280 30
285 30
290 31
295 32
300 32
305 33
310 33
315 34
320 35
325 36
330 38
335 37
340 38
345 38
350 39
355 40
360 41
365 41
370 42
375 55
380 41
385 42
390 43
395 44
400 45
405 45
410 46
415 47
420 47
425 48
430 48
435 49
440 50
445 50
450 51
455 52
460 52
465 53
470 54
475 55
480 55
485 56
490 57
495 57
500 58
505 59
510 59
515 59
520 61
525 61
530 63
535 63
540 64
545 65
550 65
555 67
560 67
565 67
570 68
575 69
580 69
585 70
590 71
595 71
600 73
605 73
610 74
615 75
620 75
625 76
630 77
635 77
640 78
645 79
650 80
655 80
660 101
665 144
670 99
675 83
680 84
685 84
690 85
695 86
700 87
705 87
710 88
715 89
720 89
725 90
730 91
735 92
740 92
745 93
750 94
755 95
760 96
765 96
770 97
775 98
780 98
785 100
790 100
795 101
800 101
805 103
810 103
815 104
820 104
825 105
830 106
835 106
840 107
845 108
850 108
855 110
860 111
865 111
870 112
875 112
880 113
885 183
890 125
895 124
900 120
905 121
910 121
915 122
920 123
925 124
930 124
935 163
940 126
945 176
950 135
955 148
960 130
965 130
970 131
975 132
980 133
985 133
990 133
995 134
1000 136
1005 135
1010 137
1015 138
1020 163
1025 157
1030 139
1035 140
1040 141
1045 142
1050 143
1055 143
1060 145
1065 146
1070 170
1075 148
1080 148
1085 149
1090 150
1095 150
1100 151
1105 152
1110 151
1115 153
1120 153
1125 154
1130 155
1135 156
1140 157
1145 158
1150 159
1155 159
1160 160
1165 161
1170 161
1175 163
1180 163
1185 164
1190 165
1195 165
1200 209
1205 175
1210 176
1215 211
1220 175
1225 189
1230 173
1235 173
1240 173
1245 174
1250 175
1255 175
1260 177
1265 234
1270 250
1275 179
1280 180
1285 218
1290 181
1295 218
1300 182
1305 184
1310 184
1315 185
1320 186
1325 187
1330 189
1335 188
1340 190
1345 191
1350 192
1355 192
1360 193
1365 193
1370 194
1375 196
1380 196
1385 231
1390 232
1395 198
1400 199
1405 200
1410 201
1415 202
1420 202
1425 204
1430 204
1435 206
1440 209
1445 207
1450 208
1455 210
1460 211
1465 210
1470 270
1475 232
1480 212
1485 214
1490 215
1495 216
1500 217
1505 282
1510 240
1515 219
1520 219
1525 221
1530 222
1535 222
1540 259
1545 224
1550 320
1555 284
1560 287
1565 274
1570 244
1575 237
1580 237
1585 236
1590 238
1595 239
1600 240
1605 240
1610 242
1615 248
1620 248
1625 248
1630 278
1635 248
1640 250
1645 248
1650 248
1655 252
1660 254
1665 252
1670 252
1675 271
1680 254
1685 254
1690 258
1695 255
1700 257
1705 258
1710 259
1715 260
1720 261
1725 261
1730 265
1735 263
1740 266
1745 267
1750 271
1755 268
1760 280
1765 284
1770 274
1775 280
1780 308
1785 305
1790 297
1795 276
1800 322
1805 281
1810 278
1815 302
1820 279
1825 279
1830 281
1835 285
1840 286
1845 299
1850 339
1855 282
1860 282
1865 284
1870 287
1875 339
1880 289
1885 289
1890 291
1895 291
1900 290
1905 291
1910 292
1915 298
1920 296
1925 295
1930 296
1935 298
1940 298
1945 299
1950 399
1955 300
1960 302
1965 315
1970 305
1975 305
1980 306
1985 306
1990 307
1995 308
2000 308
2005 311
2010 310
2015 313
2020 312
2025 314
2030 314
2035 316
2040 316
2045 316
2050 316
2055 318
2060 320
2065 320
2070 325
2075 359
2080 327
2085 341
2090 340
2095 352
2100 324
2105 329
2110 331
2115 362
2120 331
2125 332
2130 333
2135 334
2140 336
2145 334
2150 336
2155 336
2160 339
2165 337
2170 337
2175 342
2180 339
2185 373
2190 342
2195 343
2200 343
2205 344
2210 344
2215 347
2220 348
2225 347
2230 349
2235 348
2240 349
2245 351
2250 380
2255 384
2260 354
2265 358
2270 358
2275 356
2280 358
2285 357
2290 360
2295 360
2300 360
2305 404
2310 364
2315 364
2320 366
2325 365
2330 365
2335 367
2340 367
2345 368
2350 368
2355 370
2360 372
2365 372
2370 374
2375 373
2380 375
2385 375
2390 377
2395 377
2400 406
2405 378
2410 380
2415 380
2420 382
2425 384
2430 384
2435 385
2440 388
2445 387
2450 388
2455 387
2460 395
2465 390
2470 390
2475 390
2480 393
2485 393
2490 395
2495 394
2500 396
2505 409
2510 387
2515 387
2520 425
2525 560
2530 576
2535 473
2540 405
2545 405
2550 405
2555 406
2560 407
2565 428
2570 409
2575 411
2580 412
2585 412
2590 413
2595 412
2600 414
2605 416
2610 415
2615 447
2620 417
2625 421
2630 422
2635 419
2640 421
2645 422
2650 422
2655 433
2660 426
2665 428
2670 426
2675 427
2680 449
2685 435
2690 432
2695 432
2700 470
2705 439
2710 440
2715 447
2720 494
2725 438
2730 441
2735 444
2740 440
2745 441
2750 441
2755 443
2760 443
2765 444
2770 446
2775 445
2780 455
2785 450
2790 449
2795 451
2800 454
2805 453
2810 452
2815 452
2820 453
2825 454
2830 455
2835 456
2840 458
2845 457
2850 458
2855 462
2860 460
2865 461
2870 464
2875 464
2880 465
2885 473
2890 470
2895 467
2900 469
2905 469
2910 473
2915 471
2920 473
2925 484
2930 474
2935 473
2940 477
2945 475
2950 476
2955 477
2960 480
2965 480
2970 479
2975 483
2980 482
2985 482
2990 484
2995 485
3000 486
3005 486
3010 488
3015 490
3020 489
3025 511
3030 492
3035 497
3040 479
3045 481
3050 481
3055 484
3060 485
3065 485
3070 486
3075 486
3080 488
3085 488
3090 544
3095 490
3100 491
3105 493
3110 493
3115 493
3120 536
3125 534
3130 516
3135 521
3140 499
3145 484
3150 486
3155 485
3160 487
3165 487
3170 491
3175 490
3180 490
3185 493
3190 494
3195 494
3200 495
3205 493
3210 496
3215 495
3220 571
3225 497
3230 502
3235 502
3240 502
3245 501
3250 503
3255 503
3260 504
3265 504
3270 506
3275 509
3280 508
3285 510
3290 509
3295 510
3300 512
3305 513
3310 513
3315 513
3320 588
3325 515
3330 516
3335 683
3340 519
3345 519
3350 592
3355 536
3360 573
3365 536
3370 541
3375 522
3380 523
3385 525
3390 527
3395 564
3400 527
3405 530
3410 552
3415 582
3420 546
3425 546
3430 549
3435 550
3440 551
3445 551
3450 550
3455 552
3460 551
3465 554
3470 554
3475 555
3480 555
3485 558
3490 558
3495 569
3500 545
3505 627
3510 713
3515 638
3520 616
3525 722
3530 737
3535 661
3540 627
3545 692
3550 555
3555 556
3560 555
3565 643
3570 577
3575 574
3580 573
3585 640
3590 576
3595 612
3600 697
3605 600
3610 644
3615 600
3620 621
3625 643
3630 586
3635 712
3640 620
3645 613
3650 603
3655 605
3660 605
3665 608
3670 606
3675 609
3680 612
3685 609
3690 608
3695 612
3700 612
3705 642
3710 615
3715 615
3720 632
3725 598
3730 602
3735 601
3740 657
3745 642
3750 606
3755 659
3760 646
3765 606
3770 606
3775 610
3780 611
3785 647
3790 612
3795 611
3800 613
3805 614
3810 615
3815 616
3820 618
3825 620
3830 621
3835 639
3840 690
3845 648
3850 623
3855 625
3860 718
3865 702
3870 626
3875 627
3880 667
3885 627
3890 631
3895 630
3900 631
3905 632
3910 670
3915 634
3920 637
3925 639
3930 638
3935 638
3940 639
3945 640
3950 647
3955 716
3960 625
3965 627
3970 628
3975 683
3980 646
3985 651
3990 740
3995 634
4000 763
4005 634
4010 634
4015 636
4020 650
4025 656
4030 656
4035 657
4040 657
4045 658
4050 657
4055 659
4060 661
4065 698
4070 662
4075 662
4080 666
4085 747
4090 666
4095 669
4100 750
4105 669
4110 711
4115 683
4120 656
4125 716
4130 673
4135 682
4140 769
4145 661
4150 827
4155 661
4160 659
4165 681
4170 681
4175 682
4180 794
4185 683
4190 683
4195 684
4200 686
4205 726
4210 688
4215 727
4220 690
4225 694
4230 701
4235 757
4240 714
4245 676
4250 677
4255 680
4260 679
4265 680
4270 681
4275 756
4280 718
4285 763
4290 724
4295 780
4300 789
4305 707
4310 707
4315 709
4320 708
4325 708
4330 709
4335 712
4340 713
4345 761
4350 762
4355 833
4360 714
4365 714
4370 720
4375 719
4380 718
4385 719
4390 719
4395 720
4400 721
4405 722
4410 724
4415 726
4420 726
4425 764
4430 735
4435 839
4440 711
4445 793
4450 732
4455 733
4460 781
4465 715
4470 789
4475 716
4480 719
4485 720
4490 719
4495 785
4500 741
4505 742
4510 743
4515 742
4520 741
4525 745
4530 744
4535 745
4540 746
4545 749
4550 750
4555 751
4560 751
4565 773
4570 733
4575 860
4580 735
4585 734
4590 739
4595 739
4600 737
4605 738
4610 910
4615 739
4620 742
4625 744
4630 822
4635 816
4640 765
4645 806
4650 746
4655 789
4660 750
4665 913
4670 1007
4675 1035
4680 1088
4685 820
4690 823
4695 832
4700 893
4705 779
4710 780
4715 780
4720 779
4725 782
4730 781
4735 803
4740 811
4745 807
4750 809
4755 804
4760 809
4765 827
4770 811
4775 816
4780 813
4785 815
4790 817
4795 821
4800 796
4805 796
4810 874
4815 838
4820 838
4825 917
4830 804
4835 804
4840 802
4845 800
4850 803
4855 805
4860 803
4865 804
4870 807
4875 808
4880 851
4885 811
4890 810
4895 811
4900 814
4905 815
4910 854
4915 817
4920 852
4925 819
4930 798
4935 799
4940 880
4945 800
4950 943
4955 804
4960 802
4965 844
4970 807
4975 890
4980 846
4985 809
4990 808
4995 811
5000 850
5005 906
5010 813
5015 815
5020 812
5025 814
5030 816
5035 816
5040 819
5045 818
5050 819
5055 821
5060 821
5065 864
5070 1001
5075 861
5080 826
5085 827
5090 901
5095 849
5100 852
5105 849
5110 830
5115 832
5120 833
5125 917
5130 836
5135 835
5140 835
5145 838
5150 835
5155 836
5160 934
5165 841
5170 841
5175 842
5180 842
5185 1009
5190 954
5195 935
5200 868
5205 870
5210 870
5215 869
5220 925
5225 873
5230 876
5235 876
5240 957
5245 876
5250 885
5255 853
5260 896
5265 862
5270 857
5275 858
5280 859
5285 861
5290 861
5295 863
5300 939
5305 883
5310 911
5315 867
5320 869
5325 867
5330 870
5335 871
5340 870
5345 944
5350 967
5355 953
5360 874
5365 875
5370 873
5375 875
5380 997
5385 877
5390 967
5395 905
5400 905
5405 883
5410 883
5415 962
5420 1021
5425 885
5430 885
5435 888
5440 889
5445 889
5450 928
5455 890
5460 894
5465 1009
5470 1009
5475 897
5480 897
5485 898
5490 898
5495 898
5500 900
5505 901
5510 960
5515 902
5520 904
5525 1052
5530 903
5535 992
5540 908
5545 906
5550 909
5555 907
5560 973
5565 935
5570 939
5575 913
5580 996
5585 919
5590 1014
5595 933
5600 916
5605 919
5610 959
5615 919
5620 922
5625 922
5630 924
5635 1039
5640 1014
5645 945
5650 926
5655 927
5660 927
5665 929
5670 929
5675 933
5680 932
5685 932
5690 1037
5695 934
5700 937
5705 938
5710 938
5715 936
5720 937
5725 942
5730 941
5735 1014
5740 961
5745 1071
5750 1024
5755 944
5760 945
5765 949
5770 966
5775 974
5780 978
5785 974
5790 977
5795 1058
5800 980
5805 979
5810 979
5815 981
5820 985
5825 959
5830 959
5835 959
5840 961
5845 1003
5850 1029
5855 1083
5860 1040
5865 965
5870 1000
5875 993
5880 993
5885 993
5890 993
5895 1131
5900 995
5905 996
5910 998
5915 1009
5920 974
5925 975
5930 977
5935 976
5940 1040
5945 981
5950 1061
5955 1069
5960 981
5965 1082
5970 1011
5975 1012
5980 1013
5985 1013
5990 1018
5995 1015
6000 1052
6005 1206
6010 1399
6015 1348
6020 1363
6025 1020
6030 1054
6035 1020
6040 1022
6045 1029
6050 1207
6055 1049
6060 1057
6065 1053
6070 1054
6075 1064
6080 1062
6085 1058
6090 1060
6095 1072
6100 1034
6105 1033
6110 1037
6115 1039
6120 1036
6125 1037
6130 1151
6135 1038
6140 1096
6145 1139
6150 1015
6155 1015
6160 1017
6165 1057
6170 1033
6175 1019
6180 1023
6185 1021
6190 1100
6195 1021
6200 1021
6205 1022
6210 1019
6215 1175
6220 1027
6225 1025
6230 1029
6235 1048
6240 1086
6245 1111
6250 1031
6255 1035
6260 1035
6265 1035
6270 1034
6275 1032
6280 1073
6285 1111
6290 1038
6295 1037
6300 1038
6305 1041
6310 1042
6315 1118
6320 1042
6325 1045
6330 1083
6335 1119
6340 1155
6345 1045
6350 1167
6355 1048
6360 1049
6365 1052
6370 1078
6375 1082
6380 1102
6385 1241
6390 1157
6395 1319
6400 1387
6405 1348
6410 1084
6415 1089
6420 1092
6425 1274
6430 1232
6435 1093
6440 1184
6445 1091
6450 1119
6455 1128
6460 1123
6465 1133
6470 1129
6475 1128
6480 1130
6485 1161
6490 1135
6495 1159
6500 1108
6505 1168
6510 1103
6515 1160
6520 1172
6525 1154
6530 1113
6535 1113
6540 1113
6545 1117
6550 1113
6555 1112
6560 1172
6565 1115
6570 1120
6575 1117
6580 1316
6585 1117
6590 1119
6595 1121
6600 1121
6605 1197
6610 1210
6615 1126
6620 1165
6625 1126
6630 1129
6635 1128
6640 1128
6645 1130
6650 1212
6655 1132
6660 1180
6665 1105
6670 1105
6675 1105
6680 1108
6685 1148
6690 1110
6695 1156
6700 1243
6705 1116
6710 1115
6715 1116
6720 1166
6725 1168
6730 1173
6735 1152
6740 1161
6745 1120
6750 1192
6755 1160
6760 1120
6765 1121
6770 1243
6775 1125
6780 1165
6785 1126
6790 1240
6795 1129
6800 1131
6805 1133
6810 1132
6815 1209
6820 1131
6825 1208
6830 1218
6835 1137
6840 1134
6845 1137
6850 1136
6855 1140
6860 1141
6865 1140
6870 1224
6875 1231
6880 1178
6885 1143
6890 1145
6895 1186
6900 1149
6905 1149
6910 1214
6915 1311
6920 1151
6925 1151
6930 1152
6935 1153
6940 1227
6945 1159
6950 1156
6955 1253
6960 1638
6965 1243
6970 1224
6975 1221
6980 1225
6985 1225
6990 1228
6995 1231
7000 1231
7005 1229
7010 1231
7015 1231
7020 1234
7025 1295
7030 1227
7035 1204
7040 1288
7045 1287
7050 1206
7055 1208
7060 1208
7065 1567
7070 1264
7075 1254
7080 1274
7085 1249
7090 1245
7095 1246
7100 1253
7105 1249
7110 1251
7115 1252
7120 1258
7125 1263
7130 1252
7135 1255
7140 1255
7145 1244
7150 1223
7155 1225
7160 1324
7165 1459
7170 1266
7175 1231
7180 1251
7185 1264
7190 1266
7195 1262
7200 1304
7205 1284
7210 1283
7215 1272
7220 1311
7225 1239
7230 1238
7235 1301
7240 1321
7245 1241
7250 1299
7255 1244
7260 1245
7265 1274
7270 1245
7275 1247
7280 1285
7285 1329
7290 1379
7295 1332
7300 1253
7305 1352
7310 1364
7315 1252
7320 1345
7325 1305
7330 1306
7335 1295
7340 1289
7345 1312
7350 1295
7355 1310
7360 1345
7365 1315
7370 1320
7375 1301
7380 1298
7385 1303
7390 1303
7395 1319
7400 1307
7405 1303
7410 1270
7415 1329
7420 1276
7425 1275
7430 1363
7435 1276
7440 1315
7445 1449
7450 1281
7455 1281
7460 1335
7465 1280
7470 1339
7475 1362
7480 1365
7485 1288
7490 1450
7495 1324
7500 1291
7505 1385
7510 1288
7515 1332
7520 1473
7525 1292
7530 1371
7535 1379
7540 1334
7545 1294
7550 1377
7555 1406
7560 1302
7565 1345
7570 1301
7575 1306
7580 1349
7585 1427
7590 1361
7595 1347
7600 1350
7605 1344
7610 1363
7615 1348
7620 1351
7625 1428
7630 1388
7635 1312
7640 1313
7645 1315
7650 1394
7655 1319
7660 1317
7665 1388
7670 1447
7675 1494
7680 1395
7685 1373
7690 1349
7695 1400
7700 1369
7705 1384
7710 1366
7715 1368
7720 1391
7725 1372
7730 1332
7735 1392
7740 1388
7745 1392
7750 1453
7755 1336
7760 1341
7765 1458
7770 1336
7775 1434
7780 1546
7785 1341
7790 1425
7795 1416
7800 1384
7805 1405
7810 1380
7815 1386
7820 1413
7825 1385
7830 1375
7835 1394
7840 1353
7845 1351
7850 1405
7855 1411
7860 1395
7865 1355
7870 1357
7875 1437
7880 1402
7885 1363
7890 1548
7895 1454
7900 1399
7905 1421
7910 1404
7915 1402
7920 1417
7925 1448
7930 1424
7935 1371
7940 1373
7945 1467
7950 1373
7955 1371
7960 1536
7965 1623
7970 1423
7975 1483
7980 1421
7985 1416
7990 1428
7995 1421
8000 1437
8005 1426
8010 1419
8015 1447
8020 1424
8025 1465
8030 1426
8035 1481
8040 1428
8045 1435
8050 1429
8055 1434
8060 1432
8065 1433
8070 1435
8075 1438
8080 1439
8085 1439
8090 1437
8095 1437
8100 1428
8105 1440
8110 1488
8115 1401
8120 1404
8125 1405
8130 1443
8135 1392
8140 1486
8145 1375
8150 1374
8155 1449
8160 1374
8165 1454
8170 1391
8175 1485
8180 1581
8185 1433
8190 1379
8195 1492
8200 1490
8205 1418
8210 1569
8215 1422
8220 1462
8225 1427
8230 1429
8235 1412
8240 1450
8245 1487
8250 1481
8255 1391
8260 1394
8265 1644
8270 1702
8275 1939
8280 1729
8285 1441
8290 1739
8295 1436
8300 1440
8305 1440
8310 1475
8315 1516
8320 1470
8325 1444
8330 1485
8335 1482
8340 1490
8345 1522
8350 1449
8355 1485
8360 1504
8365 1487
8370 1455
8375 1454
8380 1528
8385 1521
8390 1456
8395 1462
8400 1457
8405 1457
8410 1497
8415 1507
8420 1461
8425 1481
8430 1428
8435 1741
8440 1669
8445 1645
8450 1553
8455 1470
8460 1469
8465 1468
8470 1507
8475 1470
8480 1473
8485 1475
8490 1473
8495 1475
8500 1568
8505 1522
8510 1516
8515 1596
8520 1596
8525 1478
8530 1483
8535 1520
8540 1483
8545 1601
8550 1490
8555 1586
8560 1488
8565 1490
8570 1491
8575 1490
8580 1536
8585 1476
8590 1541
8595 1453
8600 1454
8605 1456
8610 1474
8615 1499
8620 1462
8625 1462
8630 1517
8635 1463
8640 1461
8645 1465
8650 1618
8655 1561
8660 1541
8665 1467
8670 1472
8675 1474
8680 1664
8685 1637
8690 1557
8695 1476
8700 1477
8705 1552
8710 1528
8715 1519
8720 1568
8725 1578
8730 1522
8735 1522
8740 1590
8745 1486
8750 1571
8755 1540
8760 1488
8765 1488
8770 1489
8775 2110
8780 1758
8785 1694
8790 1603
8795 1574
8800 1577
8805 1573
8810 1577
8815 1582
8820 1583
8825 1581
8830 1573
8835 1575
8840 1678
8845 1541
8850 1638
8855 1603
8860 1545
8865 1546
8870 1585
8875 1549
8880 1553
8885 1683
8890 1588
8895 1554
8900 1555
8905 1552
8910 1554
8915 1678
8920 1573
8925 1591
8930 1519
8935 1555
8940 1559
8945 1628
8950 1523
8955 1521
8960 1524
8965 1521
8970 1525
8975 1601
8980 1602
8985 1667
8990 1531
8995 1660
9000 1571
9005 1532
9010 1608
9015 1584
9020 1578
9025 1578
9030 1577
9035 1581
9040 1585
9045 1613
9050 1673
9055 1544
9060 1544
9065 1620
9070 1544
9075 1628
9080 1546
9085 1548
9090 1545
9095 1584
9100 1550
9105 1548
9110 1634
9115 1641
9120 1626
9125 1558
9130 1557
9135 1556
9140 1678
9145 1560
9150 1561
9155 1710
9160 1562
9165 1680
9170 1569
9175 1647
9180 1664
9185 1566
9190 1569
9195 1705
9200 1570
9205 1647
9210 1572
9215 1570
9220 1572
9225 1573
9230 1578
9235 1671
9240 1777
9245 1577
9250 1578
9255 1581
9260 1654
9265 1581
9270 1758
9275 1584
9280 1584
9285 1661
9290 1583
9295 1584
9300 1666
9305 1693
9310 1591
9315 1590
9320 1593
9325 1593
9330 1816
9335 1630
9340 1594
9345 1595
9350 2086
9355 1791
9360 1986
9365 1951
9370 1631
9375 1726
9380 1646
9385 1650
9390 1685
9395 1650
9400 1645
9405 1652
9410 1653
9415 1687
9420 1653
9425 1737
9430 1626
9435 1611
9440 1612
9445 1689
9450 1615
9455 1691
9460 1616
9465 1650
9470 1618
9475 1619
9480 1700
9485 1734
9490 1760
9495 1623
9500 1627
9505 1628
9510 1741
9515 1736
9520 2272
9525 1941
9530 1762
9535 1743
9540 1721
9545 1766
9550 1722
9555 1726
9560 1722
9565 1731
9570 1707
9575 1686
9580 1686
9585 1721
9590 1687
9595 1768
9600 1777
9605 1729
9610 1688
9615 1692
9620 1690
9625 1688
9630 1774
9635 1650
9640 1652
9645 1654
9650 1729
9655 1701
9660 1655
9665 1761
9670 1692
9675 1657
9680 1660
9685 1660
9690 1661
9695 1816
9700 1664
9705 1895
9710 2002
9715 2443
9720 1890
9725 1926
9730 1715
9735 1834
9740 1717
9745 1715
9750 1833
9755 1718
9760 2009
9765 2224
9770 1902
9775 1941
9780 1757
9785 1767
9790 1769
9795 1772
9800 1814
9805 1806
9810 1788
9815 1781
9820 1813
9825 1766
9830 1777
9835 1838
9840 1736
9845 1789
9850 1731
9855 1736
9860 1821
9865 1740
9870 1866
9875 1698
9880 1697
9885 1693
9890 1967
9895 1870
9900 1747
9905 1745
9910 1746
9915 1749
9920 1784
9925 1706
9930 1707
9935 1707
9940 1708
9945 1783
9950 1852
9955 1901
9960 1798
9965 1776
9970 1717
9975 1787
9980 1761
9985 1761
9990 1797
9995 1802
10000 1765
