5 0
10 0
15 0
20 1
25 1
30 2
35 2
40 2
45 3
50 3
55 4
60 4
65 5
70 5
75 6
80 6
85 7
90 7
95 8
100 8
105 9
110 9
115 10
120 10
125 11
130 11
135 12
140 13
145 13
150 14
155 14
160 15
165 16
170 16
175 16
180 17
185 18
190 18
195 19
200 19
205 20
210 21
215 21
220 22
225 22
230 23
235 23
240 24
245 25
250 25
255 26
260 27
265 27
270 28
275 28
280 29
285 30
290 50
295 31
300 32
305 32
310 33
315 34
320 35
325 35
330 36
335 37
340 37
345 38
350 38
355 39
360 39
365 40
370 41
375 42
380 42
385 43
390 43
395 44
400 45
405 47
410 47
415 47
420 48
425 49
430 49
435 50
440 50
445 51
450 52
455 53
460 53
465 54
470 55
475 56
480 56
485 58
490 58
495 59
500 59
505 60
510 61
515 61
520 62
525 63
530 63
535 64
540 78
545 64
550 65
555 65
560 66
565 67
570 68
575 68
580 69
585 69
590 71
595 71
600 71
605 73
610 73
615 74
620 75
625 75
630 76
635 76
640 79
645 79
650 78
655 80
660 80
665 81
670 82
675 82
680 83
685 84
690 85
695 85
700 86
705 107
710 150
715 88
720 90
725 90
730 91
735 92
740 92
745 93
750 93
755 95
760 95
765 96
770 97
775 98
780 98
785 99
790 99
795 100
800 101
805 102
810 102
815 103
820 149
825 107
830 109
835 109
840 110
845 111
850 112
855 113
860 114
865 114
870 116
875 116
880 117
885 153
890 126
895 154
900 117
905 117
910 118
915 118
920 120
925 120
930 157
935 122
940 122
945 123
950 124
955 125
960 126
965 125
970 126
975 128
980 128
985 204
990 147
995 134
1000 134
1005 135
1010 135
1015 136
1020 137
1025 137
1030 139
1035 139
1040 140
1045 142
1050 143
1055 143
1060 173
1065 151
1070 167
1075 183
1080 203
1085 167
1090 192
1095 189
1100 192
1105 203
1110 153
1115 152
1120 154
1125 154
1130 155
1135 156
1140 156
1145 157
1150 158
1155 160
1160 160
1165 160
1170 162
1175 162
1180 163
1185 164
1190 220
1195 169
1200 167
1205 167
1210 168
1215 169
1220 170
1225 171
1230 171
1235 177
1240 192
1245 175
1250 175
1255 176
1260 177
1265 178
1270 178
1275 180
1280 305
1285 184
1290 184
1295 183
1300 183
1305 185
1310 185
1315 187
1320 188
1325 221
1330 189
1335 189
1340 190
1345 191
1350 191
1355 193
1360 193
1365 194
1370 195
1375 231
1380 197
1385 198
1390 198
1395 200
1400 201
1405 201
1410 202
1415 201
1420 204
1425 204
1430 205
1435 206
1440 210
1445 207
1450 208
1455 209
1460 210
1465 211
1470 212
1475 212
1480 214
1485 215
1490 215
1495 215
1500 216
1505 217
1510 218
1515 220
1520 220
1525 220
1530 222
1535 223
1540 223
1545 224
1550 224
1555 224
1560 225
1565 251
1570 244
1575 229
1580 292
1585 260
1590 274
1595 232
1600 232
1605 274
1610 236
1615 235
1620 237
1625 236
1630 238
1635 238
1640 238
1645 239
1650 241
1655 241
1660 243
1665 243
1670 244
1675 245
1680 246
1685 246
1690 248
1695 247
1700 248
1705 295
1710 251
1715 289
1720 253
1725 254
1730 255
1735 255
1740 256
1745 257
1750 257
1755 258
1760 259
1765 260
1770 261
1775 262
1780 262
1785 264
1790 265
1795 264
1800 284
1805 266
1810 268
1815 268
1820 268
1825 270
1830 271
1835 271
1840 272
1845 273
1850 275
1855 275
1860 276
1865 276
1870 282
1875 278
1880 271
1885 272
1890 273
1895 274
1900 275
1905 276
1910 277
1915 278
1920 277
1925 279
1930 281
1935 281
1940 304
1945 299
1950 284
1955 285
1960 370
1965 362
1970 285
1975 287
1980 363
1985 290
1990 290
1995 290
2000 293
2005 291
2010 292
2015 295
2020 295
2025 295
2030 296
2035 298
2040 298
2045 364
2050 300
2055 301
2060 301
2065 356
2070 305
2075 302
2080 304
2085 304
2090 306
2095 307
2100 307
2105 309
2110 308
2115 311
2120 312
2125 312
2130 313
2135 313
2140 315
2145 395
2150 316
2155 318
2160 318
2165 319
2170 320
2175 320
2180 322
2185 322
2190 323
2195 325
2200 324
2205 325
2210 325
2215 327
2220 327
2225 328
2230 329
2235 329
2240 331
2245 331
2250 332
2255 333
2260 334
2265 335
2270 337
2275 337
2280 498
2285 338
2290 340
2295 417
2300 341
2305 343
2310 344
2315 345
2320 346
2325 445
2330 346
2335 349
2340 348
2345 349
2350 348
2355 350
2360 351
2365 351
2370 353
2375 354
2380 418
2385 375
2390 357
2395 359
2400 435
2405 359
2410 362
2415 363
2420 362
2425 362
2430 364
2435 453
2440 452
2445 458
2450 432
2455 377
2460 410
2465 379
2470 380
2475 379
2480 381
2485 381
2490 382
2495 384
2500 384
2505 386
2510 384
2515 438
2520 388
2525 389
2530 393
2535 391
2540 393
2545 521
2550 395
2555 396
2560 570
2565 429
2570 398
2575 399
2580 400
2585 399
2590 401
2595 400
2600 477
2605 404
2610 404
2615 405
2620 405
2625 407
2630 409
2635 408
2640 411
2645 411
2650 411
2655 414
2660 416
2665 414
2670 453
2675 417
2680 459
2685 417
2690 418
2695 417
2700 419
2705 422
2710 424
2715 424
2720 424
2725 424
2730 425
2735 426
2740 428
2745 428
2750 429
2755 432
2760 432
2765 469
2770 433
2775 436
2780 435
2785 556
2790 438
2795 525
2800 429
2805 429
2810 429
2815 429
2820 583
2825 432
2830 433
2835 434
2840 433
2845 433
2850 436
2855 435
2860 438
2865 437
2870 439
2875 438
2880 439
2885 442
2890 442
2895 444
2900 444
2905 444
2910 574
2915 448
2920 447
2925 447
2930 449
2935 452
2940 451
2945 453
2950 455
2955 452
2960 454
2965 545
2970 495
2975 496
2980 459
2985 458
2990 459
2995 461
3000 461
3005 520
3010 529
3015 466
3020 525
3025 466
3030 467
3035 470
3040 468
3045 545
3050 471
3055 472
3060 474
3065 474
3070 473
3075 496
3080 513
3085 476
3090 476
3095 499
3100 542
3105 494
3110 492
3115 494
3120 496
3125 531
3130 495
3135 498
3140 499
3145 498
3150 499
3155 501
3160 501
3165 504
3170 504
3175 505
3180 505
3185 506
3190 506
3195 520
3200 495
3205 498
3210 536
3215 595
3220 500
3225 606
3230 501
3235 499
3240 576
3245 504
3250 504
3255 505
3260 507
3265 508
3270 507
3275 509
3280 508
3285 510
3290 535
3295 526
3300 527
3305 647
3310 528
3315 527
3320 569
3325 529
3330 531
3335 533
3340 532
3345 537
3350 534
3355 536
3360 538
3365 538
3370 539
3375 541
3380 542
3385 601
3390 525
3395 565
3400 527
3405 632
3410 532
3415 619
3420 533
3425 535
3430 534
3435 536
3440 536
3445 578
3450 570
3455 542
3460 613
3465 540
3470 541
3475 541
3480 544
3485 544
3490 547
3495 544
3500 545
3505 631
3510 547
3515 549
3520 549
3525 551
3530 552
3535 553
3540 554
3545 594
3550 554
3555 649
3560 556
3565 557
3570 558
3575 561
3580 561
3585 652
3590 564
3595 646
3600 563
3605 565
3610 565
3615 565
3620 568
3625 569
3630 569
3635 570
3640 570
3645 571
3650 717
3655 587
3660 588
3665 591
3670 612
3675 607
3680 594
3685 613
3690 635
3695 594
3700 596
3705 597
3710 597
3715 600
3720 599
3725 600
3730 600
3735 602
3740 601
3745 641
3750 620
3755 670
3760 624
3765 662
3770 608
3775 782
3780 724
3785 612
3790 610
3795 613
3800 610
3805 613
3810 733
3815 617
3820 619
3825 618
3830 618
3835 619
3840 751
3845 727
3850 621
3855 623
3860 660
3865 626
3870 739
3875 802
3880 627
3885 628
3890 632
3895 675
3900 658
3905 659
3910 689
3915 660
3920 654
3925 670
3930 665
3935 656
3940 657
3945 657
3950 659
3955 662
3960 663
3965 666
3970 668
3975 670
3980 663
3985 666
3990 664
3995 668
4000 733
4005 675
4010 652
4015 687
4020 677
4025 677
4030 680
4035 688
4040 715
4045 701
4050 701
4055 721
4060 775
4065 725
4070 681
4075 685
4080 688
4085 682
4090 688
4095 689
4100 689
4105 689
4110 688
4115 692
4120 689
4125 715
4130 716
4135 694
4140 697
4145 698
4150 699
4155 694
4160 695
4165 697
4170 704
4175 700
4180 703
4185 742
4190 708
4195 722
4200 718
4205 744
4210 710
4215 705
4220 706
4225 709
4230 708
4235 708
4240 709
4245 712
4250 713
4255 715
4260 716
4265 741
4270 719
4275 747
4280 719
4285 721
4290 720
4295 721
4300 724
4305 722
4310 723
4315 726
4320 727
4325 728
4330 728
4335 729
4340 727
4345 847
4350 762
4355 731
4360 714
4365 715
4370 793
4375 717
4380 744
4385 734
4390 763
4395 719
4400 721
4405 723
4410 726
4415 727
4420 765
4425 754
4430 746
4435 728
4440 728
4445 729
4450 730
4455 731
4460 733
4465 734
4470 734
4475 812
4480 843
4485 756
4490 851
4495 776
4500 810
4505 739
4510 740
4515 743
4520 744
4525 817
4530 947
4535 785
4540 747
4545 749
4550 749
4555 841
4560 752
4565 752
4570 790
4575 752
4580 754
4585 794
4590 756
4595 800
4600 759
4605 757
4610 759
4615 881
4620 800
4625 763
4630 762
4635 764
4640 764
4645 766
4650 767
4655 768
4660 773
4665 810
4670 771
4675 771
4680 812
4685 824
4690 778
4695 778
4700 777
4705 777
4710 778
4715 760
4720 759
4725 918
4730 762
4735 763
4740 1077
4745 785
4750 903
4755 1207
4760 841
4765 810
4770 812
4775 810
4780 821
4785 813
4790 814
4795 819
4800 818
4805 817
4810 822
4815 834
4820 820
4825 819
4830 822
4835 822
4840 832
4845 804
4850 803
4855 805
4860 809
4865 937
4870 888
4875 808
4880 814
4885 811
4890 791
4895 793
4900 790
4905 794
4910 793
4915 795
4920 794
4925 796
4930 800
4935 1027
4940 798
4945 799
4950 801
4955 803
4960 802
4965 802
4970 914
4975 804
4980 808
4985 865
4990 918
4995 945
5000 901
5005 983
5010 1195
5015 1154
5020 1079
5025 836
5030 838
5035 838
5040 840
5045 910
5050 839
5055 840
5060 840
5065 841
5070 844
5075 985
5080 902
5085 844
5090 907
5095 846
5100 922
5105 916
5110 889
5115 875
5120 856
5125 996
5130 928
5135 890
5140 856
5145 885
5150 859
5155 987
5160 926
5165 889
5170 893
5175 888
5180 888
5185 889
5190 890
5195 890
5200 894
5205 893
5210 899
5215 892
5220 973
5225 872
5230 871
5235 910
5240 874
5245 877
5250 876
5255 878
5260 881
5265 879
5270 883
5275 923
5280 884
5285 882
5290 883
5295 885
5300 885
5305 888
5310 887
5315 888
5320 885
5325 870
5330 991
5335 934
5340 901
5345 872
5350 873
5355 875
5360 877
5365 935
5370 932
5375 898
5380 903
5385 901
5390 939
5395 902
5400 905
5405 906
5410 906
5415 907
5420 906
5425 909
5430 884
5435 888
5440 1037
5445 948
5450 912
5455 925
5460 968
5465 892
5470 895
5475 894
5480 896
5485 898
5490 976
5495 921
5500 926
5505 975
5510 902
5515 902
5520 900
5525 902
5530 904
5535 973
5540 926
5545 986
5550 956
5555 970
5560 984
5565 946
5570 910
5575 909
5580 934
5585 939
5590 939
5595 981
5600 941
5605 940
5610 943
5615 964
5620 943
5625 944
5630 1038
5635 946
5640 948
5645 981
5650 925
5655 1003
5660 1098
5665 1012
5670 929
5675 989
5680 961
5685 958
5690 1072
5695 958
5700 962
5705 961
5710 1000
5715 1006
5720 965
5725 967
5730 1338
5735 1200
5740 942
5745 946
5750 945
5755 944
5760 1054
5765 1012
5770 973
5775 997
5780 977
5785 977
5790 977
5795 977
5800 978
5805 980
5810 983
5815 980
5820 1018
5825 1017
5830 1040
5835 1027
5840 1047
5845 988
5850 988
5855 1066
5860 987
5865 1078
5870 1198
5875 1141
5880 1097
5885 995
5890 1082
5895 997
5900 997
5905 999
5910 1002
5915 996
5920 1094
5925 1001
5930 998
5935 1004
5940 1045
5945 1006
5950 1008
5955 1007
5960 1147
5965 1106
5970 1009
5975 1049
5980 1062
5985 1051
5990 1014
5995 1153
6000 1089
6005 1015
6010 1056
6015 1091
6020 1047
6025 1046
6030 1047
6035 1056
6040 1050
6045 1056
6050 1054
6055 1044
6060 1108
6065 1112
6070 1028
6075 1029
6080 1030
6085 1031
6090 1034
6095 1037
6100 1040
6105 1006
6110 1099
6115 1112
6120 1037
6125 1013
6130 1086
6135 1014
6140 1014
6145 1053
6150 1014
6155 1103
6160 1144
6165 1020
6170 1018
6175 1018
6180 1023
6185 1022
6190 1024
6195 1024
6200 1183
6205 1024
6210 1125
6215 1054
6220 1068
6225 1030
6230 1032
6235 1031
6240 1032
6245 1033
6250 1036
6255 1166
6260 1115
6265 1035
6270 1039
6275 1038
6280 1075
6285 1040
6290 1042
6295 1042
6300 1128
6305 1069
6310 1128
6315 1047
6320 1117
6325 1120
6330 1050
6335 1047
6340 1049
6345 1103
6350 1208
6355 1127
6360 1052
6365 1052
6370 1058
6375 1053
6380 1168
6385 1114
6390 1059
6395 1061
6400 1059
6405 1115
6410 1060
6415 1062
6420 1061
6425 1064
6430 1063
6435 1065
6440 1068
6445 1172
6450 1152
6455 1098
6460 1071
6465 1072
6470 1071
6475 1073
6480 1075
6485 1194
6490 1113
6495 1151
6500 1076
6505 1077
6510 1079
6515 1080
6520 1080
6525 1082
6530 1083
6535 1122
6540 1214
6545 1214
6550 1115
6555 1104
6560 1090
6565 1086
6570 1088
6575 1088
6580 1137
6585 1254
6590 1176
6595 1114
6600 1111
6605 1094
6610 1130
6615 1096
6620 1098
6625 1100
6630 1230
6635 1181
6640 1105
6645 1102
6650 1104
6655 1104
6660 1260
6665 1126
6670 1109
6675 1107
6680 1275
6685 1187
6690 1109
6695 1111
6700 1113
6705 1117
6710 1112
6715 1115
6720 1243
6725 1196
6730 1119
6735 1118
6740 1156
6745 1141
6750 1140
6755 1197
6760 1229
6765 1155
6770 1198
6775 1155
6780 1157
6785 1291
6790 1158
6795 1160
6800 1198
6805 1249
6810 1282
6815 1133
6820 1135
6825 1251
6830 1137
6835 1136
6840 1138
6845 1139
6850 1216
6855 1253
6860 1215
6865 1145
6870 1145
6875 1146
6880 1233
6885 1148
6890 1148
6895 1289
6900 1229
6905 1148
6910 1151
6915 1150
6920 1235
6925 1152
6930 1152
6935 1175
6940 1156
6945 1236
6950 1232
6955 1263
6960 1209
6965 1417
6970 1194
6975 1245
6980 1297
6985 1265
6990 1193
6995 1199
7000 1201
7005 1246
7010 1198
7015 1199
7020 1204
7025 1273
7030 1243
7035 1204
7040 1206
7045 1209
7050 1213
7055 1210
7060 1271
7065 1292
7070 1251
7075 1210
7080 1209
7085 1240
7090 1182
7095 1186
7100 1189
7105 1188
7110 1261
7115 1187
7120 1191
7125 1189
7130 1190
7135 1267
7140 1191
7145 1230
7150 1436
7155 1195
7160 1310
7165 1230
7170 1233
7175 1230
7180 1271
7185 1235
7190 1233
7195 1286
7200 1201
7205 1203
7210 1203
7215 1246
7220 1281
7225 1212
7230 1300
7235 1390
7240 1241
7245 1285
7250 1246
7255 1282
7260 1248
7265 1248
7270 1250
7275 1441
7280 1282
7285 1750
7290 1605
7295 1324
7300 1224
7305 1321
7310 1322
7315 1260
7320 1258
7325 1441
7330 1264
7335 1330
7340 1257
7345 1260
7350 1344
7355 1264
7360 1266
7365 1267
7370 1268
7375 1297
7380 1269
7385 1358
7390 1314
7395 1334
7400 1328
7405 1308
7410 1277
7415 1277
7420 1273
7425 1352
7430 1419
7435 1315
7440 1278
7445 1278
7450 1284
7455 1281
7460 1529
7465 1537
7470 1320
7475 1321
7480 1323
7485 1323
7490 1327
7495 1354
7500 1324
7505 1331
7510 1326
7515 1329
7520 1331
7525 1341
7530 1299
7535 1296
7540 1392
7545 1300
7550 1299
7555 1298
7560 1301
7565 1289
7570 1268
7575 1271
7580 1269
7585 1362
7590 1300
7595 1446
7600 1280
7605 1317
7610 1295
7615 1437
7620 1555
7625 1281
7630 1281
7635 1306
7640 1396
7645 1434
7650 1319
7655 1315
7660 1434
7665 1317
7670 1323
7675 1328
7680 1323
7685 1367
7690 1326
7695 1411
7700 1370
7705 1367
7710 1333
7715 1330
7720 1331
7725 1332
7730 1337
7735 1375
7740 1339
7745 1319
7750 1304
7755 1306
7760 1306
7765 1423
7770 1402
7775 1384
7780 1417
7785 1425
7790 1310
7795 1313
7800 1313
7805 1523
7810 1359
7815 1357
7820 1351
7825 1353
7830 1353
7835 1354
7840 1356
7845 1438
7850 1421
7855 1323
7860 1324
7865 1326
7870 1327
7875 1365
7880 1496
7885 1411
7890 1657
7895 1409
7900 1443
7905 1332
7910 1331
7915 1338
7920 1485
7925 1444
7930 1373
7935 1370
7940 1375
7945 1379
7950 1375
7955 1376
7960 1458
7965 1378
7970 1415
7975 1465
7980 1382
7985 1393
7990 1371
7995 1545
8000 1350
8005 1349
8010 1445
8015 1406
8020 1378
8025 1391
8030 1389
8035 1436
8040 1392
8045 1398
8050 1393
8055 1464
8060 1361
8065 1607
8070 1440
8075 1363
8080 1364
8085 1365
8090 1369
8095 1366
8100 1367
8105 1439
8110 1368
8115 1443
8120 1549
8125 1369
8130 1376
8135 1575
8140 1538
8145 1412
8150 1426
8155 1394
8160 1412
8165 1455
8170 1420
8175 1415
8180 1560
8185 1685
8190 1498
8195 1475
8200 1468
8205 1464
8210 1468
8215 1488
8220 1466
8225 1465
8230 1467
8235 1465
8240 1521
8245 1482
8250 1432
8255 1468
8260 1432
8265 1432
8270 1562
8275 1478
8280 1550
8285 1499
8290 1401
8295 1474
8300 1401
8305 1407
8310 1480
8315 1403
8320 1405
8325 1409
8330 1487
8335 1409
8340 1650
8345 1545
8350 1449
8355 1450
8360 1452
8365 1506
8370 1454
8375 1456
8380 1564
8385 1418
8390 1420
8395 1422
8400 1423
8405 1424
8410 1554
8415 1499
8420 1425
8425 1427
8430 1429
8435 1429
8440 1431
8445 1503
8450 1606
8455 1564
8460 1510
8465 1432
8470 1433
8475 1436
8480 1550
8485 1586
8490 1513
8495 1479
8500 1481
8505 1480
8510 1519
8515 1519
8520 1556
8525 1483
8530 1487
8535 1520
8540 1532
8545 1450
8550 1560
8555 1487
8560 1452
8565 1452
8570 1453
8575 1604
8580 1552
8585 1457
8590 1479
8595 1457
8600 1533
8605 1462
8610 1460
8615 1541
8620 1677
8625 1464
8630 1466
8635 1466
8640 1467
8645 1544
8650 1473
8655 1585
8660 1472
8665 1617
8670 1702
8675 1675
8680 1512
8685 1604
8690 1578
8695 1517
8700 1633
8705 1617
8710 1666
8715 1565
8720 1613
8725 1561
8730 1565
8735 1525
8740 1523
8745 1642
8750 1660
8755 1570
8760 1565
8765 1531
8770 1707
8775 1567
8780 1533
8785 1693
8790 1534
8795 1535
8800 1539
8805 1538
8810 1538
8815 1753
8820 1577
8825 1541
8830 1843
8835 1597
8840 1544
8845 1583
8850 1682
8855 1589
8860 1591
8865 1589
8870 1592
8875 1593
8880 1727
8885 1551
8890 1591
8895 1556
8900 1555
8905 1555
8910 1669
8915 1595
8920 1810
8925 1629
8930 1522
8935 1521
8940 1541
8945 1725
8950 1670
8955 1742
8960 2399
8965 1618
8970 1581
8975 1614
8980 1655
8985 1607
8990 1641
8995 1613
9000 1656
9005 1651
9010 1596
9015 1605
9020 1578
9025 1647
9030 1636
9035 1729
9040 1579
9045 1586
9050 1583
9055 1590
9060 1615
9065 1795
9070 1839
9075 1548
9080 1551
9085 1579
9090 1591
9095 1594
9100 1633
9105 1597
9110 1593
9115 1597
9120 1678
9125 1599
9130 1651
9135 1603
9140 1641
9145 1813
9150 1603
9155 1606
9160 1689
9165 1950
9170 1695
9175 1610
9180 1608
9185 1607
9190 1728
9195 1681
9200 1608
9205 1613
9210 1614
9215 1617
9220 1674
9225 1656
9230 1616
9235 1707
9240 1653
9245 1578
9250 1581
9255 1754
9260 1695
9265 1625
9270 1628
9275 1628
9280 1686
9285 1629
9290 1670
9295 1666
9300 1776
9305 1771
9310 1591
9315 1744
9320 1802
9325 1643
9330 1697
9335 1638
9340 1732
9345 1693
9350 1689
9355 1726
9360 1721
9365 1681
9370 1769
9375 1813
9380 1717
9385 1724
9390 1699
9395 1736
9400 1699
9405 1704
9410 1767
9415 1701
9420 1714
9425 1703
9430 1707
9435 1789
9440 1895
9445 1723
9450 1754
9455 1708
9460 1726
9465 1734
9470 1711
9475 1731
9480 1715
9485 1729
9490 1728
9495 1749
9500 1761
9505 1747
9510 1723
9515 1737
9520 1722
9525 1746
9530 1719
9535 1760
9540 1844
9545 1762
9550 1750
9555 1826
9560 1761
9565 1718
9570 1769
9575 1757
9580 1732
9585 1753
9590 1733
9595 1743
9600 1735
9605 1693
9610 1806
9615 1821
9620 1838
9625 1700
9630 1814
9635 1875
9640 1740
9645 1738
9650 1813
9655 1702
9660 1777
9665 1702
9670 1906
9675 1821
9680 1752
9685 1785
9690 1752
9695 1791
9700 1782
9705 1747
9710 1749
9715 1797
9720 1714
9725 1892
9730 1785
9735 1862
9740 1718
9745 1795
9750 1723
9755 1800
9760 1758
9765 1770
9770 1829
9775 1725
9780 1811
9785 1907
9790 1843
9795 1730
9800 1816
9805 1728
9810 1825
9815 1825
9820 1837
9825 1731
9830 1777
9835 1810
9840 1871
9845 1796
9850 1786
9855 1810
9860 1788
9865 1865
9870 1781
9875 1826
9880 1746
9885 1743
9890 1825
9895 1746
9900 1956
9905 1784
9910 1751
9915 1751
9920 1752
9925 1914
9930 1796
9935 1867
9940 1756
9945 1757
9950 1797
9955 1848
9960 1838
9965 1798
9970 1764
9975 1846
9980 1820
9985 1811
9990 1769
9995 1768
10000 1769
