5 0
10 0
15 0
20 1
25 1
30 2
35 2
40 3
45 3
50 3
55 4
60 4
65 5
70 5
75 6
80 7
85 7
90 7
95 8
100 8
105 9
110 9
115 10
120 11
125 11
130 12
135 13
140 13
145 14
150 14
155 14
160 15
165 16
170 16
175 17
180 18
185 18
190 19
195 20
200 20
205 20
210 21
215 22
220 22
225 23
230 24
235 24
240 25
245 26
250 27
255 27
260 28
265 28
270 30
275 30
280 31
285 73
290 34
295 34
300 33
305 34
310 35
315 35
320 36
325 36
330 37
335 38
340 39
345 39
350 40
355 41
360 41
365 42
370 43
375 43
380 44
385 44
390 45
395 46
400 47
405 48
410 48
415 49
420 50
425 50
430 51
435 52
440 52
445 53
450 53
455 55
460 55
465 56
470 57
475 57
480 59
485 72
490 58
495 59
500 60
505 60
510 61
515 61
520 63
525 63
530 64
535 64
540 65
545 66
550 67
555 68
560 68
565 69
570 70
575 70
580 71
585 72
590 72
595 73
600 73
605 74
610 75
615 76
620 76
625 77
630 78
635 78
640 80
645 81
650 81
655 82
660 82
665 83
670 127
675 141
680 105
685 88
690 88
695 89
700 134
705 93
710 108
715 92
720 92
725 92
730 93
735 94
740 95
745 96
750 97
755 98
760 98
765 99
770 99
775 100
780 100
785 101
790 102
795 103
800 104
805 105
810 105
815 106
820 107
825 107
830 109
835 108
840 111
845 111
850 111
855 112
860 113
865 140
870 124
875 120
880 134
885 118
890 119
895 119
900 119
905 120
910 122
915 121
920 122
925 123
930 123
935 124
940 125
945 146
950 144
955 142
960 132
965 132
970 133
975 135
980 136
985 136
990 137
995 138
1000 138
1005 140
1010 140
1015 141
1020 142
1025 142
1030 143
1035 144
1040 145
1045 146
1050 147
1055 147
1060 148
1065 149
1070 150
1075 196
1080 152
1085 153
1090 154
1095 155
1100 155
1105 155
1110 156
1115 157
1120 158
1125 158
1130 159
1135 160
1140 161
1145 162
1150 162
1155 164
1160 163
1165 165
1170 167
1175 168
1180 168
1185 170
1190 169
1195 170
1200 171
1205 172
1210 173
1215 174
1220 175
1225 176
1230 177
1235 178
1240 179
1245 179
1250 211
1255 192
1260 196
1265 231
1270 178
1275 179
1280 180
1285 182
1290 182
1295 183
1300 183
1305 185
1310 186
1315 185
1320 221
1325 212
1330 229
1335 189
1340 191
1345 210
1350 191
1355 262
1360 194
1365 215
1370 240
1375 196
1380 196
1385 198
1390 198
1395 199
1400 200
1405 202
1410 202
1415 202
1420 203
1425 205
1430 205
1435 254
1440 210
1445 331
1450 210
1455 282
1460 247
1465 211
1470 211
1475 214
1480 214
1485 214
1490 216
1495 216
1500 261
1505 217
1510 219
1515 220
1520 260
1525 258
1530 222
1535 224
1540 224
1545 225
1550 226
1555 225
1560 226
1565 307
1570 229
1575 268
1580 230
1585 231
1590 232
1595 268
1600 292
1605 291
1610 273
1615 275
1620 246
1625 245
1630 246
1635 245
1640 247
1645 250
1650 275
1655 250
1660 252
1665 256
1670 254
1675 256
1680 287
1685 256
1690 259
1695 257
1700 260
1705 265
1710 262
1715 264
1720 259
1725 262
1730 261
1735 263
1740 263
1745 263
1750 264
1755 265
1760 275
1765 267
1770 302
1775 276
1780 272
1785 270
1790 272
1795 279
1800 290
1805 281
1810 291
1815 297
1820 302
1825 278
1830 300
1835 304
1840 280
1845 282
1850 286
1855 283
1860 286
1865 293
1870 385
1875 294
1880 286
1885 290
1890 288
1895 292
1900 294
1905 293
1910 311
1915 298
1920 296
1925 306
1930 298
1935 296
1940 308
1945 312
1950 297
1955 299
1960 300
1965 308
1970 302
1975 309
1980 302
1985 303
1990 305
1995 307
2000 306
2005 307
2010 308
2015 311
2020 315
2025 312
2030 314
2035 315
2040 314
2045 315
2050 318
2055 316
2060 318
2065 320
2070 319
2075 320
2080 321
2085 361
2090 326
2095 324
2100 325
2105 328
2110 326
2115 326
2120 331
2125 330
2130 330
2135 348
2140 345
2145 334
2150 335
2155 337
2160 337
2165 338
2170 339
2175 339
2180 342
2185 342
2190 342
2195 341
2200 344
2205 344
2210 345
2215 348
2220 349
2225 367
2230 348
2235 347
2240 349
2245 352
2250 393
2255 393
2260 379
2265 376
2270 399
2275 356
2280 356
2285 357
2290 386
2295 360
2300 360
2305 364
2310 367
2315 380
2320 363
2325 363
2330 365
2335 364
2340 366
2345 370
2350 392
2355 369
2360 392
2365 372
2370 371
2375 372
2380 382
2385 376
2390 375
2395 379
2400 378
2405 378
2410 379
2415 379
2420 381
2425 381
2430 383
2435 384
2440 384
2445 385
2450 387
2455 387
2460 386
2465 389
2470 389
2475 392
2480 419
2485 393
2490 393
2495 394
2500 394
2505 394
2510 397
2515 397
2520 399
2525 398
2530 400
2535 421
2540 405
2545 403
2550 405
2555 406
2560 405
2565 405
2570 407
2575 409
2580 408
2585 410
2590 412
2595 412
2600 413
2605 414
2610 415
2615 430
2620 419
2625 420
2630 420
2635 420
2640 422
2645 422
2650 425
2655 425
2660 427
2665 426
2670 426
2675 428
2680 427
2685 428
2690 431
2695 430
2700 432
2705 434
2710 435
2715 437
2720 434
2725 444
2730 515
2735 426
2740 427
2745 428
2750 430
2755 429
2760 430
2765 430
2770 432
2775 432
2780 434
2785 434
2790 438
2795 438
2800 470
2805 439
2810 440
2815 438
2820 441
2825 442
2830 443
2835 449
2840 434
2845 474
2850 587
2855 436
2860 435
2865 436
2870 436
2875 439
2880 439
2885 439
2890 441
2895 444
2900 443
2905 444
2910 445
2915 445
2920 447
2925 522
2930 498
2935 461
2940 463
2945 464
2950 498
2955 499
2960 464
2965 465
2970 468
2975 470
2980 503
2985 467
2990 470
2995 472
3000 471
3005 472
3010 474
3015 472
3020 476
3025 509
3030 478
3035 583
3040 479
3045 480
3050 483
3055 482
3060 517
3065 545
3070 539
3075 486
3080 488
3085 486
3090 527
3095 490
3100 490
3105 490
3110 491
3115 492
3120 495
3125 492
3130 495
3135 499
3140 482
3145 486
3150 486
3155 486
3160 488
3165 563
3170 491
3175 490
3180 489
3185 566
3190 491
3195 492
3200 493
3205 495
3210 496
3215 496
3220 497
3225 553
3230 539
3235 512
3240 549
3245 515
3250 594
3255 503
3260 526
3265 543
3270 643
3275 506
3280 507
3285 509
3290 507
3295 509
3300 511
3305 601
3310 513
3315 516
3320 539
3325 529
3330 530
3335 531
3340 530
3345 533
3350 532
3355 597
3360 535
3365 536
3370 567
3375 553
3380 536
3385 538
3390 541
3395 539
3400 543
3405 551
3410 527
3415 530
3420 530
3425 532
3430 533
3435 532
3440 535
3445 538
3450 618
3455 628
3460 592
3465 538
3470 540
3475 540
3480 541
3485 542
3490 604
3495 558
3500 559
3505 561
3510 572
3515 547
3520 549
3525 550
3530 548
3535 552
3540 596
3545 589
3550 554
3555 554
3560 555
3565 555
3570 604
3575 618
3580 557
3585 616
3590 559
3595 560
3600 564
3605 619
3610 563
3615 564
3620 566
3625 763
3630 775
3635 732
3640 605
3645 606
3650 600
3655 602
3660 603
3665 603
3670 604
3675 609
3680 612
3685 608
3690 608
3695 611
3700 610
3705 610
3710 612
3715 614
3720 614
3725 612
3730 614
3735 617
3740 600
3745 601
3750 602
3755 603
3760 603
3765 606
3770 607
3775 606
3780 703
3785 811
3790 733
3795 824
3800 861
3805 629
3810 629
3815 632
3820 633
3825 632
3830 634
3835 635
3840 635
3845 635
3850 639
3855 639
3860 639
3865 640
3870 686
3875 643
3880 645
3885 646
3890 651
3895 649
3900 656
3905 649
3910 651
3915 651
3920 652
3925 650
3930 651
3935 652
3940 655
3945 657
3950 667
3955 656
3960 658
3965 658
3970 658
3975 660
3980 663
3985 661
3990 665
3995 663
4000 665
4005 667
4010 669
4015 669
4020 670
4025 687
4030 654
4035 655
4040 657
4045 681
4050 675
4055 675
4060 713
4065 660
4070 659
4075 662
4080 662
4085 663
4090 666
4095 724
4100 732
4105 755
4110 651
4115 712
4120 689
4125 655
4130 655
4135 656
4140 730
4145 768
4150 657
4155 659
4160 658
4165 660
4170 679
4175 716
4180 681
4185 684
4190 684
4195 685
4200 687
4205 685
4210 684
4215 685
4220 685
4225 687
4230 691
4235 739
4240 673
4245 678
4250 769
4255 784
4260 678
4265 735
4270 733
4275 697
4280 715
4285 683
4290 681
4295 758
4300 683
4305 710
4310 703
4315 744
4320 754
4325 707
4330 709
4335 711
4340 709
4345 712
4350 710
4355 711
4360 711
4365 712
4370 726
4375 697
4380 699
4385 699
4390 721
4395 836
4400 757
4405 722
4410 736
4415 703
4420 706
4425 707
4430 709
4435 708
4440 710
4445 711
4450 712
4455 711
4460 714
4465 813
4470 835
4475 717
4480 717
4485 719
4490 720
4495 719
4500 718
4505 720
4510 723
4515 778
4520 759
4525 722
4530 768
4535 937
4540 727
4545 728
4550 728
4555 729
4560 731
4565 726
4570 732
4575 732
4580 799
4585 754
4590 752
4595 766
4600 894
4605 916
4610 738
4615 741
4620 742
4625 744
4630 770
4635 764
4640 765
4645 766
4650 767
4655 767
4660 769
4665 852
4670 825
4675 771
4680 772
4685 781
4690 784
4695 755
4700 757
4705 838
4710 780
4715 780
4720 917
4725 782
4730 857
4735 761
4740 881
4745 822
4750 786
4755 869
4760 851
4765 974
4770 842
4775 863
4780 836
4785 834
4790 845
4795 878
4800 793
4805 809
4810 818
4815 819
4820 821
4825 826
4830 879
4835 822
4840 827
4845 824
4850 839
4855 836
4860 839
4865 826
4870 832
4875 830
4880 827
4885 838
4890 831
4895 831
4900 843
4905 836
4910 839
4915 941
4920 842
4925 835
4930 853
4935 840
4940 842
4945 844
4950 843
4955 846
4960 859
4965 846
4970 849
4975 869
4980 847
4985 851
4990 852
4995 850
5000 874
5005 856
5010 856
5015 858
5020 856
5025 914
5030 858
5035 942
5040 874
5045 915
5050 839
5055 860
5060 960
5065 843
5070 882
5075 844
5080 994
5085 898
5090 878
5095 869
5100 872
5105 870
5110 876
5115 872
5120 879
5125 877
5130 878
5135 885
5140 880
5145 881
5150 909
5155 881
5160 881
5165 894
5170 890
5175 887
5180 888
5185 883
5190 886
5195 895
5200 942
5205 987
5210 869
5215 915
5220 908
5225 873
5230 1007
5235 909
5240 934
5245 875
5250 909
5255 914
5260 960
5265 950
5270 904
5275 904
5280 913
5285 906
5290 904
5295 917
5300 909
5305 919
5310 911
5315 912
5320 909
5325 916
5330 917
5335 916
5340 928
5345 935
5350 936
5355 921
5360 918
5365 929
5370 920
5375 931
5380 924
5385 929
5390 930
5395 926
5400 928
5405 934
5410 930
5415 930
5420 934
5425 934
5430 936
5435 933
5440 936
5445 936
5450 938
5455 950
5460 914
5465 914
5470 917
5475 916
5480 917
5485 1082
5490 921
5495 919
5500 924
5505 924
5510 924
5515 927
5520 962
5525 928
5530 929
5535 927
5540 971
5545 930
5550 932
5555 931
5560 937
5565 911
5570 913
5575 914
5580 913
5585 950
5590 917
5595 1118
5600 915
5605 918
5610 953
5615 990
5620 919
5625 920
5630 920
5635 925
5640 923
5645 982
5650 959
5655 926
5660 999
5665 928
5670 926
5675 930
5680 932
5685 931
5690 934
5695 933
5700 1008
5705 1094
5710 933
5715 935
5720 937
5725 937
5730 938
5735 938
5740 939
5745 943
5750 941
5755 1021
5760 946
5765 947
5770 943
5775 946
5780 948
5785 1105
5790 947
5795 950
5800 950
5805 1119
5810 1179
5815 1155
5820 1315
5825 1254
5830 1111
5835 1008
5840 983
5845 1205
5850 1129
5855 987
5860 990
5865 989
5870 991
5875 992
5880 989
5885 991
5890 992
5895 1067
5900 1048
5905 1079
5910 996
5915 1096
5920 994
5925 999
5930 998
5935 999
5940 1037
5945 1095
5950 1082
5955 1006
5960 1005
5965 1005
5970 1007
5975 1007
5980 1007
5985 1011
5990 1012
5995 1008
6000 1247
6005 1114
6010 990
6015 1105
6020 992
6025 991
6030 992
6035 993
6040 1018
6045 1023
6050 1067
6055 1022
6060 1023
6065 1024
6070 1028
6075 1024
6080 1029
6085 1027
6090 1018
6095 1123
6100 1085
6105 1132
6110 1005
6115 1008
6120 1007
6125 1009
6130 1012
6135 1043
6140 1038
6145 1078
6150 1088
6155 1043
6160 1070
6165 1074
6170 1044
6175 1045
6180 1044
6185 1019
6190 1019
6195 1125
6200 1139
6205 1062
6210 1026
6215 1026
6220 1026
6225 1028
6230 1027
6235 1026
6240 1091
6245 1128
6250 1136
6255 1030
6260 1032
6265 1033
6270 1091
6275 1037
6280 1100
6285 1041
6290 1042
6295 1120
6300 1149
6305 1039
6310 1042
6315 1042
6320 1125
6325 1083
6330 1045
6335 1046
6340 1048
6345 1135
6350 1051
6355 1049
6360 1126
6365 1049
6370 1053
6375 1053
6380 1054
6385 1055
6390 1202
6395 1163
6400 1115
6405 1059
6410 1062
6415 1059
6420 1063
6425 1063
6430 1066
6435 1118
6440 1144
6445 1063
6450 1066
6455 1066
6460 1068
6465 1151
6470 1068
6475 1069
6480 1217
6485 1156
6490 1209
6495 1102
6500 1104
6505 1107
6510 1106
6515 1108
6520 1109
6525 1109
6530 1383
6535 1437
6540 1174
6545 1535
6550 1194
6555 1117
6560 1117
6565 1237
6570 1139
6575 1176
6580 1147
6585 1151
6590 1151
6595 1151
6600 1152
6605 1153
6610 1156
6615 1204
6620 1127
6625 1127
6630 1128
6635 1128
6640 1128
6645 1131
6650 1130
6655 1132
6660 1201
6665 1228
6670 1105
6675 1104
6680 1112
6685 1130
6690 1152
6695 1109
6700 1141
6705 1179
6710 1298
6715 1141
6720 1229
6725 1185
6730 1147
6735 1146
6740 1146
6745 1150
6750 1189
6755 1256
6760 1152
6765 1153
6770 1152
6775 1153
6780 1195
6785 1157
6790 1158
6795 1159
6800 1158
6805 1162
6810 1159
6815 1162
6820 1164
6825 1150
6830 1136
6835 1136
6840 1314
6845 1137
6850 1140
6855 1136
6860 1141
6865 1140
6870 1216
6875 1141
6880 1146
6885 1225
6890 1148
6895 1148
6900 1147
6905 1149
6910 1224
6915 1187
6920 1152
6925 1233
6930 1252
6935 1153
6940 1156
6945 1152
6950 1154
6955 1157
6960 1306
6965 1275
6970 1203
6975 1162
6980 1162
6985 1162
6990 1165
6995 1237
7000 1169
7005 1288
7010 1424
7015 1283
7020 1168
7025 1189
7030 1200
7035 1203
7040 1220
7045 1222
7050 1290
7055 1284
7060 1204
7065 1207
7070 1210
7075 1207
7080 1209
7085 1211
7090 1214
7095 1292
7100 1307
7105 1212
7110 1183
7115 1184
7120 1227
7125 1265
7130 1190
7135 1187
7140 1276
7145 1193
7150 1227
7155 1191
7160 1253
7165 1196
7170 1198
7175 1291
7180 1317
7185 1275
7190 1231
7195 1232
7200 1234
7205 1232
7210 1235
7215 1235
7220 1275
7225 1204
7230 1281
7235 1205
7240 1209
7245 1209
7250 1210
7255 1210
7260 1213
7265 1450
7270 1365
7275 1215
7280 1289
7285 1215
7290 1220
7295 1220
7300 1251
7305 1331
7310 1253
7315 1253
7320 1254
7325 1256
7330 1258
7335 1297
7340 1242
7345 1518
7350 1228
7355 1231
7360 1230
7365 1231
7370 1231
7375 1230
7380 1231
7385 1361
7390 1274
7395 1235
7400 1238
7405 1239
7410 1238
7415 1236
7420 1240
7425 1329
7430 1407
7435 1240
7440 1242
7445 1241
7450 1248
7455 1247
7460 1247
7465 1373
7470 1323
7475 1253
7480 1249
7485 1255
7490 1346
7495 1332
7500 1256
7505 1408
7510 1424
7515 1258
7520 1259
7525 1582
7530 1634
7535 1689
7540 1370
7545 1296
7550 1385
7555 1298
7560 1373
7565 1335
7570 1335
7575 1340
7580 1366
7585 1340
7590 1342
7595 1339
7600 1309
7605 1308
7610 1305
7615 1347
7620 1313
7625 1311
7630 1320
7635 1278
7640 1278
7645 1349
7650 1356
7655 1284
7660 1482
7665 1287
7670 1329
7675 1320
7680 1321
7685 1324
7690 1324
7695 1370
7700 1325
7705 1393
7710 1292
7715 1298
7720 1336
7725 1300
7730 1338
7735 1622
7740 1415
7745 1337
7750 1340
7755 1340
7760 1342
7765 1342
7770 1495
7775 1339
7780 1306
7785 1309
7790 1307
7795 1309
7800 1309
7805 1311
7810 1415
7815 1340
7820 1313
7825 1316
7830 1319
7835 1375
7840 1409
7845 1591
7850 1560
7855 1854
7860 1813
7865 1355
7870 1452
7875 1362
7880 1547
7885 1359
7890 1362
7895 1366
7900 1364
7905 1481
7910 1447
7915 1448
7920 1446
7925 1410
7930 1367
7935 1369
7940 1372
7945 1410
7950 1475
7955 1498
7960 1376
7965 1415
7970 1377
7975 1379
7980 1381
7985 1386
7990 1422
7995 1418
8000 1382
8005 1461
8010 1382
8015 1451
8020 1499
8025 1537
8030 1351
8035 1354
8040 1356
8045 1352
8050 1357
8055 1356
8060 1420
8065 1358
8070 1360
8075 1363
8080 1360
8085 1362
8090 1508
8095 1367
8100 1503
8105 1400
8110 1403
8115 1371
8120 1371
8125 1374
8130 1373
8135 1471
8140 1369
8145 1450
8150 1375
8155 1377
8160 1376
8165 1539
8170 1535
8175 1544
8180 1380
8185 1424
8190 1418
8195 1455
8200 1419
8205 1480
8210 1464
8215 1498
8220 1424
8225 1476
8230 1427
8235 1427
8240 1429
8245 1547
8250 1467
8255 1391
8260 1453
8265 1432
8270 1396
8275 1516
8280 1501
8285 1398
8290 1400
8295 1478
8300 1404
8305 1403
8310 1406
8315 1843
8320 1502
8325 1485
8330 1485
8335 1488
8340 1487
8345 1489
8350 1487
8355 1486
8360 1488
8365 1490
8370 1492
8375 1492
8380 1519
8385 1842
8390 1703
8395 1786
8400 1588
8405 1496
8410 1539
8415 1540
8420 1463
8425 1462
8430 1465
8435 1465
8440 1584
8445 1470
8450 1641
8455 1468
8460 1469
8465 1467
8470 1471
8475 1475
8480 1511
8485 1970
8490 1547
8495 1475
8500 1476
8505 1474
8510 1477
8515 1582
8520 1495
8525 1562
8530 1482
8535 1483
8540 1485
8545 1489
8550 1526
8555 1485
8560 1488
8565 1491
8570 1524
8575 1451
8580 1553
8585 1715
8590 1455
8595 1456
8600 1454
8605 1533
8610 1457
8615 1479
8620 1518
8625 1464
8630 1540
8635 1460
8640 1462
8645 1466
8650 1505
8655 1629
8660 1468
8665 1470
8670 1470
8675 1469
8680 1475
8685 1551
8690 1472
8695 1473
8700 1512
8705 1477
8710 1479
8715 1478
8720 1576
8725 1595
8730 1555
8735 1485
8740 1558
8745 1483
8750 1488
8755 1586
8760 1488
8765 1491
8770 1487
8775 1489
8780 1603
8785 1493
8790 1780
8795 1492
8800 1531
8805 1494
8810 1497
8815 1653
8820 1606
8825 1497
8830 1500
8835 1501
8840 1576
8845 1539
8850 1538
8855 1748
8860 1506
8865 1505
8870 1505
8875 1624
8880 1509
8885 1605
8890 1526
8895 1513
8900 1515
8905 1515
8910 1668
8915 1555
8920 1900
8925 1520
8930 1517
8935 1516
8940 1598
8945 1522
8950 1575
8955 1613
8960 1638
8965 1565
8970 1603
8975 1567
8980 1579
8985 1787
8990 1531
8995 1530
9000 1611
9005 1532
9010 1532
9015 1532
9020 1613
9025 1535
9030 1583
9035 1539
9040 1611
9045 1540
9050 1624
9055 1846
9060 1544
9065 1543
9070 1665
9075 1589
9080 1673
9085 1589
9090 1589
9095 1588
9100 1655
9105 1550
9110 1555
9115 1708
9120 1557
9125 1723
9130 1556
9135 1560
9140 1563
9145 1672
9150 1562
9155 1601
9160 1561
9165 2000
9170 2153
9175 1660
9180 1657
9185 1661
9190 1648
9195 1651
9200 1656
9205 1658
9210 1655
9215 1660
9220 1657
9225 1617
9230 1621
9235 1619
9240 1732
9245 1700
9250 1615
9255 1578
9260 1579
9265 1650
9270 1698
9275 1583
9280 1585
9285 1584
9290 1701
9295 1722
9300 1670
9305 1808
9310 1633
9315 1631
9320 1654
9325 1636
9330 1755
9335 1638
9340 1675
9345 1640
9350 1694
9355 1638
9360 1646
9365 1824
9370 1602
9375 1601
9380 1604
9385 1602
9390 1606
9395 1695
9400 1607
9405 1611
9410 1685
9415 1609
9420 1714
9425 1990
9430 2447
9435 2074
9440 1714
9445 1716
9450 1765
9455 1660
9460 1708
9465 1662
9470 1733
9475 1660
9480 1745
9485 1779
9490 1664
9495 1690
9500 1681
9505 1741
9510 1722
9515 1670
9520 1673
9525 1671
9530 1673
9535 1726
9540 1789
9545 1694
9550 1676
9555 1680
9560 1682
9565 1722
9570 1725
9575 1760
9580 1681
9585 1712
9590 1641
9595 1643
9600 1726
9605 1766
9610 1648
9615 1646
9620 1723
9625 1650
9630 1804
9635 1730
9640 1710
9645 1652
9650 1808
9655 1696
9660 1728
9665 1789
9670 1696
9675 1701
9680 1746
9685 1770
9690 1753
9695 1707
9700 1683
9705 1664
9710 1666
9715 1740
9720 1829
9725 1834
9730 1687
9735 1671
9740 1673
9745 1785
9750 1825
9755 1676
9760 1678
9765 1679
9770 1676
9775 1678
9780 1761
9785 1814
9790 1679
9795 1765
9800 1684
9805 1761
9810 1877
9815 1978
9820 1826
9825 1733
9830 1732
9835 1734
9840 1979
9845 1735
9850 1737
9855 1735
9860 1739
9865 1720
9870 1948
9875 2275
9880 2334
9885 1896
9890 1788
9895 1829
9900 1796
9905 1796
9910 1798
9915 1777
9920 1751
9925 1751
9930 1753
9935 1753
9940 1758
9945 1707
9950 1800
9955 1830
9960 1714
9965 1786
9970 1713
9975 1719
9980 1798
9985 1719
9990 1719
9995 1717
10000 1787
