5 0
10 0
15 1
20 1
25 1
30 2
35 2
40 2
45 3
50 3
55 4
60 4
65 5
70 5
75 6
80 6
85 6
90 7
95 7
100 8
105 8
110 9
115 10
120 10
125 11
130 11
135 12
140 12
145 13
150 13
155 14
160 14
165 15
170 15
175 16
180 17
185 17
190 18
195 18
200 19
205 19
210 20
215 20
220 21
225 22
230 22
235 23
240 24
245 24
250 44
255 43
260 26
265 27
270 27
275 28
280 28
285 29
290 30
295 30
300 31
305 32
310 32
315 33
320 34
325 34
330 34
335 35
340 36
345 37
350 37
355 37
360 38
365 39
370 39
375 40
380 41
385 42
390 42
395 43
400 44
405 44
410 45
415 46
420 47
425 48
430 48
435 49
440 50
445 50
450 51
455 52
460 53
465 53
470 54
475 55
480 55
485 56
490 56
495 57
500 58
505 58
510 59
515 59
520 61
525 100
530 62
535 62
540 63
545 64
550 65
555 66
560 66
565 67
570 67
575 68
580 68
585 69
590 69
595 70
600 71
605 71
610 73
615 73
620 75
625 75
630 76
635 76
640 99
645 119
650 79
655 80
660 81
665 81
670 82
675 82
680 83
685 84
690 84
695 85
700 86
705 87
710 87
715 88
720 89
725 90
730 91
735 91
740 92
745 93
750 93
755 94
760 94
765 151
770 193
775 116
780 130
785 126
790 129
795 125
800 118
805 126
810 117
815 115
820 136
825 105
830 105
835 106
840 107
845 107
850 108
855 108
860 110
865 110
870 166
875 127
880 119
885 149
890 114
895 116
900 116
905 117
910 117
915 118
920 118
925 119
930 121
935 120
940 122
945 122
950 123
955 123
960 144
965 145
970 130
975 130
980 132
985 131
990 132
995 133
1000 134
1005 136
1010 136
1015 247
1020 193
1025 140
1030 139
1035 140
1040 141
1045 171
1050 205
1055 143
1060 145
1065 145
1070 146
1075 146
1080 147
1085 148
1090 148
1095 149
1100 151
1105 154
1110 151
1115 152
1120 153
1125 154
1130 155
1135 156
1140 157
1145 157
1150 157
1155 159
1160 160
1165 161
1170 161
1175 162
1180 163
1185 164
1190 165
1195 164
1200 165
1205 166
1210 167
1215 168
1220 169
1225 169
1230 171
1235 171
1240 172
1245 172
1250 177
1255 174
1260 175
1265 175
1270 177
1275 178
1280 180
1285 180
1290 181
1295 182
1300 182
1305 184
1310 185
1315 184
1320 215
1325 187
1330 187
1335 188
1340 190
1345 233
1350 191
1355 191
1360 192
1365 193
1370 193
1375 300
1380 195
1385 220
1390 198
1395 198
1400 199
1405 200
1410 200
1415 201
1420 202
1425 203
1430 203
1435 204
1440 206
1445 206
1450 207
1455 208
1460 208
1465 210
1470 211
1475 211
1480 213
1485 213
1490 214
1495 227
1500 210
1505 211
1510 213
1515 214
1520 214
1525 214
1530 214
1535 216
1540 216
1545 217
1550 219
1555 269
1560 255
1565 221
1570 222
1575 260
1580 308
1585 223
1590 354
1595 226
1600 226
1605 227
1610 228
1615 229
1620 229
1625 229
1630 231
1635 231
1640 233
1645 233
1650 234
1655 234
1660 237
1665 237
1670 239
1675 239
1680 239
1685 241
1690 241
1695 242
1700 244
1705 243
1710 244
1715 245
1720 246
1725 246
1730 247
1735 247
1740 250
1745 250
1750 251
1755 252
1760 253
1765 253
1770 255
1775 253
1780 254
1785 357
1790 258
1795 260
1800 259
1805 260
1810 262
1815 262
1820 262
1825 261
1830 263
1835 264
1840 265
1845 265
1850 266
1855 267
1860 269
1865 269
1870 270
1875 271
1880 272
1885 310
1890 273
1895 274
1900 273
1905 275
1910 276
1915 278
1920 278
1925 280
1930 280
1935 282
1940 301
1945 352
1950 321
1955 286
1960 284
1965 368
1970 287
1975 287
1980 288
1985 363
1990 290
1995 290
2000 291
2005 391
2010 366
2015 293
2020 296
2025 296
2030 317
2035 371
2040 306
2045 308
2050 308
2055 309
2060 311
2065 312
2070 311
2075 312
2080 314
2085 314
2090 315
2095 317
2100 318
2105 319
2110 319
2115 318
2120 320
2125 367
2130 322
2135 324
2140 325
2145 325
2150 326
2155 327
2160 327
2165 329
2170 328
2175 331
2180 331
2185 340
2190 324
2195 327
2200 327
2205 328
2210 326
2215 401
2220 328
2225 328
2230 329
2235 329
2240 331
2245 331
2250 334
2255 334
2260 417
2265 336
2270 337
2275 398
2280 339
2285 339
2290 340
2295 341
2300 342
2305 342
2310 343
2315 344
2320 345
2325 346
2330 347
2335 347
2340 349
2345 348
2350 350
2355 349
2360 351
2365 352
2370 353
2375 354
2380 469
2385 458
2390 356
2395 359
2400 358
2405 358
2410 361
2415 458
2420 363
2425 364
2430 364
2435 364
2440 365
2445 366
2450 367
2455 367
2460 368
2465 369
2470 371
2475 371
2480 371
2485 373
2490 374
2495 373
2500 374
2505 375
2510 378
2515 378
2520 379
2525 379
2530 381
2535 503
2540 398
2545 382
2550 524
2555 421
2560 385
2565 386
2570 401
2575 399
2580 399
2585 400
2590 400
2595 402
2600 402
2605 405
2610 404
2615 407
2620 407
2625 446
2630 407
2635 410
2640 411
2645 410
2650 413
2655 411
2660 413
2665 413
2670 451
2675 454
2680 416
2685 453
2690 422
2695 409
2700 448
2705 409
2710 485
2715 414
2720 414
2725 413
2730 414
2735 416
2740 416
2745 417
2750 417
2755 419
2760 420
2765 423
2770 422
2775 423
2780 538
2785 425
2790 484
2795 463
2800 426
2805 429
2810 428
2815 428
2820 430
2825 432
2830 431
2835 432
2840 434
2845 435
2850 434
2855 436
2860 436
2865 436
2870 437
2875 440
2880 441
2885 441
2890 443
2895 590
2900 444
2905 523
2910 445
2915 446
2920 447
2925 447
2930 449
2935 448
2940 450
2945 451
2950 497
2955 485
2960 467
2965 468
2970 469
2975 507
2980 469
2985 469
2990 473
2995 472
3000 474
3005 541
3010 475
3015 514
3020 500
3025 478
3030 519
3035 478
3040 479
3045 481
3050 481
3055 482
3060 482
3065 519
3070 485
3075 486
3080 486
3085 488
3090 489
3095 490
3100 493
3105 492
3110 492
3115 492
3120 626
3125 547
3130 749
3135 484
3140 484
3145 485
3150 485
3155 488
3160 486
3165 669
3170 526
3175 490
3180 567
3185 512
3190 568
3195 514
3200 639
3205 525
3210 547
3215 510
3220 512
3225 512
3230 512
3235 609
3240 668
3245 553
3250 533
3255 533
3260 533
3265 538
3270 546
3275 568
3280 572
3285 544
3290 537
3295 538
3300 542
3305 541
3310 542
3315 542
3320 544
3325 544
3330 546
3335 546
3340 548
3345 552
3350 549
3355 553
3360 585
3365 555
3370 589
3375 541
3380 539
3385 610
3390 543
3395 610
3400 542
3405 591
3410 573
3415 568
3420 575
3425 574
3430 576
3435 566
3440 575
3445 576
3450 569
3455 573
3460 578
3465 635
3470 616
3475 606
3480 658
3485 592
3490 602
3495 577
3500 641
3505 616
3510 607
3515 578
3520 579
3525 580
3530 582
3535 585
3540 584
3545 583
3550 585
3555 610
3560 612
3565 594
3570 598
3575 600
3580 592
3585 594
3590 596
3595 600
3600 598
3605 599
3610 599
3615 599
3620 616
3625 630
3630 605
3635 616
3640 607
3645 602
3650 609
3655 602
3660 605
3665 605
3670 606
3675 605
3680 607
3685 621
3690 594
3695 594
3700 594
3705 595
3710 595
3715 596
3720 728
3725 719
3730 602
3735 656
3740 603
3745 640
3750 605
3755 604
3760 607
3765 607
3770 608
3775 609
3780 609
3785 726
3790 610
3795 645
3800 653
3805 614
3810 613
3815 657
3820 618
3825 618
3830 619
3835 621
3840 643
3845 639
3850 638
3855 639
3860 639
3865 639
3870 689
3875 644
3880 644
3885 648
3890 648
3895 688
3900 648
3905 650
3910 650
3915 649
3920 635
3925 636
3930 637
3935 638
3940 768
3945 640
3950 640
3955 738
3960 771
3965 645
3970 737
3975 645
3980 716
3985 672
3990 647
3995 650
4000 649
4005 687
4010 651
4015 654
4020 654
4025 655
4030 654
4035 676
4040 706
4045 692
4050 661
4055 665
4060 644
4065 643
4070 645
4075 646
4080 645
4085 649
4090 716
4095 649
4100 651
4105 850
4110 654
4115 653
4120 733
4125 653
4130 655
4135 655
4140 656
4145 657
4150 658
4155 758
4160 713
4165 679
4170 679
4175 681
4180 681
4185 714
4190 752
4195 746
4200 667
4205 667
4210 668
4215 670
4220 670
4225 670
4230 811
4235 902
4240 676
4245 782
4250 676
4255 792
4260 712
4265 748
4270 717
4275 700
4280 795
4285 702
4290 700
4295 772
4300 704
4305 760
4310 731
4315 724
4320 767
4325 814
4330 794
4335 745
4340 711
4345 788
4350 714
4355 747
4360 716
4365 715
4370 718
4375 773
4380 717
4385 719
4390 723
4395 719
4400 719
4405 850
4410 726
4415 723
4420 725
4425 724
4430 747
4435 780
4440 730
4445 728
4450 732
4455 732
4460 806
4465 821
4470 735
4475 773
4480 763
4485 791
4490 774
4495 736
4500 738
4505 740
4510 831
4515 778
4520 772
4525 764
4530 769
4535 792
4540 812
4545 769
4550 774
4555 769
4560 795
4565 772
4570 772
4575 773
4580 781
4585 831
4590 757
4595 881
4600 824
4605 796
4610 1087
4615 1056
4620 945
4625 905
4630 819
4635 784
4640 795
4645 830
4650 791
4655 790
4660 825
4665 804
4670 794
4675 793
4680 795
4685 821
4690 798
4695 797
4700 799
4705 798
4710 825
4715 843
4720 807
4725 936
4730 900
4735 805
4740 808
4745 806
4750 810
4755 810
4760 811
4765 810
4770 813
4775 813
4780 845
4785 816
4790 826
4795 818
4800 822
4805 869
4810 797
4815 835
4820 799
4825 800
4830 904
4835 801
4840 942
4845 807
4850 803
4855 886
4860 805
4865 805
4870 809
4875 809
4880 891
4885 813
4890 810
4895 811
4900 949
4905 941
4910 813
4915 898
4920 843
4925 840
4930 855
4935 842
4940 865
4945 842
4950 844
4955 846
4960 883
4965 856
4970 850
4975 851
4980 851
4985 876
4990 852
4995 854
5000 854
5005 854
5010 862
5015 860
5020 859
5025 858
5030 859
5035 855
5040 839
5045 905
5050 842
5055 881
5060 882
5065 845
5070 900
5075 841
5080 975
5085 882
5090 849
5095 905
5100 854
5105 851
5110 853
5115 854
5120 904
5125 855
5130 853
5135 855
5140 909
5145 895
5150 893
5155 860
5160 861
5165 940
5170 863
5175 865
5180 863
5185 910
5190 937
5195 1031
5200 942
5205 868
5210 928
5215 944
5220 871
5225 970
5230 874
5235 910
5240 874
5245 878
5250 946
5255 903
5260 903
5265 903
5270 905
5275 925
5280 908
5285 909
5290 910
5295 923
5300 909
5305 985
5310 911
5315 926
5320 1023
5325 939
5330 889
5335 894
5340 894
5345 929
5350 896
5355 941
5360 922
5365 923
5370 926
5375 924
5380 941
5385 925
5390 927
5395 927
5400 944
5405 943
5410 911
5415 971
5420 965
5425 960
5430 908
5435 911
5440 1043
5445 1152
5450 979
5455 1004
5460 941
5465 946
5470 960
5475 946
5480 944
5485 945
5490 965
5495 977
5500 947
5505 952
5510 999
5515 925
5520 925
5525 1033
5530 983
5535 966
5540 931
5545 931
5550 1046
5555 994
5560 958
5565 983
5570 965
5575 960
5580 966
5585 971
5590 968
5595 968
5600 966
5605 967
5610 1020
5615 974
5620 945
5625 946
5630 1103
5635 986
5640 948
5645 949
5650 1029
5655 988
5660 953
5665 953
5670 952
5675 1049
5680 959
5685 1000
5690 955
5695 993
5700 1010
5705 983
5710 961
5715 962
5720 963
5725 1031
5730 966
5735 1038
5740 1095
5745 984
5750 1027
5755 995
5760 999
5765 997
5770 998
5775 1001
5780 1000
5785 1002
5790 1045
5795 1003
5800 997
5805 977
5810 1020
5815 981
5820 1023
5825 1018
5830 982
5835 1081
5840 1027
5845 988
5850 1064
5855 986
5860 986
5865 987
5870 992
5875 991
5880 990
5885 995
5890 1032
5895 995
5900 970
5905 973
5910 974
5915 1010
5920 990
5925 976
5930 1051
5935 1050
5940 1124
5945 996
5950 979
5955 1057
5960 1007
5965 1018
5970 982
5975 984
5980 983
5985 1025
5990 1064
5995 1044
6000 988
6005 990
6010 989
6015 990
6020 991
6025 994
6030 995
6035 1069
6040 1098
6045 1071
6050 997
6055 999
6060 1104
6065 1027
6070 1022
6075 1001
6080 1005
6085 1005
6090 1069
6095 1075
6100 1056
6105 1009
6110 1165
6115 1053
6120 1028
6125 1010
6130 1043
6135 1079
6140 1081
6145 1041
6150 1039
6155 1043
6160 1043
6165 1086
6170 1082
6175 1138
6180 1048
6185 1049
6190 1085
6195 1085
6200 1051
6205 1096
6210 1051
6215 1054
6220 1150
6225 1027
6230 1124
6235 1072
6240 1088
6245 1031
6250 1032
6255 1033
6260 1074
6265 1111
6270 1036
6275 1034
6280 1036
6285 1151
6290 1077
6295 1038
6300 1041
6305 1040
6310 1044
6315 1047
6320 1046
6325 1047
6330 1128
6335 1127
6340 1047
6345 1049
6350 1047
6355 1050
6360 1050
6365 1053
6370 1181
6375 1056
6380 1058
6385 1157
6390 1056
6395 1138
6400 1169
6405 1142
6410 1144
6415 1062
6420 1061
6425 1478
6430 1081
6435 1068
6440 1180
6445 1139
6450 1096
6455 1098
6460 1099
6465 1101
6470 1101
6475 1144
6480 1137
6485 1104
6490 1106
6495 1104
6500 1106
6505 1108
6510 1109
6515 1265
6520 1146
6525 1109
6530 1102
6535 1086
6540 1083
6545 1083
6550 1089
6555 1088
6560 1125
6565 1237
6570 1088
6575 1087
6580 1089
6585 1164
6590 1093
6595 1094
6600 1139
6605 1382
6610 1198
6615 1201
6620 1311
6625 1144
6630 1129
6635 1166
6640 1135
6645 1133
6650 1134
6655 1248
6660 1166
6665 1166
6670 1166
6675 1168
6680 1210
6685 1174
6690 1172
6695 1204
6700 1163
6705 1179
6710 1180
6715 1183
6720 1144
6725 1149
6730 1146
6735 1147
6740 1187
6745 1251
6750 1209
6755 1154
6760 1294
6765 1310
6770 1154
6775 1157
6780 1252
6785 1195
6790 1159
6795 1160
6800 1162
6805 1200
6810 1162
6815 1203
6820 1167
6825 1165
6830 1168
6835 1166
6840 1246
6845 1166
6850 1171
6855 1169
6860 1259
6865 1238
6870 1219
6875 1176
6880 1174
6885 1173
6890 1179
6895 1178
6900 1181
6905 1184
6910 1183
6915 1301
6920 1182
6925 1185
6930 1186
6935 1185
6940 1233
6945 1158
6950 1244
6955 1258
6960 1157
6965 1162
6970 1164
6975 1163
6980 1164
6985 1160
6990 1246
6995 1274
7000 1597
7005 1587
7010 1599
7015 1201
7020 1363
7025 1205
7030 1381
7035 1269
7040 1205
7045 1207
7050 1243
7055 1241
7060 1244
7065 1243
7070 1272
7075 1244
7080 1246
7085 1246
7090 1335
7095 1216
7100 1278
7105 1292
7110 1372
7115 1304
7120 1217
7125 1222
7130 1282
7135 1260
7140 1223
7145 1261
7150 1228
7155 1266
7160 1231
7165 1229
7170 1199
7175 1198
7180 1199
7185 1200
7190 1283
7195 1352
7200 1294
7205 1284
7210 1203
7215 1203
7220 1207
7225 1205
7230 1253
7235 1334
7240 1285
7245 1209
7250 1213
7255 1212
7260 1214
7265 1326
7270 1216
7275 1447
7280 1286
7285 1250
7290 1301
7295 1291
7300 1288
7305 1252
7310 1254
7315 1258
7320 1328
7325 1226
7330 1228
7335 1226
7340 1226
7345 1228
7350 1227
7355 1231
7360 1486
7365 1234
7370 1235
7375 1232
7380 1237
7385 1233
7390 1310
7395 1406
7400 1434
7405 1535
7410 1389
7415 1574
7420 1471
7425 1280
7430 1276
7435 1380
7440 1315
7445 1280
7450 1279
7455 1282
7460 1279
7465 1285
7470 1287
7475 1283
7480 1375
7485 1287
7490 1289
7495 1286
7500 1290
7505 1278
7510 1325
7515 1517
7520 1258
7525 1259
7530 1262
7535 1265
7540 1290
7545 1295
7550 1347
7555 1334
7560 1297
7565 1299
7570 1552
7575 1422
7580 1305
7585 1309
7590 1438
7595 1377
7600 1370
7605 1309
7610 1313
7615 1513
7620 1362
7625 1453
7630 1427
7635 1313
7640 1315
7645 1316
7650 1317
7655 1394
7660 1375
7665 1442
7670 1442
7675 1320
7680 1324
7685 1326
7690 1324
7695 1326
7700 1327
7705 1325
7710 1345
7715 1329
7720 1333
7725 1333
7730 1373
7735 1334
7740 1380
7745 1378
7750 1407
7755 1319
7760 1304
7765 1380
7770 1344
7775 1307
7780 1308
7785 1396
7790 1311
7795 1309
7800 1313
7805 1310
7810 1313
7815 1314
7820 1390
7825 1397
7830 1316
7835 1317
7840 1339
7845 1407
7850 1323
7855 1321
7860 1396
7865 1321
7870 1321
7875 1325
7880 1322
7885 1372
7890 1328
7895 1461
7900 1405
7905 1327
7910 1331
7915 1332
7920 1531
7925 1786
7930 1531
7935 1545
7940 1408
7945 1555
7950 1487
7955 1525
7960 1374
7965 1502
7970 1512
7975 1379
7980 1378
7985 1380
7990 1380
7995 1384
8000 1383
8005 1428
8010 1385
8015 1383
8020 1441
8025 1532
8030 1535
8035 1517
8040 1504
8045 1468
8050 1518
8055 1429
8060 1394
8065 1442
8070 1439
8075 1437
8080 1435
8085 1436
8090 1437
8095 1450
8100 1401
8105 1486
8110 1579
8115 1406
8120 1508
8125 1408
8130 1409
8135 1407
8140 1448
8145 1408
8150 1454
8155 1412
8160 1459
8165 1400
8170 1531
8175 1763
8180 1632
8185 1379
8190 1379
8195 1412
8200 1462
8205 1424
8210 1424
8215 1423
8220 1467
8225 1424
8230 1428
8235 1425
8240 1425
8245 1510
8250 1553
8255 1508
8260 1467
8265 1433
8270 1434
8275 1434
8280 1435
8285 1439
8290 1474
8295 1479
8300 1402
8305 1405
8310 1678
8315 1404
8320 1540
8325 1486
8330 1498
8335 1447
8340 1490
8345 1464
8350 1451
8355 1448
8360 1531
8365 1412
8370 1418
8375 1415
8380 1419
8385 1490
8390 1596
8395 1533
8400 1421
8405 1423
8410 1424
8415 1497
8420 1420
8425 1739
8430 1560
8435 1465
8440 1469
8445 1465
8450 1466
8455 1513
8460 1643
8465 1431
8470 1437
8475 1508
8480 1433
8485 1438
8490 1540
8495 1474
8500 1475
8505 1552
8510 1516
8515 1516
8520 1534
8525 1546
8530 1556
8535 1483
8540 1487
8545 1534
8550 1486
8555 1481
8560 1489
8565 1525
8570 1451
8575 1550
8580 1452
8585 1456
8590 1537
8595 1577
8600 1535
8605 1459
8610 1461
8615 1460
8620 1462
8625 1463
8630 1462
8635 1546
8640 1592
8645 1463
8650 1467
8655 1468
8660 1467
8665 1657
8670 1548
8675 1471
8680 1645
8685 1518
8690 1551
8695 1513
8700 1556
8705 1577
8710 1516
8715 1506
8720 1479
8725 1633
8730 1635
8735 1801
8740 2177
8745 1872
8750 1661
8755 1709
8760 1532
8765 1631
8770 1553
8775 1573
8780 1570
8785 1570
8790 1656
8795 1710
8800 1575
8805 1578
8810 1578
8815 1575
8820 1585
8825 1583
8830 1593
8835 1583
8840 1574
8845 1539
8850 1580
8855 1722
8860 1582
8865 1544
8870 1549
8875 1548
8880 1551
8885 1637
8890 1585
8895 1598
8900 1552
8905 1553
8910 1556
8915 1555
8920 1678
8925 1620
8930 1602
8935 1517
8940 1520
8945 1520
8950 1639
8955 1666
8960 1639
8965 1646
8970 2002
8975 1684
8980 1571
8985 1672
8990 1642
8995 1568
9000 1571
9005 1573
9010 1572
9015 1613
9020 1621
9025 1575
9030 1578
9035 1576
9040 1701
9045 1557
9050 1689
9055 1599
9060 1587
9065 1548
9070 1636
9075 1621
9080 1548
9085 1627
9090 1547
9095 1549
9100 1549
9105 1548
9110 1557
9115 1787
9120 1641
9125 1556
9130 1560
9135 1603
9140 1557
9145 1562
9150 1636
9155 1561
9160 1663
9165 1562
9170 1564
9175 1604
9180 1853
9185 1566
9190 1568
9195 1803
9200 1685
9205 1656
9210 1591
9215 1660
9220 1641
9225 1612
9230 1617
9235 1616
9240 1705
9245 1651
9250 1618
9255 1622
9260 1627
9265 1670
9270 1664
9275 1668
9280 1632
9285 1586
9290 1586
9295 1659
9300 1588
9305 1835
9310 1589
9315 1793
9320 1591
9325 1590
9330 1593
9335 1677
9340 1780
9345 1638
9350 1640
9355 1717
9360 1644
9365 1688
9370 1694
9375 1645
9380 1648
9385 1646
9390 1649
9395 1648
9400 1705
9405 1681
9410 1609
9415 1609
9420 1724
9425 1631
9430 1722
9435 1653
9440 1657
9445 1657
9450 1661
9455 1664
9460 1691
9465 1620
9470 1620
9475 1698
9480 1624
9485 1626
9490 1712
9495 1697
9500 1623
9505 1626
9510 1628
9515 1668
9520 1628
9525 1709
9530 1706
9535 1636
9540 1630
9545 1635
9550 1754
9555 1825
9560 1760
9565 1635
9570 1658
9575 1721
9580 1720
9585 1721
9590 1687
9595 1686
9600 1685
9605 1718
9610 1812
9615 1721
9620 1648
9625 1759
9630 1703
9635 1692
9640 1781
9645 1699
9650 1730
9655 1703
9660 1653
9665 1658
9670 1858
9675 1737
9680 1660
9685 1660
9690 1662
9695 1741
9700 1876
9705 1738
9710 1666
9715 1668
9720 1741
9725 1669
9730 1778
9735 1741
9740 1671
9745 1670
9750 1671
9755 1673
9760 1794
9765 1749
9770 1676
9775 1752
9780 1677
9785 1677
9790 1722
9795 1778
9800 1683
9805 1681
9810 1725
9815 1706
9820 1687
9825 1767
9830 1765
9835 1691
9840 1786
9845 1782
9850 1893
9855 1784
9860 1740
9865 1741
9870 1742
9875 1741
9880 1744
9885 1780
9890 1795
9895 1700
9900 1700
9905 1835
9910 2002
9915 2011
9920 1751
9925 1897
9930 1753
9935 1841
9940 1829
9945 1754
9950 1757
9955 1757
9960 1758
9965 1988
9970 1798
9975 1801
9980 1800
9985 1762
9990 1768
9995 1890
10000 1806
