5 0
10 0
15 1
20 1
25 1
30 2
35 2
40 3
45 3
50 3
55 4
60 4
65 5
70 5
75 6
80 6
85 7
90 7
95 8
100 8
105 9
110 9
115 10
120 11
125 11
130 12
135 12
140 13
145 13
150 14
155 14
160 15
165 16
170 16
175 17
180 17
185 18
190 19
195 19
200 20
205 21
210 21
215 22
220 22
225 23
230 23
235 24
240 25
245 26
250 26
255 27
260 27
265 28
270 29
275 30
280 30
285 55
290 84
295 35
300 51
305 34
310 34
315 34
320 35
325 35
330 36
335 37
340 37
345 38
350 39
355 39
360 40
365 40
370 41
375 42
380 42
385 43
390 44
395 45
400 45
405 46
410 47
415 47
420 48
425 48
430 49
435 51
440 51
445 71
450 54
455 71
460 54
465 55
470 56
475 57
480 56
485 113
490 76
495 59
500 60
505 61
510 62
515 62
520 63
525 63
530 64
535 65
540 66
545 66
550 67
555 68
560 69
565 69
570 69
575 70
580 71
585 72
590 72
595 74
600 74
605 75
610 76
615 76
620 77
625 78
630 78
635 79
640 116
645 82
650 81
655 81
660 83
665 83
670 84
675 85
680 86
685 86
690 87
695 88
700 89
705 90
710 90
715 91
720 91
725 93
730 93
735 94
740 95
745 95
750 96
755 97
760 97
765 98
770 98
775 100
780 101
785 137
790 101
795 102
800 103
805 105
810 105
815 106
820 107
825 107
830 108
835 108
840 110
845 110
850 111
855 112
860 113
865 113
870 190
875 136
880 132
885 134
890 118
895 118
900 119
905 119
910 120
915 121
920 122
925 122
930 123
935 124
940 126
945 126
950 126
955 127
960 128
965 166
970 130
975 130
980 196
985 151
990 175
995 134
1000 134
1005 135
1010 173
1015 202
1020 155
1025 138
1030 139
1035 140
1040 141
1045 141
1050 142
1055 143
1060 144
1065 145
1070 170
1075 151
1080 151
1085 152
1090 152
1095 154
1100 155
1105 155
1110 157
1115 157
1120 156
1125 158
1130 159
1135 160
1140 160
1145 162
1150 162
1155 163
1160 163
1165 164
1170 165
1175 166
1180 167
1185 167
1190 168
1195 172
1200 171
1205 170
1210 171
1215 172
1220 173
1225 174
1230 175
1235 177
1240 177
1245 179
1250 179
1255 180
1260 180
1265 181
1270 182
1275 183
1280 184
1285 184
1290 185
1295 186
1300 187
1305 187
1310 190
1315 190
1320 191
1325 193
1330 192
1335 193
1340 206
1345 190
1350 191
1355 192
1360 192
1365 194
1370 194
1375 194
1380 195
1385 196
1390 196
1395 198
1400 199
1405 200
1410 201
1415 201
1420 202
1425 204
1430 204
1435 205
1440 206
1445 207
1450 207
1455 208
1460 209
1465 210
1470 211
1475 211
1480 213
1485 213
1490 213
1495 216
1500 216
1505 217
1510 218
1515 218
1520 263
1525 220
1530 220
1535 221
1540 222
1545 222
1550 224
1555 293
1560 225
1565 236
1570 221
1575 221
1580 223
1585 224
1590 224
1595 224
1600 225
1605 227
1610 227
1615 227
1620 229
1625 229
1630 231
1635 230
1640 231
1645 233
1650 234
1655 234
1660 235
1665 236
1670 236
1675 238
1680 239
1685 240
1690 240
1695 240
1700 242
1705 285
1710 409
1715 264
1720 304
1725 245
1730 328
1735 246
1740 247
1745 250
1750 249
1755 266
1760 258
1765 259
1770 261
1775 261
1780 262
1785 262
1790 262
1795 262
1800 265
1805 265
1810 267
1815 267
1820 267
1825 269
1830 269
1835 270
1840 271
1845 273
1850 273
1855 275
1860 274
1865 275
1870 277
1875 277
1880 278
1885 280
1890 280
1895 281
1900 283
1905 360
1910 284
1915 321
1920 286
1925 284
1930 295
1935 280
1940 365
1945 340
1950 282
1955 284
1960 284
1965 285
1970 286
1975 286
1980 288
1985 288
1990 290
1995 290
2000 291
2005 291
2010 292
2015 293
2020 293
2025 295
2030 333
2035 296
2040 298
2045 298
2050 299
2055 299
2060 300
2065 301
2070 302
2075 304
2080 303
2085 400
2090 306
2095 308
2100 307
2105 307
2110 309
2115 310
2120 376
2125 369
2130 313
2135 313
2140 371
2145 315
2150 316
2155 317
2160 318
2165 319
2170 320
2175 319
2180 320
2185 321
2190 322
2195 322
2200 325
2205 325
2210 326
2215 326
2220 326
2225 327
2230 328
2235 349
2240 389
2245 332
2250 332
2255 332
2260 467
2265 335
2270 336
2275 335
2280 337
2285 338
2290 339
2295 340
2300 339
2305 419
2310 343
2315 343
2320 344
2325 345
2330 345
2335 347
2340 347
2345 348
2350 350
2355 351
2360 352
2365 352
2370 353
2375 355
2380 471
2385 355
2390 356
2395 442
2400 357
2405 358
2410 359
2415 359
2420 360
2425 380
2430 416
2435 363
2440 364
2445 426
2450 368
2455 366
2460 368
2465 449
2470 367
2475 369
2480 371
2485 370
2490 389
2495 382
2500 384
2505 386
2510 387
2515 423
2520 386
2525 390
2530 409
2535 454
2540 392
2545 391
2550 393
2555 430
2560 395
2565 394
2570 395
2575 397
2580 397
2585 399
2590 400
2595 401
2600 400
2605 402
2610 414
2615 459
2620 487
2625 395
2630 397
2635 416
2640 452
2645 398
2650 401
2655 399
2660 401
2665 401
2670 402
2675 402
2680 404
2685 405
2690 485
2695 441
2700 407
2705 407
2710 409
2715 410
2720 411
2725 509
2730 425
2735 425
2740 426
2745 425
2750 427
2755 428
2760 471
2765 429
2770 430
2775 453
2780 434
2785 434
2790 434
2795 436
2800 435
2805 436
2810 437
2815 473
2820 439
2825 441
2830 442
2835 447
2840 432
2845 477
2850 501
2855 435
2860 435
2865 436
2870 570
2875 494
2880 438
2885 440
2890 442
2895 443
2900 442
2905 442
2910 443
2915 445
2920 445
2925 447
2930 448
2935 447
2940 448
2945 450
2950 453
2955 453
2960 451
2965 453
2970 453
2975 457
2980 556
2985 506
2990 459
2995 531
3000 596
3005 459
3010 461
3015 461
3020 462
3025 468
3030 520
3035 525
3040 477
3045 524
3050 479
3055 480
3060 481
3065 481
3070 484
3075 483
3080 486
3085 485
3090 525
3095 488
3100 488
3105 490
3110 490
3115 490
3120 492
3125 494
3130 493
3135 494
3140 495
3145 497
3150 498
3155 498
3160 500
3165 501
3170 502
3175 502
3180 503
3185 504
3190 585
3195 506
3200 505
3205 559
3210 508
3215 508
3220 510
3225 511
3230 533
3235 499
3240 500
3245 500
3250 500
3255 501
3260 503
3265 503
3270 544
3275 505
3280 506
3285 505
3290 586
3295 508
3300 509
3305 510
3310 512
3315 511
3320 512
3325 513
3330 515
3335 516
3340 517
3345 518
3350 518
3355 517
3360 521
3365 519
3370 520
3375 522
3380 525
3385 539
3390 677
3395 526
3400 627
3405 546
3410 529
3415 529
3420 531
3425 570
3430 532
3435 533
3440 610
3445 534
3450 536
3455 538
3460 538
3465 614
3470 540
3475 539
3480 617
3485 541
3490 545
3495 544
3500 544
3505 543
3510 546
3515 549
3520 546
3525 549
3530 549
3535 630
3540 628
3545 553
3550 551
3555 554
3560 555
3565 555
3570 673
3575 638
3580 559
3585 704
3590 561
3595 560
3600 661
3605 562
3610 562
3615 564
3620 566
3625 567
3630 567
3635 569
3640 591
3645 569
3650 570
3655 574
3660 786
3665 600
3670 590
3675 591
3680 591
3685 590
3690 593
3695 593
3700 593
3705 595
3710 596
3715 595
3720 598
3725 598
3730 599
3735 599
3740 599
3745 645
3750 587
3755 759
3760 589
3765 590
3770 592
3775 593
3780 593
3785 593
3790 595
3795 593
3800 596
3805 596
3810 599
3815 598
3820 598
3825 698
3830 601
3835 604
3840 605
3845 604
3850 604
3855 605
3860 607
3865 681
3870 671
3875 644
3880 726
3885 804
3890 845
3895 788
3900 779
3905 745
3910 650
3915 661
3920 650
3925 652
3930 653
3935 652
3940 655
3945 654
3950 667
3955 639
3960 642
3965 663
3970 659
3975 660
3980 667
3985 664
3990 664
3995 663
4000 668
4005 668
4010 669
4015 669
4020 669
4025 673
4030 671
4035 673
4040 671
4045 655
4050 659
4055 770
4060 664
4065 688
4070 679
4075 662
4080 662
4085 665
4090 665
4095 665
4100 667
4105 708
4110 669
4115 670
4120 672
4125 673
4130 714
4135 670
4140 675
4145 823
4150 722
4155 747
4160 676
4165 677
4170 679
4175 678
4180 756
4185 682
4190 685
4195 682
4200 684
4205 869
4210 687
4215 890
4220 705
4225 689
4230 865
4235 903
4240 731
4245 721
4250 724
4255 767
4260 724
4265 1250
4270 720
4275 723
4280 730
4285 725
4290 730
4295 749
4300 759
4305 753
4310 733
4315 734
4320 751
4325 741
4330 742
4335 755
4340 758
4345 842
4350 733
4355 736
4360 825
4365 752
4370 747
4375 743
4380 777
4385 963
4390 740
4395 741
4400 785
4405 747
4410 742
4415 744
4420 745
4425 744
4430 773
4435 746
4440 753
4445 757
4450 763
4455 752
4460 752
4465 756
4470 754
4475 767
4480 755
4485 755
4490 759
4495 758
4500 759
4505 762
4510 789
4515 761
4520 764
4525 766
4530 765
4535 777
4540 767
4545 812
4550 1028
4555 944
4560 894
4565 781
4570 773
4575 774
4580 775
4585 775
4590 779
4595 777
4600 858
4605 796
4610 780
4615 781
4620 798
4625 783
4630 783
4635 785
4640 785
4645 786
4650 787
4655 832
4660 792
4665 796
4670 770
4675 770
4680 800
4685 904
4690 775
4695 778
4700 780
4705 775
4710 781
4715 872
4720 824
4725 822
4730 867
4735 782
4740 783
4745 786
4750 787
4755 787
4760 786
4765 825
4770 789
4775 835
4780 791
4785 868
4790 792
4795 856
4800 795
4805 796
4810 796
4815 976
4820 799
4825 797
4830 799
4835 836
4840 803
4845 840
4850 804
4855 891
4860 804
4865 806
4870 839
4875 867
4880 807
4885 810
4890 811
4895 811
4900 812
4905 815
4910 899
4915 816
4920 817
4925 817
4930 819
4935 818
4940 820
4945 904
4950 821
4955 842
4960 857
4965 823
4970 926
4975 824
4980 891
4985 808
4990 807
4995 809
5000 810
5005 811
5010 813
5015 834
5020 835
5025 847
5030 894
5035 850
5040 818
5045 818
5050 820
5055 819
5060 896
5065 821
5070 820
5075 822
5080 824
5085 825
5090 898
5095 827
5100 915
5105 850
5110 852
5115 851
5120 890
5125 859
5130 833
5135 834
5140 833
5145 835
5150 892
5155 874
5160 838
5165 838
5170 975
5175 843
5180 842
5185 841
5190 842
5195 843
5200 844
5205 846
5210 961
5215 922
5220 1002
5225 1099
5230 948
5235 898
5240 898
5245 901
5250 908
5255 901
5260 901
5265 910
5270 907
5275 906
5280 907
5285 903
5290 914
5295 887
5300 884
5305 949
5310 887
5315 923
5320 888
5325 905
5330 1034
5335 892
5340 893
5345 888
5350 871
5355 875
5360 872
5365 876
5370 876
5375 896
5380 1152
5385 1295
5390 942
5395 945
5400 936
5405 974
5410 917
5415 976
5420 991
5425 907
5430 962
5435 912
5440 1097
5445 945
5450 937
5455 939
5460 942
5465 945
5470 942
5475 944
5480 949
5485 990
5490 947
5495 953
5500 923
5505 924
5510 924
5515 927
5520 927
5525 926
5530 970
5535 929
5540 968
5545 1068
5550 907
5555 995
5560 908
5565 980
5570 936
5575 983
5580 914
5585 912
5590 914
5595 1017
5600 940
5605 942
5610 940
5615 944
5620 944
5625 944
5630 945
5635 987
5640 949
5645 984
5650 986
5655 1054
5660 925
5665 928
5670 928
5675 928
5680 933
5685 971
5690 935
5695 1069
5700 999
5705 961
5710 961
5715 963
5720 962
5725 964
5730 1061
5735 964
5740 967
5745 977
5750 943
5755 1019
5760 1020
5765 945
5770 944
5775 947
5780 945
5785 1028
5790 949
5795 949
5800 1013
5805 1031
5810 954
5815 954
5820 956
5825 955
5830 958
5835 958
5840 960
5845 960
5850 1045
5855 1015
5860 1033
5865 1088
5870 1039
5875 965
5880 1040
5885 965
5890 967
5895 1006
5900 1035
5905 999
5910 1141
5915 1194
5920 1145
5925 1000
5930 998
5935 1002
5940 1040
5945 1074
5950 1033
5955 1035
5960 1038
5965 1097
5970 1035
5975 1037
5980 1040
5985 1076
5990 1008
5995 1009
6000 1012
6005 1052
6010 1060
6015 1014
6020 1018
6025 1017
6030 1031
6035 993
6040 995
6045 997
6050 996
6055 1209
6060 1187
6065 1210
6070 1091
6075 1056
6080 1056
6085 1058
6090 1059
6095 1071
6100 1065
6105 1067
6110 1059
6115 1065
6120 1073
6125 1034
6130 1080
6135 1040
6140 1042
6145 1038
6150 1150
6155 1042
6160 1170
6165 1046
6170 1044
6175 1046
6180 1044
6185 1051
6190 1048
6195 1048
6200 1092
6205 1053
6210 1126
6215 1023
6220 1026
6225 1028
6230 1027
6235 1028
6240 1070
6245 1032
6250 1117
6255 1144
6260 1059
6265 1092
6270 1036
6275 1035
6280 1039
6285 1039
6290 1038
6295 1116
6300 1044
6305 1044
6310 1117
6315 1044
6320 1043
6325 1047
6330 1044
6335 1125
6340 1049
6345 1160
6350 1191
6355 1066
6360 1052
6365 1056
6370 1055
6375 1133
6380 1054
6385 1056
6390 1076
6395 1172
6400 1087
6405 1100
6410 1061
6415 1062
6420 1178
6425 1063
6430 1066
6435 1142
6440 1138
6445 1195
6450 1065
6455 1069
6460 1071
6465 1071
6470 1071
6475 1074
6480 1149
6485 1155
6490 1079
6495 1079
6500 1078
6505 1210
6510 1150
6515 1110
6520 1184
6525 1118
6530 1183
6535 1126
6540 1173
6545 1151
6550 1116
6555 1194
6560 1462
6565 1397
6570 1392
6575 1133
6580 1121
6585 1120
6590 1121
6595 1128
6600 1124
6605 1162
6610 1156
6615 1160
6620 1171
6625 1175
6630 1161
6635 1162
6640 1160
6645 1165
6650 1134
6655 1136
6660 1212
6665 1137
6670 1137
6675 1138
6680 1138
6685 1137
6690 1143
6695 1141
6700 1145
6705 1182
6710 1210
6715 1243
6720 1145
6725 1149
6730 1143
6735 1139
6740 1119
6745 1239
6750 1297
6755 1122
6760 1196
6765 1233
6770 1155
6775 1154
6780 1243
6785 1240
6790 1201
6795 1278
6800 1332
6805 1235
6810 1163
6815 1167
6820 1165
6825 1167
6830 1167
6835 1244
6840 1216
6845 1171
6850 1205
6855 1171
6860 1174
6865 1176
6870 1174
6875 1173
6880 1214
6885 1304
6890 1179
6895 1150
6900 1150
6905 1151
6910 1186
6915 1151
6920 1172
6925 1262
6930 1178
6935 1156
6940 1158
6945 1236
6950 1234
6955 1159
6960 1159
6965 1374
6970 1358
6975 1548
6980 1706
6985 1345
6990 1196
6995 1266
7000 1312
7005 1371
7010 1200
7015 1255
7020 1203
7025 1203
7030 1202
7035 1274
7040 1281
7045 1208
7050 1356
7055 1283
7060 1211
7065 1211
7070 1214
7075 1310
7080 1215
7085 1216
7090 1216
7095 1215
7100 1216
7105 1216
7110 1219
7115 1317
7120 1221
7125 1224
7130 1328
7135 1223
7140 1259
7145 1225
7150 1226
7155 1227
7160 1222
7165 1274
7170 1201
7175 1311
7180 1201
7185 1320
7190 1203
7195 1205
7200 1204
7205 1206
7210 1286
7215 1308
7220 1209
7225 1209
7230 1211
7235 1321
7240 1212
7245 1211
7250 1298
7255 1215
7260 1218
7265 1213
7270 1216
7275 1239
7280 1251
7285 1239
7290 1338
7295 1268
7300 1263
7305 1221
7310 1284
7315 1255
7320 1258
7325 1259
7330 1300
7335 1264
7340 1297
7345 1260
7350 1313
7355 1232
7360 1231
7365 1231
7370 1435
7375 1235
7380 1337
7385 1236
7390 1238
7395 1238
7400 1240
7405 1313
7410 1259
7415 1294
7420 1240
7425 1337
7430 1245
7435 1246
7440 1247
7445 1248
7450 1244
7455 1324
7460 1434
7465 1253
7470 1290
7475 1252
7480 1254
7485 1256
7490 1258
7495 1327
7500 1256
7505 1257
7510 1259
7515 1259
7520 1258
7525 1259
7530 1335
7535 1374
7540 1790
7545 1678
7550 1419
7555 1502
7560 1300
7565 1340
7570 1419
7575 1345
7580 1348
7585 1343
7590 1340
7595 1343
7600 1354
7605 1347
7610 1406
7615 1329
7620 1314
7625 1316
7630 1316
7635 1315
7640 1317
7645 1358
7650 1286
7655 1286
7660 1286
7665 1287
7670 1286
7675 1291
7680 1291
7685 1404
7690 1417
7695 1293
7700 1366
7705 1294
7710 1296
7715 1296
7720 1297
7725 1381
7730 1299
7735 1300
7740 1300
7745 1302
7750 1366
7755 1306
7760 1306
7765 1331
7770 1445
7775 1303
7780 1309
7785 1308
7790 1310
7795 1309
7800 1475
7805 1315
7810 1389
7815 1438
7820 1316
7825 1332
7830 1352
7835 1350
7840 1394
7845 1438
7850 1354
7855 1355
7860 1358
7865 1342
7870 1324
7875 1402
7880 1440
7885 1325
7890 1326
7895 1444
7900 1369
7905 1330
7910 1329
7915 1445
7920 1477
7925 1335
7930 1336
7935 1335
7940 1392
7945 1335
7950 1415
7955 1338
7960 1340
7965 1343
7970 1419
7975 1344
7980 1344
7985 1348
7990 1511
7995 1450
8000 1346
8005 1351
8010 1352
8015 1347
8020 1350
8025 1510
8030 1355
8035 1353
8040 1355
8045 1509
8050 1632
8055 1548
8060 1689
8065 1701
8070 1475
8075 1395
8080 1394
8085 1397
8090 1399
8095 1445
8100 1405
8105 1403
8110 1409
8115 1405
8120 1407
8125 1409
8130 1409
8135 1425
8140 1468
8145 1373
8150 1377
8155 1653
8160 1446
8165 1489
8170 1504
8175 1415
8180 1416
8185 1419
8190 1420
8195 1421
8200 1421
8205 1459
8210 1514
8215 1420
8220 1424
8225 1426
8230 1468
8235 1430
8240 1523
8245 1465
8250 1465
8255 1468
8260 1395
8265 1397
8270 1470
8275 1474
8280 1513
8285 1398
8290 1401
8295 1403
8300 1402
8305 1521
8310 1484
8315 1409
8320 1407
8325 1406
8330 1408
8335 1409
8340 1409
8345 1454
8350 1550
8355 1412
8360 1416
8365 1493
8370 1417
8375 1416
8380 1465
8385 1495
8390 1419
8395 1420
8400 1421
8405 1581
8410 2057
8415 1685
8420 1513
8425 1503
8430 1502
8435 1505
8440 1485
8445 1609
8450 1504
8455 1471
8460 1512
8465 1506
8470 1470
8475 1539
8480 1471
8485 1547
8490 1629
8495 1476
8500 1479
8505 1476
8510 1477
8515 1523
8520 1483
8525 1487
8530 1481
8535 1449
8540 1525
8545 1524
8550 1533
8555 1615
8560 1452
8565 1475
8570 1451
8575 1699
8580 1608
8585 1535
8590 1456
8595 1505
8600 1498
8605 1580
8610 1500
8615 1498
8620 1583
8625 1604
8630 1501
8635 1502
8640 1507
8645 1509
8650 1627
8655 1517
8660 1471
8665 1471
8670 1509
8675 1471
8680 1573
8685 1590
8690 1603
8695 1479
8700 1477
8705 1596
8710 1482
8715 1481
8720 1685
8725 1600
8730 2248
8735 1933
8740 1562
8745 1693
8750 1642
8755 1629
8760 1529
8765 1530
8770 1531
8775 1534
8780 1611
8785 1563
8790 1534
8795 1536
8800 1709
8805 1539
8810 1626
8815 1646
8820 1537
8825 1541
8830 1542
8835 1642
8840 1588
8845 1639
8850 1608
8855 1587
8860 1588
8865 1601
8870 1552
8875 1590
8880 1615
8885 1553
8890 1554
8895 1555
8900 1553
8905 1629
8910 1559
8915 1557
8920 1576
8925 1557
8930 1617
8935 1524
8940 1584
8945 1691
8950 1524
8955 1525
8960 1609
8965 1571
8970 1572
8975 1608
8980 1572
8985 1571
8990 1562
8995 1534
9000 1532
9005 1776
9010 1643
9015 1533
9020 1575
9025 1535
9030 1538
9035 1542
9040 1625
9045 1640
9050 1543
9055 1642
9060 1546
9065 1585
9070 1570
9075 2111
9080 1642
9085 1632
9090 1635
9095 1636
9100 1680
9105 1637
9110 1663
9115 1599
9120 1597
9125 1600
9130 1603
9135 1644
9140 1681
9145 1559
9150 1561
9155 1613
9160 2114
9165 1788
9170 1877
9175 2146
9180 1979
9185 1664
9190 1675
9195 1685
9200 1653
9205 1675
9210 1659
9215 1656
9220 1713
9225 1668
9230 1612
9235 1619
9240 1621
9245 1622
9250 1624
9255 1709
9260 1691
9265 1623
9270 1625
9275 1745
9280 1680
9285 1720
9290 1705
9295 1666
9300 1677
9305 1686
9310 1636
9315 1719
9320 1766
9325 1639
9330 1639
9335 1650
9340 1600
9345 1752
9350 1685
9355 1601
9360 1603
9365 1604
9370 1604
9375 1678
9380 1702
9385 1672
9390 1643
9395 1608
9400 1611
9405 1660
9410 1703
9415 1614
9420 1616
9425 1613
9430 1811
9435 1613
9440 1818
9445 1765
9450 1619
9455 1666
9460 1662
9465 1760
9470 1748
9475 1668
9480 1724
9485 1624
9490 1626
9495 1841
9500 1684
9505 1761
9510 1734
9515 1675
9520 1676
9525 1680
9530 1758
9535 1677
9540 1660
9545 1637
9550 1638
9555 1637
9560 1725
9565 1767
9570 1717
9575 1702
9580 1838
9585 1646
9590 1722
9595 1651
9600 1648
9605 1773
9610 1646
9615 1648
9620 1729
9625 1782
9630 1654
9635 1653
9640 1656
9645 1729
9650 1676
9655 1745
9660 1658
9665 1660
9670 1697
9675 1665
9680 1665
9685 1849
9690 1662
9695 1666
9700 1669
9705 1669
9710 1667
9715 1753
9720 1693
9725 1691
9730 1708
9735 1671
9740 1672
9745 1749
9750 1821
9755 1676
9760 1677
9765 1754
9770 1680
9775 1757
9780 1683
9785 1683
9790 1681
9795 1762
9800 1725
9805 1783
9810 1766
9815 1688
9820 1687
9825 1692
9830 1692
9835 1803
9840 1688
9845 1690
9850 1812
9855 1696
9860 1694
9865 1880
9870 1701
9875 1701
9880 1794
9885 2078
9890 2219
9895 2001
9900 1753
9905 1798
9910 1796
9915 1812
9920 1812
9925 1813
9930 1825
9935 1753
9940 1756
9945 1791
9950 1755
9955 1760
9960 1762
9965 1765
9970 1764
9975 1837
9980 1905
9985 1768
9990 1875
9995 1806
10000 1765
