5 0
10 0
15 20
20 1
25 1
30 2
35 2
40 2
45 3
50 3
55 4
60 4
65 4
70 5
75 6
80 6
85 7
90 7
95 8
100 8
105 9
110 9
115 9
120 10
125 11
130 12
135 12
140 13
145 13
150 14
155 14
160 15
165 15
170 16
175 16
180 17
185 18
190 18
195 19
200 19
205 20
210 20
215 21
220 22
225 22
230 23
235 23
240 24
245 25
250 25
255 26
260 27
265 27
270 28
275 29
280 30
285 30
290 31
295 32
300 32
305 33
310 33
315 34
320 34
325 36
330 36
335 36
340 37
345 38
350 39
355 39
360 40
365 40
370 42
375 42
380 43
385 43
390 44
395 45
400 46
405 46
410 47
415 48
420 49
425 49
430 49
435 50
440 51
445 52
450 53
455 53
460 54
465 54
470 55
475 56
480 56
485 57
490 58
495 59
500 60
505 60
510 61
515 61
520 62
525 63
530 64
535 65
540 65
545 66
550 67
555 67
560 68
565 69
570 70
575 70
580 71
585 103
590 90
595 73
600 73
605 74
610 75
615 75
620 76
625 77
630 78
635 79
640 80
645 81
650 80
655 81
660 82
665 121
670 84
675 84
680 85
685 86
690 86
695 88
700 87
705 88
710 88
715 90
720 90
725 91
730 93
735 93
740 94
745 95
750 96
755 97
760 97
765 98
770 99
775 99
780 100
785 100
790 101
795 102
800 103
805 104
810 104
815 106
820 143
825 106
830 108
835 108
840 109
845 109
850 110
855 111
860 112
865 113
870 114
875 115
880 181
885 115
890 115
895 115
900 116
905 116
910 117
915 118
920 119
925 119
930 121
935 121
940 122
945 122
950 123
955 124
960 124
965 125
970 126
975 127
980 128
985 129
990 129
995 130
1000 188
1005 221
1010 132
1015 133
1020 134
1025 135
1030 136
1035 136
1040 137
1045 138
1050 139
1055 139
1060 140
1065 140
1070 142
1075 143
1080 183
1085 144
1090 145
1095 146
1100 283
1105 185
1110 148
1115 148
1120 150
1125 151
1130 152
1135 152
1140 153
1145 154
1150 154
1155 155
1160 156
1165 228
1170 213
1175 158
1180 159
1185 160
1190 161
1195 179
1200 167
1205 167
1210 168
1215 169
1220 170
1225 171
1230 171
1235 172
1240 173
1245 174
1250 174
1255 175
1260 176
1265 176
1270 178
1275 178
1280 180
1285 181
1290 181
1295 181
1300 184
1305 183
1310 185
1315 185
1320 187
1325 187
1330 188
1335 189
1340 189
1345 190
1350 190
1355 191
1360 193
1365 237
1370 194
1375 194
1380 196
1385 197
1390 197
1395 198
1400 198
1405 200
1410 201
1415 201
1420 203
1425 203
1430 204
1435 206
1440 206
1445 218
1450 202
1455 202
1460 202
1465 203
1470 205
1475 206
1480 208
1485 207
1490 209
1495 209
1500 209
1505 210
1510 212
1515 213
1520 213
1525 214
1530 216
1535 216
1540 217
1545 281
1550 251
1555 219
1560 219
1565 220
1570 223
1575 222
1580 260
1585 224
1590 224
1595 265
1600 260
1605 227
1610 357
1615 230
1620 230
1625 230
1630 231
1635 232
1640 233
1645 233
1650 253
1655 241
1660 242
1665 243
1670 280
1675 246
1680 247
1685 246
1690 248
1695 247
1700 247
1705 250
1710 250
1715 250
1720 252
1725 253
1730 254
1735 254
1740 255
1745 256
1750 280
1755 277
1760 257
1765 259
1770 260
1775 260
1780 262
1785 263
1790 264
1795 346
1800 269
1805 267
1810 268
1815 269
1820 269
1825 269
1830 283
1835 263
1840 265
1845 265
1850 267
1855 267
1860 267
1865 269
1870 271
1875 272
1880 271
1885 270
1890 273
1895 273
1900 319
1905 275
1910 274
1915 276
1920 278
1925 279
1930 279
1935 280
1940 281
1945 281
1950 283
1955 284
1960 285
1965 287
1970 287
1975 386
1980 312
1985 425
1990 327
1995 311
2000 301
2005 301
2010 300
2015 302
2020 303
2025 302
2030 304
2035 305
2040 306
2045 307
2050 307
2055 309
2060 309
2065 309
2070 311
2075 312
2080 312
2085 313
2090 313
2095 315
2100 317
2105 317
2110 318
2115 317
2120 356
2125 319
2130 321
2135 394
2140 321
2145 333
2150 315
2155 317
2160 317
2165 318
2170 318
2175 318
2180 319
2185 322
2190 324
2195 323
2200 326
2205 325
2210 327
2215 327
2220 329
2225 328
2230 329
2235 330
2240 331
2245 332
2250 332
2255 335
2260 335
2265 336
2270 409
2275 338
2280 338
2285 431
2290 339
2295 416
2300 360
2305 341
2310 342
2315 419
2320 344
2325 345
2330 347
2335 348
2340 348
2345 349
2350 407
2355 350
2360 352
2365 350
2370 353
2375 353
2380 356
2385 558
2390 497
2395 429
2400 509
2405 359
2410 376
2415 390
2420 579
2425 373
2430 372
2435 373
2440 374
2445 377
2450 374
2455 376
2460 438
2465 438
2470 417
2475 456
2480 456
2485 458
2490 456
2495 385
2500 384
2505 386
2510 386
2515 497
2520 389
2525 409
2530 400
2535 403
2540 443
2545 442
2550 403
2555 404
2560 405
2565 407
2570 407
2575 408
2580 444
2585 410
2590 410
2595 411
2600 414
2605 415
2610 416
2615 415
2620 416
2625 438
2630 418
2635 420
2640 420
2645 420
2650 421
2655 423
2660 466
2665 425
2670 425
2675 425
2680 426
2685 428
2690 428
2695 430
2700 430
2705 432
2710 434
2715 434
2720 435
2725 435
2730 434
2735 435
2740 436
2745 437
2750 447
2755 428
2760 429
2765 431
2770 433
2775 432
2780 477
2785 518
2790 435
2795 435
2800 436
2805 437
2810 439
2815 439
2820 440
2825 441
2830 441
2835 441
2840 484
2845 511
2850 583
2855 656
2860 515
2865 601
2870 461
2875 594
2880 542
2885 559
2890 467
2895 467
2900 465
2905 467
2910 470
2915 468
2920 470
2925 476
2930 459
2935 462
2940 462
2945 463
2950 484
2955 477
2960 479
2965 479
2970 477
2975 480
2980 481
2985 481
2990 484
2995 522
3000 484
3005 487
3010 487
3015 488
3020 489
3025 488
3030 491
3035 491
3040 491
3045 493
3050 497
3055 480
3060 481
3065 483
3070 484
3075 486
3080 486
3085 486
3090 487
3095 525
3100 488
3105 490
3110 490
3115 491
3120 492
3125 492
3130 494
3135 494
3140 496
3145 495
3150 498
3155 636
3160 501
3165 502
3170 503
3175 502
3180 503
3185 505
3190 508
3195 542
3200 602
3205 510
3210 511
3215 511
3220 510
3225 511
3230 512
3235 513
3240 514
3245 515
3250 515
3255 516
3260 517
3265 556
3270 519
3275 522
3280 522
3285 523
3290 570
3295 523
3300 525
3305 528
3310 527
3315 526
3320 529
3325 530
3330 534
3335 518
3340 518
3345 518
3350 519
3355 519
3360 521
3365 522
3370 521
3375 523
3380 526
3385 620
3390 545
3395 713
3400 528
3405 528
3410 528
3415 529
3420 530
3425 531
3430 532
3435 534
3440 604
3445 569
3450 608
3455 574
3460 553
3465 606
3470 556
3475 555
3480 582
3485 558
3490 599
3495 558
3500 601
3505 561
3510 561
3515 562
3520 563
3525 604
3530 566
3535 567
3540 568
3545 567
3550 569
3555 571
3560 573
3565 622
3570 667
3575 629
3580 614
3585 573
3590 575
3595 577
3600 603
3605 598
3610 722
3615 672
3620 601
3625 604
3630 607
3635 605
3640 606
3645 606
3650 645
3655 686
3660 612
3665 616
3670 615
3675 615
3680 616
3685 618
3690 622
3695 620
3700 625
3705 622
3710 615
3715 616
3720 614
3725 617
3730 625
3735 626
3740 625
3745 654
3750 734
3755 749
3760 605
3765 605
3770 605
3775 608
3780 706
3785 610
3790 612
3795 611
3800 615
3805 614
3810 694
3815 660
3820 636
3825 635
3830 635
3835 637
3840 639
3845 635
3850 638
3855 640
3860 639
3865 641
3870 640
3875 643
3880 644
3885 659
3890 667
3895 715
3900 632
3905 632
3910 633
3915 632
3920 633
3925 634
3930 706
3935 656
3940 636
3945 639
3950 639
3955 639
3960 641
3965 641
3970 813
3975 685
3980 644
3985 682
3990 644
3995 647
4000 649
4005 650
4010 649
4015 686
4020 652
4025 654
4030 653
4035 655
4040 657
4045 802
4050 792
4055 658
4060 659
4065 661
4070 662
4075 662
4080 662
4085 662
4090 665
4095 666
4100 664
4105 703
4110 667
4115 667
4120 721
4125 672
4130 674
4135 710
4140 672
4145 674
4150 675
4155 673
4160 678
4165 676
4170 678
4175 679
4180 662
4185 664
4190 664
4195 746
4200 815
4205 668
4210 668
4215 669
4220 670
4225 671
4230 673
4235 672
4240 675
4245 676
4250 754
4255 677
4260 828
4265 677
4270 758
4275 681
4280 681
4285 683
4290 682
4295 684
4300 683
4305 684
4310 762
4315 688
4320 802
4325 690
4330 689
4335 691
4340 733
4345 836
4350 695
4355 695
4360 697
4365 698
4370 696
4375 699
4380 698
4385 699
4390 699
4395 759
4400 703
4405 704
4410 705
4415 767
4420 705
4425 705
4430 708
4435 708
4440 710
4445 711
4450 712
4455 713
4460 712
4465 712
4470 715
4475 799
4480 716
4485 871
4490 826
4495 721
4500 720
4505 797
4510 724
4515 724
4520 724
4525 725
4530 726
4535 727
4540 725
4545 731
4550 794
4555 771
4560 731
4565 731
4570 769
4575 733
4580 734
4585 735
4590 739
4595 736
4600 737
4605 738
4610 774
4615 739
4620 819
4625 841
4630 742
4635 742
4640 873
4645 746
4650 746
4655 749
4660 748
4665 752
4670 750
4675 751
4680 890
4685 782
4690 816
4695 756
4700 757
4705 756
4710 758
4715 759
4720 759
4725 760
4730 762
4735 762
4740 763
4745 764
4750 842
4755 853
4760 941
4765 885
4770 1080
4775 983
4780 1098
4785 824
4790 792
4795 794
4800 794
4805 796
4810 876
4815 799
4820 799
4825 799
4830 799
4835 802
4840 800
4845 802
4850 838
4855 803
4860 803
4865 805
4870 809
4875 846
4880 900
4885 847
4890 813
4895 812
4900 814
4905 815
4910 814
4915 814
4920 816
4925 819
4930 840
4935 874
4940 800
4945 799
4950 799
4955 801
4960 803
4965 804
4970 804
4975 806
4980 807
4985 810
4990 942
4995 812
5000 980
5005 844
5010 811
5015 832
5020 828
5025 811
5030 814
5035 815
5040 815
5045 817
5050 818
5055 819
5060 906
5065 941
5070 819
5075 822
5080 825
5085 914
5090 824
5095 825
5100 827
5105 828
5110 892
5115 829
5120 909
5125 955
5130 832
5135 832
5140 833
5145 915
5150 859
5155 853
5160 857
5165 863
5170 861
5175 862
5180 901
5185 864
5190 866
5195 928
5200 888
5205 1091
5210 1229
5215 1037
5220 935
5225 871
5230 916
5235 943
5240 871
5245 872
5250 874
5255 878
5260 874
5265 1050
5270 1084
5275 856
5280 859
5285 922
5290 1095
5295 858
5300 892
5305 864
5310 1172
5315 898
5320 888
5325 891
5330 1015
5335 1054
5340 970
5345 958
5350 940
5355 939
5360 936
5365 924
5370 925
5375 931
5380 972
5385 957
5390 948
5395 1059
5400 993
5405 934
5410 972
5415 934
5420 933
5425 946
5430 957
5435 946
5440 947
5445 984
5450 1017
5455 938
5460 966
5465 947
5470 958
5475 976
5480 969
5485 950
5490 963
5495 948
5500 949
5505 945
5510 966
5515 948
5520 951
5525 949
5530 950
5535 1076
5540 961
5545 954
5550 977
5555 1027
5560 960
5565 966
5570 958
5575 959
5580 961
5585 963
5590 979
5595 965
5600 966
5605 990
5610 965
5615 969
5620 971
5625 992
5630 968
5635 973
5640 972
5645 970
5650 974
5655 991
5660 1027
5665 979
5670 980
5675 1002
5680 980
5685 981
5690 981
5695 980
5700 987
5705 987
5710 986
5715 963
5720 1012
5725 997
5730 999
5735 965
5740 1065
5745 970
5750 966
5755 1043
5760 1128
5765 1072
5770 1059
5775 1008
5780 973
5785 973
5790 1053
5795 975
5800 975
5805 1010
5810 1031
5815 1007
5820 1005
5825 1020
5830 1008
5835 1009
5840 1008
5845 1025
5850 1021
5855 990
5860 1089
5865 1143
5870 991
5875 993
5880 1025
5885 1078
5890 997
5895 1035
5900 992
5905 1122
5910 1146
5915 996
5920 1083
5925 1039
5930 1002
5935 1048
5940 1102
5945 1043
5950 1072
5955 1063
5960 1119
5965 1079
5970 1034
5975 1035
5980 1035
5985 1063
5990 1039
5995 1046
6000 1049
6005 1040
6010 1041
6015 1043
6020 1070
6025 1046
6030 1046
6035 1052
6040 1052
6045 1132
6050 1050
6055 1098
6060 1071
6065 1054
6070 1060
6075 1055
6080 1070
6085 1059
6090 1059
6095 1058
6100 1089
6105 1063
6110 1064
6115 1096
6120 1079
6125 1066
6130 1065
6135 1083
6140 1065
6145 1066
6150 1148
6155 1074
6160 1069
6165 1082
6170 1073
6175 1075
6180 1080
6185 1145
6190 1077
6195 1081
6200 1080
6205 1079
6210 1099
6215 1079
6220 1083
6225 1122
6230 1085
6235 1085
6240 1112
6245 1116
6250 1084
6255 1094
6260 1092
6265 1093
6270 1119
6275 1107
6280 1094
6285 1095
6290 1148
6295 1095
6300 1087
6305 1149
6310 1147
6315 1106
6320 1073
6325 1132
6330 1130
6335 1260
6340 1118
6345 1129
6350 1107
6355 1108
6360 1110
6365 1130
6370 1112
6375 1110
6380 1158
6385 1134
6390 1111
6395 1113
6400 1114
6405 1135
6410 1124
6415 1120
6420 1122
6425 1156
6430 1128
6435 1125
6440 1147
6445 1122
6450 1125
6455 1124
6460 1157
6465 1126
6470 1168
6475 1185
6480 1176
6485 1102
6490 1123
6495 1192
6500 1146
6505 1101
6510 1135
6515 1147
6520 1148
6525 1143
6530 1139
6535 1143
6540 1140
6545 1141
6550 1155
6555 1165
6560 1155
6565 1115
6570 1164
6575 1120
6580 1119
6585 1120
6590 1121
6595 1122
6600 1185
6605 1185
6610 1151
6615 1130
6620 1127
6625 1127
6630 1180
6635 1131
6640 1131
6645 1131
6650 1176
6655 1129
6660 1179
6665 1134
6670 1133
6675 1135
6680 1125
6685 1111
6690 1108
6695 1211
6700 1176
6705 1227
6710 1115
6715 1116
6720 1117
6725 1121
6730 1116
6735 1118
6740 1278
6745 1116
6750 1119
6755 1119
6760 1119
6765 1125
6770 1128
6775 1126
6780 1125
6785 1360
6790 1167
6795 1128
6800 1129
6805 1204
6810 1161
6815 1177
6820 1134
6825 1131
6830 1214
6835 1133
6840 1137
6845 1495
6850 1168
6855 1168
6860 1206
6865 1170
6870 1212
6875 1332
6880 1173
6885 1175
6890 1174
6895 1174
6900 1215
6905 1178
6910 1176
6915 1263
6920 1259
6925 1183
6930 1222
6935 1185
6940 1185
6945 1187
6950 1186
6955 1225
6960 1278
6965 1184
6970 1234
6975 1164
6980 1163
6985 1163
6990 1202
6995 1202
7000 1247
7005 1238
7010 1167
7015 1318
7020 1167
7025 1249
7030 1169
7035 1171
7040 1301
7045 1254
7050 1195
7055 1174
7060 1178
7065 1177
7070 1179
7075 1186
7080 1320
7085 1265
7090 1510
7095 1513
7100 1583
7105 1216
7110 1254
7115 1255
7120 1349
7125 1321
7130 1221
7135 1223
7140 1263
7145 1224
7150 1227
7155 1226
7160 1273
7165 1287
7170 1263
7175 1265
7180 1272
7185 1265
7190 1264
7195 1270
7200 1270
7205 1274
7210 1273
7215 1272
7220 1272
7225 1272
7230 1277
7235 1261
7240 1297
7245 1282
7250 1243
7255 1244
7260 1244
7265 1243
7270 1250
7275 1250
7280 1249
7285 1377
7290 1288
7295 1251
7300 1255
7305 1253
7310 1246
7315 1222
7320 1222
7325 1306
7330 1291
7335 1227
7340 1227
7345 1230
7350 1229
7355 1230
7360 1233
7365 1376
7370 1390
7375 1370
7380 1297
7385 1869
7390 1633
7395 1269
7400 1380
7405 1271
7410 1272
7415 1274
7420 1275
7425 1276
7430 1304
7435 1475
7440 1546
7445 1300
7450 1379
7455 1278
7460 1366
7465 1318
7470 1285
7475 1343
7480 1285
7485 1290
7490 1318
7495 1289
7500 1411
7505 1329
7510 1366
7515 1460
7520 1392
7525 1300
7530 1298
7535 1296
7540 1298
7545 1296
7550 1342
7555 1387
7560 1342
7565 1305
7570 1302
7575 1303
7580 1305
7585 1305
7590 1308
7595 1444
7600 1289
7605 1276
7610 1274
7615 1279
7620 1279
7625 1394
7630 1360
7635 1279
7640 1281
7645 1283
7650 1284
7655 1288
7660 1364
7665 1288
7670 1405
7675 1459
7680 1289
7685 1290
7690 1357
7695 1324
7700 1341
7705 1293
7710 1421
7715 1329
7720 1405
7725 1331
7730 1332
7735 1334
7740 1333
7745 1323
7750 1569
7755 1303
7760 1305
7765 1305
7770 1305
7775 1307
7780 1309
7785 1418
7790 1308
7795 1312
7800 1311
7805 1312
7810 1418
7815 1315
7820 1316
7825 1609
7830 1389
7835 1317
7840 1319
7845 1318
7850 1441
7855 1357
7860 1429
7865 1433
7870 1355
7875 1360
7880 1361
7885 1358
7890 1330
7895 1430
7900 1542
7905 1331
7910 1404
7915 1332
7920 1557
7925 1368
7930 1370
7935 1408
7940 1373
7945 1444
7950 1371
7955 1365
7960 1416
7965 1345
7970 1363
7975 1538
7980 1344
7985 1344
7990 1345
7995 1438
8000 1694
8005 1571
8010 1815
8015 1432
8020 1421
8025 1422
8030 1427
8035 1427
8040 1433
8045 1445
8050 1428
8055 1416
8060 1395
8065 1396
8070 1394
8075 1396
8080 1485
8085 1397
8090 1421
8095 1364
8100 1367
8105 1367
8110 1367
8115 1542
8120 1442
8125 1369
8130 1371
8135 1373
8140 1371
8145 1373
8150 1442
8155 1376
8160 1375
8165 1374
8170 1377
8175 1476
8180 1400
8185 1379
8190 1672
8195 1456
8200 1606
8205 1420
8210 1501
8215 1421
8220 1421
8225 1514
8230 1428
8235 1426
8240 1427
8245 1429
8250 1465
8255 1480
8260 1596
8265 1432
8270 1433
8275 1434
8280 1436
8285 1513
8290 1439
8295 1477
8300 1439
8305 1514
8310 1476
8315 1441
8320 1442
8325 1425
8330 1681
8335 1410
8340 1487
8345 1410
8350 1563
8355 1441
8360 1528
8365 1536
8370 1453
8375 1455
8380 1453
8385 1454
8390 1436
8395 1502
8400 1731
8405 1423
8410 1487
8415 1501
8420 1534
8425 1464
8430 1470
8435 1504
8440 1465
8445 1466
8450 1465
8455 1468
8460 1554
8465 1514
8470 1812
8475 1473
8480 1476
8485 1475
8490 1476
8495 1478
8500 1563
8505 1480
8510 1591
8515 1481
8520 1481
8525 1484
8530 1483
8535 1697
8540 1484
8545 1487
8550 1537
8555 1489
8560 1451
8565 1454
8570 1530
8575 1454
8580 1529
8585 1453
8590 1456
8595 1457
8600 1457
8605 1695
8610 1461
8615 1457
8620 1462
8625 1542
8630 1464
8635 1465
8640 1543
8645 1467
8650 1466
8655 1497
8660 1652
8665 1470
8670 1622
8675 1675
8680 1512
8685 1597
8690 1518
8695 1515
8700 1517
8705 1568
8710 1480
8715 1480
8720 1484
8725 1481
8730 1519
8735 1482
8740 1661
8745 1489
8750 1489
8755 1606
8760 1488
8765 1492
8770 1490
8775 1612
8780 1493
8785 1494
8790 1494
8795 1573
8800 1573
8805 1575
8810 1627
8815 1940
8820 1931
8825 1587
8830 1594
8835 1605
8840 1586
8845 1585
8850 1591
8855 1544
8860 1624
8865 1549
8870 1679
8875 1548
8880 1550
8885 1549
8890 1609
8895 1513
8900 1592
8905 1516
8910 1517
8915 1519
8920 1518
8925 1519
8930 1521
8935 1615
8940 1727
8945 1521
8950 1522
8955 1521
8960 1678
8965 1527
8970 1589
8975 1527
8980 1529
8985 1531
8990 1529
8995 1648
9000 1690
9005 1692
9010 1532
9015 1630
9020 1577
9025 1578
9030 1620
9035 1628
9040 1585
9045 1657
9050 1569
9055 1753
9060 2166
9065 2227
9070 1581
9075 1590
9080 1591
9085 1751
9090 1635
9095 1668
9100 1596
9105 1595
9110 1597
9115 1596
9120 1635
9125 1731
9130 1600
9135 1604
9140 1690
9145 1669
9150 1603
9155 1651
9160 1588
9165 1566
9170 1569
9175 1649
9180 1717
9185 1727
9190 1656
9195 1612
9200 1615
9205 1615
9210 1616
9215 1620
9220 1619
9225 1577
9230 1579
9235 1617
9240 1700
9245 1620
9250 1791
9255 1583
9260 1587
9265 1589
9270 1857
9275 1607
9280 1685
9285 1628
9290 1632
9295 1629
9300 1635
9305 1642
9310 1749
9315 1775
9320 1596
9325 1598
9330 1597
9335 1597
9340 1672
9345 1659
9350 1602
9355 1601
9360 1601
9365 1642
9370 1606
9375 1855
9380 1605
9385 1606
9390 1606
9395 1610
9400 1609
9405 1843
9410 1664
9415 1634
9420 1629
9425 1719
9430 1740
9435 1835
9440 1902
9445 1631
9450 1771
9455 1663
9460 1962
9465 1887
9470 1738
9475 1825
9480 1714
9485 1842
9490 1766
9495 1727
9500 1725
9505 1717
9510 1754
9515 1721
9520 1745
9525 1724
9530 1739
9535 1725
9540 1726
9545 1731
9550 1759
9555 1775
9560 1746
9565 1751
9570 1736
9575 1755
9580 1778
9585 1759
9590 1732
9595 1753
9600 1737
9605 1769
9610 1744
9615 1764
9620 1738
9625 1740
9630 1738
9635 1744
9640 1800
9645 1747
9650 1790
9655 1748
9660 1750
9665 1745
9670 1882
9675 1704
9680 1704
9685 1706
9690 1949
9695 1875
9700 1761
9705 1773
9710 1813
9715 1777
9720 1760
9725 1772
9730 1775
9735 1767
9740 1768
9745 1766
9750 1771
9755 1770
9760 1771
9765 1771
9770 1773
9775 1780
9780 1775
9785 1893
9790 1728
9795 1734
9800 1733
9805 1864
9810 2017
9815 1860
9820 1731
9825 1773
9830 1810
9835 1735
9840 1807
9845 1821
9850 1833
9855 1740
9860 1745
9865 1780
9870 1834
9875 1741
9880 1743
9885 1748
9890 1789
9895 1753
9900 1877
9905 1750
9910 1761
9915 1860
9920 1712
9925 1808
9930 1747
9935 1791
9940 1765
9945 1995
9950 1872
9955 1889
9960 1769
9965 1765
9970 1765
9975 1804
9980 1913
9985 1886
9990 1765
9995 1771
10000 1767
