5 0
10 0
15 0
20 1
25 1
30 2
35 2
40 2
45 3
50 3
55 4
60 4
65 5
70 5
75 6
80 6
85 6
90 7
95 7
100 8
105 8
110 9
115 9
120 10
125 11
130 11
135 12
140 12
145 13
150 13
155 14
160 15
165 15
170 15
175 16
180 17
185 17
190 18
195 19
200 19
205 20
210 20
215 21
220 21
225 22
230 23
235 23
240 24
245 24
250 25
255 26
260 26
265 27
270 28
275 28
280 29
285 30
290 30
295 31
300 32
305 32
310 33
315 33
320 34
325 35
330 35
335 36
340 37
345 38
350 38
355 39
360 39
365 40
370 40
375 41
380 42
385 42
390 43
395 44
400 45
405 45
410 46
415 47
420 47
425 48
430 48
435 49
440 50
445 50
450 51
455 52
460 53
465 53
470 54
475 54
480 55
485 56
490 56
495 58
500 58
505 59
510 60
515 60
520 61
525 62
530 63
535 63
540 64
545 64
550 65
555 86
560 123
565 67
570 70
575 69
580 70
585 70
590 71
595 72
600 73
605 74
610 74
615 75
620 76
625 76
630 77
635 77
640 78
645 144
650 117
655 83
660 82
665 103
670 106
675 100
680 84
685 84
690 86
695 86
700 87
705 88
710 88
715 109
720 106
725 90
730 91
735 93
740 93
745 93
750 94
755 95
760 96
765 96
770 97
775 98
780 98
785 99
790 100
795 101
800 101
805 102
810 103
815 103
820 105
825 106
830 106
835 107
840 108
845 108
850 109
855 110
860 111
865 111
870 113
875 114
880 114
885 177
890 133
895 121
900 122
905 122
910 122
915 123
920 123
925 124
930 125
935 126
940 126
945 127
950 129
955 128
960 130
965 130
970 132
975 132
980 133
985 135
990 134
995 135
1000 136
1005 137
1010 137
1015 180
1020 141
1025 143
1030 141
1035 141
1040 142
1045 145
1050 143
1055 182
1060 146
1065 147
1070 146
1075 148
1080 148
1085 149
1090 149
1095 152
1100 152
1105 152
1110 153
1115 153
1120 155
1125 156
1130 157
1135 196
1140 157
1145 159
1150 158
1155 160
1160 160
1165 161
1170 163
1175 163
1180 164
1185 165
1190 206
1195 167
1200 167
1205 168
1210 170
1215 170
1220 170
1225 171
1230 172
1235 172
1240 174
1245 175
1250 174
1255 176
1260 177
1265 177
1270 305
1275 216
1280 180
1285 202
1290 182
1295 203
1300 184
1305 184
1310 224
1315 187
1320 186
1325 187
1330 188
1335 188
1340 189
1345 302
1350 216
1355 193
1360 194
1365 194
1370 196
1375 196
1380 220
1385 236
1390 199
1395 199
1400 200
1405 201
1410 202
1415 203
1420 204
1425 204
1430 206
1435 206
1440 207
1445 208
1450 208
1455 209
1460 210
1465 212
1470 287
1475 212
1480 214
1485 215
1490 215
1495 216
1500 217
1505 217
1510 218
1515 219
1520 218
1525 220
1530 221
1535 223
1540 223
1545 262
1550 261
1555 300
1560 304
1565 260
1570 285
1575 229
1580 231
1585 230
1590 259
1595 241
1600 245
1605 253
1610 247
1615 277
1620 256
1625 254
1630 281
1635 251
1640 267
1645 249
1650 250
1655 257
1660 254
1665 256
1670 267
1675 255
1680 257
1685 255
1690 256
1695 258
1700 256
1705 258
1710 260
1715 263
1720 263
1725 260
1730 262
1735 273
1740 263
1745 266
1750 265
1755 267
1760 316
1765 288
1770 280
1775 270
1780 271
1785 275
1790 277
1795 279
1800 275
1805 279
1810 280
1815 278
1820 283
1825 282
1830 281
1835 278
1840 280
1845 282
1850 282
1855 283
1860 284
1865 286
1870 289
1875 288
1880 288
1885 290
1890 290
1895 290
1900 295
1905 290
1910 294
1915 291
1920 294
1925 293
1930 294
1935 301
1940 307
1945 298
1950 302
1955 348
1960 351
1965 302
1970 302
1975 305
1980 305
1985 310
1990 307
1995 309
2000 308
2005 309
2010 310
2015 310
2020 311
2025 312
2030 314
2035 313
2040 314
2045 319
2050 322
2055 321
2060 339
2065 334
2070 324
2075 322
2080 323
2085 326
2090 387
2095 345
2100 342
2105 327
2110 330
2115 329
2120 329
2125 329
2130 331
2135 332
2140 332
2145 333
2150 333
2155 336
2160 336
2165 336
2170 337
2175 338
2180 340
2185 340
2190 341
2195 343
2200 341
2205 343
2210 345
2215 345
2220 388
2225 349
2230 377
2235 352
2240 383
2245 350
2250 351
2255 352
2260 353
2265 355
2270 354
2275 356
2280 357
2285 358
2290 359
2295 358
2300 361
2305 361
2310 361
2315 363
2320 364
2325 365
2330 366
2335 366
2340 368
2345 368
2350 369
2355 369
2360 374
2365 372
2370 373
2375 385
2380 469
2385 366
2390 366
2395 368
2400 369
2405 370
2410 371
2415 370
2420 372
2425 374
2430 374
2435 373
2440 413
2445 375
2450 376
2455 378
2460 379
2465 427
2470 381
2475 381
2480 382
2485 384
2490 420
2495 384
2500 387
2505 386
2510 387
2515 387
2520 388
2525 390
2530 392
2535 392
2540 392
2545 393
2550 394
2555 395
2560 396
2565 397
2570 440
2575 399
2580 398
2585 480
2590 400
2595 403
2600 404
2605 406
2610 405
2615 407
2620 453
2625 396
2630 398
2635 446
2640 452
2645 399
2650 399
2655 402
2660 403
2665 405
2670 404
2675 405
2680 406
2685 407
2690 407
2695 409
2700 452
2705 482
2710 410
2715 410
2720 411
2725 412
2730 414
2735 527
2740 565
2745 416
2750 417
2755 420
2760 492
2765 431
2770 432
2775 434
2780 435
2785 440
2790 511
2795 425
2800 501
2805 427
2810 427
2815 428
2820 430
2825 431
2830 432
2835 433
2840 455
2845 501
2850 517
2855 485
2860 448
2865 611
2870 590
2875 506
2880 544
2885 506
2890 535
2895 455
2900 454
2905 455
2910 457
2915 458
2920 458
2925 494
2930 460
2935 460
2940 463
2945 465
2950 571
2955 485
2960 579
2965 519
2970 510
2975 506
2980 470
2985 470
2990 532
2995 473
3000 472
3005 505
3010 492
3015 474
3020 477
3025 492
3030 491
3035 493
3040 492
3045 492
3050 535
3055 496
3060 497
3065 521
3070 500
3075 500
3080 500
3085 501
3090 533
3095 502
3100 503
3105 504
3110 505
3115 506
3120 522
3125 495
3130 493
3135 614
3140 496
3145 496
3150 578
3155 500
3160 501
3165 500
3170 503
3175 503
3180 506
3185 505
3190 507
3195 508
3200 541
3205 506
3210 544
3215 511
3220 510
3225 512
3230 515
3235 513
3240 515
3245 551
3250 517
3255 518
3260 517
3265 578
3270 521
3275 523
3280 562
3285 559
3290 524
3295 522
3300 525
3305 535
3310 513
3315 514
3320 515
3325 581
3330 529
3335 531
3340 531
3345 626
3350 520
3355 559
3360 522
3365 521
3370 522
3375 523
3380 524
3385 525
3390 526
3395 527
3400 526
3405 529
3410 529
3415 530
3420 532
3425 531
3430 574
3435 580
3440 588
3445 588
3450 562
3455 696
3460 538
3465 539
3470 539
3475 542
3480 558
3485 559
3490 559
3495 558
3500 561
3505 582
3510 583
3515 563
3520 564
3525 565
3530 613
3535 567
3540 569
3545 566
3550 567
3555 570
3560 574
3565 641
3570 594
3575 559
3580 558
3585 559
3590 562
3595 609
3600 579
3605 579
3610 622
3615 565
3620 681
3625 569
3630 641
3635 603
3640 570
3645 663
3650 585
3655 588
3660 639
3665 588
3670 588
3675 589
3680 591
3685 592
3690 593
3695 593
3700 593
3705 597
3710 595
3715 595
3720 600
3725 612
3730 583
3735 586
3740 585
3745 585
3750 586
3755 588
3760 589
3765 591
3770 592
3775 653
3780 612
3785 715
3790 634
3795 596
3800 707
3805 626
3810 654
3815 615
3820 615
3825 737
3830 619
3835 620
3840 658
3845 621
3850 621
3855 623
3860 622
3865 625
3870 670
3875 628
3880 626
3885 628
3890 627
3895 631
3900 630
3905 630
3910 634
3915 635
3920 635
3925 636
3930 637
3935 656
3940 657
3945 638
3950 854
3955 889
3960 710
3965 662
3970 664
3975 659
3980 663
3985 663
3990 663
3995 667
4000 668
4005 670
4010 666
4015 682
4020 692
4025 703
4030 673
4035 673
4040 674
4045 675
4050 676
4055 676
4060 676
4065 678
4070 681
4075 680
4080 679
4085 683
4090 685
4095 687
4100 707
4105 667
4110 762
4115 668
4120 671
4125 671
4130 670
4135 673
4140 674
4145 675
4150 677
4155 749
4160 876
4165 910
4170 913
4175 765
4180 710
4185 716
4190 704
4195 704
4200 686
4205 685
4210 685
4215 689
4220 728
4225 704
4230 711
4235 711
4240 757
4245 712
4250 763
4255 712
4260 713
4265 714
4270 716
4275 718
4280 719
4285 719
4290 720
4295 720
4300 723
4305 759
4310 725
4315 725
4320 725
4325 725
4330 726
4335 728
4340 731
4345 732
4350 729
4355 730
4360 739
4365 715
4370 714
4375 717
4380 804
4385 717
4390 792
4395 722
4400 722
4405 722
4410 722
4415 725
4420 725
4425 726
4430 727
4435 768
4440 730
4445 729
4450 775
4455 733
4460 733
4465 780
4470 734
4475 735
4480 736
4485 736
4490 739
4495 739
4500 739
4505 739
4510 740
4515 742
4520 785
4525 746
4530 796
4535 747
4540 746
4545 747
4550 749
4555 752
4560 732
4565 732
4570 733
4575 735
4580 813
4585 737
4590 817
4595 736
4600 737
4605 738
4610 741
4615 740
4620 742
4625 742
4630 744
4635 743
4640 746
4645 747
4650 850
4655 836
4660 750
4665 877
4670 751
4675 752
4680 856
4685 780
4690 776
4695 778
4700 777
4705 777
4710 782
4715 781
4720 827
4725 782
4730 784
4735 820
4740 795
4745 766
4750 766
4755 840
4760 787
4765 803
4770 769
4775 769
4780 772
4785 854
4790 774
4795 897
4800 773
4805 775
4810 775
4815 776
4820 781
4825 780
4830 854
4835 801
4840 802
4845 804
4850 858
4855 787
4860 786
4865 788
4870 788
4875 788
4880 788
4885 787
4890 789
4895 793
4900 867
4905 792
4910 794
4915 872
4920 797
4925 938
4930 799
4935 799
4940 799
4945 888
4950 799
4955 802
4960 802
4965 805
4970 804
4975 919
4980 901
4985 829
4990 830
4995 831
5000 915
5005 829
5010 832
5015 834
5020 860
5025 862
5030 837
5035 895
5040 816
5045 943
5050 820
5055 818
5060 819
5065 819
5070 820
5075 823
5080 823
5085 826
5090 888
5095 869
5100 830
5105 830
5110 830
5115 849
5120 882
5125 944
5130 833
5135 837
5140 835
5145 839
5150 838
5155 880
5160 884
5165 909
5170 871
5175 840
5180 841
5185 842
5190 846
5195 847
5200 845
5205 847
5210 849
5215 929
5220 849
5225 848
5230 852
5235 847
5240 853
5245 854
5250 853
5255 856
5260 856
5265 860
5270 882
5275 1031
5280 880
5285 992
5290 936
5295 863
5300 861
5305 864
5310 867
5315 967
5320 889
5325 891
5330 890
5335 936
5340 893
5345 894
5350 898
5355 897
5360 897
5365 898
5370 898
5375 965
5380 912
5385 880
5390 989
5395 974
5400 923
5405 882
5410 958
5415 886
5420 906
5425 911
5430 911
5435 910
5440 913
5445 952
5450 912
5455 917
5460 915
5465 918
5470 917
5475 912
5480 979
5485 898
5490 899
5495 902
5500 984
5505 1120
5510 949
5515 899
5520 902
5525 967
5530 927
5535 929
5540 929
5545 1031
5550 930
5555 976
5560 934
5565 936
5570 936
5575 936
5580 942
5585 940
5590 939
5595 940
5600 942
5605 944
5610 987
5615 1027
5620 944
5625 1036
5630 1289
5635 1013
5640 1353
5645 1303
5650 958
5655 1009
5660 929
5665 930
5670 1004
5675 958
5680 957
5685 996
5690 959
5695 960
5700 961
5705 961
5710 967
5715 1123
5720 964
5725 965
5730 964
5735 967
5740 968
5745 1018
5750 969
5755 972
5760 1050
5765 1007
5770 948
5775 948
5780 950
5785 954
5790 950
5795 990
5800 951
5805 954
5810 1042
5815 977
5820 1096
5825 955
5830 959
5835 960
5840 960
5845 961
5850 1078
5855 964
5860 965
5865 1127
5870 990
5875 990
5880 991
5885 993
5890 994
5895 994
5900 1036
5905 995
5910 998
5915 1032
5920 973
5925 1075
5930 978
5935 977
5940 1055
5945 979
5950 979
5955 981
5960 983
5965 1000
5970 1044
5975 1058
5980 985
5985 987
5990 987
5995 1061
6000 987
6005 1144
6010 1026
6015 1062
6020 1043
6025 1138
6030 1020
6035 1020
6040 1019
6045 1021
6050 1105
6055 1024
6060 1027
6065 1242
6070 1031
6075 1319
6080 1271
6085 1253
6090 1030
6095 1030
6100 1032
6105 1034
6110 1179
6115 1104
6120 1064
6125 1174
6130 1073
6135 1038
6140 1038
6145 1039
6150 1042
6155 1042
6160 1088
6165 1043
6170 1076
6175 1046
6180 1048
6185 1047
6190 1129
6195 1046
6200 1051
6205 1166
6210 1109
6215 1073
6220 1055
6225 1055
6230 1056
6235 1059
6240 1096
6245 1061
6250 1062
6255 1101
6260 1062
6265 1066
6270 1063
6275 1085
6280 1097
6285 1041
6290 1075
6295 1041
6300 1206
6305 1042
6310 1184
6315 1045
6320 1074
6325 1075
6330 1075
6335 1117
6340 1147
6345 1078
6350 1125
6355 1080
6360 1081
6365 1082
6370 1084
6375 1084
6380 1081
6385 1082
6390 1125
6395 1132
6400 1127
6405 1100
6410 1059
6415 1062
6420 1141
6425 1151
6430 1090
6435 1100
6440 1143
6445 1067
6450 1141
6455 1070
6460 1164
6465 1070
6470 1072
6475 1226
6480 1074
6485 1075
6490 1201
6495 1196
6500 1104
6505 1157
6510 1108
6515 1108
6520 1110
6525 1110
6530 1190
6535 1163
6540 1086
6545 1085
6550 1087
6555 1085
6560 1086
6565 1088
6570 1240
6575 1092
6580 1131
6585 1203
6590 1092
6595 1097
6600 1095
6605 1094
6610 1095
6615 1101
6620 1099
6625 1157
6630 1102
6635 1102
6640 1103
6645 1103
6650 1104
6655 1181
6660 1106
6665 1178
6670 1184
6675 1112
6680 1233
6685 1112
6690 1112
6695 1110
6700 1112
6705 1113
6710 1115
6715 1208
6720 1155
6725 1119
6730 1121
6735 1119
6740 1157
6745 1123
6750 1125
6755 1225
6760 1548
6765 1410
6770 1610
6775 1284
6780 1129
6785 1140
6790 1190
6795 1204
6800 1201
6805 1221
6810 1198
6815 1195
6820 1195
6825 1209
6830 1166
6835 1168
6840 1212
6845 1237
6850 1239
6855 1212
6860 1261
6865 1239
6870 1210
6875 1212
6880 1212
6885 1210
6890 1208
6895 1209
6900 1212
6905 1221
6910 1181
6915 1182
6920 1184
6925 1185
6930 1221
6935 1310
6940 1186
6945 1188
6950 1237
6955 1259
6960 1247
6965 1232
6970 1240
6975 1253
6980 1424
6985 1319
6990 1235
6995 1243
7000 1261
7005 1348
7010 1401
7015 1353
7020 1228
7025 1235
7030 1238
7035 1236
7040 1237
7045 1236
7050 1257
7055 1270
7060 1279
7065 1248
7070 1211
7075 1216
7080 1323
7085 1214
7090 1261
7095 1302
7100 1216
7105 1216
7110 1265
7115 1218
7120 1217
7125 1217
7130 1341
7135 1234
7140 1191
7145 1193
7150 1195
7155 1193
7160 1318
7165 1196
7170 1199
7175 1334
7180 1326
7185 1201
7190 1199
7195 1277
7200 1200
7205 1203
7210 1203
7215 1278
7220 1207
7225 1206
7230 1207
7235 1209
7240 1359
7245 1207
7250 1210
7255 1370
7260 1231
7265 1258
7270 1213
7275 1217
7280 1333
7285 1386
7290 1317
7295 1293
7300 1255
7305 1251
7310 1252
7315 1254
7320 1254
7325 1258
7330 1259
7335 1257
7340 1369
7345 1348
7350 1296
7355 1264
7360 1262
7365 1302
7370 1266
7375 1288
7380 1266
7385 1271
7390 1349
7395 1269
7400 1268
7405 1272
7410 1241
7415 1245
7420 1299
7425 1405
7430 1243
7435 1243
7440 1242
7445 1242
7450 1395
7455 1249
7460 1362
7465 1248
7470 1249
7475 1250
7480 1250
7485 1288
7490 1251
7495 1388
7500 1358
7505 1425
7510 1257
7515 1260
7520 1304
7525 1292
7530 1295
7535 1320
7540 1323
7545 1295
7550 1298
7555 1296
7560 1265
7565 1304
7570 1273
7575 1345
7580 1324
7585 1339
7590 1385
7595 1340
7600 1308
7605 1310
7610 1309
7615 1351
7620 1363
7625 1361
7630 1279
7635 1282
7640 1280
7645 1283
7650 1281
7655 1321
7660 1543
7665 1324
7670 1320
7675 1322
7680 1322
7685 1325
7690 1323
7695 1367
7700 1324
7705 1293
7710 1724
7715 1494
7720 1722
7725 1757
7730 1366
7735 1372
7740 1418
7745 1370
7750 1370
7755 1378
7760 1374
7765 1424
7770 1340
7775 1343
7780 1343
7785 1341
7790 1393
7795 1341
7800 1415
7805 1445
7810 1350
7815 1347
7820 1347
7825 1348
7830 1348
7835 1358
7840 1394
7845 1315
7850 1318
7855 1353
7860 1398
7865 1323
7870 1357
7875 1386
7880 1413
7885 1367
7890 1400
7895 1326
7900 1326
7905 1328
7910 1329
7915 1403
7920 1332
7925 1335
7930 1406
7935 1332
7940 1335
7945 1458
7950 1374
7955 1401
7960 1475
7965 1338
7970 1402
7975 1395
7980 1387
7985 1376
7990 1416
7995 1381
8000 1382
8005 1468
8010 1380
8015 1363
8020 1526
8025 1427
8030 1487
8035 1550
8040 1467
8045 1995
8050 1751
8055 1517
8060 1501
8065 1470
8070 1430
8075 1426
8080 1431
8085 1432
8090 1434
8095 1436
8100 1508
8105 1437
8110 1459
8115 1495
8120 1404
8125 1508
8130 1454
8135 1404
8140 1520
8145 1407
8150 1409
8155 1409
8160 1409
8165 1494
8170 1518
8175 1417
8180 1417
8185 1412
8190 1414
8195 1461
8200 1458
8205 1418
8210 1477
8215 1531
8220 1389
8225 1460
8230 1387
8235 1464
8240 1535
8245 1425
8250 1428
8255 1428
8260 1468
8265 1430
8270 1466
8275 1437
8280 1395
8285 1438
8290 1436
8295 1526
8300 1555
8305 1473
8310 1608
8315 1437
8320 1443
8325 1442
8330 1442
8335 1446
8340 1487
8345 1409
8350 1409
8355 1534
8360 1444
8365 1450
8370 1414
8375 1454
8380 1575
8385 1415
8390 1493
8395 1417
8400 1419
8405 1419
8410 1460
8415 1422
8420 1498
8425 1420
8430 1424
8435 1425
8440 1427
8445 1428
8450 1954
8455 1538
8460 1507
8465 1506
8470 1507
8475 1510
8480 1544
8485 1519
8490 1514
8495 1512
8500 1513
8505 1513
8510 1517
8515 1522
8520 1536
8525 1522
8530 1523
8535 1516
8540 1481
8545 1529
8550 2116
8555 1845
8560 1624
8565 1488
8570 1488
8575 1581
8580 1540
8585 1660
8590 1490
8595 1492
8600 1491
8605 1496
8610 1594
8615 1503
8620 1498
8625 1535
8630 1539
8635 1503
8640 1502
8645 1541
8650 1592
8655 1503
8660 1506
8665 1504
8670 1506
8675 1510
8680 1603
8685 1511
8690 1506
8695 1475
8700 1474
8705 1477
8710 1658
8715 1571
8720 1598
8725 1515
8730 1520
8735 1521
8740 1526
8745 1568
8750 1572
8755 1877
8760 1489
8765 1488
8770 1564
8775 1491
8780 1644
8785 1638
8790 1530
8795 1528
8800 1562
8805 2023
8810 1875
8815 1619
8820 1538
8825 1572
8830 1541
8835 1570
8840 1721
8845 1624
8850 1652
8855 1583
8860 1546
8865 1592
8870 1549
8875 1584
8880 1689
8885 1801
8890 1877
8895 1838
8900 1591
8905 1611
8910 1612
8915 1710
8920 1817
8925 1605
8930 1601
8935 1604
8940 1613
8945 1601
8950 1640
8955 1604
8960 1637
8965 1606
8970 1666
8975 1632
8980 1723
8985 1615
8990 1610
8995 1617
9000 1667
9005 1614
9010 1640
9015 1634
9020 1627
9025 1619
9030 1684
9035 1671
9040 1624
9045 1624
9050 1627
9055 1679
9060 1639
9065 1636
9070 1649
9075 1641
9080 1641
9085 1637
9090 1650
9095 1650
9100 1642
9105 1644
9110 1636
9115 1637
9120 1642
9125 1641
9130 1640
9135 1644
9140 1644
9145 1643
9150 1648
9155 1646
9160 1678
9165 1629
9170 1600
9175 1602
9180 1644
9185 1645
9190 1613
9195 1591
9200 1704
9205 1571
9210 1570
9215 1621
9220 1748
9225 1623
9230 1615
9235 1657
9240 1616
9245 1616
9250 1749
9255 1577
9260 1578
9265 1580
9270 1583
9275 1600
9280 1717
9285 1801
9290 1585
9295 1839
9300 1923
9305 2204
9310 1702
9315 1633
9320 1633
9325 1673
9330 1674
9335 1854
9340 1740
9345 1690
9350 1692
9355 1682
9360 1685
9365 1689
9370 1719
9375 1699
9380 1685
9385 1689
9390 1691
9395 1690
9400 1738
9405 1730
9410 1817
9415 1695
9420 1705
9425 1700
9430 1702
9435 1703
9440 1713
9445 1700
9450 1694
9455 1695
9460 1784
9465 1732
9470 1663
9475 1663
9480 1665
9485 1667
9490 1745
9495 1665
9500 1667
9505 1668
9510 1711
9515 1671
9520 1749
9525 1796
9530 1673
9535 1669
9540 1706
9545 1632
9550 1797
9555 1635
9560 1658
9565 1639
9570 1789
9575 2038
9580 2792
9585 1964
9590 1684
9595 1681
9600 1686
9605 1758
9610 1766
9615 1857
9620 1719
9625 1748
9630 1691
9635 1795
9640 1843
9645 1694
9650 1699
9655 1744
9660 1696
9665 1840
9670 1698
9675 1704
9680 1703
9685 1780
9690 1702
9695 1846
9700 1768
9705 1778
9710 1750
9715 1708
9720 1706
9725 1805
9730 1712
9735 1715
9740 1714
9745 1765
9750 1716
9755 1745
9760 1783
9765 1674
9770 1676
9775 1716
9780 1799
9785 1780
9790 1678
9795 1681
9800 1829
9805 1681
9810 1830
9815 1837
9820 1685
9825 1686
9830 1684
9835 1685
9840 1812
9845 1720
9850 1902
9855 1689
9860 1692
9865 1731
9870 1774
9875 1840
9880 1751
9885 1741
9890 1788
9895 1902
9900 2296
9905 1804
9910 1746
9915 1777
9920 1795
9925 1803
9930 1852
9935 1799
9940 1803
9945 1779
9950 1752
9955 1833
9960 1804
9965 1756
9970 1763
9975 1750
9980 1867
9985 2082
9990 2371
9995 2154
10000 1808
