5 0
10 0
15 1
20 1
25 2
30 2
35 3
40 2
45 3
50 4
55 4
60 4
65 5
70 5
75 6
80 6
85 7
90 7
95 8
100 8
105 9
110 9
115 10
120 11
125 11
130 12
135 12
140 13
145 14
150 14
155 14
160 15
165 16
170 17
175 17
180 18
185 18
190 19
195 20
200 20
205 21
210 21
215 22
220 22
225 23
230 23
235 24
240 25
245 26
250 26
255 27
260 28
265 29
270 29
275 30
280 30
285 31
290 32
295 32
300 33
305 33
310 36
315 35
320 36
325 36
330 37
335 38
340 38
345 39
350 39
355 40
360 41
365 42
370 42
375 43
380 43
385 44
390 45
395 46
400 46
405 48
410 48
415 49
420 50
425 50
430 50
435 52
440 51
445 52
450 53
455 54
460 55
465 56
470 56
475 57
480 58
485 59
490 59
495 60
500 60
505 62
510 93
515 66
520 65
525 66
530 66
535 67
540 68
545 68
550 69
555 70
560 71
565 71
570 71
575 73
580 73
585 74
590 74
595 76
600 76
605 77
610 77
615 78
620 78
625 80
630 80
635 81
640 82
645 82
650 84
655 84
660 84
665 86
670 86
675 87
680 88
685 89
690 89
695 90
700 91
705 92
710 92
715 93
720 94
725 95
730 96
735 96
740 98
745 98
750 98
755 99
760 101
765 101
770 102
775 103
780 104
785 106
790 106
795 106
800 107
805 108
810 108
815 110
820 111
825 111
830 142
835 113
840 114
845 115
850 115
855 116
860 117
865 118
870 128
875 122
880 122
885 122
890 122
895 123
900 124
905 124
910 125
915 126
920 127
925 127
930 128
935 129
940 130
945 130
950 131
955 132
960 133
965 133
970 136
975 136
980 136
985 137
990 138
995 138
1000 138
1005 140
1010 141
1015 141
1020 142
1025 143
1030 144
1035 145
1040 145
1045 146
1050 146
1055 148
1060 149
1065 150
1070 150
1075 168
1080 151
1085 152
1090 154
1095 155
1100 155
1105 157
1110 158
1115 158
1120 159
1125 159
1130 160
1135 161
1140 173
1145 158
1150 159
1155 161
1160 160
1165 161
1170 162
1175 162
1180 165
1185 164
1190 165
1195 166
1200 168
1205 168
1210 168
1215 170
1220 170
1225 197
1230 196
1235 172
1240 174
1245 175
1250 176
1255 237
1260 250
1265 197
1270 185
1275 200
1280 181
1285 182
1290 295
1295 185
1300 184
1305 185
1310 185
1315 187
1320 187
1325 188
1330 188
1335 190
1340 193
1345 193
1350 193
1355 193
1360 194
1365 196
1370 196
1375 197
1380 197
1385 198
1390 217
1395 205
1400 206
1405 206
1410 208
1415 208
1420 208
1425 211
1430 211
1435 212
1440 212
1445 214
1450 214
1455 215
1460 216
1465 216
1470 217
1475 218
1480 220
1485 220
1490 221
1495 222
1500 224
1505 224
1510 225
1515 225
1520 226
1525 228
1530 228
1535 229
1540 230
1545 229
1550 231
1555 231
1560 232
1565 233
1570 235
1575 234
1580 236
1585 237
1590 237
1595 237
1600 252
1605 235
1610 234
1615 289
1620 285
1625 238
1630 238
1635 239
1640 240
1645 302
1650 240
1655 242
1660 244
1665 243
1670 244
1675 244
1680 246
1685 246
1690 267
1695 249
1700 249
1705 287
1710 251
1715 251
1720 251
1725 253
1730 334
1735 317
1740 257
1745 258
1750 259
1755 260
1760 260
1765 261
1770 262
1775 262
1780 263
1785 264
1790 265
1795 267
1800 269
1805 269
1810 268
1815 268
1820 270
1825 270
1830 272
1835 273
1840 273
1845 275
1850 275
1855 276
1860 349
1865 313
1870 297
1875 278
1880 279
1885 344
1890 280
1895 282
1900 282
1905 282
1910 283
1915 283
1920 285
1925 287
1930 287
1935 286
1940 338
1945 289
1950 289
1955 290
1960 291
1965 292
1970 292
1975 294
1980 295
1985 295
1990 333
1995 297
2000 299
2005 397
2010 300
2015 300
2020 302
2025 304
2030 304
2035 304
2040 306
2045 308
2050 306
2055 344
2060 309
2065 310
2070 309
2075 311
2080 366
2085 314
2090 314
2095 353
2100 315
2105 317
2110 316
2115 318
2120 319
2125 321
2130 323
2135 323
2140 323
2145 324
2150 325
2155 325
2160 325
2165 328
2170 329
2175 327
2180 328
2185 330
2190 332
2195 332
2200 333
2205 335
2210 419
2215 382
2220 337
2225 337
2230 337
2235 339
2240 339
2245 341
2250 342
2255 343
2260 344
2265 345
2270 346
2275 345
2280 348
2285 347
2290 348
2295 350
2300 350
2305 351
2310 352
2315 353
2320 353
2325 356
2330 354
2335 355
2340 355
2345 355
2350 358
2355 396
2360 359
2365 360
2370 362
2375 417
2380 355
2385 417
2390 357
2395 357
2400 358
2405 360
2410 359
2415 360
2420 361
2425 363
2430 362
2435 363
2440 366
2445 366
2450 368
2455 367
2460 368
2465 369
2470 527
2475 370
2480 371
2485 374
2490 446
2495 374
2500 376
2505 375
2510 376
2515 377
2520 378
2525 379
2530 379
2535 382
2540 382
2545 384
2550 382
2555 384
2560 385
2565 386
2570 467
2575 429
2580 464
2585 389
2590 390
2595 391
2600 392
2605 514
2610 395
2615 468
2620 432
2625 406
2630 408
2635 497
2640 411
2645 412
2650 412
2655 412
2660 412
2665 413
2670 414
2675 416
2680 415
2685 418
2690 419
2695 453
2700 420
2705 422
2710 422
2715 423
2720 476
2725 425
2730 462
2735 471
2740 416
2745 416
2750 416
2755 417
2760 419
2765 492
2770 421
2775 422
2780 422
2785 423
2790 424
2795 425
2800 427
2805 426
2810 428
2815 428
2820 430
2825 429
2830 450
2835 448
2840 431
2845 433
2850 433
2855 474
2860 435
2865 436
2870 545
2875 439
2880 440
2885 440
2890 441
2895 443
2900 443
2905 443
2910 444
2915 445
2920 447
2925 447
2930 449
2935 447
2940 449
2945 451
2950 509
2955 453
2960 454
2965 529
2970 454
2975 457
2980 456
2985 458
2990 457
2995 458
3000 572
3005 461
3010 461
3015 463
3020 463
3025 465
3030 466
3035 464
3040 466
3045 468
3050 467
3055 469
3060 469
3065 510
3070 472
3075 585
3080 475
3085 473
3090 617
3095 476
3100 477
3105 478
3110 479
3115 479
3120 481
3125 482
3130 483
3135 557
3140 484
3145 485
3150 506
3155 498
3160 500
3165 502
3170 548
3175 549
3180 568
3185 623
3190 608
3195 574
3200 527
3205 508
3210 509
3215 583
3220 511
3225 511
3230 512
3235 571
3240 574
3245 529
3250 530
3255 531
3260 532
3265 533
3270 540
3275 535
3280 580
3285 563
3290 536
3295 542
3300 541
3305 539
3310 539
3315 543
3320 544
3325 550
3330 529
3335 532
3340 530
3345 532
3350 533
3355 533
3360 532
3365 581
3370 537
3375 539
3380 537
3385 576
3390 543
3395 542
3400 541
3405 656
3410 636
3415 591
3420 561
3425 563
3430 562
3435 564
3440 564
3445 567
3450 567
3455 570
3460 571
3465 626
3470 571
3475 573
3480 578
3485 575
3490 575
3495 575
3500 576
3505 592
3510 577
3515 578
3520 579
3525 579
3530 583
3535 581
3540 583
3545 583
3550 585
3555 585
3560 587
3565 588
3570 589
3575 590
3580 589
3585 575
3590 576
3595 575
3600 579
3605 580
3610 579
3615 580
3620 581
3625 581
3630 630
3635 583
3640 663
3645 604
3650 626
3655 625
3660 587
3665 590
3670 589
3675 592
3680 593
3685 632
3690 595
3695 594
3700 595
3705 596
3710 647
3715 641
3720 601
3725 600
3730 599
3735 600
3740 630
3745 619
3750 618
3755 619
3760 622
3765 623
3770 625
3775 624
3780 624
3785 626
3790 628
3795 630
3800 631
3805 631
3810 658
3815 638
3820 653
3825 617
3830 618
3835 617
3840 619
3845 621
3850 620
3855 621
3860 623
3865 658
3870 664
3875 664
3880 625
3885 629
3890 638
3895 613
3900 615
3905 650
3910 618
3915 617
3920 698
3925 673
3930 619
3935 620
3940 621
3945 622
3950 622
3955 643
3960 681
3965 626
3970 727
3975 627
3980 629
3985 627
3990 630
3995 631
4000 633
4005 633
4010 634
4015 710
4020 636
4025 636
4030 638
4035 753
4040 639
4045 642
4050 699
4055 642
4060 643
4065 645
4070 646
4075 646
4080 684
4085 647
4090 726
4095 648
4100 648
4105 649
4110 651
4115 729
4120 652
4125 784
4130 655
4135 656
4140 655
4145 739
4150 710
4155 658
4160 659
4165 662
4170 661
4175 663
4180 664
4185 692
4190 758
4195 686
4200 685
4205 687
4210 785
4215 744
4220 725
4225 690
4230 692
4235 692
4240 697
4245 777
4250 695
4255 807
4260 745
4265 775
4270 785
4275 871
4280 930
4285 887
4290 831
4295 702
4300 706
4305 702
4310 706
4315 705
4320 706
4325 907
4330 711
4335 710
4340 712
4345 714
4350 790
4355 772
4360 714
4365 717
4370 853
4375 739
4380 739
4385 740
4390 741
4395 743
4400 769
4405 743
4410 743
4415 743
4420 747
4425 745
4430 746
4435 752
4440 779
4445 751
4450 753
4455 752
4460 754
4465 765
4470 755
4475 754
4480 759
4485 757
4490 756
4495 759
4500 761
4505 762
4510 762
4515 762
4520 766
4525 810
4530 767
4535 774
4540 768
4545 767
4550 767
4555 769
4560 775
4565 768
4570 753
4575 754
4580 755
4585 755
4590 835
4595 802
4600 757
4605 759
4610 760
4615 761
4620 760
4625 763
4630 764
4635 803
4640 770
4645 765
4650 764
4655 769
4660 806
4665 774
4670 855
4675 771
4680 772
4685 831
4690 758
4695 757
4700 904
4705 758
4710 761
4715 763
4720 763
4725 845
4730 765
4735 764
4740 766
4745 764
4750 765
4755 768
4760 767
4765 865
4770 840
4775 770
4780 769
4785 773
4790 840
4795 793
4800 865
4805 794
4810 790
4815 778
4820 777
4825 780
4830 780
4835 782
4840 852
4845 782
4850 856
4855 899
4860 786
4865 857
4870 789
4875 788
4880 832
4885 833
4890 791
4895 791
4900 866
4905 829
4910 794
4915 873
4920 796
4925 948
4930 817
4935 821
4940 821
4945 821
4950 823
4955 823
4960 901
4965 860
4970 843
4975 867
4980 830
4985 865
4990 830
4995 831
5000 833
5005 830
5010 955
5015 833
5020 834
5025 834
5030 836
5035 882
5040 859
5045 907
5050 854
5055 820
5060 822
5065 822
5070 821
5075 824
5080 823
5085 824
5090 824
5095 863
5100 939
5105 830
5110 829
5115 830
5120 833
5125 830
5130 879
5135 1174
5140 994
5145 1055
5150 1100
5155 1112
5160 1061
5165 861
5170 862
5175 864
5180 864
5185 866
5190 867
5195 868
5200 889
5205 895
5210 897
5215 893
5220 895
5225 896
5230 896
5235 902
5240 898
5245 898
5250 899
5255 989
5260 915
5265 919
5270 882
5275 1046
5280 880
5285 882
5290 882
5295 884
5300 885
5305 885
5310 888
5315 887
5320 886
5325 1012
5330 890
5335 891
5340 892
5345 890
5350 895
5355 896
5360 907
5365 877
5370 876
5375 878
5380 953
5385 940
5390 1165
5395 919
5400 881
5405 879
5410 881
5415 950
5420 944
5425 1194
5430 1190
5435 1200
5440 1175
5445 1011
5450 967
5455 1160
5460 1060
5465 1145
5470 1076
5475 1133
5480 1123
5485 1162
5490 968
5495 1026
5500 983
5505 1020
5510 949
5515 955
5520 961
5525 1119
5530 903
5535 935
5540 1059
5545 1214
5550 998
5555 1016
5560 1017
5565 961
5570 1033
5575 1000
5580 979
5585 976
5590 982
5595 1074
5600 1097
5605 1058
5610 1002
5615 1090
5620 1043
5625 997
5630 1052
5635 1102
5640 991
5645 1096
5650 1024
5655 1056
5660 1024
5665 986
5670 1078
5675 1003
5680 1047
5685 1072
5690 1079
5695 1041
5700 1027
5705 1009
5710 1048
5715 1010
5720 1007
5725 1226
5730 1055
5735 998
5740 998
5745 1004
5750 1015
5755 1054
5760 1050
5765 1205
5770 1024
5775 1095
5780 1028
5785 1096
5790 1008
5795 1021
5800 1016
5805 1085
5810 1035
5815 1012
5820 1014
5825 1015
5830 1014
5835 1022
5840 1019
5845 1019
5850 1033
5855 1056
5860 1129
5865 1015
5870 1026
5875 1042
5880 1022
5885 1019
5890 1019
5895 1021
5900 1021
5905 1066
5910 1025
5915 1024
5920 1025
5925 1046
5930 1054
5935 1074
5940 1040
5945 1047
5950 1055
5955 1046
5960 1061
5965 1035
5970 1038
5975 1035
5980 1034
5985 1039
5990 1038
5995 1066
6000 1117
6005 1043
6010 1043
6015 1046
6020 1046
6025 1045
6030 1052
6035 1047
6040 1053
6045 1052
6050 1051
6055 1054
6060 1067
6065 1054
6070 1054
6075 1055
6080 1056
6085 1047
6090 1028
6095 1034
6100 1033
6105 1034
6110 1035
6115 1118
6120 1036
6125 1037
6130 1069
6135 1013
6140 1014
6145 1014
6150 1098
6155 1193
6160 1017
6165 1019
6170 1018
6175 1023
6180 1020
6185 1095
6190 1023
6195 1101
6200 1024
6205 1027
6210 1026
6215 1028
6220 1095
6225 1054
6230 1093
6235 1135
6240 1064
6245 1107
6250 1124
6255 1073
6260 1036
6265 1061
6270 1064
6275 1065
6280 1128
6285 1103
6290 1065
6295 1414
6300 1374
6305 1387
6310 1140
6315 1111
6320 1071
6325 1074
6330 1156
6335 1120
6340 1132
6345 1093
6350 1115
6355 1109
6360 1107
6365 1109
6370 1113
6375 1110
6380 1162
6385 1111
6390 1127
6395 1135
6400 1088
6405 1091
6410 1090
6415 1090
6420 1089
6425 1111
6430 1091
6435 1181
6440 1102
6445 1143
6450 1096
6455 1096
6460 1098
6465 1139
6470 1072
6475 1202
6480 1075
6485 1075
6490 1075
6495 1078
6500 1076
6505 1078
6510 1162
6515 1081
6520 1154
6525 1207
6530 1203
6535 1200
6540 1083
6545 1084
6550 1085
6555 1086
6560 1106
6565 1209
6570 1187
6575 1121
6580 1120
6585 1120
6590 1186
6595 1123
6600 1168
6605 1161
6610 1192
6615 1257
6620 1099
6625 1100
6630 1102
6635 1103
6640 1177
6645 1102
6650 1104
6655 1145
6660 1107
6665 1145
6670 1105
6675 1109
6680 1110
6685 1222
6690 1111
6695 1113
6700 1154
6705 1221
6710 1224
6715 1184
6720 1166
6725 1180
6730 1117
6735 1117
6740 1123
6745 1346
6750 1302
6755 1593
6760 1433
6765 1125
6770 1162
6775 1155
6780 1157
6785 1322
6790 1245
6795 1366
6800 1218
6805 1212
6810 1195
6815 1198
6820 1197
6825 1240
6830 1241
6835 1204
6840 1216
6845 1217
6850 1276
6855 1243
6860 1235
6865 1244
6870 1279
6875 1235
6880 1209
6885 1219
6890 1208
6895 1262
6900 1248
6905 1256
6910 1231
6915 1250
6920 1250
6925 1307
6930 1224
6935 1218
6940 1223
6945 1226
6950 1267
6955 1251
6960 1227
6965 1269
6970 1241
6975 1260
6980 1246
6985 1368
6990 1348
6995 1247
7000 1253
7005 1236
7010 1235
7015 1232
7020 1235
7025 1239
7030 1291
7035 1240
7040 1240
7045 1240
7050 1241
7055 1244
7060 1245
7065 1291
7070 1247
7075 1232
7080 1214
7085 1291
7090 1311
7095 1219
7100 1218
7105 1220
7110 1260
7115 1555
7120 1301
7125 1260
7130 1259
7135 1260
7140 1269
7145 1293
7150 1326
7155 1261
7160 1262
7165 1281
7170 1305
7175 1301
7180 1284
7185 1292
7190 1326
7195 1276
7200 1270
7205 1272
7210 1275
7215 1274
7220 1273
7225 1278
7230 1279
7235 1296
7240 1379
7245 1292
7250 1317
7255 1277
7260 1283
7265 1292
7270 1304
7275 1282
7280 1288
7285 1287
7290 1550
7295 1492
7300 1321
7305 1336
7310 1287
7315 1291
7320 1289
7325 1293
7330 1324
7335 1297
7340 1296
7345 1299
7350 1368
7355 1297
7360 1302
7365 1340
7370 1301
7375 1303
7380 1350
7385 1305
7390 1307
7395 1308
7400 1317
7405 1314
7410 1309
7415 1312
7420 1315
7425 1332
7430 1310
7435 1313
7440 1312
7445 1296
7450 1283
7455 1282
7460 1371
7465 1288
7470 1286
7475 1283
7480 1285
7485 1335
7490 1256
7495 1370
7500 1368
7505 1464
7510 1260
7515 1282
7520 1295
7525 1297
7530 1336
7535 1296
7540 1300
7545 1301
7550 1299
7555 1366
7560 1270
7565 1305
7570 1273
7575 1273
7580 1314
7585 1372
7590 1453
7595 1276
7600 1276
7605 1277
7610 1274
7615 1364
7620 1368
7625 1377
7630 1355
7635 1354
7640 1319
7645 1356
7650 1318
7655 1357
7660 1414
7665 1323
7670 1321
7675 1324
7680 1328
7685 1326
7690 1329
7695 1413
7700 1317
7705 1296
7710 1295
7715 1297
7720 1402
7725 1362
7730 1298
7735 1439
7740 1402
7745 1300
7750 1304
7755 1380
7760 1301
7765 1307
7770 1426
7775 1306
7780 1311
7785 1309
7790 1384
7795 1315
7800 1315
7805 1315
7810 1438
7815 1495
7820 1318
7825 1420
7830 1398
7835 1318
7840 1338
7845 1376
7850 1357
7855 1460
7860 1357
7865 1359
7870 1362
7875 1369
7880 1328
7885 1400
7890 1539
7895 1330
7900 1331
7905 1334
7910 1396
7915 1335
7920 1416
7925 1416
7930 1337
7935 1535
7940 1473
7945 1598
7950 1507
7955 1594
7960 1640
7965 1483
7970 1647
7975 1444
7980 1453
7985 1523
7990 1438
7995 1442
8000 1431
8005 1422
8010 1422
8015 1422
8020 1425
8025 1428
8030 1487
8035 1430
8040 1430
8045 1412
8050 1393
8055 1398
8060 1490
8065 1396
8070 1397
8075 1437
8080 1498
8085 1402
8090 1566
8095 1514
8100 1443
8105 1418
8110 1405
8115 1406
8120 1405
8125 1404
8130 1411
8135 1608
8140 1490
8145 1538
8150 1492
8155 1452
8160 1494
8165 1458
8170 1631
8175 1541
8180 1544
8185 1458
8190 1459
8195 1458
8200 1567
8205 1562
8210 1489
8215 1502
8220 1471
8225 1467
8230 1471
8235 1479
8240 1497
8245 1511
8250 1542
8255 1477
8260 1469
8265 1474
8270 1483
8275 1476
8280 1478
8285 1479
8290 1481
8295 1478
8300 1482
8305 1512
8310 1530
8315 1445
8320 1443
8325 1479
8330 1462
8335 1448
8340 1528
8345 1456
8350 1449
8355 1457
8360 1456
8365 1453
8370 1454
8375 1498
8380 1523
8385 1455
8390 1458
8395 1459
8400 1481
8405 1553
8410 1586
8415 1425
8420 1427
8425 1429
8430 1429
8435 1465
8440 1428
8445 1513
8450 1677
8455 1438
8460 1438
8465 1472
8470 1436
8475 1439
8480 1624
8485 1623
8490 1700
8495 1661
8500 1600
8505 1483
8510 1669
8515 1920
8520 2459
8525 1683
8530 1563
8535 1527
8540 1598
8545 1547
8550 1529
8555 1543
8560 1530
8565 1533
8570 1548
8575 1544
8580 1534
8585 1565
8590 1538
8595 1543
8600 1560
8605 1541
8610 1543
8615 1548
8620 1502
8625 1573
8630 1503
8635 1504
8640 1658
8645 1576
8650 1564
8655 1553
8660 1554
8665 1554
8670 1556
8675 1553
8680 1535
8685 1514
8690 1515
8695 1515
8700 1518
8705 1560
8710 1577
8715 1479
8720 1616
8725 1481
8730 1578
8735 1523
8740 1553
8745 1530
8750 1630
8755 1529
8760 1532
8765 1568
8770 1579
8775 1634
8780 1579
8785 1567
8790 1493
8795 1534
8800 1496
8805 1572
8810 1854
8815 1539
8820 1609
8825 1604
8830 1548
8835 1593
8840 1611
8845 1550
8850 1551
8855 1554
8860 1553
8865 1705
8870 1908
8875 1742
8880 1761
8885 1607
8890 1599
8895 1598
8900 1643
8905 1615
8910 1601
8915 1603
8920 1609
8925 1600
8930 1601
8935 1604
8940 1566
8945 1570
8950 1727
8955 1675
8960 1649
8965 1774
8970 1733
8975 1649
8980 1638
8985 1657
8990 1743
8995 1676
9000 1696
9005 1683
9010 1653
9015 1735
9020 1746
9025 1705
9030 1633
9035 1643
9040 1633
9045 1659
9050 1630
9055 1635
9060 1632
9065 1633
9070 1639
9075 1849
9080 1743
9085 1671
9090 1641
9095 1710
9100 1637
9105 1645
9110 1640
9115 1648
9120 1641
9125 1624
9130 1647
9135 1603
9140 1603
9145 1641
9150 1746
9155 1639
9160 1604
9165 1890
9170 1603
9175 1733
9180 2060
9185 1668
9190 1676
9195 1652
9200 1692
9205 1665
9210 1765
9215 1699
9220 1669
9225 1682
9230 1663
9235 1667
9240 1677
9245 1671
9250 1689
9255 1667
9260 1693
9265 1685
9270 1722
9275 1686
9280 1696
9285 1677
9290 1676
9295 1793
9300 1634
9305 1725
9310 1697
9315 1673
9320 1795
9325 1756
9330 1688
9335 1713
9340 1687
9345 1706
9350 1778
9355 1667
9360 1727
9365 1686
9370 1686
9375 1684
9380 1695
9385 1724
9390 1729
9395 1720
9400 1717
9405 1699
9410 1723
9415 1737
9420 1728
9425 1726
9430 1706
9435 1739
9440 1729
9445 1718
9450 1742
9455 1713
9460 1738
9465 1809
9470 1668
9475 1863
9480 1713
9485 1670
9490 1774
9495 1745
9500 1720
9505 1747
9510 1755
9515 1723
9520 1739
9525 1732
9530 1721
9535 1748
9540 1762
9545 1758
9550 1762
9555 1783
9560 1739
9565 1744
9570 1827
9575 1734
9580 1747
9585 1761
9590 1748
9595 1802
9600 1761
9605 1801
9610 1880
9615 1772
9620 1823
9625 1811
9630 1746
9635 1761
9640 1782
9645 1763
9650 1774
9655 1766
9660 1805
9665 1749
9670 1751
9675 1749
9680 1752
9685 1806
9690 1757
9695 1764
9700 1755
9705 1756
9710 1762
9715 1756
9720 1774
9725 1761
9730 1765
9735 1768
9740 2039
9745 1738
9750 1830
9755 1720
9760 1720
9765 1759
9770 1744
9775 1801
9780 1725
9785 1726
9790 1727
9795 1824
9800 1850
9805 1776
9810 1730
9815 1843
9820 1728
9825 1817
9830 1735
9835 1736
9840 1736
9845 1779
9850 1694
9855 1768
9860 1765
9865 1773
9870 1695
9875 1777
9880 1699
9885 1775
9890 1715
9895 1700
9900 1703
9905 1734
9910 1829
9915 1861
9920 1887
9925 1708
9930 1769
9935 1857
9940 1855
9945 1934
9950 1899
9955 1848
9960 2645
9965 1999
9970 1965
9975 1827
9980 1812
9985 1816
9990 1816
9995 1846
10000 1817
