5 0
10 0
15 0
20 1
25 1
30 2
35 2
40 2
45 3
50 3
55 3
60 4
65 5
70 5
75 6
80 6
85 6
90 7
95 8
100 8
105 9
110 9
115 9
120 10
125 10
130 11
135 12
140 12
145 13
150 13
155 14
160 14
165 15
170 15
175 16
180 17
185 17
190 18
195 18
200 19
205 20
210 20
215 21
220 21
225 22
230 23
235 23
240 24
245 25
250 25
255 25
260 27
265 27
270 28
275 28
280 29
285 30
290 30
295 31
300 31
305 32
310 33
315 34
320 34
325 35
330 35
335 36
340 36
345 37
350 38
355 38
360 39
365 40
370 40
375 41
380 42
385 42
390 42
395 44
400 44
405 45
410 46
415 46
420 47
425 47
430 48
435 82
440 87
445 52
450 53
455 52
460 53
465 54
470 54
475 54
480 56
485 56
490 57
495 58
500 58
505 61
510 59
515 60
520 61
525 62
530 62
535 63
540 64
545 65
550 65
555 67
560 67
565 67
570 67
575 68
580 69
585 70
590 71
595 71
600 71
605 72
610 73
615 74
620 75
625 75
630 76
635 76
640 77
645 78
650 79
655 79
660 80
665 81
670 82
675 82
680 83
685 83
690 84
695 85
700 86
705 87
710 87
715 89
720 115
725 150
730 91
735 92
740 92
745 93
750 94
755 94
760 95
765 95
770 97
775 97
780 98
785 98
790 99
795 100
800 101
805 102
810 103
815 104
820 104
825 104
830 106
835 106
840 108
845 108
850 109
855 110
860 110
865 112
870 191
875 131
880 115
885 115
890 115
895 115
900 116
905 117
910 138
915 152
920 120
925 120
930 120
935 121
940 122
945 123
950 123
955 125
960 126
965 169
970 168
975 127
980 128
985 128
990 129
995 130
1000 132
1005 132
1010 132
1015 175
1020 173
1025 135
1030 135
1035 136
1040 137
1045 137
1050 139
1055 139
1060 140
1065 140
1070 142
1075 143
1080 144
1085 144
1090 159
1095 150
1100 150
1105 150
1110 151
1115 152
1120 154
1125 154
1130 155
1135 156
1140 156
1145 157
1150 157
1155 159
1160 159
1165 160
1170 161
1175 162
1180 163
1185 163
1190 165
1195 167
1200 166
1205 167
1210 168
1215 168
1220 169
1225 170
1230 171
1235 171
1240 172
1245 173
1250 173
1255 173
1260 174
1265 176
1270 177
1275 178
1280 178
1285 256
1290 181
1295 181
1300 181
1305 183
1310 184
1315 185
1320 185
1325 187
1330 187
1335 187
1340 189
1345 189
1350 190
1355 191
1360 204
1365 189
1370 247
1375 207
1380 192
1385 191
1390 192
1395 194
1400 194
1405 195
1410 196
1415 195
1420 197
1425 198
1430 199
1435 199
1440 200
1445 202
1450 202
1455 203
1460 204
1465 205
1470 206
1475 206
1480 207
1485 208
1490 209
1495 210
1500 211
1505 211
1510 212
1515 213
1520 214
1525 214
1530 273
1535 236
1540 216
1545 218
1550 219
1555 219
1560 219
1565 318
1570 242
1575 453
1580 259
1585 224
1590 226
1595 227
1600 227
1605 227
1610 228
1615 229
1620 230
1625 229
1630 231
1635 231
1640 232
1645 234
1650 234
1655 366
1660 269
1665 236
1670 238
1675 239
1680 239
1685 240
1690 240
1695 241
1700 243
1705 242
1710 245
1715 245
1720 246
1725 246
1730 248
1735 291
1740 266
1745 249
1750 251
1755 251
1760 252
1765 252
1770 254
1775 254
1780 255
1785 256
1790 256
1795 297
1800 275
1805 260
1810 259
1815 262
1820 262
1825 261
1830 264
1835 264
1840 264
1845 266
1850 266
1855 267
1860 268
1865 269
1870 270
1875 270
1880 271
1885 274
1890 275
1895 410
1900 293
1905 276
1910 277
1915 277
1920 299
1925 372
1930 279
1935 281
1940 298
1945 378
1950 294
1955 292
1960 293
1965 294
1970 330
1975 294
1980 295
1985 297
1990 297
1995 298
2000 299
2005 299
2010 356
2015 302
2020 302
2025 303
2030 304
2035 306
2040 306
2045 306
2050 307
2055 308
2060 309
2065 309
2070 310
2075 312
2080 312
2085 399
2090 313
2095 314
2100 434
2105 316
2110 317
2115 318
2120 317
2125 318
2130 320
2135 319
2140 322
2145 322
2150 325
2155 324
2160 325
2165 326
2170 328
2175 359
2180 339
2185 339
2190 340
2195 341
2200 342
2205 342
2210 343
2215 359
2220 336
2225 373
2230 338
2235 398
2240 342
2245 340
2250 341
2255 462
2260 344
2265 345
2270 344
2275 346
2280 346
2285 348
2290 348
2295 350
2300 350
2305 352
2310 353
2315 352
2320 353
2325 354
2330 355
2335 356
2340 357
2345 356
2350 359
2355 358
2360 402
2365 362
2370 362
2375 401
2380 366
2385 366
2390 365
2395 367
2400 367
2405 368
2410 369
2415 371
2420 370
2425 372
2430 373
2435 374
2440 374
2445 374
2450 375
2455 377
2460 378
2465 379
2470 378
2475 383
2480 382
2485 383
2490 392
2495 373
2500 375
2505 375
2510 451
2515 379
2520 378
2525 379
2530 515
2535 383
2540 382
2545 441
2550 383
2555 386
2560 386
2565 386
2570 386
2575 388
2580 388
2585 389
2590 393
2595 437
2600 402
2605 403
2610 403
2615 404
2620 406
2625 405
2630 408
2635 429
2640 430
2645 445
2650 527
2655 486
2660 484
2665 414
2670 415
2675 416
2680 416
2685 417
2690 416
2695 417
2700 439
2705 456
2710 421
2715 423
2720 422
2725 424
2730 424
2735 424
2740 427
2745 531
2750 488
2755 446
2760 430
2765 430
2770 538
2775 434
2780 432
2785 530
2790 545
2795 483
2800 437
2805 438
2810 438
2815 439
2820 442
2825 478
2830 459
2835 461
2840 462
2845 463
2850 489
2855 465
2860 495
2865 464
2870 462
2875 464
2880 462
2885 466
2890 466
2895 467
2900 493
2905 480
2910 474
2915 474
2920 488
2925 476
2930 474
2935 474
2940 475
2945 477
2950 478
2955 478
2960 482
2965 478
2970 480
2975 481
2980 514
2985 483
2990 483
2995 484
3000 484
3005 487
3010 486
3015 489
3020 528
3025 520
3030 493
3035 493
3040 492
3045 534
3050 496
3055 496
3060 497
3065 498
3070 500
3075 499
3080 502
3085 501
3090 500
3095 502
3100 503
3105 506
3110 508
3115 511
3120 507
3125 508
3130 514
3135 512
3140 512
3145 515
3150 515
3155 515
3160 513
3165 516
3170 536
3175 518
3180 564
3185 520
3190 521
3195 522
3200 572
3205 522
3210 524
3215 532
3220 526
3225 527
3230 530
3235 531
3240 531
3245 529
3250 528
3255 531
3260 534
3265 541
3270 537
3275 535
3280 545
3285 556
3290 561
3295 542
3300 544
3305 546
3310 544
3315 547
3320 543
3325 549
3330 547
3335 546
3340 547
3345 549
3350 554
3355 552
3360 554
3365 551
3370 603
3375 551
3380 558
3385 552
3390 554
3395 604
3400 556
3405 559
3410 558
3415 557
3420 558
3425 562
3430 560
3435 561
3440 562
3445 609
3450 565
3455 569
3460 569
3465 569
3470 569
3475 570
3480 570
3485 571
3490 571
3495 575
3500 575
3505 574
3510 576
3515 577
3520 577
3525 579
3530 580
3535 587
3540 582
3545 584
3550 606
3555 586
3560 584
3565 593
3570 684
3575 588
3580 590
3585 661
3590 644
3595 593
3600 595
3605 592
3610 594
3615 595
3620 600
3625 596
3630 598
3635 600
3640 601
3645 602
3650 602
3655 680
3660 662
3665 604
3670 604
3675 605
3680 606
3685 608
3690 610
3695 609
3700 611
3705 623
3710 598
3715 966
3720 599
3725 599
3730 601
3735 602
3740 600
3745 601
3750 603
3755 602
3760 604
3765 604
3770 605
3775 607
3780 609
3785 693
3790 683
3795 610
3800 641
3805 612
3810 614
3815 615
3820 692
3825 617
3830 618
3835 618
3840 620
3845 620
3850 619
3855 622
3860 621
3865 686
3870 609
3875 795
3880 610
3885 721
3890 686
3895 613
3900 614
3905 615
3910 615
3915 618
3920 688
3925 636
3930 636
3935 637
3940 657
3945 658
3950 648
3955 642
3960 641
3965 642
3970 643
3975 683
3980 645
3985 645
3990 647
3995 648
4000 648
4005 653
4010 674
4015 669
4020 721
4025 636
4030 745
4035 639
4040 640
4045 640
4050 641
4055 678
4060 642
4065 706
4070 660
4075 702
4080 663
4085 663
4090 665
4095 667
4100 665
4105 668
4110 666
4115 668
4120 669
4125 672
4130 670
4135 672
4140 673
4145 677
4150 660
4155 660
4160 661
4165 660
4170 660
4175 703
4180 663
4185 807
4190 666
4195 664
4200 670
4205 668
4210 669
4215 671
4220 669
4225 670
4230 671
4235 672
4240 674
4245 672
4250 755
4255 761
4260 676
4265 679
4270 679
4275 738
4280 697
4285 696
4290 715
4295 751
4300 683
4305 757
4310 686
4315 687
4320 770
4325 760
4330 821
4335 692
4340 693
4345 694
4350 693
4355 719
4360 712
4365 753
4370 713
4375 716
4380 715
4385 716
4390 756
4395 722
4400 830
4405 798
4410 801
4415 776
4420 761
4425 830
4430 955
4435 908
4440 907
4445 728
4450 796
4455 729
4460 806
4465 736
4470 738
4475 762
4480 754
4485 755
4490 770
4495 786
4500 757
4505 760
4510 770
4515 765
4520 764
4525 765
4530 765
4535 766
4540 768
4545 766
4550 775
4555 771
4560 770
4565 774
4570 772
4575 802
4580 776
4585 776
4590 786
4595 782
4600 812
4605 875
4610 758
4615 762
4620 762
4625 763
4630 764
4635 763
4640 764
4645 763
4650 808
4655 768
4660 769
4665 862
4670 787
4675 773
4680 772
4685 781
4690 775
4695 777
4700 779
4705 778
4710 814
4715 821
4720 818
4725 824
4730 783
4735 783
4740 783
4745 786
4750 787
4755 787
4760 788
4765 788
4770 787
4775 848
4780 812
4785 772
4790 772
4795 774
4800 775
4805 777
4810 849
4815 773
4820 778
4825 778
4830 777
4835 779
4840 780
4845 876
4850 908
4855 782
4860 781
4865 784
4870 784
4875 786
4880 790
4885 862
4890 817
4895 812
4900 812
4905 887
4910 868
4915 814
4920 820
4925 818
4930 820
4935 820
4940 823
4945 855
4950 821
4955 823
4960 818
4965 1029
4970 805
4975 893
4980 807
4985 808
4990 807
4995 808
5000 809
5005 812
5010 812
5015 882
5020 837
5025 832
5030 876
5035 817
5040 816
5045 818
5050 818
5055 819
5060 819
5065 818
5070 895
5075 824
5080 822
5085 823
5090 932
5095 825
5100 995
5105 870
5110 904
5115 829
5120 831
5125 832
5130 865
5135 856
5140 858
5145 858
5150 898
5155 861
5160 860
5165 882
5170 881
5175 900
5180 863
5185 881
5190 842
5195 846
5200 846
5205 844
5210 886
5215 980
5220 850
5225 851
5230 852
5235 852
5240 854
5245 854
5250 854
5255 855
5260 1085
5265 1151
5270 944
5275 892
5280 931
5285 935
5290 927
5295 884
5300 886
5305 886
5310 887
5315 887
5320 965
5325 888
5330 992
5335 892
5340 894
5345 894
5350 1004
5355 896
5360 933
5365 896
5370 898
5375 920
5380 901
5385 903
5390 948
5395 913
5400 880
5405 881
5410 881
5415 882
5420 884
5425 883
5430 886
5435 1047
5440 972
5445 912
5450 913
5455 944
5460 890
5465 892
5470 894
5475 894
5480 891
5485 893
5490 977
5495 896
5500 897
5505 899
5510 900
5515 1083
5520 900
5525 977
5530 904
5535 993
5540 941
5545 988
5550 961
5555 935
5560 935
5565 934
5570 935
5575 934
5580 936
5585 935
5590 1012
5595 939
5600 1030
5605 940
5610 940
5615 942
5620 942
5625 943
5630 947
5635 948
5640 950
5645 947
5650 947
5655 966
5660 1091
5665 928
5670 929
5675 930
5680 930
5685 931
5690 1042
5695 1027
5700 957
5705 994
5710 978
5715 998
5720 960
5725 962
5730 962
5735 1015
5740 965
5745 966
5750 969
5755 965
5760 1122
5765 1022
5770 946
5775 948
5780 948
5785 998
5790 950
5795 1022
5800 1043
5805 976
5810 1014
5815 977
5820 977
5825 980
5830 983
5835 985
5840 986
5845 986
5850 995
5855 1061
5860 1140
5865 963
5870 1084
5875 962
5880 1155
5885 967
5890 969
5895 984
5900 1070
5905 997
5910 1040
5915 997
5920 1036
5925 999
5930 998
5935 1063
5940 1021
5945 1004
5950 1010
5955 1007
5960 1050
5965 1007
5970 1130
5975 1010
5980 1010
5985 1010
5990 1021
5995 986
6000 986
6005 987
6010 1123
6015 1143
6020 1087
6025 994
6030 992
6035 994
6040 1027
6045 1074
6050 1054
6055 1022
6060 1071
6065 1026
6070 1111
6075 1027
6080 1035
6085 1029
6090 1002
6095 1003
6100 1005
6105 1007
6110 1087
6115 1199
6120 1009
6125 1012
6130 1013
6135 1012
6140 1013
6145 1012
6150 1012
6155 1095
6160 1060
6165 1116
6170 1059
6175 1067
6180 1067
6185 1049
6190 1041
6195 1023
6200 1024
6205 1102
6210 1143
6215 1028
6220 1032
6225 1122
6230 1055
6235 1091
6240 1030
6245 1031
6250 1069
6255 1105
6260 1133
6265 1236
6270 1066
6275 1065
6280 1067
6285 1066
6290 1069
6295 1070
6300 1069
6305 1113
6310 1084
6315 1044
6320 1045
6325 1046
6330 1048
6335 1048
6340 1048
6345 1048
6350 1095
6355 1054
6360 1181
6365 1053
6370 1055
6375 1053
6380 1057
6385 1056
6390 1134
6395 1099
6400 1168
6405 1063
6410 1060
6415 1060
6420 1062
6425 1066
6430 1067
6435 1104
6440 1068
6445 1182
6450 1152
6455 1151
6460 1070
6465 1242
6470 1344
6475 1074
6480 1155
6485 1168
6490 1179
6495 1106
6500 1106
6505 1106
6510 1108
6515 1110
6520 1110
6525 1110
6530 1116
6535 1160
6540 1115
6545 1192
6550 1115
6555 1115
6560 1115
6565 1116
6570 1119
6575 1111
6580 1091
6585 1196
6590 1095
6595 1169
6600 1096
6605 1161
6610 1144
6615 1097
6620 1103
6625 1100
6630 1163
6635 1326
6640 1102
6645 1103
6650 1108
6655 1107
6660 1156
6665 1162
6670 1107
6675 1187
6680 1112
6685 1114
6690 1111
6695 1189
6700 1217
6705 1144
6710 1147
6715 1148
6720 1183
6725 1270
6730 1152
6735 1151
6740 1161
6745 1123
6750 1121
6755 1160
6760 1201
6765 1130
6770 1127
6775 1126
6780 1128
6785 1131
6790 1130
6795 1130
6800 1134
6805 1178
6810 1167
6815 1299
6820 1180
6825 1134
6830 1264
6835 1213
6840 1138
6845 1140
6850 1294
6855 1218
6860 1141
6865 1164
6870 1175
6875 1177
6880 1175
6885 1178
6890 1218
6895 1427
6900 1524
6905 1264
6910 1239
6915 1674
6920 1422
6925 1217
6930 1233
6935 1216
6940 1215
6945 1188
6950 1341
6955 1211
6960 1190
6965 1277
6970 1348
6975 1251
6980 1221
6985 1198
6990 1201
6995 1200
7000 1198
7005 1267
7010 1205
7015 1241
7020 1295
7025 1224
7030 1260
7035 1204
7040 1205
7045 1206
7050 1209
7055 1259
7060 1267
7065 1266
7070 1335
7075 1212
7080 1212
7085 1216
7090 1254
7095 1333
7100 1219
7105 1245
7110 1221
7115 1293
7120 1223
7125 1221
7130 1287
7135 1292
7140 1196
7145 1305
7150 1198
7155 1197
7160 1198
7165 1197
7170 1198
7175 1198
7180 1287
7185 1201
7190 1201
7195 1203
7200 1317
7205 1274
7210 1208
7215 1206
7220 1286
7225 1301
7230 1256
7235 1243
7240 1212
7245 1214
7250 1217
7255 1234
7260 1365
7265 1216
7270 1215
7275 1216
7280 1216
7285 1219
7290 1324
7295 1222
7300 1329
7305 1338
7310 1392
7315 1225
7320 1228
7325 1246
7330 1261
7335 1262
7340 1259
7345 1336
7350 1311
7355 1269
7360 1266
7365 1263
7370 1232
7375 1236
7380 1386
7385 1313
7390 1363
7395 1243
7400 1242
7405 1286
7410 1278
7415 1276
7420 1276
7425 1357
7430 1276
7435 1277
7440 1282
7445 1249
7450 1250
7455 1326
7460 1319
7465 1508
7470 1389
7475 1350
7480 1289
7485 1288
7490 1335
7495 1291
7500 1404
7505 1297
7510 1328
7515 1294
7520 1294
7525 1296
7530 1338
7535 1297
7540 1374
7545 1421
7550 1300
7555 1304
7560 1303
7565 1304
7570 1306
7575 1342
7580 1346
7585 1311
7590 1275
7595 1273
7600 1273
7605 1275
7610 1279
7615 1278
7620 1359
7625 1461
7630 1284
7635 1285
7640 1386
7645 1285
7650 1439
7655 1288
7660 1422
7665 1323
7670 1321
7675 1410
7680 1328
7685 1322
7690 1328
7695 1408
7700 1387
7705 1296
7710 1297
7715 1301
7720 1299
7725 1297
7730 1439
7735 1380
7740 1337
7745 1337
7750 1465
7755 1340
7760 1344
7765 1348
7770 1468
7775 1518
7780 1310
7785 1386
7790 1311
7795 1314
7800 1331
7805 1349
7810 1445
7815 1351
7820 1352
7825 1391
7830 1356
7835 1360
7840 1362
7845 1434
7850 1437
7855 1597
7860 1758
7865 1731
7870 1422
7875 1410
7880 1774
7885 1644
7890 1660
7895 1693
7900 1426
7905 1426
7910 1472
7915 1825
7920 1425
7925 1438
7930 1435
7935 1473
7940 1387
7945 1426
7950 1536
7955 1378
7960 1421
7965 1550
7970 1414
7975 1383
7980 1427
7985 1502
7990 1385
7995 1456
8000 1480
8005 1493
8010 1746
8015 1836
8020 1501
8025 1669
8030 1429
8035 1433
8040 1429
8045 1428
8050 1467
8055 1480
8060 1463
8065 1432
8070 1433
8075 1434
8080 1435
8085 1442
8090 1450
8095 1398
8100 1400
8105 1443
8110 1408
8115 1405
8120 1446
8125 1537
8130 1451
8135 1456
8140 1374
8145 1374
8150 1415
8155 1533
8160 1487
8165 1416
8170 1414
8175 1414
8180 1416
8185 1418
8190 1492
8195 1457
8200 1402
8205 1443
8210 1383
8215 1384
8220 1386
8225 1389
8230 1504
8235 1390
8240 1390
8245 1445
8250 1392
8255 1398
8260 1435
8265 1471
8270 1548
8275 1540
8280 1481
8285 1446
8290 1444
8295 1535
8300 1523
8305 1445
8310 1444
8315 1760
8320 1495
8325 1490
8330 1487
8335 1516
8340 1511
8345 1514
8350 1499
8355 1511
8360 1493
8365 1496
8370 1527
8375 1497
8380 1495
8385 1495
8390 1566
8395 1455
8400 1570
8405 1555
8410 1512
8415 1537
8420 1838
8425 1549
8430 1524
8435 1578
8440 1669
8445 1544
8450 1511
8455 1585
8460 1513
8465 1523
8470 1569
8475 1509
8480 1513
8485 1550
8490 1543
8495 1515
8500 1529
8505 1521
8510 1521
8515 1505
8520 1479
8525 1519
8530 1518
8535 1607
8540 1545
8545 1487
8550 1489
8555 1525
8560 1526
8565 1528
8570 1563
8575 1490
8580 1528
8585 1529
8590 1532
8595 1496
8600 1538
8605 1628
8610 1497
8615 1498
8620 1501
8625 1500
8630 1544
8635 1540
8640 1539
8645 1549
8650 1505
8655 1786
8660 1820
8665 2229
8670 1599
8675 1650
8680 1511
8685 1614
8690 1512
8695 1633
8700 1558
8705 1559
8710 1561
8715 1589
8720 1557
8725 1562
8730 1706
8735 1584
8740 1528
8745 1523
8750 1603
8755 1527
8760 1655
8765 1719
8770 1722
8775 1532
8780 1570
8785 1606
8790 1537
8795 1665
8800 1595
8805 1537
8810 1543
8815 1618
8820 1537
8825 1615
8830 1542
8835 1541
8840 1664
8845 1851
8850 1595
8855 1589
8860 1624
8865 1602
8870 1596
8875 1609
8880 1603
8885 1595
8890 1593
8895 1591
8900 1601
8905 1605
8910 1576
8915 1601
8920 1597
8925 1660
8930 1556
8935 1561
8940 1544
8945 1600
8950 1523
8955 1567
8960 1526
8965 1526
8970 1600
8975 1523
8980 1527
8985 1695
8990 1812
8995 1530
9000 1531
9005 1661
9010 1534
9015 1541
9020 1603
9025 1580
9030 1539
9035 1537
9040 1612
9045 1538
9050 1601
9055 1611
9060 1544
9065 1624
9070 1549
9075 1587
9080 1549
9085 1928
9090 1620
9095 1590
9100 1629
9105 1593
9110 1597
9115 1709
9120 1727
9125 1556
9130 1556
9135 1561
9140 1733
9145 1585
9150 1564
9155 1561
9160 1643
9165 1637
9170 1564
9175 1603
9180 1644
9185 1730
9190 1567
9195 1570
9200 1571
9205 1569
9210 1659
9215 1657
9220 1573
9225 1573
9230 1643
9235 1579
9240 1650
9245 1657
9250 1708
9255 1579
9260 1580
9265 1655
9270 1586
9275 1680
9280 1588
9285 1590
9290 1832
9295 1588
9300 1623
9305 1764
9310 1680
9315 1666
9320 1636
9325 1638
9330 1674
9335 1720
9340 1641
9345 1640
9350 1723
9355 1754
9360 1684
9365 1696
9370 1810
9375 1648
9380 1646
9385 1682
9390 1649
9395 1647
9400 1688
9405 1651
9410 1692
9415 1647
9420 1614
9425 1614
9430 1734
9435 1792
9440 1618
9445 1617
9450 1615
9455 1619
9460 1731
9465 1625
9470 1662
9475 1623
9480 1626
9485 1624
9490 1703
9495 1764
9500 1629
9505 1626
9510 1626
9515 1666
9520 1724
9525 1650
9530 1632
9535 1708
9540 1671
9545 1634
9550 1635
9555 1681
9560 1840
9565 1640
9570 1641
9575 1828
9580 1643
9585 1917
9590 1695
9595 1766
9600 1722
9605 1691
9610 1693
9615 1875
9620 1683
9625 1675
9630 1656
9635 1655
9640 1655
9645 1731
9650 1755
9655 1658
9660 1660
9665 1657
9670 1808
9675 1767
9680 1753
9685 1662
9690 1662
9695 1665
9700 1707
9705 1745
9710 1671
9715 1669
9720 1671
9725 1676
9730 1673
9735 1747
9740 1776
9745 1748
9750 1675
9755 1678
9760 1715
9765 1829
9770 1678
9775 1684
9780 1759
9785 1683
9790 1682
9795 1841
9800 1782
9805 1685
9810 2075
9815 1744
9820 1737
9825 1852
9830 1737
9835 1739
9840 1778
9845 1738
9850 1832
9855 1880
9860 1780
9865 1743
9870 1739
9875 1742
9880 1941
9885 1746
9890 1820
9895 1735
9900 1704
9905 1702
9910 1862
9915 1829
9920 1710
9925 1706
9930 1709
9935 1788
9940 1796
9945 1786
9950 1786
9955 1715
9960 1753
9965 1718
9970 1840
9975 1755
9980 1755
9985 1721
9990 1722
9995 1724
10000 1963
