5 0
10 0
15 0
20 1
25 1
30 1
35 2
40 2
45 3
50 3
55 4
60 4
65 4
70 5
75 5
80 6
85 6
90 7
95 7
100 8
105 9
110 9
115 10
120 10
125 11
130 11
135 12
140 12
145 13
150 13
155 14
160 14
165 15
170 15
175 16
180 17
185 17
190 18
195 18
200 19
205 20
210 20
215 21
220 21
225 22
230 22
235 23
240 24
245 24
250 25
255 26
260 26
265 27
270 28
275 28
280 29
285 30
290 30
295 31
300 31
305 32
310 33
315 33
320 34
325 35
330 38
335 36
340 53
345 37
350 37
355 38
360 39
365 39
370 40
375 41
380 42
385 42
390 43
395 44
400 44
405 45
410 46
415 46
420 47
425 48
430 48
435 49
440 49
445 50
450 92
455 86
460 52
465 53
470 54
475 54
480 55
485 55
490 76
495 101
500 64
505 95
510 62
515 61
520 62
525 62
530 63
535 63
540 64
545 64
550 66
555 66
560 66
565 67
570 68
575 69
580 68
585 70
590 70
595 72
600 72
605 73
610 73
615 74
620 75
625 75
630 76
635 76
640 77
645 78
650 79
655 80
660 81
665 82
670 83
675 82
680 84
685 84
690 85
695 85
700 87
705 88
710 88
715 88
720 89
725 90
730 90
735 91
740 92
745 93
750 154
755 111
760 95
765 96
770 97
775 98
780 99
785 99
790 100
795 101
800 102
805 102
810 103
815 103
820 105
825 105
830 106
835 107
840 107
845 108
850 109
855 109
860 110
865 110
870 112
875 112
880 113
885 215
890 142
895 124
900 123
905 124
910 127
915 127
920 127
925 127
930 128
935 131
940 130
945 130
950 131
955 131
960 132
965 134
970 150
975 137
980 136
985 137
990 138
995 138
1000 139
1005 139
1010 140
1015 141
1020 142
1025 143
1030 144
1035 145
1040 146
1045 149
1050 146
1055 147
1060 149
1065 153
1070 150
1075 152
1080 168
1085 148
1090 149
1095 150
1100 165
1105 155
1110 157
1115 158
1120 158
1125 159
1130 158
1135 160
1140 162
1145 163
1150 163
1155 163
1160 165
1165 165
1170 166
1175 167
1180 168
1185 169
1190 170
1195 170
1200 171
1205 172
1210 173
1215 173
1220 174
1225 176
1230 176
1235 176
1240 178
1245 178
1250 179
1255 180
1260 184
1265 182
1270 184
1275 208
1280 188
1285 185
1290 231
1295 188
1300 190
1305 188
1310 189
1315 192
1320 191
1325 193
1330 193
1335 194
1340 194
1345 195
1350 196
1355 198
1360 197
1365 208
1370 195
1375 196
1380 195
1385 198
1390 255
1395 198
1400 200
1405 201
1410 201
1415 202
1420 203
1425 204
1430 205
1435 205
1440 206
1445 208
1450 208
1455 209
1460 210
1465 210
1470 212
1475 277
1480 289
1485 214
1490 213
1495 215
1500 215
1505 219
1510 217
1515 254
1520 218
1525 219
1530 220
1535 221
1540 223
1545 224
1550 224
1555 284
1560 282
1565 290
1570 270
1575 304
1580 239
1585 240
1590 238
1595 238
1600 238
1605 240
1610 240
1615 243
1620 245
1625 246
1630 248
1635 251
1640 250
1645 279
1650 249
1655 249
1660 250
1665 250
1670 250
1675 255
1680 253
1685 253
1690 257
1695 256
1700 257
1705 256
1710 261
1715 261
1720 264
1725 300
1730 267
1735 276
1740 274
1745 265
1750 267
1755 273
1760 266
1765 270
1770 268
1775 268
1780 270
1785 272
1790 275
1795 276
1800 272
1805 274
1810 275
1815 274
1820 276
1825 278
1830 277
1835 278
1840 280
1845 282
1850 282
1855 282
1860 284
1865 290
1870 285
1875 292
1880 303
1885 293
1890 393
1895 290
1900 294
1905 298
1910 293
1915 294
1920 296
1925 297
1930 297
1935 297
1940 297
1945 299
1950 300
1955 301
1960 301
1965 304
1970 312
1975 302
1980 302
1985 303
1990 304
1995 305
2000 305
2005 308
2010 309
2015 308
2020 311
2025 312
2030 311
2035 312
2040 314
2045 316
2050 315
2055 361
2060 358
2065 319
2070 321
2075 320
2080 322
2085 324
2090 322
2095 324
2100 323
2105 325
2110 325
2115 328
2120 327
2125 328
2130 330
2135 331
2140 330
2145 332
2150 333
2155 334
2160 334
2165 335
2170 336
2175 337
2180 339
2185 341
2190 340
2195 341
2200 341
2205 343
2210 343
2215 344
2220 373
2225 344
2230 348
2235 348
2240 348
2245 348
2250 351
2255 350
2260 350
2265 353
2270 353
2275 356
2280 356
2285 357
2290 357
2295 358
2300 358
2305 360
2310 361
2315 361
2320 364
2325 362
2330 366
2335 365
2340 380
2345 536
2350 378
2355 409
2360 360
2365 360
2370 363
2375 362
2380 445
2385 363
2390 365
2395 366
2400 368
2405 407
2410 369
2415 370
2420 371
2425 372
2430 371
2435 373
2440 374
2445 375
2450 376
2455 378
2460 381
2465 380
2470 381
2475 380
2480 420
2485 384
2490 384
2495 415
2500 400
2505 386
2510 387
2515 388
2520 388
2525 389
2530 388
2535 390
2540 391
2545 391
2550 397
2555 412
2560 396
2565 397
2570 398
2575 398
2580 399
2585 438
2590 423
2595 400
2600 404
2605 443
2610 425
2615 429
2620 407
2625 406
2630 408
2635 408
2640 410
2645 409
2650 411
2655 412
2660 414
2665 414
2670 416
2675 415
2680 418
2685 419
2690 418
2695 420
2700 431
2705 411
2710 412
2715 414
2720 413
2725 413
2730 495
2735 415
2740 416
2745 417
2750 418
2755 417
2760 418
2765 420
2770 420
2775 421
2780 423
2785 423
2790 423
2795 425
2800 426
2805 427
2810 428
2815 429
2820 430
2825 430
2830 431
2835 431
2840 432
2845 454
2850 490
2855 494
2860 512
2865 437
2870 513
2875 440
2880 440
2885 506
2890 453
2895 454
2900 454
2905 455
2910 467
2915 443
2920 469
2925 460
2930 462
2935 462
2940 462
2945 462
2950 463
2955 506
2960 482
2965 464
2970 467
2975 469
2980 469
2985 471
2990 471
2995 473
3000 471
3005 472
3010 472
3015 474
3020 487
3025 464
3030 564
3035 465
3040 469
3045 469
3050 469
3055 470
3060 471
3065 574
3070 623
3075 474
3080 473
3085 475
3090 475
3095 477
3100 477
3105 480
3110 528
3115 551
3120 492
3125 495
3130 541
3135 496
3140 497
3145 498
3150 498
3155 500
3160 502
3165 569
3170 500
3175 501
3180 503
3185 504
3190 506
3195 506
3200 507
3205 508
3210 520
3215 496
3220 499
3225 499
3230 498
3235 498
3240 500
3245 500
3250 502
3255 503
3260 504
3265 579
3270 627
3275 508
3280 508
3285 508
3290 510
3295 512
3300 510
3305 512
3310 511
3315 513
3320 514
3325 514
3330 517
3335 516
3340 516
3345 519
3350 519
3355 521
3360 521
3365 594
3370 538
3375 537
3380 540
3385 547
3390 527
3395 530
3400 526
3405 528
3410 530
3415 532
3420 531
3425 531
3430 532
3435 533
3440 535
3445 555
3450 573
3455 599
3460 619
3465 658
3470 539
3475 538
3480 541
3485 542
3490 544
3495 545
3500 545
3505 546
3510 547
3515 599
3520 752
3525 713
3530 592
3535 647
3540 600
3545 615
3550 583
3555 575
3560 674
3565 619
3570 588
3575 590
3580 589
3585 589
3590 589
3595 592
3600 592
3605 595
3610 597
3615 596
3620 596
3625 599
3630 608
3635 610
3640 607
3645 711
3650 584
3655 587
3660 587
3665 589
3670 590
3675 591
3680 592
3685 593
3690 595
3695 595
3700 594
3705 597
3710 598
3715 632
3720 599
3725 599
3730 636
3735 598
3740 602
3745 643
3750 603
3755 604
3760 639
3765 606
3770 605
3775 607
3780 609
3785 610
3790 652
3795 637
3800 662
3805 640
3810 616
3815 651
3820 616
3825 617
3830 617
3835 617
3840 619
3845 621
3850 622
3855 621
3860 622
3865 626
3870 625
3875 638
3880 688
3885 691
3890 612
3895 613
3900 615
3905 615
3910 619
3915 617
3920 619
3925 620
3930 699
3935 621
3940 622
3945 623
3950 626
3955 624
3960 740
3965 711
3970 627
3975 627
3980 629
3985 744
3990 631
3995 631
4000 632
4005 633
4010 634
4015 636
4020 635
4025 637
4030 638
4035 748
4040 718
4045 637
4050 639
4055 640
4060 721
4065 660
4070 702
4075 671
4080 645
4085 648
4090 650
4095 650
4100 650
4105 649
4110 651
4115 714
4120 694
4125 703
4130 690
4135 729
4140 656
4145 655
4150 656
4155 661
4160 661
4165 660
4170 662
4175 663
4180 664
4185 664
4190 768
4195 761
4200 667
4205 806
4210 886
4215 825
4220 799
4225 727
4230 714
4235 691
4240 694
4245 694
4250 694
4255 694
4260 845
4265 725
4270 698
4275 696
4280 700
4285 700
4290 731
4295 704
4300 746
4305 705
4310 807
4315 835
4320 749
4325 766
4330 737
4335 810
4340 710
4345 711
4350 714
4355 714
4360 747
4365 714
4370 716
4375 773
4380 736
4385 720
4390 720
4395 791
4400 841
4405 721
4410 724
4415 724
4420 724
4425 730
4430 825
4435 727
4440 729
4445 730
4450 750
4455 770
4460 774
4465 792
4470 735
4475 755
4480 736
4485 787
4490 755
4495 760
4500 761
4505 760
4510 762
4515 764
4520 764
4525 765
4530 767
4535 774
4540 766
4545 768
4550 768
4555 775
4560 753
4565 754
4570 752
4575 754
4580 754
4585 755
4590 757
4595 758
4600 842
4605 756
4610 761
4615 760
4620 758
4625 743
4630 824
4635 764
4640 766
4645 770
4650 751
4655 748
4660 747
4665 830
4670 910
4675 754
4680 756
4685 761
4690 756
4695 758
4700 757
4705 757
4710 759
4715 760
4720 759
4725 761
4730 808
4735 927
4740 762
4745 766
4750 766
4755 883
4760 814
4765 842
4770 899
4775 770
4780 771
4785 772
4790 775
4795 887
4800 924
4805 796
4810 797
4815 798
4820 800
4825 799
4830 798
4835 836
4840 801
4845 802
4850 802
4855 880
4860 826
4865 805
4870 810
4875 808
4880 809
4885 811
4890 812
4895 812
4900 861
4905 814
4910 816
4915 913
4920 858
4925 890
4930 798
4935 799
4940 802
4945 799
4950 798
4955 803
4960 845
4965 806
4970 805
4975 805
4980 806
4985 862
4990 808
4995 808
5000 885
5005 811
5010 814
5015 813
5020 810
5025 815
5030 819
5035 818
5040 816
5045 893
5050 963
5055 870
5060 882
5065 869
5070 867
5075 868
5080 869
5085 872
5090 899
5095 874
5100 872
5105 888
5110 872
5115 878
5120 875
5125 878
5130 880
5135 896
5140 880
5145 884
5150 859
5155 861
5160 866
5165 999
5170 1016
5175 932
5180 1002
5185 1061
5190 1121
5195 1125
5200 870
5205 870
5210 871
5215 998
5220 871
5225 872
5230 874
5235 874
5240 876
5245 877
5250 876
5255 880
5260 880
5265 879
5270 927
5275 935
5280 883
5285 883
5290 885
5295 886
5300 897
5305 862
5310 865
5315 865
5320 965
5325 869
5330 958
5335 870
5340 871
5345 871
5350 871
5355 874
5360 874
5365 876
5370 874
5375 1027
5380 964
5385 942
5390 987
5395 903
5400 914
5405 883
5410 917
5415 908
5420 908
5425 909
5430 910
5435 910
5440 1033
5445 912
5450 913
5455 915
5460 965
5465 916
5470 918
5475 921
5480 920
5485 958
5490 921
5495 964
5500 1009
5505 925
5510 934
5515 900
5520 978
5525 1013
5530 904
5535 903
5540 905
5545 908
5550 1011
5555 911
5560 912
5565 912
5570 911
5575 912
5580 915
5585 914
5590 915
5595 917
5600 1001
5605 1004
5610 1083
5615 951
5620 943
5625 982
5630 946
5635 945
5640 948
5645 950
5650 952
5655 991
5660 993
5665 998
5670 928
5675 929
5680 932
5685 934
5690 936
5695 955
5700 953
5705 938
5710 1150
5715 1188
5720 964
5725 964
5730 1046
5735 966
5740 969
5745 970
5750 968
5755 967
5760 971
5765 1042
5770 948
5775 950
5780 949
5785 1066
5790 951
5795 951
5800 951
5805 956
5810 958
5815 977
5820 1137
5825 955
5830 956
5835 958
5840 960
5845 1040
5850 1020
5855 965
5860 987
5865 989
5870 1034
5875 991
5880 991
5885 993
5890 994
5895 996
5900 997
5905 999
5910 993
5915 974
5920 1055
5925 1102
5930 977
5935 978
5940 979
5945 1015
5950 981
5955 1079
5960 1006
5965 1009
5970 1052
5975 1010
5980 1012
5985 1014
5990 1014
5995 1013
6000 1015
6005 1010
6010 991
6015 990
6020 1066
6025 1158
6030 994
6035 997
6040 995
6045 998
6050 1087
6055 1073
6060 1074
6065 999
6070 1117
6075 1002
6080 1005
6085 1004
6090 1007
6095 1009
6100 1008
6105 1009
6110 1232
6115 1058
6120 1092
6125 1143
6130 1013
6135 1013
6140 1091
6145 1055
6150 1042
6155 1045
6160 1044
6165 1047
6170 1109
6175 1048
6180 1048
6185 1048
6190 1043
6195 1023
6200 1103
6205 1026
6210 1027
6215 1030
6220 1231
6225 1034
6230 1033
6235 1033
6240 1110
6245 1035
6250 1035
6255 1035
6260 1038
6265 1218
6270 1037
6275 1038
6280 1043
6285 1131
6290 1042
6295 1040
6300 1044
6305 1047
6310 1120
6315 1313
6320 1046
6325 1084
6330 1076
6335 1078
6340 1075
6345 1077
6350 1126
6355 1081
6360 1119
6365 1081
6370 1071
6375 1109
6380 1060
6385 1059
6390 1060
6395 1267
6400 1378
6405 1302
6410 1171
6415 1132
6420 1122
6425 1122
6430 1124
6435 1124
6440 1126
6445 1126
6450 1139
6455 1100
6460 1100
6465 1101
6470 1101
6475 1101
6480 1104
6485 1104
6490 1215
6495 1165
6500 1191
6505 1078
6510 1080
6515 1082
6520 1124
6525 1159
6530 1083
6535 1086
6540 1107
6545 1131
6550 1165
6555 1090
6560 1162
6565 1090
6570 1094
6575 1092
6580 1094
6585 1156
6590 1254
6595 1095
6600 1098
6605 1099
6610 1096
6615 1101
6620 1100
6625 1101
6630 1139
6635 1252
6640 1177
6645 1106
6650 1107
6655 1107
6660 1106
6665 1109
6670 1111
6675 1110
6680 1202
6685 1234
6690 1113
6695 1113
6700 1116
6705 1117
6710 1117
6715 1118
6720 1117
6725 1195
6730 1122
6735 1187
6740 1122
6745 1122
6750 1121
6755 1123
6760 1125
6765 1227
6770 1380
6775 1538
6780 1402
6785 1377
6790 1158
6795 1160
6800 1161
6805 1159
6810 1291
6815 1166
6820 1166
6825 1268
6830 1165
6835 1325
6840 1171
6845 1273
6850 1338
6855 1170
6860 1173
6865 1332
6870 1175
6875 1174
6880 1211
6885 1179
6890 1321
6895 1178
6900 1181
6905 1236
6910 1181
6915 1186
6920 1186
6925 1186
6930 1277
6935 1389
6940 1188
6945 1191
6950 1192
6955 1191
6960 1193
6965 1196
6970 1238
6975 1234
6980 1197
6985 1200
6990 1315
6995 1169
7000 1168
7005 1206
7010 1170
7015 1171
7020 1359
7025 1247
7030 1176
7035 1176
7040 1178
7045 1179
7050 1175
7055 1176
7060 1232
7065 1177
7070 1179
7075 1180
7080 1182
7085 1185
7090 1184
7095 1328
7100 1292
7105 1364
7110 1305
7115 1416
7120 1284
7125 1190
7130 1191
7135 1193
7140 1195
7145 1324
7150 1225
7155 1227
7160 1228
7165 1276
7170 1232
7175 1232
7180 1242
7185 1274
7190 1336
7195 1201
7200 1203
7205 1202
7210 1251
7215 1205
7220 1274
7225 1267
7230 1283
7235 1244
7240 1244
7245 1245
7250 1247
7255 1244
7260 1242
7265 1254
7270 1470
7275 1219
7280 1294
7285 1220
7290 1219
7295 1220
7300 1220
7305 1221
7310 1375
7315 1300
7320 1227
7325 1227
7330 1229
7335 1228
7340 1229
7345 1233
7350 1314
7355 1360
7360 1308
7365 1322
7370 1235
7375 1272
7380 1268
7385 1269
7390 1357
7395 1273
7400 1393
7405 1690
7410 1640
7415 1450
7420 1273
7425 1405
7430 1379
7435 1277
7440 1279
7445 1322
7450 1316
7455 1319
7460 1320
7465 1325
7470 1323
7475 1321
7480 1326
7485 1288
7490 1288
7495 1290
7500 1292
7505 1471
7510 1292
7515 1308
7520 1260
7525 1399
7530 1279
7535 1342
7540 1263
7545 1289
7550 1265
7555 1379
7560 1301
7565 1320
7570 1302
7575 1304
7580 1347
7585 1375
7590 1344
7595 1347
7600 1276
7605 1410
7610 1278
7615 1279
7620 1383
7625 1280
7630 1339
7635 1283
7640 1285
7645 1284
7650 1286
7655 1287
7660 1515
7665 1288
7670 1291
7675 1291
7680 1292
7685 1293
7690 1413
7695 1294
7700 1374
7705 1381
7710 1294
7715 1296
7720 1300
7725 1300
7730 1299
7735 1499
7740 1497
7745 1300
7750 1302
7755 1305
7760 1345
7765 1307
7770 1307
7775 1368
7780 1308
7785 1311
7790 1385
7795 1313
7800 1312
7805 1313
7810 1313
7815 1534
7820 1316
7825 1377
7830 1390
7835 1319
7840 1551
7845 1367
7850 1454
7855 1358
7860 1395
7865 1359
7870 1360
7875 1360
7880 1362
7885 1363
7890 1486
7895 1363
7900 1451
7905 1366
7910 1366
7915 1370
7920 1370
7925 1502
7930 1370
7935 1423
7940 1374
7945 1422
7950 1340
7955 1379
7960 1418
7965 1507
7970 1343
7975 1343
7980 1346
7985 1347
7990 1345
7995 1346
8000 1429
8005 1347
8010 1349
8015 1349
8020 1352
8025 1351
8030 1566
8035 1463
8040 1490
8045 1355
8050 1378
8055 1394
8060 1397
8065 1397
8070 1399
8075 1436
8080 1399
8085 1438
8090 1362
8095 1489
8100 1368
8105 1371
8110 1519
8115 1365
8120 1477
8125 1406
8130 1410
8135 1406
8140 1410
8145 1494
8150 1411
8155 1399
8160 1489
8165 1378
8170 1379
8175 1380
8180 1556
8185 1544
8190 1384
8195 1382
8200 1463
8205 1456
8210 1386
8215 1389
8220 1500
8225 1386
8230 1389
8235 1450
8240 1392
8245 1392
8250 1394
8255 1645
8260 1394
8265 1397
8270 1397
8275 1402
8280 1458
8285 1817
8290 1612
8295 1520
8300 1661
8305 1825
8310 1479
8315 1445
8320 1496
8325 1545
8330 1485
8335 1487
8340 1485
8345 1489
8350 1484
8355 1505
8360 1452
8365 1453
8370 1455
8375 1864
8380 1517
8385 1606
8390 1604
8395 1457
8400 1463
8405 1461
8410 1463
8415 1461
8420 1504
8425 1543
8430 1505
8435 1465
8440 1464
8445 1463
8450 1463
8455 1514
8460 1633
8465 1546
8470 1467
8475 1473
8480 1473
8485 1475
8490 1522
8495 1472
8500 1475
8505 1476
8510 1613
8515 1440
8520 1441
8525 1624
8530 1616
8535 1443
8540 1461
8545 1484
8550 1486
8555 1493
8560 1641
8565 1616
8570 2190
8575 1748
8580 1488
8585 1491
8590 1580
8595 1543
8600 1565
8605 1533
8610 1584
8615 1603
8620 1500
8625 1535
8630 1502
8635 1499
8640 1504
8645 1537
8650 1537
8655 1596
8660 1593
8665 1599
8670 1509
8675 1547
8680 1511
8685 1548
8690 1619
8695 1511
8700 1479
8705 1480
8710 1557
8715 1479
8720 1482
8725 1725
8730 1482
8735 1556
8740 1486
8745 1487
8750 1639
8755 1506
8760 1510
8765 1487
8770 1490
8775 1490
8780 1555
8785 1492
8790 1569
8795 1620
8800 1495
8805 1498
8810 1499
8815 1497
8820 1642
8825 1604
8830 1615
8835 1635
8840 1543
8845 1587
8850 1636
8855 1636
8860 1636
8865 1605
8870 1589
8875 1549
8880 1561
8885 1509
8890 1596
8895 1514
8900 1512
8905 1512
8910 1517
8915 1595
8920 1517
8925 1732
8930 1558
8935 1520
8940 1521
8945 1646
8950 1633
8955 1626
8960 1563
8965 1568
8970 1568
8975 1559
8980 1602
8985 1818
8990 1721
8995 1611
9000 1618
9005 1615
9010 1618
9015 1619
9020 1621
9025 1622
9030 1621
9035 1603
9040 1581
9045 1585
9050 1636
9055 1611
9060 1651
9065 2101
9070 2010
9075 1585
9080 1720
9085 1589
9090 1630
9095 1591
9100 1591
9105 1632
9110 1629
9115 1686
9120 1676
9125 1749
9130 1595
9135 1602
9140 1681
9145 1600
9150 1600
9155 1604
9160 1605
9165 1727
9170 1609
9175 1854
9180 1606
9185 1607
9190 1607
9195 1609
9200 1693
9205 1653
9210 1589
9215 1574
9220 1573
9225 1609
9230 1576
9235 1782
9240 1737
9245 1576
9250 1578
9255 1580
9260 1578
9265 1583
9270 1694
9275 1584
9280 1587
9285 1587
9290 1661
9295 1588
9300 1747
9305 1628
9310 1585
9315 1589
9320 1591
9325 1628
9330 1631
9335 1597
9340 1668
9345 1637
9350 1598
9355 1761
9360 1600
9365 1878
9370 1678
9375 1605
9380 1603
9385 1710
9390 1650
9395 1688
9400 1652
9405 1652
9410 1653
9415 1748
9420 1610
9425 1899
9430 1612
9435 1612
9440 1655
9445 1619
9450 1617
9455 1738
9460 1618
9465 1623
9470 1658
9475 1622
9480 1622
9485 1699
9490 1708
9495 1625
9500 1647
9505 1662
9510 1629
9515 1629
9520 1713
9525 1633
9530 1635
9535 1632
9540 1707
9545 1636
9550 1841
9555 1634
9560 1637
9565 1638
9570 1708
9575 1784
9580 1722
9585 1642
9590 1643
9595 1679
9600 1647
9605 1647
9610 1823
9615 1722
9620 1649
9625 1650
9630 1649
9635 1690
9640 1696
9645 1732
9650 1654
9655 1657
9660 1693
9665 1830
9670 1700
9675 1760
9680 1659
9685 1736
9690 1660
9695 1665
9700 1747
9705 1662
9710 1817
9715 1754
9720 1669
9725 1673
9730 1788
9735 1813
9740 1671
9745 1754
9750 1670
9755 1674
9760 1822
9765 1678
9770 1679
9775 1681
9780 1700
9785 1816
9790 2278
9795 2183
9800 2023
9805 1750
9810 1717
9815 1813
9820 1732
9825 1731
9830 1734
9835 1735
9840 1735
9845 1838
9850 1895
9855 1737
9860 1772
9865 1743
9870 1825
9875 1823
9880 1743
9885 1744
9890 1749
9895 1791
9900 1701
9905 1901
9910 1705
9915 1782
9920 1819
9925 1754
9930 1753
9935 1841
9940 1755
9945 1849
9950 1711
9955 1859
9960 1974
9965 1952
9970 1793
9975 1848
9980 1847
9985 1814
9990 1823
9995 1877
10000 1811
