5 0
10 0
15 0
20 1
25 1
30 2
35 2
40 2
45 3
50 3
55 4
60 4
65 5
70 5
75 5
80 6
85 7
90 7
95 7
100 8
105 8
110 9
115 10
120 10
125 11
130 11
135 12
140 12
145 13
150 13
155 14
160 15
165 15
170 15
175 16
180 17
185 17
190 18
195 18
200 19
205 20
210 20
215 21
220 22
225 22
230 22
235 23
240 24
245 24
250 25
255 26
260 26
265 27
270 28
275 28
280 29
285 29
290 30
295 31
300 32
305 32
310 33
315 33
320 34
325 35
330 35
335 36
340 36
345 37
350 37
355 38
360 39
365 40
370 41
375 40
380 41
385 43
390 43
395 44
400 44
405 45
410 45
415 46
420 47
425 47
430 48
435 49
440 50
445 50
450 51
455 51
460 52
465 53
470 53
475 55
480 55
485 55
490 57
495 57
500 58
505 59
510 59
515 60
520 61
525 61
530 121
535 80
540 63
545 64
550 64
555 66
560 66
565 67
570 68
575 69
580 69
585 88
590 71
595 71
600 72
605 72
610 73
615 74
620 74
625 75
630 76
635 76
640 77
645 77
650 78
655 80
660 80
665 81
670 81
675 82
680 83
685 83
690 85
695 87
700 86
705 87
710 88
715 90
720 90
725 90
730 91
735 92
740 93
745 94
750 94
755 136
760 156
765 133
770 97
775 99
780 98
785 99
790 100
795 100
800 101
805 123
810 157
815 104
820 104
825 106
830 107
835 107
840 108
845 108
850 109
855 110
860 162
865 126
870 120
875 133
880 117
885 118
890 119
895 119
900 120
905 120
910 121
915 122
920 123
925 122
930 124
935 124
940 126
945 127
950 128
955 128
960 168
965 131
970 130
975 132
980 133
985 133
990 134
995 136
1000 136
1005 135
1010 137
1015 137
1020 139
1025 139
1030 140
1035 140
1040 142
1045 142
1050 144
1055 144
1060 145
1065 146
1070 147
1075 148
1080 149
1085 149
1090 149
1095 150
1100 151
1105 151
1110 155
1115 154
1120 155
1125 155
1130 156
1135 157
1140 181
1145 179
1150 160
1155 160
1160 181
1165 182
1170 162
1175 162
1180 164
1185 201
1190 187
1195 189
1200 168
1205 168
1210 169
1215 170
1220 170
1225 191
1230 191
1235 174
1240 174
1245 175
1250 176
1255 177
1260 178
1265 178
1270 179
1275 181
1280 182
1285 183
1290 183
1295 183
1300 185
1305 184
1310 187
1315 186
1320 187
1325 188
1330 190
1335 189
1340 191
1345 245
1350 295
1355 194
1360 193
1365 230
1370 195
1375 215
1380 196
1385 198
1390 197
1395 278
1400 218
1405 201
1410 202
1415 204
1420 276
1425 206
1430 204
1435 205
1440 207
1445 208
1450 230
1455 273
1460 210
1465 211
1470 210
1475 213
1480 213
1485 214
1490 215
1495 216
1500 216
1505 218
1510 218
1515 219
1520 221
1525 222
1530 224
1535 295
1540 223
1545 224
1550 224
1555 225
1560 227
1565 227
1570 228
1575 229
1580 230
1585 231
1590 232
1595 233
1600 234
1605 235
1610 308
1615 247
1620 245
1625 296
1630 248
1635 348
1640 254
1645 274
1650 273
1655 313
1660 285
1665 273
1670 268
1675 276
1680 284
1685 285
1690 275
1695 259
1700 258
1705 260
1710 261
1715 262
1720 266
1725 267
1730 265
1735 271
1740 275
1745 266
1750 268
1755 267
1760 268
1765 274
1770 267
1775 269
1780 320
1785 270
1790 273
1795 273
1800 274
1805 273
1810 274
1815 276
1820 280
1825 278
1830 279
1835 291
1840 279
1845 279
1850 282
1855 282
1860 283
1865 283
1870 284
1875 299
1880 288
1885 289
1890 290
1895 292
1900 291
1905 293
1910 292
1915 294
1920 295
1925 295
1930 293
1935 296
1940 298
1945 302
1950 304
1955 302
1960 304
1965 303
1970 349
1975 304
1980 306
1985 307
1990 307
1995 306
2000 310
2005 310
2010 317
2015 332
2020 319
2025 316
2030 320
2035 314
2040 316
2045 320
2050 318
2055 320
2060 323
2065 503
2070 573
2075 565
2080 597
2085 616
2090 366
2095 324
2100 325
2105 412
2110 348
2115 348
2120 349
2125 349
2130 355
2135 388
2140 363
2145 354
2150 353
2155 356
2160 356
2165 402
2170 410
2175 379
2180 340
2185 343
2190 342
2195 344
2200 343
2205 343
2210 345
2215 347
2220 353
2225 347
2230 350
2235 350
2240 351
2245 352
2250 350
2255 351
2260 355
2265 352
2270 355
2275 356
2280 359
2285 357
2290 360
2295 387
2300 362
2305 361
2310 361
2315 362
2320 363
2325 394
2330 365
2335 367
2340 366
2345 369
2350 369
2355 371
2360 371
2365 373
2370 373
2375 375
2380 377
2385 376
2390 378
2395 379
2400 379
2405 380
2410 382
2415 382
2420 382
2425 385
2430 393
2435 375
2440 375
2445 376
2450 375
2455 376
2460 379
2465 379
2470 381
2475 381
2480 383
2485 384
2490 382
2495 423
2500 386
2505 387
2510 386
2515 429
2520 390
2525 389
2530 390
2535 391
2540 393
2545 396
2550 395
2555 395
2560 396
2565 397
2570 398
2575 401
2580 440
2585 401
2590 402
2595 403
2600 406
2605 405
2610 462
2615 427
2620 407
2625 453
2630 410
2635 410
2640 448
2645 411
2650 412
2655 415
2660 416
2665 415
2670 416
2675 416
2680 453
2685 423
2690 418
2695 420
2700 454
2705 421
2710 423
2715 423
2720 429
2725 426
2730 428
2735 465
2740 429
2745 463
2750 429
2755 429
2760 449
2765 430
2770 435
2775 435
2780 424
2785 425
2790 423
2795 425
2800 426
2805 467
2810 459
2815 428
2820 431
2825 432
2830 473
2835 433
2840 435
2845 433
2850 435
2855 438
2860 579
2865 438
2870 481
2875 440
2880 481
2885 476
2890 442
2895 445
2900 444
2905 444
2910 445
2915 449
2920 447
2925 448
2930 515
2935 463
2940 463
2945 464
2950 464
2955 468
2960 478
2965 457
2970 456
2975 457
2980 479
2985 516
2990 460
2995 460
3000 460
3005 463
3010 463
3015 579
3020 466
3025 468
3030 503
3035 467
3040 469
3045 470
3050 471
3055 472
3060 473
3065 475
3070 475
3075 568
3080 615
3085 552
3090 569
3095 527
3100 493
3105 535
3110 491
3115 494
3120 494
3125 495
3130 533
3135 498
3140 498
3145 499
3150 501
3155 503
3160 503
3165 505
3170 507
3175 505
3180 507
3185 542
3190 507
3195 508
3200 509
3205 507
3210 513
3215 513
3220 514
3225 515
3230 517
3235 516
3240 513
3245 517
3250 518
3255 520
3260 519
3265 521
3270 521
3275 616
3280 521
3285 580
3290 567
3295 566
3300 514
3305 629
3310 515
3315 517
3320 517
3325 515
3330 518
3335 519
3340 521
3345 518
3350 597
3355 595
3360 546
3365 539
3370 539
3375 541
3380 580
3385 543
3390 543
3395 545
3400 546
3405 543
3410 545
3415 546
3420 548
3425 552
3430 548
3435 550
3440 550
3445 566
3450 543
3455 542
3460 706
3465 541
3470 623
3475 544
3480 546
3485 547
3490 546
3495 546
3500 629
3505 684
3510 654
3515 549
3520 551
3525 553
3530 579
3535 571
3540 574
3545 625
3550 622
3555 633
3560 571
3565 572
3570 588
3575 575
3580 574
3585 651
3590 577
3595 611
3600 579
3605 581
3610 582
3615 584
3620 585
3625 587
3630 666
3635 607
3640 624
3645 587
3650 590
3655 595
3660 591
3665 590
3670 592
3675 593
3680 597
3685 597
3690 599
3695 635
3700 600
3705 602
3710 640
3715 601
3720 601
3725 676
3730 602
3735 604
3740 604
3745 607
3750 608
3755 609
3760 608
3765 658
3770 594
3775 593
3780 597
3785 667
3790 633
3795 633
3800 635
3805 637
3810 659
3815 620
3820 622
3825 625
3830 678
3835 786
3840 627
3845 623
3850 624
3855 626
3860 628
3865 632
3870 630
3875 631
3880 673
3885 632
3890 705
3895 636
3900 635
3905 636
3910 637
3915 648
3920 621
3925 621
3930 708
3935 695
3940 621
3945 625
3950 627
3955 647
3960 712
3965 713
3970 631
3975 631
3980 632
3985 633
3990 655
3995 652
4000 653
4005 689
4010 653
4015 651
4020 656
4025 657
4030 695
4035 691
4040 676
4045 687
4050 661
4055 661
4060 709
4065 645
4070 647
4075 649
4080 650
4085 728
4090 647
4095 651
4100 651
4105 655
4110 724
4115 692
4120 806
4125 657
4130 728
4135 671
4140 676
4145 676
4150 676
4155 677
4160 676
4165 679
4170 681
4175 684
4180 685
4185 685
4190 684
4195 791
4200 704
4205 669
4210 667
4215 671
4220 672
4225 673
4230 676
4235 753
4240 677
4245 750
4250 679
4255 678
4260 810
4265 768
4270 736
4275 704
4280 702
4285 777
4290 742
4295 704
4300 703
4305 704
4310 764
4315 708
4320 704
4325 709
4330 710
4335 787
4340 692
4345 696
4350 696
4355 697
4360 698
4365 699
4370 699
4375 700
4380 741
4385 759
4390 740
4395 702
4400 842
4405 722
4410 767
4415 726
4420 723
4425 727
4430 725
4435 729
4440 731
4445 730
4450 731
4455 773
4460 734
4465 769
4470 899
4475 756
4480 717
4485 718
4490 721
4495 724
4500 719
4505 720
4510 725
4515 790
4520 745
4525 744
4530 783
4535 837
4540 773
4545 808
4550 733
4555 850
4560 731
4565 734
4570 733
4575 735
4580 733
4585 733
4590 736
4595 765
4600 765
4605 756
4610 828
4615 817
4620 760
4625 860
4630 767
4635 804
4640 859
4645 916
4650 789
4655 1047
4660 1194
4665 1049
4670 1027
4675 814
4680 773
4685 785
4690 866
4695 780
4700 778
4705 810
4710 802
4715 802
4720 804
4725 804
4730 807
4735 806
4740 807
4745 805
4750 839
4755 809
4760 807
4765 809
4770 791
4775 885
4780 838
4785 873
4790 836
4795 797
4800 797
4805 799
4810 798
4815 798
4820 803
4825 840
4830 798
4835 799
4840 805
4845 805
4850 803
4855 843
4860 810
4865 809
4870 808
4875 813
4880 844
4885 790
4890 792
4895 833
4900 795
4905 875
4910 934
4915 881
4920 817
4925 820
4930 800
4935 799
4940 802
4945 801
4950 803
4955 840
4960 803
4965 801
4970 919
4975 805
4980 850
4985 808
4990 805
4995 807
5000 812
5005 811
5010 890
5015 809
5020 815
5025 815
5030 812
5035 920
5040 936
5045 819
5050 821
5055 936
5060 825
5065 823
5070 826
5075 846
5080 876
5085 890
5090 859
5095 867
5100 912
5105 832
5110 833
5115 830
5120 834
5125 835
5130 834
5135 833
5140 906
5145 838
5150 838
5155 1078
5160 1004
5165 864
5170 864
5175 981
5180 867
5185 918
5190 902
5195 869
5200 869
5205 873
5210 987
5215 955
5220 875
5225 875
5230 874
5235 876
5240 877
5245 878
5250 881
5255 882
5260 881
5265 948
5270 912
5275 941
5280 862
5285 945
5290 903
5295 885
5300 929
5305 868
5310 864
5315 942
5320 868
5325 967
5330 931
5335 894
5340 896
5345 892
5350 894
5355 899
5360 900
5365 899
5370 897
5375 902
5380 1070
5385 985
5390 882
5395 883
5400 882
5405 883
5410 909
5415 921
5420 886
5425 888
5430 885
5435 890
5440 910
5445 945
5450 1022
5455 949
5460 941
5465 894
5470 894
5475 895
5480 897
5485 899
5490 1028
5495 918
5500 944
5505 902
5510 904
5515 941
5520 907
5525 943
5530 1021
5535 935
5540 946
5545 929
5550 977
5555 934
5560 938
5565 939
5570 932
5575 939
5580 936
5585 978
5590 915
5595 990
5600 1093
5605 999
5610 1197
5615 1176
5620 1162
5625 942
5630 969
5635 944
5640 985
5645 952
5650 951
5655 1113
5660 948
5665 949
5670 1022
5675 957
5680 992
5685 986
5690 985
5695 984
5700 1016
5705 986
5710 987
5715 989
5720 1024
5725 1006
5730 968
5735 967
5740 965
5745 1074
5750 1019
5755 1010
5760 973
5765 974
5770 972
5775 1023
5780 977
5785 973
5790 973
5795 981
5800 1251
5805 1249
5810 1014
5815 1012
5820 1007
5825 1006
5830 1013
5835 1008
5840 1014
5845 1015
5850 1024
5855 1017
5860 1013
5865 1023
5870 1011
5875 993
5880 993
5885 993
5890 995
5895 999
5900 1060
5905 996
5910 1035
5915 1005
5920 971
5925 979
5930 976
5935 980
5940 978
5945 1032
5950 1057
5955 980
5960 1066
5965 1097
5970 1011
5975 1060
5980 983
5985 985
5990 1035
5995 1017
6000 1071
6005 1114
6010 1074
6015 1018
6020 1015
6025 1020
6030 1023
6035 1020
6040 1020
6045 1063
6050 1030
6055 1023
6060 1080
6065 1003
6070 1002
6075 1120
6080 1004
6085 1001
6090 1005
6095 1008
6100 1168
6105 1086
6110 1035
6115 1033
6120 1037
6125 1037
6130 1040
6135 1044
6140 1041
6145 1045
6150 1040
6155 1095
6160 1058
6165 1015
6170 1020
6175 1017
6180 1099
6185 1018
6190 1023
6195 1026
6200 1283
6205 1179
6210 1027
6215 1029
6220 1031
6225 1029
6230 1031
6235 1029
6240 1135
6245 1065
6250 1062
6255 1100
6260 1103
6265 1064
6270 1066
6275 1102
6280 1068
6285 1102
6290 1138
6295 1170
6300 1118
6305 1044
6310 1120
6315 1045
6320 1046
6325 1051
6330 1084
6335 1124
6340 1082
6345 1111
6350 1082
6355 1085
6360 1076
6365 1084
6370 1381
6375 1088
6380 1090
6385 1107
6390 1209
6395 1112
6400 1090
6405 1084
6410 1093
6415 1125
6420 1094
6425 1095
6430 1091
6435 1095
6440 1139
6445 1131
6450 1100
6455 1098
6460 1093
6465 1141
6470 1099
6475 1105
6480 1260
6485 1138
6490 1106
6495 1105
6500 1189
6505 1082
6510 1076
6515 1084
6520 1077
6525 1141
6530 1174
6535 1088
6540 1089
6545 1091
6550 1085
6555 1162
6560 1088
6565 1166
6570 1220
6575 1166
6580 1089
6585 1193
6590 1124
6595 1128
6600 1125
6605 1201
6610 1132
6615 1130
6620 1168
6625 1130
6630 1129
6635 1100
6640 1103
6645 1104
6650 1186
6655 1175
6660 1238
6665 1261
6670 1132
6675 1187
6680 1142
6685 1143
6690 1147
6695 1145
6700 1147
6705 1183
6710 1224
6715 1114
6720 1121
6725 1120
6730 1117
6735 1120
6740 1117
6745 1123
6750 1224
6755 1242
6760 1123
6765 1129
6770 1129
6775 1202
6780 1125
6785 1130
6790 1271
6795 1170
6800 1208
6805 1138
6810 1206
6815 1211
6820 1139
6825 1141
6830 1139
6835 1136
6840 1250
6845 1239
6850 1139
6855 1143
6860 1145
6865 1145
6870 1176
6875 1144
6880 1230
6885 1203
6890 1150
6895 1154
6900 1152
6905 1156
6910 1154
6915 1156
6920 1192
6925 1253
6930 1274
6935 1160
6940 1158
6945 1162
6950 1155
6955 1162
6960 1163
6965 1262
6970 1188
6975 1236
6980 1168
6985 1168
6990 1166
6995 1167
7000 1203
7005 1172
7010 1469
7015 1246
7020 1246
7025 1175
7030 1174
7035 1178
7040 1499
7045 1445
7050 1209
7055 1396
7060 1257
7065 1248
7070 1209
7075 1217
7080 1217
7085 1258
7090 1221
7095 1365
7100 1213
7105 1257
7110 1216
7115 1294
7120 1222
7125 1222
7130 1227
7135 1229
7140 1266
7145 1231
7150 1233
7155 1230
7160 1230
7165 1227
7170 1275
7175 1317
7180 1272
7185 1236
7190 1248
7195 1206
7200 1206
7205 1204
7210 1300
7215 1210
7220 1293
7225 1215
7230 1213
7235 1213
7240 1214
7245 1216
7250 1311
7255 1214
7260 1313
7265 1316
7270 1220
7275 1256
7280 1304
7285 1219
7290 1225
7295 1225
7300 1224
7305 1378
7310 1230
7315 1224
7320 1367
7325 1230
7330 1282
7335 1228
7340 1361
7345 1343
7350 1265
7355 1266
7360 1267
7365 1305
7370 1267
7375 1351
7380 1276
7385 1615
7390 1275
7395 1242
7400 1245
7405 1331
7410 1244
7415 1298
7420 1477
7425 1279
7430 1280
7435 1279
7440 1285
7445 1285
7450 1366
7455 1309
7460 1371
7465 1525
7470 1531
7475 1396
7480 1255
7485 1483
7490 1365
7495 1386
7500 1288
7505 1299
7510 1299
7515 1299
7520 1299
7525 1341
7530 1300
7535 1341
7540 1303
7545 1304
7550 1298
7555 1306
7560 1307
7565 1286
7570 1356
7575 1433
7580 1349
7585 1279
7590 1278
7595 1279
7600 1280
7605 1282
7610 1448
7615 1393
7620 1369
7625 1321
7630 1324
7635 1359
7640 1327
7645 1339
7650 1383
7655 1346
7660 1381
7665 1327
7670 1367
7675 1351
7680 1360
7685 1393
7690 1477
7695 1367
7700 1863
7705 1650
7710 1339
7715 1340
7720 1556
7725 1413
7730 1427
7735 1364
7740 1377
7745 1374
7750 1376
7755 1388
7760 1382
7765 1409
7770 1377
7775 1344
7780 1384
7785 1436
7790 1351
7795 1413
7800 1352
7805 1349
7810 1392
7815 1387
7820 1418
7825 1353
7830 1355
7835 1448
7840 1394
7845 1392
7850 1354
7855 1355
7860 1361
7865 1423
7870 1401
7875 1366
7880 1630
7885 1408
7890 1330
7895 1370
7900 1434
7905 1526
7910 1423
7915 1417
7920 1459
7925 1495
7930 1372
7935 1453
7940 1480
7945 1430
7950 1417
7955 1421
7960 1421
7965 1418
7970 1425
7975 1423
7980 1421
7985 1383
7990 1384
7995 1385
8000 1508
8005 1390
8010 1539
8015 1427
8020 1394
8025 1394
8030 1388
8035 1396
8040 1400
8045 1417
8050 1469
8055 1358
8060 1515
8065 1363
8070 1366
8075 1523
8080 1414
8085 1569
8090 1402
8095 1439
8100 1406
8105 1409
8110 1472
8115 1376
8120 1376
8125 1442
8130 1373
8135 1464
8140 1371
8145 1378
8150 1381
8155 1565
8160 1626
8165 1480
8170 1423
8175 1458
8180 1432
8185 1424
8190 1423
8195 1427
8200 1425
8205 1421
8210 1470
8215 1392
8220 1392
8225 1538
8230 1471
8235 1396
8240 1398
8245 1392
8250 1768
8255 1395
8260 1467
8265 1511
8270 1483
8275 1402
8280 1442
8285 1470
8290 1441
8295 1609
8300 1521
8305 1439
8310 1445
8315 1444
8320 1440
8325 1490
8330 1452
8335 1485
8340 1451
8345 1504
8350 1778
8355 1505
8360 1457
8365 1573
8370 1603
8375 1457
8380 1460
8385 1460
8390 1460
8395 1460
8400 1458
8405 1502
8410 1464
8415 1501
8420 1466
8425 1470
8430 1525
8435 1536
8440 1462
8445 1428
8450 1436
8455 1436
8460 1440
8465 1433
8470 1439
8475 1557
8480 1440
8485 1441
8490 1448
8495 1570
8500 1447
8505 1709
8510 1480
8515 1564
8520 1488
8525 1489
8530 1488
8535 1499
8540 1528
8545 1453
8550 1456
8555 1457
8560 1472
8565 1488
8570 1552
8575 1565
8580 1455
8585 1536
8590 1463
8595 1458
8600 1542
8605 1469
8610 1500
8615 1464
8620 1468
8625 1469
8630 1464
8635 1473
8640 1654
8645 1580
8650 1541
8655 1476
8660 1478
8665 1589
8670 1521
8675 1553
8680 1563
8685 1516
8690 1515
8695 1526
8700 1482
8705 1613
8710 1651
8715 1481
8720 1488
8725 1488
8730 1605
8735 1569
8740 1527
8745 1567
8750 1534
8755 1568
8760 1542
8765 1540
8770 1512
8775 1808
8780 1494
8785 1498
8790 1534
8795 1576
8800 1538
8805 1611
8810 1583
8815 1578
8820 1576
8825 1505
8830 1626
8835 1510
8840 1636
8845 1579
8850 1509
8855 1515
8860 1658
8865 1594
8870 1514
8875 1597
8880 1555
8885 1521
8890 1671
8895 1589
8900 1523
8905 1611
8910 1609
8915 1557
8920 1558
8925 1561
8930 1566
8935 1605
8940 1612
8945 1545
8950 1530
8955 1571
8960 1696
8965 1527
8970 1733
8975 1624
8980 1662
8985 1572
8990 1618
8995 1582
9000 1578
9005 1643
9010 1535
9015 1565
9020 1544
9025 1539
9030 1583
9035 1682
9040 1991
9045 1549
9050 1588
9055 1583
9060 1634
9065 1608
9070 1666
9075 1635
9080 1588
9085 1599
9090 1597
9095 1711
9100 1656
9105 1601
9110 1603
9115 1603
9120 1671
9125 1607
9130 1739
9135 1597
9140 1644
9145 1609
9150 1664
9155 1715
9160 1804
9165 1757
9170 1567
9175 1571
9180 1596
9185 1687
9190 1617
9195 1744
9200 1619
9205 1617
9210 1605
9215 1579
9220 1600
9225 1731
9230 1577
9235 1576
9240 1585
9245 1580
9250 1580
9255 1664
9260 1697
9265 1591
9270 1592
9275 1669
9280 1588
9285 1719
9290 1674
9295 1596
9300 1781
9305 2279
9310 2206
9315 1745
9320 1747
9325 1750
9330 1753
9335 1672
9340 1774
9345 1708
9350 1649
9355 1643
9360 1743
9365 1645
9370 1652
9375 1654
9380 1651
9385 1694
9390 1649
9395 1654
9400 1700
9405 2320
9410 1713
9415 1696
9420 1705
9425 1701
9430 1705
9435 1710
9440 1704
9445 1712
9450 1712
9455 1715
9460 1748
9465 1717
9470 1705
9475 1709
9480 1674
9485 1670
9490 1676
9495 1753
9500 1703
9505 1633
9510 1724
9515 1691
9520 1652
9525 1758
9530 1629
9535 1775
9540 1714
9545 1640
9550 1735
9555 1730
9560 1683
9565 1683
9570 1691
9575 1701
9580 1646
9585 1856
9590 1645
9595 1648
9600 1655
9605 1741
9610 1657
9615 1733
9620 1731
9625 1656
9630 1658
9635 1690
9640 1663
9645 1823
9650 1662
9655 1663
9660 1664
9665 1669
9670 1705
9675 1740
9680 1739
9685 1799
9690 1798
9695 1708
9700 1719
9705 1844
9710 1756
9715 1755
9720 1719
9725 1721
9730 1760
9735 1756
9740 1720
9745 1723
9750 1761
9755 1941
9760 1871
9765 1851
9770 1698
9775 1773
9780 1762
9785 1733
9790 1764
9795 1778
9800 1736
9805 1728
9810 1734
9815 1811
9820 1822
9825 1816
9830 1743
9835 1741
9840 1779
9845 1746
9850 1744
9855 1769
9860 1700
9865 1702
9870 1743
9875 1778
9880 1852
9885 1742
9890 1827
9895 1709
9900 1824
9905 1711
9910 1797
9915 1758
9920 1757
9925 1830
9930 1750
9935 1813
9940 1947
9945 1764
9950 1767
9955 1795
9960 1718
9965 1844
9970 1802
9975 1768
9980 1765
9985 1768
9990 1854
9995 1880
10000 1768
