5 0
10 0
15 0
20 1
25 1
30 2
35 2
40 2
45 3
50 3
55 4
60 4
65 4
70 5
75 6
80 6
85 7
90 7
95 7
100 8
105 9
110 9
115 10
120 10
125 10
130 11
135 12
140 12
145 12
150 13
155 14
160 15
165 15
170 16
175 16
180 17
185 17
190 18
195 18
200 19
205 20
210 20
215 21
220 22
225 22
230 23
235 24
240 24
245 25
250 25
255 26
260 27
265 27
270 28
275 29
280 30
285 30
290 31
295 31
300 32
305 33
310 33
315 34
320 35
325 35
330 35
335 36
340 37
345 38
350 38
355 39
360 40
365 40
370 41
375 42
380 43
385 43
390 44
395 45
400 45
405 46
410 47
415 48
420 74
425 51
430 67
435 50
440 51
445 52
450 52
455 53
460 54
465 54
470 55
475 56
480 57
485 57
490 58
495 58
500 59
505 60
510 60
515 61
520 62
525 63
530 64
535 64
540 65
545 66
550 66
555 67
560 68
565 69
570 69
575 69
580 71
585 91
590 109
595 73
600 74
605 74
610 76
615 76
620 77
625 78
630 79
635 79
640 82
645 80
650 81
655 82
660 83
665 83
670 84
675 85
680 85
685 87
690 87
695 88
700 88
705 89
710 90
715 90
720 92
725 93
730 93
735 94
740 95
745 96
750 96
755 96
760 98
765 98
770 137
775 100
780 101
785 102
790 102
795 122
800 150
805 188
810 106
815 106
820 107
825 108
830 109
835 110
840 110
845 111
850 112
855 113
860 113
865 114
870 114
875 180
880 138
885 119
890 173
895 159
900 135
905 120
910 141
915 137
920 158
925 158
930 696
935 196
940 161
945 131
950 143
955 129
960 159
965 130
970 131
975 131
980 132
985 133
990 152
995 148
1000 167
1005 135
1010 136
1015 136
1020 138
1025 152
1030 158
1035 154
1040 142
1045 142
1050 143
1055 143
1060 143
1065 144
1070 145
1075 146
1080 146
1085 147
1090 148
1095 149
1100 181
1105 168
1110 152
1115 201
1120 159
1125 157
1130 160
1135 160
1140 161
1145 161
1150 163
1155 163
1160 163
1165 165
1170 166
1175 166
1180 168
1185 168
1190 169
1195 170
1200 172
1205 172
1210 173
1215 173
1220 175
1225 175
1230 176
1235 178
1240 179
1245 208
1250 179
1255 181
1260 182
1265 182
1270 184
1275 185
1280 184
1285 186
1290 186
1295 187
1300 187
1305 189
1310 190
1315 191
1320 191
1325 191
1330 197
1335 194
1340 195
1345 195
1350 196
1355 196
1360 198
1365 199
1370 199
1375 256
1380 197
1385 197
1390 263
1395 260
1400 199
1405 200
1410 201
1415 202
1420 202
1425 204
1430 204
1435 206
1440 206
1445 206
1450 207
1455 209
1460 209
1465 209
1470 210
1475 211
1480 213
1485 213
1490 213
1495 215
1500 215
1505 217
1510 218
1515 218
1520 218
1525 220
1530 221
1535 261
1540 259
1545 223
1550 224
1555 226
1560 226
1565 227
1570 228
1575 229
1580 273
1585 230
1590 231
1595 231
1600 265
1605 287
1610 234
1615 235
1620 235
1625 236
1630 237
1635 238
1640 239
1645 239
1650 240
1655 291
1660 242
1665 243
1670 244
1675 245
1680 298
1685 281
1690 286
1695 248
1700 249
1705 250
1710 249
1715 299
1720 364
1725 286
1730 298
1735 271
1740 311
1745 271
1750 280
1755 308
1760 279
1765 266
1770 266
1775 303
1780 270
1785 272
1790 285
1795 271
1800 272
1805 274
1810 277
1815 275
1820 277
1825 277
1830 280
1835 279
1840 280
1845 281
1850 282
1855 283
1860 284
1865 284
1870 288
1875 286
1880 285
1885 286
1890 289
1895 289
1900 289
1905 292
1910 291
1915 293
1920 300
1925 286
1930 316
1935 287
1940 288
1945 289
1950 327
1955 290
1960 291
1965 292
1970 293
1975 335
1980 336
1985 344
1990 296
1995 298
2000 298
2005 299
2010 331
2015 300
2020 302
2025 304
2030 305
2035 353
2040 329
2045 306
2050 307
2055 308
2060 309
2065 310
2070 327
2075 319
2080 324
2085 322
2090 322
2095 323
2100 324
2105 325
2110 326
2115 327
2120 358
2125 330
2130 330
2135 331
2140 333
2145 332
2150 334
2155 334
2160 334
2165 336
2170 336
2175 337
2180 379
2185 338
2190 338
2195 340
2200 341
2205 343
2210 344
2215 424
2220 336
2225 338
2230 385
2235 339
2240 421
2245 341
2250 342
2255 379
2260 342
2265 344
2270 346
2275 347
2280 348
2285 349
2290 349
2295 349
2300 386
2305 350
2310 353
2315 354
2320 354
2325 355
2330 356
2335 356
2340 357
2345 357
2350 359
2355 360
2360 361
2365 360
2370 361
2375 363
2380 363
2385 364
2390 364
2395 367
2400 404
2405 470
2410 371
2415 373
2420 373
2425 373
2430 374
2435 374
2440 374
2445 374
2450 378
2455 378
2460 378
2465 379
2470 381
2475 382
2480 383
2485 383
2490 383
2495 384
2500 424
2505 451
2510 387
2515 389
2520 389
2525 389
2530 412
2535 391
2540 393
2545 394
2550 394
2555 396
2560 396
2565 397
2570 398
2575 400
2580 400
2585 400
2590 413
2595 449
2600 394
2605 394
2610 393
2615 396
2620 547
2625 399
2630 399
2635 400
2640 399
2645 400
2650 450
2655 436
2660 588
2665 404
2670 405
2675 405
2680 407
2685 406
2690 409
2695 409
2700 410
2705 431
2710 421
2715 424
2720 425
2725 426
2730 429
2735 426
2740 427
2745 429
2750 431
2755 430
2760 433
2765 493
2770 522
2775 434
2780 433
2785 435
2790 436
2795 438
2800 438
2805 440
2810 441
2815 445
2820 431
2825 433
2830 434
2835 433
2840 472
2845 433
2850 436
2855 437
2860 508
2865 449
2870 450
2875 453
2880 495
2885 516
2890 595
2895 444
2900 503
2905 519
2910 482
2915 465
2920 459
2925 462
2930 461
2935 462
2940 463
2945 465
2950 464
2955 464
2960 467
2965 467
2970 467
2975 544
2980 468
2985 469
2990 516
2995 471
3000 473
3005 473
3010 476
3015 490
3020 466
3025 467
3030 467
3035 466
3040 468
3045 468
3050 471
3055 471
3060 470
3065 472
3070 472
3075 474
3080 475
3085 475
3090 551
3095 534
3100 513
3105 575
3110 479
3115 566
3120 481
3125 482
3130 484
3135 483
3140 484
3145 488
3150 631
3155 501
3160 503
3165 500
3170 503
3175 506
3180 506
3185 504
3190 507
3195 586
3200 508
3205 512
3210 512
3215 514
3220 514
3225 514
3230 514
3235 514
3240 515
3245 517
3250 516
3255 565
3260 517
3265 521
3270 520
3275 521
3280 522
3285 632
3290 634
3295 612
3300 626
3305 527
3310 528
3315 529
3320 530
3325 612
3330 548
3335 532
3340 533
3345 534
3350 532
3355 638
3360 575
3365 539
3370 538
3375 539
3380 544
3385 576
3390 634
3395 748
3400 642
3405 587
3410 564
3415 564
3420 570
3425 575
3430 601
3435 576
3440 573
3445 583
3450 577
3455 571
3460 571
3465 574
3470 572
3475 608
3480 579
3485 608
3490 595
3495 657
3500 616
3505 600
3510 597
3515 599
3520 602
3525 595
3530 595
3535 585
3540 594
3545 591
3550 612
3555 587
3560 592
3565 588
3570 590
3575 589
3580 616
3585 623
3590 595
3595 596
3600 596
3605 602
3610 601
3615 612
3620 601
3625 602
3630 607
3635 607
3640 641
3645 602
3650 605
3655 611
3660 612
3665 607
3670 608
3675 628
3680 620
3685 612
3690 617
3695 621
3700 622
3705 616
3710 613
3715 629
3720 617
3725 621
3730 721
3735 718
3740 628
3745 621
3750 622
3755 621
3760 622
3765 641
3770 629
3775 625
3780 626
3785 626
3790 629
3795 630
3800 660
3805 634
3810 633
3815 662
3820 634
3825 636
3830 638
3835 637
3840 638
3845 645
3850 677
3855 625
3860 624
3865 625
3870 625
3875 665
3880 630
3885 629
3890 632
3895 633
3900 630
3905 632
3910 634
3915 634
3920 637
3925 638
3930 710
3935 635
3940 640
3945 639
3950 676
3955 684
3960 774
3965 642
3970 643
3975 644
3980 647
3985 736
3990 648
3995 649
4000 651
4005 652
4010 653
4015 700
4020 654
4025 655
4030 719
4035 655
4040 656
4045 658
4050 657
4055 658
4060 775
4065 661
4070 661
4075 662
4080 663
4085 664
4090 664
4095 666
4100 669
4105 669
4110 777
4115 725
4120 671
4125 673
4130 674
4135 679
4140 659
4145 660
4150 659
4155 661
4160 660
4165 662
4170 747
4175 680
4180 699
4185 701
4190 683
4195 683
4200 689
4205 669
4210 671
4215 671
4220 671
4225 673
4230 672
4235 675
4240 712
4245 746
4250 695
4255 733
4260 742
4265 696
4270 698
4275 715
4280 682
4285 682
4290 684
4295 684
4300 685
4305 685
4310 686
4315 724
4320 689
4325 689
4330 774
4335 691
4340 693
4345 691
4350 693
4355 696
4360 696
4365 814
4370 697
4375 699
4380 697
4385 698
4390 954
4395 701
4400 786
4405 828
4410 784
4415 748
4420 768
4425 730
4430 869
4435 768
4440 729
4445 788
4450 861
4455 822
4460 789
4465 925
4470 856
4475 953
4480 954
4485 781
4490 759
4495 933
4500 952
4505 962
4510 961
4515 954
4520 850
4525 991
4530 769
4535 773
4540 776
4545 777
4550 820
4555 776
4560 921
4565 925
4570 976
4575 970
4580 961
4585 785
4590 821
4595 779
4600 789
4605 810
4610 785
4615 789
4620 833
4625 769
4630 767
4635 787
4640 870
4645 849
4650 771
4655 775
4660 776
4665 780
4670 809
4675 862
4680 798
4685 815
4690 804
4695 805
4700 809
4705 843
4710 782
4715 783
4720 786
4725 834
4730 785
4735 786
4740 787
4745 791
4750 797
4755 792
4760 840
4765 811
4770 850
4775 794
4780 796
4785 794
4790 800
4795 795
4800 824
4805 829
4810 831
4815 803
4820 849
4825 808
4830 854
4835 806
4840 925
4845 827
4850 860
4855 857
4860 829
4865 895
4870 811
4875 935
4880 928
4885 955
4890 932
4895 1101
4900 1047
4905 838
4910 934
4915 862
4920 841
4925 843
4930 845
4935 846
4940 844
4945 868
4950 851
4955 848
4960 848
4965 848
4970 882
4975 860
4980 831
4985 835
4990 835
4995 853
5000 851
5005 897
5010 892
5015 838
5020 843
5025 859
5030 873
5035 887
5040 867
5045 890
5050 886
5055 843
5060 867
5065 870
5070 845
5075 846
5080 847
5085 845
5090 848
5095 853
5100 856
5105 882
5110 858
5115 899
5120 909
5125 956
5130 904
5135 861
5140 865
5145 912
5150 872
5155 1035
5160 914
5165 900
5170 1119
5175 943
5180 1004
5185 1017
5190 929
5195 891
5200 894
5205 895
5210 905
5215 929
5220 941
5225 917
5230 900
5235 926
5240 899
5245 901
5250 899
5255 903
5260 903
5265 904
5270 1005
5275 974
5280 910
5285 958
5290 913
5295 913
5300 907
5305 911
5310 912
5315 915
5320 915
5325 916
5330 915
5335 917
5340 924
5345 970
5350 896
5355 895
5360 937
5365 898
5370 940
5375 902
5380 901
5385 901
5390 902
5395 902
5400 986
5405 905
5410 905
5415 907
5420 907
5425 949
5430 910
5435 909
5440 911
5445 914
5450 921
5455 1082
5460 909
5465 930
5470 892
5475 896
5480 1049
5485 896
5490 896
5495 898
5500 990
5505 923
5510 987
5515 927
5520 928
5525 1001
5530 929
5535 930
5540 932
5545 930
5550 931
5555 945
5560 983
5565 1168
5570 912
5575 911
5580 914
5585 913
5590 915
5595 1067
5600 935
5605 1248
5610 1274
5615 1326
5620 946
5625 948
5630 949
5635 949
5640 987
5645 950
5650 951
5655 952
5660 1001
5665 1087
5670 993
5675 956
5680 1049
5685 956
5690 958
5695 957
5700 961
5705 963
5710 1037
5715 1040
5720 962
5725 962
5730 1043
5735 1042
5740 1025
5745 1030
5750 1057
5755 1073
5760 1043
5765 1024
5770 1012
5775 1000
5780 1000
5785 1004
5790 1003
5795 1003
5800 1003
5805 1009
5810 1009
5815 1043
5820 1049
5825 1009
5830 1013
5835 1013
5840 1013
5845 1015
5850 1016
5855 1019
5860 1018
5865 1025
5870 1018
5875 1017
5880 1033
5885 1019
5890 1025
5895 1023
5900 1051
5905 1023
5910 1024
5915 1049
5920 1027
5925 1028
5930 1031
5935 1032
5940 1032
5945 1034
5950 1034
5955 1033
5960 1120
5965 1178
5970 1093
5975 1040
5980 1041
5985 1079
5990 1055
5995 1042
6000 1043
6005 1047
6010 1159
6015 1123
6020 1081
6025 1100
6030 1054
6035 1050
6040 1052
6045 1052
6050 1069
6055 1071
6060 1065
6065 1053
6070 1083
6075 1057
6080 1059
6085 1064
6090 1061
6095 1064
6100 1066
6105 1062
6110 1055
6115 1038
6120 1036
6125 1076
6130 1203
6135 1040
6140 1040
6145 1083
6150 1043
6155 1185
6160 1045
6165 1047
6170 1126
6175 1084
6180 1047
6185 1098
6190 1099
6195 1126
6200 1167
6205 1101
6210 1053
6215 1053
6220 1109
6225 1058
6230 1056
6235 1057
6240 1062
6245 1064
6250 1247
6255 1101
6260 1062
6265 1065
6270 1065
6275 1197
6280 1131
6285 1199
6290 1161
6295 1646
6300 1437
6305 1158
6310 1148
6315 1073
6320 1073
6325 1111
6330 1115
6335 1110
6340 1188
6345 1107
6350 1110
6355 1111
6360 1111
6365 1109
6370 1114
6375 1112
6380 1118
6385 1144
6390 1115
6395 1114
6400 1116
6405 1117
6410 1124
6415 1276
6420 1091
6425 1174
6430 1201
6435 1182
6440 1322
6445 1095
6450 1158
6455 1127
6460 1130
6465 1130
6470 1177
6475 1132
6480 1133
6485 1134
6490 1135
6495 1120
6500 1105
6505 1108
6510 1108
6515 1196
6520 1218
6525 1114
6530 1112
6535 1190
6540 1115
6545 1115
6550 1120
6555 1257
6560 1277
6565 1158
6570 1378
6575 1308
6580 1181
6585 1164
6590 1159
6595 1160
6600 1165
6605 1194
6610 1157
6615 1165
6620 1169
6625 1161
6630 1160
6635 1164
6640 1183
6645 1202
6650 1164
6655 1165
6660 1167
6665 1169
6670 1170
6675 1172
6680 1173
6685 1194
6690 1241
6695 1185
6700 1144
6705 1145
6710 1148
6715 1148
6720 1149
6725 1149
6730 1153
6735 1190
6740 1152
6745 1153
6750 1263
6755 1153
6760 1380
6765 1157
6770 1160
6775 1158
6780 1257
6785 1160
6790 1161
6795 1162
6800 1165
6805 1168
6810 1164
6815 1168
6820 1248
6825 1292
6830 1256
6835 1279
6840 1355
6845 1945
6850 1272
6855 1222
6860 1235
6865 1222
6870 1208
6875 1210
6880 1212
6885 1223
6890 1215
6895 1216
6900 1240
6905 1214
6910 1216
6915 1218
6920 1221
6925 1221
6930 1219
6935 1211
6940 1378
6945 1304
6950 1391
6955 1193
6960 1190
6965 1196
6970 1368
6975 1279
6980 1427
6985 1197
6990 1254
6995 1198
7000 1199
7005 1199
7010 1245
7015 1246
7020 1241
7025 1249
7030 1239
7035 1238
7040 1242
7045 1247
7050 1243
7055 1241
7060 1243
7065 1260
7070 1246
7075 1246
7080 1253
7085 1372
7090 1296
7095 1469
7100 1895
7105 1692
7110 1352
7115 1221
7120 1259
7125 1258
7130 1257
7135 1269
7140 1261
7145 1259
7150 1262
7155 1263
7160 1266
7165 1265
7170 1266
7175 1265
7180 1270
7185 1313
7190 1268
7195 1358
7200 1349
7205 1275
7210 1240
7215 1288
7220 1326
7225 1241
7230 1242
7235 1245
7240 1245
7245 1247
7250 1286
7255 1247
7260 1251
7265 1466
7270 1252
7275 1339
7280 1252
7285 1250
7290 1249
7295 1303
7300 1410
7305 1258
7310 1258
7315 1344
7320 1333
7325 1530
7330 1386
7335 1574
7340 1613
7345 1367
7350 1345
7355 1305
7360 1301
7365 1334
7370 1302
7375 1347
7380 1311
7385 1331
7390 1306
7395 1307
7400 1307
7405 1484
7410 1374
7415 1328
7420 1310
7425 1313
7430 1314
7435 1314
7440 1320
7445 1346
7450 1352
7455 1322
7460 1323
7465 1324
7470 1321
7475 1325
7480 1322
7485 1325
7490 1351
7495 1331
7500 1544
7505 1333
7510 1292
7515 1294
7520 1405
7525 1296
7530 1304
7535 1301
7540 1300
7545 1339
7550 1304
7555 1328
7560 1430
7565 1520
7570 1641
7575 1953
7580 1658
7585 1434
7590 1354
7595 1345
7600 1346
7605 1354
7610 1390
7615 1356
7620 1353
7625 1386
7630 1721
7635 1738
7640 1355
7645 1355
7650 1383
7655 1357
7660 1359
7665 1361
7670 1482
7675 1364
7680 1382
7685 1364
7690 1368
7695 1370
7700 1369
7705 1372
7710 1410
7715 1366
7720 1371
7725 1433
7730 1578
7735 1410
7740 1337
7745 1379
7750 1378
7755 1345
7760 1344
7765 1342
7770 1381
7775 1342
7780 1384
7785 1460
7790 1729
7795 1504
7800 1418
7805 1413
7810 1388
7815 1390
7820 1387
7825 1385
7830 1390
7835 1421
7840 1501
7845 1431
7850 1395
7855 1456
7860 1398
7865 1399
7870 1401
7875 1398
7880 1399
7885 1399
7890 1403
7895 1608
7900 1367
7905 1479
7910 1366
7915 1368
7920 1370
7925 1372
7930 1453
7935 1601
7940 1407
7945 1379
7950 1454
7955 1546
7960 1456
7965 1419
7970 1416
7975 1414
7980 1416
7985 1422
7990 1421
7995 1449
8000 1531
8005 1387
8010 1541
8015 1609
8020 1592
8025 1852
8030 1724
8035 1517
8040 1397
8045 1393
8050 1436
8055 1422
8060 1434
8065 1526
8070 1437
8075 1438
8080 1433
8085 1438
8090 1447
8095 1444
8100 1453
8105 1441
8110 1443
8115 1448
8120 1448
8125 1423
8130 1409
8135 1536
8140 1412
8145 1415
8150 1510
8155 1413
8160 1494
8165 1491
8170 1599
8175 1458
8180 1420
8185 1500
8190 1462
8195 1461
8200 1458
8205 1470
8210 1464
8215 1466
8220 1472
8225 1615
8230 1560
8235 1570
8240 2225
8245 1943
8250 1713
8255 1435
8260 1433
8265 1434
8270 1738
8275 1437
8280 1471
8285 1485
8290 1479
8295 1481
8300 1493
8305 1508
8310 1481
8315 1442
8320 1443
8325 1665
8330 1447
8335 1494
8340 1577
8345 1449
8350 1453
8355 1453
8360 1547
8365 1456
8370 1505
8375 1473
8380 1630
8385 1458
8390 1460
8395 1461
8400 1542
8405 1566
8410 1462
8415 1462
8420 1463
8425 1464
8430 1463
8435 1641
8440 1651
8445 1659
8450 2028
8455 1937
8460 1590
8465 1620
8470 1573
8475 1517
8480 1520
8485 1514
8490 1517
8495 1518
8500 1523
8505 1518
8510 1521
8515 1523
8520 1525
8525 1523
8530 1529
8535 1567
8540 1570
8545 1529
8550 1488
8555 1489
8560 1495
8565 1549
8570 1545
8575 1532
8580 1536
8585 1540
8590 1535
8595 1526
8600 1538
8605 1676
8610 1587
8615 1501
8620 1504
8625 1501
8630 1546
8635 1600
8640 1760
8645 1696
8650 2147
8655 1632
8660 1566
8665 1573
8670 1560
8675 1552
8680 1553
8685 1583
8690 1558
8695 1558
8700 1563
8705 1566
8710 1565
8715 1552
8720 1555
8725 1567
8730 1568
8735 1750
8740 1527
8745 1525
8750 1530
8755 1530
8760 1532
8765 1612
8770 1577
8775 1568
8780 1530
8785 1531
8790 1685
8795 1615
8800 1679
8805 1537
8810 1649
8815 1539
8820 1539
8825 1546
8830 1596
8835 1552
8840 1793
8845 1690
8850 1767
8855 2347
8860 1949
8865 1596
8870 1594
8875 1591
8880 1594
8885 1610
8890 1599
8895 1600
8900 1598
8905 1598
8910 1602
8915 1607
8920 1624
8925 1602
8930 1605
8935 1909
8940 1562
8945 1613
8950 1686
8955 1563
8960 1616
8965 1709
8970 1683
8975 1569
8980 1639
8985 1738
8990 1689
8995 1574
9000 1618
9005 1709
9010 1750
9015 1620
9020 1631
9025 1627
9030 1629
9035 1743
9040 1655
9045 1863
9050 1697
9055 1648
9060 1627
9065 1631
9070 1637
9075 1673
9080 1644
9085 1632
9090 1636
9095 1643
9100 1639
9105 1650
9110 1639
9115 1638
9120 1638
9125 1637
9130 1790
9135 1675
9140 1599
9145 1601
9150 1604
9155 1609
9160 1613
9165 1608
9170 1839
9175 1794
9180 1607
9185 1665
9190 1654
9195 1671
9200 2199
9205 2147
9210 1660
9215 1660
9220 1744
9225 1791
9230 1801
9235 1704
9240 1681
9245 1666
9250 1673
9255 1688
9260 1667
9265 1678
9270 1729
9275 1668
9280 1673
9285 1753
9290 1673
9295 1681
9300 1677
9305 1679
9310 1686
9315 1707
9320 1682
9325 1640
9330 1641
9335 1643
9340 1636
9345 1763
9350 1779
9355 1641
9360 1639
9365 1830
9370 1647
9375 1688
9380 1644
9385 1650
9390 1895
9395 1649
9400 1693
9405 1947
9410 2011
9415 1860
9420 1721
9425 1723
9430 2004
9435 1849
9440 1755
9445 1706
9450 1706
9455 1711
9460 1710
9465 1726
9470 1714
9475 1712
9480 1720
9485 1716
9490 1720
9495 1720
9500 1769
9505 1714
9510 1721
9515 1715
9520 1722
9525 1774
9530 1725
9535 1724
9540 1732
9545 1702
9550 1679
9555 1796
9560 1679
9565 1684
9570 1683
9575 1721
9580 1685
9585 1801
9590 1689
9595 1689
9600 1686
9605 1687
9610 1649
9615 1773
9620 1650
9625 1653
9630 1709
9635 1799
9640 1795
9645 1903
9650 1654
9655 1955
9660 1857
9665 1702
9670 1821
9675 1706
9680 1706
9685 1746
9690 1709
9695 1707
9700 1831
9705 1801
9710 1984
9715 1775
9720 1712
9725 1714
9730 1832
9735 1716
9740 1717
9745 1719
9750 1798
9755 1724
9760 1923
9765 1751
9770 1726
9775 1767
9780 1725
9785 1764
9790 1823
9795 1684
9800 1685
9805 1784
9810 1764
9815 1760
9820 1962
9825 1733
9830 1732
9835 1735
9840 1737
9845 1785
9850 1769
9855 1719
9860 1887
9865 1696
9870 1699
9875 1821
9880 1833
9885 1750
9890 1783
9895 1747
9900 1757
9905 1786
9910 1709
9915 1710
9920 1708
9925 1709
9930 1711
9935 1935
9940 1753
9945 1980
9950 1930
9955 2000
9960 2002
9965 1845
9970 1810
9975 1814
9980 1813
9985 1817
9990 1897
9995 1814
10000 1836
