5 1
10 1
15 2
20 2
25 3
30 4
35 5
40 6
45 7
50 8
55 9
60 10
65 11
70 12
75 13
80 15
85 15
90 17
95 17
100 18
105 20
110 22
115 22
120 24
125 25
130 26
135 27
140 28
145 30
150 30
155 32
160 34
165 35
170 36
175 38
180 39
185 40
190 42
195 42
200 45
205 46
210 50
215 48
220 49
225 50
230 52
235 54
240 55
245 97
250 40
255 41
260 52
265 37
270 38
275 39
280 39
285 40
290 41
295 42
300 43
305 44
310 44
315 45
320 47
325 46
330 48
335 49
340 49
345 56
350 50
355 52
360 52
365 53
370 54
375 55
380 57
385 57
390 58
395 58
400 59
405 62
410 65
415 66
420 65
425 66
430 66
435 66
440 67
445 68
450 69
455 70
460 100
465 72
470 72
475 73
480 74
485 74
490 75
495 77
500 77
505 80
510 80
515 83
520 93
525 92
530 95
535 108
540 87
545 89
550 91
555 93
560 91
565 91
570 96
575 96
580 97
585 97
590 97
595 94
600 95
605 95
610 96
615 112
620 102
625 112
630 119
635 113
640 108
645 111
650 110
655 114
660 139
665 110
670 118
675 117
680 117
685 132
690 114
695 115
700 112
705 113
710 114
715 115
720 116
725 120
730 118
735 118
740 120
745 120
750 122
755 123
760 123
765 124
770 126
775 126
780 128
785 128
790 130
795 131
800 131
805 133
810 133
815 135
820 135
825 136
830 148
835 134
840 138
845 137
850 138
855 137
860 138
865 139
870 140
875 141
880 141
885 142
890 144
895 145
900 174
905 147
910 154
915 182
920 152
925 152
930 153
935 153
940 155
945 201
950 170
955 152
960 154
965 153
970 154
975 165
980 152
985 152
990 153
995 154
1000 156
1005 165
1010 152
1015 153
1020 154
1025 155
1030 157
1035 189
1040 158
1045 158
1050 242
1055 162
1060 171
1065 158
1070 159
1075 160
1080 161
1085 162
1090 162
1095 163
1100 164
1105 166
1110 166
1115 167
1120 167
1125 168
1130 169
1135 170
1140 172
1145 168
1150 169
1155 170
1160 170
1165 171
1170 180
1175 167
1180 169
1185 170
1190 171
1195 172
1200 173
1205 173
1210 175
1215 175
1220 176
1225 205
1230 177
1235 178
1240 179
1245 180
1250 181
1255 181
1260 181
1265 184
1270 184
1275 184
1280 185
1285 196
1290 182
1295 183
1300 185
1305 184
1310 185
1315 260
1320 187
1325 188
1330 188
1335 189
1340 190
1345 262
1350 237
1355 193
1360 194
1365 195
1370 194
1375 197
1380 197
1385 197
1390 198
1395 199
1400 200
1405 200
1410 202
1415 202
1420 203
1425 203
1430 204
1435 206
1440 206
1445 207
1450 209
1455 210
1460 209
1465 211
1470 211
1475 213
1480 214
1485 215
1490 214
1495 216
1500 216
1505 217
1510 219
1515 219
1520 220
1525 222
1530 265
1535 223
1540 227
1545 261
1550 226
1555 225
1560 227
1565 400
1570 229
1575 228
1580 230
1585 231
1590 232
1595 232
1600 232
1605 273
1610 235
1615 235
1620 236
1625 236
1630 237
1635 239
1640 240
1645 240
1650 241
1655 243
1660 243
1665 244
1670 245
1675 245
1680 246
1685 247
1690 248
1695 248
1700 325
1705 251
1710 252
1715 253
1720 252
1725 254
1730 256
1735 256
1740 255
1745 256
1750 276
1755 275
1760 259
1765 259
1770 262
1775 261
1780 263
1785 262
1790 264
1795 264
1800 265
1805 266
1810 267
1815 268
1820 268
1825 270
1830 272
1835 271
1840 272
1845 273
1850 272
1855 273
1860 275
1865 275
1870 276
1875 278
1880 289
1885 272
1890 274
1895 273
1900 274
1905 274
1910 276
1915 275
1920 277
1925 277
1930 280
1935 321
1940 281
1945 366
1950 317
1955 284
1960 286
1965 286
1970 394
1975 305
1980 288
1985 290
1990 289
1995 292
2000 293
2005 293
2010 293
2015 294
2020 295
2025 296
2030 297
2035 298
2040 338
2045 360
2050 308
2055 309
2060 309
2065 311
2070 311
2075 313
2080 313
2085 313
2090 315
2095 314
2100 389
2105 318
2110 317
2115 319
2120 320
2125 321
2130 321
2135 322
2140 322
2145 324
2150 326
2155 326
2160 328
2165 327
2170 328
2175 329
2180 330
2185 344
2190 322
2195 323
2200 360
2205 324
2210 326
2215 328
2220 327
2225 329
2230 328
2235 331
2240 330
2245 370
2250 373
2255 358
2260 390
2265 348
2270 345
2275 357
2280 347
2285 339
2290 376
2295 341
2300 341
2305 343
2310 344
2315 343
2320 343
2325 346
2330 346
2335 348
2340 347
2345 349
2350 349
2355 352
2360 351
2365 352
2370 351
2375 354
2380 354
2385 355
2390 356
2395 442
2400 358
2405 359
2410 360
2415 362
2420 362
2425 362
2430 363
2435 363
2440 384
2445 470
2450 366
2455 367
2460 369
2465 370
2470 370
2475 370
2480 371
2485 373
2490 373
2495 374
2500 376
2505 375
2510 419
2515 401
2520 427
2525 417
2530 403
2535 461
2540 422
2545 415
2550 432
2555 463
2560 493
2565 463
2570 468
2575 481
2580 483
2585 484
2590 457
2595 450
2600 481
2605 445
2610 432
2615 465
2620 448
2625 424
2630 553
2635 420
2640 449
2645 425
2650 429
2655 431
2660 431
2665 426
2670 425
2675 427
2680 427
2685 430
2690 431
2695 430
2700 436
2705 436
2710 433
2715 434
2720 434
2725 438
2730 437
2735 437
2740 437
2745 474
2750 519
2755 468
2760 442
2765 442
2770 443
2775 444
2780 445
2785 448
2790 457
2795 447
2800 478
2805 450
2810 451
2815 453
2820 454
2825 453
2830 454
2835 456
2840 459
2845 459
2850 461
2855 515
2860 464
2865 466
2870 467
2875 497
2880 466
2885 472
2890 473
2895 468
2900 469
2905 468
2910 470
2915 471
2920 471
2925 472
2930 477
2935 489
2940 490
2945 493
2950 482
2955 487
2960 525
2965 549
2970 480
2975 485
2980 483
2985 486
2990 482
2995 488
3000 487
3005 485
3010 485
3015 487
3020 489
3025 493
3030 490
3035 491
3040 492
3045 493
3050 495
3055 556
3060 497
3065 497
3070 497
3075 499
3080 501
3085 502
3090 501
3095 503
3100 503
3105 504
3110 502
3115 505
3120 534
3125 508
3130 509
3135 509
3140 510
3145 509
3150 513
3155 512
3160 515
3165 547
3170 561
3175 502
3180 502
3185 505
3190 503
3195 505
3200 507
3205 508
3210 510
3215 508
3220 509
3225 512
3230 511
3235 514
3240 517
3245 515
3250 516
3255 516
3260 559
3265 519
3270 519
3275 521
3280 520
3285 521
3290 523
3295 523
3300 523
3305 525
3310 600
3315 616
3320 525
3325 527
3330 572
3335 529
3340 530
3345 531
3350 532
3355 573
3360 622
3365 535
3370 573
3375 536
3380 539
3385 572
3390 542
3395 542
3400 544
3405 544
3410 545
3415 545
3420 546
3425 547
3430 628
3435 550
3440 551
3445 590
3450 550
3455 552
3460 553
3465 553
3470 581
3475 584
3480 556
3485 557
3490 557
3495 560
3500 560
3505 558
3510 599
3515 569
3520 549
3525 550
3530 552
3535 624
3540 601
3545 811
3550 696
3555 696
3560 598
3565 593
3570 589
3575 589
3580 589
3585 588
3590 590
3595 592
3600 593
3605 593
3610 592
3615 593
3620 627
3625 598
3630 640
3635 601
3640 603
3645 649
3650 604
3655 606
3660 608
3665 610
3670 611
3675 605
3680 607
3685 610
3690 608
3695 610
3700 653
3705 648
3710 613
3715 612
3720 612
3725 614
3730 615
3735 615
3740 617
3745 618
3750 617
3755 619
3760 620
3765 622
3770 622
3775 622
3780 625
3785 628
3790 628
3795 636
3800 630
3805 632
3810 632
3815 634
3820 632
3825 636
3830 617
3835 618
3840 666
3845 621
3850 623
3855 622
3860 625
3865 671
3870 748
3875 627
3880 626
3885 629
3890 627
3895 630
3900 632
3905 613
3910 616
3915 617
3920 616
3925 618
3930 620
3935 621
3940 620
3945 744
3950 622
3955 622
3960 624
3965 626
3970 625
3975 627
3980 629
3985 629
3990 705
3995 630
4000 633
4005 633
4010 633
4015 633
4020 635
4025 707
4030 725
4035 677
4040 638
4045 640
4050 640
4055 642
4060 642
4065 642
4070 644
4075 645
4080 645
4085 647
4090 647
4095 648
4100 729
4105 649
4110 649
4115 715
4120 651
4125 654
4130 654
4135 654
4140 654
4145 657
4150 658
4155 695
4160 697
4165 660
4170 738
4175 775
4180 787
4185 662
4190 685
4195 683
4200 686
4205 686
4210 685
4215 685
4220 686
4225 688
4230 780
4235 691
4240 690
4245 691
4250 740
4255 693
4260 698
4265 676
4270 678
4275 680
4280 679
4285 803
4290 682
4295 682
4300 685
4305 686
4310 706
4315 686
4320 745
4325 935
4330 705
4335 707
4340 709
4345 710
4350 711
4355 711
4360 712
4365 714
4370 716
4375 715
4380 716
4385 718
4390 718
4395 799
4400 721
4405 770
4410 820
4415 725
4420 970
4425 787
4430 837
4435 882
4440 923
4445 815
4450 951
4455 812
4460 731
4465 734
4470 732
4475 734
4480 734
4485 735
4490 772
4495 916
4500 776
4505 736
4510 743
4515 830
4520 742
4525 743
4530 744
4535 743
4540 776
4545 746
4550 747
4555 747
4560 748
4565 749
4570 754
4575 814
4580 754
4585 791
4590 802
4595 756
4600 759
4605 801
4610 854
4615 759
4620 761
4625 764
4630 762
4635 796
4640 762
4645 764
4650 840
4655 804
4660 768
4665 791
4670 771
4675 771
4680 770
4685 779
4690 774
4695 777
4700 755
4705 756
4710 759
4715 867
4720 842
4725 762
4730 761
4735 765
4740 764
4745 765
4750 766
4755 767
4760 766
4765 813
4770 768
4775 769
4780 895
4785 842
4790 771
4795 773
4800 775
4805 775
4810 776
4815 777
4820 777
4825 857
4830 780
4835 781
4840 785
4845 897
4850 911
4855 782
4860 785
4865 859
4870 786
4875 805
4880 808
4885 809
4890 810
4895 810
4900 809
4905 814
4910 835
4915 815
4920 816
4925 870
4930 817
4935 839
4940 830
4945 874
4950 801
4955 802
4960 847
4965 803
4970 907
4975 846
4980 922
4985 807
4990 823
4995 828
5000 830
5005 831
5010 832
5015 833
5020 832
5025 833
5030 876
5035 836
5040 839
5045 838
5050 837
5055 818
5060 821
5065 821
5070 823
5075 951
5080 1090
5085 822
5090 989
5095 1058
5100 824
5105 849
5110 850
5115 929
5120 850
5125 851
5130 853
5135 851
5140 855
5145 904
5150 858
5155 862
5160 861
5165 860
5170 862
5175 862
5180 864
5185 863
5190 865
5195 916
5200 870
5205 868
5210 975
5215 863
5220 849
5225 849
5230 851
5235 851
5240 852
5245 1014
5250 1202
5255 1153
5260 1264
5265 903
5270 906
5275 904
5280 905
5285 907
5290 906
5295 911
5300 884
5305 886
5310 889
5315 923
5320 1018
5325 891
5330 891
5335 893
5340 890
5345 939
5350 893
5355 896
5360 898
5365 897
5370 1011
5375 879
5380 875
5385 1070
5390 880
5395 880
5400 955
5405 883
5410 881
5415 884
5420 886
5425 907
5430 1108
5435 885
5440 889
5445 887
5450 891
5455 890
5460 893
5465 1075
5470 983
5475 920
5480 1057
5485 917
5490 918
5495 921
5500 922
5505 923
5510 926
5515 925
5520 925
5525 926
5530 928
5535 1089
5540 1052
5545 933
5550 933
5555 932
5560 934
5565 932
5570 936
5575 985
5580 937
5585 939
5590 1073
5595 975
5600 1023
5605 982
5610 1235
5615 1295
5620 1119
5625 1061
5630 950
5635 1040
5640 1009
5645 946
5650 949
5655 952
5660 951
5665 953
5670 950
5675 955
5680 956
5685 1016
5690 1105
5695 957
5700 959
5705 989
5710 1090
5715 963
5720 963
5725 963
5730 963
5735 962
5740 1012
5745 1163
5750 965
5755 1001
5760 971
5765 970
5770 972
5775 1069
5780 972
5785 976
5790 1064
5795 974
5800 980
5805 978
5810 976
5815 979
5820 978
5825 983
5830 983
5835 984
5840 989
5845 1180
5850 985
5855 988
5860 990
5865 990
5870 991
5875 992
5880 1109
5885 992
5890 995
5895 1160
5900 997
5905 997
5910 1031
5915 1034
5920 999
5925 999
5930 1003
5935 1005
5940 1005
5945 1193
5950 1043
5955 1004
5960 1005
5965 1006
5970 1006
5975 1008
5980 1012
5985 1008
5990 1011
5995 1103
6000 1010
6005 990
6010 989
6015 989
6020 990
6025 1076
6030 1028
6035 1029
6040 996
6045 1183
6050 997
6055 997
6060 1000
6065 1000
6070 1001
6075 1000
6080 1127
6085 1005
6090 1123
6095 1123
6100 1030
6105 1034
6110 1036
6115 1035
6120 1037
6125 1147
6130 1037
6135 1040
6140 1158
6145 1143
6150 1014
6155 1016
6160 1015
6165 1018
6170 1017
6175 1021
6180 1021
6185 1024
6190 1140
6195 1026
6200 1026
6205 1022
6210 1024
6215 1025
6220 1028
6225 1103
6230 1031
6235 1032
6240 1112
6245 1210
6250 1035
6255 1035
6260 1036
6265 1036
6270 1072
6275 1036
6280 1037
6285 1038
6290 1174
6295 1114
6300 1044
6305 1044
6310 1045
6315 1137
6320 1047
6325 1048
6330 1047
6335 1177
6340 1136
6345 1049
6350 1050
6355 1054
6360 1053
6365 1056
6370 1055
6375 1055
6380 1056
6385 1134
6390 1134
6395 1059
6400 1061
6405 1144
6410 1080
6415 1098
6420 1061
6425 1064
6430 1141
6435 1205
6440 1461
6445 1411
6450 1350
6455 1322
6460 1132
6465 1131
6470 1152
6475 1103
6480 1106
6485 1103
6490 1108
6495 1107
6500 1106
6505 1107
6510 1106
6515 1105
6520 1323
6525 1112
6530 1111
6535 1114
6540 1114
6545 1113
6550 1117
6555 1158
6560 1121
6565 1160
6570 1117
6575 1119
6580 1113
6585 1094
6590 1093
6595 1095
6600 1095
6605 1199
6610 1330
6615 1099
6620 1204
6625 1131
6630 1129
6635 1130
6640 1132
6645 1133
6650 1132
6655 1215
6660 1146
6665 1106
6670 1107
6675 1111
6680 1108
6685 1233
6690 1112
6695 1114
6700 1275
6705 1148
6710 1145
6715 1239
6720 1148
6725 1185
6730 1151
6735 1151
6740 1155
6745 1289
6750 1230
6755 1270
6760 1155
6765 1157
6770 1234
6775 1160
6780 1159
6785 1195
6790 1250
6795 1161
6800 1209
6805 1164
6810 1162
6815 1164
6820 1163
6825 1222
6830 1257
6835 1139
6840 1139
6845 1139
6850 1140
6855 1141
6860 1143
6865 1183
6870 1589
6875 1394
6880 1197
6885 1495
6890 1348
6895 1148
6900 1150
6905 1267
6910 1255
6915 1184
6920 1185
6925 1185
6930 1207
6935 1227
6940 1190
6945 1276
6950 1190
6955 1322
6960 1192
6965 1192
6970 1195
6975 1194
6980 1231
6985 1195
6990 1195
6995 1285
7000 1198
7005 1196
7010 1198
7015 1243
7020 1237
7025 1202
7030 1204
7035 1205
7040 1380
7045 1207
7050 1206
7055 1208
7060 1217
7065 1233
7070 1183
7075 1179
7080 1266
7085 1184
7090 1184
7095 1184
7100 1250
7105 1187
7110 1190
7115 1190
7120 1287
7125 1384
7130 1193
7135 1228
7140 1230
7145 1195
7150 1197
7155 1272
7160 1276
7165 1283
7170 1200
7175 1199
7180 1202
7185 1198
7190 1200
7195 1203
7200 1244
7205 1279
7210 1300
7215 1208
7220 1280
7225 1221
7230 1208
7235 1209
7240 1244
7245 1229
7250 1227
7255 1212
7260 1287
7265 1213
7270 1216
7275 1220
7280 1218
7285 1220
7290 1461
7295 1221
7300 1222
7305 1222
7310 1261
7315 1253
7320 1298
7325 1227
7330 1312
7335 1224
7340 1229
7345 1227
7350 1230
7355 1229
7360 1232
7365 1230
7370 1306
7375 1348
7380 1238
7385 1237
7390 1237
7395 1238
7400 1295
7405 1242
7410 1329
7415 1392
7420 1241
7425 1241
7430 1244
7435 1244
7440 1326
7445 1576
7450 1576
7455 1351
7460 1313
7465 1284
7470 1288
7475 1286
7480 1286
7485 1322
7490 1366
7495 1325
7500 1328
7505 1329
7510 1325
7515 1328
7520 1332
7525 1480
7530 1395
7535 1296
7540 1424
7545 1299
7550 1344
7555 1301
7560 1301
7565 1335
7570 1299
7575 1324
7580 1443
7585 1527
7590 1936
7595 1628
7600 1358
7605 1345
7610 1348
7615 1346
7620 1345
7625 1668
7630 1355
7635 1502
7640 1592
7645 1655
7650 1319
7655 1355
7660 1357
7665 1358
7670 1378
7675 1493
7680 1886
7685 1773
7690 1365
7695 1397
7700 1733
7705 1362
7710 1373
7715 1465
7720 1624
7725 1571
7730 1388
7735 1478
7740 1466
7745 1372
7750 1373
7755 1373
7760 1378
7765 1523
7770 1782
7775 1376
7780 1378
7785 1396
7790 1439
7795 1389
7800 1390
7805 1478
7810 1872
7815 1385
7820 1390
7825 1385
7830 1432
7835 1384
7840 1449
7845 1537
7850 1427
7855 1736
7860 1676
7865 1395
7870 1392
7875 1420
7880 1466
7885 1697
7890 1578
7895 1449
7900 1399
7905 1416
7910 1406
7915 1405
7920 1450
7925 1729
7930 1519
7935 1407
7940 1449
7945 1461
7950 1462
7955 1441
7960 1413
7965 1413
7970 1769
7975 1627
7980 1417
7985 1418
7990 1431
7995 1417
8000 1430
8005 1518
8010 1604
8015 1385
8020 1436
8025 1385
8030 1387
8035 1390
8040 1392
8045 1461
8050 1392
8055 1476
8060 1480
8065 1392
8070 1395
8075 1395
8080 1472
8085 1493
8090 1450
8095 1398
8100 1400
8105 1421
8110 1370
8115 1367
8120 1620
8125 1445
8130 1371
8135 1371
8140 1397
8145 1410
8150 1476
8155 1563
8160 1411
8165 1494
8170 1415
8175 1415
8180 1416
8185 1417
8190 1472
8195 1416
8200 1417
8205 1417
8210 1523
8215 1469
8220 1387
8225 1504
8230 1471
8235 1649
8240 1696
8245 1469
8250 1469
8255 1467
8260 1480
8265 1474
8270 1504
8275 1477
8280 1507
8285 1475
8290 1477
8295 1504
8300 1477
8305 1479
8310 1481
8315 1481
8320 1507
8325 1484
8330 1484
8335 1497
8340 1447
8345 1448
8350 1448
8355 1452
8360 1518
8365 1701
8370 1450
8375 1450
8380 1452
8385 1455
8390 1455
8395 1457
8400 1607
8405 1455
8410 1458
8415 1461
8420 1465
8425 1464
8430 1463
8435 1551
8440 1429
8445 1428
8450 1429
8455 1562
8460 1431
8465 1496
8470 1448
8475 1434
8480 1434
8485 1438
8490 1514
8495 1497
8500 1484
8505 1534
8510 1522
8515 1443
8520 1519
8525 1525
8530 1446
8535 1583
8540 1484
8545 1567
8550 1487
8555 1488
8560 1490
8565 1620
8570 1640
8575 1454
8580 1492
8585 1455
8590 1457
8595 1457
8600 1459
8605 1654
8610 1460
8615 1460
8620 1463
8625 1462
8630 1505
8635 1468
8640 1619
8645 1539
8650 1470
8655 1542
8660 1470
8665 1470
8670 1518
8675 1912
8680 1542
8685 1548
8690 1502
8695 1515
8700 1516
8705 1615
8710 1538
8715 1520
8720 1520
8725 1523
8730 1562
8735 1524
8740 1595
8745 1527
8750 1527
8755 1511
8760 1492
8765 1492
8770 1492
8775 1710
8780 1490
8785 1494
8790 1493
8795 1494
8800 1577
8805 1633
8810 1499
8815 1496
8820 1500
8825 1498
8830 1503
8835 1575
8840 1688
8845 1500
8850 1504
8855 1508
8860 1506
8865 1609
8870 1509
8875 1579
8880 1583
8885 1585
8890 1511
8895 1551
8900 1630
8905 1590
8910 1620
8915 1515
8920 1637
8925 1520
8930 1519
8935 1522
8940 1664
8945 1599
8950 1596
8955 1604
8960 1562
8965 1568
8970 1660
8975 1611
8980 1529
8985 1530
8990 1529
8995 1531
9000 1535
9005 1608
9010 1537
9015 1535
9020 1536
9025 1572
9030 1538
9035 1654
9040 1659
9045 1542
9050 1603
9055 1624
9060 1543
9065 2119
9070 1919
9075 2132
9080 1625
9085 1629
9090 1595
9095 1720
9100 1696
9105 1591
9110 1593
9115 1633
9120 1597
9125 1600
9130 1724
9135 1601
9140 1601
9145 1600
9150 1576
9155 1636
9160 1725
9165 1560
9170 1563
9175 1566
9180 1653
9185 1568
9190 1650
9195 1569
9200 1607
9205 1571
9210 1569
9215 1640
9220 1576
9225 1903
9230 1574
9235 1577
9240 1632
9245 1624
9250 1693
9255 1671
9260 1715
9265 1704
9270 2275
9275 1961
9280 1749
9285 1716
9290 1628
9295 1627
9300 1630
9305 1829
9310 1638
9315 1916
9320 1713
9325 1680
9330 1678
9335 1682
9340 1689
9345 1765
9350 1700
9355 1724
9360 1642
9365 1642
9370 1695
9375 1737
9380 1648
9385 1643
9390 1607
9395 1610
9400 1644
9405 1817
9410 1611
9415 1612
9420 1737
9425 1610
9430 1616
9435 1659
9440 1686
9445 1675
9450 1654
9455 1620
9460 1620
9465 2103
9470 1694
9475 1697
9480 1623
9485 1663
9490 1777
9495 1713
9500 1671
9505 1714
9510 1671
9515 1674
9520 1670
9525 1748
9530 1681
9535 1709
9540 1635
9545 1637
9550 1750
9555 1718
9560 1640
9565 1640
9570 1639
9575 1638
9580 1645
9585 1758
9590 1745
9595 1648
9600 1649
9605 1647
9610 1647
9615 1728
9620 1733
9625 1651
9630 1652
9635 1650
9640 1653
9645 1730
9650 1858
9655 1655
9660 1657
9665 1659
9670 1789
9675 1824
9680 1739
9685 1734
9690 1685
9695 1706
9700 1711
9705 1752
9710 1893
9715 1710
9720 1699
9725 1673
9730 1918
9735 1914
9740 1673
9745 1718
9750 1740
9755 1801
9760 1720
9765 1759
9770 1812
9775 1750
9780 2228
9785 2158
9790 1726
9795 1736
9800 1781
9805 1775
9810 1819
9815 1780
9820 1783
9825 1802
9830 1739
9835 1736
9840 1816
9845 1735
9850 1818
9855 1739
9860 1800
9865 1809
9870 1742
9875 1743
9880 1822
9885 1732
9890 1701
9895 1704
9900 1701
9905 1704
9910 1783
9915 1704
9920 1782
9925 1710
9930 1709
9935 1711
9940 1913
9945 1710
9950 1711
9955 1788
9960 1712
9965 1801
9970 1801
9975 1716
9980 1793
9985 1781
9990 1719
9995 1870
10000 1943
