5 0
10 0
15 0
20 1
25 1
30 2
35 2
40 2
45 3
50 3
55 3
60 4
65 5
70 5
75 5
80 6
85 7
90 7
95 8
100 8
105 8
110 9
115 9
120 10
125 10
130 11
135 12
140 12
145 13
150 13
155 14
160 15
165 15
170 15
175 16
180 17
185 17
190 18
195 19
200 19
205 48
210 20
215 21
220 22
225 22
230 23
235 23
240 24
245 24
250 25
255 26
260 27
265 27
270 28
275 29
280 29
285 30
290 30
295 31
300 32
305 33
310 33
315 34
320 35
325 35
330 36
335 37
340 37
345 38
350 38
355 39
360 40
365 41
370 41
375 42
380 43
385 43
390 44
395 45
400 45
405 46
410 46
415 47
420 48
425 48
430 49
435 50
440 51
445 51
450 51
455 52
460 53
465 54
470 55
475 56
480 56
485 56
490 58
495 58
500 59
505 60
510 61
515 61
520 63
525 63
530 63
535 64
540 64
545 66
550 87
555 67
560 68
565 69
570 69
575 70
580 71
585 72
590 72
595 92
600 99
605 77
610 118
615 77
620 77
625 79
630 79
635 80
640 80
645 82
650 81
655 82
660 82
665 83
670 84
675 85
680 86
685 87
690 87
695 88
700 91
705 90
710 90
715 91
720 92
725 93
730 96
735 95
740 94
745 95
750 96
755 97
760 98
765 99
770 99
775 101
780 101
785 102
790 103
795 103
800 188
805 126
810 108
815 108
820 108
825 108
830 109
835 111
840 110
845 111
850 112
855 112
860 113
865 114
870 115
875 156
880 198
885 137
890 119
895 119
900 119
905 120
910 121
915 165
920 122
925 208
930 143
935 126
940 127
945 126
950 128
955 128
960 129
965 128
970 130
975 130
980 131
985 132
990 134
995 134
1000 133
1005 136
1010 139
1015 174
1020 138
1025 139
1030 139
1035 140
1040 141
1045 141
1050 142
1055 143
1060 145
1065 144
1070 145
1075 146
1080 147
1085 149
1090 148
1095 149
1100 187
1105 150
1110 188
1115 152
1120 153
1125 155
1130 155
1135 157
1140 156
1145 157
1150 158
1155 160
1160 160
1165 161
1170 162
1175 161
1180 163
1185 165
1190 166
1195 167
1200 168
1205 169
1210 217
1215 169
1220 170
1225 172
1230 173
1235 173
1240 174
1245 175
1250 175
1255 176
1260 177
1265 176
1270 178
1275 179
1280 179
1285 180
1290 182
1295 182
1300 183
1305 183
1310 184
1315 186
1320 186
1325 186
1330 188
1335 189
1340 189
1345 190
1350 191
1355 193
1360 193
1365 193
1370 195
1375 195
1380 197
1385 196
1390 240
1395 201
1400 198
1405 201
1410 201
1415 201
1420 203
1425 268
1430 224
1435 205
1440 206
1445 207
1450 208
1455 208
1460 210
1465 211
1470 211
1475 212
1480 213
1485 213
1490 214
1495 216
1500 215
1505 216
1510 217
1515 218
1520 220
1525 219
1530 222
1535 221
1540 222
1545 223
1550 225
1555 224
1560 226
1565 226
1570 227
1575 228
1580 229
1585 230
1590 230
1595 232
1600 232
1605 234
1610 234
1615 235
1620 274
1625 236
1630 247
1635 234
1640 234
1645 233
1650 235
1655 236
1660 236
1665 237
1670 238
1675 239
1680 239
1685 240
1690 241
1695 242
1700 244
1705 244
1710 245
1715 245
1720 246
1725 246
1730 247
1735 247
1740 365
1745 249
1750 251
1755 250
1760 252
1765 252
1770 253
1775 254
1780 298
1785 373
1790 290
1795 263
1800 305
1805 266
1810 396
1815 361
1820 364
1825 289
1830 300
1835 282
1840 283
1845 281
1850 296
1855 284
1860 286
1865 293
1870 308
1875 294
1880 278
1885 307
1890 299
1895 320
1900 283
1905 282
1910 305
1915 299
1920 304
1925 299
1930 294
1935 295
1940 298
1945 311
1950 386
1955 300
1960 328
1965 380
1970 363
1975 306
1980 304
1985 304
1990 309
1995 306
2000 306
2005 307
2010 309
2015 308
2020 336
2025 313
2030 326
2035 374
2040 332
2045 337
2050 317
2055 348
2060 317
2065 319
2070 317
2075 320
2080 320
2085 321
2090 322
2095 323
2100 324
2105 324
2110 326
2115 325
2120 327
2125 329
2130 332
2135 329
2140 330
2145 394
2150 363
2155 360
2160 360
2165 339
2170 338
2175 339
2180 340
2185 338
2190 371
2195 341
2200 341
2205 343
2210 343
2215 345
2220 344
2225 346
2230 346
2235 347
2240 353
2245 349
2250 349
2255 350
2260 351
2265 360
2270 353
2275 353
2280 355
2285 355
2290 356
2295 359
2300 359
2305 359
2310 361
2315 362
2320 363
2325 364
2330 365
2335 365
2340 367
2345 367
2350 368
2355 370
2360 370
2365 371
2370 416
2375 397
2380 366
2385 364
2390 365
2395 366
2400 366
2405 410
2410 368
2415 369
2420 370
2425 487
2430 370
2435 371
2440 374
2445 374
2450 376
2455 375
2460 377
2465 376
2470 379
2475 378
2480 381
2485 382
2490 382
2495 382
2500 383
2505 385
2510 386
2515 460
2520 388
2525 389
2530 391
2535 434
2540 391
2545 395
2550 392
2555 393
2560 394
2565 394
2570 395
2575 396
2580 398
2585 400
2590 400
2595 400
2600 402
2605 403
2610 405
2615 405
2620 405
2625 406
2630 407
2635 408
2640 409
2645 408
2650 410
2655 411
2660 445
2665 467
2670 412
2675 417
2680 514
2685 417
2690 418
2695 419
2700 419
2705 420
2710 422
2715 422
2720 423
2725 435
2730 413
2735 532
2740 439
2745 453
2750 488
2755 610
2760 545
2765 556
2770 477
2775 624
2780 579
2785 577
2790 450
2795 449
2800 450
2805 450
2810 452
2815 454
2820 453
2825 453
2830 454
2835 455
2840 457
2845 456
2850 462
2855 447
2860 448
2865 449
2870 451
2875 449
2880 518
2885 452
2890 454
2895 560
2900 474
2905 456
2910 456
2915 456
2920 458
2925 494
2930 459
2935 461
2940 460
2945 461
2950 464
2955 464
2960 465
2965 466
2970 503
2975 468
2980 469
2985 471
2990 528
2995 471
3000 471
3005 473
3010 476
3015 476
3020 474
3025 509
3030 479
3035 465
3040 467
3045 467
3050 469
3055 470
3060 470
3065 471
3070 471
3075 472
3080 474
3085 549
3090 476
3095 517
3100 479
3105 520
3110 583
3115 708
3120 533
3125 529
3130 570
3135 594
3140 533
3145 534
3150 649
3155 594
3160 539
3165 499
3170 502
3175 537
3180 562
3185 505
3190 578
3195 507
3200 507
3205 509
3210 527
3215 523
3220 523
3225 526
3230 524
3235 526
3240 530
3245 532
3250 532
3255 530
3260 532
3265 537
3270 534
3275 535
3280 536
3285 538
3290 539
3295 537
3300 560
3305 525
3310 547
3315 528
3320 529
3325 529
3330 529
3335 530
3340 572
3345 534
3350 536
3355 536
3360 537
3365 536
3370 642
3375 672
3380 561
3385 594
3390 555
3395 556
3400 557
3405 559
3410 561
3415 560
3420 560
3425 561
3430 560
3435 564
3440 566
3445 564
3450 566
3455 568
3460 570
3465 574
3470 600
3475 572
3480 585
3485 575
3490 575
3495 578
3500 579
3505 584
3510 587
3515 581
3520 581
3525 587
3530 593
3535 620
3540 591
3545 595
3550 596
3555 619
3560 589
3565 587
3570 589
3575 588
3580 590
3585 595
3590 614
3595 609
3600 600
3605 608
3610 600
3615 611
3620 618
3625 604
3630 613
3635 598
3640 602
3645 602
3650 607
3655 604
3660 604
3665 605
3670 609
3675 618
3680 653
3685 614
3690 614
3695 615
3700 612
3705 619
3710 617
3715 614
3720 619
3725 621
3730 619
3735 622
3740 622
3745 630
3750 627
3755 629
3760 624
3765 624
3770 672
3775 652
3780 625
3785 627
3790 629
3795 629
3800 669
3805 629
3810 678
3815 640
3820 633
3825 637
3830 635
3835 638
3840 637
3845 635
3850 638
3855 639
3860 644
3865 625
3870 626
3875 627
3880 699
3885 667
3890 631
3895 631
3900 630
3905 633
3910 632
3915 634
3920 635
3925 637
3930 635
3935 635
3940 743
3945 640
3950 640
3955 639
3960 680
3965 663
3970 741
3975 649
3980 643
3985 646
3990 649
3995 754
4000 649
4005 686
4010 649
4015 653
4020 654
4025 652
4030 654
4035 781
4040 653
4045 657
4050 658
4055 719
4060 681
4065 686
4070 680
4075 676
4080 679
4085 681
4090 683
4095 687
4100 686
4105 687
4110 711
4115 688
4120 693
4125 691
4130 690
4135 693
4140 693
4145 703
4150 717
4155 676
4160 678
4165 679
4170 717
4175 682
4180 684
4185 719
4190 682
4195 682
4200 686
4205 685
4210 686
4215 687
4220 688
4225 688
4230 694
4235 692
4240 692
4245 694
4250 693
4255 694
4260 731
4265 696
4270 781
4275 699
4280 699
4285 701
4290 682
4295 685
4300 686
4305 683
4310 770
4315 763
4320 707
4325 709
4330 767
4335 710
4340 748
4345 694
4350 696
4355 694
4360 696
4365 697
4370 697
4375 698
4380 737
4385 699
4390 699
4395 701
4400 777
4405 704
4410 796
4415 746
4420 705
4425 706
4430 707
4435 706
4440 709
4445 711
4450 714
4455 790
4460 713
4465 715
4470 800
4475 753
4480 771
4485 735
4490 746
4495 719
4500 719
4505 720
4510 721
4515 724
4520 723
4525 725
4530 726
4535 726
4540 847
4545 725
4550 851
4555 728
4560 747
4565 748
4570 729
4575 731
4580 733
4585 736
4590 736
4595 736
4600 737
4605 738
4610 822
4615 743
4620 743
4625 743
4630 828
4635 763
4640 787
4645 785
4650 746
4655 748
4660 825
4665 754
4670 750
4675 832
4680 752
4685 934
4690 1077
4695 980
4700 1074
4705 810
4710 927
4715 910
4720 828
4725 896
4730 971
4735 813
4740 806
4745 806
4750 807
4755 806
4760 807
4765 810
4770 811
4775 812
4780 832
4785 818
4790 821
4795 828
4800 852
4805 816
4810 825
4815 821
4820 821
4825 821
4830 826
4835 823
4840 826
4845 824
4850 824
4855 827
4860 829
4865 829
4870 829
4875 827
4880 837
4885 852
4890 957
4895 936
4900 835
4905 847
4910 849
4915 855
4920 844
4925 922
4930 838
4935 839
4940 843
4945 842
4950 842
4955 878
4960 848
4965 848
4970 848
4975 851
4980 849
4985 851
4990 853
4995 853
5000 852
5005 852
5010 866
5015 871
5020 834
5025 836
5030 833
5035 877
5040 839
5045 928
5050 839
5055 840
5060 842
5065 879
5070 842
5075 844
5080 846
5085 846
5090 847
5095 849
5100 851
5105 850
5110 851
5115 851
5120 851
5125 853
5130 854
5135 892
5140 854
5145 856
5150 894
5155 901
5160 861
5165 950
5170 860
5175 861
5180 863
5185 838
5190 843
5195 844
5200 881
5205 912
5210 1036
5215 964
5220 850
5225 924
5230 940
5235 873
5240 874
5245 874
5250 875
5255 876
5260 879
5265 914
5270 937
5275 879
5280 1029
5285 883
5290 883
5295 956
5300 1010
5305 949
5310 1136
5315 1111
5320 1364
5325 932
5330 963
5335 939
5340 917
5345 918
5350 916
5355 921
5360 918
5365 920
5370 929
5375 925
5380 944
5385 903
5390 928
5395 901
5400 902
5405 905
5410 904
5415 961
5420 952
5425 909
5430 988
5435 909
5440 908
5445 950
5450 911
5455 913
5460 985
5465 914
5470 916
5475 920
5480 918
5485 1041
5490 1048
5495 896
5500 899
5505 899
5510 966
5515 899
5520 899
5525 901
5530 902
5535 904
5540 1042
5545 906
5550 943
5555 907
5560 969
5565 947
5570 909
5575 910
5580 909
5585 911
5590 913
5595 1000
5600 994
5605 951
5610 918
5615 916
5620 917
5625 920
5630 922
5635 922
5640 922
5645 1112
5650 926
5655 923
5660 923
5665 980
5670 925
5675 929
5680 968
5685 1033
5690 1138
5695 1046
5700 1152
5705 1038
5710 996
5715 960
5720 961
5725 1046
5730 964
5735 984
5740 990
5745 1018
5750 1032
5755 1002
5760 995
5765 996
5770 997
5775 997
5780 1001
5785 1001
5790 1054
5795 974
5800 1021
5805 1023
5810 1090
5815 1012
5820 1140
5825 984
5830 1058
5835 979
5840 983
5845 983
5850 1037
5855 987
5860 1073
5865 988
5870 990
5875 990
5880 992
5885 993
5890 994
5895 994
5900 997
5905 1033
5910 1084
5915 998
5920 1000
5925 1062
5930 974
5935 972
5940 976
5945 978
5950 977
5955 1059
5960 981
5965 983
5970 983
5975 981
5980 981
5985 1048
5990 1074
5995 1065
6000 1180
6005 1127
6010 1064
6015 1057
6020 1079
6025 1046
6030 1046
6035 1046
6040 1049
6045 1047
6050 1051
6055 1052
6060 1053
6065 1065
6070 1026
6075 1064
6080 1029
6085 1195
6090 1069
6095 1030
6100 1068
6105 1134
6110 1054
6115 1036
6120 1035
6125 1036
6130 1040
6135 1078
6140 1037
6145 1074
6150 1116
6155 1054
6160 1013
6165 1016
6170 1018
6175 1092
6180 1113
6185 1020
6190 1061
6195 1023
6200 1161
6205 1174
6210 1052
6215 1091
6220 1075
6225 1070
6230 1094
6235 1057
6240 1060
6245 1099
6250 1059
6255 1059
6260 1060
6265 1059
6270 1063
6275 1063
6280 1063
6285 1066
6290 1104
6295 1102
6300 1147
6305 1046
6310 1043
6315 1043
6320 1044
6325 1046
6330 1048
6335 1048
6340 1123
6345 1051
6350 1048
6355 1051
6360 1055
6365 1055
6370 1054
6375 1055
6380 1098
6385 1147
6390 1210
6395 1185
6400 1099
6405 1138
6410 1061
6415 1137
6420 1063
6425 1087
6430 1092
6435 1127
6440 1094
6445 1096
6450 1095
6455 1097
6460 1099
6465 1099
6470 1097
6475 1074
6480 1093
6485 1148
6490 1230
6495 1075
6500 1077
6505 1078
6510 1191
6515 1121
6520 1107
6525 1109
6530 1202
6535 1111
6540 1112
6545 1114
6550 1113
6555 1116
6560 1087
6565 1086
6570 1190
6575 1164
6580 1292
6585 1092
6590 1169
6595 1096
6600 1094
6605 1096
6610 1100
6615 1098
6620 1158
6625 1098
6630 1125
6635 1099
6640 1100
6645 1101
6650 1107
6655 1183
6660 1104
6665 1234
6670 1267
6675 1107
6680 1108
6685 1109
6690 1111
6695 1265
6700 1114
6705 1114
6710 1460
6715 1215
6720 1143
6725 1232
6730 1150
6735 1146
6740 1187
6745 1151
6750 1279
6755 1153
6760 1241
6765 1155
6770 1154
6775 1158
6780 1159
6785 1194
6790 1162
6795 1208
6800 1161
6805 1160
6810 1163
6815 1165
6820 1163
6825 1164
6830 1167
6835 1205
6840 1217
6845 1269
6850 1141
6855 1139
6860 1141
6865 1146
6870 1315
6875 1213
6880 1219
6885 1168
6890 1177
6895 1179
6900 1182
6905 1180
6910 1182
6915 1222
6920 1183
6925 1189
6930 1421
6935 1155
6940 1154
6945 1158
6950 1159
6955 1160
6960 1163
6965 1163
6970 1334
6975 1164
6980 1166
6985 1164
6990 1164
6995 1166
7000 1166
7005 1166
7010 1271
7015 1293
7020 1211
7025 1191
7030 1189
7035 1172
7040 1172
7045 1175
7050 1177
7055 1253
7060 1179
7065 1472
7070 1631
7075 1284
7080 1471
7085 1249
7090 1248
7095 1257
7100 1290
7105 1253
7110 1253
7115 1253
7120 1265
7125 1261
7130 1259
7135 1263
7140 1225
7145 1224
7150 1261
7155 1225
7160 1305
7165 1230
7170 1230
7175 1233
7180 1370
7185 1231
7190 1233
7195 1262
7200 1232
7205 1234
7210 1240
7215 1312
7220 1316
7225 1238
7230 1240
7235 1241
7240 1210
7245 1211
7250 1212
7255 1351
7260 1280
7265 1216
7270 1219
7275 1216
7280 1219
7285 1221
7290 1359
7295 1378
7300 1222
7305 1222
7310 1226
7315 1223
7320 1337
7325 1224
7330 1225
7335 1267
7340 1312
7345 1392
7350 1228
7355 1261
7360 1301
7365 1265
7370 1345
7375 1267
7380 1313
7385 1268
7390 1330
7395 1263
7400 1294
7405 1242
7410 1393
7415 1261
7420 1389
7425 1428
7430 1276
7435 1281
7440 1361
7445 1280
7450 1281
7455 1320
7460 1285
7465 1310
7470 1252
7475 1438
7480 1534
7485 1881
7490 1663
7495 1378
7500 1395
7505 1291
7510 1294
7515 1291
7520 1296
7525 1362
7530 1295
7535 1325
7540 1297
7545 1296
7550 1338
7555 1390
7560 1406
7565 1307
7570 1365
7575 1385
7580 1340
7585 1307
7590 1307
7595 1306
7600 1306
7605 1351
7610 1309
7615 1310
7620 1363
7625 1315
7630 1349
7635 1316
7640 1298
7645 1352
7650 1391
7655 1284
7660 1355
7665 1287
7670 1289
7675 1289
7680 1366
7685 1291
7690 1292
7695 1294
7700 1291
7705 1291
7710 1295
7715 1294
7720 1373
7725 1354
7730 1388
7735 1303
7740 1300
7745 1348
7750 1335
7755 1341
7760 1382
7765 1381
7770 1308
7775 1382
7780 1303
7785 1305
7790 1309
7795 1309
7800 1504
7805 1445
7810 1624
7815 1553
7820 1388
7825 1395
7830 1387
7835 1408
7840 1394
7845 1416
7850 1401
7855 1420
7860 1356
7865 1358
7870 1424
7875 1488
7880 1360
7885 1415
7890 1401
7895 1362
7900 1413
7905 1452
7910 1366
7915 1450
7920 1369
7925 1374
7930 1448
7935 1369
7940 1372
7945 1500
7950 1431
7955 1459
7960 1451
7965 1374
7970 1608
7975 1892
7980 1667
7985 1434
7990 1382
7995 1382
8000 1476
8005 1386
8010 1452
8015 1496
8020 1454
8025 1463
8030 1391
8035 1392
8040 1507
8045 1392
8050 1459
8055 1468
8060 1394
8065 1432
8070 1479
8075 1399
8080 1505
8085 1457
8090 1518
8095 1482
8100 1441
8105 1399
8110 1481
8115 1404
8120 1444
8125 1458
8130 1404
8135 1470
8140 1412
8145 1409
8150 1514
8155 1412
8160 1789
8165 1453
8170 1499
8175 1462
8180 1510
8185 1465
8190 1487
8195 1455
8200 1458
8205 1461
8210 1490
8215 1474
8220 1478
8225 1607
8230 1584
8235 1476
8240 1465
8245 1429
8250 1520
8255 1469
8260 1547
8265 1500
8270 1455
8275 1436
8280 1556
8285 1439
8290 1554
8295 1509
8300 1458
8305 1619
8310 1447
8315 1554
8320 1543
8325 1489
8330 1530
8335 1485
8340 1628
8345 1710
8350 1490
8355 1500
8360 1501
8365 1511
8370 1513
8375 1493
8380 1497
8385 1494
8390 1496
8395 1532
8400 1498
8405 1517
8410 1517
8415 1461
8420 1668
8425 1507
8430 1506
8435 1503
8440 1468
8445 1594
8450 1468
8455 1467
8460 1569
8465 1474
8470 1656
8475 1469
8480 1517
8485 1548
8490 1551
8495 1515
8500 1698
8505 1519
8510 1539
8515 1520
8520 1560
8525 1534
8530 1536
8535 1505
8540 1540
8545 1580
8550 1490
8555 1486
8560 1542
8565 1575
8570 1488
8575 1511
8580 1529
8585 1534
8590 1494
8595 1570
8600 1498
8605 1497
8610 1500
8615 1502
8620 1503
8625 1501
8630 1560
8635 1558
8640 1464
8645 1466
8650 1468
8655 1467
8660 1688
8665 1593
8670 1473
8675 1561
8680 1472
8685 1477
8690 1491
8695 1556
8700 1583
8705 1519
8710 1516
8715 1516
8720 1520
8725 1502
8730 1542
8735 1567
8740 1485
8745 1486
8750 1490
8755 1490
8760 1488
8765 1564
8770 1855
8775 1826
8780 2032
8785 1623
8790 1576
8795 1618
8800 1576
8805 1594
8810 1578
8815 1582
8820 1582
8825 1626
8830 1602
8835 1590
8840 1586
8845 1604
8850 1680
8855 1545
8860 1671
8865 1548
8870 1548
8875 1623
8880 1550
8885 1664
8890 1592
8895 1699
8900 1554
8905 1593
8910 1599
8915 1559
8920 1650
8925 1621
8930 1562
8935 1672
8940 1597
8945 1563
8950 1564
8955 1568
8960 1668
8965 1640
8970 1570
8975 1568
8980 1612
8985 1656
8990 1571
8995 1555
9000 1533
9005 1612
9010 1534
9015 1539
9020 1621
9025 1674
9030 1685
9035 1539
9040 1617
9045 1543
9050 1617
9055 1729
9060 1585
9065 1587
9070 1586
9075 1629
9080 1589
9085 1623
9090 1654
9095 1552
9100 1738
9105 1795
9110 2451
9115 1765
9120 1598
9125 1599
9130 1599
9135 1602
9140 1754
9145 1756
9150 1791
9155 1593
9160 1665
9165 1566
9170 1778
9175 1622
9180 1610
9185 1609
9190 1702
9195 1611
9200 1642
9205 1747
9210 1733
9215 1615
9220 1622
9225 1665
9230 1619
9235 1698
9240 1621
9245 1620
9250 1623
9255 1622
9260 1665
9265 1665
9270 1654
9275 1740
9280 1583
9285 1620
9290 1631
9295 1631
9300 1666
9305 1631
9310 1633
9315 1629
9320 1595
9325 1592
9330 1671
9335 1746
9340 1599
9345 1598
9350 1686
9355 1661
9360 1921
9365 1600
9370 1605
9375 1658
9380 1651
9385 1669
9390 1790
9395 1935
9400 1909
9405 1698
9410 1704
9415 1697
9420 1708
9425 1701
9430 1703
9435 1701
9440 1704
9445 1704
9450 1712
9455 1770
9460 1663
9465 1663
9470 1660
9475 1700
9480 1708
9485 1678
9490 1623
9495 1623
9500 1717
9505 1980
9510 1912
9515 1747
9520 1720
9525 1718
9530 1722
9535 1734
9540 1723
9545 1676
9550 1680
9555 1681
9560 1677
9565 1683
9570 1806
9575 1830
9580 1761
9585 1686
9590 1685
9595 1689
9600 1692
9605 1691
9610 1731
9615 1693
9620 1693
9625 1693
9630 1747
9635 1820
9640 1654
9645 1738
9650 1656
9655 1658
9660 1794
9665 1659
9670 1659
9675 1734
9680 1773
9685 1742
9690 1739
9695 1869
9700 1979
9705 1859
9710 1718
9715 1751
9720 1788
9725 1710
9730 1714
9735 1715
9740 1716
9745 1716
9750 1809
9755 1783
9760 1719
9765 1701
9770 1722
9775 1679
9780 1721
9785 1683
9790 1682
9795 1685
9800 1685
9805 1685
9810 1862
9815 1684
9820 1760
9825 1690
9830 1690
9835 1690
9840 1732
9845 1765
9850 1693
9855 1694
9860 1697
9865 1694
9870 1909
9875 1700
9880 1699
9885 1698
9890 1705
9895 1883
9900 1700
9905 1778
9910 1706
9915 1782
9920 1786
9925 1786
9930 1856
9935 1751
9940 1799
9945 1756
9950 1881
9955 1843
9960 1731
9965 1831
9970 1717
9975 1717
9980 1837
9985 1796
9990 1803
9995 1798
10000 1860
