5 0
10 0
15 1
20 1
25 1
30 2
35 2
40 3
45 3
50 3
55 4
60 4
65 5
70 6
75 6
80 6
85 7
90 8
95 8
100 8
105 9
110 9
115 10
120 11
125 11
130 12
135 12
140 13
145 13
150 14
155 14
160 15
165 16
170 16
175 17
180 17
185 18
190 19
195 19
200 20
205 21
210 22
215 22
220 23
225 23
230 24
235 25
240 25
245 26
250 27
255 27
260 28
265 29
270 30
275 30
280 30
285 31
290 31
295 32
300 33
305 34
310 34
315 35
320 35
325 37
330 37
335 38
340 38
345 38
350 40
355 40
360 41
365 41
370 42
375 43
380 43
385 44
390 45
395 46
400 47
405 48
410 48
415 49
420 64
425 49
430 50
435 50
440 50
445 52
450 52
455 53
460 54
465 55
470 55
475 56
480 57
485 58
490 58
495 59
500 60
505 60
510 61
515 62
520 62
525 63
530 63
535 64
540 65
545 66
550 67
555 67
560 68
565 69
570 69
575 70
580 70
585 72
590 72
595 73
600 73
605 74
610 75
615 76
620 76
625 77
630 78
635 79
640 79
645 80
650 81
655 82
660 83
665 85
670 84
675 85
680 101
685 87
690 87
695 88
700 89
705 89
710 90
715 91
720 92
725 92
730 93
735 94
740 95
745 95
750 96
755 97
760 98
765 99
770 122
775 117
780 101
785 104
790 102
795 103
800 104
805 105
810 106
815 106
820 108
825 152
830 108
835 109
840 110
845 111
850 112
855 151
860 132
865 116
870 116
875 116
880 117
885 118
890 118
895 119
900 120
905 120
910 122
915 122
920 123
925 159
930 124
935 125
940 126
945 126
950 127
955 128
960 129
965 129
970 130
975 131
980 132
985 133
990 134
995 135
1000 135
1005 137
1010 137
1015 137
1020 138
1025 138
1030 139
1035 140
1040 141
1045 142
1050 143
1055 143
1060 144
1065 144
1070 146
1075 147
1080 148
1085 214
1090 165
1095 149
1100 151
1105 151
1110 151
1115 153
1120 153
1125 155
1130 155
1135 177
1140 211
1145 158
1150 158
1155 159
1160 160
1165 162
1170 162
1175 165
1180 165
1185 165
1190 165
1195 166
1200 166
1205 168
1210 168
1215 169
1220 169
1225 171
1230 244
1235 209
1240 172
1245 214
1250 174
1255 175
1260 176
1265 176
1270 178
1275 196
1280 224
1285 289
1290 220
1295 208
1300 201
1305 192
1310 200
1315 199
1320 200
1325 205
1330 208
1335 224
1340 190
1345 191
1350 191
1355 192
1360 193
1365 194
1370 195
1375 195
1380 252
1385 216
1390 198
1395 199
1400 200
1405 201
1410 289
1415 204
1420 203
1425 203
1430 206
1435 206
1440 206
1445 207
1450 209
1455 208
1460 210
1465 214
1470 211
1475 211
1480 212
1485 215
1490 214
1495 215
1500 215
1505 216
1510 217
1515 218
1520 220
1525 220
1530 241
1535 229
1540 281
1545 258
1550 245
1555 225
1560 227
1565 226
1570 227
1575 229
1580 229
1585 229
1590 230
1595 231
1600 327
1605 233
1610 234
1615 234
1620 235
1625 236
1630 269
1635 237
1640 239
1645 240
1650 240
1655 242
1660 242
1665 243
1670 245
1675 246
1680 246
1685 247
1690 322
1695 277
1700 269
1705 258
1710 271
1715 270
1720 252
1725 253
1730 253
1735 256
1740 255
1745 257
1750 258
1755 258
1760 259
1765 260
1770 261
1775 262
1780 262
1785 263
1790 264
1795 265
1800 317
1805 282
1810 267
1815 268
1820 307
1825 291
1830 279
1835 282
1840 282
1845 281
1850 282
1855 284
1860 289
1865 285
1870 290
1875 286
1880 286
1885 318
1890 287
1895 289
1900 290
1905 292
1910 291
1915 293
1920 293
1925 294
1930 296
1935 296
1940 297
1945 298
1950 298
1955 299
1960 301
1965 301
1970 301
1975 302
1980 305
1985 303
1990 307
1995 307
2000 307
2005 325
2010 314
2015 314
2020 312
2025 312
2030 315
2035 313
2040 319
2045 316
2050 316
2055 317
2060 319
2065 320
2070 319
2075 322
2080 321
2085 322
2090 323
2095 323
2100 325
2105 325
2110 328
2115 327
2120 328
2125 329
2130 347
2135 330
2140 330
2145 336
2150 333
2155 334
2160 335
2165 336
2170 336
2175 339
2180 338
2185 338
2190 340
2195 341
2200 340
2205 342
2210 343
2215 345
2220 345
2225 346
2230 347
2235 349
2240 349
2245 351
2250 350
2255 352
2260 352
2265 353
2270 366
2275 344
2280 346
2285 457
2290 398
2295 364
2300 363
2305 363
2310 364
2315 365
2320 367
2325 368
2330 370
2335 370
2340 369
2345 370
2350 376
2355 372
2360 372
2365 373
2370 372
2375 373
2380 376
2385 376
2390 376
2395 383
2400 382
2405 381
2410 386
2415 391
2420 409
2425 381
2430 384
2435 383
2440 384
2445 386
2450 386
2455 387
2460 388
2465 389
2470 390
2475 391
2480 392
2485 393
2490 394
2495 395
2500 395
2505 396
2510 397
2515 401
2520 398
2525 401
2530 402
2535 399
2540 400
2545 402
2550 404
2555 405
2560 407
2565 406
2570 408
2575 410
2580 408
2585 409
2590 411
2595 412
2600 414
2605 414
2610 415
2615 417
2620 416
2625 416
2630 417
2635 430
2640 408
2645 410
2650 409
2655 412
2660 412
2665 509
2670 414
2675 456
2680 414
2685 417
2690 417
2695 419
2700 420
2705 422
2710 420
2715 423
2720 463
2725 461
2730 425
2735 426
2740 428
2745 427
2750 429
2755 431
2760 431
2765 430
2770 588
2775 433
2780 513
2785 437
2790 436
2795 462
2800 437
2805 437
2810 436
2815 440
2820 440
2825 478
2830 442
2835 444
2840 445
2845 445
2850 446
2855 447
2860 448
2865 451
2870 451
2875 451
2880 454
2885 453
2890 454
2895 527
2900 490
2905 525
2910 456
2915 458
2920 459
2925 460
2930 459
2935 461
2940 461
2945 462
2950 463
2955 464
2960 465
2965 465
2970 546
2975 467
2980 467
2985 508
2990 470
2995 474
3000 472
3005 473
3010 474
3015 512
3020 524
3025 478
3030 479
3035 478
3040 479
3045 481
3050 481
3055 490
3060 471
3065 470
3070 471
3075 473
3080 473
3085 474
3090 475
3095 477
3100 478
3105 528
3110 555
3115 500
3120 535
3125 480
3130 483
3135 485
3140 485
3145 484
3150 559
3155 488
3160 488
3165 490
3170 487
3175 490
3180 490
3185 491
3190 588
3195 527
3200 496
3205 496
3210 497
3215 497
3220 573
3225 499
3230 500
3235 501
3240 616
3245 521
3250 554
3255 517
3260 517
3265 517
3270 517
3275 521
3280 523
3285 522
3290 522
3295 523
3300 524
3305 652
3310 527
3315 608
3320 527
3325 529
3330 531
3335 626
3340 570
3345 757
3350 749
3355 612
3360 608
3365 633
3370 634
3375 624
3380 539
3385 540
3390 540
3395 540
3400 607
3405 543
3410 543
3415 545
3420 545
3425 547
3430 548
3435 615
3440 549
3445 579
3450 582
3455 635
3460 653
3465 589
3470 604
3475 553
3480 606
3485 557
3490 667
3495 588
3500 693
3505 617
3510 588
3515 580
3520 579
3525 582
3530 580
3535 581
3540 581
3545 585
3550 584
3555 584
3560 588
3565 587
3570 592
3575 590
3580 591
3585 590
3590 624
3595 592
3600 593
3605 595
3610 597
3615 598
3620 599
3625 598
3630 600
3635 598
3640 605
3645 606
3650 615
3655 610
3660 699
3665 590
3670 613
3675 605
3680 592
3685 594
3690 593
3695 593
3700 596
3705 646
3710 596
3715 598
3720 599
3725 602
3730 602
3735 602
3740 664
3745 605
3750 606
3755 718
3760 687
3765 670
3770 717
3775 608
3780 608
3785 609
3790 612
3795 612
3800 614
3805 613
3810 693
3815 656
3820 637
3825 636
3830 638
3835 636
3840 636
3845 640
3850 639
3855 642
3860 640
3865 644
3870 641
3875 643
3880 646
3885 649
3890 746
3895 628
3900 633
3905 711
3910 631
3915 634
3920 635
3925 634
3930 710
3935 637
3940 637
3945 637
3950 638
3955 641
3960 641
3965 644
3970 754
3975 645
3980 684
3985 646
3990 648
3995 647
4000 649
4005 650
4010 724
4015 651
4020 651
4025 657
4030 651
4035 729
4040 735
4045 657
4050 656
4055 746
4060 659
4065 781
4070 825
4075 812
4080 701
4085 758
4090 735
4095 685
4100 684
4105 694
4110 687
4115 689
4120 695
4125 697
4130 695
4135 692
4140 692
4145 694
4150 695
4155 694
4160 697
4165 700
4170 679
4175 752
4180 681
4185 682
4190 681
4195 683
4200 720
4205 685
4210 722
4215 686
4220 688
4225 689
4230 714
4235 691
4240 753
4245 729
4250 693
4255 697
4260 697
4265 792
4270 700
4275 697
4280 700
4285 698
4290 741
4295 703
4300 742
4305 706
4310 778
4315 706
4320 708
4325 708
4330 709
4335 709
4340 708
4345 712
4350 782
4355 715
4360 752
4365 716
4370 718
4375 719
4380 756
4385 722
4390 719
4395 796
4400 724
4405 866
4410 744
4415 722
4420 725
4425 724
4430 727
4435 727
4440 728
4445 806
4450 732
4455 731
4460 810
4465 731
4470 735
4475 734
4480 776
4485 735
4490 737
4495 737
4500 739
4505 739
4510 741
4515 782
4520 742
4525 743
4530 747
4535 746
4540 817
4545 770
4550 839
4555 752
4560 753
4565 870
4570 753
4575 752
4580 756
4585 759
4590 759
4595 797
4600 764
4605 821
4610 760
4615 834
4620 841
4625 766
4630 766
4635 768
4640 768
4645 769
4650 768
4655 771
4660 772
4665 815
4670 773
4675 863
4680 872
4685 783
4690 777
4695 811
4700 778
4705 779
4710 781
4715 835
4720 783
4725 783
4730 783
4735 787
4740 799
4745 984
4750 767
4755 844
4760 770
4765 881
4770 848
4775 772
4780 849
4785 775
4790 774
4795 776
4800 876
4805 855
4810 1091
4815 839
4820 818
4825 928
4830 803
4835 803
4840 802
4845 806
4850 807
4855 864
4860 832
4865 832
4870 832
4875 832
4880 836
4885 833
4890 835
4895 837
4900 836
4905 840
4910 840
4915 839
4920 875
4925 844
4930 842
4935 846
4940 844
4945 843
4950 845
4955 850
4960 856
4965 850
4970 847
4975 850
4980 852
4985 852
4990 857
4995 855
5000 854
5005 854
5010 856
5015 855
5020 860
5025 859
5030 852
5035 875
5040 929
5045 886
5050 860
5055 932
5060 843
5065 895
5070 848
5075 849
5080 850
5085 849
5090 850
5095 892
5100 853
5105 892
5110 963
5115 1010
5120 1039
5125 856
5130 860
5135 885
5140 908
5145 883
5150 886
5155 937
5160 892
5165 886
5170 889
5175 890
5180 893
5185 1072
5190 917
5195 909
5200 941
5205 904
5210 916
5215 910
5220 918
5225 913
5230 923
5235 945
5240 902
5245 902
5250 903
5255 905
5260 904
5265 952
5270 911
5275 939
5280 907
5285 906
5290 919
5295 921
5300 967
5305 970
5310 922
5315 983
5320 930
5325 939
5330 1019
5335 921
5340 916
5345 933
5350 964
5355 939
5360 932
5365 937
5370 954
5375 1011
5380 932
5385 932
5390 932
5395 932
5400 935
5405 932
5410 1062
5415 1061
5420 942
5425 935
5430 958
5435 1017
5440 945
5445 926
5450 1040
5455 1114
5460 941
5465 919
5470 917
5475 962
5480 1105
5485 963
5490 954
5495 960
5500 950
5505 1305
5510 1134
5515 1171
5520 955
5525 953
5530 956
5535 953
5540 958
5545 958
5550 959
5555 1011
5560 964
5565 962
5570 988
5575 983
5580 969
5585 1003
5590 937
5595 939
5600 982
5605 943
5610 944
5615 941
5620 974
5625 1039
5630 1098
5635 975
5640 974
5645 974
5650 978
5655 979
5660 979
5665 979
5670 980
5675 1004
5680 1109
5685 996
5690 957
5695 960
5700 959
5705 960
5710 959
5715 962
5720 966
5725 964
5730 966
5735 1004
5740 1007
5745 967
5750 969
5755 966
5760 969
5765 969
5770 973
5775 972
5780 963
5785 1085
5790 1030
5795 1006
5800 1035
5805 978
5810 1025
5815 1009
5820 1018
5825 1013
5830 1009
5835 1012
5840 1014
5845 1012
5850 1012
5855 1012
5860 1014
5865 1016
5870 1032
5875 990
5880 1033
5885 1185
5890 1065
5895 1041
5900 994
5905 997
5910 1034
5915 1036
5920 1001
5925 1002
5930 999
5935 1002
5940 1003
5945 1047
5950 1042
5955 1007
5960 1006
5965 1012
5970 1010
5975 1008
5980 1082
5985 1075
5990 1029
5995 1032
6000 1014
6005 1015
6010 1017
6015 1006
6020 1019
6025 1061
6030 994
6035 1070
6040 1016
6045 1027
6050 996
6055 998
6060 1112
6065 1061
6070 1017
6075 1003
6080 1003
6085 1151
6090 1102
6095 1007
6100 1156
6105 1033
6110 1035
6115 1075
6120 1037
6125 1037
6130 1041
6135 1037
6140 1093
6145 1078
6150 1069
6155 1045
6160 1046
6165 1080
6170 1045
6175 1047
6180 1046
6185 1170
6190 1087
6195 1055
6200 1024
6205 1024
6210 1028
6215 1026
6220 1064
6225 1028
6230 1030
6235 1052
6240 1050
6245 1270
6250 1035
6255 1032
6260 1032
6265 1034
6270 1075
6275 1123
6280 1138
6285 1106
6290 1068
6295 1071
6300 1073
6305 1071
6310 1073
6315 1097
6320 1335
6325 1185
6330 1116
6335 1106
6340 1103
6345 1107
6350 1108
6355 1108
6360 1114
6365 1141
6370 1134
6375 1125
6380 1085
6385 1084
6390 1123
6395 1126
6400 1088
6405 1131
6410 1091
6415 1101
6420 1091
6425 1136
6430 1096
6435 1133
6440 1096
6445 1098
6450 1176
6455 1097
6460 1099
6465 1151
6470 1144
6475 1104
6480 1142
6485 1102
6490 1104
6495 1105
6500 1116
6505 1078
6510 1077
6515 1157
6520 1084
6525 1423
6530 1165
6535 1086
6540 1085
6545 1087
6550 1089
6555 1252
6560 1151
6565 1093
6570 1089
6575 1092
6580 1158
6585 1159
6590 1157
6595 1126
6600 1125
6605 1174
6610 1131
6615 1131
6620 1126
6625 1133
6630 1123
6635 1099
6640 1104
6645 1282
6650 1215
6655 1145
6660 1162
6665 1110
6670 1133
6675 1140
6680 1141
6685 1141
6690 1141
6695 1223
6700 1146
6705 1149
6710 1149
6715 1132
6720 1116
6725 1201
6730 1198
6735 1235
6740 1190
6745 1122
6750 1123
6755 1159
6760 1155
6765 1159
6770 1241
6775 1155
6780 1159
6785 1233
6790 1160
6795 1200
6800 1133
6805 1190
6810 1135
6815 1253
6820 1317
6825 1243
6830 1170
6835 1229
6840 1171
6845 1169
6850 1171
6855 1171
6860 1175
6865 1174
6870 1210
6875 1178
6880 1197
6885 1150
6890 1150
6895 1149
6900 1148
6905 1245
6910 1295
6915 1153
6920 1152
6925 1153
6930 1157
6935 1156
6940 1157
6945 1161
6950 1235
6955 1242
6960 1198
6965 1163
6970 1161
6975 1162
6980 1164
6985 1205
6990 1207
6995 1330
7000 1256
7005 1202
7010 1169
7015 1169
7020 1172
7025 1173
7030 1176
7035 1178
7040 1329
7045 1175
7050 1175
7055 1180
7060 1178
7065 1250
7070 1181
7075 1182
7080 1363
7085 1257
7090 1185
7095 1183
7100 1188
7105 1362
7110 1222
7115 1211
7120 1267
7125 1305
7130 1224
7135 1221
7140 1224
7145 1264
7150 1226
7155 1274
7160 1284
7165 1489
7170 1199
7175 1200
7180 1200
7185 1199
7190 1350
7195 1306
7200 1235
7205 1271
7210 1238
7215 1237
7220 1237
7225 1288
7230 1251
7235 1210
7240 1209
7245 1287
7250 1325
7255 1213
7260 1288
7265 1335
7270 1251
7275 1291
7280 1303
7285 1268
7290 1289
7295 1255
7300 1259
7305 1348
7310 1255
7315 1259
7320 1260
7325 1357
7330 1298
7335 1260
7340 1625
7345 1292
7350 1323
7355 1305
7360 1270
7365 1317
7370 1267
7375 1310
7380 1333
7385 1268
7390 1270
7395 1272
7400 1334
7405 1372
7410 1276
7415 1310
7420 1273
7425 1278
7430 1279
7435 1279
7440 1282
7445 1320
7450 1396
7455 1280
7460 1602
7465 1474
7470 1320
7475 1284
7480 1384
7485 1329
7490 1310
7495 1331
7500 1326
7505 1363
7510 1329
7515 1344
7520 1331
7525 1332
7530 1295
7535 1298
7540 1343
7545 1299
7550 1300
7555 1464
7560 1337
7565 1304
7570 1305
7575 1305
7580 1306
7585 1307
7590 1306
7595 1405
7600 1353
7605 1313
7610 1517
7615 1544
7620 1761
7625 1484
7630 1432
7635 1357
7640 1450
7645 1576
7650 1353
7655 1408
7660 1320
7665 1367
7670 1487
7675 1361
7680 1359
7685 1360
7690 1361
7695 1364
7700 1387
7705 1366
7710 1407
7715 1369
7720 1371
7725 1371
7730 1372
7735 1354
7740 1376
7745 1400
7750 1454
7755 1379
7760 1339
7765 1341
7770 1341
7775 1426
7780 1447
7785 1346
7790 1343
7795 1349
7800 1349
7805 1353
7810 1347
7815 1350
7820 1428
7825 1350
7830 1351
7835 1353
7840 1341
7845 1319
7850 1322
7855 1543
7860 1325
7865 1380
7870 1395
7875 1325
7880 1324
7885 1326
7890 1454
7895 1428
7900 1435
7905 1328
7910 1482
7915 1331
7920 1333
7925 1499
7930 1415
7935 1336
7940 1337
7945 1456
7950 1420
7955 1417
7960 1435
7965 1341
7970 1520
7975 1706
7980 1460
7985 1529
7990 1465
7995 1536
8000 1837
8005 1809
8010 1491
8015 1501
8020 1446
8025 1427
8030 1431
8035 1431
8040 1430
8045 1449
8050 1468
8055 1430
8060 1432
8065 1525
8070 1463
8075 1435
8080 1439
8085 1436
8090 1437
8095 1441
8100 1439
8105 1448
8110 1404
8115 1404
8120 1406
8125 1449
8130 1408
8135 1528
8140 1491
8145 1449
8150 1452
8155 1447
8160 1455
8165 1452
8170 1415
8175 1496
8180 1470
8185 1462
8190 1420
8195 1421
8200 1457
8205 1577
8210 1508
8215 1626
8220 1644
8225 1427
8230 1463
8235 1460
8240 1483
8245 1475
8250 1470
8255 1497
8260 1471
8265 1473
8270 1469
8275 1520
8280 1542
8285 1438
8290 1441
8295 1440
8300 1440
8305 1495
8310 1408
8315 1496
8320 1626
8325 1406
8330 1407
8335 1408
8340 1449
8345 1506
8350 1456
8355 1411
8360 1415
8365 1416
8370 1454
8375 1418
8380 1420
8385 1500
8390 1418
8395 1419
8400 1422
8405 1422
8410 1497
8415 1429
8420 1675
8425 1426
8430 1428
8435 1430
8440 1427
8445 1430
8450 1431
8455 1452
8460 1471
8465 1431
8470 1432
8475 1472
8480 1435
8485 1527
8490 1677
8495 1442
8500 1539
8505 1480
8510 1479
8515 1483
8520 1602
8525 1520
8530 1483
8535 1547
8540 1487
8545 1484
8550 1491
8555 1555
8560 1661
8565 2230
8570 1813
8575 1696
8580 1675
8585 2215
8590 1533
8595 1538
8600 1539
8605 1538
8610 1539
8615 1555
8620 1581
8625 1628
8630 1502
8635 1501
8640 1505
8645 1554
8650 1621
8655 1510
8660 1506
8665 1509
8670 1508
8675 1511
8680 1517
8685 1565
8690 1549
8695 1514
8700 1477
8705 1512
8710 1478
8715 1551
8720 1605
8725 1482
8730 1484
8735 1486
8740 1484
8745 1489
8750 1643
8755 1690
8760 1488
8765 1488
8770 1486
8775 1491
8780 1527
8785 1568
8790 1649
8795 1568
8800 1534
8805 1534
8810 1532
8815 1588
8820 1758
8825 1500
8830 1502
8835 1502
8840 1579
8845 1576
8850 1564
8855 1614
8860 1504
8865 1570
8870 1604
8875 1548
8880 1551
8885 1694
8890 1551
8895 1552
8900 1556
8905 1532
8910 1516
8915 1636
8920 1593
8925 1519
8930 1517
8935 1520
8940 1523
8945 1597
8950 1741
8955 1605
8960 1524
8965 1566
8970 1659
8975 1568
8980 1570
8985 1604
8990 1573
8995 1734
9000 1744
9005 1539
9010 1536
9015 1925
9020 1537
9025 1635
9030 1583
9035 1579
9040 1582
9045 1626
9050 1626
9055 1582
9060 1584
9065 1581
9070 1586
9075 1729
9080 1627
9085 1575
9090 1552
9095 1615
9100 1629
9105 1555
9110 1551
9115 1636
9120 1554
9125 1556
9130 1558
9135 1562
9140 1647
9145 1683
9150 1606
9155 1707
9160 1560
9165 1565
9170 1795
9175 1760
9180 1608
9185 1608
9190 1608
9195 1610
9200 1618
9205 1726
9210 1651
9215 1574
9220 1576
9225 1638
9230 1799
9235 2548
9240 2010
9245 1621
9250 1674
9255 1621
9260 1630
9265 1750
9270 1696
9275 1628
9280 1655
9285 1634
9290 1679
9295 1734
9300 1631
9305 1631
9310 1635
9315 1674
9320 1612
9325 1775
9330 1636
9335 1596
9340 1617
9345 1724
9350 1596
9355 1599
9360 1673
9365 1602
9370 1602
9375 1607
9380 1602
9385 1689
9390 2104
9395 1694
9400 1694
9405 1695
9410 1699
9415 1700
9420 1699
9425 1699
9430 1699
9435 1734
9440 1695
9445 1744
9450 1704
9455 1800
9460 1664
9465 1659
9470 1684
9475 1665
9480 1704
9485 1665
9490 1667
9495 1669
9500 1668
9505 1666
9510 1778
9515 1674
9520 1633
9525 1632
9530 1750
9535 1636
9540 1716
9545 1639
9550 1744
9555 1723
9560 1636
9565 1638
9570 1845
9575 1692
9580 1682
9585 1686
9590 1685
9595 1728
9600 1767
9605 1644
9610 1648
9615 1648
9620 1683
9625 1755
9630 1951
9635 1650
9640 1654
9645 1651
9650 1693
9655 1660
9660 1658
9665 1733
9670 1661
9675 1865
9680 1856
9685 1763
9690 1813
9695 1770
9700 1761
9705 1935
9710 1842
9715 1795
9720 1873
9725 1771
9730 1765
9735 1772
9740 1762
9745 1802
9750 1765
9755 1764
9760 1766
9765 1784
9770 1725
9775 1729
9780 1764
9785 1730
9790 1727
9795 1734
9800 1965
9805 1872
9810 1730
9815 1766
9820 1733
9825 1734
9830 1733
9835 1782
9840 1732
9845 1736
9850 1735
9855 1777
9860 1740
9865 1834
9870 1741
9875 1736
9880 1810
9885 1700
9890 1704
9895 1780
9900 1761
9905 1703
9910 1701
9915 1778
9920 2104
9925 1786
9930 1781
9935 1751
9940 1827
9945 1802
9950 1758
9955 1795
9960 1757
9965 1760
9970 1829
9975 1763
9980 1929
9985 1746
9990 1722
9995 1835
10000 1722
