5 0
10 0
15 0
20 1
25 1
30 2
35 2
40 2
45 3
50 3
55 4
60 4
65 5
70 5
75 6
80 6
85 6
90 7
95 7
100 8
105 8
110 9
115 9
120 10
125 11
130 11
135 12
140 13
145 13
150 13
155 14
160 15
165 15
170 16
175 16
180 17
185 17
190 18
195 18
200 19
205 20
210 20
215 21
220 22
225 22
230 22
235 23
240 24
245 24
250 25
255 26
260 26
265 27
270 28
275 28
280 29
285 29
290 30
295 31
300 31
305 32
310 32
315 33
320 34
325 34
330 35
335 35
340 36
345 37
350 37
355 38
360 39
365 39
370 40
375 40
380 41
385 41
390 43
395 43
400 44
405 45
410 46
415 46
420 46
425 48
430 48
435 49
440 49
445 50
450 51
455 52
460 52
465 53
470 54
475 54
480 55
485 56
490 56
495 57
500 58
505 59
510 60
515 60
520 61
525 62
530 62
535 63
540 64
545 64
550 64
555 66
560 66
565 67
570 68
575 68
580 69
585 69
590 70
595 71
600 71
605 72
610 73
615 73
620 74
625 75
630 76
635 123
640 96
645 80
650 82
655 82
660 83
665 83
670 84
675 85
680 86
685 86
690 87
695 88
700 89
705 89
710 90
715 90
720 91
725 92
730 93
735 94
740 94
745 94
750 96
755 97
760 98
765 97
770 99
775 100
780 100
785 101
790 102
795 103
800 160
805 105
810 105
815 107
820 108
825 107
830 108
835 109
840 110
845 111
850 111
855 112
860 113
865 114
870 114
875 122
880 196
885 122
890 136
895 119
900 119
905 120
910 120
915 121
920 122
925 123
930 123
935 142
940 160
945 131
950 142
955 128
960 128
965 129
970 130
975 131
980 132
985 132
990 133
995 134
1000 156
1005 153
1010 137
1015 136
1020 138
1025 138
1030 139
1035 141
1040 141
1045 142
1050 143
1055 143
1060 144
1065 145
1070 146
1075 147
1080 148
1085 148
1090 149
1095 150
1100 151
1105 171
1110 157
1115 171
1120 153
1125 155
1130 156
1135 156
1140 159
1145 158
1150 158
1155 201
1160 178
1165 162
1170 183
1175 177
1180 168
1185 182
1190 165
1195 202
1200 166
1205 166
1210 169
1215 169
1220 170
1225 170
1230 171
1235 264
1240 207
1245 175
1250 175
1255 228
1260 288
1265 177
1270 178
1275 179
1280 179
1285 181
1290 182
1295 182
1300 183
1305 198
1310 189
1315 191
1320 191
1325 192
1330 193
1335 195
1340 195
1345 196
1350 198
1355 199
1360 198
1365 200
1370 200
1375 202
1380 200
1385 203
1390 203
1395 204
1400 206
1405 205
1410 206
1415 229
1420 210
1425 208
1430 209
1435 212
1440 213
1445 212
1450 212
1455 213
1460 214
1465 215
1470 216
1475 216
1480 218
1485 218
1490 220
1495 220
1500 221
1505 222
1510 223
1515 226
1520 225
1525 229
1530 405
1535 278
1540 230
1545 233
1550 233
1555 237
1560 236
1565 233
1570 236
1575 235
1580 237
1585 243
1590 238
1595 242
1600 242
1605 240
1610 244
1615 242
1620 244
1625 243
1630 246
1635 250
1640 245
1645 245
1650 246
1655 247
1660 250
1665 249
1670 249
1675 252
1680 253
1685 253
1690 254
1695 263
1700 270
1705 265
1710 259
1715 259
1720 261
1725 260
1730 260
1735 263
1740 263
1745 266
1750 268
1755 273
1760 270
1765 266
1770 267
1775 268
1780 268
1785 273
1790 270
1795 271
1800 271
1805 276
1810 274
1815 274
1820 277
1825 280
1830 280
1835 280
1840 295
1845 291
1850 280
1855 283
1860 285
1865 284
1870 288
1875 296
1880 325
1885 288
1890 286
1895 288
1900 288
1905 291
1910 293
1915 296
1920 297
1925 293
1930 294
1935 295
1940 296
1945 296
1950 296
1955 298
1960 298
1965 301
1970 302
1975 302
1980 303
1985 304
1990 335
1995 307
2000 306
2005 307
2010 308
2015 310
2020 311
2025 312
2030 322
2035 316
2040 315
2045 316
2050 317
2055 317
2060 318
2065 319
2070 320
2075 350
2080 321
2085 322
2090 321
2095 323
2100 323
2105 325
2110 325
2115 326
2120 326
2125 328
2130 329
2135 329
2140 331
2145 332
2150 332
2155 334
2160 335
2165 335
2170 335
2175 337
2180 340
2185 339
2190 340
2195 340
2200 340
2205 342
2210 343
2215 343
2220 342
2225 346
2230 346
2235 348
2240 348
2245 351
2250 349
2255 350
2260 352
2265 352
2270 352
2275 355
2280 354
2285 357
2290 357
2295 412
2300 359
2305 358
2310 360
2315 363
2320 362
2325 364
2330 365
2335 365
2340 366
2345 365
2350 366
2355 368
2360 369
2365 370
2370 370
2375 373
2380 374
2385 374
2390 375
2395 376
2400 377
2405 378
2410 378
2415 378
2420 382
2425 381
2430 381
2435 381
2440 392
2445 375
2450 376
2455 377
2460 375
2465 378
2470 378
2475 379
2480 380
2485 381
2490 381
2495 382
2500 383
2505 385
2510 385
2515 386
2520 387
2525 393
2530 409
2535 389
2540 392
2545 394
2550 393
2555 470
2560 464
2565 386
2570 386
2575 386
2580 388
2585 388
2590 390
2595 410
2600 423
2605 392
2610 394
2615 394
2620 396
2625 394
2630 395
2635 396
2640 396
2645 397
2650 420
2655 485
2660 403
2665 402
2670 404
2675 423
2680 442
2685 405
2690 406
2695 407
2700 407
2705 409
2710 410
2715 409
2720 411
2725 412
2730 412
2735 415
2740 414
2745 417
2750 417
2755 417
2760 417
2765 418
2770 420
2775 421
2780 423
2785 422
2790 424
2795 425
2800 464
2805 500
2810 464
2815 427
2820 428
2825 480
2830 471
2835 442
2840 464
2845 470
2850 457
2855 435
2860 435
2865 436
2870 437
2875 438
2880 439
2885 439
2890 441
2895 517
2900 463
2905 455
2910 456
2915 497
2920 458
2925 458
2930 459
2935 460
2940 460
2945 461
2950 461
2955 461
2960 463
2965 467
2970 466
2975 467
2980 467
2985 469
2990 470
2995 469
3000 470
3005 516
3010 461
3015 464
3020 544
3025 590
3030 506
3035 502
3040 467
3045 467
3050 467
3055 469
3060 468
3065 470
3070 470
3075 470
3080 470
3085 473
3090 473
3095 475
3100 476
3105 476
3110 477
3115 479
3120 543
3125 590
3130 493
3135 495
3140 496
3145 537
3150 486
3155 488
3160 487
3165 526
3170 488
3175 488
3180 491
3185 493
3190 493
3195 493
3200 495
3205 495
3210 494
3215 496
3220 591
3225 577
3230 540
3235 540
3240 527
3245 531
3250 603
3255 531
3260 598
3265 608
3270 675
3275 733
3280 627
3285 535
3290 535
3295 536
3300 538
3305 538
3310 554
3315 542
3320 542
3325 543
3330 544
3335 545
3340 547
3345 543
3350 546
3355 548
3360 548
3365 551
3370 551
3375 549
3380 551
3385 554
3390 553
3395 556
3400 554
3405 557
3410 579
3415 584
3420 559
3425 561
3430 562
3435 563
3440 564
3445 565
3450 565
3455 568
3460 552
3465 553
3470 555
3475 553
3480 557
3485 558
3490 559
3495 588
3500 619
3505 560
3510 562
3515 562
3520 561
3525 563
3530 566
3535 568
3540 659
3545 553
3550 554
3555 555
3560 554
3565 556
3570 559
3575 621
3580 559
3585 619
3590 682
3595 639
3600 564
3605 564
3610 566
3615 625
3620 590
3625 585
3630 584
3635 585
3640 584
3645 583
3650 585
3655 589
3660 591
3665 589
3670 633
3675 608
3680 627
3685 591
3690 593
3695 593
3700 601
3705 580
3710 582
3715 582
3720 584
3725 585
3730 585
3735 585
3740 586
3745 590
3750 664
3755 588
3760 830
3765 673
3770 593
3775 612
3780 628
3785 626
3790 629
3795 637
3800 612
3805 651
3810 661
3815 644
3820 786
3825 779
3830 945
3835 747
3840 620
3845 620
3850 621
3855 621
3860 625
3865 625
3870 625
3875 852
3880 645
3885 629
3890 633
3895 671
3900 699
3905 771
3910 731
3915 663
3920 653
3925 651
3930 652
3935 655
3940 654
3945 657
3950 658
3955 658
3960 658
3965 658
3970 661
3975 691
3980 705
3985 674
3990 648
3995 647
4000 674
4005 724
4010 651
4015 651
4020 653
4025 654
4030 689
4035 653
4040 655
4045 657
4050 658
4055 660
4060 785
4065 678
4070 661
4075 664
4080 664
4085 664
4090 663
4095 664
4100 714
4105 667
4110 704
4115 669
4120 667
4125 671
4130 713
4135 712
4140 655
4145 657
4150 658
4155 658
4160 658
4165 660
4170 740
4175 664
4180 661
4185 664
4190 665
4195 665
4200 665
4205 757
4210 791
4215 709
4220 671
4225 669
4230 670
4235 722
4240 712
4245 693
4250 709
4255 675
4260 677
4265 778
4270 710
4275 698
4280 740
4285 702
4290 701
4295 700
4300 702
4305 703
4310 739
4315 706
4320 707
4325 705
4330 708
4335 718
4340 692
4345 693
4350 869
4355 886
4360 853
4365 714
4370 761
4375 698
4380 717
4385 700
4390 702
4395 702
4400 727
4405 720
4410 723
4415 727
4420 800
4425 723
4430 728
4435 790
4440 729
4445 729
4450 765
4455 755
4460 734
4465 731
4470 734
4475 734
4480 735
4485 737
4490 779
4495 902
4500 740
4505 741
4510 742
4515 742
4520 745
4525 746
4530 799
4535 726
4540 728
4545 727
4550 729
4555 751
4560 870
4565 734
4570 734
4575 736
4580 734
4585 737
4590 738
4595 738
4600 739
4605 806
4610 760
4615 798
4620 768
4625 866
4630 870
4635 742
4640 745
4645 806
4650 836
4655 780
4660 769
4665 773
4670 812
4675 771
4680 814
4685 779
4690 816
4695 775
4700 776
4705 778
4710 779
4715 782
4720 762
4725 759
4730 760
4735 815
4740 831
4745 822
4750 795
4755 870
4760 818
4765 766
4770 767
4775 794
4780 791
4785 789
4790 792
4795 794
4800 796
4805 795
4810 838
4815 800
4820 836
4825 799
4830 799
4835 804
4840 782
4845 782
4850 783
4855 782
4860 786
4865 787
4870 786
4875 824
4880 809
4885 977
4890 1089
4895 907
4900 836
4905 837
4910 836
4915 835
4920 839
4925 854
4930 818
4935 815
4940 859
4945 820
4950 849
4955 843
4960 846
4965 857
4970 857
4975 853
4980 852
4985 904
4990 881
4995 851
5000 855
5005 868
5010 856
5015 856
5020 890
5025 859
5030 859
5035 861
5040 891
5045 859
5050 863
5055 863
5060 913
5065 843
5070 844
5075 845
5080 846
5085 846
5090 846
5095 851
5100 848
5105 851
5110 852
5115 852
5120 925
5125 971
5130 856
5135 854
5140 855
5145 855
5150 859
5155 860
5160 861
5165 860
5170 861
5175 841
5180 958
5185 845
5190 844
5195 845
5200 844
5205 843
5210 845
5215 847
5220 848
5225 846
5230 911
5235 851
5240 978
5245 973
5250 878
5255 878
5260 881
5265 929
5270 858
5275 858
5280 871
5285 881
5290 885
5295 935
5300 885
5305 887
5310 923
5315 888
5320 888
5325 890
5330 890
5335 899
5340 947
5345 872
5350 872
5355 1088
5360 874
5365 875
5370 874
5375 874
5380 877
5385 879
5390 879
5395 876
5400 880
5405 880
5410 961
5415 881
5420 885
5425 887
5430 887
5435 887
5440 888
5445 963
5450 890
5455 889
5460 891
5465 915
5470 1068
5475 971
5480 893
5485 938
5490 898
5495 897
5500 897
5505 979
5510 899
5515 1035
5520 987
5525 903
5530 905
5535 963
5540 1032
5545 928
5550 930
5555 931
5560 934
5565 977
5570 971
5575 973
5580 1026
5585 937
5590 940
5595 948
5600 918
5605 916
5610 917
5615 919
5620 920
5625 922
5630 1042
5635 922
5640 924
5645 923
5650 926
5655 926
5660 928
5665 930
5670 929
5675 973
5680 932
5685 1009
5690 1031
5695 1012
5700 934
5705 935
5710 936
5715 936
5720 936
5725 938
5730 937
5735 940
5740 1017
5745 942
5750 944
5755 945
5760 944
5765 947
5770 947
5775 946
5780 948
5785 948
5790 1012
5795 1111
5800 951
5805 954
5810 954
5815 955
5820 954
5825 956
5830 956
5835 1148
5840 959
5845 1039
5850 960
5855 963
5860 963
5865 963
5870 962
5875 1078
5880 968
5885 967
5890 966
5895 1085
5900 1095
5905 969
5910 972
5915 972
5920 973
5925 974
5930 1011
5935 976
5940 979
5945 1087
5950 1030
5955 979
5960 981
5965 982
5970 982
5975 982
5980 1136
5985 987
5990 1032
5995 987
6000 1228
6005 987
6010 988
6015 1048
6020 1064
6025 996
6030 1093
6035 1018
6040 1115
6045 1051
6050 1031
6055 1064
6060 1060
6065 1027
6070 1029
6075 1029
6080 1030
6085 1028
6090 1030
6095 1152
6100 1155
6105 1032
6110 1033
6115 1099
6120 1033
6125 1038
6130 1038
6135 1041
6140 1042
6145 1080
6150 1044
6155 1045
6160 1044
6165 1044
6170 1044
6175 1050
6180 1094
6185 1021
6190 1023
6195 1364
6200 1021
6205 1024
6210 1024
6215 1025
6220 1052
6225 1054
6230 1056
6235 1057
6240 1244
6245 1156
6250 1342
6255 1260
6260 1279
6265 1091
6270 1100
6275 1093
6280 1104
6285 1115
6290 1098
6295 1096
6300 1098
6305 1098
6310 1070
6315 1073
6320 1111
6325 1074
6330 1122
6335 1075
6340 1078
6345 1077
6350 1080
6355 1114
6360 1080
6365 1082
6370 1080
6375 1088
6380 1171
6385 1081
6390 1085
6395 1115
6400 1058
6405 1059
6410 1061
6415 1061
6420 1211
6425 1150
6430 1064
6435 1067
6440 1067
6445 1069
6450 1068
6455 1070
6460 1088
6465 1112
6470 1075
6475 1302
6480 1074
6485 1075
6490 1076
6495 1078
6500 1261
6505 1081
6510 1081
6515 1082
6520 1163
6525 1084
6530 1167
6535 1086
6540 1083
6545 1084
6550 1277
6555 1113
6560 1638
6565 1657
6570 1162
6575 1122
6580 1120
6585 1122
6590 1123
6595 1332
6600 1207
6605 1175
6610 1250
6615 1128
6620 1128
6625 1126
6630 1129
6635 1131
6640 1133
6645 1165
6650 1252
6655 1194
6660 1138
6665 1137
6670 1236
6675 1139
6680 1175
6685 1142
6690 1144
6695 1143
6700 1144
6705 1144
6710 1184
6715 1165
6720 1147
6725 1215
6730 1423
6735 1327
6740 1149
6745 1155
6750 1215
6755 1155
6760 1154
6765 1154
6770 1190
6775 1234
6780 1154
6785 1155
6790 1206
6795 1159
6800 1160
6805 1211
6810 1201
6815 1165
6820 1277
6825 1164
6830 1166
6835 1168
6840 1171
6845 1348
6850 1173
6855 1174
6860 1226
6865 1176
6870 1179
6875 1175
6880 1214
6885 1194
6890 1208
6895 1181
6900 1150
6905 1298
6910 1311
6915 1154
6920 1155
6925 1175
6930 1187
6935 1238
6940 1274
6945 1211
6950 1189
6955 1191
6960 1192
6965 1200
6970 1163
6975 1162
6980 1325
6985 1166
6990 1326
6995 1239
7000 1166
7005 1168
7010 1169
7015 1245
7020 1207
7025 1171
7030 1191
7035 1413
7040 1461
7045 1483
7050 1242
7055 1243
7060 1244
7065 1245
7070 1255
7075 1252
7080 1273
7085 1249
7090 1249
7095 1249
7100 1253
7105 1251
7110 1254
7115 1253
7120 1257
7125 1222
7130 1224
7135 1223
7140 1226
7145 1270
7150 1225
7155 1347
7160 1222
7165 1195
7170 1198
7175 1199
7180 1201
7185 1278
7190 1199
7195 1325
7200 1205
7205 1205
7210 1206
7215 1207
7220 1207
7225 1209
7230 1209
7235 1213
7240 1381
7245 1211
7250 1212
7255 1213
7260 1577
7265 1731
7270 1323
7275 1290
7280 1282
7285 1283
7290 1290
7295 1287
7300 1292
7305 1291
7310 1292
7315 1262
7320 1382
7325 1259
7330 1258
7335 1261
7340 1262
7345 1263
7350 1262
7355 1381
7360 1263
7365 1265
7370 1267
7375 1306
7380 1305
7385 1307
7390 1239
7395 1321
7400 1291
7405 1238
7410 1242
7415 1238
7420 1241
7425 1326
7430 1246
7435 1326
7440 1247
7445 1249
7450 1246
7455 1247
7460 1365
7465 1251
7470 1253
7475 1326
7480 1339
7485 1256
7490 1257
7495 1256
7500 1257
7505 1299
7510 1333
7515 1379
7520 1260
7525 1297
7530 1260
7535 1264
7540 1263
7545 1334
7550 1265
7555 1307
7560 1381
7565 1271
7570 1267
7575 1396
7580 1270
7585 1269
7590 1272
7595 1348
7600 1277
7605 1277
7610 1278
7615 1278
7620 1330
7625 1279
7630 1281
7635 1354
7640 1368
7645 1338
7650 1425
7655 1286
7660 1284
7665 1440
7670 1286
7675 1364
7680 1449
7685 1328
7690 1326
7695 1324
7700 1329
7705 1328
7710 1348
7715 1454
7720 1329
7725 1332
7730 1332
7735 1395
7740 1334
7745 1375
7750 1340
7755 1373
7760 1301
7765 1490
7770 1305
7775 1306
7780 1308
7785 1307
7790 1480
7795 1309
7800 1313
7805 1310
7810 1311
7815 1314
7820 1314
7825 1417
7830 1314
7835 1317
7840 1320
7845 1319
7850 1319
7855 1400
7860 1323
7865 1417
7870 1389
7875 1321
7880 1324
7885 1401
7890 1408
7895 1329
7900 1370
7905 1412
7910 1364
7915 1369
7920 1368
7925 1435
7930 1370
7935 1355
7940 1492
7945 1372
7950 1340
7955 1340
7960 1341
7965 1343
7970 1473
7975 1424
7980 1345
7985 1342
7990 1346
7995 1347
8000 1375
8005 1379
8010 1496
8015 1686
8020 1438
8025 1349
8030 1353
8035 1368
8040 1396
8045 1470
8050 1434
8055 1394
8060 1396
8065 1396
8070 1403
8075 1498
8080 1360
8085 1441
8090 1529
8095 1365
8100 1364
8105 1368
8110 1368
8115 1512
8120 1443
8125 1447
8130 1371
8135 1371
8140 1372
8145 1372
8150 1374
8155 1377
8160 1551
8165 1695
8170 2056
8175 1794
8180 1543
8185 1455
8190 1498
8195 1420
8200 1434
8205 1458
8210 1460
8215 1461
8220 1463
8225 1465
8230 1480
8235 1461
8240 1424
8245 1429
8250 1431
8255 1429
8260 1471
8265 1433
8270 1454
8275 1396
8280 1397
8285 1399
8290 1399
8295 1553
8300 1656
8305 1437
8310 1440
8315 1442
8320 1495
8325 1444
8330 1444
8335 1504
8340 1486
8345 1490
8350 1488
8355 1410
8360 1417
8365 1416
8370 1625
8375 1453
8380 1452
8385 1452
8390 1454
8395 1458
8400 1482
8405 1648
8410 1811
8415 1782
8420 1523
8425 1573
8430 1611
8435 1567
8440 1466
8445 1504
8450 1469
8455 1471
8460 1468
8465 1594
8470 1476
8475 1471
8480 1561
8485 1472
8490 1474
8495 1451
8500 1517
8505 1543
8510 1497
8515 1439
8520 1515
8525 1445
8530 1444
8535 1568
8540 1466
8545 1463
8550 1449
8555 1449
8560 1523
8565 1452
8570 1755
8575 1452
8580 1529
8585 1454
8590 1901
8595 2354
8600 1961
8605 1496
8610 1498
8615 1500
8620 1501
8625 1538
8630 1874
8635 1542
8640 1600
8645 1543
8650 1550
8655 1548
8660 1589
8665 1553
8670 1579
8675 1548
8680 1548
8685 1514
8690 1617
8695 1592
8700 1608
8705 1515
8710 1554
8715 1519
8720 1521
8725 1514
8730 1608
8735 1520
8740 1522
8745 1492
8750 1487
8755 1488
8760 1489
8765 1733
8770 1490
8775 1491
8780 1491
8785 1492
8790 1493
8795 1573
8800 1530
8805 1496
8810 1497
8815 1583
8820 1572
8825 1499
8830 1666
8835 1516
8840 1500
8845 1501
8850 1570
8855 1544
8860 1538
8865 1585
8870 1553
8875 1544
8880 1507
8885 1509
8890 1679
8895 1872
8900 1605
8905 1597
8910 1596
8915 1603
8920 1603
8925 1605
8930 1602
8935 1601
8940 1603
8945 1615
8950 1647
8955 1621
8960 1651
8965 1609
8970 1732
8975 1620
8980 1615
8985 1610
8990 1655
8995 1612
9000 1615
9005 1644
9010 1624
9015 1617
9020 1622
9025 1671
9030 1576
9035 1583
9040 1582
9045 1583
9050 1625
9055 1631
9060 1588
9065 1661
9070 1583
9075 1561
9080 1546
9085 1634
9090 1679
9095 1551
9100 1552
9105 1632
9110 1555
9115 1553
9120 1704
9125 1553
9130 1557
9135 1558
9140 1558
9145 1560
9150 1676
9155 1729
9160 1561
9165 1562
9170 1618
9175 1564
9180 1569
9185 1643
9190 1567
9195 1646
9200 1570
9205 1571
9210 1570
9215 1890
9220 1589
9225 1573
9230 1573
9235 1575
9240 1577
9245 1581
9250 1637
9255 1582
9260 1698
9265 1703
9270 1581
9275 1583
9280 1808
9285 1640
9290 1637
9295 1631
9300 1629
9305 1632
9310 1722
9315 1677
9320 1660
9325 1593
9330 1594
9335 1595
9340 1808
9345 1727
9350 1643
9355 1644
9360 1642
9365 1642
9370 1804
9375 1602
9380 1602
9385 1606
9390 1607
9395 1610
9400 1608
9405 1781
9410 1610
9415 1609
9420 1802
9425 1613
9430 1729
9435 1734
9440 1658
9445 1695
9450 1660
9455 1662
9460 1638
9465 1943
9470 1621
9475 1619
9480 1619
9485 1721
9490 1667
9495 1755
9500 1671
9505 1705
9510 1667
9515 1750
9520 1631
9525 1707
9530 1696
9535 1636
9540 1632
9545 1635
9550 1636
9555 1842
9560 1638
9565 1782
9570 1656
9575 1684
9580 1688
9585 1723
9590 1785
9595 1692
9600 1689
9605 1649
9610 1757
9615 1747
9620 1649
9625 1652
9630 1654
9635 1730
9640 1651
9645 1699
9650 1908
9655 1673
9660 1697
9665 1702
9670 1703
9675 1703
9680 1987
9685 1765
9690 1763
9695 1753
9700 1757
9705 1770
9710 1771
9715 1758
9720 1761
9725 1762
9730 1764
9735 1811
9740 1745
9745 1719
9750 1719
9755 1754
9760 1725
9765 1870
9770 1679
9775 1680
9780 1684
9785 1682
9790 1683
9795 1852
9800 1684
9805 1688
9810 1825
9815 1687
9820 1688
9825 1891
9830 1690
9835 1693
9840 1728
9845 1768
9850 1760
9855 2171
9860 1847
9865 1744
9870 1741
9875 1783
9880 1747
9885 1907
9890 1953
9895 1998
9900 2486
9905 1837
9910 1798
9915 1803
9920 1805
9925 1802
9930 1779
9935 1922
9940 1902
9945 1789
9950 1843
9955 1755
9960 1759
9965 1925
9970 1760
9975 1793
9980 1761
9985 1762
9990 1869
9995 2034
10000 1770
