5 0
10 0
15 0
20 1
25 1
30 2
35 2
40 2
45 3
50 4
55 4
60 4
65 5
70 5
75 6
80 7
85 7
90 7
95 8
100 8
105 9
110 10
115 10
120 10
125 11
130 12
135 12
140 13
145 13
150 14
155 15
160 15
165 16
170 16
175 17
180 18
185 18
190 19
195 20
200 20
205 21
210 21
215 22
220 23
225 23
230 24
235 25
240 25
245 25
250 26
255 28
260 28
265 28
270 29
275 30
280 30
285 31
290 32
295 33
300 33
305 34
310 34
315 35
320 35
325 36
330 37
335 38
340 38
345 39
350 40
355 40
360 42
365 42
370 43
375 43
380 44
385 45
390 46
395 46
400 47
405 48
410 49
415 49
420 50
425 50
430 51
435 52
440 53
445 53
450 54
455 55
460 56
465 56
470 57
475 58
480 59
485 60
490 60
495 60
500 61
505 62
510 62
515 63
520 64
525 65
530 66
535 67
540 68
545 68
550 69
555 69
560 70
565 72
570 72
575 72
580 73
585 74
590 75
595 75
600 76
605 76
610 78
615 78
620 79
625 80
630 81
635 81
640 82
645 83
650 83
655 84
660 86
665 86
670 86
675 87
680 88
685 89
690 89
695 91
700 91
705 92
710 93
715 94
720 94
725 95
730 97
735 97
740 97
745 99
750 100
755 100
760 101
765 101
770 102
775 103
780 104
785 105
790 106
795 106
800 107
805 108
810 109
815 110
820 110
825 110
830 111
835 112
840 115
845 134
850 119
855 116
860 117
865 117
870 119
875 119
880 120
885 120
890 121
895 122
900 123
905 123
910 127
915 124
920 125
925 127
930 127
935 127
940 128
945 129
950 130
955 130
960 132
965 132
970 134
975 133
980 135
985 135
990 137
995 137
1000 138
1005 140
1010 141
1015 142
1020 142
1025 142
1030 143
1035 144
1040 145
1045 145
1050 148
1055 149
1060 149
1065 147
1070 149
1075 156
1080 154
1085 152
1090 162
1095 153
1100 154
1105 156
1110 157
1115 157
1120 157
1125 159
1130 159
1135 161
1140 161
1145 163
1150 163
1155 163
1160 164
1165 166
1170 166
1175 167
1180 168
1185 169
1190 171
1195 171
1200 172
1205 181
1210 173
1215 174
1220 175
1225 175
1230 177
1235 178
1240 178
1245 178
1250 179
1255 181
1260 181
1265 183
1270 183
1275 184
1280 184
1285 186
1290 186
1295 187
1300 188
1305 189
1310 196
1315 191
1320 191
1325 193
1330 192
1335 194
1340 195
1345 197
1350 196
1355 197
1360 198
1365 200
1370 201
1375 202
1380 201
1385 203
1390 205
1395 203
1400 205
1405 206
1410 207
1415 207
1420 208
1425 209
1430 210
1435 210
1440 212
1445 212
1450 224
1455 207
1460 209
1465 210
1470 282
1475 212
1480 214
1485 271
1490 234
1495 215
1500 216
1505 218
1510 274
1515 259
1520 258
1525 244
1530 220
1535 222
1540 222
1545 224
1550 224
1555 327
1560 266
1565 332
1570 325
1575 430
1580 301
1585 308
1590 312
1595 268
1600 375
1605 279
1610 260
1615 247
1620 265
1625 272
1630 245
1635 248
1640 247
1645 246
1650 247
1655 249
1660 250
1665 250
1670 250
1675 251
1680 252
1685 254
1690 253
1695 255
1700 256
1705 256
1710 258
1715 258
1720 259
1725 260
1730 261
1735 260
1740 263
1745 265
1750 267
1755 264
1760 265
1765 269
1770 270
1775 269
1780 270
1785 271
1790 269
1795 271
1800 271
1805 285
1810 266
1815 268
1820 267
1825 269
1830 270
1835 271
1840 271
1845 271
1850 272
1855 274
1860 350
1865 276
1870 275
1875 278
1880 278
1885 313
1890 280
1895 280
1900 283
1905 282
1910 285
1915 284
1920 285
1925 285
1930 321
1935 287
1940 390
1945 289
1950 290
1955 290
1960 292
1965 292
1970 294
1975 295
1980 294
1985 296
1990 296
1995 299
2000 301
2005 376
2010 300
2015 301
2020 301
2025 303
2030 412
2035 453
2040 306
2045 307
2050 308
2055 311
2060 307
2065 309
2070 310
2075 311
2080 312
2085 312
2090 352
2095 316
2100 316
2105 318
2110 318
2115 318
2120 320
2125 319
2130 321
2135 323
2140 323
2145 323
2150 323
2155 326
2160 327
2165 328
2170 326
2175 327
2180 330
2185 331
2190 330
2195 340
2200 334
2205 334
2210 335
2215 335
2220 337
2225 336
2230 338
2235 340
2240 341
2245 377
2250 369
2255 401
2260 343
2265 344
2270 479
2275 345
2280 345
2285 346
2290 348
2295 350
2300 351
2305 351
2310 351
2315 352
2320 354
2325 354
2330 354
2335 357
2340 356
2345 357
2350 358
2355 395
2360 360
2365 362
2370 361
2375 363
2380 400
2385 421
2390 366
2395 367
2400 368
2405 369
2410 370
2415 371
2420 370
2425 375
2430 373
2435 373
2440 373
2445 373
2450 376
2455 377
2460 378
2465 379
2470 380
2475 380
2480 381
2485 382
2490 382
2495 425
2500 496
2505 387
2510 386
2515 471
2520 449
2525 419
2530 403
2535 449
2540 535
2545 530
2550 568
2555 659
2560 556
2565 627
2570 430
2575 411
2580 427
2585 451
2590 436
2595 402
2600 405
2605 403
2610 405
2615 429
2620 447
2625 421
2630 420
2635 420
2640 421
2645 420
2650 424
2655 430
2660 424
2665 428
2670 425
2675 425
2680 426
2685 429
2690 430
2695 430
2700 431
2705 434
2710 432
2715 433
2720 433
2725 434
2730 439
2735 439
2740 442
2745 480
2750 442
2755 441
2760 442
2765 443
2770 444
2775 445
2780 444
2785 446
2790 448
2795 449
2800 449
2805 451
2810 449
2815 452
2820 454
2825 454
2830 468
2835 444
2840 445
2845 666
2850 520
2855 448
2860 448
2865 451
2870 450
2875 451
2880 451
2885 453
2890 454
2895 454
2900 455
2905 455
2910 457
2915 457
2920 459
2925 459
2930 496
2935 461
2940 483
2945 613
2950 561
2955 620
2960 486
2965 612
2970 468
2975 468
2980 469
2985 468
2990 471
2995 592
3000 550
3005 474
3010 474
3015 476
3020 477
3025 494
3030 490
3035 493
3040 492
3045 495
3050 495
3055 529
3060 496
3065 496
3070 497
3075 497
3080 500
3085 498
3090 501
3095 504
3100 504
3105 504
3110 506
3115 506
3120 505
3125 494
3130 494
3135 495
3140 496
3145 498
3150 500
3155 500
3160 577
3165 583
3170 522
3175 504
3180 632
3185 525
3190 506
3195 547
3200 673
3205 787
3210 745
3215 661
3220 712
3225 531
3230 536
3235 616
3240 553
3245 572
3250 517
3255 517
3260 519
3265 520
3270 519
3275 540
3280 541
3285 562
3290 543
3295 539
3300 545
3305 553
3310 541
3315 543
3320 544
3325 545
3330 544
3335 549
3340 546
3345 557
3350 548
3355 551
3360 550
3365 550
3370 551
3375 555
3380 555
3385 554
3390 556
3395 556
3400 560
3405 557
3410 560
3415 560
3420 561
3425 568
3430 565
3435 564
3440 565
3445 575
3450 570
3455 568
3460 568
3465 573
3470 556
3475 555
3480 556
3485 579
3490 577
3495 559
3500 560
3505 596
3510 562
3515 564
3520 610
3525 621
3530 644
3535 566
3540 568
3545 827
3550 765
3555 700
3560 679
3565 592
3570 643
3575 600
3580 593
3585 590
3590 596
3595 593
3600 593
3605 595
3610 595
3615 599
3620 602
3625 598
3630 599
3635 600
3640 600
3645 600
3650 601
3655 603
3660 603
3665 607
3670 605
3675 606
3680 638
3685 642
3690 611
3695 620
3700 595
3705 668
3710 672
3715 676
3720 603
3725 680
3730 783
3735 810
3740 893
3745 908
3750 805
3755 866
3760 635
3765 641
3770 624
3775 625
3780 627
3785 628
3790 630
3795 628
3800 629
3805 630
3810 632
3815 636
3820 634
3825 636
3830 677
3835 655
3840 665
3845 639
3850 638
3855 641
3860 643
3865 644
3870 647
3875 643
3880 645
3885 647
3890 649
3895 650
3900 649
3905 692
3910 687
3915 634
3920 637
3925 694
3930 733
3935 709
3940 664
3945 641
3950 640
3955 680
3960 642
3965 644
3970 644
3975 646
3980 666
3985 664
3990 668
3995 667
4000 667
4005 666
4010 671
4015 670
4020 671
4025 672
4030 673
4035 674
4040 677
4045 675
4050 677
4055 660
4060 720
4065 719
4070 660
4075 664
4080 704
4085 663
4090 663
4095 668
4100 703
4105 669
4110 668
4115 670
4120 670
4125 708
4130 655
4135 678
4140 791
4145 701
4150 657
4155 661
4160 661
4165 663
4170 663
4175 663
4180 664
4185 664
4190 666
4195 667
4200 667
4205 669
4210 670
4215 749
4220 672
4225 672
4230 673
4235 674
4240 673
4245 798
4250 677
4255 677
4260 677
4265 681
4270 680
4275 682
4280 683
4285 849
4290 808
4295 683
4300 687
4305 685
4310 689
4315 819
4320 708
4325 707
4330 710
4335 708
4340 709
4345 712
4350 812
4355 740
4360 732
4365 714
4370 719
4375 717
4380 717
4385 760
4390 718
4395 762
4400 722
4405 724
4410 910
4415 809
4420 725
4425 766
4430 780
4435 727
4440 805
4445 732
4450 731
4455 773
4460 735
4465 810
4470 735
4475 738
4480 735
4485 737
4490 830
4495 1011
4500 741
4505 742
4510 772
4515 787
4520 778
4525 778
4530 778
4535 775
4540 777
4545 771
4550 773
4555 780
4560 845
4565 819
4570 784
4575 795
4580 794
4585 797
4590 782
4595 783
4600 785
4605 786
4610 790
4615 785
4620 826
4625 814
4630 852
4635 853
4640 803
4645 807
4650 793
4655 791
4660 793
4665 794
4670 793
4675 831
4680 808
4685 829
4690 805
4695 807
4700 812
4705 805
4710 801
4715 803
4720 803
4725 805
4730 806
4735 803
4740 808
4745 848
4750 836
4755 808
4760 809
4765 809
4770 848
4775 958
4780 843
4785 812
4790 816
4795 818
4800 819
4805 821
4810 887
4815 820
4820 820
4825 822
4830 822
4835 853
4840 825
4845 825
4850 827
4855 827
4860 829
4865 833
4870 833
4875 825
4880 811
4885 810
4890 813
4895 850
4900 812
4905 817
4910 815
4915 817
4920 817
4925 818
4930 872
4935 931
4940 799
4945 802
4950 802
4955 801
4960 805
4965 888
4970 868
4975 829
4980 869
4985 855
4990 876
4995 868
5000 832
5005 834
5010 834
5015 833
5020 836
5025 837
5030 835
5035 839
5040 840
5045 849
5050 819
5055 951
5060 967
5065 822
5070 823
5075 823
5080 825
5085 826
5090 828
5095 904
5100 831
5105 828
5110 830
5115 1061
5120 854
5125 855
5130 894
5135 856
5140 857
5145 837
5150 839
5155 837
5160 838
5165 840
5170 862
5175 1051
5180 840
5185 842
5190 922
5195 845
5200 846
5205 844
5210 848
5215 847
5220 849
5225 852
5230 940
5235 851
5240 852
5245 851
5250 853
5255 856
5260 857
5265 858
5270 896
5275 860
5280 928
5285 884
5290 923
5295 937
5300 888
5305 895
5310 867
5315 866
5320 870
5325 868
5330 870
5335 870
5340 951
5345 871
5350 954
5355 874
5360 874
5365 873
5370 876
5375 877
5380 877
5385 879
5390 880
5395 883
5400 920
5405 959
5410 1016
5415 882
5420 1001
5425 887
5430 911
5435 910
5440 912
5445 984
5450 955
5455 915
5460 959
5465 917
5470 914
5475 939
5480 919
5485 941
5490 963
5495 922
5500 926
5505 920
5510 922
5515 972
5520 1078
5525 965
5530 1001
5535 928
5540 986
5545 1055
5550 986
5555 929
5560 931
5565 1005
5570 935
5575 1112
5580 935
5585 939
5590 940
5595 939
5600 942
5605 993
5610 957
5615 941
5620 999
5625 1051
5630 975
5635 995
5640 950
5645 950
5650 951
5655 953
5660 952
5665 1005
5670 1067
5675 954
5680 949
5685 930
5690 931
5695 1047
5700 932
5705 934
5710 998
5715 971
5720 937
5725 1015
5730 1068
5735 942
5740 942
5745 941
5750 944
5755 945
5760 983
5765 946
5770 1022
5775 947
5780 1097
5785 983
5790 949
5795 1017
5800 977
5805 976
5810 980
5815 955
5820 956
5825 961
5830 1032
5835 1122
5840 1036
5845 986
5850 997
5855 963
5860 963
5865 961
5870 965
5875 1031
5880 1030
5885 994
5890 996
5895 1033
5900 996
5905 998
5910 997
5915 997
5920 1001
5925 993
5930 1075
5935 1086
5940 1056
5945 1013
5950 978
5955 980
5960 981
5965 981
5970 1102
5975 1046
5980 1052
5985 1009
5990 1011
5995 1012
6000 1016
6005 1015
6010 1056
6015 1066
6020 993
6025 1068
6030 1192
6035 1123
6040 996
6045 995
6050 998
6055 998
6060 1001
6065 1036
6070 1026
6075 1123
6080 1295
6085 1057
6090 1032
6095 1030
6100 1032
6105 1034
6110 1019
6115 1063
6120 1011
6125 1059
6130 1172
6135 1056
6140 1091
6145 1029
6150 1011
6155 1053
6160 1041
6165 1045
6170 1047
6175 1047
6180 1075
6185 1053
6190 1048
6195 1049
6200 1160
6205 1050
6210 1052
6215 1158
6220 1109
6225 1092
6230 1145
6235 1056
6240 1058
6245 1060
6250 1058
6255 1104
6260 1061
6265 1064
6270 1064
6275 1103
6280 1068
6285 1070
6290 1055
6295 1040
6300 1045
6305 1044
6310 1046
6315 1045
6320 1136
6325 1151
6330 1048
6335 1047
6340 1052
6345 1047
6350 1052
6355 1050
6360 1166
6365 1057
6370 1135
6375 1133
6380 1083
6385 1090
6390 1318
6395 1483
6400 1261
6405 1269
6410 1285
6415 1189
6420 1196
6425 1092
6430 1161
6435 1092
6440 1095
6445 1095
6450 1119
6455 1168
6460 1129
6465 1129
6470 1139
6475 1164
6480 1184
6485 1101
6490 1105
6495 1103
6500 1193
6505 1191
6510 1110
6515 1317
6520 1330
6525 1110
6530 1112
6535 1114
6540 1133
6545 1147
6550 1148
6555 1151
6560 1147
6565 1150
6570 1151
6575 1151
6580 1152
6585 1142
6590 1211
6595 1124
6600 1123
6605 1124
6610 1128
6615 1127
6620 1130
6625 1130
6630 1101
6635 1218
6640 1103
6645 1105
6650 1104
6655 1106
6660 1105
6665 1256
6670 1106
6675 1110
6680 1241
6685 1557
6690 1268
6695 1173
6700 1173
6705 1173
6710 1178
6715 1176
6720 1192
6725 1178
6730 1177
6735 1180
6740 1177
6745 1180
6750 1171
6755 1149
6760 1154
6765 1265
6770 1173
6775 1181
6780 1207
6785 1156
6790 1152
6795 1130
6800 1131
6805 1169
6810 1213
6815 1133
6820 1133
6825 1211
6830 1136
6835 1138
6840 1140
6845 1214
6850 1198
6855 1330
6860 1144
6865 1252
6870 1239
6875 1174
6880 1175
6885 1175
6890 1211
6895 1265
6900 1224
6905 1180
6910 1190
6915 1152
6920 1153
6925 1152
6930 1157
6935 1240
6940 1297
6945 1156
6950 1159
6955 1158
6960 1157
6965 1232
6970 1237
6975 1165
6980 1247
6985 1161
6990 1162
6995 1222
7000 1198
7005 1298
7010 1170
7015 1189
7020 1207
7025 1378
7030 1194
7035 1205
7040 1210
7045 1211
7050 1205
7055 1207
7060 1209
7065 1324
7070 1252
7075 1237
7080 1179
7085 1180
7090 1256
7095 1182
7100 1184
7105 1186
7110 1426
7115 1183
7120 1189
7125 1369
7130 1377
7135 1191
7140 1190
7145 1195
7150 1335
7155 1224
7160 1249
7165 1267
7170 1230
7175 1230
7180 1231
7185 1245
7190 1422
7195 1275
7200 1204
7205 1204
7210 1205
7215 1205
7220 1206
7225 1241
7230 1394
7235 1207
7240 1306
7245 1213
7250 1213
7255 1287
7260 1292
7265 1323
7270 1283
7275 1337
7280 1248
7285 1254
7290 1275
7295 1251
7300 1264
7305 1224
7310 1277
7315 1219
7320 1222
7325 1226
7330 1228
7335 1226
7340 1227
7345 1226
7350 1229
7355 1414
7360 1285
7365 1230
7370 1233
7375 1236
7380 1232
7385 1235
7390 1237
7395 1353
7400 1239
7405 1237
7410 1241
7415 1301
7420 1258
7425 1242
7430 1241
7435 1328
7440 1311
7445 1247
7450 1247
7455 1246
7460 1247
7465 1326
7470 1255
7475 1367
7480 1253
7485 1252
7490 1331
7495 1257
7500 1258
7505 1261
7510 1259
7515 1332
7520 1345
7525 1261
7530 1260
7535 1265
7540 1264
7545 1375
7550 1338
7555 1341
7560 1269
7565 1304
7570 1270
7575 1272
7580 1275
7585 1372
7590 1275
7595 1442
7600 1354
7605 1310
7610 1310
7615 1311
7620 1351
7625 1360
7630 1369
7635 1403
7640 1355
7645 1318
7650 1321
7655 1323
7660 1321
7665 1372
7670 1361
7675 1507
7680 1415
7685 1329
7690 1326
7695 1326
7700 1328
7705 1375
7710 1380
7715 1300
7720 1296
7725 1300
7730 1301
7735 1381
7740 1303
7745 1301
7750 1448
7755 1303
7760 1305
7765 1306
7770 1306
7775 1308
7780 1345
7785 1388
7790 1308
7795 1312
7800 1311
7805 1315
7810 1352
7815 1317
7820 1357
7825 1401
7830 1444
7835 1320
7840 1321
7845 1319
7850 1444
7855 1600
7860 1407
7865 1360
7870 1363
7875 1362
7880 1363
7885 1365
7890 1370
7895 1329
7900 1755
7905 1405
7910 1332
7915 1370
7920 1334
7925 1368
7930 1452
7935 1604
7940 1686
7945 1373
7950 1373
7955 1376
7960 1416
7965 1378
7970 1553
7975 1508
7980 1379
7985 1415
7990 1417
7995 1384
8000 1381
8005 1568
8010 1533
8015 1459
8020 1673
8025 1597
8030 1475
8035 1434
8040 1950
8045 1446
8050 1432
8055 1525
8060 1543
8065 1435
8070 1475
8075 1512
8080 1472
8085 1446
8090 1440
8095 1491
8100 1442
8105 1452
8110 1519
8115 1535
8120 1449
8125 1451
8130 1445
8135 1409
8140 1410
8145 1576
8150 1444
8155 1414
8160 1412
8165 1415
8170 1419
8175 1492
8180 1547
8185 1416
8190 1443
8195 1383
8200 1382
8205 1463
8210 1387
8215 1497
8220 1385
8225 1745
8230 1865
8235 1485
8240 1469
8245 1473
8250 1508
8255 1472
8260 1474
8265 1471
8270 1473
8275 1488
8280 1476
8285 2060
8290 1756
8295 1441
8300 1441
8305 1443
8310 1521
8315 1652
8320 1406
8325 1633
8330 1407
8335 1495
8340 1760
8345 1531
8350 1451
8355 1450
8360 1490
8365 1453
8370 1481
8375 1530
8380 1494
8385 1612
8390 1533
8395 1454
8400 1460
8405 1495
8410 1501
8415 1503
8420 1538
8425 1466
8430 1463
8435 1466
8440 1463
8445 1430
8450 1507
8455 1555
8460 1433
8465 1433
8470 1436
8475 1435
8480 1515
8485 1529
8490 1438
8495 1439
8500 1439
8505 1525
8510 1443
8515 1441
8520 1604
8525 1612
8530 1447
8535 1448
8540 1447
8545 1511
8550 1534
8555 1550
8560 1486
8565 1450
8570 1452
8575 1453
8580 1610
8585 1456
8590 1654
8595 1458
8600 1547
8605 1497
8610 1498
8615 1578
8620 1501
8625 1650
8630 1556
8635 1544
8640 1505
8645 1507
8650 1508
8655 1513
8660 1613
8665 1506
8670 1470
8675 1494
8680 1491
8685 1510
8690 1658
8695 1473
8700 1478
8705 1479
8710 1480
8715 1558
8720 1483
8725 1762
8730 1568
8735 1555
8740 1518
8745 1563
8750 1489
8755 1544
8760 1568
8765 1525
8770 1529
8775 1560
8780 1555
8785 1578
8790 1691
8795 1529
8800 1494
8805 1495
8810 1499
8815 1501
8820 1714
8825 1899
8830 1826
8835 1701
8840 1766
8845 1850
8850 1902
8855 1992
8860 1686
8865 1586
8870 1603
8875 1602
8880 1601
8885 1596
8890 1630
8895 1613
8900 1623
8905 1716
8910 1665
8915 1618
8920 1623
8925 1600
8930 1619
8935 1605
8940 1653
8945 1659
8950 1609
8955 1612
8960 1622
8965 1611
8970 1615
8975 1656
8980 1778
8985 1610
8990 1628
8995 1634
9000 1635
9005 1671
9010 1616
9015 1624
9020 1621
9025 1620
9030 1622
9035 1624
9040 1664
9045 1625
9050 1637
9055 1581
9060 1584
9065 1585
9070 1663
9075 1589
9080 1590
9085 1593
9090 1631
9095 1592
9100 1620
9105 1676
9110 1598
9115 1567
9120 1554
9125 1554
9130 1559
9135 1639
9140 1559
9145 1559
9150 1560
9155 1562
9160 1562
9165 1655
9170 1791
9175 1565
9180 1566
9185 1659
9190 1570
9195 1570
9200 1692
9205 1616
9210 1610
9215 1574
9220 1578
9225 1652
9230 1773
9235 1712
9240 1620
9245 1619
9250 1622
9255 1659
9260 1671
9265 1718
9270 1583
9275 1586
9280 1627
9285 1586
9290 1593
9295 1809
9300 1630
9305 1732
9310 1635
9315 1645
9320 1675
9325 1755
9330 1638
9335 1686
9340 1638
9345 1642
9350 1631
9355 1900
9360 1604
9365 1602
9370 1601
9375 1654
9380 1721
9385 1684
9390 1647
9395 1652
9400 1653
9405 1654
9410 1609
9415 1687
9420 1731
9425 1843
9430 1615
9435 1642
9440 1659
9445 1824
9450 1692
9455 1661
9460 1662
9465 1653
9470 1716
9475 1660
9480 1866
9485 1623
9490 1624
9495 1676
9500 1749
9505 1671
9510 1716
9515 1767
9520 1708
9525 1827
9530 1675
9535 1676
9540 1841
9545 1680
9550 1683
9555 1678
9560 1681
9565 1893
9570 1874
9575 1683
9580 1683
9585 1741
9590 1722
9595 1943
9600 1772
9605 1690
9610 1692
9615 1761
9620 1696
9625 1735
9630 1695
9635 1732
9640 1793
9645 1697
9650 1654
9655 1819
9660 1876
9665 1703
9670 1704
9675 1703
9680 1707
9685 1750
9690 1705
9695 1707
9700 1707
9705 1709
9710 1709
9715 1832
9720 1776
9725 1667
9730 1667
9735 1732
9740 1671
9745 1756
9750 1675
9755 1675
9760 1817
9765 1676
9770 1678
9775 1760
9780 1900
9785 2414
9790 2375
9795 1785
9800 1886
9805 1930
9810 1824
9815 2196
9820 1767
9825 1777
9830 1825
9835 1780
9840 1813
9845 1783
9850 1785
9855 1797
9860 1791
9865 1793
9870 1786
9875 1787
9880 1790
9885 1802
9890 1793
9895 1793
9900 1801
9905 1748
9910 1752
9915 1843
9920 1750
9925 1755
9930 1814
9935 1705
9940 1840
9945 2200
9950 1807
9955 1811
9960 1806
9965 1811
9970 1820
9975 1810
9980 1814
9985 1761
9990 1768
9995 1824
10000 1918
