5 0
10 0
15 0
20 1
25 1
30 2
35 2
40 3
45 3
50 3
55 4
60 4
65 5
70 5
75 6
80 6
85 6
90 7
95 7
100 8
105 8
110 9
115 9
120 10
125 10
130 11
135 11
140 12
145 13
150 13
155 14
160 14
165 15
170 15
175 16
180 17
185 17
190 18
195 18
200 19
205 19
210 20
215 21
220 21
225 21
230 22
235 22
240 23
245 43
250 45
255 27
260 59
265 29
270 27
275 28
280 29
285 29
290 30
295 31
300 31
305 32
310 32
315 33
320 34
325 35
330 35
335 36
340 36
345 37
350 37
355 38
360 39
365 39
370 40
375 41
380 41
385 42
390 43
395 43
400 43
405 45
410 84
415 51
420 49
425 50
430 64
435 48
440 49
445 49
450 50
455 51
460 52
465 53
470 53
475 54
480 54
485 55
490 56
495 56
500 57
505 58
510 59
515 60
520 60
525 61
530 61
535 62
540 63
545 64
550 64
555 65
560 65
565 67
570 68
575 68
580 68
585 69
590 70
595 71
600 72
605 72
610 73
615 75
620 96
625 130
630 77
635 77
640 77
645 78
650 79
655 80
660 81
665 81
670 82
675 82
680 84
685 84
690 84
695 86
700 86
705 87
710 88
715 90
720 89
725 90
730 90
735 91
740 93
745 93
750 94
755 94
760 96
765 96
770 97
775 98
780 99
785 99
790 100
795 101
800 102
805 102
810 104
815 104
820 104
825 105
830 105
835 106
840 107
845 108
850 108
855 132
860 139
865 130
870 154
875 211
880 114
885 114
890 114
895 115
900 175
905 136
910 119
915 119
920 119
925 120
930 119
935 121
940 179
945 129
950 137
955 140
960 164
965 154
970 160
975 145
980 163
985 128
990 129
995 130
1000 130
1005 132
1010 132
1015 133
1020 134
1025 134
1030 135
1035 136
1040 137
1045 138
1050 138
1055 139
1060 139
1065 141
1070 142
1075 142
1080 143
1085 145
1090 145
1095 146
1100 146
1105 162
1110 152
1115 153
1120 153
1125 154
1130 155
1135 156
1140 156
1145 158
1150 157
1155 158
1160 159
1165 160
1170 165
1175 165
1180 163
1185 164
1190 165
1195 166
1200 165
1205 167
1210 168
1215 168
1220 170
1225 170
1230 170
1235 264
1240 175
1245 174
1250 175
1255 176
1260 175
1265 195
1270 231
1275 196
1280 179
1285 181
1290 181
1295 182
1300 184
1305 184
1310 184
1315 186
1320 186
1325 186
1330 188
1335 189
1340 190
1345 190
1350 191
1355 191
1360 192
1365 194
1370 195
1375 195
1380 196
1385 197
1390 197
1395 200
1400 200
1405 201
1410 200
1415 202
1420 229
1425 223
1430 204
1435 244
1440 206
1445 207
1450 207
1455 208
1460 285
1465 280
1470 217
1475 211
1480 285
1485 214
1490 215
1495 216
1500 217
1505 218
1510 219
1515 220
1520 220
1525 220
1530 222
1535 222
1540 222
1545 224
1550 225
1555 225
1560 227
1565 227
1570 228
1575 232
1580 229
1585 230
1590 231
1595 231
1600 231
1605 233
1610 234
1615 235
1620 236
1625 236
1630 237
1635 239
1640 239
1645 240
1650 240
1655 242
1660 241
1665 244
1670 320
1675 246
1680 247
1685 247
1690 247
1695 251
1700 250
1705 251
1710 250
1715 251
1720 317
1725 272
1730 254
1735 255
1740 254
1745 256
1750 256
1755 256
1760 258
1765 260
1770 260
1775 308
1780 255
1785 255
1790 256
1795 257
1800 258
1805 259
1810 260
1815 261
1820 261
1825 262
1830 262
1835 264
1840 284
1845 312
1850 340
1855 352
1860 350
1865 390
1870 301
1875 360
1880 298
1885 339
1890 290
1895 295
1900 282
1905 302
1910 379
1915 339
1920 342
1925 346
1930 379
1935 363
1940 289
1945 290
1950 289
1955 291
1960 291
1965 312
1970 292
1975 293
1980 294
1985 295
1990 297
1995 296
2000 298
2005 299
2010 300
2015 301
2020 301
2025 305
2030 303
2035 325
2040 360
2045 307
2050 308
2055 314
2060 392
2065 311
2070 311
2075 312
2080 331
2085 321
2090 322
2095 323
2100 322
2105 325
2110 327
2115 326
2120 328
2125 329
2130 328
2135 330
2140 331
2145 331
2150 331
2155 333
2160 334
2165 335
2170 336
2175 336
2180 338
2185 340
2190 342
2195 341
2200 342
2205 343
2210 342
2215 344
2220 344
2225 352
2230 338
2235 338
2240 340
2245 340
2250 342
2255 343
2260 343
2265 343
2270 344
2275 345
2280 345
2285 346
2290 347
2295 348
2300 349
2305 350
2310 350
2315 351
2320 352
2325 353
2330 353
2335 391
2340 357
2345 357
2350 356
2355 508
2360 352
2365 351
2370 351
2375 354
2380 354
2385 353
2390 354
2395 355
2400 357
2405 356
2410 358
2415 360
2420 358
2425 362
2430 360
2435 362
2440 363
2445 365
2450 365
2455 367
2460 366
2465 368
2470 369
2475 437
2480 369
2485 373
2490 374
2495 373
2500 375
2505 375
2510 376
2515 377
2520 378
2525 377
2530 379
2535 379
2540 380
2545 381
2550 383
2555 384
2560 385
2565 446
2570 386
2575 388
2580 427
2585 388
2590 388
2595 390
2600 389
2605 474
2610 459
2615 411
2620 481
2625 517
2630 397
2635 397
2640 400
2645 400
2650 400
2655 401
2660 541
2665 400
2670 402
2675 402
2680 402
2685 405
2690 405
2695 407
2700 407
2705 408
2710 410
2715 409
2720 412
2725 492
2730 413
2735 454
2740 415
2745 415
2750 416
2755 417
2760 550
2765 467
2770 421
2775 421
2780 477
2785 578
2790 518
2795 524
2800 478
2805 513
2810 543
2815 443
2820 439
2825 481
2830 530
2835 443
2840 505
2845 462
2850 445
2855 582
2860 446
2865 447
2870 447
2875 452
2880 452
2885 452
2890 452
2895 453
2900 455
2905 455
2910 520
2915 506
2920 483
2925 461
2930 460
2935 543
2940 491
2945 462
2950 464
2955 561
2960 465
2965 466
2970 470
2975 469
2980 468
2985 470
2990 471
2995 472
3000 471
3005 473
3010 473
3015 474
3020 475
3025 477
3030 476
3035 477
3040 554
3045 481
3050 483
3055 559
3060 510
3065 482
3070 483
3075 504
3080 503
3085 485
3090 495
3095 609
3100 489
3105 491
3110 492
3115 492
3120 493
3125 494
3130 494
3135 496
3140 534
3145 497
3150 498
3155 498
3160 536
3165 500
3170 500
3175 542
3180 503
3185 504
3190 505
3195 504
3200 505
3205 506
3210 494
3215 496
3220 496
3225 498
3230 499
3235 576
3240 636
3245 610
3250 500
3255 656
3260 503
3265 503
3270 504
3275 506
3280 581
3285 508
3290 507
3295 601
3300 524
3305 524
3310 524
3315 566
3320 526
3325 529
3330 530
3335 570
3340 531
3345 531
3350 532
3355 533
3360 535
3365 536
3370 536
3375 537
3380 537
3385 552
3390 526
3395 526
3400 525
3405 528
3410 529
3415 530
3420 627
3425 534
3430 619
3435 532
3440 533
3445 602
3450 536
3455 534
3460 535
3465 537
3470 540
3475 542
3480 540
3485 541
3490 542
3495 655
3500 543
3505 547
3510 546
3515 547
3520 550
3525 592
3530 550
3535 577
3540 605
3545 568
3550 570
3555 569
3560 612
3565 570
3570 570
3575 608
3580 570
3585 609
3590 575
3595 573
3600 575
3605 575
3610 615
3615 581
3620 600
3625 605
3630 582
3635 583
3640 584
3645 584
3650 584
3655 583
3660 587
3665 587
3670 635
3675 588
3680 591
3685 649
3690 670
3695 782
3700 579
3705 580
3710 579
3715 582
3720 608
3725 691
3730 598
3735 599
3740 602
3745 683
3750 603
3755 745
3760 606
3765 605
3770 605
3775 648
3780 606
3785 746
3790 675
3795 610
3800 612
3805 613
3810 640
3815 655
3820 620
3825 622
3830 617
3835 639
3840 651
3845 664
3850 623
3855 682
3860 622
3865 621
3870 623
3875 627
3880 625
3885 629
3890 629
3895 672
3900 697
3905 690
3910 630
3915 674
3920 635
3925 822
3930 671
3935 699
3940 668
3945 701
3950 658
3955 658
3960 658
3965 666
3970 662
3975 665
3980 760
3985 816
3990 696
3995 820
4000 770
4005 695
4010 669
4015 685
4020 669
4025 683
4030 683
4035 685
4040 687
4045 689
4050 685
4055 707
4060 680
4065 679
4070 718
4075 683
4080 684
4085 705
4090 702
4095 693
4100 696
4105 797
4110 692
4115 693
4120 688
4125 693
4130 692
4135 697
4140 702
4145 694
4150 693
4155 695
4160 698
4165 738
4170 697
4175 701
4180 728
4185 702
4190 703
4195 702
4200 703
4205 703
4210 712
4215 686
4220 731
4225 690
4230 761
4235 693
4240 736
4245 691
4250 694
4255 696
4260 735
4265 722
4270 719
4275 713
4280 718
4285 721
4290 767
4295 721
4300 770
4305 722
4310 723
4315 728
4320 846
4325 861
4330 828
4335 803
4340 731
4345 732
4350 733
4355 784
4360 731
4365 765
4370 736
4375 749
4380 738
4385 739
4390 741
4395 740
4400 740
4405 740
4410 747
4415 744
4420 747
4425 746
4430 745
4435 747
4440 776
4445 751
4450 750
4455 752
4460 757
4465 750
4470 832
4475 735
4480 735
4485 737
4490 740
4495 738
4500 803
4505 743
4510 742
4515 742
4520 742
4525 757
4530 725
4535 810
4540 729
4545 731
4550 731
4555 730
4560 875
4565 776
4570 734
4575 809
4580 735
4585 736
4590 737
4595 803
4600 765
4605 814
4610 779
4615 743
4620 816
4625 827
4630 745
4635 926
4640 745
4645 819
4650 769
4655 808
4660 809
4665 776
4670 771
4675 772
4680 775
4685 784
4690 857
4695 859
4700 815
4705 779
4710 819
4715 783
4720 783
4725 784
4730 783
4735 786
4740 786
4745 788
4750 788
4755 826
4760 832
4765 791
4770 793
4775 792
4780 793
4785 795
4790 796
4795 793
4800 836
4805 798
4810 800
4815 844
4820 799
4825 872
4830 808
4835 784
4840 783
4845 785
4850 784
4855 785
4860 785
4865 786
4870 904
4875 902
4880 848
4885 813
4890 868
4895 812
4900 827
4905 792
4910 795
4915 795
4920 797
4925 798
4930 799
4935 834
4940 864
4945 802
4950 802
4955 804
4960 805
4965 806
4970 805
4975 807
4980 808
4985 807
4990 972
4995 811
5000 812
5005 933
5010 897
5015 884
5020 815
5025 817
5030 816
5035 816
5040 972
5045 816
5050 819
5055 819
5060 989
5065 886
5070 844
5075 846
5080 848
5085 849
5090 847
5095 850
5100 851
5105 853
5110 851
5115 853
5120 852
5125 930
5130 923
5135 890
5140 833
5145 912
5150 837
5155 837
5160 949
5165 860
5170 867
5175 874
5180 943
5185 867
5190 867
5195 869
5200 870
5205 872
5210 908
5215 869
5220 872
5225 871
5230 854
5235 852
5240 935
5245 855
5250 952
5255 882
5260 891
5265 858
5270 1067
5275 862
5280 952
5285 884
5290 885
5295 929
5300 886
5305 889
5310 890
5315 888
5320 889
5325 889
5330 891
5335 896
5340 872
5345 937
5350 874
5355 951
5360 960
5365 912
5370 878
5375 876
5380 880
5385 879
5390 913
5395 905
5400 904
5405 979
5410 986
5415 908
5420 907
5425 940
5430 911
5435 912
5440 912
5445 914
5450 914
5455 916
5460 915
5465 969
5470 916
5475 1090
5480 1016
5485 919
5490 919
5495 922
5500 924
5505 928
5510 924
5515 927
5520 975
5525 929
5530 930
5535 931
5540 930
5545 933
5550 933
5555 972
5560 933
5565 934
5570 1017
5575 1015
5580 997
5585 955
5590 944
5595 931
5600 976
5605 918
5610 919
5615 921
5620 923
5625 920
5630 998
5635 924
5640 927
5645 926
5650 925
5655 927
5660 928
5665 928
5670 1042
5675 932
5680 1020
5685 1021
5690 1022
5695 989
5700 962
5705 962
5710 962
5715 962
5720 965
5725 965
5730 999
5735 1008
5740 969
5745 1081
5750 968
5755 980
5760 945
5765 947
5770 947
5775 1022
5780 950
5785 997
5790 1030
5795 1097
5800 1054
5805 955
5810 956
5815 957
5820 955
5825 959
5830 959
5835 962
5840 1060
5845 1025
5850 989
5855 1026
5860 1006
5865 992
5870 993
5875 992
5880 993
5885 994
5890 1070
5895 1013
5900 1009
5905 972
5910 975
5915 976
5920 978
5925 1094
5930 1004
5935 1006
5940 1223
5945 1054
5950 982
5955 978
5960 982
5965 982
5970 986
5975 983
5980 983
5985 987
5990 1028
5995 1131
6000 1191
6005 1385
6010 1376
6015 1336
6020 1152
6025 1049
6030 1047
6035 1059
6040 1049
6045 1052
6050 1053
6055 1059
6060 1054
6065 1096
6070 1071
6075 1029
6080 1221
6085 1161
6090 1049
6095 1033
6100 1034
6105 1036
6110 1072
6115 1038
6120 1038
6125 1042
6130 1119
6135 1075
6140 1044
6145 1044
6150 1098
6155 1043
6160 1045
6165 1046
6170 1048
6175 1048
6180 1138
6185 1166
6190 1095
6195 1053
6200 1056
6205 1055
6210 1055
6215 1057
6220 1099
6225 1103
6230 1061
6235 1058
6240 1096
6245 1095
6250 1052
6255 1035
6260 1101
6265 1117
6270 1079
6275 1090
6280 1114
6285 1064
6290 1081
6295 1042
6300 1042
6305 1045
6310 1044
6315 1044
6320 1129
6325 1047
6330 1049
6335 1051
6340 1053
6345 1107
6350 1052
6355 1126
6360 1170
6365 1057
6370 1172
6375 1133
6380 1113
6385 1087
6390 1089
6395 1089
6400 1090
6405 1088
6410 1095
6415 1393
6420 1457
6425 1126
6430 1126
6435 1129
6440 1126
6445 1128
6450 1130
6455 1154
6460 1144
6465 1189
6470 1102
6475 1104
6480 1104
6485 1105
6490 1106
6495 1106
6500 1107
6505 1232
6510 1098
6515 1082
6520 1084
6525 1157
6530 1122
6535 1086
6540 1089
6545 1089
6550 1195
6555 1252
6560 1090
6565 1088
6570 1094
6575 1090
6580 1133
6585 1201
6590 1141
6595 1205
6600 1126
6605 1127
6610 1129
6615 1129
6620 1128
6625 1203
6630 1254
6635 1181
6640 1261
6645 1355
6650 1183
6655 1137
6660 1138
6665 1140
6670 1183
6675 1177
6680 1141
6685 1140
6690 1171
6695 1144
6700 1193
6705 1187
6710 1149
6715 1156
6720 1150
6725 1194
6730 1170
6735 1210
6740 1152
6745 1151
6750 1154
6755 1154
6760 1145
6765 1244
6770 1205
6775 1188
6780 1130
6785 1133
6790 1133
6795 1159
6800 1149
6805 1135
6810 1134
6815 1210
6820 1259
6825 1138
6830 1138
6835 1217
6840 1136
6845 1142
6850 1145
6855 1143
6860 1419
6865 1147
6870 1145
6875 1148
6880 1147
6885 1152
6890 1243
6895 1149
6900 1244
6905 1154
6910 1316
6915 1306
6920 1253
6925 1189
6930 1188
6935 1190
6940 1189
6945 1245
6950 1190
6955 1192
6960 1204
6965 1163
6970 1163
6975 1165
6980 1359
6985 1242
6990 1340
6995 1169
7000 1195
7005 1242
7010 1239
7015 1201
7020 1204
7025 1205
7030 1291
7035 1206
7040 1207
7045 1233
7050 1179
7055 1181
7060 1181
7065 1332
7070 1355
7075 1438
7080 1224
7085 1213
7090 1215
7095 1216
7100 1254
7105 1218
7110 1346
7115 1287
7120 1224
7125 1226
7130 1223
7135 1228
7140 1227
7145 1224
7150 1305
7155 1321
7160 1246
7165 1195
7170 1200
7175 1201
7180 1200
7185 1279
7190 1204
7195 1280
7200 1206
7205 1208
7210 1208
7215 1210
7220 1247
7225 1212
7230 1212
7235 1323
7240 1320
7245 1213
7250 1214
7255 1217
7260 1215
7265 1216
7270 1301
7275 1303
7280 1315
7285 1251
7290 1254
7295 1257
7300 1304
7305 1259
7310 1367
7315 1298
7320 1289
7325 1312
7330 1303
7335 1227
7340 1233
7345 1230
7350 1272
7355 1284
7360 1346
7365 1306
7370 1268
7375 1270
7380 1271
7385 1278
7390 1239
7395 1356
7400 1242
7405 1398
7410 1280
7415 1318
7420 1323
7425 1288
7430 1279
7435 1327
7440 1360
7445 1282
7450 1301
7455 1337
7460 1317
7465 1251
7470 1257
7475 1337
7480 1354
7485 1256
7490 1258
7495 1335
7500 1420
7505 1261
7510 1258
7515 1306
7520 1261
7525 1262
7530 1264
7535 1265
7540 1267
7545 1265
7550 1416
7555 1345
7560 1403
7565 1273
7570 1271
7575 1272
7580 1275
7585 1307
7590 1275
7595 1355
7600 1279
7605 1560
7610 1474
7615 1357
7620 1314
7625 1316
7630 1318
7635 1390
7640 1362
7645 1348
7650 1320
7655 1320
7660 1365
7665 1323
7670 1492
7675 1405
7680 1327
7685 1362
7690 1329
7695 1328
7700 1331
7705 1331
7710 1368
7715 1504
7720 1333
7725 1335
7730 1334
7735 1336
7740 1416
7745 1376
7750 1389
7755 1341
7760 1339
7765 1342
7770 1339
7775 1342
7780 1344
7785 1433
7790 1458
7795 1311
7800 1311
7805 1314
7810 1355
7815 1392
7820 1468
7825 1316
7830 1318
7835 1320
7840 1322
7845 1321
7850 1321
7855 1363
7860 1398
7865 1450
7870 1411
7875 1325
7880 1325
7885 1328
7890 1328
7895 1422
7900 1347
7905 1330
7910 1370
7915 1405
7920 1334
7925 1397
7930 1385
7935 1449
7940 1473
7945 1338
7950 1340
7955 1343
7960 1345
7965 1342
7970 1363
7975 1424
7980 1342
7985 1588
7990 1588
7995 2178
8000 1611
8005 1489
8010 1498
8015 1391
8020 1387
8025 1529
8030 1428
8035 1442
8040 1430
8045 1429
8050 1430
8055 1437
8060 1421
8065 1398
8070 1427
8075 1475
8080 1462
8085 1485
8090 1438
8095 1403
8100 1405
8105 1403
8110 1475
8115 1408
8120 1406
8125 1446
8130 1556
8135 1407
8140 1409
8145 1412
8150 1546
8155 1469
8160 1450
8165 1412
8170 1418
8175 1415
8180 1420
8185 1460
8190 1457
8195 1404
8200 1384
8205 1386
8210 1389
8215 1389
8220 1554
8225 1554
8230 1392
8235 1392
8240 1394
8245 1394
8250 1512
8255 1581
8260 1432
8265 1441
8270 1436
8275 1400
8280 1402
8285 1402
8290 1547
8295 1503
8300 1403
8305 1405
8310 1406
8315 1407
8320 1447
8325 1774
8330 1444
8335 1447
8340 1447
8345 1449
8350 1450
8355 1453
8360 1650
8365 1583
8370 1417
8375 1493
8380 1421
8385 1421
8390 1421
8395 1496
8400 1524
8405 1462
8410 1463
8415 1542
8420 1466
8425 1462
8430 1507
8435 1611
8440 1427
8445 1433
8450 1434
8455 1455
8460 1742
8465 1615
8470 1431
8475 1433
8480 1435
8485 1526
8490 1492
8495 1504
8500 1532
8505 1573
8510 1562
8515 1535
8520 1523
8525 1481
8530 1546
8535 1486
8540 1486
8545 1486
8550 1484
8555 1487
8560 1489
8565 1528
8570 1754
8575 1738
8580 1496
8585 1568
8590 1576
8595 1546
8600 1590
8605 1566
8610 1501
8615 1596
8620 1542
8625 1548
8630 1550
8635 1550
8640 1543
8645 1546
8650 1534
8655 1507
8660 1505
8665 1588
8670 1510
8675 1509
8680 1549
8685 1549
8690 1513
8695 1556
8700 1516
8705 1614
8710 1500
8715 1558
8720 1480
8725 1555
8730 1599
8735 1483
8740 1486
8745 1661
8750 1804
8755 1489
8760 1526
8765 1858
8770 1704
8775 1620
8780 1660
8785 1766
8790 1574
8795 1697
8800 1584
8805 1575
8810 1610
8815 1616
8820 1582
8825 1598
8830 1632
8835 1627
8840 1598
8845 1610
8850 1615
8855 1648
8860 1587
8865 1716
8870 1594
8875 1635
8880 1649
8885 1627
8890 1623
8895 1621
8900 1605
8905 1596
8910 1600
8915 1596
8920 1998
8925 1558
8930 1611
8935 1832
8940 1560
8945 1627
8950 1716
8955 1719
8960 1609
8965 1690
8970 1635
8975 1677
8980 1614
8985 1741
8990 1686
8995 1656
9000 1625
9005 1617
9010 1620
9015 1677
9020 1643
9025 1652
9030 1622
9035 1625
9040 1627
9045 1625
9050 1626
9055 1627
9060 1643
9065 1631
9070 2120
9075 1749
9080 1675
9085 1626
9090 1625
9095 1588
9100 1592
9105 1632
9110 1595
9115 1595
9120 1597
9125 1596
9130 1599
9135 1596
9140 1649
9145 1697
9150 1592
9155 1561
9160 1638
9165 1638
9170 1687
9175 1565
9180 1565
9185 1568
9190 1643
9195 1570
9200 1571
9205 1950
9210 1638
9215 1857
9220 1616
9225 1616
9230 1666
9235 1738
9240 1715
9245 1620
9250 1622
9255 1620
9260 1623
9265 1708
9270 1756
9275 1625
9280 1631
9285 1627
9290 1628
9295 1683
9300 1589
9305 1590
9310 1590
9315 1590
9320 1731
9325 1631
9330 1708
9335 1595
9340 1595
9345 1599
9350 1598
9355 1596
9360 1674
9365 1662
9370 1600
9375 1678
9380 1605
9385 1678
9390 1878
9395 1734
9400 1608
9405 1608
9410 1608
9415 1684
9420 1690
9425 1616
9430 1613
9435 1615
9440 1614
9445 1691
9450 1696
9455 1775
9460 1617
9465 1736
9470 1640
9475 1702
9480 1729
9485 1668
9490 1663
9495 1668
9500 1665
9505 1625
9510 2013
9515 1979
9520 1730
9525 2085
9530 2065
9535 1731
9540 1727
9545 1726
9550 1732
9555 1685
9560 1942
9565 1714
9570 1796
9575 1719
9580 1684
9585 1684
9590 1691
9595 1706
9600 1759
9605 1740
9610 1789
9615 1762
9620 1691
9625 1698
9630 1746
9635 1696
9640 1700
9645 1736
9650 1730
9655 1813
9660 1736
9665 1780
9670 1704
9675 1704
9680 1705
9685 1708
9690 1841
9695 1662
9700 1664
9705 1821
9710 1666
9715 1752
9720 1670
9725 1672
9730 1814
9735 1671
9740 1758
9745 1856
9750 1782
9755 1793
9760 1724
9765 1761
9770 1724
9775 1783
9780 1681
9785 1682
9790 1678
9795 1753
9800 1682
9805 1807
9810 1829
9815 1689
9820 1688
9825 1687
9830 1693
9835 1767
9840 1692
9845 1692
9850 1692
9855 1694
9860 1732
9865 1772
9870 1923
9875 1694
9880 1736
9885 1696
9890 1697
9895 1775
9900 1701
9905 1777
9910 1705
9915 1704
9920 1919
9925 2051
9930 1754
9935 1786
9940 1815
9945 1753
9950 1833
9955 1759
9960 1758
9965 1760
9970 1798
9975 1760
9980 1800
9985 1891
9990 1762
9995 1748
10000 1718
