5 0.02
10 0.02
15 0.54
20 1.02
25 1.06
30 1.82
35 2.08
40 2.28
45 3.08
50 3.16
55 4
60 4.12
65 4.94
70 5.16
75 5.9
80 6.22
85 6.8
90 7.24
95 7.8
100 8.22
105 8.88
110 9.3
115 9.9
120 10.36
125 11.06
130 11.52
135 12.16
140 12.72
145 13.3
150 13.88
155 14.42
160 15.12
165 15.66
170 16.18
175 16.8
180 17.88
185 18.04
190 19.32
195 19.92
200 19.88
205 21.46
210 21.16
215 22.32
220 22.3
225 22.94
230 23.5
235 24.58
240 24.96
245 26.94
250 26.94
255 26.82
260 28.06
265 28.24
270 29.12
275 29
280 30.32
285 31.58
290 32.36
295 31.66
300 32.86
305 33.58
310 33.46
315 34.92
320 35.24
325 35.62
330 36.82
335 37.48
340 37.7
345 38.96
350 38.62
355 39.6
360 40
365 40.98
370 42.26
375 43.2
380 43.92
385 43.7
390 44.12
395 44.88
400 46.26
405 46.66
410 49.1
415 48.1
420 49.16
425 49.88
430 52.02
435 51.74
440 53.22
445 53.08
450 53.32
455 54.46
460 54.74
465 55.3
470 55.86
475 56.76
480 56.7
485 59.9
490 60.2
495 62.16
500 59.96
505 62.2
510 62.24
515 63.08
520 64.62
525 64.72
530 66.18
535 65.28
540 66.76
545 68.02
550 67.48
555 70.06
560 69.98
565 69.28
570 70.3
575 70.16
580 73.5
585 74.46
590 73.46
595 73.32
600 74.1
605 74.74
610 77.3
615 78.02
620 77.32
625 79.46
630 79.52
635 80.56
640 83.32
645 83.84
650 84.26
655 83.7
660 85.72
665 88.6
670 86.76
675 86.46
680 86.94
685 87
690 88.48
695 88.62
700 91.56
705 91.34
710 92.54
715 92.48
720 92.4
725 95.24
730 95.72
735 95.08
740 99.08
745 99.24
750 100.06
755 98.68
760 99.14
765 100.94
770 103.96
775 102.02
780 103.08
785 105.52
790 108.22
795 107.14
800 111.02
805 108.52
810 108.86
815 108.94
820 110.18
825 111.02
830 109.7
835 109.86
840 110
845 112.02
850 112.3
855 114.04
860 117.9
865 118.38
870 122.14
875 127.58
880 131.26
885 141.62
890 129.7
895 126.96
900 125.02
905 123.26
910 124.42
915 125.84
920 124.32
925 127.5
930 139
935 129.04
940 129.54
945 131.1
950 131.32
955 131.66
960 137.26
965 134.42
970 133
975 136.74
980 135.18
985 136.62
990 140.7
995 137.34
1000 139.6
1005 139.46
1010 140.14
1015 147.12
1020 144.06
1025 144.2
1030 144.12
1035 142.56
1040 144.8
1045 146
1050 147.24
1055 145.3
1060 149.46
1065 148.46
1070 149.78
1075 151.32
1080 152.84
1085 153.1
1090 151.92
1095 152.02
1100 156.7
1105 155.08
1110 156.38
1115 159.56
1120 157.18
1125 157.1
1130 157.2
1135 158.74
1140 160.8
1145 159.92
1150 160.32
1155 164.82
1160 162.52
1165 163.62
1170 165.38
1175 166.02
1180 167.34
1185 168.14
1190 169.98
1195 169.32
1200 175.36
1205 176.86
1210 172.62
1215 172.24
1220 174.62
1225 175.18
1230 177.06
1235 179.48
1240 177.96
1245 177.8
1250 178.02
1255 180.76
1260 184.52
1265 183.68
1270 190.94
1275 186.96
1280 191.84
1285 191.24
1290 191.32
1295 190.64
1300 189.2
1305 188.96
1310 190.32
1315 193.46
1320 191.94
1325 195.06
1330 193.64
1335 192.66
1340 195.08
1345 202.16
1350 198.08
1355 200.3
1360 197.3
1365 202.94
1370 200.82
1375 201.16
1380 200.3
1385 205.24
1390 207.58
1395 210.9
1400 205.68
1405 203.86
1410 208.16
1415 208.46
1420 207.94
1425 213.42
1430 209.84
1435 210.74
1440 209.2
1445 213.08
1450 212.38
1455 214.52
1460 215.26
1465 217.22
1470 223.1
1475 220.58
1480 220.98
1485 222.6
1490 219.58
1495 222.1
1500 219.66
1505 225.64
1510 224.66
1515 223.92
1520 225.92
1525 226.44
1530 232.8
1535 231.8
1540 226.54
1545 230.7
1550 232.6
1555 242.24
1560 238.36
1565 251.04
1570 242.12
1575 252.2
1580 245
1585 242.3
1590 246.14
1595 241.86
1600 246.12
1605 248.26
1610 258.82
1615 250.72
1620 248.5
1625 253.4
1630 253.84
1635 250.04
1640 250.32
1645 251.34
1650 254.9
1655 254.16
1660 253.62
1665 251.54
1670 253.74
1675 251.46
1680 255.3
1685 255.62
1690 258
1695 254.38
1700 257.16
1705 259.26
1710 260.04
1715 261.46
1720 263.32
1725 261.7
1730 262.76
1735 263.04
1740 265.04
1745 265.24
1750 265.94
1755 269.54
1760 267.78
1765 267.08
1770 266.24
1775 270.78
1780 273.18
1785 274.58
1790 270.78
1795 276.16
1800 277.54
1805 276.46
1810 277.4
1815 285.8
1820 282.28
1825 285.9
1830 284.46
1835 287.14
1840 285.58
1845 288.08
1850 290.84
1855 287.46
1860 291.88
1865 292
1870 286.66
1875 290.6
1880 292.86
1885 295.1
1890 291.5
1895 292.74
1900 290.54
1905 297.3
1910 299.1
1915 299.36
1920 300.7
1925 302.42
1930 304.7
1935 298.28
1940 308.68
1945 303.98
1950 303.98
1955 311.88
1960 312.36
1965 309.86
1970 312.66
1975 308.36
1980 309.06
1985 312.88
1990 315.76
1995 310.52
2000 312.38
2005 319.48
2010 315.64
2015 311.88
2020 312.86
2025 314.12
2030 319.96
2035 322.04
2040 321.66
2045 323.18
2050 321.64
2055 322.12
2060 324.8
2065 326.5
2070 329.76
2075 330.06
2080 332.64
2085 335.04
2090 330.1
2095 335.16
2100 334.74
2105 331.62
2110 331.62
2115 336.62
2120 337.86
2125 338.42
2130 335.7
2135 336.6
2140 337.26
2145 339.78
2150 336.9
2155 337.82
2160 339.7
2165 340.06
2170 349.64
2175 345.64
2180 341.78
2185 342.42
2190 345.38
2195 343.18
2200 344.78
2205 342.34
2210 346.36
2215 352.42
2220 352.88
2225 348.8
2230 353.9
2235 355.44
2240 352.88
2245 350.8
2250 352.12
2255 357.44
2260 359.6
2265 353.98
2270 364.6
2275 360.14
2280 359.36
2285 362.66
2290 362.56
2295 367.54
2300 365.76
2305 361.34
2310 363.24
2315 364.16
2320 362.56
2325 373.08
2330 373.52
2335 376.78
2340 377.2
2345 372.24
2350 378.94
2355 385.56
2360 378.06
2365 371.92
2370 381.08
2375 380.82
2380 388.52
2385 386.2
2390 382
2395 391.06
2400 399.14
2405 391.76
2410 385.4
2415 387.42
2420 389.96
2425 386.3
2430 386.02
2435 386.78
2440 386.7
2445 389.7
2450 388.06
2455 393.18
2460 390.04
2465 397.4
2470 394.08
2475 394.92
2480 396.52
2485 395.14
2490 400.76
2495 393.54
2500 398.02
2505 396.16
2510 397.76
2515 404.66
2520 397.54
2525 405.14
2530 406.86
2535 414.44
2540 409.9
2545 409.68
2550 411.34
2555 411.66
2560 413.16
2565 418.42
2570 413.44
2575 408.6
2580 414.36
2585 414.54
2590 412.12
2595 417.1
2600 418.74
2605 421.54
2610 422.96
2615 423.38
2620 424.76
2625 418.38
2630 418.34
2635 419.34
2640 418.72
2645 422.54
2650 421.96
2655 424.16
2660 429.28
2665 433.12
2670 424.66
2675 431.8
2680 430.22
2685 424.04
2690 429.64
2695 430.26
2700 434.86
2705 435.72
2710 439.26
2715 433.8
2720 433.74
2725 436.04
2730 437.82
2735 440.02
2740 439.08
2745 441.98
2750 443.6
2755 436.92
2760 444.68
2765 443.16
2770 447.82
2775 446.16
2780 447.66
2785 457.5
2790 452.58
2795 449.44
2800 448.26
2805 454.86
2810 448.04
2815 446.92
2820 448.28
2825 454.72
2830 453.14
2835 454.64
2840 451.44
2845 463.6
2850 466.14
2855 465.46
2860 460.16
2865 456.06
2870 463.38
2875 460.98
2880 467.4
2885 458.18
2890 465.84
2895 469.44
2900 463.7
2905 466.76
2910 468.46
2915 462.38
2920 466.04
2925 471.26
2930 468.1
2935 475.36
2940 469.02
2945 471.34
2950 472.98
2955 485.54
2960 473.82
2965 481.42
2970 477.08
2975 479.98
2980 478.94
2985 482.16
2990 479.64
2995 486.62
3000 487.26
3005 484.92
3010 484.78
3015 482.94
3020 488.94
3025 485.86
3030 487.52
3035 488.3
3040 488.5
3045 493.08
3050 489.06
3055 492.4
3060 486.2
3065 494
3070 500.98
3075 499.04
3080 492.98
3085 497.7
3090 504.1
3095 503.46
3100 499.24
3105 502.58
3110 502.28
3115 510.2
3120 510.22
3125 502.42
3130 511.74
3135 510.32
3140 503.84
3145 502.1
3150 514.08
3155 513.5
3160 515.5
3165 518.18
3170 517.82
3175 515.64
3180 518
3185 519.8
3190 523.46
3195 525.98
3200 527.02
3205 528.78
3210 525.62
3215 526.32
3220 527.06
3225 524.1
3230 529.56
3235 533.74
3240 537.96
3245 543.16
3250 537.3
3255 532.78
3260 532.42
3265 541.26
3270 552.36
3275 541.08
3280 537.58
3285 546.26
3290 539.78
3295 541.18
3300 539.76
3305 549.82
3310 537.5
3315 539.88
3320 537.92
3325 539.64
3330 536.76
3335 544.82
3340 547.68
3345 546.92
3350 549.24
3355 559.24
3360 560.38
3365 561.84
3370 561.24
3375 565.78
3380 556.14
3385 568.58
3390 565.74
3395 566.84
3400 562.74
3405 559.38
3410 558.02
3415 557.52
3420 558.68
3425 556.96
3430 561.46
3435 555.46
3440 560.02
3445 561.66
3450 562.54
3455 574.5
3460 568.7
3465 567.24
3470 566.2
3475 569.62
3480 568.96
3485 561.38
3490 572.88
3495 572.04
3500 579.54
3505 582.98
3510 582.48
3515 581.14
3520 576.5
3525 581.98
3530 580.08
3535 590.94
3540 584.26
3545 599.86
3550 585.86
3555 590.24
3560 581.8
3565 585.82
3570 599.02
3575 594.8
3580 592.36
3585 593.28
3590 588.92
3595 596.6
3600 591.22
3605 589.34
3610 592.42
3615 600.38
3620 602.54
3625 598.9
3630 611.26
3635 598.42
3640 601.06
3645 597.36
3650 600.94
3655 603.82
3660 601.68
3665 603.74
3670 607.62
3675 603.24
3680 609.74
3685 605.12
3690 601.98
3695 607.54
3700 607.76
3705 610.58
3710 603.52
3715 615.6
3720 606.78
3725 619.64
3730 612.16
3735 612.08
3740 614.42
3745 623.54
3750 618.48
3755 632.22
3760 620.9
3765 623.78
3770 617.26
3775 625.72
3780 623.28
3785 641.1
3790 632.26
3795 629.72
3800 637.98
3805 623.26
3810 639.6
3815 639.66
3820 645.52
3825 648.9
3830 636.66
3835 653.7
3840 648.62
3845 643.04
3850 635.06
3855 643.02
3860 633.92
3865 643.88
3870 643.58
3875 646.92
3880 640.24
3885 643.64
3890 643.02
3895 650.48
3900 647.52
3905 657.38
3910 651.18
3915 646.46
3920 647.98
3925 658.7
3930 653.6
3935 648.62
3940 649.92
3945 646.4
3950 653
3955 661.48
3960 662.58
3965 660.14
3970 664.02
3975 659.12
3980 662.66
3985 671.98
3990 662.24
3995 661.38
4000 671.08
4005 665.68
4010 660.84
4015 668
4020 663.64
4025 664.44
4030 668.48
4035 678.7
4040 680.04
4045 665.04
4050 670.78
4055 667.34
4060 678.14
4065 681.78
4070 685.88
4075 685.72
4080 674.58
4085 676.26
4090 684.84
4095 678.34
4100 684.36
4105 685.04
4110 682.74
4115 690.26
4120 691.12
4125 686.42
4130 693.98
4135 693.96
4140 686.8
4145 692.32
4150 691.22
4155 686.84
4160 691.48
4165 702.24
4170 706.94
4175 704.78
4180 709.28
4185 701.72
4190 699.3
4195 696.92
4200 700.96
4205 697.36
4210 701.2
4215 707.76
4220 706.58
4225 705.78
4230 704.2
4235 712.24
4240 704.74
4245 713.28
4250 704.78
4255 715.04
4260 724.6
4265 734.64
4270 716.4
4275 720.26
4280 720.8
4285 732.96
4290 732.54
4295 729.86
4300 733.7
4305 719.4
4310 735.36
4315 727.2
4320 738.16
4325 733.3
4330 726.22
4335 724.2
4340 720.06
4345 728.2
4350 732.8
4355 738.08
4360 729.92
4365 727.94
4370 730.48
4375 737.26
4380 735.66
4385 731.08
4390 730.4
4395 750.44
4400 743.36
4405 746.18
4410 744.18
4415 742.9
4420 747.6
4425 747.64
4430 767.26
4435 764.92
4440 758.62
4445 749.08
4450 752.02
4455 752.44
4460 759.92
4465 778.58
4470 768.14
4475 773.56
4480 770.6
4485 764.38
4490 764.54
4495 780.2
4500 774.28
4505 766.06
4510 764.5
4515 775.44
4520 766.6
4525 778.56
4530 773.04
4535 768.24
4540 767.68
4545 763.86
4550 773.64
4555 768.92
4560 773.08
4565 770.64
4570 767.74
4575 778.18
4580 768.6
4585 764.34
4590 766.68
4595 774.66
4600 778.78
4605 782.04
4610 780.9
4615 775.88
4620 779.34
4625 786
4630 774.72
4635 779.04
4640 777.24
4645 785.24
4650 779.84
4655 795.28
4660 790.76
4665 795.1
4670 797.68
4675 792.98
4680 801.02
4685 811
4690 796.7
4695 791.84
4700 801.58
4705 798.18
4710 788.4
4715 800.5
4720 800.32
4725 797.26
4730 801.94
4735 794.14
4740 808.84
4745 798.76
4750 798.8
4755 810.78
4760 806.8
4765 812.82
4770 813.7
4775 805.98
4780 816.92
4785 813.14
4790 823.14
4795 827
4800 823.34
4805 814.62
4810 819.06
4815 819.54
4820 814.68
4825 815.64
4830 817.02
4835 813.96
4840 816.96
4845 820.94
4850 827.34
4855 828.14
4860 810.62
4865 827.44
4870 824.98
4875 823.54
4880 830.82
4885 828.8
4890 843.74
4895 829.78
4900 837.24
4905 828.8
4910 835.76
4915 833.66
4920 830.56
4925 832.96
4930 836.28
4935 847.84
4940 841.86
4945 838.68
4950 831.48
4955 829.46
4960 832.26
4965 841.86
4970 845.1
4975 847.02
4980 839.28
4985 847.5
4990 856.34
4995 843.94
5000 843.96
5005 861.04
5010 865.04
5015 859.24
5020 846.04
5025 846.58
5030 848.1
5035 854.64
5040 860.88
5045 863.4
5050 855.26
5055 854.22
5060 867.34
5065 856.36
5070 865.84
5075 857.44
5080 868.4
5085 854.94
5090 864.92
5095 861.4
5100 864.2
5105 861.44
5110 861.02
5115 871.76
5120 877.8
5125 875.6
5130 870.24
5135 880.74
5140 867.94
5145 880.96
5150 884.56
5155 886.16
5160 882
5165 888.4
5170 878.88
5175 881.36
5180 887.26
5185 897.14
5190 888.44
5195 897.86
5200 888.32
5205 883.16
5210 908.64
5215 900.94
5220 894.58
5225 886.62
5230 896.28
5235 893.86
5240 892.12
5245 899.38
5250 905.16
5255 907.76
5260 906.38
5265 907.76
5270 914.78
5275 917.56
5280 905.48
5285 900.72
5290 913.82
5295 904
5300 913.14
5305 909.32
5310 912.04
5315 906.32
5320 916.36
5325 907.52
5330 918.38
5335 912
5340 909.56
5345 912.42
5350 908.46
5355 913.92
5360 909.32
5365 914.6
5370 908.82
5375 918.14
5380 932.8
5385 929.96
5390 931.06
5395 923.46
5400 927.72
5405 923.54
5410 930.6
5415 935.54
5420 924.54
5425 927.48
5430 930.26
5435 926.44
5440 937.04
5445 930.66
5450 941.32
5455 945.7
5460 939.92
5465 956.7
5470 944.94
5475 944.74
5480 952.7
5485 940.74
5490 935.4
5495 932.24
5500 942.94
5505 946.26
5510 951.44
5515 956.98
5520 937.8
5525 956.46
5530 948.08
5535 952.5
5540 956.94
5545 952.66
5550 955.12
5555 960.14
5560 952
5565 961.14
5570 947.28
5575 960.26
5580 945.56
5585 946.02
5590 951.84
5595 952.56
5600 963.06
5605 970.44
5610 977.1
5615 985.64
5620 972.04
5625 973.78
5630 984.16
5635 973.36
5640 974.54
5645 976.12
5650 961.2
5655 967.16
5660 966.52
5665 963.22
5670 968.8
5675 961.74
5680 968.8
5685 971.68
5690 986.82
5695 978.2
5700 970.8
5705 972.22
5710 992.88
5715 985.94
5720 979.46
5725 1002.32
5730 995.56
5735 1003.78
5740 995.06
5745 991.82
5750 992.24
5755 999.46
5760 994.66
5765 989.6
5770 984.48
5775 1001.76
5780 981.02
5785 996.28
5790 999.38
5795 1006.34
5800 1006.4
5805 1002.16
5810 1014.76
5815 1015.82
5820 1025.56
5825 1006.5
5830 999.74
5835 1010.3
5840 1007.64
5845 1005.36
5850 1008.42
5855 1011.68
5860 1017.34
5865 1007
5870 1013.88
5875 1005.9
5880 1018.54
5885 1014.64
5890 1014.78
5895 1023.22
5900 1016.36
5905 1013.32
5910 1032.34
5915 1029.28
5920 1045.48
5925 1034.04
5930 1023.12
5935 1034.12
5940 1035.06
5945 1026.9
5950 1015
5955 1025.66
5960 1034.84
5965 1040.82
5970 1032.98
5975 1031.36
5980 1026.58
5985 1028.12
5990 1034.32
5995 1047.98
6000 1042.5
6005 1053.22
6010 1054.04
6015 1069.82
6020 1046.02
6025 1039.74
6030 1036.08
6035 1046.88
6040 1048.68
6045 1056.9
6050 1047.52
6055 1042.98
6060 1054.3
6065 1049.88
6070 1046.86
6075 1051.8
6080 1054.56
6085 1052.2
6090 1052.7
6095 1055.88
6100 1051.26
6105 1045.48
6110 1056.22
6115 1070.44
6120 1058.58
6125 1049.14
6130 1064.64
6135 1052.44
6140 1057.32
6145 1070.12
6150 1064.04
6155 1066.04
6160 1063.84
6165 1064.1
6170 1061.34
6175 1058.1
6180 1065.34
6185 1060.26
6190 1061.78
6195 1069.18
6200 1090.46
6205 1083.68
6210 1073.66
6215 1072.92
6220 1079.14
6225 1079.78
6230 1074.3
6235 1079.42
6240 1082.14
6245 1091.42
6250 1094.88
6255 1093.92
6260 1082.2
6265 1083.04
6270 1079
6275 1094.34
6280 1091.68
6285 1089.6
6290 1078.44
6295 1098.36
6300 1110.92
6305 1090.92
6310 1105.62
6315 1100.9
6320 1098.06
6325 1095.24
6330 1090.58
6335 1094.14
6340 1089.08
6345 1094.24
6350 1110.94
6355 1090.76
6360 1098.88
6365 1093.1
6370 1108.98
6375 1097.96
6380 1092.7
6385 1099.96
6390 1105.6
6395 1121.18
6400 1120.2
6405 1115.28
6410 1124.64
6415 1123.54
6420 1127.98
6425 1127.78
6430 1106.98
6435 1116.54
6440 1126.66
6445 1133.64
6450 1128.36
6455 1122.78
6460 1112.6
6465 1120.86
6470 1120.3
6475 1125.86
6480 1120.5
6485 1122.3
6490 1125.98
6495 1123.76
6500 1141.06
6505 1118.52
6510 1133.78
6515 1138
6520 1140.38
6525 1134.66
6530 1143.64
6535 1131.46
6540 1118.6
6545 1138.68
6550 1141.52
6555 1152.7
6560 1156.68
6565 1151.42
6570 1139.16
6575 1134.84
6580 1147.06
6585 1142.08
6590 1145.46
6595 1148.94
6600 1146.58
6605 1157.24
6610 1151.98
6615 1135.08
6620 1143.62
6625 1141.98
6630 1143.54
6635 1156.02
6640 1147.04
6645 1147.98
6650 1145.04
6655 1147.02
6660 1144.8
6665 1156.72
6670 1160.86
6675 1150.62
6680 1175.2
6685 1187.54
6690 1149.22
6695 1188.64
6700 1169.16
6705 1169.36
6710 1212.56
6715 1175.58
6720 1180.86
6725 1184.7
6730 1179.42
6735 1174.9
6740 1167.88
6745 1175.34
6750 1185.44
6755 1190.7
6760 1201.48
6765 1193.48
6770 1197.4
6775 1206.06
6780 1181.36
6785 1199.16
6790 1190.74
6795 1181.6
6800 1180.54
6805 1183.04
6810 1183.68
6815 1198.76
6820 1188.02
6825 1184.44
6830 1197.76
6835 1211.5
6840 1208.66
6845 1219.84
6850 1205.9
6855 1192.44
6860 1202.32
6865 1197.7
6870 1208.08
6875 1195.28
6880 1192.78
6885 1202.98
6890 1203.78
6895 1207.22
6900 1203.4
6905 1223.38
6910 1235.74
6915 1225.44
6920 1214.72
6925 1194.28
6930 1210.02
6935 1211.48
6940 1203.32
6945 1207.56
6950 1217.62
6955 1211.88
6960 1217.14
6965 1220.8
6970 1228.56
6975 1219.06
6980 1234.88
6985 1218.14
6990 1216.24
6995 1212.34
7000 1215.72
7005 1223.1
7010 1235.04
7015 1237.24
7020 1234.46
7025 1220.34
7030 1219.12
7035 1217.14
7040 1235.2
7045 1231.1
7050 1237.32
7055 1236.66
7060 1225.86
7065 1249
7070 1250.02
7075 1244.74
7080 1248.06
7085 1242.76
7090 1244.48
7095 1250.22
7100 1257.14
7105 1266.5
7110 1260.64
7115 1252.68
7120 1248.48
7125 1251.14
7130 1252.58
7135 1244.98
7140 1237.86
7145 1247.74
7150 1251.58
7155 1251.18
7160 1261.66
7165 1257.04
7170 1238.62
7175 1252.38
7180 1249.84
7185 1243.7
7190 1267.42
7195 1282.54
7200 1282.18
7205 1275.7
7210 1251.64
7215 1259.7
7220 1262.42
7225 1266.88
7230 1270.2
7235 1278.22
7240 1266.34
7245 1256.76
7250 1258.38
7255 1255.58
7260 1270.12
7265 1302.48
7270 1274.6
7275 1290.7
7280 1279.7
7285 1275.92
7290 1289.6
7295 1272.56
7300 1277.18
7305 1300.5
7310 1289.06
7315 1279.98
7320 1277.7
7325 1282.38
7330 1273.16
7335 1279.4
7340 1284.96
7345 1292.96
7350 1302.58
7355 1280.1
7360 1286.78
7365 1286.48
7370 1283.98
7375 1302.74
7380 1287.06
7385 1313.02
7390 1291.24
7395 1287.42
7400 1289.96
7405 1305.24
7410 1294.04
7415 1296.5
7420 1305.16
7425 1318
7430 1310.88
7435 1306.12
7440 1313.02
7445 1309.34
7450 1308.3
7455 1309.18
7460 1333.76
7465 1341.94
7470 1324.26
7475 1320.06
7480 1314.52
7485 1315.56
7490 1315.8
7495 1313.94
7500 1330.98
7505 1342.88
7510 1330.56
7515 1323.28
7520 1317.12
7525 1320.66
7530 1311.14
7535 1327.14
7540 1336.74
7545 1339.66
7550 1329.12
7555 1354.44
7560 1323.42
7565 1323.26
7570 1329.82
7575 1341.74
7580 1326.44
7585 1351.98
7590 1357.94
7595 1357.06
7600 1342.14
7605 1338.9
7610 1350.9
7615 1358.72
7620 1357.26
7625 1347.34
7630 1343.32
7635 1343.94
7640 1354.92
7645 1350.98
7650 1360.44
7655 1342.76
7660 1366
7665 1358.18
7670 1351.92
7675 1352.54
7680 1361.38
7685 1347.06
7690 1356.32
7695 1363.62
7700 1358.36
7705 1358.36
7710 1368.12
7715 1364.36
7720 1371.5
7725 1364.32
7730 1357.14
7735 1374.98
7740 1373.8
7745 1347.26
7750 1364.58
7755 1345.6
7760 1352.74
7765 1367.86
7770 1378.22
7775 1360.24
7780 1358.14
7785 1382.84
7790 1389.24
7795 1369.32
7800 1370.56
7805 1368.58
7810 1399.6
7815 1387.58
7820 1384.34
7825 1379.86
7830 1377.84
7835 1373.76
7840 1392.14
7845 1406.9
7850 1386.08
7855 1410.44
7860 1411.84
7865 1396.76
7870 1380.92
7875 1374.82
7880 1399.16
7885 1394.5
7890 1427.14
7895 1400.52
7900 1400.3
7905 1385.38
7910 1394.08
7915 1422.36
7920 1422.74
7925 1443.58
7930 1421.58
7935 1405.26
7940 1401.3
7945 1407.92
7950 1413.28
7955 1410.46
7960 1435.48
7965 1422.78
7970 1436.16
7975 1428.94
7980 1400.36
7985 1410.02
7990 1410.08
7995 1432.74
8000 1433.64
8005 1421.4
8010 1450.68
8015 1440.94
8020 1567.28
8025 1448.94
8030 1431.06
8035 1431.32
8040 1444.72
8045 1431.9
8050 1423.68
8055 1419.2
8060 1428.96
8065 1442.06
8070 1439.42
8075 1439.56
8080 1436.54
8085 1421.32
8090 1432.08
8095 1428.28
8100 1427.24
8105 1429.26
8110 1439.86
8115 1430.94
8120 1448.14
8125 1431.48
8130 1439.22
8135 1450.96
8140 1461.96
8145 1447.36
8150 1432.34
8155 1447.62
8160 1457.62
8165 1453.4
8170 1461.14
8175 1460.06
8180 1476.48
8185 1467.04
8190 1449.24
8195 1441.98
8200 1456.96
8205 1458.06
8210 1456.72
8215 1464.38
8220 1447.86
8225 1471.96
8230 1488.58
8235 1455.3
8240 1474.16
8245 1472.1
8250 1474.68
8255 1464.14
8260 1456.7
8265 1462.24
8270 1464.76
8275 1463.52
8280 1488.76
8285 1487.94
8290 1489.08
8295 1483.52
8300 1477.02
8305 1468.24
8310 1480.44
8315 1476.88
8320 1490.58
8325 1502.7
8330 1475.44
8335 1467.52
8340 1482.74
8345 1468.48
8350 1487.54
8355 1473.26
8360 1479.62
8365 1477.54
8370 1470.34
8375 1498.08
8380 1480.34
8385 1479.94
8390 1492.46
8395 1507.18
8400 1508.14
8405 1499.88
8410 1497.68
8415 1484.36
8420 1516.78
8425 1507.68
8430 1499.98
8435 1507.48
8440 1487.82
8445 1494.54
8450 1507.9
8455 1509.48
8460 1525
8465 1513.3
8470 1500.68
8475 1499.56
8480 1513.34
8485 1521.52
8490 1523.66
8495 1515.46
8500 1501.28
8505 1512.5
8510 1520.4
8515 1520.28
8520 1542.86
8525 1526.58
8530 1523.14
8535 1524.5
8540 1534.6
8545 1512.88
8550 1530.5
8555 1532.52
8560 1552.66
8565 1545.56
8570 1559.12
8575 1548.46
8580 1523.32
8585 1539.6
8590 1548.38
8595 1577.6
8600 1549
8605 1537.56
8610 1531.7
8615 1521.32
8620 1529.78
8625 1549.78
8630 1536.86
8635 1558.1
8640 1550.68
8645 1516.5
8650 1536.76
8655 1540.58
8660 1545.5
8665 1570.4
8670 1555.44
8675 1567.04
8680 1550.42
8685 1556.46
8690 1536.2
8695 1536.28
8700 1544.34
8705 1543.18
8710 1538.36
8715 1526.06
8720 1553.34
8725 1560.8
8730 1590.16
8735 1570.22
8740 1562.02
8745 1544.36
8750 1558.04
8755 1573.06
8760 1537.18
8765 1565.26
8770 1554.96
8775 1578.24
8780 1564.78
8785 1570.32
8790 1577.92
8795 1584.04
8800 1577.58
8805 1580.8
8810 1575.16
8815 1575.98
8820 1587.2
8825 1579.28
8830 1597.78
8835 1577.02
8840 1592.58
8845 1573.6
8850 1588.46
8855 1600.9
8860 1587.76
8865 1588.66
8870 1595.2
8875 1582.14
8880 1586.96
8885 1586.68
8890 1612.68
8895 1592.94
8900 1579.84
8905 1572.64
8910 1588.42
8915 1597.98
8920 1639.54
8925 1607.68
8930 1603.94
8935 1601.72
8940 1584.14
8945 1593.06
8950 1594.84
8955 1613.7
8960 1628.34
8965 1612.3
8970 1605.38
8975 1594.38
8980 1590.88
8985 1625.48
8990 1631.08
8995 1608.88
9000 1602.14
9005 1603.42
9010 1585.6
9015 1621.32
9020 1608.58
9025 1622.44
9030 1604.6
9035 1616.94
9040 1611.88
9045 1602.28
9050 1609.48
9055 1629.42
9060 1617.98
9065 1647.56
9070 1642.56
9075 1640.8
9080 1636.96
9085 1633.96
9090 1638.58
9095 1614.26
9100 1626.66
9105 1624.06
9110 1636.2
9115 1638.06
9120 1635.26
9125 1625.06
9130 1622.9
9135 1610.4
9140 1629.72
9145 1656.2
9150 1649.3
9155 1644.46
9160 1648.98
9165 1661.92
9170 1661.46
9175 1644.9
9180 1668.34
9185 1637.72
9190 1633.24
9195 1631.64
9200 1664.32
9205 1666.82
9210 1646.36
9215 1638.9
9220 1645.4
9225 1635.6
9230 1639.98
9235 1658.74
9240 1658
9245 1661.76
9250 1654.86
9255 1635.06
9260 1639.4
9265 1675.42
9270 1681.16
9275 1669.3
9280 1652.26
9285 1642.82
9290 1656.04
9295 1671.52
9300 1686.16
9305 1704.9
9310 1679.78
9315 1674.04
9320 1659.92
9325 1644.68
9330 1660.36
9335 1686.72
9340 1670.78
9345 1670.24
9350 1667.5
9355 1658.72
9360 1669.6
9365 1690.4
9370 1674.24
9375 1669.3
9380 1677.32
9385 1697.92
9390 1677.78
9395 1686.92
9400 1683.94
9405 1699.26
9410 1695.48
9415 1696.4
9420 1718.14
9425 1712.92
9430 1722.54
9435 1715.34
9440 1692.22
9445 1692.38
9450 1678.28
9455 1716.58
9460 1705.8
9465 1730.64
9470 1705.68
9475 1695.68
9480 1706.5
9485 1709.3
9490 1709.06
9495 1704.02
9500 1690.54
9505 1687.48
9510 1706.16
9515 1722.1
9520 1737.26
9525 1732.46
9530 1712.72
9535 1696.98
9540 1700.44
9545 1693.86
9550 1726.38
9555 1724.28
9560 1708.86
9565 1702.3
9570 1716.6
9575 1742.96
9580 1747.16
9585 1732.32
9590 1718.58
9595 1706.94
9600 1701.9
9605 1722.96
9610 1736.3
9615 1727.84
9620 1704.9
9625 1702.06
9630 1719.94
9635 1741
9640 1736.12
9645 1739.58
9650 1742.1
9655 1751.2
9660 1739.06
9665 1731.02
9670 1738.98
9675 1730.74
9680 1729.84
9685 1741
9690 1741.7
9695 1757.54
9700 1768.18
9705 1750.84
9710 1749.14
9715 1747.18
9720 1761.96
9725 1762.72
9730 1758.22
9735 1769.26
9740 1743.42
9745 1766.3
9750 1762.44
9755 1757.24
9760 1756.26
9765 1757.62
9770 1740.92
9775 1749.32
9780 1768.44
9785 1795.62
9790 1769.86
9795 1771.72
9800 1770.44
9805 1767.64
9810 1785.94
9815 1764.38
9820 1766.24
9825 1752.06
9830 1764.66
9835 1748
9840 1781.88
9845 1768.4
9850 1771.92
9855 1761.56
9860 1775.18
9865 1771.4
9870 1808.2
9875 1819.2
9880 1786.88
9885 1787.94
9890 1787.98
9895 1782.04
9900 1794.84
9905 1780.24
9910 1782.24
9915 1799.36
9920 1784.54
9925 1786.24
9930 1786.52
9935 1799.14
9940 1807.58
9945 1816.38
9950 1795.94
9955 1803.3
9960 1823.74
9965 1806.34
9970 1792.74
9975 1792
9980 1820.6
9985 1806.58
9990 1820.18
9995 1831.7
10000 1812.84
