5 0
10 0
15 0
20 1
25 1
30 2
35 2
40 2
45 3
50 3
55 4
60 4
65 5
70 5
75 6
80 6
85 7
90 7
95 8
100 8
105 9
110 9
115 10
120 10
125 10
130 11
135 12
140 13
145 12
150 13
155 14
160 15
165 15
170 16
175 17
180 17
185 18
190 18
195 19
200 20
205 20
210 20
215 21
220 22
225 22
230 23
235 23
240 24
245 25
250 25
255 26
260 26
265 27
270 28
275 29
280 29
285 30
290 31
295 31
300 32
305 32
310 33
315 34
320 35
325 36
330 36
335 37
340 38
345 38
350 38
355 40
360 40
365 41
370 41
375 42
380 43
385 43
390 44
395 45
400 45
405 46
410 48
415 48
420 48
425 49
430 50
435 50
440 51
445 52
450 52
455 53
460 54
465 55
470 55
475 55
480 57
485 57
490 58
495 58
500 59
505 60
510 61
515 61
520 63
525 63
530 64
535 64
540 65
545 66
550 66
555 68
560 68
565 69
570 69
575 70
580 71
585 71
590 72
595 73
600 73
605 75
610 89
615 131
620 92
625 76
630 76
635 76
640 77
645 78
650 78
655 79
660 79
665 81
670 82
675 82
680 104
685 100
690 84
695 87
700 86
705 87
710 88
715 88
720 90
725 90
730 90
735 91
740 92
745 93
750 93
755 94
760 96
765 96
770 96
775 98
780 98
785 139
790 132
795 100
800 101
805 101
810 103
815 103
820 103
825 105
830 105
835 106
840 107
845 107
850 108
855 109
860 110
865 110
870 111
875 112
880 113
885 182
890 136
895 137
900 120
905 121
910 121
915 122
920 122
925 122
930 124
935 125
940 126
945 126
950 126
955 127
960 128
965 128
970 129
975 130
980 131
985 131
990 132
995 133
1000 134
1005 134
1010 135
1015 136
1020 137
1025 138
1030 138
1035 139
1040 140
1045 141
1050 142
1055 142
1060 143
1065 144
1070 144
1075 146
1080 147
1085 146
1090 148
1095 167
1100 150
1105 151
1110 152
1115 152
1120 212
1125 176
1130 155
1135 157
1140 157
1145 157
1150 176
1155 179
1160 160
1165 160
1170 161
1175 162
1180 163
1185 164
1190 164
1195 165
1200 167
1205 266
1210 169
1215 169
1220 170
1225 172
1230 172
1235 173
1240 174
1245 174
1250 175
1255 176
1260 176
1265 177
1270 178
1275 179
1280 180
1285 180
1290 182
1295 182
1300 184
1305 184
1310 186
1315 185
1320 185
1325 187
1330 189
1335 189
1340 190
1345 191
1350 192
1355 194
1360 193
1365 339
1370 231
1375 195
1380 234
1385 226
1390 267
1395 193
1400 230
1405 195
1410 196
1415 302
1420 199
1425 198
1430 199
1435 200
1440 202
1445 202
1450 202
1455 203
1460 204
1465 205
1470 302
1475 318
1480 207
1485 208
1490 210
1495 209
1500 210
1505 211
1510 248
1515 214
1520 215
1525 276
1530 222
1535 223
1540 224
1545 226
1550 263
1555 259
1560 225
1565 227
1570 227
1575 229
1580 231
1585 230
1590 232
1595 233
1600 232
1605 234
1610 298
1615 253
1620 235
1625 275
1630 300
1635 257
1640 345
1645 265
1650 259
1655 252
1660 251
1665 256
1670 254
1675 285
1680 254
1685 257
1690 258
1695 259
1700 287
1705 272
1710 252
1715 252
1720 255
1725 255
1730 257
1735 256
1740 258
1745 258
1750 259
1755 328
1760 258
1765 260
1770 261
1775 261
1780 264
1785 264
1790 264
1795 264
1800 266
1805 333
1810 267
1815 385
1820 269
1825 269
1830 272
1835 271
1840 273
1845 273
1850 275
1855 276
1860 276
1865 276
1870 277
1875 307
1880 385
1885 280
1890 281
1895 282
1900 283
1905 283
1910 284
1915 285
1920 285
1925 286
1930 318
1935 307
1940 339
1945 307
1950 300
1955 500
1960 568
1965 310
1970 302
1975 306
1980 415
1985 569
1990 569
1995 570
2000 558
2005 442
2010 448
2015 463
2020 498
2025 478
2030 475
2035 469
2040 456
2045 464
2050 481
2055 451
2060 455
2065 457
2070 463
2075 463
2080 465
2085 415
2090 395
2095 395
2100 391
2105 390
2110 391
2115 394
2120 397
2125 408
2130 400
2135 405
2140 443
2145 399
2150 398
2155 400
2160 401
2165 401
2170 403
2175 424
2180 438
2185 419
2190 502
2195 439
2200 436
2205 368
2210 368
2215 367
2220 406
2225 386
2230 372
2235 373
2240 373
2245 373
2250 375
2255 375
2260 378
2265 376
2270 377
2275 379
2280 380
2285 379
2290 379
2295 381
2300 382
2305 382
2310 384
2315 390
2320 384
2325 391
2330 388
2335 387
2340 390
2345 391
2350 391
2355 420
2360 392
2365 393
2370 394
2375 403
2380 373
2385 373
2390 376
2395 376
2400 377
2405 381
2410 380
2415 380
2420 381
2425 382
2430 383
2435 384
2440 385
2445 399
2450 398
2455 387
2460 387
2465 388
2470 390
2475 391
2480 391
2485 392
2490 391
2495 397
2500 396
2505 404
2510 402
2515 398
2520 404
2525 404
2530 405
2535 414
2540 407
2545 405
2550 405
2555 405
2560 405
2565 413
2570 408
2575 410
2580 426
2585 411
2590 420
2595 412
2600 414
2605 435
2610 416
2615 417
2620 417
2625 418
2630 419
2635 421
2640 422
2645 422
2650 423
2655 424
2660 424
2665 425
2670 425
2675 426
2680 427
2685 428
2690 429
2695 446
2700 438
2705 422
2710 467
2715 421
2720 423
2725 424
2730 426
2735 424
2740 425
2745 429
2750 429
2755 428
2760 429
2765 431
2770 433
2775 435
2780 434
2785 436
2790 437
2795 511
2800 438
2805 493
2810 448
2815 430
2820 469
2825 531
2830 431
2835 433
2840 433
2845 435
2850 436
2855 437
2860 437
2865 437
2870 439
2875 440
2880 439
2885 441
2890 514
2895 453
2900 456
2905 457
2910 475
2915 449
2920 446
2925 571
2930 448
2935 525
2940 449
2945 452
2950 453
2955 453
2960 455
2965 455
2970 458
2975 458
2980 459
2985 458
2990 460
2995 460
3000 462
3005 462
3010 464
3015 464
3020 541
3025 467
3030 465
3035 466
3040 467
3045 659
3050 611
3055 588
3060 555
3065 487
3070 485
3075 500
3080 474
3085 475
3090 475
3095 477
3100 547
3105 478
3110 497
3115 491
3120 568
3125 496
3130 550
3135 523
3140 558
3145 498
3150 498
3155 529
3160 503
3165 536
3170 554
3175 503
3180 503
3185 505
3190 508
3195 507
3200 507
3205 546
3210 512
3215 511
3220 511
3225 563
3230 512
3235 515
3240 551
3245 517
3250 518
3255 518
3260 519
3265 521
3270 521
3275 522
3280 521
3285 558
3290 557
3295 644
3300 528
3305 527
3310 529
3315 527
3320 528
3325 576
3330 531
3335 568
3340 532
3345 532
3350 535
3355 535
3360 536
3365 536
3370 539
3375 539
3380 601
3385 525
3390 637
3395 527
3400 528
3405 532
3410 640
3415 531
3420 533
3425 532
3430 609
3435 535
3440 536
3445 535
3450 537
3455 539
3460 540
3465 540
3470 542
3475 543
3480 545
3485 544
3490 545
3495 674
3500 546
3505 632
3510 715
3515 549
3520 639
3525 553
3530 551
3535 553
3540 552
3545 554
3550 555
3555 584
3560 571
3565 571
3570 724
3575 622
3580 575
3585 575
3590 577
3595 581
3600 575
3605 697
3610 578
3615 579
3620 582
3625 583
3630 583
3635 668
3640 587
3645 586
3650 585
3655 587
3660 588
3665 588
3670 590
3675 591
3680 612
3685 620
3690 633
3695 595
3700 596
3705 597
3710 597
3715 635
3720 600
3725 599
3730 602
3735 601
3740 602
3745 603
3750 604
3755 605
3760 663
3765 625
3770 633
3775 649
3780 656
3785 612
3790 611
3795 614
3800 654
3805 709
3810 617
3815 618
3820 800
3825 821
3830 753
3835 904
3840 666
3845 697
3850 623
3855 745
3860 623
3865 625
3870 627
3875 627
3880 629
3885 628
3890 629
3895 631
3900 632
3905 668
3910 631
3915 632
3920 706
3925 634
3930 665
3935 639
3940 640
3945 641
3950 641
3955 642
3960 641
3965 730
3970 663
3975 645
3980 645
3985 682
3990 669
3995 675
4000 703
4005 633
4010 634
4015 635
4020 637
4025 636
4030 637
4035 711
4040 639
4045 640
4050 680
4055 642
4060 642
4065 717
4070 738
4075 685
4080 646
4085 648
4090 649
4095 648
4100 771
4105 650
4110 651
4115 650
4120 652
4125 652
4130 655
4135 655
4140 692
4145 750
4150 657
4155 735
4160 662
4165 664
4170 733
4175 662
4180 705
4185 666
4190 666
4195 667
4200 667
4205 667
4210 667
4215 741
4220 734
4225 749
4230 706
4235 766
4240 692
4245 733
4250 696
4255 820
4260 1017
4265 1024
4270 1023
4275 1021
4280 1021
4285 1025
4290 1055
4295 1027
4300 1053
4305 870
4310 869
4315 869
4320 867
4325 867
4330 879
4335 869
4340 870
4345 901
4350 873
4355 892
4360 773
4365 777
4370 777
4375 778
4380 780
4385 780
4390 781
4395 782
4400 782
4405 783
4410 785
4415 790
4420 787
4425 788
4430 790
4435 790
4440 791
4445 794
4450 711
4455 712
4460 712
4465 712
4470 716
4475 835
4480 756
4485 770
4490 715
4495 719
4500 718
4505 719
4510 722
4515 761
4520 722
4525 804
4530 742
4535 744
4540 747
4545 729
4550 809
4555 731
4560 729
4565 732
4570 732
4575 734
4580 734
4585 733
4590 734
4595 879
4600 756
4605 757
4610 847
4615 740
4620 901
4625 808
4630 764
4635 803
4640 764
4645 764
4650 767
4655 767
4660 767
4665 771
4670 882
4675 772
4680 776
4685 784
4690 776
4695 778
4700 776
4705 756
4710 758
4715 760
4720 759
4725 761
4730 802
4735 762
4740 882
4745 780
4750 845
4755 922
4760 797
4765 787
4770 787
4775 788
4780 831
4785 931
4790 935
4795 794
4800 797
4805 794
4810 872
4815 891
4820 778
4825 778
4830 859
4835 780
4840 779
4845 781
4850 784
4855 781
4860 784
4865 913
4870 804
4875 841
4880 787
4885 790
4890 790
4895 792
4900 791
4905 873
4910 792
4915 873
4920 866
4925 799
4930 860
4935 857
4940 817
4945 908
4950 800
4955 803
4960 802
4965 803
4970 801
4975 802
4980 804
4985 807
4990 953
4995 849
5000 844
5005 809
5010 811
5015 812
5020 812
5025 812
5030 874
5035 815
5040 817
5045 817
5050 820
5055 818
5060 916
5065 821
5070 897
5075 864
5080 860
5085 825
5090 824
5095 826
5100 827
5105 867
5110 849
5115 873
5120 904
5125 831
5130 833
5135 834
5140 832
5145 835
5150 836
5155 835
5160 838
5165 839
5170 841
5175 841
5180 917
5185 843
5190 842
5195 843
5200 866
5205 846
5210 913
5215 870
5220 910
5225 850
5230 942
5235 921
5240 893
5245 852
5250 855
5255 855
5260 855
5265 857
5270 859
5275 873
5280 859
5285 858
5290 861
5295 859
5300 939
5305 864
5310 865
5315 940
5320 866
5325 865
5330 869
5335 868
5340 1066
5345 936
5350 958
5355 936
5360 894
5365 953
5370 876
5375 877
5380 878
5385 904
5390 902
5395 950
5400 904
5405 906
5410 949
5415 904
5420 906
5425 906
5430 1015
5435 909
5440 889
5445 938
5450 889
5455 889
5460 1015
5465 972
5470 889
5475 948
5480 1060
5485 1081
5490 986
5495 920
5500 993
5505 924
5510 983
5515 923
5520 970
5525 925
5530 926
5535 930
5540 926
5545 929
5550 930
5555 931
5560 1012
5565 1005
5570 957
5575 976
5580 933
5585 943
5590 913
5595 915
5600 934
5605 934
5610 916
5615 1036
5620 919
5625 918
5630 958
5635 938
5640 974
5645 997
5650 926
5655 927
5660 981
5665 1022
5670 927
5675 1096
5680 1036
5685 951
5690 957
5695 996
5700 959
5705 962
5710 960
5715 957
5720 962
5725 964
5730 999
5735 1093
5740 940
5745 942
5750 943
5755 944
5760 945
5765 946
5770 946
5775 986
5780 1087
5785 1064
5790 948
5795 949
5800 950
5805 952
5810 952
5815 955
5820 955
5825 956
5830 1022
5835 958
5840 1019
5845 959
5850 1086
5855 1000
5860 1040
5865 1012
5870 1217
5875 1219
5880 1050
5885 1008
5890 1037
5895 995
5900 995
5905 998
5910 998
5915 995
5920 998
5925 997
5930 1055
5935 1000
5940 1088
5945 1086
5950 1001
5955 1007
5960 1005
5965 1008
5970 1006
5975 1049
5980 1008
5985 1093
5990 1056
5995 1015
6000 1013
6005 1013
6010 1014
6015 1057
6020 1016
6025 1018
6030 1021
6035 1018
6040 1056
6045 1022
6050 1022
6055 1023
6060 1024
6065 1024
6070 1063
6075 999
6080 1000
6085 1132
6090 1151
6095 1253
6100 1125
6105 1008
6110 1008
6115 1042
6120 1033
6125 1101
6130 1036
6135 1157
6140 1038
6145 1039
6150 1040
6155 1040
6160 1043
6165 1042
6170 1043
6175 1145
6180 1166
6185 1092
6190 1050
6195 1085
6200 1048
6205 1084
6210 1049
6215 1050
6220 1056
6225 1056
6230 1091
6235 1088
6240 1057
6245 1062
6250 1053
6255 1031
6260 1032
6265 1070
6270 1034
6275 1177
6280 1113
6285 1036
6290 1111
6295 1041
6300 1078
6305 1043
6310 1159
6315 1117
6320 1171
6325 1200
6330 1044
6335 1047
6340 1087
6345 1078
6350 1077
6355 1079
6360 1077
6365 1092
6370 1186
6375 1152
6380 1091
6385 1053
6390 1058
6395 1056
6400 1182
6405 1058
6410 1060
6415 1060
6420 1137
6425 1133
6430 1062
6435 1216
6440 1066
6445 1105
6450 1067
6455 1067
6460 1151
6465 1155
6470 1069
6475 1074
6480 1073
6485 1073
6490 1074
6495 1145
6500 1198
6505 1133
6510 1502
6515 1522
6520 1275
6525 1146
6530 1108
6535 1182
6540 1114
6545 1148
6550 1145
6555 1302
6560 1133
6565 1117
6570 1238
6575 1118
6580 1154
6585 1123
6590 1123
6595 1158
6600 1165
6605 1124
6610 1124
6615 1152
6620 1126
6625 1166
6630 1193
6635 1296
6640 1224
6645 1436
6650 1167
6655 1164
6660 1163
6665 1167
6670 1177
6675 1167
6680 1165
6685 1172
6690 1172
6695 1171
6700 1172
6705 1171
6710 1177
6715 1164
6720 1214
6725 1214
6730 1184
6735 1145
6740 1147
6745 1148
6750 1149
6755 1190
6760 1265
6765 1154
6770 1198
6775 1156
6780 1159
6785 1157
6790 1157
6795 1159
6800 1130
6805 1129
6810 1264
6815 1216
6820 1135
6825 1135
6830 1137
6835 1175
6840 1209
6845 1230
6850 1172
6855 1214
6860 1361
6865 1141
6870 1141
6875 1157
6880 1176
6885 1177
6890 1221
6895 1293
6900 1217
6905 1180
6910 1177
6915 1193
6920 1151
6925 1151
6930 1191
6935 1156
6940 1158
6945 1271
6950 1155
6955 1156
6960 1159
6965 1159
6970 1158
6975 1160
6980 1280
6985 1310
6990 1239
6995 1164
7000 1166
7005 1167
7010 1247
7015 1171
7020 1171
7025 1172
7030 1284
7035 1173
7040 1229
7045 1176
7050 1176
7055 1177
7060 1298
7065 1180
7070 1341
7075 1301
7080 1227
7085 1212
7090 1215
7095 1215
7100 1219
7105 1217
7110 1217
7115 1255
7120 1200
7125 1266
7130 1190
7135 1270
7140 1191
7145 1498
7150 1272
7155 1346
7160 1494
7165 1423
7170 1260
7175 1229
7180 1230
7185 1230
7190 1284
7195 1313
7200 1269
7205 1301
7210 1270
7215 1272
7220 1272
7225 1273
7230 1392
7235 1282
7240 1241
7245 1241
7250 1242
7255 1243
7260 1246
7265 1285
7270 1232
7275 1288
7280 1214
7285 1217
7290 1217
7295 1220
7300 1258
7305 1222
7310 1228
7315 1324
7320 1263
7325 1300
7330 1227
7335 1266
7340 1304
7345 1261
7350 1263
7355 1263
7360 1301
7365 1263
7370 1266
7375 1263
7380 1266
7385 1291
7390 1238
7395 1362
7400 1312
7405 1239
7410 1240
7415 1316
7420 1313
7425 1242
7430 1244
7435 1244
7440 1318
7445 1246
7450 1246
7455 1320
7460 1249
7465 1249
7470 1290
7475 1352
7480 1329
7485 1254
7490 1254
7495 1257
7500 1258
7505 1257
7510 1372
7515 1334
7520 1413
7525 1315
7530 1264
7535 1263
7540 1263
7545 1419
7550 1268
7555 1453
7560 1326
7565 1268
7570 1299
7575 1303
7580 1303
7585 1304
7590 1308
7595 1394
7600 1308
7605 1353
7610 1276
7615 1278
7620 1280
7625 1319
7630 1393
7635 1404
7640 1557
7645 1316
7650 1319
7655 1317
7660 1317
7665 1436
7670 1320
7675 1402
7680 1310
7685 1293
7690 1292
7695 1294
7700 1292
7705 1569
7710 1450
7715 1375
7720 1366
7725 1333
7730 1334
7735 1334
7740 1413
7745 1334
7750 1408
7755 1304
7760 1304
7765 1304
7770 1304
7775 1344
7780 1430
7785 1473
7790 1344
7795 1345
7800 1348
7805 1349
7810 1346
7815 1347
7820 1352
7825 1386
7830 1314
7835 1315
7840 1391
7845 1316
7850 1357
7855 1321
7860 1408
7865 1399
7870 1365
7875 1341
7880 1326
7885 1329
7890 1426
7895 1362
7900 1400
7905 1364
7910 1478
7915 1365
7920 1413
7925 1493
7930 1369
7935 1589
7940 1374
7945 1374
7950 1375
7955 1373
7960 1415
7965 1376
7970 1377
7975 1416
7980 1377
7985 1380
7990 1423
7995 1379
8000 1346
8005 1411
8010 1458
8015 1346
8020 1352
8025 1350
8030 1350
8035 1355
8040 1356
8045 1470
8050 1427
8055 1528
8060 1638
8065 1406
8070 1399
8075 1401
8080 1462
8085 1502
8090 1399
8095 1412
8100 1367
8105 1439
8110 1436
8115 1397
8120 1517
8125 1369
8130 1462
8135 1407
8140 1407
8145 1493
8150 1511
8155 1452
8160 1414
8165 1418
8170 1412
8175 1414
8180 1464
8185 1416
8190 1452
8195 1418
8200 1400
8205 1383
8210 1459
8215 1468
8220 1389
8225 1522
8230 1463
8235 1429
8240 1587
8245 1428
8250 1431
8255 1512
8260 1430
8265 1470
8270 1434
8275 1433
8280 1433
8285 1492
8290 1436
8295 1577
8300 1491
8305 1475
8310 1404
8315 1403
8320 1405
8325 1405
8330 1553
8335 1468
8340 1409
8345 1492
8350 1412
8355 1413
8360 1417
8365 1602
8370 1652
8375 2494
8380 1945
8385 1558
8390 1767
8395 1791
8400 1459
8405 1583
8410 1462
8415 1462
8420 1488
8425 1522
8430 1503
8435 1502
8440 1538
8445 1506
8450 1514
8455 1553
8460 1472
8465 1507
8470 1471
8475 1471
8480 1475
8485 1474
8490 1478
8495 1647
8500 1518
8505 1478
8510 1479
8515 1479
8520 1443
8525 1443
8530 1448
8535 1523
8540 1518
8545 1446
8550 1489
8555 1650
8560 1519
8565 1774
8570 1451
8575 1453
8580 1476
8585 1493
8590 1495
8595 1496
8600 1662
8605 1495
8610 1631
8615 1533
8620 1500
8625 1502
8630 1592
8635 1537
8640 1503
8645 1508
8650 1504
8655 1506
8660 1510
8665 1587
8670 1598
8675 1513
8680 1476
8685 1474
8690 1588
8695 1496
8700 1676
8705 1595
8710 1518
8715 1518
8720 1521
8725 1522
8730 1519
8735 1566
8740 1509
8745 1486
8750 1562
8755 1561
8760 1492
8765 1700
8770 1603
8775 1567
8780 1530
8785 1529
8790 1534
8795 1537
8800 1582
8805 1497
8810 1499
8815 1498
8820 1501
8825 1598
8830 1607
8835 1541
8840 1501
8845 1542
8850 1508
8855 1580
8860 1712
8865 1795
8870 1547
8875 1547
8880 1585
8885 1549
8890 1558
8895 1767
8900 1775
8905 1519
8910 1686
8915 1520
8920 1519
8925 1627
8930 1597
8935 1556
8940 1560
8945 1562
8950 1568
8955 1564
8960 1657
8965 1611
8970 1568
8975 1566
8980 1572
8985 1556
8990 1668
8995 1660
9000 1534
9005 1535
9010 1555
9015 1614
9020 1582
9025 1662
9030 1621
9035 1580
9040 1584
9045 1572
9050 1543
9055 1707
9060 1627
9065 1546
9070 1623
9075 1621
9080 1549
9085 1552
9090 1636
9095 1623
9100 1554
9105 1629
9110 1556
9115 1558
9120 1553
9125 1633
9130 1557
9135 1555
9140 1559
9145 1561
9150 1677
9155 1649
9160 1645
9165 1637
9170 1568
9175 1569
9180 1567
9185 1568
9190 1683
9195 1568
9200 1568
9205 1608
9210 1651
9215 1655
9220 1784
9225 1681
9230 1618
9235 1618
9240 1625
9245 1622
9250 1624
9255 1694
9260 1583
9265 1659
9270 1583
9275 1580
9280 1716
9285 1666
9290 1747
9295 1588
9300 1589
9305 1664
9310 1743
9315 1740
9320 1671
9325 1636
9330 1637
9335 1637
9340 1642
9345 1829
9350 1598
9355 1600
9360 1640
9365 1690
9370 1691
9375 1645
9380 1721
9385 1647
9390 1649
9395 1651
9400 1659
9405 1692
9410 1794
9415 1610
9420 1612
9425 1688
9430 1648
9435 1658
9440 1699
9445 1745
9450 1659
9455 1662
9460 1645
9465 1702
9470 1737
9475 1623
9480 1700
9485 1622
9490 1701
9495 1626
9500 1724
9505 1631
9510 1693
9515 1703
9520 1631
9525 1633
9530 1817
9535 1633
9540 1632
9545 1721
9550 1640
9555 1715
9560 1712
9565 1749
9570 1642
9575 1641
9580 1641
9585 1646
9590 1762
9595 1798
9600 1648
9605 1990
9610 1689
9615 1650
9620 1800
9625 1760
9630 1682
9635 1694
9640 1734
9645 1697
9650 1830
9655 1773
9660 1735
9665 1701
9670 1701
9675 1705
9680 1706
9685 1754
9690 1708
9695 1709
9700 1754
9705 1710
9710 1751
9715 1690
9720 1668
9725 1709
9730 1670
9735 1745
9740 1669
9745 1800
9750 1746
9755 1672
9760 1676
9765 1799
9770 1928
9775 1725
9780 1724
9785 1727
9790 1723
9795 1815
9800 1776
9805 1685
9810 1688
9815 1688
9820 1683
9825 1691
9830 1889
9835 1690
9840 1765
9845 1695
9850 1696
9855 1698
9860 1802
9865 1924
9870 2509
9875 2061
9880 1798
9885 2086
9890 1851
9895 1743
9900 1748
9905 1750
9910 1821
9915 1800
9920 1780
9925 1787
9930 1848
9935 1802
9940 1930
9945 1870
9950 1805
9955 1809
9960 1807
9965 1810
9970 1846
9975 1807
9980 1811
9985 1784
9990 1765
9995 1919
10000 1960
