5 0
10 0
15 0
20 1
25 1
30 2
35 2
40 2
45 3
50 3
55 4
60 4
65 5
70 5
75 5
80 6
85 6
90 7
95 7
100 8
105 8
110 9
115 9
120 10
125 10
130 11
135 11
140 12
145 12
150 13
155 14
160 14
165 14
170 15
175 16
180 16
185 17
190 17
195 18
200 19
205 20
210 20
215 20
220 21
225 22
230 23
235 23
240 24
245 24
250 25
255 25
260 26
265 27
270 27
275 28
280 29
285 30
290 30
295 30
300 31
305 32
310 32
315 33
320 34
325 34
330 35
335 36
340 36
345 37
350 38
355 38
360 38
365 40
370 40
375 41
380 42
385 42
390 43
395 44
400 44
405 45
410 45
415 46
420 46
425 48
430 48
435 49
440 49
445 50
450 51
455 51
460 52
465 53
470 53
475 54
480 55
485 56
490 56
495 57
500 58
505 59
510 59
515 59
520 60
525 61
530 61
535 63
540 63
545 63
550 65
555 65
560 66
565 67
570 67
575 68
580 109
585 105
590 70
595 71
600 72
605 72
610 74
615 76
620 75
625 94
630 131
635 77
640 78
645 78
650 79
655 96
660 83
665 83
670 85
675 84
680 86
685 87
690 87
695 88
700 89
705 89
710 91
715 91
720 92
725 93
730 93
735 95
740 94
745 97
750 96
755 98
760 99
765 99
770 120
775 122
780 100
785 102
790 103
795 104
800 104
805 105
810 106
815 106
820 107
825 108
830 108
835 109
840 111
845 111
850 112
855 112
860 114
865 114
870 115
875 116
880 117
885 149
890 120
895 121
900 121
905 122
910 122
915 122
920 124
925 123
930 145
935 141
940 126
945 126
950 127
955 128
960 129
965 130
970 130
975 130
980 132
985 134
990 134
995 135
1000 135
1005 135
1010 137
1015 138
1020 138
1025 139
1030 140
1035 141
1040 141
1045 142
1050 144
1055 144
1060 145
1065 146
1070 146
1075 148
1080 148
1085 149
1090 149
1095 151
1100 151
1105 151
1110 264
1115 190
1120 154
1125 155
1130 156
1135 156
1140 158
1145 192
1150 158
1155 160
1160 160
1165 161
1170 162
1175 164
1180 165
1185 166
1190 166
1195 166
1200 171
1205 169
1210 169
1215 169
1220 171
1225 171
1230 172
1235 173
1240 174
1245 175
1250 176
1255 177
1260 177
1265 177
1270 178
1275 179
1280 179
1285 181
1290 182
1295 183
1300 185
1305 184
1310 185
1315 186
1320 187
1325 201
1330 183
1335 182
1340 184
1345 185
1350 187
1355 186
1360 188
1365 188
1370 190
1375 191
1380 191
1385 192
1390 248
1395 237
1400 245
1405 243
1410 245
1415 234
1420 214
1425 254
1430 200
1435 199
1440 200
1445 201
1450 201
1455 203
1460 204
1465 205
1470 206
1475 206
1480 207
1485 209
1490 209
1495 234
1500 209
1505 210
1510 212
1515 213
1520 214
1525 215
1530 215
1535 217
1540 217
1545 219
1550 219
1555 220
1560 220
1565 221
1570 222
1575 222
1580 281
1585 241
1590 245
1595 244
1600 227
1605 228
1610 279
1615 315
1620 268
1625 230
1630 231
1635 303
1640 232
1645 233
1650 233
1655 234
1660 235
1665 236
1670 237
1675 238
1680 239
1685 240
1690 240
1695 242
1700 243
1705 243
1710 244
1715 245
1720 248
1725 245
1730 248
1735 248
1740 248
1745 248
1750 251
1755 251
1760 252
1765 253
1770 253
1775 255
1780 256
1785 256
1790 257
1795 257
1800 258
1805 260
1810 260
1815 335
1820 263
1825 262
1830 263
1835 339
1840 267
1845 267
1850 267
1855 268
1860 270
1865 271
1870 271
1875 271
1880 273
1885 273
1890 274
1895 275
1900 274
1905 277
1910 277
1915 276
1920 277
1925 278
1930 280
1935 281
1940 281
1945 282
1950 282
1955 420
1960 285
1965 286
1970 289
1975 286
1980 289
1985 287
1990 374
1995 339
2000 291
2005 293
2010 366
2015 294
2020 295
2025 294
2030 296
2035 297
2040 297
2045 298
2050 299
2055 299
2060 301
2065 302
2070 305
2075 304
2080 304
2085 306
2090 306
2095 364
2100 307
2105 308
2110 309
2115 311
2120 312
2125 313
2130 313
2135 314
2140 315
2145 318
2150 316
2155 317
2160 318
2165 320
2170 340
2175 380
2180 321
2185 323
2190 323
2195 323
2200 325
2205 326
2210 328
2215 327
2220 328
2225 329
2230 330
2235 330
2240 331
2245 330
2250 332
2255 333
2260 334
2265 393
2270 385
2275 459
2280 377
2285 429
2290 417
2295 341
2300 508
2305 343
2310 345
2315 419
2320 346
2325 348
2330 347
2335 349
2340 349
2345 350
2350 366
2355 361
2360 362
2365 363
2370 363
2375 363
2380 364
2385 365
2390 366
2395 367
2400 366
2405 367
2410 368
2415 370
2420 420
2425 372
2430 372
2435 373
2440 374
2445 375
2450 396
2455 378
2460 378
2465 379
2470 380
2475 382
2480 382
2485 383
2490 386
2495 385
2500 386
2505 388
2510 389
2515 388
2520 388
2525 427
2530 389
2535 391
2540 391
2545 416
2550 451
2555 395
2560 397
2565 442
2570 472
2575 399
2580 482
2585 435
2590 533
2595 512
2600 432
2605 462
2610 470
2615 441
2620 427
2625 444
2630 483
2635 430
2640 409
2645 410
2650 412
2655 411
2660 411
2665 509
2670 414
2675 416
2680 417
2685 421
2690 417
2695 419
2700 421
2705 421
2710 421
2715 423
2720 422
2725 424
2730 425
2735 428
2740 427
2745 463
2750 593
2755 430
2760 432
2765 430
2770 433
2775 434
2780 462
2785 436
2790 521
2795 437
2800 481
2805 438
2810 439
2815 438
2820 439
2825 489
2830 487
2835 443
2840 444
2845 445
2850 444
2855 484
2860 448
2865 452
2870 450
2875 450
2880 452
2885 453
2890 496
2895 554
2900 456
2905 457
2910 531
2915 459
2920 460
2925 462
2930 461
2935 463
2940 462
2945 464
2950 465
2955 465
2960 465
2965 467
2970 468
2975 469
2980 471
2985 470
2990 471
2995 473
3000 474
3005 590
3010 534
3015 474
3020 522
3025 477
3030 478
3035 479
3040 479
3045 482
3050 482
3055 482
3060 481
3065 484
3070 485
3075 533
3080 488
3085 489
3090 489
3095 529
3100 530
3105 493
3110 493
3115 494
3120 534
3125 495
3130 495
3135 497
3140 497
3145 499
3150 500
3155 499
3160 501
3165 504
3170 502
3175 541
3180 504
3185 506
3190 507
3195 545
3200 704
3205 668
3210 579
3215 524
3220 527
3225 527
3230 527
3235 529
3240 529
3245 530
3250 529
3255 531
3260 532
3265 532
3270 533
3275 534
3280 552
3285 544
3290 536
3295 540
3300 540
3305 540
3310 541
3315 543
3320 544
3325 581
3330 546
3335 544
3340 546
3345 547
3350 549
3355 548
3360 548
3365 552
3370 553
3375 556
3380 539
3385 542
3390 543
3395 605
3400 545
3405 621
3410 546
3415 545
3420 546
3425 546
3430 546
3435 548
3440 548
3445 550
3450 550
3455 615
3460 653
3465 539
3470 542
3475 542
3480 543
3485 543
3490 544
3495 565
3500 640
3505 548
3510 621
3515 549
3520 549
3525 551
3530 550
3535 731
3540 629
3545 582
3550 568
3555 569
3560 572
3565 572
3570 574
3575 678
3580 574
3585 663
3590 577
3595 578
3600 581
3605 579
3610 579
3615 582
3620 583
3625 586
3630 568
3635 644
3640 725
3645 570
3650 575
3655 575
3660 576
3665 574
3670 658
3675 577
3680 577
3685 578
3690 578
3695 620
3700 579
3705 581
3710 581
3715 583
3720 581
3725 583
3730 586
3735 585
3740 586
3745 691
3750 653
3755 666
3760 593
3765 593
3770 593
3775 593
3780 629
3785 597
3790 656
3795 626
3800 595
3805 671
3810 601
3815 601
3820 601
3825 603
3830 603
3835 604
3840 682
3845 603
3850 604
3855 609
3860 608
3865 608
3870 609
3875 610
3880 609
3885 611
3890 611
3895 612
3900 687
3905 805
3910 760
3915 618
3920 700
3925 620
3930 620
3935 640
3940 678
3945 640
3950 642
3955 644
3960 642
3965 644
3970 644
3975 645
3980 646
3985 647
3990 649
3995 686
4000 694
4005 654
4010 657
4015 637
4020 637
4025 637
4030 639
4035 639
4040 714
4045 639
4050 639
4055 641
4060 646
4065 644
4070 770
4075 765
4080 646
4085 647
4090 646
4095 649
4100 648
4105 650
4110 798
4115 855
4120 654
4125 655
4130 655
4135 684
4140 731
4145 728
4150 850
4155 678
4160 680
4165 680
4170 681
4175 680
4180 682
4185 682
4190 683
4195 685
4200 684
4205 690
4210 688
4215 781
4220 728
4225 799
4230 690
4235 692
4240 692
4245 694
4250 695
4255 695
4260 697
4265 783
4270 699
4275 699
4280 739
4285 738
4290 704
4295 740
4300 705
4305 706
4310 705
4315 707
4320 750
4325 757
4330 710
4335 711
4340 713
4345 713
4350 715
4355 795
4360 741
4365 771
4370 699
4375 698
4380 699
4385 699
4390 703
4395 703
4400 703
4405 743
4410 706
4415 708
4420 706
4425 746
4430 707
4435 752
4440 745
4445 712
4450 767
4455 727
4460 712
4465 713
4470 715
4475 717
4480 718
4485 719
4490 802
4495 795
4500 886
4505 798
4510 724
4515 726
4520 725
4525 809
4530 726
4535 728
4540 727
4545 730
4550 756
4555 794
4560 750
4565 753
4570 754
4575 790
4580 756
4585 756
4590 758
4595 760
4600 758
4605 810
4610 763
4615 761
4620 744
4625 855
4630 767
4635 834
4640 820
4645 746
4650 749
4655 752
4660 752
4665 754
4670 755
4675 755
4680 793
4685 763
4690 758
4695 761
4700 760
4705 803
4710 761
4715 763
4720 763
4725 763
4730 764
4735 766
4740 766
4745 767
4750 803
4755 767
4760 771
4765 932
4770 791
4775 812
4780 774
4785 775
4790 774
4795 911
4800 860
4805 777
4810 778
4815 777
4820 779
4825 782
4830 781
4835 821
4840 785
4845 783
4850 784
4855 785
4860 789
4865 807
4870 786
4875 787
4880 863
4885 827
4890 792
4895 892
4900 911
4905 793
4910 872
4915 864
4920 819
4925 819
4930 820
4935 823
4940 898
4945 824
4950 825
4955 823
4960 866
4965 827
4970 831
4975 824
4980 806
4985 918
4990 807
4995 809
5000 812
5005 811
5010 813
5015 944
5020 836
5025 941
5030 840
5035 840
5040 881
5045 843
5050 841
5055 841
5060 843
5065 844
5070 889
5075 846
5080 868
5085 869
5090 851
5095 893
5100 852
5105 851
5110 999
5115 1049
5120 833
5125 836
5130 834
5135 1151
5140 937
5145 859
5150 861
5155 943
5160 896
5165 865
5170 863
5175 865
5180 1078
5185 918
5190 895
5195 915
5200 918
5205 917
5210 914
5215 913
5220 909
5225 910
5230 905
5235 932
5240 929
5245 915
5250 908
5255 935
5260 910
5265 903
5270 906
5275 906
5280 934
5285 908
5290 910
5295 931
5300 992
5305 1084
5310 984
5315 980
5320 931
5325 999
5330 916
5335 942
5340 952
5345 962
5350 984
5355 998
5360 947
5365 924
5370 935
5375 947
5380 956
5385 953
5390 973
5395 946
5400 970
5405 972
5410 1018
5415 950
5420 961
5425 940
5430 935
5435 942
5440 987
5445 939
5450 940
5455 962
5460 950
5465 953
5470 946
5475 978
5480 961
5485 951
5490 953
5495 980
5500 951
5505 948
5510 977
5515 990
5520 953
5525 975
5530 960
5535 955
5540 970
5545 960
5550 957
5555 1002
5560 963
5565 1146
5570 1072
5575 962
5580 967
5585 966
5590 983
5595 968
5600 968
5605 967
5610 997
5615 971
5620 1003
5625 972
5630 979
5635 972
5640 979
5645 999
5650 980
5655 976
5660 979
5665 1021
5670 989
5675 985
5680 984
5685 1002
5690 990
5695 988
5700 986
5705 1001
5710 991
5715 991
5720 991
5725 1014
5730 993
5735 992
5740 993
5745 1028
5750 996
5755 997
5760 997
5765 1009
5770 1039
5775 1030
5780 1023
5785 1017
5790 1005
5795 1038
5800 1016
5805 1009
5810 1008
5815 1005
5820 1035
5825 1014
5830 1025
5835 985
5840 1029
5845 988
5850 986
5855 1091
5860 989
5865 990
5870 1189
5875 1082
5880 995
5885 1073
5890 1124
5895 997
5900 1077
5905 1040
5910 1097
5915 1166
5920 1134
5925 1339
5930 1333
5935 1198
5940 1037
5945 1059
5950 1066
5955 1033
5960 1105
5965 1053
5970 1039
5975 1042
5980 1039
5985 1069
5990 1040
5995 1072
6000 1064
6005 1096
6010 1038
6015 1020
6020 1167
6025 1020
6030 1061
6035 1022
6040 1110
6045 1027
6050 1025
6055 1124
6060 1071
6065 1096
6070 1108
6075 1084
6080 1068
6085 1066
6090 1115
6095 1059
6100 1064
6105 1078
6110 1066
6115 1067
6120 1067
6125 1094
6130 1096
6135 1081
6140 1076
6145 1090
6150 1149
6155 1082
6160 1094
6165 1072
6170 1078
6175 1076
6180 1097
6185 1078
6190 1075
6195 1078
6200 1091
6205 1082
6210 1082
6215 1082
6220 1101
6225 1087
6230 1124
6235 1059
6240 1108
6245 1111
6250 1132
6255 1151
6260 1145
6265 1103
6270 1086
6275 1096
6280 1122
6285 1101
6290 1096
6295 1144
6300 1101
6305 1105
6310 1101
6315 1102
6320 1075
6325 1074
6330 1076
6335 1199
6340 1114
6345 1079
6350 1210
6355 1115
6360 1082
6365 1083
6370 1212
6375 1345
6380 1084
6385 1153
6390 1087
6395 1087
6400 1112
6405 1117
6410 1116
6415 1119
6420 1119
6425 1172
6430 1123
6435 1126
6440 1125
6445 1113
6450 1097
6455 1095
6460 1098
6465 1102
6470 1220
6475 1186
6480 1102
6485 1110
6490 1216
6495 1166
6500 1206
6505 1079
6510 1158
6515 1160
6520 1185
6525 1097
6530 1112
6535 1115
6540 1115
6545 1114
6550 1117
6555 1163
6560 1212
6565 1236
6570 1157
6575 1119
6580 1160
6585 1160
6590 1122
6595 1124
6600 1125
6605 1211
6610 1199
6615 1101
6620 1180
6625 1102
6630 1103
6635 1103
6640 1104
6645 1105
6650 1109
6655 1185
6660 1137
6665 1131
6670 1112
6675 1269
6680 1301
6685 1112
6690 1113
6695 1255
6700 1218
6705 1144
6710 1146
6715 1146
6720 1149
6725 1149
6730 1151
6735 1159
6740 1176
6745 1197
6750 1123
6755 1124
6760 1126
6765 1339
6770 1129
6775 1187
6780 1243
6785 1316
6790 1159
6795 1161
6800 1160
6805 1213
6810 1164
6815 1168
6820 1166
6825 1183
6830 1205
6835 1167
6840 1210
6845 1170
6850 1172
6855 1174
6860 1212
6865 1230
6870 1278
6875 1277
6880 1146
6885 1148
6890 1148
6895 1150
6900 1229
6905 1151
6910 1154
6915 1259
6920 1191
6925 1156
6930 1156
6935 1160
6940 1160
6945 1158
6950 1236
6955 1243
6960 1198
6965 1162
6970 1162
6975 1225
6980 1194
6985 1202
6990 1166
6995 1170
7000 1207
7005 1211
7010 1169
7015 1171
7020 1212
7025 1171
7030 1173
7035 1174
7040 1310
7045 1296
7050 1176
7055 1181
7060 1255
7065 1183
7070 1182
7075 1181
7080 1263
7085 1216
7090 1295
7095 1188
7100 1186
7105 1190
7110 1188
7115 1191
7120 1354
7125 1319
7130 1270
7135 1192
7140 1195
7145 1276
7150 1196
7155 1273
7160 1199
7165 1200
7170 1331
7175 1270
7180 1265
7185 1231
7190 1231
7195 1233
7200 1384
7205 1237
7210 1334
7215 1243
7220 1271
7225 1317
7230 1241
7235 1239
7240 1242
7245 1243
7250 1243
7255 1328
7260 1247
7265 1247
7270 1291
7275 1359
7280 1251
7285 1249
7290 1338
7295 1336
7300 1258
7305 1260
7310 1496
7315 1282
7320 1304
7325 1332
7330 1331
7335 1259
7340 1262
7345 1264
7350 1265
7355 1265
7360 1265
7365 1364
7370 1361
7375 1315
7380 1271
7385 1271
7390 1272
7395 1270
7400 1276
7405 1273
7410 1319
7415 1275
7420 1278
7425 1279
7430 1281
7435 1279
7440 1317
7445 1338
7450 1365
7455 1251
7460 1338
7465 1284
7470 1270
7475 1288
7480 1345
7485 1329
7490 1337
7495 1257
7500 1258
7505 1260
7510 1260
7515 1416
7520 1301
7525 1432
7530 1340
7535 1264
7540 1265
7545 1377
7550 1370
7555 1301
7560 1343
7565 1302
7570 1463
7575 1306
7580 1307
7585 1394
7590 1358
7595 1346
7600 1450
7605 1471
7610 1353
7615 1278
7620 1304
7625 1356
7630 1316
7635 1318
7640 1319
7645 1611
7650 1403
7655 1321
7660 1322
7665 1321
7670 1358
7675 1345
7680 1448
7685 1354
7690 1333
7695 1293
7700 1291
7705 1294
7710 1414
7715 1504
7720 1483
7725 1392
7730 1332
7735 1336
7740 1415
7745 1340
7750 1355
7755 1427
7760 1344
7765 1340
7770 1340
7775 1339
7780 1342
7785 1342
7790 1348
7795 1380
7800 1329
7805 1309
7810 1494
7815 1396
7820 1316
7825 1318
7830 1534
7835 1352
7840 1350
7845 1353
7850 1352
7855 1356
7860 1358
7865 1472
7870 1458
7875 1326
7880 1329
7885 1328
7890 1407
7895 1410
7900 1473
7905 1425
7910 2027
7915 2026
7920 1368
7925 1454
7930 1400
7935 1444
7940 1409
7945 1409
7950 1410
7955 1411
7960 1443
7965 1412
7970 1472
7975 1488
7980 1420
7985 1381
7990 1383
7995 1379
8000 1383
8005 1416
8010 1474
8015 1383
8020 1385
8025 1386
8030 1387
8035 1427
8040 1481
8045 1431
8050 1389
8055 1393
8060 1394
8065 1429
8070 1424
8075 1393
8080 1470
8085 1399
8090 1398
8095 1402
8100 1407
8105 1369
8110 1364
8115 1750
8120 1703
8125 1449
8130 1441
8135 1446
8140 1452
8145 1449
8150 1450
8155 1451
8160 1465
8165 1461
8170 1415
8175 1416
8180 1416
8185 1505
8190 1463
8195 1418
8200 1421
8205 1421
8210 1422
8215 1456
8220 1427
8225 1505
8230 1509
8235 1464
8240 1432
8245 1430
8250 1477
8255 1562
8260 1533
8265 1429
8270 1436
8275 1435
8280 1437
8285 1437
8290 1440
8295 1489
8300 1432
8305 1439
8310 1402
8315 1404
8320 1406
8325 1628
8330 1490
8335 1497
8340 1486
8345 1411
8350 1410
8355 1414
8360 1451
8365 1493
8370 1415
8375 1414
8380 1418
8385 1457
8390 1457
8395 1523
8400 1568
8405 1424
8410 1427
8415 1428
8420 1424
8425 1429
8430 1597
8435 1506
8440 1510
8445 1432
8450 1434
8455 1432
8460 1435
8465 1607
8470 1538
8475 1435
8480 1438
8485 1572
8490 1794
8495 1590
8500 1479
8505 1552
8510 1478
8515 1562
8520 1485
8525 1485
8530 1488
8535 1616
8540 1507
8545 1487
8550 1530
8555 1563
8560 1565
8565 1491
8570 1535
8575 1527
8580 1491
8585 1584
8590 1501
8595 1497
8600 1547
8605 1532
8610 1498
8615 1499
8620 1499
8625 1483
8630 1578
8635 1467
8640 1581
8645 1467
8650 1468
8655 1470
8660 1474
8665 1470
8670 1600
8675 1546
8680 1473
8685 1512
8690 1477
8695 1515
8700 1535
8705 1482
8710 1693
8715 1498
8720 1646
8725 1524
8730 1522
8735 1616
8740 1568
8745 1523
8750 1518
8755 1491
8760 1563
8765 1525
8770 1493
8775 1572
8780 1494
8785 1497
8790 1494
8795 1494
8800 1497
8805 1624
8810 1603
8815 1502
8820 1502
8825 1504
8830 1500
8835 1504
8840 1577
8845 1504
8850 1505
8855 1583
8860 1506
8865 1511
8870 1752
8875 1590
8880 1511
8885 1511
8890 1665
8895 1591
8900 1519
8905 1593
8910 1618
8915 1519
8920 1518
8925 1594
8930 1517
8935 1748
8940 1610
8945 1597
8950 1602
8955 1567
8960 1566
8965 1569
8970 1550
8975 1605
8980 1532
8985 1529
8990 1529
8995 1532
9000 1698
9005 1669
9010 1535
9015 1540
9020 1538
9025 1539
9030 1657
9035 1582
9040 1618
9045 1584
9050 1583
9055 1586
9060 1580
9065 1837
9070 1627
9075 1549
9080 1549
9085 1623
9090 1593
9095 1596
9100 1596
9105 1714
9110 1596
9115 1633
9120 1583
9125 1651
9130 1784
9135 1639
9140 1558
9145 1564
9150 1608
9155 1641
9160 1731
9165 1685
9170 1608
9175 1682
9180 1696
9185 1572
9190 1570
9195 1817
9200 1570
9205 1588
9210 1615
9215 1615
9220 1681
9225 1622
9230 1659
9235 1635
9240 1579
9245 1661
9250 1653
9255 1716
9260 1885
9265 1674
9270 1624
9275 1624
9280 1760
9285 1633
9290 1707
9295 1631
9300 1632
9305 1634
9310 1671
9315 1674
9320 1773
9325 1638
9330 1636
9335 1637
9340 1641
9345 1687
9350 1734
9355 1601
9360 1760
9365 1676
9370 1605
9375 1601
9380 1727
9385 1667
9390 1607
9395 1605
9400 1652
9405 1694
9410 1614
9415 1688
9420 1614
9425 1614
9430 1613
9435 1620
9440 1719
9445 1656
9450 1617
9455 1618
9460 1660
9465 1696
9470 1952
9475 1884
9480 2751
9485 1875
9490 1882
9495 1756
9500 1824
9505 1671
9510 1675
9515 1671
9520 1710
9525 1679
9530 1767
9535 1676
9540 1678
9545 1680
9550 1682
9555 1878
9560 1750
9565 1683
9570 1684
9575 1685
9580 1720
9585 1738
9590 1730
9595 1688
9600 1694
9605 1722
9610 1794
9615 1750
9620 1787
9625 1650
9630 1707
9635 1695
9640 1699
9645 1701
9650 1740
9655 1699
9660 1701
9665 1658
9670 1656
9675 1663
9680 1858
9685 1698
9690 1664
9695 1793
9700 1667
9705 1746
9710 1825
9715 1687
9720 1712
9725 1747
9730 2089
9735 1823
9740 1791
9745 1754
9750 1801
9755 1720
9760 1722
9765 1727
9770 1771
9775 1859
9780 1938
9785 1861
9790 1730
9795 1904
9800 1730
9805 1731
9810 1784
9815 1877
9820 1734
9825 1817
9830 1774
9835 1733
9840 1742
9845 1778
9850 1797
9855 1775
9860 1740
9865 1741
9870 1745
9875 1862
9880 1783
9885 1745
9890 1748
9895 1747
9900 1746
9905 1795
9910 1842
9915 1846
9920 1777
9925 1790
9930 1709
9935 1767
9940 1806
9945 1792
9950 1759
9955 1796
9960 2133
9965 1851
9970 1801
9975 1762
9980 1763
9985 1769
9990 1767
9995 1814
10000 1802
