5 0
10 0
15 0
20 1
25 1
30 1
35 2
40 2
45 3
50 3
55 3
60 4
65 4
70 5
75 5
80 6
85 6
90 7
95 7
100 8
105 9
110 9
115 9
120 10
125 11
130 11
135 12
140 12
145 13
150 14
155 14
160 15
165 15
170 15
175 16
180 17
185 17
190 18
195 18
200 19
205 19
210 20
215 21
220 21
225 22
230 22
235 23
240 24
245 24
250 25
255 26
260 26
265 27
270 28
275 28
280 29
285 30
290 30
295 31
300 31
305 32
310 33
315 33
320 34
325 35
330 36
335 55
340 37
345 77
350 38
355 38
360 39
365 40
370 41
375 80
380 58
385 42
390 43
395 43
400 44
405 45
410 45
415 46
420 47
425 48
430 48
435 49
440 49
445 51
450 51
455 52
460 52
465 53
470 76
475 99
480 60
485 97
490 57
495 58
500 58
505 59
510 60
515 60
520 61
525 61
530 62
535 63
540 64
545 64
550 65
555 66
560 67
565 67
570 68
575 69
580 70
585 70
590 71
595 71
600 72
605 72
610 74
615 74
620 75
625 76
630 77
635 78
640 77
645 79
650 80
655 81
660 81
665 82
670 83
675 83
680 84
685 84
690 85
695 86
700 86
705 88
710 87
715 89
720 90
725 91
730 91
735 92
740 92
745 93
750 94
755 94
760 96
765 95
770 97
775 97
780 97
785 98
790 99
795 101
800 101
805 101
810 102
815 103
820 104
825 105
830 105
835 106
840 107
845 107
850 109
855 109
860 111
865 110
870 112
875 112
880 113
885 161
890 123
895 139
900 121
905 120
910 121
915 121
920 121
925 142
930 156
935 126
940 126
945 126
950 127
955 128
960 128
965 132
970 130
975 130
980 132
985 132
990 133
995 134
1000 134
1005 136
1010 137
1015 137
1020 138
1025 138
1030 140
1035 140
1040 141
1045 141
1050 142
1055 144
1060 144
1065 144
1070 145
1075 146
1080 148
1085 148
1090 149
1095 149
1100 151
1105 151
1110 152
1115 152
1120 153
1125 154
1130 155
1135 155
1140 158
1145 157
1150 158
1155 159
1160 160
1165 160
1170 161
1175 162
1180 164
1185 165
1190 164
1195 166
1200 166
1205 167
1210 169
1215 169
1220 170
1225 170
1230 172
1235 172
1240 173
1245 200
1250 182
1255 187
1260 181
1265 218
1270 186
1275 185
1280 185
1285 186
1290 187
1295 191
1300 189
1305 192
1310 192
1315 190
1320 191
1325 197
1330 198
1335 200
1340 200
1345 198
1350 266
1355 262
1360 186
1365 189
1370 188
1375 190
1380 192
1385 191
1390 267
1395 203
1400 204
1405 204
1410 205
1415 206
1420 207
1425 208
1430 209
1435 212
1440 212
1445 212
1450 213
1455 213
1460 215
1465 215
1470 216
1475 216
1480 218
1485 219
1490 221
1495 220
1500 223
1505 221
1510 222
1515 224
1520 225
1525 225
1530 227
1535 227
1540 228
1545 230
1550 229
1555 231
1560 232
1565 232
1570 234
1575 233
1580 235
1585 236
1590 237
1595 240
1600 243
1605 242
1610 522
1615 244
1620 243
1625 244
1630 245
1635 245
1640 246
1645 246
1650 252
1655 250
1660 253
1665 256
1670 256
1675 252
1680 253
1685 269
1690 259
1695 259
1700 258
1705 260
1710 292
1715 259
1720 260
1725 264
1730 262
1735 262
1740 264
1745 263
1750 265
1755 266
1760 265
1765 265
1770 269
1775 268
1780 270
1785 274
1790 272
1795 279
1800 288
1805 287
1810 277
1815 298
1820 276
1825 279
1830 288
1835 284
1840 282
1845 343
1850 284
1855 286
1860 287
1865 285
1870 284
1875 332
1880 288
1885 288
1890 288
1895 289
1900 290
1905 296
1910 294
1915 293
1920 295
1925 295
1930 299
1935 297
1940 297
1945 298
1950 298
1955 302
1960 301
1965 301
1970 305
1975 304
1980 305
1985 305
1990 321
1995 332
2000 310
2005 309
2010 310
2015 310
2020 312
2025 315
2030 317
2035 315
2040 375
2045 322
2050 317
2055 320
2060 320
2065 323
2070 320
2075 320
2080 320
2085 321
2090 322
2095 325
2100 323
2105 324
2110 324
2115 326
2120 329
2125 358
2130 331
2135 331
2140 336
2145 354
2150 340
2155 338
2160 337
2165 342
2170 341
2175 339
2180 347
2185 338
2190 360
2195 342
2200 343
2205 344
2210 345
2215 345
2220 345
2225 348
2230 347
2235 350
2240 349
2245 349
2250 351
2255 352
2260 351
2265 352
2270 353
2275 355
2280 355
2285 356
2290 356
2295 360
2300 393
2305 361
2310 361
2315 361
2320 364
2325 364
2330 365
2335 410
2340 367
2345 366
2350 368
2355 371
2360 370
2365 370
2370 370
2375 372
2380 373
2385 374
2390 374
2395 375
2400 376
2405 376
2410 380
2415 380
2420 381
2425 381
2430 416
2435 383
2440 383
2445 391
2450 385
2455 387
2460 389
2465 388
2470 388
2475 391
2480 403
2485 382
2490 384
2495 383
2500 383
2505 385
2510 385
2515 387
2520 388
2525 436
2530 413
2535 439
2540 430
2545 393
2550 397
2555 395
2560 396
2565 398
2570 398
2575 399
2580 400
2585 398
2590 400
2595 495
2600 413
2605 465
2610 561
2615 451
2620 395
2625 398
2630 397
2635 398
2640 399
2645 399
2650 399
2655 401
2660 401
2665 403
2670 404
2675 404
2680 405
2685 406
2690 406
2695 408
2700 408
2705 407
2710 580
2715 517
2720 423
2725 424
2730 425
2735 423
2740 426
2745 427
2750 428
2755 429
2760 429
2765 431
2770 433
2775 432
2780 435
2785 434
2790 435
2795 437
2800 438
2805 438
2810 439
2815 440
2820 441
2825 445
2830 496
2835 443
2840 443
2845 468
2850 548
2855 481
2860 436
2865 435
2870 436
2875 438
2880 438
2885 440
2890 441
2895 440
2900 443
2905 443
2910 443
2915 444
2920 446
2925 486
2930 469
2935 479
2940 480
2945 500
2950 464
2955 501
2960 464
2965 466
2970 466
2975 505
2980 503
2985 470
2990 469
2995 470
3000 473
3005 471
3010 474
3015 475
3020 476
3025 477
3030 483
3035 467
3040 466
3045 467
3050 551
3055 468
3060 470
3065 670
3070 472
3075 471
3080 522
3085 505
3090 487
3095 488
3100 487
3105 515
3110 480
3115 483
3120 481
3125 502
3130 496
3135 495
3140 496
3145 496
3150 538
3155 500
3160 543
3165 500
3170 501
3175 501
3180 541
3185 505
3190 504
3195 505
3200 506
3205 507
3210 506
3215 508
3220 516
3225 497
3230 498
3235 499
3240 499
3245 500
3250 522
3255 634
3260 505
3265 679
3270 506
3275 507
3280 506
3285 509
3290 511
3295 510
3300 624
3305 586
3310 536
3315 529
3320 528
3325 529
3330 530
3335 531
3340 532
3345 576
3350 535
3355 534
3360 536
3365 538
3370 581
3375 535
3380 538
3385 541
3390 542
3395 542
3400 545
3405 529
3410 530
3415 532
3420 531
3425 532
3430 613
3435 534
3440 631
3445 538
3450 557
3455 616
3460 537
3465 539
3470 579
3475 600
3480 541
3485 568
3490 559
3495 559
3500 559
3505 559
3510 562
3515 564
3520 563
3525 564
3530 608
3535 566
3540 567
3545 569
3550 568
3555 570
3560 571
3565 626
3570 577
3575 597
3580 558
3585 558
3590 560
3595 561
3600 563
3605 564
3610 563
3615 566
3620 642
3625 568
3630 693
3635 571
3640 571
3645 569
3650 571
3655 571
3660 572
3665 572
3670 576
3675 613
3680 577
3685 579
3690 578
3695 582
3700 579
3705 664
3710 583
3715 586
3720 583
3725 718
3730 584
3735 586
3740 587
3745 588
3750 589
3755 591
3760 590
3765 592
3770 705
3775 594
3780 670
3785 757
3790 908
3795 596
3800 755
3805 652
3810 634
3815 634
3820 634
3825 640
3830 621
3835 623
3840 652
3845 687
3850 694
3855 627
3860 623
3865 778
3870 625
3875 626
3880 657
3885 645
3890 646
3895 649
3900 648
3905 650
3910 652
3915 653
3920 651
3925 652
3930 653
3935 655
3940 657
3945 659
3950 669
3955 742
3960 641
3965 642
3970 645
3975 680
3980 684
3985 644
3990 646
3995 710
4000 649
4005 650
4010 650
4015 650
4020 690
4025 654
4030 655
4035 656
4040 657
4045 658
4050 657
4055 658
4060 741
4065 1001
4070 906
4075 831
4080 794
4085 711
4090 735
4095 668
4100 728
4105 686
4110 688
4115 688
4120 690
4125 672
4130 673
4135 673
4140 673
4145 674
4150 675
4155 678
4160 680
4165 768
4170 826
4175 679
4180 1045
4185 903
4190 764
4195 791
4200 844
4205 743
4210 689
4215 688
4220 807
4225 792
4230 691
4235 816
4240 694
4245 734
4250 744
4255 695
4260 697
4265 699
4270 698
4275 700
4280 701
4285 760
4290 720
4295 721
4300 727
4305 723
4310 724
4315 729
4320 735
4325 727
4330 728
4335 728
4340 730
4345 730
4350 732
4355 712
4360 752
4365 713
4370 717
4375 834
4380 771
4385 720
4390 720
4395 721
4400 722
4405 721
4410 723
4415 725
4420 708
4425 708
4430 756
4435 802
4440 727
4445 745
4450 712
4455 791
4460 714
4465 788
4470 786
4475 714
4480 743
4485 737
4490 739
4495 739
4500 737
4505 785
4510 741
4515 863
4520 743
4525 745
4530 745
4535 744
4540 802
4545 765
4550 789
4555 797
4560 769
4565 732
4570 785
4575 804
4580 736
4585 734
4590 735
4595 737
4600 739
4605 761
4610 759
4615 760
4620 764
4625 767
4630 778
4635 765
4640 882
4645 766
4650 873
4655 769
4660 769
4665 774
4670 770
4675 771
4680 772
4685 780
4690 775
4695 776
4700 778
4705 814
4710 854
4715 781
4720 778
4725 781
4730 775
4735 764
4740 764
4745 853
4750 784
4755 787
4760 832
4765 768
4770 986
4775 810
4780 938
4785 795
4790 1011
4795 1161
4800 943
4805 886
4810 796
4815 798
4820 906
4825 831
4830 804
4835 820
4840 836
4845 826
4850 824
4855 824
4860 828
4865 831
4870 829
4875 829
4880 835
4885 866
4890 832
4895 842
4900 842
4905 816
4910 815
4915 814
4920 815
4925 899
4930 816
4935 819
4940 821
4945 822
4950 822
4955 817
4960 874
4965 801
4970 803
4975 807
4980 806
4985 807
4990 807
4995 844
5000 810
5005 809
5010 998
5015 1099
5020 814
5025 816
5030 815
5035 817
5040 817
5045 820
5050 820
5055 857
5060 821
5065 888
5070 882
5075 848
5080 845
5085 848
5090 962
5095 826
5100 828
5105 829
5110 912
5115 830
5120 832
5125 833
5130 945
5135 1013
5140 834
5145 834
5150 836
5155 908
5160 922
5165 862
5170 862
5175 861
5180 874
5185 899
5190 869
5195 869
5200 869
5205 871
5210 871
5215 869
5220 910
5225 871
5230 872
5235 907
5240 851
5245 1072
5250 1144
5255 1219
5260 906
5265 903
5270 904
5275 906
5280 908
5285 905
5290 907
5295 914
5300 909
5305 909
5310 913
5315 911
5320 917
5325 914
5330 915
5335 924
5340 893
5345 961
5350 896
5355 953
5360 1004
5365 897
5370 899
5375 940
5380 900
5385 902
5390 905
5395 1022
5400 906
5405 903
5410 941
5415 910
5420 909
5425 908
5430 909
5435 946
5440 915
5445 890
5450 979
5455 950
5460 894
5465 1006
5470 977
5475 931
5480 897
5485 897
5490 915
5495 920
5500 960
5505 923
5510 924
5515 1003
5520 994
5525 1037
5530 1205
5535 1274
5540 968
5545 954
5550 958
5555 959
5560 961
5565 959
5570 963
5575 971
5580 962
5585 963
5590 958
5595 941
5600 1034
5605 943
5610 943
5615 945
5620 964
5625 947
5630 945
5635 949
5640 943
5645 925
5650 926
5655 966
5660 927
5665 928
5670 1030
5675 992
5680 966
5685 1050
5690 934
5695 935
5700 934
5705 936
5710 936
5715 1034
5720 941
5725 938
5730 1016
5735 940
5740 940
5745 945
5750 1008
5755 943
5760 945
5765 946
5770 950
5775 948
5780 950
5785 1060
5790 1052
5795 952
5800 952
5805 951
5810 955
5815 955
5820 957
5825 955
5830 1074
5835 1033
5840 1013
5845 985
5850 1033
5855 988
5860 987
5865 1036
5870 991
5875 989
5880 992
5885 1045
5890 968
5895 1179
5900 1015
5905 1017
5910 1037
5915 1010
5920 975
5925 1055
5930 976
5935 1050
5940 1002
5945 1004
5950 1005
5955 1004
5960 1007
5965 1006
5970 1008
5975 1010
5980 1013
5985 1010
5990 1047
5995 1099
6000 1016
6005 1015
6010 1017
6015 1017
6020 1019
6025 1020
6030 1011
6035 1015
6040 1160
6045 997
6050 999
6055 998
6060 997
6065 1001
6070 998
6075 1000
6080 1002
6085 1002
6090 1087
6095 1152
6100 1043
6105 1007
6110 1009
6115 1010
6120 1030
6125 1076
6130 1012
6135 1074
6140 1015
6145 1014
6150 1053
6155 1014
6160 1017
6165 1037
6170 1064
6175 1093
6180 1022
6185 1105
6190 1023
6195 1124
6200 1023
6205 1023
6210 1026
6215 1027
6220 1086
6225 1027
6230 1028
6235 1141
6240 1070
6245 1031
6250 1033
6255 1032
6260 1072
6265 1035
6270 1083
6275 1091
6280 1038
6285 1113
6290 1140
6295 1039
6300 1040
6305 1043
6310 1043
6315 1046
6320 1047
6325 1048
6330 1067
6335 1214
6340 1050
6345 1050
6350 1050
6355 1052
6360 1162
6365 1165
6370 1052
6375 1053
6380 1133
6385 1163
6390 1056
6395 1098
6400 1086
6405 1088
6410 1089
6415 1092
6420 1128
6425 1132
6430 1094
6435 1094
6440 1065
6445 1067
6450 1068
6455 1070
6460 1071
6465 1071
6470 1145
6475 1151
6480 1186
6485 1073
6490 1076
6495 1078
6500 1078
6505 1078
6510 1080
6515 1172
6520 1248
6525 1084
6530 1084
6535 1083
6540 1085
6545 1083
6550 1087
6555 1198
6560 1126
6565 1130
6570 1111
6575 1264
6580 1093
6585 1092
6590 1182
6595 1098
6600 1096
6605 1096
6610 1218
6615 1101
6620 1102
6625 1101
6630 1102
6635 1226
6640 1103
6645 1141
6650 1105
6655 1259
6660 1106
6665 1244
6670 1111
6675 1112
6680 1112
6685 1693
6690 1213
6695 2388
6700 1397
6705 1444
6710 3166
6715 1483
6720 1519
6725 1361
6730 1392
6735 1329
6740 1249
6745 1267
6750 1305
6755 1219
6760 1240
6765 1252
6770 1280
6775 1290
6780 1210
6785 1193
6790 1196
6795 1196
6800 1203
6805 1219
6810 1334
6815 1251
6820 1219
6825 1209
6830 1245
6835 1257
6840 1314
6845 1231
6850 1505
6855 1251
6860 1373
6865 1235
6870 1258
6875 1209
6880 1317
6885 1335
6890 1402
6895 1307
6900 1239
6905 1353
6910 1286
6915 1237
6920 1223
6925 1221
6930 1218
6935 1217
6940 1223
6945 1217
6950 1251
6955 1282
6960 1227
6965 1243
6970 1223
6975 1224
6980 1228
6985 1230
6990 1232
6995 1237
7000 1234
7005 1260
7010 1235
7015 1235
7020 1234
7025 1239
7030 1237
7035 1237
7040 1244
7045 1301
7050 1262
7055 1237
7060 1209
7065 1210
7070 1211
7075 1407
7080 1394
7085 1598
7090 1245
7095 1255
7100 1313
7105 1676
7110 1483
7115 1364
7120 1259
7125 1270
7130 1255
7135 1262
7140 1293
7145 1301
7150 1293
7155 1270
7160 1308
7165 1350
7170 1337
7175 1327
7180 1380
7185 1309
7190 1296
7195 1340
7200 1303
7205 1710
7210 1281
7215 1279
7220 1339
7225 1381
7230 1290
7235 1288
7240 1280
7245 1557
7250 1280
7255 1279
7260 1283
7265 1307
7270 1281
7275 1284
7280 1291
7285 1343
7290 1306
7295 1301
7300 1288
7305 1288
7310 1289
7315 1389
7320 1290
7325 1300
7330 1293
7335 1295
7340 1292
7345 1295
7350 1352
7355 1391
7360 1303
7365 1301
7370 1304
7375 1304
7380 1303
7385 1310
7390 1347
7395 1306
7400 1311
7405 1310
7410 1335
7415 1312
7420 1338
7425 1448
7430 1495
7435 1312
7440 1313
7445 1317
7450 1358
7455 1363
7460 1324
7465 1386
7470 1321
7475 1322
7480 1325
7485 1342
7490 1380
7495 1355
7500 1327
7505 1409
7510 1347
7515 1389
7520 1364
7525 1332
7530 1344
7535 1383
7540 1336
7545 1379
7550 1334
7555 1375
7560 1346
7565 1346
7570 1354
7575 1440
7580 1380
7585 1396
7590 1406
7595 1520
7600 1404
7605 1429
7610 1380
7615 1397
7620 1440
7625 1353
7630 1351
7635 1352
7640 1354
7645 1364
7650 1368
7655 1414
7660 1354
7665 1386
7670 1367
7675 1437
7680 1396
7685 1360
7690 1440
7695 1362
7700 1369
7705 1365
7710 1373
7715 1368
7720 1368
7725 1399
7730 1376
7735 1371
7740 1373
7745 1372
7750 1372
7755 1377
7760 1506
7765 1418
7770 1340
7775 1340
7780 1342
7785 1441
7790 1420
7795 1351
7800 1391
7805 1345
7810 1348
7815 1349
7820 1348
7825 1350
7830 1420
7835 1352
7840 1403
7845 1319
7850 1320
7855 1323
7860 1421
7865 1365
7870 1421
7875 1468
7880 1363
7885 1365
7890 1434
7895 1399
7900 1441
7905 1368
7910 1372
7915 1459
7920 1404
7925 1511
7930 1548
7935 1422
7940 1442
7945 1543
7950 1502
7955 1413
7960 1463
7965 1406
7970 1424
7975 1491
7980 1483
7985 1468
7990 1421
7995 1423
8000 1419
8005 1422
8010 1456
8015 1451
8020 1461
8025 1451
8030 1455
8035 1427
8040 1431
8045 1428
8050 1433
8055 1442
8060 1431
8065 1435
8070 1432
8075 1395
8080 1493
8085 1458
8090 1437
8095 1399
8100 1509
8105 1475
8110 1445
8115 1454
8120 1443
8125 1450
8130 1445
8135 1447
8140 1448
8145 1451
8150 1452
8155 1447
8160 1474
8165 1460
8170 1453
8175 1454
8180 1471
8185 1464
8190 1459
8195 1465
8200 1460
8205 1463
8210 1463
8215 1461
8220 1526
8225 1461
8230 1467
8235 1468
8240 1427
8245 1429
8250 1430
8255 1450
8260 1432
8265 1479
8270 1420
8275 1399
8280 1546
8285 1439
8290 1404
8295 1402
8300 1403
8305 1463
8310 1491
8315 1697
8320 1709
8325 1720
8330 1443
8335 1544
8340 1487
8345 1509
8350 1527
8355 1532
8360 1495
8365 1506
8370 1510
8375 1514
8380 1511
8385 1506
8390 1496
8395 1513
8400 1500
8405 1496
8410 1524
8415 1500
8420 1626
8425 1562
8430 1532
8435 1507
8440 1507
8445 1503
8450 1506
8455 1554
8460 1548
8465 1572
8470 1527
8475 1510
8480 1543
8485 1512
8490 1519
8495 1584
8500 1545
8505 1585
8510 1598
8515 1578
8520 2012
8525 1905
8530 2015
8535 1618
8540 1551
8545 1600
8550 1540
8555 1545
8560 2353
8565 1578
8570 1585
8575 1612
8580 1789
8585 1873
8590 2013
8595 3499
8600 1880
8605 1848
8610 1600
8615 1559
8620 1629
8625 1665
8630 1568
8635 1558
8640 1976
8645 1577
8650 1551
8655 1549
8660 1553
8665 1554
8670 1555
8675 1633
8680 1567
8685 1580
8690 1512
8695 1516
8700 1582
8705 1572
8710 1587
8715 1562
8720 1584
8725 1760
8730 2367
8735 1622
8740 1858
8745 1646
8750 1656
8755 1656
8760 1572
8765 1587
8770 1648
8775 1578
8780 1611
8785 1637
8790 1586
8795 1618
8800 1611
8805 1638
8810 1589
8815 1583
8820 1582
8825 1638
8830 1796
8835 1609
8840 1794
8845 1651
8850 1657
8855 1637
8860 1625
8865 1596
8870 1706
8875 1599
8880 1659
8885 1626
8890 1730
8895 1598
8900 1595
8905 1609
8910 1598
8915 1602
8920 1636
8925 1606
8930 1601
8935 1605
8940 1585
8945 1561
8950 1562
8955 2044
8960 1792
8965 1607
8970 1605
8975 1616
8980 1614
8985 1659
8990 1614
8995 1627
9000 1576
9005 1573
9010 1573
9015 1750
9020 1919
9025 1604
9030 1621
9035 1619
9040 1626
9045 1669
9050 1626
9055 1657
9060 1729
9065 1623
9070 1823
9075 1763
9080 1875
9085 1664
9090 1706
9095 1657
9100 1669
9105 1688
9110 1687
9115 1688
9120 1668
9125 1639
9130 1669
9135 1648
9140 1674
9145 1645
9150 1742
9155 1682
9160 1675
9165 1653
9170 1648
9175 1654
9180 1652
9185 1686
9190 1657
9195 1654
9200 1773
9205 1692
9210 1619
9215 1616
9220 1652
9225 1616
9230 1703
9235 1618
9240 1625
9245 1625
9250 1623
9255 1704
9260 1708
9265 2009
9270 1667
9275 1670
9280 1627
9285 1632
9290 1785
9295 1696
9300 1710
9305 1681
9310 1636
9315 1638
9320 1681
9325 1766
9330 1637
9335 1639
9340 1637
9345 1641
9350 1801
9355 1645
9360 1643
9365 1645
9370 1648
9375 1697
9380 1608
9385 1802
9390 1607
9395 1605
9400 1695
9405 1611
9410 1611
9415 1784
9420 1826
9425 1749
9430 1796
9435 1793
9440 1659
9445 1830
9450 1660
9455 1747
9460 1880
9465 1714
9470 1949
9475 1854
9480 1682
9485 1812
9490 1931
9495 1787
9500 1767
9505 1715
9510 1785
9515 1725
9520 1746
9525 1721
9530 1759
9535 1726
9540 1824
9545 1728
9550 1729
9555 1762
9560 1767
9565 1729
9570 1759
9575 1726
9580 1761
9585 1732
9590 1826
9595 1780
9600 1751
9605 1741
9610 1735
9615 1784
9620 1752
9625 1742
9630 1744
9635 1742
9640 1748
9645 1788
9650 1746
9655 1699
9660 1699
9665 1700
9670 1703
9675 1859
9680 1822
9685 1663
9690 1666
9695 1665
9700 1665
9705 1780
9710 1665
9715 1669
9720 1667
9725 1668
9730 1670
9735 1897
9740 1764
9745 1758
9750 1675
9755 1680
9760 1718
9765 1763
9770 1724
9775 1725
9780 1720
9785 1784
9790 1683
9795 1759
9800 1836
9805 1685
9810 1683
9815 1728
9820 1683
9825 1766
9830 1770
9835 1691
9840 1934
9845 1693
9850 1882
9855 1855
9860 1693
9865 1910
9870 1740
9875 1740
9880 1742
9885 1879
9890 1743
9895 1745
9900 1864
9905 1824
9910 1756
9915 2016
9920 1767
9925 1754
9930 1837
9935 1755
9940 1891
9945 1757
9950 1849
9955 1757
9960 2015
9965 1839
9970 1990
9975 1804
9980 1812
9985 1815
9990 1818
9995 1828
10000 1820
