5 0
10 0
15 1
20 1
25 2
30 2
35 3
40 3
45 4
50 4
55 5
60 6
65 26
70 7
75 8
80 25
85 29
90 10
95 11
100 11
105 12
110 32
115 30
120 14
125 15
130 35
135 33
140 17
145 17
150 18
155 19
160 20
165 20
170 21
175 22
180 23
185 24
190 24
195 25
200 26
205 27
210 28
215 29
220 29
225 30
230 31
235 32
240 33
245 34
250 34
255 35
260 36
265 37
270 38
275 38
280 39
285 40
290 41
295 42
300 43
305 44
310 46
315 46
320 46
325 47
330 48
335 49
340 50
345 52
350 52
355 53
360 54
365 55
370 56
375 57
380 58
385 59
390 60
395 61
400 61
405 63
410 63
415 64
420 65
425 66
430 67
435 68
440 69
445 70
450 71
455 72
460 73
465 74
470 74
475 76
480 76
485 77
490 79
495 79
500 80
505 82
510 83
515 83
520 84
525 86
530 86
535 88
540 88
545 89
550 90
555 110
560 155
565 96
570 112
575 95
580 96
585 97
590 98
595 99
600 100
605 102
610 103
615 103
620 105
625 106
630 106
635 129
640 147
645 110
650 110
655 112
660 112
665 114
670 115
675 116
680 117
685 117
690 119
695 120
700 121
705 122
710 122
715 125
720 125
725 126
730 127
735 128
740 129
745 131
750 131
755 133
760 133
765 200
770 210
775 139
780 139
785 139
790 140
795 141
800 142
805 143
810 144
815 145
820 145
825 147
830 264
835 170
840 152
845 152
850 154
855 154
860 155
865 156
870 157
875 159
880 159
885 160
890 161
895 161
900 163
905 164
910 166
915 167
920 167
925 169
930 169
935 171
940 171
945 173
950 173
955 174
960 176
965 177
970 254
975 179
980 179
985 181
990 182
995 183
1000 185
1005 185
1010 187
1015 188
1020 189
1025 189
1030 190
1035 192
1040 289
1045 197
1050 197
1055 198
1060 198
1065 198
1070 200
1075 201
1080 201
1085 202
1090 203
1095 205
1100 207
1105 207
1110 208
1115 208
1120 209
1125 255
1130 231
1135 213
1140 216
1145 216
1150 276
1155 236
1160 219
1165 221
1170 221
1175 222
1180 223
1185 224
1190 226
1195 226
1200 228
1205 249
1210 269
1215 230
1220 231
1225 233
1230 235
1235 237
1240 237
1245 238
1250 262
1255 240
1260 240
1265 242
1270 244
1275 245
1280 245
1285 291
1290 262
1295 266
1300 257
1305 258
1310 260
1315 353
1320 318
1325 314
1330 301
1335 318
1340 317
1345 321
1350 289
1355 296
1360 292
1365 295
1370 329
1375 344
1380 279
1385 278
1390 279
1395 280
1400 365
1405 329
1410 316
1415 284
1420 298
1425 287
1430 287
1435 289
1440 290
1445 290
1450 293
1455 293
1460 294
1465 294
1470 296
1475 394
1480 344
1485 299
1490 300
1495 302
1500 302
1505 303
1510 303
1515 303
1520 307
1525 343
1530 421
1535 360
1540 337
1545 321
1550 346
1555 316
1560 316
1565 319
1570 320
1575 439
1580 322
1585 354
1590 347
1595 326
1600 326
1605 326
1610 327
1615 386
1620 348
1625 332
1630 331
1635 331
1640 333
1645 360
1650 345
1655 346
1660 347
1665 348
1670 350
1675 351
1680 353
1685 356
1690 355
1695 355
1700 356
1705 358
1710 359
1715 359
1720 361
1725 391
1730 364
1735 364
1740 366
1745 367
1750 368
1755 372
1760 371
1765 372
1770 373
1775 449
1780 368
1785 368
1790 369
1795 369
1800 370
1805 372
1810 374
1815 375
1820 417
1825 471
1830 413
1835 379
1840 380
1845 382
1850 383
1855 417
1860 383
1865 389
1870 387
1875 388
1880 390
1885 424
1890 480
1895 395
1900 394
1905 395
1910 396
1915 397
1920 399
1925 399
1930 402
1935 401
1940 403
1945 404
1950 448
1955 429
1960 408
1965 408
1970 409
1975 411
1980 412
1985 415
1990 471
1995 474
2000 417
2005 418
2010 435
2015 409
2020 410
2025 411
2030 413
2035 414
2040 415
2045 415
2050 418
2055 418
2060 421
2065 421
2070 538
2075 423
2080 425
2085 425
2090 428
2095 428
2100 428
2105 429
2110 432
2115 433
2120 433
2125 520
2130 550
2135 437
2140 438
2145 440
2150 441
2155 442
2160 442
2165 444
2170 445
2175 446
2180 448
2185 525
2190 450
2195 605
2200 452
2205 456
2210 455
2215 495
2220 456
2225 477
2230 471
2235 471
2240 473
2245 473
2250 475
2255 475
2260 478
2265 479
2270 481
2275 482
2280 482
2285 485
2290 527
2295 487
2300 489
2305 488
2310 490
2315 491
2320 493
2325 503
2330 482
2335 484
2340 485
2345 619
2350 500
2355 500
2360 556
2365 491
2370 550
2375 491
2380 494
2385 495
2390 599
2395 498
2400 499
2405 500
2410 500
2415 502
2420 528
2425 517
2430 518
2435 520
2440 523
2445 521
2450 523
2455 524
2460 525
2465 533
2470 529
2475 529
2480 529
2485 532
2490 570
2495 534
2500 535
2505 537
2510 546
2515 525
2520 525
2525 608
2530 531
2535 530
2540 706
2545 531
2550 533
2555 535
2560 536
2565 537
2570 538
2575 539
2580 559
2585 601
2590 546
2595 640
2600 560
2605 562
2610 565
2615 564
2620 566
2625 568
2630 586
2635 567
2640 569
2645 570
2650 570
2655 573
2660 573
2665 579
2670 575
2675 633
2680 586
2685 565
2690 567
2695 781
2700 568
2705 608
2710 646
2715 726
2720 573
2725 652
2730 575
2735 576
2740 577
2745 579
2750 579
2755 642
2760 598
2765 599
2770 638
2775 706
2780 604
2785 604
2790 603
2795 682
2800 674
2805 648
2810 610
2815 612
2820 613
2825 634
2830 633
2835 616
2840 623
2845 619
2850 621
2855 621
2860 621
2865 623
2870 625
2875 666
2880 798
2885 627
2890 629
2895 716
2900 631
2905 633
2910 633
2915 635
2920 673
2925 688
2930 639
2935 641
2940 641
2945 643
2950 643
2955 649
2960 645
2965 648
2970 648
2975 649
2980 651
2985 690
2990 653
2995 675
3000 656
3005 656
3010 658
3015 659
3020 659
3025 661
3030 665
3035 683
3040 774
3045 668
3050 667
3055 681
3060 653
3065 654
3070 656
3075 733
3080 657
3085 658
3090 659
3095 662
3100 814
3105 664
3110 887
3115 1005
3120 920
3125 705
3130 839
3135 931
3140 882
3145 691
3150 731
3155 693
3160 694
3165 745
3170 701
3175 761
3180 739
3185 724
3190 721
3195 722
3200 724
3205 726
3210 728
3215 726
3220 733
3225 730
3230 730
3235 731
3240 734
3245 738
3250 747
3255 724
3260 718
3265 721
3270 737
3275 723
3280 762
3285 725
3290 849
3295 728
3300 729
3305 728
3310 735
3315 760
3320 756
3325 718
3330 717
3335 718
3340 719
3345 721
3350 843
3355 725
3360 723
3365 724
3370 844
3375 768
3380 727
3385 731
3390 731
3395 733
3400 732
3405 735
3410 736
3415 737
3420 881
3425 741
3430 741
3435 742
3440 743
3445 744
3450 746
3455 921
3460 748
3465 750
3470 751
3475 754
3480 753
3485 860
3490 942
3495 958
3500 759
3505 777
3510 778
3515 782
3520 783
3525 784
3530 784
3535 787
3540 865
3545 789
3550 794
3555 791
3560 793
3565 909
3570 795
3575 796
3580 798
3585 918
3590 801
3595 801
3600 801
3605 803
3610 804
3615 850
3620 810
3625 871
3630 792
3635 794
3640 791
3645 793
3650 793
3655 796
3660 796
3665 796
3670 797
3675 843
3680 839
3685 886
3690 804
3695 803
3700 806
3705 807
3710 954
3715 809
3720 811
3725 811
3730 812
3735 812
3740 893
3745 819
3750 817
3755 818
3760 819
3765 822
3770 1087
3775 901
3780 825
3785 825
3790 902
3795 827
3800 933
3805 852
3810 852
3815 857
3820 855
3825 860
3830 1030
3835 860
3840 901
3845 878
3850 863
3855 865
3860 910
3865 904
3870 867
3875 868
3880 869
3885 876
3890 874
3895 874
3900 875
3905 922
3910 915
3915 916
3920 881
3925 881
3930 883
3935 883
3940 889
3945 974
3950 887
3955 892
3960 890
3965 892
3970 870
3975 949
3980 871
3985 874
3990 875
3995 877
4000 915
4005 876
4010 879
4015 879
4020 882
4025 881
4030 905
4035 1000
4040 888
4045 962
4050 890
4055 894
4060 1094
4065 893
4070 914
4075 1038
4080 918
4085 958
4090 922
4095 925
4100 924
4105 967
4110 930
4115 927
4120 931
4125 930
4130 931
4135 933
4140 951
4145 956
4150 937
4155 938
4160 939
4165 940
4170 1051
4175 941
4180 920
4185 921
4190 924
4195 969
4200 924
4205 925
4210 927
4215 968
4220 929
4225 930
4230 988
4235 933
4240 934
4245 978
4250 975
4255 938
4260 941
4265 940
4270 942
4275 943
4280 1117
4285 946
4290 1024
4295 949
4300 1141
4305 1048
4310 952
4315 952
4320 955
4325 980
4330 987
4335 982
4340 983
4345 985
4350 1072
4355 1024
4360 991
4365 991
4370 992
4375 1075
4380 987
4385 1012
4390 970
4395 970
4400 1050
4405 1056
4410 975
4415 978
4420 997
4425 1105
4430 1006
4435 1006
4440 1007
4445 1010
4450 1012
4455 1013
4460 1054
4465 1015
4470 1013
4475 991
4480 993
4485 1120
4490 1062
4495 996
4500 998
4505 1000
4510 1257
4515 1274
4520 1270
4525 1154
4530 1189
4535 1073
4540 1032
4545 1035
4550 1036
4555 1080
4560 1080
4565 1067
4570 1087
4575 1072
4580 1108
4585 1076
4590 1077
4595 1076
4600 1132
4605 1079
4610 1080
4615 1083
4620 1083
4625 1094
4630 1086
4635 1134
4640 1094
4645 1104
4650 1180
4655 1066
4660 1069
4665 1068
4670 1067
4675 1160
4680 1077
4685 1071
4690 1071
4695 1111
4700 1074
4705 1123
4710 1075
4715 1078
4720 1086
4725 1084
4730 1083
4735 1090
4740 1058
4745 1136
4750 1097
4755 1059
4760 1062
4765 1206
4770 1200
4775 1065
4780 1097
4785 1096
4790 1182
4795 1101
4800 1149
4805 1102
4810 1107
4815 1106
4820 1105
4825 1099
4830 1079
4835 1163
4840 1081
4845 1083
4850 1083
4855 1088
4860 1160
4865 1205
4870 1089
4875 1089
4880 1090
4885 1160
4890 1094
4895 1095
4900 1102
4905 1096
4910 1099
4915 1098
4920 1100
4925 1100
4930 1178
4935 1104
4940 1104
4945 1147
4950 1109
4955 1201
4960 1111
4965 1111
4970 1113
4975 1190
4980 1117
4985 1118
4990 1458
4995 1224
5000 1122
5005 1121
5010 1122
5015 1146
5020 1298
5025 1125
5030 1129
5035 1128
5040 1135
5045 1291
5050 1132
5055 1134
5060 1133
5065 1218
5070 1174
5075 1140
5080 1215
5085 1145
5090 1146
5095 1142
5100 1144
5105 1146
5110 1251
5115 1252
5120 1150
5125 1233
5130 1282
5135 1152
5140 1153
5145 1154
5150 1235
5155 1158
5160 1158
5165 1159
5170 1162
5175 1162
5180 1164
5185 1165
5190 1243
5195 1244
5200 1169
5205 1170
5210 1176
5215 1173
5220 1390
5225 1179
5230 1177
5235 1176
5240 1255
5245 1218
5250 1180
5255 1181
5260 1186
5265 1184
5270 1206
5275 1282
5280 1266
5285 1190
5290 1191
5295 1191
5300 1197
5305 1325
5310 1195
5315 1236
5320 1273
5325 1297
5330 1200
5335 1202
5340 1205
5345 1293
5350 1204
5355 1209
5360 1209
5365 1273
5370 1379
5375 1211
5380 1287
5385 1237
5390 1399
5395 1217
5400 1250
5405 1295
5410 1255
5415 1254
5420 1295
5425 1309
5430 1344
5435 1371
5440 1336
5445 1342
5450 1263
5455 1262
5460 1357
5465 1320
5470 1287
5475 1308
5480 1271
5485 1310
5490 1272
5495 1274
5500 1276
5505 1287
5510 1281
5515 1281
5520 1281
5525 1321
5530 1282
5535 1323
5540 1291
5545 1312
5550 1800
5555 1362
5560 1694
5565 1584
5570 1293
5575 1333
5580 1301
5585 1297
5590 1298
5595 1300
5600 1467
5605 1346
5610 1307
5615 1306
5620 1387
5625 1308
5630 1308
5635 1382
5640 1357
5645 1312
5650 1373
5655 1356
5660 1317
5665 1322
5670 1322
5675 1328
5680 1372
5685 1335
5690 1334
5695 1290
5700 1391
5705 1295
5710 1302
5715 1362
5720 1301
5725 1299
5730 1299
5735 1365
5740 1307
5745 1380
5750 1305
5755 1469
5760 1309
5765 1310
5770 1452
5775 1388
5780 1315
5785 1436
5790 1315
5795 1439
5800 1441
5805 1356
5810 1359
5815 1361
5820 1357
5825 1401
5830 1433
5835 1433
5840 1361
5845 1365
5850 1560
5855 1366
5860 1369
5865 1369
5870 1404
5875 1338
5880 1491
5885 1736
5890 1415
5895 1420
5900 1417
5905 1427
5910 1417
5915 1427
5920 1425
5925 1454
5930 1425
5935 1434
5940 1458
5945 1389
5950 1391
5955 1428
5960 1421
5965 1394
5970 1401
5975 1403
5980 1504
5985 1364
5990 1456
5995 1492
6000 1369
6005 1408
6010 1508
6015 1454
6020 1408
6025 1411
6030 1411
6035 1413
6040 1403
6045 1379
6050 1485
6055 1382
6060 1382
6065 1460
6070 1491
6075 1387
6080 1389
6085 1569
6090 1469
6095 1391
6100 1393
6105 1392
6110 1395
6115 1397
6120 1491
6125 1398
6130 1446
6135 1401
6140 1582
6145 1404
6150 1714
6155 1486
6160 1409
6165 1447
6170 1411
6175 1548
6180 1452
6185 1456
6190 1517
6195 1453
6200 1460
6205 1463
6210 1588
6215 1422
6220 1464
6225 1443
6230 1482
6235 1622
6240 1475
6245 1470
6250 1507
6255 1550
6260 1509
6265 1472
6270 1481
6275 1524
6280 1623
6285 1439
6290 1445
6295 1518
6300 1520
6305 1489
6310 1490
6315 1484
6320 1485
6325 1487
6330 1531
6335 1534
6340 1454
6345 1460
6350 1579
6355 1458
6360 1460
6365 1541
6370 1460
6375 1461
6380 1466
6385 1464
6390 1464
6395 1544
6400 1614
6405 2006
6410 1655
6415 1711
6420 1475
6425 1475
6430 1537
6435 1515
6440 1517
6445 1518
6450 1562
6455 1518
6460 1567
6465 1562
6470 1525
6475 1526
6480 1626
6485 1670
6490 1530
6495 1611
6500 1540
6505 1532
6510 1536
6515 1540
6520 1578
6525 1535
6530 1520
6535 1523
6540 1620
6545 1507
6550 1683
6555 1506
6560 1507
6565 1592
6570 1587
6575 1512
6580 1590
6585 1517
6590 1552
6595 1515
6600 1626
6605 1559
6610 1521
6615 1732
6620 1528
6625 1718
6630 1640
6635 1525
6640 1528
6645 1534
6650 1615
6655 1533
6660 1596
6665 1620
6670 1537
6675 1545
6680 1675
6685 1548
6690 1546
6695 1546
6700 1603
6705 1621
6710 1547
6715 1651
6720 1549
6725 1553
6730 1633
6735 1553
6740 1556
6745 1591
6750 1596
6755 1560
6760 1648
6765 1626
6770 1563
6775 1565
6780 1566
6785 1694
6790 1568
6795 1652
6800 1646
6805 1573
6810 1632
6815 1613
6820 1574
6825 1579
6830 1689
6835 1578
6840 1580
6845 1589
6850 1625
6855 1587
6860 1665
6865 1587
6870 1653
6875 1934
6880 1590
6885 1765
6890 1695
6895 1637
6900 1639
6905 1641
6910 1682
6915 1642
6920 1719
6925 1603
6930 1704
6935 1603
6940 1775
6945 1605
6950 1608
6955 1719
6960 1613
6965 1610
6970 1608
6975 1617
6980 1694
6985 1693
6990 1623
6995 1620
7000 1718
7005 1622
7010 1623
7015 1747
7020 1762
7025 1626
7030 1631
7035 1629
7040 1670
7045 1693
7050 1632
7055 1712
7060 1638
7065 1753
7070 1639
7075 1644
7080 1766
7085 1642
7090 1644
7095 1772
7100 2134
7105 1856
7110 1713
7115 1655
7120 1653
7125 1803
7130 1702
7135 1699
7140 1721
7145 1705
7150 1705
7155 2115
7160 2107
7165 2158
7170 1792
7175 1709
7180 1848
7185 1755
7190 1711
7195 1766
7200 1718
7205 1715
7210 1768
7215 1720
7220 1720
7225 1777
7230 1731
7235 1776
7240 1836
7245 1684
7250 1825
7255 1748
7260 1737
7265 1847
7270 1738
7275 1733
7280 1739
7285 1819
7290 1691
7295 1701
7300 1938
7305 1697
7310 1783
7315 1797
7320 1746
7325 1753
7330 1789
7335 1752
7340 1803
7345 1707
7350 1710
7355 1936
7360 1711
7365 1713
7370 1881
7375 1873
7380 1761
7385 1771
7390 1764
7395 1770
7400 1801
7405 1761
7410 1727
7415 1882
7420 1732
7425 1728
7430 1771
7435 1882
7440 1740
7445 1733
7450 1736
7455 1775
7460 1780
7465 1737
7470 1741
7475 1916
7480 1741
7485 1850
7490 1832
7495 1746
7500 1745
7505 1746
7510 1825
7515 1836
7520 1750
7525 1755
7530 1916
7535 1755
7540 1756
7545 1843
7550 1758
7555 1759
7560 1763
7565 1763
7570 1764
7575 1927
7580 1840
7585 1837
7590 1949
7595 1770
7600 1929
7605 1808
7610 1983
7615 1872
7620 1842
7625 1824
7630 1868
7635 1828
7640 1853
7645 1905
7650 1785
7655 1830
7660 1791
7665 1788
7670 1836
7675 1793
7680 1792
7685 1919
7690 1795
7695 1835
7700 1907
7705 1916
7710 1808
7715 1891
7720 1803
7725 1843
7730 1923
7735 1875
7740 1870
7745 1864
7750 1865
7755 1945
7760 1811
7765 1811
7770 2041
7775 1861
7780 1865
7785 1866
7790 1870
7795 1978
7800 1819
7805 1822
7810 1953
7815 1823
7820 1826
7825 2078
7830 2485
7835 2164
7840 1879
7845 1879
7850 1965
7855 1933
7860 1931
7865 2024
7870 1933
7875 1926
7880 1890
7885 2024
7890 1898
7895 1934
7900 1952
7905 1918
7910 1896
7915 2117
7920 1899
7925 1900
7930 1991
7935 1902
7940 1911
7945 1900
7950 1859
7955 1941
7960 1860
7965 2019
7970 1992
7975 1865
7980 1865
7985 1957
7990 1869
7995 1974
8000 1872
8005 1871
8010 1973
8015 1874
8020 1917
8025 1972
8030 1878
8035 1880
8040 1949
8045 1883
8050 1882
8055 1887
8060 1884
8065 1964
8070 1887
8075 1889
8080 1982
8085 1970
8090 1969
8095 1896
8100 1899
8105 1897
8110 1936
8115 2027
8120 1981
8125 1989
8130 2005
8135 1943
8140 1908
8145 2094
8150 1957
8155 1959
8160 1985
8165 2145
8170 2008
8175 1987
8180 1915
8185 2084
8190 1977
8195 1995
8200 1922
8205 1924
8210 1929
8215 2007
8220 1926
8225 2009
8230 1928
8235 2142
8240 1933
8245 1932
8250 2011
8255 1937
8260 1982
8265 1956
8270 2037
8275 2025
8280 1942
8285 2028
8290 2079
8295 1944
8300 2109
8305 1947
8310 1949
8315 1994
8320 1952
8325 2073
8330 2201
8335 1957
8340 2089
8345 2010
8350 2019
8355 2089
8360 2014
8365 2018
8370 2008
8375 1971
8380 2256
8385 1970
8390 2212
8395 2025
8400 2025
8405 2103
8410 2027
8415 2044
8420 1978
8425 1978
8430 2067
8435 2025
8440 2126
8445 2165
8450 2501
8455 2727
8460 2151
8465 2098
8470 2101
8475 2106
8480 2100
8485 2051
8490 2147
8495 2049
8500 2099
8505 2121
8510 2004
8515 2008
8520 2051
8525 2172
8530 2008
8535 2173
8540 2155
8545 2009
8550 2136
8555 2012
8560 2021
8565 2014
8570 2101
8575 2103
8580 2017
8585 2023
8590 2277
8595 2022
8600 2178
8605 2027
8610 2065
8615 2106
8620 2112
8625 2142
8630 2111
8635 2079
8640 2279
8645 2091
8650 2133
8655 2686
8660 2156
8665 2154
8670 2158
8675 2154
8680 2157
8685 2196
8690 2127
8695 2107
8700 2103
8705 2105
8710 2110
8715 2052
8720 2141
8725 2055
8730 2056
8735 2267
8740 2066
8745 2221
8750 2074
8755 2077
8760 2115
8765 2071
8770 2253
8775 2068
8780 2073
8785 2209
8790 2075
8795 2277
8800 2075
8805 2076
8810 2077
8815 2202
8820 2162
8825 2082
8830 2259
8835 2086
8840 2086
8845 2293
8850 2190
8855 2151
8860 2147
8865 2193
8870 2143
8875 2097
8880 2189
8885 2100
8890 2345
8895 2307
8900 2190
8905 2191
8910 2165
8915 2311
8920 2184
8925 2228
8930 2118
8935 2113
8940 2194
8945 2114
8950 2119
8955 2133
8960 2183
8965 2119
8970 2120
8975 2298
8980 2125
8985 2209
8990 2124
8995 2126
9000 2203
9005 2150
9010 2229
9015 2716
9020 2413
9025 2357
9030 2544
9035 2198
9040 2276
9045 2227
9050 2256
9055 2265
9060 2264
9065 2299
9070 2203
9075 2252
9080 2204
9085 2295
9090 2226
9095 2150
9100 2237
9105 2222
9110 2162
9115 2289
9120 2157
9125 2241
9130 2165
9135 2243
9140 2203
9145 2168
9150 2230
9155 2172
9160 2256
9165 2169
9170 2252
9175 2175
9180 2193
9185 3257
9190 2970
9195 2539
9200 2617
9205 2595
9210 2302
9215 2310
9220 2309
9225 2302
9230 2303
9235 2308
9240 2364
9245 2314
9250 2341
9255 2291
9260 2250
9265 2254
9270 2291
9275 2383
9280 2301
9285 2332
9290 2351
9295 2301
9300 2364
9305 2287
9310 2292
9315 2329
9320 2217
9325 2552
9330 2290
9335 2377
9340 2248
9345 2327
9350 2318
9355 2289
9360 2299
9365 2222
9370 2366
9375 2231
9380 2393
9385 2350
9390 2325
9395 2287
9400 2298
9405 2275
9410 2233
9415 2322
9420 2374
9425 2377
9430 2470
9435 2432
9440 2283
9445 2313
9450 2302
9455 2303
9460 2357
9465 2362
9470 2399
9475 2252
9480 2329
9485 2259
9490 2505
9495 2255
9500 2256
9505 2368
9510 2264
9515 2352
9520 2260
9525 2342
9530 2270
9535 2446
9540 2891
9545 3032
9550 2465
9555 2446
9560 2403
9565 2395
9570 2365
9575 2339
9580 2338
9585 2338
9590 2382
9595 2389
9600 2487
9605 2390
9610 2448
9615 2287
9620 2293
9625 2369
9630 2453
9635 2290
9640 2431
9645 2484
9650 2335
9655 2406
9660 2363
9665 2408
9670 2360
9675 2383
9680 2307
9685 2348
9690 2485
9695 2371
9700 2514
9705 2382
9710 2379
9715 2311
9720 2392
9725 2354
9730 2470
9735 2320
9740 2433
9745 2445
9750 2365
9755 2324
9760 2333
9765 2519
9770 2403
9775 2453
9780 2344
9785 2512
9790 2334
9795 2340
9800 2410
9805 2401
9810 2377
9815 2347
9820 2472
9825 2339
9830 2446
9835 2345
9840 2353
9845 2345
9850 2619
9855 2347
9860 2526
9865 2434
9870 2430
9875 2352
9880 2356
9885 2398
9890 2397
9895 2519
9900 2364
9905 2454
9910 2484
9915 2447
9920 2370
9925 2367
9930 2409
9935 2469
9940 2450
9945 2628
9950 2457
9955 2629
9960 2439
9965 2449
9970 2442
9975 2440
9980 2396
9985 2524
9990 2539
9995 2562
10000 2494
