5 0
10 0
15 1
20 1
25 2
30 2
35 3
40 3
45 4
50 4
55 5
60 6
65 6
70 7
75 8
80 9
85 9
90 10
95 10
100 11
105 12
110 12
115 13
120 14
125 15
130 15
135 16
140 17
145 17
150 18
155 18
160 20
165 20
170 21
175 22
180 24
185 24
190 24
195 25
200 26
205 27
210 27
215 28
220 29
225 30
230 31
235 31
240 32
245 34
250 34
255 35
260 36
265 37
270 38
275 39
280 39
285 40
290 42
295 42
300 43
305 44
310 45
315 67
320 70
325 50
330 84
335 49
340 50
345 52
350 52
355 53
360 54
365 55
370 56
375 57
380 58
385 58
390 60
395 61
400 62
405 63
410 64
415 64
420 66
425 66
430 68
435 69
440 69
445 71
450 71
455 72
460 74
465 74
470 75
475 76
480 77
485 78
490 79
495 80
500 81
505 82
510 83
515 84
520 85
525 86
530 87
535 88
540 89
545 90
550 170
555 108
560 93
565 94
570 95
575 96
580 97
585 98
590 99
595 99
600 101
605 102
610 103
615 104
620 105
625 106
630 107
635 108
640 108
645 110
650 111
655 112
660 113
665 114
670 115
675 117
680 118
685 118
690 119
695 121
700 122
705 123
710 123
715 124
720 125
725 126
730 128
735 129
740 129
745 130
750 131
755 133
760 227
765 196
770 155
775 138
780 139
785 140
790 141
795 142
800 143
805 143
810 144
815 145
820 146
825 147
830 148
835 149
840 151
845 152
850 153
855 154
860 155
865 155
870 157
875 158
880 159
885 160
890 161
895 162
900 163
905 164
910 166
915 166
920 210
925 187
930 171
935 171
940 173
945 173
950 174
955 174
960 176
965 290
970 178
975 179
980 180
985 182
990 183
995 183
1000 184
1005 185
1010 187
1015 188
1020 189
1025 190
1030 191
1035 211
1040 198
1045 199
1050 200
1055 202
1060 202
1065 203
1070 204
1075 207
1080 207
1085 208
1090 232
1095 277
1100 211
1105 212
1110 213
1115 215
1120 216
1125 217
1130 218
1135 219
1140 220
1145 221
1150 223
1155 223
1160 225
1165 228
1170 322
1175 231
1180 231
1185 231
1190 232
1195 233
1200 255
1205 258
1210 237
1215 238
1220 239
1225 240
1230 241
1235 242
1240 243
1245 244
1250 283
1255 246
1260 249
1265 249
1270 250
1275 251
1280 254
1285 254
1290 255
1295 256
1300 257
1305 257
1310 299
1315 298
1320 261
1325 263
1330 263
1335 412
1340 284
1345 305
1350 428
1355 279
1360 306
1365 265
1370 267
1375 269
1380 268
1385 270
1390 271
1395 272
1400 273
1405 275
1410 275
1415 455
1420 285
1425 325
1430 288
1435 288
1440 289
1445 328
1450 291
1455 292
1460 293
1465 295
1470 296
1475 363
1480 300
1485 300
1490 301
1495 301
1500 303
1505 304
1510 305
1515 307
1520 307
1525 308
1530 367
1535 328
1540 312
1545 313
1550 314
1555 316
1560 317
1565 318
1570 319
1575 319
1580 322
1585 324
1590 323
1595 326
1600 327
1605 327
1610 329
1615 330
1620 331
1625 333
1630 332
1635 334
1640 336
1645 337
1650 338
1655 339
1660 340
1665 341
1670 342
1675 343
1680 345
1685 383
1690 385
1695 349
1700 348
1705 351
1710 359
1715 344
1720 345
1725 347
1730 348
1735 348
1740 350
1745 351
1750 352
1755 353
1760 420
1765 385
1770 373
1775 472
1780 397
1785 360
1790 421
1795 363
1800 364
1805 384
1810 420
1815 367
1820 446
1825 369
1830 370
1835 391
1840 382
1845 407
1850 415
1855 667
1860 399
1865 416
1870 453
1875 511
1880 511
1885 474
1890 450
1895 548
1900 415
1905 472
1910 469
1915 431
1920 444
1925 421
1930 447
1935 428
1940 418
1945 434
1950 456
1955 429
1960 426
1965 424
1970 425
1975 426
1980 426
1985 454
1990 431
1995 430
2000 433
2005 436
2010 466
2015 498
2020 439
2025 445
2030 448
2035 551
2040 446
2045 521
2050 448
2055 445
2060 446
2065 448
2070 449
2075 459
2080 451
2085 452
2090 452
2095 455
2100 464
2105 468
2110 461
2115 465
2120 460
2125 462
2130 462
2135 527
2140 466
2145 465
2150 468
2155 470
2160 481
2165 472
2170 480
2175 473
2180 474
2185 476
2190 491
2195 481
2200 483
2205 481
2210 513
2215 482
2220 497
2225 495
2230 492
2235 491
2240 488
2245 505
2250 491
2255 496
2260 537
2265 496
2270 520
2275 525
2280 499
2285 507
2290 501
2295 503
2300 517
2305 508
2310 511
2315 508
2320 509
2325 510
2330 514
2335 512
2340 514
2345 513
2350 528
2355 519
2360 535
2365 521
2370 521
2375 547
2380 524
2385 524
2390 525
2395 585
2400 553
2405 532
2410 538
2415 536
2420 548
2425 568
2430 571
2435 546
2440 539
2445 539
2450 556
2455 542
2460 543
2465 543
2470 560
2475 573
2480 558
2485 616
2490 565
2495 592
2500 554
2505 560
2510 557
2515 557
2520 560
2525 561
2530 561
2535 561
2540 561
2545 584
2550 565
2555 567
2560 567
2565 569
2570 593
2575 638
2580 602
2585 581
2590 578
2595 586
2600 638
2605 581
2610 616
2615 601
2620 596
2625 587
2630 585
2635 585
2640 598
2645 592
2650 591
2655 591
2660 661
2665 614
2670 596
2675 596
2680 631
2685 600
2690 601
2695 601
2700 631
2705 628
2710 604
2715 615
2720 608
2725 612
2730 609
2735 611
2740 616
2745 644
2750 615
2755 615
2760 616
2765 638
2770 682
2775 690
2780 624
2785 660
2790 625
2795 634
2800 634
2805 628
2810 660
2815 633
2820 648
2825 633
2830 657
2835 636
2840 639
2845 639
2850 661
2855 641
2860 649
2865 644
2870 644
2875 669
2880 646
2885 648
2890 648
2895 685
2900 650
2905 652
2910 654
2915 680
2920 658
2925 657
2930 694
2935 670
2940 661
2945 662
2950 663
2955 713
2960 683
2965 670
2970 669
2975 671
2980 686
2985 676
2990 674
2995 676
3000 692
3005 682
3010 679
3015 681
3020 682
3025 681
3030 689
3035 692
3040 686
3045 687
3050 692
3055 726
3060 692
3065 693
3070 693
3075 715
3080 705
3085 703
3090 698
3095 709
3100 703
3105 716
3110 702
3115 719
3120 706
3125 709
3130 709
3135 717
3140 712
3145 716
3150 714
3155 734
3160 718
3165 716
3170 720
3175 762
3180 733
3185 702
3190 702
3195 803
3200 709
3205 708
3210 709
3215 806
3220 796
3225 713
3230 797
3235 714
3240 715
3245 766
3250 779
3255 743
3260 740
3265 742
3270 789
3275 756
3280 746
3285 767
3290 749
3295 753
3300 751
3305 765
3310 754
3315 756
3320 756
3325 773
3330 761
3335 760
3340 761
3345 776
3350 769
3355 767
3360 766
3365 766
3370 767
3375 773
3380 795
3385 751
3390 752
3395 754
3400 754
3405 755
3410 804
3415 760
3420 758
3425 761
3430 760
3435 762
3440 765
3445 766
3450 803
3455 768
3460 773
3465 770
3470 771
3475 854
3480 816
3485 775
3490 824
3495 778
3500 895
3505 782
3510 846
3515 782
3520 784
3525 785
3530 786
3535 789
3540 831
3545 789
3550 791
3555 793
3560 850
3565 795
3570 796
3575 878
3580 800
3585 799
3590 800
3595 848
3600 884
3605 811
3610 807
3615 810
3620 870
3625 810
3630 814
3635 817
3640 900
3645 814
3650 814
3655 820
3660 819
3665 820
3670 821
3675 822
3680 932
3685 803
3690 804
3695 894
3700 911
3705 884
3710 887
3715 810
3720 810
3725 813
3730 897
3735 843
3740 972
3745 1032
3750 1133
3755 1009
3760 1151
3765 877
3770 867
3775 870
3780 870
3785 873
3790 876
3795 883
3800 887
3805 854
3810 854
3815 892
3820 856
3825 858
3830 860
3835 862
3840 861
3845 927
3850 883
3855 952
3860 905
3865 867
3870 870
3875 909
3880 870
3885 876
3890 874
3895 879
3900 856
3905 854
3910 857
3915 896
3920 859
3925 860
3930 884
3935 925
3940 865
3945 864
3950 865
3955 867
3960 871
3965 870
3970 965
3975 947
3980 875
3985 875
3990 960
3995 878
4000 1073
4005 1016
4010 908
4015 906
4020 907
4025 908
4030 909
4035 999
4040 959
4045 958
4050 975
4055 946
4060 942
4065 943
4070 943
4075 944
4080 952
4085 951
4090 949
4095 949
4100 951
4105 960
4110 928
4115 931
4120 931
4125 934
4130 934
4135 934
4140 1033
4145 943
4150 937
4155 985
4160 940
4165 943
4170 944
4175 945
4180 947
4185 948
4190 1003
4195 950
4200 951
4205 952
4210 1027
4215 929
4220 931
4225 934
4230 934
4235 934
4240 940
4245 1083
4250 1010
4255 940
4260 961
4265 1002
4270 945
4275 944
4280 946
4285 947
4290 988
4295 975
4300 1044
4305 952
4310 952
4315 1030
4320 956
4325 958
4330 959
4335 959
4340 1002
4345 1003
4350 1037
4355 1032
4360 999
4365 966
4370 1048
4375 969
4380 971
4385 970
4390 977
4395 977
4400 974
4405 1064
4410 977
4415 978
4420 1056
4425 981
4430 980
4435 985
4440 989
4445 987
4450 986
4455 987
4460 1067
4465 992
4470 992
4475 1052
4480 993
4485 1076
4490 997
4495 998
4500 998
4505 1129
4510 1002
4515 1002
4520 1004
4525 1070
4530 1028
4535 1040
4540 1050
4545 1011
4550 1012
4555 1014
4560 1029
4565 1014
4570 1013
4575 1098
4580 1123
4585 1025
4590 1023
4595 1023
4600 1098
4605 1130
4610 1027
4615 1027
4620 1049
4625 1074
4630 1032
4635 1044
4640 1111
4645 1076
4650 1063
4655 1069
4660 1115
4665 1069
4670 1156
4675 1068
4680 1071
4685 1072
4690 1060
4695 1109
4700 1109
4705 1103
4710 1127
4715 1051
4720 1073
4725 1053
4730 1053
4735 1116
4740 1057
4745 1061
4750 1060
4755 1060
4760 1135
4765 1133
4770 1099
4775 1066
4780 1067
4785 1068
4790 1071
4795 1090
4800 1181
4805 1076
4810 1075
4815 1183
4820 1077
4825 1130
4830 1110
4835 1124
4840 1121
4845 1085
4850 1084
4855 1089
4860 1172
4865 1088
4870 1090
4875 1091
4880 1093
4885 1095
4890 1192
4895 1099
4900 1097
4905 1147
4910 1125
4915 1177
4920 1178
4925 1104
4930 1256
4935 1187
4940 1107
4945 1109
4950 1191
4955 1111
4960 1181
4965 1450
4970 1245
4975 1345
4980 1240
4985 1157
4990 1234
4995 1185
5000 1189
5005 1189
5010 1184
5015 1187
5020 1188
5025 1190
5030 1198
5035 1251
5040 1162
5045 1242
5050 1163
5055 1164
5060 1166
5065 1222
5070 1176
5075 1139
5080 1301
5085 1256
5090 1144
5095 1144
5100 1146
5105 1148
5110 1148
5115 1225
5120 1149
5125 1269
5130 1228
5135 1153
5140 1232
5145 1155
5150 1286
5155 1214
5160 1191
5165 1230
5170 1193
5175 1198
5180 1195
5185 1197
5190 1198
5195 1189
5200 1171
5205 1171
5210 1250
5215 1173
5220 1175
5225 1174
5230 1175
5235 1184
5240 1311
5245 1257
5250 1212
5255 1207
5260 1184
5265 1372
5270 1188
5275 1233
5280 1226
5285 1223
5290 1261
5295 1262
5300 1229
5305 1228
5310 1241
5315 1199
5320 1218
5325 1402
5330 1278
5335 1461
5340 1403
5345 1284
5350 1366
5355 1239
5360 1241
5365 1244
5370 1286
5375 1340
5380 1249
5385 1247
5390 1249
5395 1251
5400 1368
5405 1316
5410 1257
5415 1353
5420 1258
5425 1298
5430 1261
5435 1259
5440 1265
5445 1263
5450 1263
5455 1337
5460 1267
5465 1257
5470 1328
5475 1237
5480 1243
5485 1386
5490 1241
5495 1305
5500 1242
5505 1244
5510 1246
5515 1247
5520 1351
5525 1252
5530 1250
5535 1252
5540 1318
5545 1255
5550 1254
5555 1258
5560 1320
5565 1406
5570 1262
5575 1263
5580 1339
5585 1265
5590 1265
5595 1267
5600 1270
5605 1351
5610 1271
5615 1271
5620 1354
5625 1392
5630 1277
5635 1279
5640 1283
5645 1369
5650 1281
5655 1280
5660 1362
5665 1289
5670 1287
5675 1404
5680 1295
5685 1290
5690 1293
5695 1313
5700 1378
5705 1296
5710 1349
5715 1443
5720 1475
5725 1374
5730 1333
5735 1412
5740 1337
5745 1420
5750 1347
5755 1339
5760 1342
5765 1420
5770 1345
5775 1387
5780 1348
5785 1353
5790 1350
5795 1483
5800 1434
5805 1320
5810 1397
5815 1321
5820 1405
5825 1331
5830 1345
5835 1361
5840 1363
5845 1364
5850 1405
5855 1455
5860 1371
5865 1463
5870 1339
5875 1476
5880 1474
5885 1418
5890 1397
5895 1343
5900 1372
5905 1457
5910 1383
5915 1759
5920 1841
5925 1426
5930 1425
5935 1427
5940 1416
5945 1488
5950 1393
5955 1433
5960 1394
5965 1397
5970 1396
5975 1446
5980 1482
5985 1441
5990 1455
5995 1411
6000 1408
6005 1374
6010 1410
6015 1507
6020 1379
6025 1379
6030 1459
6035 1378
6040 1379
6045 1381
6050 1465
6055 1382
6060 1383
6065 1426
6070 1386
6075 1387
6080 1387
6085 1455
6090 1622
6095 1392
6100 1469
6105 1444
6110 1510
6115 1439
6120 1489
6125 1439
6130 1438
6135 1512
6140 1418
6145 1406
6150 1407
6155 1408
6160 1537
6165 1492
6170 1411
6175 1498
6180 1414
6185 1415
6190 1417
6195 1512
6200 1538
6205 1541
6210 1539
6215 1458
6220 1464
6225 1528
6230 1564
6235 1466
6240 1465
6245 1551
6250 1471
6255 1475
6260 1472
6265 1535
6270 1462
6275 1435
6280 1520
6285 1441
6290 1441
6295 1602
6300 1534
6305 1444
6310 1446
6315 1527
6320 1448
6325 1450
6330 1456
6335 1452
6340 1454
6345 1453
6350 1573
6355 1456
6360 1463
6365 1465
6370 1590
6375 1460
6380 1462
6385 1544
6390 1468
6395 1467
6400 1468
6405 1574
6410 1470
6415 1473
6420 1635
6425 1475
6430 1552
6435 1485
6440 1678
6445 1480
6450 1560
6455 1548
6460 1483
6465 1658
6470 1527
6475 1527
6480 1529
6485 1568
6490 1618
6495 1526
6500 1493
6505 1561
6510 1593
6515 1499
6520 1576
6525 1501
6530 1593
6535 1584
6540 1510
6545 1504
6550 1659
6555 1509
6560 1509
6565 1589
6570 1514
6575 1675
6580 1705
6585 1594
6590 1567
6595 1559
6600 1621
6605 1559
6610 1560
6615 1565
6620 1598
6625 1522
6630 1526
6635 1526
6640 1661
6645 1572
6650 1620
6655 1534
6660 1534
6665 1535
6670 1579
6675 1618
6680 1538
6685 1637
6690 1624
6695 1619
6700 1669
6705 1724
6710 1568
6715 1628
6720 1589
6725 1731
6730 2092
6735 1937
6740 1644
6745 1716
6750 1598
6755 1598
6760 1720
6765 1719
6770 1603
6775 1650
6780 1604
6785 1603
6790 1615
6795 1606
6800 1609
6805 1652
6810 1652
6815 1613
6820 1622
6825 1617
6830 1764
6835 1578
6840 1823
6845 1585
6850 1659
6855 1598
6860 1634
6865 1626
6870 1670
6875 1630
6880 1712
6885 1641
6890 1642
6895 1624
6900 1594
6905 1687
6910 1599
6915 1599
6920 1752
6925 1601
6930 1601
6935 1650
6940 1643
6945 1682
6950 1647
6955 1712
6960 1608
6965 1695
6970 1613
6975 1614
6980 1614
6985 1741
6990 1695
6995 1637
7000 1674
7005 1621
7010 1687
7015 1885
7020 1709
7025 1623
7030 1751
7035 1724
7040 1672
7045 1755
7050 1675
7055 1675
7060 1828
7065 1680
7070 1719
7075 1682
7080 1778
7085 1689
7090 1800
7095 1688
7100 1688
7105 1690
7110 1690
7115 1694
7120 1755
7125 1651
7130 1651
7135 1886
7140 1855
7145 1682
7150 1749
7155 1701
7160 1709
7165 1704
7170 1705
7175 1698
7180 1744
7185 1740
7190 1668
7195 1707
7200 1907
7205 1728
7210 1755
7215 1717
7220 1719
7225 1767
7230 1723
7235 1678
7240 1722
7245 1681
7250 1682
7255 1685
7260 1836
7265 1691
7270 1990
7275 1947
7280 2003
7285 1986
7290 1783
7295 1791
7300 1784
7305 1786
7310 1799
7315 1852
7320 1745
7325 1906
7330 1745
7335 1748
7340 1805
7345 1751
7350 1756
7355 1799
7360 1761
7365 1760
7370 1791
7375 1883
7380 1714
7385 1796
7390 1760
7395 1717
7400 1721
7405 1809
7410 1922
7415 1739
7420 1727
7425 1859
7430 1891
7435 1822
7440 2157
7445 2149
7450 1848
7455 1827
7460 1833
7465 1844
7470 1833
7475 1839
7480 1852
7485 1883
7490 1874
7495 1883
7500 1839
7505 1838
7510 1843
7515 1847
7520 1850
7525 1838
7530 1798
7535 1800
7540 1829
7545 1820
7550 1893
7555 1759
7560 1760
7565 1840
7570 2244
7575 1865
7580 1865
7585 1866
7590 1871
7595 1868
7600 1887
7605 1969
7610 1819
7615 1821
7620 1823
7625 1833
7630 1814
7635 1857
7640 1781
7645 1782
7650 1785
7655 1876
7660 1788
7665 1861
7670 1787
7675 1869
7680 1790
7685 1874
7690 1867
7695 1798
7700 1794
7705 1839
7710 1926
7715 1804
7720 1936
7725 1807
7730 1820
7735 1806
7740 1886
7745 1805
7750 1884
7755 1810
7760 1809
7765 2012
7770 1812
7775 1888
7780 1813
7785 1818
7790 1815
7795 1817
7800 1978
7805 1907
7810 1884
7815 1823
7820 1825
7825 2070
7830 1975
7835 1828
7840 1868
7845 1925
7850 1888
7855 1880
7860 1928
7865 1927
7870 1878
7875 1886
7880 1914
7885 1921
7890 1847
7895 1844
7900 1978
7905 1855
7910 1846
7915 1928
7920 1849
7925 1848
7930 1897
7935 1892
7940 2077
7945 1855
7950 1938
7955 1864
7960 1862
7965 1861
7970 1949
7975 1864
7980 1865
7985 2039
7990 1865
7995 1953
8000 1871
8005 1873
8010 1873
8015 1957
8020 1874
8025 1956
8030 1877
8035 1944
8040 2050
8045 1880
8050 1973
8055 2035
8060 1890
8065 2004
8070 1887
8075 1964
8080 1957
8085 2198
8090 2451
8095 2326
8100 2291
8105 2070
8110 1954
8115 1990
8120 2003
8125 2003
8130 2004
8135 2014
8140 2011
8145 2022
8150 2077
8155 1957
8160 1958
8165 1942
8170 1911
8175 2019
8180 1937
8185 1916
8190 1919
8195 2076
8200 2047
8205 2001
8210 1921
8215 2062
8220 1924
8225 1928
8230 2048
8235 1927
8240 1929
8245 2053
8250 1977
8255 2012
8260 1933
8265 1935
8270 2025
8275 1940
8280 1939
8285 2018
8290 1940
8295 2021
8300 2189
8305 1944
8310 2252
8315 2008
8320 2007
8325 2045
8330 2001
8335 2049
8340 2024
8345 2078
8350 2104
8355 2012
8360 2068
8365 1961
8370 2004
8375 1969
8380 2008
8385 2053
8390 1969
8395 2010
8400 2104
8405 1973
8410 2052
8415 2053
8420 2051
8425 1980
8430 1980
8435 2216
8440 1983
8445 1991
8450 2026
8455 2155
8460 2077
8465 2040
8470 2046
8475 2167
8480 2034
8485 2069
8490 2000
8495 2034
8500 1997
8505 2093
8510 2080
8515 1998
8520 2005
8525 2005
8530 2004
8535 2005
8540 2060
8545 2118
8550 2009
8555 2122
8560 2054
8565 2057
8570 2016
8575 2015
8580 2018
8585 2101
8590 2247
8595 2136
8600 2075
8605 2181
8610 2167
8615 2088
8620 2069
8625 2029
8630 2109
8635 2153
8640 2033
8645 2033
8650 2034
8655 2269
8660 2157
8665 2037
8670 2041
8675 2044
8680 2088
8685 2415
8690 2694
8695 2280
8700 2156
8705 2106
8710 2208
8715 2162
8720 2177
8725 2168
8730 2171
8735 2170
8740 2128
8745 2114
8750 2185
8755 2163
8760 2066
8765 2066
8770 2143
8775 2066
8780 2200
8785 2070
8790 2153
8795 2071
8800 2237
8805 2195
8810 2075
8815 2079
8820 2216
8825 2160
8830 2201
8835 2123
8840 2089
8845 2214
8850 2088
8855 2166
8860 2096
8865 2094
8870 2235
8875 2094
8880 2252
8885 2097
8890 2177
8895 2186
8900 2099
8905 2132
8910 2101
8915 2201
8920 2106
8925 2308
8930 2107
8935 2153
8940 2266
8945 2158
8950 2226
8955 2118
8960 2170
8965 2172
8970 2175
8975 2217
8980 2189
8985 2123
8990 2292
8995 2123
9000 2225
9005 2133
9010 2130
9015 2214
9020 2408
9025 2131
9030 2133
9035 2139
9040 2271
9045 2410
9050 2210
9055 2240
9060 2202
9065 2251
9070 2228
9075 2146
9080 2150
9085 2237
9090 2170
9095 2209
9100 2153
9105 2315
9110 2156
9115 2234
9120 2157
9125 2248
9130 2244
9135 2350
9140 2259
9145 2219
9150 2265
9155 2549
9160 2511
9165 2226
9170 2227
9175 2331
9180 2228
9185 2332
9190 2230
9195 2274
9200 2283
9205 2354
9210 2282
9215 2242
9220 2430
9225 2244
9230 2302
9235 2246
9240 2760
9245 2779
9250 2780
9255 2249
9260 2356
9265 2376
9270 2317
9275 2322
9280 2320
9285 2258
9290 2336
9295 2308
9300 2283
9305 2202
9310 2360
9315 2304
9320 2232
9325 2275
9330 2313
9335 2274
9340 2352
9345 2262
9350 2217
9355 2326
9360 2478
9365 2302
9370 2290
9375 2292
9380 2283
9385 2336
9390 2229
9395 2228
9400 2368
9405 2277
9410 2233
9415 2234
9420 2361
9425 2314
9430 2325
9435 2321
9440 2364
9445 2335
9450 2307
9455 2285
9460 2249
9465 2297
9470 2301
9475 2384
9480 2249
9485 2378
9490 2419
9495 2429
9500 2316
9505 2317
9510 2325
9515 2369
9520 2372
9525 2264
9530 2396
9535 2390
9540 2372
9545 2336
9550 2335
9555 2323
9560 2342
9565 2352
9570 2281
9575 2391
9580 2424
9585 2388
9590 2283
9595 2283
9600 2292
9605 2283
9610 2365
9615 2296
9620 2378
9625 2447
9630 2473
9635 2293
9640 2536
9645 2355
9650 2441
9655 2356
9660 2360
9665 2462
9670 2362
9675 2440
9680 2376
9685 2516
9690 2303
9695 2389
9700 2352
9705 2312
9710 2450
9715 2394
9720 2315
9725 2339
9730 2527
9735 2365
9740 2525
9745 2383
9750 2478
9755 2492
9760 2873
9765 2936
9770 2437
9775 2540
9780 2715
9785 2692
9790 2622
9795 2520
9800 2632
9805 2582
9810 2584
9815 2574
9820 2510
9825 2476
9830 2530
9835 2609
9840 2545
9845 2616
9850 2668
9855 2558
9860 2576
9865 2578
9870 2596
9875 2487
9880 2552
9885 2573
9890 2550
9895 2489
9900 2580
9905 2579
9910 2531
9915 2555
9920 2625
9925 2598
9930 2591
9935 2591
9940 2574
9945 2508
9950 2532
9955 2601
9960 2566
9965 2512
9970 2513
9975 2517
9980 2523
9985 2515
9990 2527
9995 2526
10000 2529
