5 0
10 0
15 1
20 1
25 2
30 2
35 3
40 3
45 4
50 5
55 5
60 6
65 6
70 7
75 8
80 8
85 9
90 10
95 10
100 11
105 12
110 13
115 13
120 15
125 15
130 16
135 16
140 17
145 18
150 19
155 19
160 20
165 21
170 21
175 22
180 23
185 24
190 25
195 26
200 27
205 28
210 28
215 29
220 30
225 31
230 32
235 32
240 34
245 34
250 35
255 36
260 56
265 55
270 76
275 40
280 40
285 41
290 42
295 43
300 44
305 45
310 46
315 47
320 48
325 49
330 49
335 50
340 52
345 52
350 68
355 56
360 57
365 58
370 59
375 60
380 61
385 62
390 62
395 63
400 65
405 66
410 67
415 68
420 69
425 70
430 70
435 72
440 73
445 74
450 75
455 77
460 77
465 78
470 79
475 81
480 81
485 82
490 84
495 84
500 88
505 87
510 87
515 89
520 90
525 90
530 92
535 92
540 93
545 94
550 96
555 97
560 97
565 100
570 101
575 101
580 102
585 103
590 104
595 104
600 106
605 108
610 108
615 109
620 111
625 112
630 113
635 114
640 115
645 116
650 118
655 118
660 120
665 120
670 121
675 121
680 123
685 124
690 126
695 127
700 128
705 129
710 129
715 131
720 132
725 134
730 134
735 135
740 137
745 138
750 139
755 140
760 169
765 144
770 143
775 144
780 145
785 146
790 149
795 148
800 182
805 147
810 148
815 149
820 149
825 151
830 151
835 152
840 153
845 155
850 156
855 157
860 159
865 159
870 161
875 162
880 163
885 164
890 165
895 166
900 168
905 279
910 173
915 173
920 173
925 174
930 175
935 175
940 177
945 177
950 178
955 179
960 181
965 182
970 183
975 184
980 185
985 186
990 191
995 230
1000 228
1005 191
1010 192
1015 193
1020 194
1025 197
1030 271
1035 198
1040 198
1045 201
1050 201
1055 201
1060 203
1065 206
1070 252
1075 243
1080 228
1085 208
1090 210
1095 211
1100 212
1105 213
1110 214
1115 216
1120 216
1125 216
1130 218
1135 221
1140 220
1145 222
1150 223
1155 224
1160 225
1165 227
1170 228
1175 229
1180 229
1185 230
1190 232
1195 277
1200 234
1205 235
1210 236
1215 238
1220 238
1225 240
1230 240
1235 242
1240 242
1245 244
1250 246
1255 246
1260 247
1265 248
1270 249
1275 251
1280 253
1285 296
1290 257
1295 310
1300 257
1305 256
1310 260
1315 260
1320 261
1325 262
1330 264
1335 264
1340 266
1345 266
1350 271
1355 363
1360 270
1365 271
1370 272
1375 273
1380 274
1385 275
1390 277
1395 277
1400 278
1405 280
1410 281
1415 283
1420 283
1425 285
1430 286
1435 287
1440 299
1445 282
1450 284
1455 284
1460 408
1465 405
1470 289
1475 290
1480 373
1485 292
1490 292
1495 293
1500 295
1505 295
1510 298
1515 301
1520 300
1525 302
1530 301
1535 303
1540 304
1545 304
1550 306
1555 307
1560 310
1565 311
1570 311
1575 312
1580 313
1585 315
1590 315
1595 318
1600 316
1605 319
1610 320
1615 322
1620 322
1625 322
1630 386
1635 325
1640 325
1645 327
1650 329
1655 329
1660 331
1665 371
1670 333
1675 333
1680 376
1685 407
1690 337
1695 339
1700 341
1705 341
1710 342
1715 343
1720 343
1725 344
1730 347
1735 348
1740 349
1745 351
1750 350
1755 353
1760 353
1765 354
1770 355
1775 461
1780 376
1785 359
1790 384
1795 478
1800 362
1805 363
1810 364
1815 368
1820 367
1825 368
1830 370
1835 371
1840 371
1845 372
1850 374
1855 375
1860 392
1865 388
1870 389
1875 389
1880 390
1885 392
1890 393
1895 394
1900 394
1905 396
1910 434
1915 399
1920 400
1925 401
1930 403
1935 482
1940 493
1945 407
1950 518
1955 490
1960 506
1965 596
1970 572
1975 559
1980 567
1985 543
1990 464
1995 428
2000 461
2005 505
2010 538
2015 507
2020 424
2025 425
2030 426
2035 465
2040 429
2045 430
2050 432
2055 433
2060 433
2065 504
2070 437
2075 462
2080 449
2085 451
2090 455
2095 453
2100 453
2105 455
2110 456
2115 458
2120 460
2125 461
2130 460
2135 463
2140 488
2145 466
2150 466
2155 470
2160 468
2165 479
2170 471
2175 486
2180 460
2185 462
2190 489
2195 481
2200 466
2205 465
2210 468
2215 470
2220 470
2225 471
2230 472
2235 519
2240 478
2245 476
2250 477
2255 478
2260 479
2265 482
2270 498
2275 483
2280 540
2285 486
2290 488
2295 526
2300 524
2305 490
2310 491
2315 492
2320 493
2325 574
2330 496
2335 500
2340 535
2345 500
2350 593
2355 503
2360 504
2365 506
2370 507
2375 573
2380 509
2385 510
2390 512
2395 514
2400 514
2405 514
2410 516
2415 517
2420 517
2425 520
2430 523
2435 568
2440 524
2445 524
2450 526
2455 526
2460 527
2465 534
2470 517
2475 559
2480 520
2485 520
2490 522
2495 522
2500 524
2505 563
2510 525
2515 528
2520 644
2525 530
2530 608
2535 533
2540 534
2545 535
2550 610
2555 537
2560 537
2565 738
2570 645
2575 556
2580 595
2585 893
2590 837
2595 577
2600 575
2605 582
2610 584
2615 635
2620 739
2625 582
2630 585
2635 587
2640 589
2645 589
2650 590
2655 591
2660 592
2665 599
2670 594
2675 594
2680 595
2685 597
2690 597
2695 600
2700 603
2705 601
2710 646
2715 590
2720 591
2725 592
2730 734
2735 594
2740 595
2745 633
2750 598
2755 599
2760 598
2765 600
2770 602
2775 603
2780 604
2785 696
2790 590
2795 592
2800 593
2805 595
2810 599
2815 597
2820 598
2825 599
2830 601
2835 665
2840 602
2845 604
2850 605
2855 607
2860 606
2865 609
2870 690
2875 667
2880 688
2885 689
2890 614
2895 783
2900 638
2905 618
2910 620
2915 620
2920 622
2925 622
2930 625
2935 625
2940 697
2945 645
2950 688
2955 646
2960 648
2965 649
2970 650
2975 652
2980 653
2985 654
2990 698
2995 656
3000 659
3005 659
3010 660
3015 667
3020 645
3025 772
3030 649
3035 650
3040 657
3045 709
3050 653
3055 789
3060 656
3065 655
3070 658
3075 659
3080 660
3085 661
3090 662
3095 741
3100 690
3105 665
3110 667
3115 669
3120 669
3125 672
3130 671
3135 747
3140 673
3145 793
3150 677
3155 678
3160 679
3165 679
3170 683
3175 703
3180 719
3185 685
3190 688
3195 688
3200 689
3205 799
3210 692
3215 692
3220 693
3225 695
3230 696
3235 779
3240 698
3245 738
3250 777
3255 701
3260 702
3265 703
3270 705
3275 707
3280 753
3285 723
3290 785
3295 712
3300 712
3305 712
3310 714
3315 714
3320 867
3325 717
3330 719
3335 720
3340 722
3345 903
3350 724
3355 727
3360 728
3365 728
3370 728
3375 730
3380 731
3385 732
3390 773
3395 734
3400 736
3405 737
3410 740
3415 738
3420 739
3425 741
3430 742
3435 743
3440 745
3445 745
3450 747
3455 825
3460 837
3465 754
3470 751
3475 754
3480 754
3485 887
3490 758
3495 757
3500 759
3505 818
3510 856
3515 764
3520 808
3525 861
3530 767
3535 766
3540 768
3545 771
3550 864
3555 902
3560 932
3565 910
3570 812
3575 777
3580 782
3585 820
3590 876
3595 868
3600 857
3605 815
3610 911
3615 812
3620 813
3625 857
3630 909
3635 817
3640 814
3645 857
3650 1141
3655 920
3660 849
3665 842
3670 843
3675 844
3680 846
3685 870
3690 847
3695 849
3700 851
3705 862
3710 853
3715 882
3720 855
3725 857
3730 867
3735 860
3740 930
3745 942
3750 863
3755 956
3760 899
3765 899
3770 896
3775 868
3780 870
3785 871
3790 872
3795 987
3800 898
3805 890
3810 965
3815 915
3820 969
3825 915
3830 888
3835 888
3840 899
3845 887
3850 888
3855 919
3860 890
3865 934
3870 906
3875 938
3880 947
3885 897
3890 897
3895 898
3900 900
3905 902
3910 903
3915 903
3920 905
3925 906
3930 976
3935 889
3940 885
3945 887
3950 890
3955 1022
3960 893
3965 893
3970 892
3975 895
3980 896
3985 900
3990 974
3995 939
4000 939
4005 900
4010 902
4015 904
4020 907
4025 905
4030 909
4035 910
4040 914
4045 911
4050 958
4055 915
4060 916
4065 914
4070 967
4075 921
4080 920
4085 960
4090 918
4095 904
4100 964
4105 987
4110 904
4115 904
4120 907
4125 907
4130 911
4135 909
4140 1027
4145 913
4150 912
4155 914
4160 999
4165 918
4170 918
4175 920
4180 1127
4185 923
4190 924
4195 924
4200 926
4205 1007
4210 927
4215 1014
4220 931
4225 988
4230 938
4235 934
4240 936
4245 936
4250 1094
4255 938
4260 939
4265 942
4270 1001
4275 943
4280 986
4285 1028
4290 1008
4295 950
4300 951
4305 950
4310 952
4315 955
4320 1069
4325 957
4330 1044
4335 961
4340 1036
4345 1039
4350 1173
4355 963
4360 964
4365 965
4370 1045
4375 968
4380 1049
4385 1013
4390 1171
4395 1001
4400 1002
4405 1001
4410 1002
4415 1005
4420 1027
4425 1024
4430 1008
4435 1008
4440 1015
4445 1010
4450 1012
4455 1012
4460 1015
4465 1017
4470 1018
4475 1026
4480 1168
4485 1108
4490 1127
4495 1025
4500 1062
4505 1064
4510 1108
4515 1065
4520 1111
4525 1092
4530 1037
4535 1037
4540 1218
4545 1036
4550 1119
4555 1045
4560 1090
4565 1101
4570 1082
4575 1169
4580 1124
4585 1206
4590 1125
4595 1092
4600 1079
4605 1130
4610 1052
4615 1199
4620 1084
4625 1090
4630 1094
4635 1088
4640 1190
4645 1294
4650 1370
4655 1134
4660 1109
4665 1157
4670 1113
4675 1146
4680 1111
4685 1139
4690 1112
4695 1120
4700 1102
4705 1122
4710 1176
4715 1109
4720 1129
4725 1113
4730 1143
4735 1129
4740 1118
4745 1131
4750 1127
4755 1118
4760 1134
4765 1138
4770 1136
4775 1124
4780 1124
4785 1142
4790 1152
4795 1385
4800 1416
4805 1372
4810 1240
4815 1373
4820 1371
4825 1291
4830 1364
4835 1288
4840 1264
4845 1350
4850 1201
4855 1258
4860 1406
4865 1269
4870 1275
4875 1313
4880 1214
4885 1194
4890 1176
4895 1173
4900 1172
4905 1185
4910 1165
4915 1185
4920 1163
4925 1176
4930 1210
4935 1166
4940 1181
4945 1179
4950 1217
4955 1187
4960 1189
4965 1173
4970 1174
4975 1218
4980 1214
4985 1518
4990 1448
4995 1296
5000 1392
5005 1305
5010 1251
5015 1216
5020 1228
5025 1256
5030 1218
5035 1221
5040 1235
5045 1201
5050 1214
5055 1196
5060 1211
5065 1205
5070 1215
5075 1204
5080 1266
5085 1220
5090 1217
5095 1290
5100 1216
5105 1223
5110 1217
5115 1212
5120 1294
5125 1215
5130 1248
5135 1223
5140 1245
5145 1219
5150 1246
5155 1223
5160 1223
5165 1229
5170 1228
5175 1263
5180 1305
5185 1368
5190 1359
5195 1349
5200 1289
5205 1295
5210 1272
5215 1315
5220 1265
5225 1253
5230 1277
5235 1246
5240 1246
5245 1293
5250 1248
5255 1254
5260 1303
5265 1251
5270 1252
5275 1255
5280 1254
5285 1302
5290 1226
5295 1276
5300 1266
5305 1230
5310 1270
5315 1230
5320 1232
5325 1277
5330 1237
5335 1240
5340 1306
5345 1239
5350 1240
5355 1240
5360 1242
5365 1303
5370 1303
5375 1459
5380 1254
5385 1523
5390 1320
5395 1320
5400 1251
5405 1350
5410 1256
5415 1296
5420 1384
5425 1263
5430 1259
5435 1259
5440 1262
5445 1306
5450 1265
5455 1265
5460 1270
5465 1317
5470 1268
5475 1271
5480 1275
5485 1326
5490 1274
5495 1307
5500 1363
5505 1278
5510 1281
5515 1282
5520 1286
5525 1328
5530 1325
5535 1284
5540 1288
5545 1299
5550 1364
5555 1295
5560 1296
5565 1346
5570 1259
5575 1264
5580 1404
5585 1302
5590 1287
5595 1346
5600 1272
5605 1351
5610 1292
5615 1273
5620 1275
5625 1277
5630 1283
5635 1277
5640 1280
5645 1326
5650 1419
5655 1287
5660 1468
5665 1292
5670 1289
5675 1291
5680 1295
5685 1413
5690 1295
5695 1373
5700 1296
5705 1298
5710 1299
5715 1375
5720 1367
5725 1303
5730 1307
5735 1401
5740 1414
5745 1434
5750 1309
5755 1308
5760 1463
5765 1445
5770 1350
5775 1351
5780 1351
5785 1466
5790 1354
5795 1418
5800 1357
5805 1359
5810 1485
5815 1360
5820 1360
5825 1362
5830 1424
5835 1454
5840 1363
5845 1366
5850 1368
5855 1369
5860 1451
5865 1419
5870 1533
5875 1395
5880 1340
5885 1444
5890 1345
5895 1346
5900 1347
5905 1736
5910 1534
5915 1452
5920 1432
5925 1387
5930 1392
5935 1444
5940 1429
5945 1439
5950 1432
5955 1445
5960 1433
5965 1439
5970 1443
5975 1398
5980 1457
5985 1403
5990 1445
5995 1404
6000 1408
6005 1408
6010 1410
6015 1456
6020 1457
6025 1670
6030 1493
6035 1455
6040 1417
6045 1419
6050 1493
6055 1469
6060 1429
6065 1556
6070 1424
6075 1574
6080 1460
6085 1847
6090 1469
6095 1742
6100 1758
6105 1557
6110 1483
6115 1477
6120 1477
6125 1477
6130 1482
6135 1480
6140 1501
6145 1483
6150 1538
6155 1484
6160 1488
6165 1526
6170 1453
6175 1544
6180 1490
6185 1544
6190 1454
6195 1456
6200 1540
6205 1516
6210 1460
6215 1462
6220 1556
6225 1463
6230 1472
6235 1749
6240 1469
6245 1458
6250 1507
6255 1671
6260 1495
6265 1477
6270 1475
6275 1479
6280 1479
6285 1560
6290 1535
6295 1476
6300 1520
6305 1521
6310 1447
6315 1448
6320 1451
6325 1529
6330 1454
6335 1515
6340 1456
6345 1458
6350 1534
6355 1459
6360 1544
6365 1462
6370 1555
6375 1464
6380 1545
6385 1466
6390 1467
6395 1568
6400 1512
6405 1514
6410 1508
6415 1514
6420 1493
6425 1656
6430 1552
6435 1481
6440 1654
6445 1565
6450 1490
6455 1510
6460 1579
6465 1526
6470 1531
6475 1529
6480 1528
6485 1531
6490 1551
6495 1571
6500 1571
6505 1715
6510 1499
6515 1499
6520 1548
6525 1623
6530 1629
6535 1548
6540 1545
6545 1546
6550 1547
6555 1609
6560 1590
6565 1674
6570 1554
6575 1582
6580 1556
6585 1583
6590 1520
6595 1603
6600 1518
6605 1528
6610 1523
6615 1525
6620 1528
6625 1591
6630 1534
6635 1530
6640 1691
6645 1532
6650 1533
6655 1536
6660 1770
6665 1594
6670 1540
6675 1540
6680 1540
6685 1550
6690 1612
6695 1633
6700 1548
6705 1882
6710 1972
6715 1979
6720 1894
6725 1555
6730 1631
6735 1642
6740 1641
6745 1642
6750 1642
6755 1696
6760 1643
6765 1738
6770 1607
6775 1694
6780 1613
6785 1655
6790 1609
6795 1660
6800 1655
6805 1691
6810 1762
6815 1695
6820 1620
6825 1783
6830 1627
6835 1669
6840 1626
6845 1668
6850 1627
6855 1627
6860 1629
6865 1677
6870 1634
6875 1647
6880 1719
6885 1593
6890 1765
6895 1676
6900 1602
6905 1600
6910 1676
6915 1604
6920 1609
6925 1604
6930 1606
6935 1605
6940 1729
6945 1607
6950 1617
6955 1727
6960 1702
6965 1613
6970 1614
6975 1662
6980 1753
6985 1853
6990 1619
6995 1621
7000 1773
7005 1791
7010 1622
7015 1717
7020 1626
7025 1776
7030 1740
7035 1757
7040 1674
7045 1681
7050 1687
7055 1635
7060 1638
7065 1722
7070 1639
7075 1795
7080 1643
7085 1647
7090 1739
7095 1769
7100 1685
7105 1653
7110 1689
7115 1657
7120 1778
7125 1731
7130 1736
7135 1896
7140 1720
7145 1757
7150 1703
7155 1752
7160 1710
7165 1707
7170 1748
7175 1709
7180 1755
7185 1758
7190 1722
7195 1795
7200 1673
7205 1675
7210 1675
7215 1752
7220 1677
7225 1684
7230 1681
7235 1683
7240 1775
7245 1770
7250 1803
7255 1868
7260 1690
7265 1764
7270 1690
7275 1768
7280 1749
7285 1746
7290 1740
7295 1741
7300 1817
7305 1787
7310 1722
7315 1881
7320 1704
7325 1827
7330 1841
7335 1801
7340 1756
7345 1762
7350 1755
7355 1793
7360 1811
7365 1792
7370 1796
7375 1927
7380 1720
7385 1799
7390 1821
7395 1766
7400 1792
7405 1768
7410 1771
7415 1913
7420 2135
7425 2316
7430 1856
7435 1811
7440 1905
7445 1830
7450 1828
7455 1828
7460 1838
7465 1867
7470 1786
7475 1839
7480 1789
7485 1975
7490 1798
7495 1745
7500 1747
7505 1887
7510 1839
7515 2112
7520 1909
7525 1798
7530 2157
7535 2082
7540 2145
7545 1923
7550 1806
7555 2143
7560 2102
7565 1893
7570 1872
7575 1865
7580 1865
7585 1875
7590 1877
7595 1909
7600 1819
7605 1908
7610 1865
7615 1823
7620 1868
7625 1968
7630 1866
7635 1827
7640 1964
7645 1830
7650 1917
7655 1983
7660 1835
7665 1912
7670 1877
7675 1880
7680 1924
7685 1841
7690 1842
7695 1929
7700 1848
7705 1942
7710 1898
7715 1855
7720 1899
7725 1998
7730 1903
7735 1810
7740 1808
7745 1809
7750 1911
7755 1811
7760 1915
7765 1889
7770 1858
7775 1899
7780 2149
7785 1878
7790 1896
7795 1821
7800 1976
7805 2033
7810 1921
7815 1892
7820 1970
7825 1939
7830 1968
7835 1935
7840 1961
7845 1943
7850 1911
7855 1924
7860 1892
7865 1974
7870 1886
7875 1871
7880 1840
7885 2004
7890 1846
7895 1920
7900 1845
7905 2041
7910 1930
7915 1851
7920 2060
7925 1958
7930 1997
7935 2428
7940 1999
7945 1989
7950 1981
7955 1987
7960 1988
7965 1985
7970 1982
7975 1964
7980 1968
7985 1971
7990 1994
7995 1986
8000 1922
8005 1922
8010 1923
8015 2102
8020 1935
8025 2006
8030 1879
8035 1958
8040 1958
8045 1882
8050 2062
8055 2196
8060 2577
8065 2129
8070 2010
8075 2159
8080 2182
8085 1952
8090 1991
8095 2012
8100 2000
8105 2030
8110 2012
8115 2018
8120 2029
8125 2092
8130 1969
8135 2081
8140 2012
8145 2023
8150 2012
8155 2030
8160 2015
8165 2045
8170 2016
8175 2055
8180 2061
8185 2027
8190 2280
8195 2033
8200 2026
8205 2036
8210 2037
8215 2032
8220 2057
8225 2083
8230 2048
8235 2037
8240 2052
8245 2066
8250 2063
8255 2040
8260 2149
8265 2055
8270 2113
8275 2112
8280 2098
8285 2055
8290 2113
8295 2051
8300 2081
8305 2061
8310 2087
8315 2068
8320 2087
8325 2082
8330 2088
8335 2006
8340 2093
8345 2008
8350 2091
8355 2012
8360 2088
8365 2146
8370 2059
8375 2221
8380 2018
8385 2201
8390 2065
8395 2071
8400 2091
8405 2077
8410 2027
8415 2066
8420 2073
8425 2228
8430 2033
8435 2122
8440 2182
8445 2166
8450 2109
8455 2101
8460 2105
8465 2107
8470 2161
8475 2159
8480 2132
8485 2162
8490 2260
8495 2130
8500 2051
8505 2107
8510 2055
8515 2250
8520 2058
8525 2151
8530 2122
8535 2141
8540 2222
8545 2063
8550 2146
8555 2247
8560 2280
8565 2153
8570 2209
8575 2163
8580 2073
8585 2400
8590 2114
8595 2196
8600 2156
8605 2075
8610 2125
8615 2162
8620 2302
8625 2129
8630 2171
8635 2175
8640 2175
8645 2146
8650 2198
8655 2204
8660 2157
8665 2168
8670 2158
8675 2151
8680 2158
8685 2156
8690 2155
8695 2120
8700 2142
8705 2157
8710 2144
8715 2298
8720 2108
8725 2109
8730 2270
8735 2124
8740 2131
8745 2116
8750 2122
8755 2211
8760 2262
8765 2107
8770 2067
8775 2169
8780 2186
8785 2113
8790 2072
8795 2075
8800 2080
8805 2128
8810 2244
8815 2098
8820 2115
8825 2182
8830 2082
8835 2089
8840 2089
8845 2087
8850 2198
8855 2092
8860 2258
8865 2095
8870 2128
8875 2179
8880 2177
8885 2458
8890 2313
8895 2244
8900 2199
8905 2267
8910 2163
8915 2160
8920 2216
8925 2108
8930 2107
8935 2190
8940 2111
8945 2275
8950 2115
8955 2358
8960 2115
8965 2188
8970 2224
8975 2180
8980 2177
8985 2215
8990 2163
8995 2258
9000 2222
9005 2148
9010 2299
9015 2228
9020 2140
9025 2139
9030 2135
9035 2135
9040 2320
9045 2141
9050 2308
9055 2140
9060 2143
9065 2365
9070 2303
9075 2184
9080 2145
9085 2155
9090 2382
9095 2267
9100 2263
9105 2163
9110 2269
9115 2239
9120 2218
9125 2215
9130 2262
9135 2228
9140 2204
9145 2289
9150 2165
9155 2363
9160 2295
9165 2232
9170 2226
9175 2270
9180 2270
9185 2228
9190 2702
9195 2993
9200 2503
9205 2280
9210 2237
9215 2238
9220 2467
9225 2301
9230 2371
9235 2306
9240 2305
9245 2348
9250 2286
9255 2293
9260 2251
9265 2340
9270 2250
9275 2334
9280 2207
9285 2240
9290 2308
9295 2260
9300 2320
9305 2277
9310 2321
9315 2446
9320 2433
9325 2307
9330 2304
9335 2353
9340 2283
9345 2275
9350 2332
9355 2219
9360 2308
9365 2358
9370 2228
9375 2222
9380 2304
9385 2229
9390 2231
9395 2688
9400 2415
9405 2420
9410 2373
9415 2360
9420 2368
9425 2359
9430 2372
9435 2301
9440 2340
9445 2341
9450 2309
9455 2412
9460 2246
9465 2339
9470 2331
9475 2313
9480 2310
9485 2313
9490 2397
9495 2344
9500 2348
9505 2259
9510 2300
9515 2416
9520 2263
9525 2264
9530 2312
9535 2392
9540 2331
9545 2379
9550 2277
9555 2277
9560 2428
9565 2312
9570 2271
9575 2356
9580 2363
9585 2279
9590 2485
9595 2278
9600 2290
9605 2370
9610 2283
9615 2326
9620 2406
9625 2367
9630 2328
9635 2430
9640 2294
9645 2295
9650 2371
9655 2377
9660 2296
9665 2299
9670 2559
9675 2306
9680 2462
9685 2366
9690 2405
9695 2366
9700 2376
9705 2341
9710 2427
9715 3133
9720 2986
9725 2375
9730 2472
9735 2387
9740 2382
9745 2385
9750 2469
9755 2464
9760 2541
9765 2444
9770 2402
9775 2402
9780 2463
9785 2396
9790 2402
9795 2477
9800 2431
9805 2475
9810 2338
9815 2381
9820 2573
9825 2422
9830 2344
9835 2519
9840 2425
9845 2523
9850 2354
9855 2444
9860 2487
9865 2412
9870 2490
9875 2414
9880 2493
9885 2444
9890 2441
9895 2357
9900 2554
9905 2515
9910 2431
9915 2425
9920 2423
9925 2464
9930 2511
9935 2382
9940 2369
9945 2515
9950 2371
9955 2499
9960 2384
9965 2503
9970 2380
9975 2523
9980 2464
9985 2423
9990 2807
9995 2394
10000 2622
