5 0
10 0
15 1
20 1
25 2
30 2
35 3
40 3
45 4
50 4
55 5
60 6
65 6
70 7
75 8
80 8
85 9
90 10
95 10
100 11
105 12
110 12
115 13
120 14
125 14
130 15
135 16
140 17
145 17
150 18
155 19
160 20
165 20
170 22
175 22
180 23
185 24
190 24
195 25
200 26
205 27
210 28
215 28
220 29
225 30
230 31
235 32
240 33
245 34
250 34
255 35
260 36
265 37
270 38
275 39
280 39
285 41
290 41
295 43
300 43
305 44
310 45
315 45
320 66
325 68
330 82
335 50
340 51
345 51
350 53
355 53
360 54
365 55
370 56
375 57
380 58
385 59
390 60
395 61
400 61
405 63
410 64
415 64
420 66
425 66
430 67
435 69
440 69
445 70
450 71
455 72
460 72
465 74
470 75
475 76
480 77
485 77
490 78
495 79
500 81
505 81
510 83
515 83
520 84
525 85
530 86
535 87
540 88
545 89
550 90
555 91
560 92
565 93
570 95
575 95
580 97
585 97
590 98
595 99
600 101
605 101
610 102
615 105
620 104
625 105
630 106
635 107
640 109
645 110
650 111
655 111
660 112
665 113
670 114
675 115
680 117
685 118
690 119
695 120
700 120
705 121
710 122
715 124
720 125
725 126
730 127
735 127
740 130
745 130
750 131
755 132
760 134
765 134
770 136
775 136
780 228
785 170
790 146
795 147
800 147
805 147
810 148
815 150
820 171
825 171
830 153
835 154
840 154
845 155
850 156
855 177
860 178
865 159
870 160
875 200
880 162
885 164
890 164
895 166
900 167
905 168
910 208
915 171
920 171
925 173
930 175
935 175
940 176
945 177
950 271
955 273
960 182
965 217
970 192
975 214
980 251
985 187
990 187
995 188
1000 189
1005 190
1010 191
1015 195
1020 196
1025 247
1030 195
1035 198
1040 198
1045 199
1050 201
1055 200
1060 202
1065 241
1070 242
1075 205
1080 206
1085 244
1090 209
1095 215
1100 250
1105 211
1110 214
1115 215
1120 215
1125 217
1130 217
1135 219
1140 220
1145 270
1150 312
1155 225
1160 225
1165 227
1170 228
1175 228
1180 230
1185 230
1190 231
1195 232
1200 234
1205 235
1210 236
1215 237
1220 238
1225 276
1230 240
1235 241
1240 242
1245 263
1250 263
1255 246
1260 246
1265 248
1270 249
1275 250
1280 251
1285 253
1290 253
1295 292
1300 256
1305 257
1310 259
1315 260
1320 261
1325 263
1330 264
1335 265
1340 266
1345 267
1350 268
1355 269
1360 271
1365 271
1370 273
1375 273
1380 275
1385 276
1390 277
1395 323
1400 304
1405 281
1410 302
1415 298
1420 284
1425 285
1430 287
1435 288
1440 381
1445 290
1450 291
1455 292
1460 293
1465 293
1470 296
1475 336
1480 297
1485 299
1490 299
1495 301
1500 305
1505 303
1510 380
1515 307
1520 307
1525 309
1530 309
1535 311
1540 313
1545 314
1550 316
1555 316
1560 337
1565 331
1570 509
1575 464
1580 332
1585 333
1590 334
1595 335
1600 335
1605 336
1610 338
1615 347
1620 391
1625 385
1630 343
1635 345
1640 345
1645 350
1650 347
1655 350
1660 369
1665 427
1670 381
1675 356
1680 387
1685 357
1690 359
1695 366
1700 388
1705 362
1710 367
1715 367
1720 369
1725 366
1730 367
1735 366
1740 370
1745 371
1750 372
1755 372
1760 390
1765 374
1770 377
1775 378
1780 383
1785 399
1790 404
1795 383
1800 389
1805 386
1810 394
1815 391
1820 392
1825 393
1830 392
1835 390
1840 394
1845 396
1850 393
1855 401
1860 397
1865 402
1870 403
1875 400
1880 401
1885 405
1890 410
1895 405
1900 404
1905 407
1910 407
1915 417
1920 410
1925 412
1930 413
1935 420
1940 416
1945 417
1950 465
1955 420
1960 419
1965 421
1970 422
1975 424
1980 424
1985 455
1990 427
1995 427
2000 430
2005 431
2010 432
2015 433
2020 434
2025 435
2030 437
2035 438
2040 439
2045 443
2050 441
2055 443
2060 444
2065 445
2070 446
2075 449
2080 447
2085 449
2090 451
2095 451
2100 453
2105 460
2110 443
2115 444
2120 447
2125 491
2130 449
2135 485
2140 474
2145 488
2150 454
2155 454
2160 535
2165 455
2170 458
2175 458
2180 546
2185 460
2190 463
2195 464
2200 465
2205 465
2210 503
2215 467
2220 558
2225 487
2230 498
2235 493
2240 493
2245 498
2250 494
2255 510
2260 481
2265 480
2270 507
2275 498
2280 534
2285 486
2290 486
2295 487
2300 582
2305 540
2310 510
2315 513
2320 520
2325 553
2330 580
2335 512
2340 514
2345 513
2350 515
2355 517
2360 517
2365 518
2370 523
2375 521
2380 543
2385 524
2390 525
2395 527
2400 543
2405 528
2410 530
2415 561
2420 534
2425 547
2430 537
2435 536
2440 536
2445 537
2450 540
2455 540
2460 542
2465 542
2470 546
2475 546
2480 557
2485 533
2490 534
2495 535
2500 537
2505 539
2510 538
2515 541
2520 542
2525 560
2530 567
2535 603
2540 546
2545 548
2550 548
2555 597
2560 554
2565 552
2570 738
2575 557
2580 672
2585 595
2590 561
2595 560
2600 560
2605 589
2610 618
2615 565
2620 571
2625 568
2630 568
2635 568
2640 572
2645 571
2650 573
2655 575
2660 608
2665 603
2670 579
2675 581
2680 622
2685 581
2690 583
2695 584
2700 626
2705 625
2710 628
2715 662
2720 590
2725 665
2730 593
2735 632
2740 614
2745 658
2750 598
2755 599
2760 600
2765 602
2770 601
2775 603
2780 604
2785 649
2790 611
2795 609
2800 609
2805 611
2810 612
2815 613
2820 618
2825 616
2830 617
2835 619
2840 619
2845 620
2850 622
2855 624
2860 624
2865 705
2870 626
2875 671
2880 630
2885 640
2890 616
2895 755
2900 617
2905 682
2910 667
2915 622
2920 697
2925 624
2930 625
2935 626
2940 628
2945 688
2950 705
2955 630
2960 657
2965 650
2970 673
2975 652
2980 655
2985 654
2990 656
2995 657
3000 659
3005 660
3010 661
3015 662
3020 665
3025 708
3030 666
3035 738
3040 651
3045 710
3050 672
3055 713
3060 777
3065 697
3070 659
3075 661
3080 817
3085 737
3090 737
3095 768
3100 731
3105 689
3110 777
3115 688
3120 690
3125 739
3130 694
3135 692
3140 694
3145 695
3150 696
3155 703
3160 698
3165 700
3170 744
3175 701
3180 704
3185 742
3190 706
3195 707
3200 711
3205 738
3210 711
3215 712
3220 714
3225 753
3230 716
3235 727
3240 776
3245 700
3250 700
3255 703
3260 703
3265 789
3270 705
3275 784
3280 708
3285 710
3290 787
3295 713
3300 713
3305 714
3310 773
3315 718
3320 718
3325 719
3330 722
3335 720
3340 798
3345 723
3350 855
3355 725
3360 728
3365 729
3370 728
3375 730
3380 827
3385 751
3390 754
3395 740
3400 735
3405 812
3410 739
3415 739
3420 740
3425 741
3430 742
3435 818
3440 746
3445 746
3450 831
3455 748
3460 753
3465 751
3470 752
3475 755
3480 755
3485 883
3490 880
3495 786
3500 781
3505 781
3510 932
3515 823
3520 784
3525 787
3530 788
3535 787
3540 791
3545 795
3550 790
3555 802
3560 775
3565 776
3570 777
3575 777
3580 877
3585 835
3590 780
3595 781
3600 784
3605 790
3610 839
3615 935
3620 812
3625 810
3630 814
3635 817
3640 846
3645 914
3650 912
3655 1012
3660 1114
3665 924
3670 851
3675 847
3680 854
3685 847
3690 848
3695 851
3700 861
3705 855
3710 854
3715 854
3720 856
3725 911
3730 885
3735 836
3740 874
3745 840
3750 841
3755 841
3760 917
3765 845
3770 849
3775 846
3780 850
3785 845
3790 828
3795 865
3800 830
3805 831
3810 834
3815 835
3820 897
3825 835
3830 838
3835 839
3840 840
3845 841
3850 841
3855 958
3860 845
3865 845
3870 911
3875 849
3880 925
3885 930
3890 852
3895 881
3900 876
3905 882
3910 972
3915 955
3920 882
3925 884
3930 926
3935 886
3940 1010
3945 889
3950 888
3955 928
3960 892
3965 918
3970 923
3975 895
3980 897
3985 897
3990 899
3995 980
4000 938
4005 902
4010 904
4015 926
4020 963
4025 908
4030 909
4035 911
4040 912
4045 1056
4050 959
4055 912
4060 893
4065 894
4070 894
4075 897
4080 1059
4085 898
4090 898
4095 900
4100 938
4105 985
4110 905
4115 905
4120 907
4125 908
4130 908
4135 910
4140 952
4145 991
4150 915
4155 916
4160 958
4165 919
4170 922
4175 920
4180 922
4185 926
4190 1098
4195 1004
4200 926
4205 928
4210 929
4215 1033
4220 955
4225 959
4230 962
4235 935
4240 938
4245 937
4250 938
4255 940
4260 940
4265 942
4270 1029
4275 944
4280 947
4285 947
4290 987
4295 949
4300 1129
4305 953
4310 951
4315 954
4320 954
4325 1033
4330 957
4335 957
4340 960
4345 961
4350 1003
4355 964
4360 964
4365 1095
4370 1043
4375 1049
4380 971
4385 1086
4390 971
4395 975
4400 973
4405 1076
4410 1016
4415 1002
4420 1080
4425 1031
4430 1008
4435 1047
4440 1011
4445 1010
4450 1017
4455 1021
4460 989
4465 1059
4470 1019
4475 1035
4480 1014
4485 995
4490 1074
4495 997
4500 1191
4505 1106
4510 1001
4515 1003
4520 1003
4525 1045
4530 1046
4535 1007
4540 1088
4545 1014
4550 1012
4555 1013
4560 1014
4565 1014
4570 1015
4575 1017
4580 1103
4585 1020
4590 1024
4595 1020
4600 1021
4605 1162
4610 1024
4615 1025
4620 1027
4625 1048
4630 1180
4635 1031
4640 1035
4645 1074
4650 1128
4655 1106
4660 1071
4665 1068
4670 1064
4675 1110
4680 1110
4685 1071
4690 1046
4695 1090
4700 1136
4705 1109
4710 1050
4715 1129
4720 1053
4725 1116
4730 1054
4735 1056
4740 1133
4745 1062
4750 1058
4755 1057
4760 1062
4765 1079
4770 1143
4775 1065
4780 1068
4785 1069
4790 1074
4795 1247
4800 1070
4805 1073
4810 1229
4815 1097
4820 1140
4825 1106
4830 1108
4835 1108
4840 1233
4845 1111
4850 1114
4855 1116
4860 1152
4865 1113
4870 1089
4875 1264
4880 1153
4885 1187
4890 1487
4895 1253
4900 1494
4905 1465
4910 1178
4915 1131
4920 1205
4925 1174
4930 1132
4935 1132
4940 1170
4945 1213
4950 1173
4955 1188
4960 1201
4965 1259
4970 1223
4975 1177
4980 1180
4985 1182
4990 1185
4995 1181
5000 1179
5005 1214
5010 1302
5015 1187
5020 1199
5025 1197
5030 1190
5035 1270
5040 1197
5045 1200
5050 1195
5055 1236
5060 1197
5065 1203
5070 1201
5075 1261
5080 1229
5085 1224
5090 1206
5095 1210
5100 1213
5105 1208
5110 1245
5115 1212
5120 1225
5125 1228
5130 1233
5135 1232
5140 1269
5145 1220
5150 1227
5155 1221
5160 1273
5165 1234
5170 1242
5175 1246
5180 1230
5185 1231
5190 1241
5195 1332
5200 1269
5205 1275
5210 1240
5215 1241
5220 1240
5225 1247
5230 1247
5235 1243
5240 1245
5245 1300
5250 1248
5255 1248
5260 1249
5265 1250
5270 1253
5275 1253
5280 1267
5285 1259
5290 1257
5295 1270
5300 1226
5305 1404
5310 1228
5315 1237
5320 1233
5325 1273
5330 1233
5335 1280
5340 1235
5345 1303
5350 1283
5355 1241
5360 1242
5365 1327
5370 1244
5375 1244
5380 1246
5385 1251
5390 1331
5395 1249
5400 1291
5405 1290
5410 1453
5415 1315
5420 1295
5425 1261
5430 1296
5435 1262
5440 1261
5445 1321
5450 1268
5455 1266
5460 1269
5465 1268
5470 1395
5475 1273
5480 1275
5485 1348
5490 1277
5495 1313
5500 1277
5505 1278
5510 1280
5515 1283
5520 1283
5525 1323
5530 1272
5535 1292
5540 1255
5545 1256
5550 1369
5555 1339
5560 1261
5565 1336
5570 1264
5575 1264
5580 1265
5585 1269
5590 1268
5595 1267
5600 1270
5605 1332
5610 1311
5615 1273
5620 1275
5625 1363
5630 1376
5635 1277
5640 1280
5645 1360
5650 1286
5655 1393
5660 1287
5665 1289
5670 1287
5675 1293
5680 1336
5685 1495
5690 1360
5695 1331
5700 1294
5705 1473
5710 1404
5715 1334
5720 1333
5725 1382
5730 1341
5735 1342
5740 1363
5745 1347
5750 1310
5755 1307
5760 1309
5765 1395
5770 1311
5775 1313
5780 1319
5785 1403
5790 1317
5795 1318
5800 1395
5805 1321
5810 1363
5815 1522
5820 1373
5825 1360
5830 1364
5835 1363
5840 1502
5845 1806
5850 2022
5855 1551
5860 1369
5865 1371
5870 1406
5875 1371
5880 1378
5885 1459
5890 1413
5895 1414
5900 1414
5905 1418
5910 1429
5915 1436
5920 1398
5925 1385
5930 1480
5935 1386
5940 1394
5945 1427
5950 1396
5955 1372
5960 1359
5965 1361
5970 1484
5975 1361
5980 1364
5985 1447
5990 1365
5995 1368
6000 1409
6005 1414
6010 1371
6015 1374
6020 1456
6025 1376
6030 1376
6035 1377
6040 1481
6045 1381
6050 1381
6055 1502
6060 1385
6065 1385
6070 1385
6075 1519
6080 1389
6085 1431
6090 1468
6095 1476
6100 1392
6105 1531
6110 1437
6115 1396
6120 1399
6125 1398
6130 1487
6135 1402
6140 1403
6145 1445
6150 1518
6155 1407
6160 1409
6165 1471
6170 1411
6175 1413
6180 1414
6185 1416
6190 1417
6195 1418
6200 1521
6205 1418
6210 1422
6215 1425
6220 1518
6225 1502
6230 1428
6235 1427
6240 1549
6245 1472
6250 1429
6255 1474
6260 1472
6265 1436
6270 1475
6275 1482
6280 1438
6285 1439
6290 1604
6295 1540
6300 1519
6305 1444
6310 1536
6315 1513
6320 1598
6325 1488
6330 1490
6335 1492
6340 1572
6345 1498
6350 1495
6355 1510
6360 1625
6365 1460
6370 1541
6375 1539
6380 1550
6385 1543
6390 1590
6395 1502
6400 1507
6405 1510
6410 1549
6415 1518
6420 1591
6425 1585
6430 1514
6435 1477
6440 1475
6445 1563
6450 1482
6455 1485
6460 1483
6465 1483
6470 1485
6475 1563
6480 1574
6485 1488
6490 1570
6495 1582
6500 1491
6505 1494
6510 1552
6515 1496
6520 1503
6525 1499
6530 1507
6535 1564
6540 1518
6545 1606
6550 1505
6555 1507
6560 1510
6565 1595
6570 1509
6575 1518
6580 1590
6585 1685
6590 1518
6595 1517
6600 1517
6605 1518
6610 1518
6615 1618
6620 1522
6625 1524
6630 1620
6635 1640
6640 1528
6645 1597
6650 1531
6655 1531
6660 1686
6665 1660
6670 1725
6675 2073
6680 2095
6685 1739
6690 1650
6695 1584
6700 1667
6705 1640
6710 1588
6715 1590
6720 1592
6725 1589
6730 1592
6735 1593
6740 1679
6745 1595
6750 1597
6755 1707
6760 1596
6765 1560
6770 1600
6775 1563
6780 1640
6785 1567
6790 1568
6795 1567
6800 1569
6805 1611
6810 1613
6815 1571
6820 1754
6825 1581
6830 1576
6835 1659
6840 1645
6845 1579
6850 1735
6855 1585
6860 1584
6865 1586
6870 1703
6875 1628
6880 1594
6885 1732
6890 1591
6895 1593
6900 1678
6905 1635
6910 1596
6915 1603
6920 1601
6925 1762
6930 1680
6935 1695
6940 1641
6945 1652
6950 1751
6955 1671
6960 1750
6965 1733
6970 1654
6975 1754
6980 1657
6985 1660
6990 1661
6995 1741
7000 1622
7005 1765
7010 1755
7015 1625
7020 1666
7025 1729
7030 1670
7035 1725
7040 1681
7045 1676
7050 1675
7055 1711
7060 1730
7065 1717
7070 1853
7075 1642
7080 1639
7085 1779
7090 1685
7095 1689
7100 1736
7105 1689
7110 1699
7115 1764
7120 1651
7125 1652
7130 1901
7135 1653
7140 1656
7145 1809
7150 1658
7155 1699
7160 1664
7165 1666
7170 1825
7175 1754
7180 1665
7185 1668
7190 1726
7195 1684
7200 1715
7205 1757
7210 1755
7215 1721
7220 1718
7225 1719
7230 1755
7235 1755
7240 1717
7245 1685
7250 1731
7255 1751
7260 1769
7265 1805
7270 1687
7275 1691
7280 1773
7285 1690
7290 1693
7295 1769
7300 1699
7305 1742
7310 1751
7315 1715
7320 1698
7325 1818
7330 1707
7335 1703
7340 1708
7345 1706
7350 1709
7355 1869
7360 1790
7365 1710
7370 1826
7375 1716
7380 1713
7385 1887
7390 2025
7395 2184
7400 2085
7405 1899
7410 1849
7415 1982
7420 1842
7425 1831
7430 1821
7435 1826
7440 1824
7445 1822
7450 1826
7455 1830
7460 1836
7465 1831
7470 1821
7475 1786
7480 1839
7485 1806
7490 1788
7495 1834
7500 1744
7505 1747
7510 1753
7515 1930
7520 1751
7525 1832
7530 1753
7535 1758
7540 1888
7545 1758
7550 1836
7555 1837
7560 1760
7565 1761
7570 1846
7575 1764
7580 1765
7585 1855
7590 1768
7595 1874
7600 1888
7605 1771
7610 1937
7615 1777
7620 1902
7625 1776
7630 1777
7635 1778
7640 1903
7645 1822
7650 1784
7655 1915
7660 1869
7665 1787
7670 1872
7675 1788
7680 1791
7685 1792
7690 1871
7695 1867
7700 1796
7705 1801
7710 1988
7715 1807
7720 1801
7725 1923
7730 1811
7735 1894
7740 1808
7745 1888
7750 2032
7755 1807
7760 1864
7765 2000
7770 1858
7775 1898
7780 1937
7785 1864
7790 1847
7795 1818
7800 1855
7805 1820
7810 1861
7815 1902
7820 1926
7825 1825
7830 1829
7835 1962
7840 1915
7845 1832
7850 1841
7855 1913
7860 1835
7865 1923
7870 1974
7875 1947
7880 1857
7885 1839
7890 1920
7895 1844
7900 1843
7905 1893
7910 1851
7915 1849
7920 2004
7925 1851
7930 2063
7935 1853
7940 1855
7945 1944
7950 1893
7955 1859
7960 1891
7965 1900
7970 1964
7975 1910
7980 1864
7985 2104
7990 1867
7995 1870
8000 1992
8005 1870
8010 1952
8015 1874
8020 1874
8025 1955
8030 2034
8035 1885
8040 2165
8045 2346
8050 2295
8055 2213
8060 1988
8065 2083
8070 1988
8075 1996
8080 1991
8085 1995
8090 2029
8095 1943
8100 2001
8105 1948
8110 1946
8115 2063
8120 1951
8125 1952
8130 1980
8135 1954
8140 2146
8145 1906
8150 1906
8155 1995
8160 1910
8165 1916
8170 2066
8175 1912
8180 1990
8185 2047
8190 2146
8195 2079
8200 1970
8205 2030
8210 1975
8215 1981
8220 2012
8225 1976
8230 2438
8235 2042
8240 2035
8245 2077
8250 2038
8255 2095
8260 2027
8265 1986
8270 2025
8275 2031
8280 2059
8285 1995
8290 1993
8295 2049
8300 2156
8305 2047
8310 2001
8315 2002
8320 2001
8325 2004
8330 2014
8335 1975
8340 1997
8345 2146
8350 1959
8355 1961
8360 2047
8365 2146
8370 2043
8375 1967
8380 2084
8385 2052
8390 1969
8395 2032
8400 2050
8405 1975
8410 2055
8415 1973
8420 1979
8425 2000
8430 2055
8435 2173
8440 2059
8445 1988
8450 2192
8455 2040
8460 2081
8465 2041
8470 2098
8475 2030
8480 1993
8485 2072
8490 1994
8495 2001
8500 2173
8505 2061
8510 2080
8515 2044
8520 2164
8525 2062
8530 2056
8535 2149
8540 2059
8545 2135
8550 2125
8555 2013
8560 2154
8565 2021
8570 2011
8575 2016
8580 2017
8585 2220
8590 2019
8595 2022
8600 2196
8605 2114
8610 2107
8615 2062
8620 2078
8625 2083
8630 2089
8635 2122
8640 2198
8645 2730
8650 2454
8655 2353
8660 2137
8665 2093
8670 2093
8675 2100
8680 2151
8685 2098
8690 2120
8695 2233
8700 2189
8705 2155
8710 2105
8715 2180
8720 2105
8725 2122
8730 2176
8735 2070
8740 2181
8745 2229
8750 2146
8755 2239
8760 2067
8765 2116
8770 2067
8775 2124
8780 2155
8785 2135
8790 2157
8795 2075
8800 2075
8805 2164
8810 2168
8815 2157
8820 2080
8825 2080
8830 2146
8835 2194
8840 2201
8845 2088
8850 2167
8855 2128
8860 2092
8865 2091
8870 2109
8875 2173
8880 2185
8885 2098
8890 2249
8895 2287
8900 2183
8905 2226
8910 2159
8915 2161
8920 2162
8925 2245
8930 2216
8935 2332
8940 2186
8945 2217
8950 2116
8955 2114
8960 2161
8965 2174
8970 2196
8975 2238
8980 2258
8985 2292
8990 2210
8995 2283
9000 2184
9005 2186
9010 2185
9015 2234
9020 2242
9025 2197
9030 2252
9035 2194
9040 2242
9045 2344
9050 2140
9055 2293
9060 2220
9065 2257
9070 2203
9075 2335
9080 2205
9085 2195
9090 2236
9095 2152
9100 2220
9105 2194
9110 2233
9115 2158
9120 2163
9125 2295
9130 2161
9135 2241
9140 2166
9145 2277
9150 2166
9155 2211
9160 2327
9165 2175
9170 2316
9175 2172
9180 2295
9185 2176
9190 2258
9195 2264
9200 2901
9205 2847
9210 2332
9215 2420
9220 2243
9225 2283
9230 2251
9235 2250
9240 2247
9245 2308
9250 2344
9255 2526
9260 2404
9265 2355
9270 2309
9275 2224
9280 2259
9285 2300
9290 2263
9295 2306
9300 2309
9305 2411
9310 2208
9315 2367
9320 2344
9325 2273
9330 2271
9335 2275
9340 2306
9345 2298
9350 2356
9355 2217
9360 2261
9365 2295
9370 2228
9375 2303
9380 2298
9385 2324
9390 2229
9395 2348
9400 2229
9405 2376
9410 2240
9415 2233
9420 2317
9425 2314
9430 2345
9435 2238
9440 2502
9445 2817
9450 2381
9455 2381
9460 2377
9465 2371
9470 2388
9475 2371
9480 2383
9485 2426
9490 2324
9495 2410
9500 2317
9505 2396
9510 2264
9515 2338
9520 2345
9525 2438
9530 2265
9535 2265
9540 2431
9545 2314
9550 2269
9555 2273
9560 2467
9565 2282
9570 2528
9575 2488
9580 2359
9585 2283
9590 2280
9595 2326
9600 2291
9605 2446
9610 2286
9615 2390
9620 2289
9625 2550
9630 2485
9635 2444
9640 2351
9645 2362
9650 2401
9655 2363
9660 2498
9665 2360
9670 2422
9675 2322
9680 2396
9685 2306
9690 2384
9695 2387
9700 2355
9705 2445
9710 2308
9715 2567
9720 2952
9725 2670
9730 2663
9735 2378
9740 2382
9745 2550
9750 2383
9755 2438
9760 2438
9765 2396
9770 2395
9775 2417
9780 2392
9785 2595
9790 2342
9795 2453
9800 2393
9805 2375
9810 2340
9815 2458
9820 2427
9825 2388
9830 2596
9835 2411
9840 2416
9845 2409
9850 2417
9855 2388
9860 2395
9865 2353
9870 2354
9875 2437
9880 2354
9885 2479
9890 2358
9895 2555
9900 2360
9905 2438
9910 2363
9915 2533
9920 2368
9925 2445
9930 2529
9935 2438
9940 2435
9945 2499
9950 2523
9955 2440
9960 2632
9965 2441
9970 2482
9975 2380
9980 2478
9985 2465
9990 2449
9995 2466
10000 2529
