5 0
10 0
15 1
20 1
25 2
30 2
35 3
40 3
45 4
50 4
55 5
60 5
65 6
70 7
75 8
80 11
85 28
90 10
95 27
100 11
105 12
110 13
115 13
120 14
125 15
130 15
135 16
140 17
145 17
150 18
155 19
160 19
165 20
170 21
175 21
180 23
185 24
190 24
195 25
200 26
205 27
210 28
215 29
220 29
225 30
230 31
235 31
240 32
245 33
250 34
255 35
260 36
265 37
270 38
275 59
280 61
285 58
290 41
295 42
300 43
305 44
310 45
315 46
320 46
325 48
330 49
335 49
340 50
345 51
350 52
355 53
360 53
365 55
370 55
375 56
380 57
385 58
390 60
395 61
400 62
405 62
410 63
415 64
420 65
425 66
430 67
435 68
440 69
445 70
450 71
455 72
460 73
465 74
470 75
475 76
480 77
485 79
490 79
495 80
500 81
505 82
510 83
515 84
520 85
525 86
530 87
535 88
540 131
545 100
550 133
555 93
560 94
565 168
570 95
575 96
580 97
585 98
590 98
595 100
600 101
605 102
610 103
615 104
620 105
625 106
630 107
635 108
640 108
645 132
650 174
655 112
660 112
665 114
670 115
675 116
680 118
685 118
690 176
695 137
700 121
705 122
710 124
715 125
720 125
725 126
730 127
735 148
740 249
745 189
750 133
755 134
760 133
765 135
770 135
775 136
780 138
785 139
790 160
795 181
800 142
805 143
810 144
815 145
820 146
825 147
830 148
835 149
840 150
845 152
850 153
855 153
860 192
865 156
870 157
875 158
880 159
885 160
890 162
895 162
900 163
905 164
910 165
915 167
920 182
925 173
930 175
935 175
940 176
945 177
950 179
955 179
960 181
965 181
970 182
975 184
980 184
985 186
990 187
995 209
1000 189
1005 190
1010 191
1015 193
1020 195
1025 194
1030 196
1035 197
1040 199
1045 200
1050 200
1055 202
1060 203
1065 204
1070 205
1075 206
1080 244
1085 208
1090 209
1095 211
1100 212
1105 212
1110 214
1115 215
1120 216
1125 217
1130 218
1135 219
1140 220
1145 222
1150 222
1155 223
1160 264
1165 258
1170 223
1175 223
1180 223
1185 224
1190 225
1195 227
1200 228
1205 230
1210 230
1215 231
1220 232
1225 234
1230 235
1235 236
1240 237
1245 238
1250 240
1255 241
1260 242
1265 243
1270 244
1275 244
1280 246
1285 247
1290 249
1295 292
1300 314
1305 292
1310 253
1315 254
1320 255
1325 256
1330 370
1335 310
1340 275
1345 418
1350 313
1355 414
1360 327
1365 368
1370 349
1375 282
1380 419
1385 331
1390 418
1395 322
1400 392
1405 281
1410 282
1415 284
1420 285
1425 285
1430 287
1435 289
1440 290
1445 290
1450 295
1455 316
1460 346
1465 295
1470 296
1475 297
1480 299
1485 300
1490 317
1495 310
1500 311
1505 312
1510 315
1515 360
1520 318
1525 319
1530 318
1535 320
1540 322
1545 322
1550 323
1555 324
1560 326
1565 328
1570 328
1575 328
1580 329
1585 332
1590 334
1595 334
1600 335
1605 336
1610 337
1615 351
1620 341
1625 342
1630 342
1635 353
1640 336
1645 338
1650 338
1655 339
1660 453
1665 342
1670 342
1675 344
1680 345
1685 345
1690 347
1695 348
1700 350
1705 351
1710 352
1715 353
1720 354
1725 355
1730 356
1735 357
1740 358
1745 359
1750 361
1755 362
1760 402
1765 365
1770 366
1775 366
1780 367
1785 368
1790 371
1795 371
1800 372
1805 374
1810 435
1815 377
1820 380
1825 440
1830 379
1835 381
1840 381
1845 383
1850 383
1855 386
1860 386
1865 387
1870 388
1875 389
1880 390
1885 391
1890 422
1895 395
1900 395
1905 396
1910 398
1915 398
1920 400
1925 401
1930 505
1935 407
1940 404
1945 406
1950 446
1955 409
1960 408
1965 410
1970 412
1975 413
1980 413
1985 415
1990 417
1995 417
2000 419
2005 420
2010 432
2015 497
2020 413
2025 415
2030 415
2035 416
2040 456
2045 420
2050 419
2055 463
2060 495
2065 423
2070 426
2075 426
2080 427
2085 427
2090 429
2095 430
2100 431
2105 431
2110 434
2115 592
2120 477
2125 454
2130 490
2135 451
2140 482
2145 526
2150 567
2155 586
2160 579
2165 472
2170 472
2175 471
2180 473
2185 474
2190 476
2195 477
2200 478
2205 479
2210 484
2215 482
2220 482
2225 485
2230 486
2235 487
2240 487
2245 489
2250 490
2255 490
2260 495
2265 493
2270 549
2275 497
2280 498
2285 499
2290 502
2295 502
2300 503
2305 504
2310 517
2315 492
2320 495
2325 495
2330 496
2335 534
2340 498
2345 500
2350 501
2355 501
2360 505
2365 508
2370 505
2375 511
2380 526
2385 510
2390 511
2395 513
2400 511
2405 527
2410 501
2415 503
2420 505
2425 506
2430 508
2435 620
2440 510
2445 510
2450 585
2455 514
2460 516
2465 514
2470 731
2475 536
2480 573
2485 521
2490 522
2495 543
2500 539
2505 540
2510 539
2515 542
2520 542
2525 544
2530 586
2535 547
2540 548
2545 626
2550 551
2555 552
2560 590
2565 553
2570 554
2575 556
2580 557
2585 563
2590 548
2595 550
2600 548
2605 550
2610 552
2615 550
2620 632
2625 553
2630 555
2635 556
2640 556
2645 598
2650 558
2655 707
2660 607
2665 663
2670 579
2675 579
2680 582
2685 582
2690 584
2695 584
2700 585
2705 592
2710 732
2715 678
2720 590
2725 592
2730 597
2735 598
2740 593
2745 595
2750 596
2755 599
2760 600
2765 602
2770 602
2775 602
2780 604
2785 606
2790 608
2795 656
2800 608
2805 611
2810 611
2815 617
2820 654
2825 688
2830 601
2835 601
2840 603
2845 605
2850 606
2855 607
2860 608
2865 609
2870 646
2875 726
2880 612
2885 614
2890 615
2895 617
2900 695
2905 620
2910 620
2915 660
2920 622
2925 665
2930 624
2935 626
2940 627
2945 628
2950 630
2955 651
2960 690
2965 632
2970 635
2975 638
2980 637
2985 805
2990 679
2995 641
3000 642
3005 645
3010 644
3015 645
3020 648
3025 685
3030 649
3035 731
3040 650
3045 651
3050 745
3055 673
3060 675
3065 673
3070 675
3075 676
3080 678
3085 679
3090 717
3095 755
3100 684
3105 685
3110 722
3115 686
3120 701
3125 671
3130 674
3135 693
3140 777
3145 676
3150 676
3155 678
3160 679
3165 679
3170 680
3175 720
3180 682
3185 765
3190 687
3195 687
3200 693
3205 692
3210 689
3215 692
3220 694
3225 695
3230 696
3235 697
3240 829
3245 742
3250 740
3255 743
3260 805
3265 724
3270 724
3275 725
3280 726
3285 813
3290 730
3295 766
3300 732
3305 732
3310 732
3315 735
3320 736
3325 803
3330 719
3335 725
3340 721
3345 722
3350 727
3355 781
3360 726
3365 726
3370 729
3375 729
3380 731
3385 732
3390 812
3395 809
3400 734
3405 736
3410 738
3415 743
3420 851
3425 741
3430 743
3435 743
3440 749
3445 747
3450 747
3455 748
3460 750
3465 827
3470 902
3475 752
3480 754
3485 897
3490 787
3495 756
3500 759
3505 760
3510 762
3515 785
3520 784
3525 785
3530 848
3535 789
3540 789
3545 828
3550 792
3555 918
3560 796
3565 795
3570 797
3575 851
3580 1034
3585 1139
3590 861
3595 1072
3600 1142
3605 938
3610 807
3615 810
3620 811
3625 809
3630 813
3635 873
3640 833
3645 815
3650 859
3655 817
3660 817
3665 819
3670 912
3675 822
3680 822
3685 863
3690 825
3695 828
3700 828
3705 829
3710 871
3715 831
3720 834
3725 834
3730 838
3735 836
3740 836
3745 839
3750 841
3755 842
3760 844
3765 844
3770 848
3775 847
3780 848
3785 852
3790 851
3795 960
3800 855
3805 831
3810 833
3815 833
3820 835
3825 925
3830 913
3835 839
3840 839
3845 877
3850 845
3855 842
3860 844
3865 935
3870 909
3875 847
3880 850
3885 851
3890 1007
3895 853
3900 853
3905 895
3910 934
3915 901
3920 938
3925 899
3930 862
3935 863
3940 865
3945 865
3950 1022
3955 866
3960 872
3965 969
3970 892
3975 895
3980 895
3985 898
3990 897
3995 899
4000 1014
4005 986
4010 905
4015 903
4020 935
4025 1012
4030 884
4035 885
4040 886
4045 889
4050 891
4055 889
4060 912
4065 953
4070 895
4075 895
4080 898
4085 937
4090 900
4095 902
4100 977
4105 905
4110 904
4115 905
4120 982
4125 908
4130 908
4135 985
4140 1089
4145 914
4150 914
4155 917
4160 1064
4165 916
4170 920
4175 1032
4180 1026
4185 1036
4190 1012
4195 991
4200 951
4205 991
4210 955
4215 1104
4220 1087
4225 1015
4230 958
4235 960
4240 1148
4245 1056
4250 965
4255 987
4260 1047
4265 965
4270 993
4275 1007
4280 997
4285 1000
4290 1001
4295 1001
4300 1004
4305 1004
4310 1005
4315 1004
4320 1007
4325 983
4330 1029
4335 989
4340 986
4345 1045
4350 989
4355 990
4360 990
4365 993
4370 1142
4375 1184
4380 1058
4385 970
4390 972
4395 1090
4400 976
4405 974
4410 976
4415 1010
4420 1105
4425 1238
4430 1091
4435 1090
4440 1059
4445 1058
4450 1043
4455 1046
4460 1055
4465 1107
4470 1065
4475 1063
4480 1070
4485 1063
4490 1063
4495 1060
4500 1052
4505 1053
4510 1057
4515 1099
4520 1079
4525 1106
4530 1065
4535 1070
4540 1077
4545 1067
4550 1066
4555 1066
4560 1069
4565 1070
4570 1124
4575 1074
4580 1074
4585 1074
4590 1076
4595 1074
4600 1052
4605 1141
4610 1092
4615 1056
4620 1097
4625 1059
4630 1059
4635 1091
4640 1089
4645 1116
4650 1102
4655 1160
4660 1162
4665 1185
4670 1110
4675 1097
4680 1103
4685 1105
4690 1104
4695 1103
4700 1106
4705 1162
4710 1114
4715 1107
4720 1108
4725 1111
4730 1171
4735 1121
4740 1116
4745 1116
4750 1133
4755 1119
4760 1131
4765 1121
4770 1125
4775 1124
4780 1126
4785 1126
4790 1128
4795 1146
4800 1131
4805 1141
4810 1137
4815 1226
4820 1465
4825 1438
4830 1363
4835 1110
4840 1181
4845 1196
4850 1149
4855 1152
4860 1152
4865 1149
4870 1147
4875 1151
4880 1152
4885 1164
4890 1165
4895 1125
4900 1171
4905 1270
4910 1128
4915 1130
4920 1130
4925 1132
4930 1140
4935 1223
4940 1136
4945 1140
4950 1139
4955 1140
4960 1322
4965 1145
4970 1146
4975 1230
4980 1198
4985 1119
4990 1173
4995 1255
5000 1201
5005 1125
5010 1125
5015 1149
5020 1161
5025 1239
5030 1164
5035 1161
5040 1161
5045 1163
5050 1165
5055 1213
5060 1141
5065 1264
5070 1169
5075 1172
5080 1183
5085 1275
5090 1144
5095 1146
5100 1147
5105 1233
5110 1226
5115 1150
5120 1192
5125 1158
5130 1220
5135 1154
5140 1230
5145 1159
5150 1160
5155 1281
5160 1185
5165 1384
5170 1257
5175 1165
5180 1203
5185 1197
5190 1199
5195 1236
5200 1292
5205 1203
5210 1207
5215 1205
5220 1206
5225 1207
5230 1210
5235 1210
5240 1254
5245 1253
5250 1218
5255 1342
5260 1209
5265 1263
5270 1259
5275 1261
5280 1299
5285 1193
5290 1192
5295 1200
5300 1277
5305 1197
5310 1197
5315 1199
5320 1199
5325 1319
5330 1265
5335 1210
5340 1338
5345 1324
5350 1209
5355 1210
5360 1212
5365 1355
5370 1214
5375 1309
5380 1248
5385 1248
5390 1251
5395 1251
5400 1254
5405 1342
5410 1305
5415 1252
5420 1361
5425 1229
5430 1227
5435 1230
5440 1231
5445 1315
5450 1233
5455 1233
5460 1290
5465 1269
5470 1268
5475 1273
5480 1317
5485 1300
5490 1244
5495 1303
5500 1340
5505 1279
5510 1279
5515 1279
5520 1326
5525 1292
5530 1251
5535 1257
5540 1255
5545 1255
5550 1258
5555 1258
5560 1337
5565 1262
5570 1433
5575 1263
5580 1447
5585 1266
5590 1269
5595 1266
5600 1270
5605 1317
5610 1445
5615 1306
5620 1313
5625 1346
5630 1309
5635 1312
5640 1314
5645 1357
5650 1316
5655 1322
5660 1380
5665 1291
5670 1287
5675 1403
5680 1295
5685 1372
5690 1296
5695 1293
5700 1293
5705 1406
5710 1297
5715 1298
5720 1300
5725 1384
5730 1305
5735 1303
5740 1435
5745 1364
5750 1306
5755 1308
5760 1310
5765 1470
5770 1316
5775 1316
5780 1313
5785 1315
5790 1318
5795 1722
5800 1392
5805 1566
5810 1691
5815 1646
5820 1468
5825 1400
5830 1402
5835 1406
5840 1404
5845 1403
5850 1413
5855 1408
5860 1372
5865 1370
5870 1413
5875 1414
5880 1381
5885 1526
5890 1375
5895 1380
5900 1399
5905 1380
5910 1431
5915 1386
5920 1445
5925 1422
5930 1513
5935 1388
5940 1424
5945 1448
5950 1446
5955 1400
5960 1489
5965 1393
5970 1396
5975 1468
5980 1476
5985 1401
5990 1393
5995 1455
6000 1441
6005 1369
6010 1371
6015 1371
6020 1530
6025 1379
6030 1580
6035 1378
6040 1378
6045 1380
6050 1499
6055 1480
6060 1419
6065 1536
6070 1423
6075 1424
6080 1426
6085 1539
6090 1434
6095 1428
6100 1436
6105 1568
6110 1433
6115 1434
6120 1436
6125 1613
6130 1401
6135 1408
6140 1404
6145 1404
6150 1407
6155 1487
6160 1552
6165 1505
6170 1488
6175 1550
6180 1415
6185 1413
6190 1445
6195 1543
6200 1455
6205 1460
6210 1458
6215 1511
6220 1463
6225 1448
6230 1486
6235 1513
6240 1432
6245 1566
6250 1472
6255 1430
6260 1433
6265 1583
6270 1605
6275 1439
6280 1439
6285 1441
6290 1440
6295 1508
6300 1572
6305 1521
6310 1446
6315 1580
6320 1471
6325 1531
6330 1535
6335 1531
6340 1492
6345 1561
6350 1587
6355 1554
6360 1802
6365 1736
6370 1598
6375 1506
6380 1591
6385 1558
6390 1545
6395 1548
6400 1548
6405 1549
6410 1551
6415 1542
6420 1511
6425 1511
6430 1515
6435 1595
6440 1519
6445 1655
6450 1481
6455 1482
6460 1481
6465 1483
6470 1565
6475 1565
6480 1493
6485 1527
6490 1492
6495 1569
6500 1494
6505 1577
6510 1572
6515 1629
6520 1499
6525 1500
6530 1500
6535 1582
6540 1502
6545 1506
6550 1507
6555 1507
6560 1584
6565 1506
6570 1585
6575 1511
6580 1555
6585 1599
6590 1629
6595 1679
6600 1518
6605 1670
6610 1566
6615 1925
6620 1978
6625 1748
6630 1565
6635 1684
6640 1613
6645 1659
6650 1573
6655 1572
6660 1660
6665 1613
6670 1580
6675 1578
6680 1577
6685 1627
6690 1588
6695 1584
6700 1634
6705 1593
6710 1692
6715 1590
6720 1634
6725 1630
6730 1672
6735 1724
6740 1598
6745 1598
6750 1602
6755 1600
6760 1644
6765 1601
6770 1602
6775 1732
6780 1617
6785 1642
6790 1741
6795 1918
6800 1654
6805 1656
6810 1663
6815 1660
6820 1663
6825 1666
6830 1663
6835 1669
6840 1658
6845 1667
6850 1629
6855 1700
6860 1625
6865 1626
6870 1629
6875 1629
6880 1636
6885 1743
6890 1631
6895 1634
6900 1742
6905 1592
6910 1597
6915 1708
6920 1806
6925 1604
6930 1639
6935 1601
6940 1605
6945 1682
6950 1685
6955 1723
6960 1768
6965 1611
6970 1650
6975 1613
6980 1741
6985 1613
6990 1621
6995 1617
7000 1618
7005 1618
7010 1790
7015 1622
7020 1886
7025 1663
7030 1707
7035 1627
7040 1783
7045 1676
7050 1675
7055 1678
7060 1675
7065 1679
7070 1680
7075 1720
7080 1639
7085 1772
7090 1639
7095 1643
7100 1643
7105 1810
7110 1644
7115 1647
7120 1647
7125 1653
7130 1772
7135 1736
7140 1753
7145 1781
7150 1658
7155 1737
7160 1742
7165 1747
7170 1827
7175 1709
7180 1817
7185 1751
7190 1710
7195 1769
7200 1713
7205 1788
7210 1716
7215 1792
7220 1717
7225 1798
7230 1678
7235 1681
7240 1756
7245 1682
7250 1681
7255 1769
7260 1688
7265 1860
7270 1685
7275 1690
7280 1690
7285 1796
7290 1772
7295 1702
7300 1816
7305 1696
7310 1857
7315 1745
7320 1704
7325 1861
7330 1747
7335 1748
7340 2119
7345 2009
7350 2323
7355 1919
7360 1755
7365 1754
7370 1875
7375 1759
7380 1883
7385 1812
7390 1814
7395 1813
7400 1825
7405 1856
7410 1772
7415 1769
7420 1770
7425 1870
7430 1772
7435 1892
7440 1832
7445 1862
7450 1784
7455 1906
7460 1780
7465 1959
7470 1781
7475 1827
7480 1791
7485 1781
7490 1932
7495 1850
7500 1750
7505 1747
7510 2037
7515 1875
7520 1795
7525 1797
7530 1802
7535 1842
7540 1856
7545 1759
7550 1913
7555 1758
7560 1761
7565 1759
7570 1966
7575 1768
7580 1820
7585 1769
7590 1769
7595 1851
7600 1770
7605 1939
7610 1775
7615 1773
7620 1777
7625 1855
7630 1779
7635 1857
7640 1779
7645 1781
7650 1859
7655 1902
7660 1787
7665 1954
7670 1789
7675 1790
7680 1872
7685 1872
7690 1798
7695 1815
7700 1812
7705 1962
7710 1899
7715 1807
7720 1930
7725 1931
7730 1862
7735 1917
7740 1858
7745 1857
7750 1850
7755 1851
7760 1809
7765 1898
7770 1815
7775 1924
7780 1822
7785 1817
7790 1819
7795 1921
7800 1824
7805 1825
7810 1966
7815 1824
7820 1919
7825 1828
7830 2034
7835 1832
7840 1831
7845 1908
7850 1928
7855 1880
7860 1883
7865 2010
7870 1887
7875 2041
7880 1891
7885 1985
7890 1890
7895 1891
7900 1893
7905 1967
7910 1852
7915 1849
7920 1851
7925 1896
7930 1939
7935 1856
7940 1943
7945 1857
7950 1859
7955 1858
7960 1963
7965 1869
7970 1863
7975 2025
7980 1865
7985 1988
7990 2054
7995 2175
8000 2406
8005 2172
8010 1981
8015 1977
8020 1976
8025 1978
8030 1974
8035 1970
8040 1967
8045 2048
8050 1939
8055 1935
8060 2111
8065 1936
8070 1943
8075 1939
8080 1923
8085 1964
8090 2141
8095 2011
8100 1933
8105 1959
8110 1950
8115 1995
8120 1952
8125 1950
8130 2010
8135 1902
8140 1991
8145 1907
8150 2055
8155 1910
8160 1910
8165 2101
8170 1914
8175 1916
8180 1915
8185 1995
8190 1919
8195 2001
8200 1927
8205 2064
8210 2004
8215 2009
8220 2006
8225 1943
8230 2022
8235 1981
8240 2022
8245 2024
8250 1991
8255 2192
8260 1937
8265 1937
8270 2027
8275 2093
8280 2036
8285 1995
8290 1995
8295 2005
8300 2064
8305 2081
8310 1950
8315 1950
8320 1992
8325 2102
8330 2091
8335 2035
8340 1956
8345 1957
8350 2007
8355 2041
8360 2117
8365 1964
8370 1966
8375 2277
8380 2008
8385 1969
8390 2028
8395 2215
8400 2093
8405 2063
8410 2150
8415 2038
8420 2037
8425 2079
8430 2036
8435 2036
8440 2146
8445 2036
8450 2080
8455 2075
8460 2163
8465 2044
8470 1989
8475 2159
8480 2072
8485 1992
8490 2003
8495 1997
8500 2172
8505 2002
8510 2156
8515 2003
8520 2002
8525 2088
8530 2141
8535 2010
8540 2010
8545 2012
8550 2089
8555 2013
8560 2107
8565 2017
8570 2015
8575 2108
8580 2017
8585 2062
8590 2025
8595 2190
8600 2402
8605 2481
8610 2434
8615 2081
8620 2083
8625 2143
8630 2191
8635 2143
8640 2146
8645 2152
8650 2149
8655 2222
8660 2094
8665 2095
8670 2222
8675 2072
8680 2050
8685 2216
8690 2110
8695 2127
8700 2191
8705 2222
8710 2052
8715 2059
8720 2136
8725 2103
8730 2178
8735 2348
8740 2351
8745 2164
8750 2198
8755 2149
8760 2127
8765 2116
8770 2162
8775 2165
8780 2130
8785 2127
8790 2129
8795 2302
8800 2230
8805 2168
8810 2133
8815 2185
8820 2140
8825 2489
8830 2136
8835 2141
8840 2254
8845 2178
8850 2189
8855 2143
8860 2257
8865 2147
8870 2158
8875 2150
8880 2153
8885 2195
8890 2158
8895 2297
8900 2105
8905 2105
8910 2185
8915 2107
8920 2187
8925 2252
8930 2287
8935 2292
8940 2318
8945 2443
8950 2495
8955 2826
8960 2450
8965 2235
8970 2291
8975 2270
8980 2266
8985 2300
8990 2241
8995 2241
9000 2252
9005 2213
9010 2186
9015 2186
9020 2340
9025 2240
9030 2318
9035 2145
9040 2141
9045 2452
9050 2254
9055 2195
9060 2201
9065 2202
9070 2633
9075 2590
9080 2339
9085 2158
9090 2286
9095 2205
9100 2210
9105 2209
9110 2218
9115 2259
9120 2214
9125 2308
9130 2276
9135 2165
9140 2228
9145 2631
9150 2803
9155 2265
9160 2277
9165 2301
9170 2231
9175 2356
9180 2295
9185 2292
9190 2304
9195 2279
9200 2238
9205 2280
9210 2363
9215 2292
9220 2291
9225 2371
9230 2288
9235 2254
9240 2249
9245 2289
9250 2305
9255 2258
9260 2400
9265 2263
9270 2338
9275 2576
9280 2336
9285 2321
9290 2321
9295 2335
9300 2432
9305 2266
9310 2266
9315 2363
9320 2272
9325 2279
9330 2273
9335 2311
9340 2333
9345 2347
9350 2218
9355 2338
9360 2407
9365 2328
9370 2553
9375 2358
9380 2484
9385 2398
9390 2670
9395 2332
9400 2330
9405 2384
9410 2425
9415 2355
9420 2365
9425 2331
9430 2302
9435 2394
9440 2421
9445 2282
9450 2322
9455 2325
9460 2366
9465 2250
9470 2378
9475 2296
9480 2393
9485 2247
9490 2412
9495 2254
9500 2263
9505 2294
9510 2259
9515 2373
9520 2263
9525 2446
9530 2261
9535 2264
9540 2354
9545 2346
9550 2438
9555 2343
9560 2353
9565 2312
9570 2446
9575 2382
9580 2393
9585 2341
9590 2442
9595 2324
9600 2361
9605 2421
9610 2419
9615 2324
9620 2285
9625 2371
9630 2334
9635 2288
9640 2292
9645 2416
9650 2377
9655 2444
9660 2377
9665 2379
9670 2727
9675 3252
9680 2680
9685 2451
9690 2533
9695 2493
9700 2431
9705 2440
9710 2417
9715 2377
9720 2373
9725 2434
9730 2441
9735 2319
9740 2511
9745 2319
9750 2318
9755 2363
9760 2340
9765 2544
9770 2369
9775 2493
9780 2487
9785 2331
9790 2433
9795 2418
9800 2333
9805 2539
9810 2336
9815 2360
9820 2414
9825 2587
9830 2341
9835 2464
9840 2497
9845 2352
9850 2344
9855 2385
9860 2433
9865 2358
9870 2523
9875 2357
9880 2428
9885 2398
9890 2361
9895 2435
9900 2358
9905 2478
9910 2651
9915 2424
9920 2478
9925 2475
9930 2508
9935 2805
9940 2551
9945 2681
9950 2632
9955 2796
9960 2478
9965 2649
9970 2525
9975 2543
9980 2512
9985 2529
9990 2545
9995 2467
10000 2577
