5 0
10 0
15 1
20 1
25 2
30 2
35 3
40 3
45 4
50 5
55 6
60 6
65 7
70 8
75 8
80 9
85 10
90 10
95 11
100 12
105 12
110 13
115 14
120 15
125 16
130 16
135 17
140 18
145 18
150 19
155 20
160 21
165 22
170 23
175 23
180 24
185 25
190 26
195 27
200 28
205 29
210 29
215 30
220 31
225 32
230 33
235 35
240 39
245 38
250 38
255 37
260 38
265 39
270 40
275 41
280 42
285 42
290 43
295 44
300 45
305 47
310 47
315 48
320 49
325 51
330 51
335 52
340 53
345 54
350 55
355 56
360 57
365 59
370 60
375 61
380 62
385 63
390 63
395 64
400 65
405 67
410 68
415 68
420 69
425 70
430 72
435 72
440 73
445 74
450 75
455 77
460 77
465 79
470 79
475 80
480 81
485 83
490 83
495 84
500 86
505 87
510 87
515 89
520 90
525 91
530 92
535 93
540 94
545 95
550 96
555 102
560 98
565 99
570 101
575 101
580 102
585 103
590 104
595 105
600 106
605 107
610 108
615 109
620 110
625 111
630 113
635 113
640 114
645 117
650 117
655 118
660 120
665 120
670 121
675 123
680 123
685 125
690 126
695 126
700 128
705 129
710 130
715 131
720 132
725 145
730 140
735 153
740 135
745 136
750 137
755 137
760 139
765 139
770 140
775 141
780 142
785 144
790 143
795 145
800 146
805 184
810 148
815 149
820 151
825 151
830 153
835 154
840 154
845 156
850 156
855 158
860 159
865 160
870 161
875 161
880 164
885 164
890 164
895 167
900 167
905 169
910 170
915 171
920 172
925 174
930 173
935 175
940 176
945 178
950 215
955 179
960 181
965 181
970 183
975 221
980 185
985 187
990 188
995 188
1000 190
1005 192
1010 192
1015 194
1020 194
1025 195
1030 197
1035 197
1040 198
1045 200
1050 202
1055 202
1060 203
1065 204
1070 286
1075 209
1080 210
1085 210
1090 211
1095 212
1100 213
1105 214
1110 215
1115 228
1120 211
1125 213
1130 213
1135 215
1140 215
1145 217
1150 218
1155 219
1160 221
1165 221
1170 221
1175 223
1180 224
1185 226
1190 226
1195 231
1200 276
1205 265
1210 364
1215 231
1220 233
1225 234
1230 236
1235 236
1240 237
1245 238
1250 239
1255 241
1260 241
1265 243
1270 244
1275 246
1280 245
1285 248
1290 248
1295 249
1300 251
1305 251
1310 252
1315 253
1320 255
1325 256
1330 257
1335 259
1340 259
1345 260
1350 261
1355 262
1360 264
1365 265
1370 267
1375 267
1380 269
1385 308
1390 270
1395 272
1400 293
1405 334
1410 312
1415 277
1420 278
1425 279
1430 280
1435 280
1440 282
1445 283
1450 286
1455 285
1460 364
1465 287
1470 417
1475 290
1480 309
1485 301
1490 300
1495 302
1500 303
1505 345
1510 306
1515 307
1520 308
1525 309
1530 310
1535 312
1540 312
1545 315
1550 315
1555 316
1560 317
1565 320
1570 339
1575 358
1580 416
1585 326
1590 370
1595 374
1600 326
1605 326
1610 327
1615 331
1620 329
1625 368
1630 333
1635 333
1640 334
1645 375
1650 375
1655 338
1660 339
1665 341
1670 342
1675 342
1680 344
1685 345
1690 346
1695 348
1700 461
1705 350
1710 352
1715 371
1720 378
1725 355
1730 356
1735 360
1740 358
1745 358
1750 402
1755 362
1760 363
1765 400
1770 430
1775 366
1780 368
1785 369
1790 371
1795 371
1800 371
1805 372
1810 374
1815 380
1820 377
1825 377
1830 380
1835 381
1840 381
1845 383
1850 384
1855 429
1860 386
1865 387
1870 389
1875 390
1880 391
1885 404
1890 385
1895 386
1900 384
1905 386
1910 388
1915 389
1920 390
1925 390
1930 393
1935 394
1940 395
1945 396
1950 397
1955 397
1960 398
1965 400
1970 421
1975 438
1980 479
1985 404
1990 406
1995 445
2000 409
2005 409
2010 412
2015 411
2020 413
2025 603
2030 414
2035 416
2040 418
2045 418
2050 419
2055 421
2060 422
2065 423
2070 425
2075 424
2080 426
2085 427
2090 429
2095 430
2100 518
2105 431
2110 432
2115 435
2120 458
2125 492
2130 561
2135 592
2140 509
2145 468
2150 469
2155 470
2160 479
2165 477
2170 509
2175 477
2180 483
2185 481
2190 479
2195 479
2200 484
2205 544
2210 540
2215 485
2220 488
2225 489
2230 494
2235 499
2240 553
2245 528
2250 526
2255 533
2260 570
2265 511
2270 507
2275 515
2280 503
2285 505
2290 501
2295 501
2300 502
2305 506
2310 505
2315 506
2320 507
2325 509
2330 509
2335 514
2340 512
2345 514
2350 514
2355 545
2360 519
2365 517
2370 549
2375 521
2380 523
2385 524
2390 524
2395 535
2400 551
2405 515
2410 516
2415 517
2420 518
2425 519
2430 520
2435 558
2440 556
2445 527
2450 525
2455 529
2460 529
2465 528
2470 529
2475 531
2480 532
2485 533
2490 535
2495 536
2500 576
2505 671
2510 540
2515 542
2520 581
2525 557
2530 544
2535 546
2540 547
2545 548
2550 549
2555 551
2560 552
2565 590
2570 555
2575 556
2580 557
2585 589
2590 646
2595 578
2600 579
2605 594
2610 568
2615 626
2620 628
2625 569
2630 686
2635 657
2640 758
2645 674
2650 661
2655 595
2660 594
2665 605
2670 606
2675 605
2680 609
2685 622
2690 610
2695 611
2700 609
2705 613
2710 635
2715 607
2720 615
2725 607
2730 610
2735 610
2740 610
2745 618
2750 613
2755 614
2760 617
2765 616
2770 618
2775 621
2780 622
2785 633
2790 622
2795 626
2800 627
2805 640
2810 611
2815 613
2820 615
2825 616
2830 658
2835 618
2840 727
2845 656
2850 621
2855 623
2860 624
2865 660
2870 626
2875 629
2880 628
2885 631
2890 631
2895 635
2900 634
2905 635
2910 636
2915 637
2920 685
2925 640
2930 692
2935 642
2940 644
2945 705
2950 665
2955 648
2960 649
2965 651
2970 697
2975 703
2980 680
2985 681
2990 688
2995 714
3000 682
3005 689
3010 660
3015 661
3020 667
3025 665
3030 667
3035 667
3040 691
3045 671
3050 697
3055 782
3060 673
3065 704
3070 748
3075 680
3080 678
3085 683
3090 703
3095 782
3100 701
3105 703
3110 703
3115 705
3120 706
3125 707
3130 711
3135 711
3140 715
3145 720
3150 714
3155 722
3160 715
3165 742
3170 700
3175 737
3180 740
3185 703
3190 704
3195 706
3200 789
3205 708
3210 710
3215 748
3220 713
3225 713
3230 716
3235 716
3240 804
3245 717
3250 718
3255 721
3260 784
3265 723
3270 724
3275 725
3280 727
3285 765
3290 728
3295 729
3300 732
3305 773
3310 776
3315 735
3320 737
3325 738
3330 786
3335 737
3340 740
3345 741
3350 743
3355 837
3360 747
3365 819
3370 729
3375 729
3380 898
3385 734
3390 733
3395 733
3400 973
3405 736
3410 739
3415 740
3420 818
3425 767
3430 762
3435 763
3440 764
3445 843
3450 766
3455 768
3460 769
3465 769
3470 772
3475 773
3480 778
3485 775
3490 793
3495 757
3500 759
3505 880
3510 868
3515 838
3520 764
3525 1142
3530 829
3535 797
3540 936
3545 883
3550 792
3555 792
3560 797
3565 796
3570 795
3575 798
3580 800
3585 800
3590 802
3595 802
3600 901
3605 842
3610 834
3615 860
3620 854
3625 810
3630 814
3635 918
3640 820
3645 906
3650 899
3655 818
3660 879
3665 843
3670 889
3675 845
3680 845
3685 849
3690 853
3695 850
3700 850
3705 880
3710 857
3715 869
3720 834
3725 835
3730 856
3735 855
3740 839
3745 840
3750 841
3755 978
3760 846
3765 845
3770 976
3775 961
3780 848
3785 851
3790 902
3795 854
3800 892
3805 854
3810 855
3815 975
3820 897
3825 858
3830 863
3835 952
3840 951
3845 864
3850 1010
3855 924
3860 868
3865 915
3870 1027
3875 912
3880 898
3885 900
3890 898
3895 969
3900 902
3905 903
3910 905
3915 919
3920 908
3925 910
3930 910
3935 909
3940 932
3945 918
3950 914
3955 915
3960 930
3965 919
3970 919
3975 920
3980 923
3985 958
3990 904
3995 901
4000 905
4005 993
4010 909
4015 994
4020 989
4025 913
4030 911
4035 911
4040 994
4045 915
4050 916
4055 919
4060 917
4065 1022
4070 960
4075 920
4080 923
4085 924
4090 964
4095 945
4100 928
4105 928
4110 1012
4115 970
4120 931
4125 1019
4130 991
4135 974
4140 938
4145 976
4150 940
4155 993
4160 979
4165 942
4170 944
4175 1031
4180 1002
4185 947
4190 1026
4195 1031
4200 1196
4205 1231
4210 1050
4215 1200
4220 1269
4225 1214
4230 1059
4235 988
4240 1050
4245 990
4250 990
4255 1028
4260 995
4265 994
4270 996
4275 1039
4280 1007
4285 1000
4290 1014
4295 1030
4300 1003
4305 1004
4310 1032
4315 1012
4320 1009
4325 1009
4330 1025
4335 1016
4340 1017
4345 1016
4350 1020
4355 1030
4360 1023
4365 1021
4370 1020
4375 1034
4380 1023
4385 1017
4390 1089
4395 1128
4400 1004
4405 1167
4410 1106
4415 1006
4420 1069
4425 1044
4430 1059
4435 1038
4440 1038
4445 1041
4450 1076
4455 1044
4460 1044
4465 1093
4470 1089
4475 1081
4480 1021
4485 1023
4490 1070
4495 1128
4500 1026
4505 1027
4510 1142
4515 1067
4520 1074
4525 1150
4530 1551
4535 1180
4540 1068
4545 1068
4550 1066
4555 1067
4560 1068
4565 1075
4570 1077
4575 1073
4580 1074
4585 1132
4590 1078
4595 1083
4600 1093
4605 1089
4610 1081
4615 1086
4620 1104
4625 1089
4630 1090
4635 1119
4640 1093
4645 1089
4650 1158
4655 1108
4660 1072
4665 1120
4670 1185
4675 1146
4680 1164
4685 1219
4690 1112
4695 1104
4700 1133
4705 1107
4710 1112
4715 1109
4720 1131
4725 1117
4730 1117
4735 1086
4740 1156
4745 1094
4750 1131
4755 1137
4760 1247
4765 1131
4770 1179
4775 1151
4780 1108
4785 1099
4790 1100
4795 1159
4800 1150
4805 1103
4810 1187
4815 1143
4820 1190
4825 1198
4830 1228
4835 1195
4840 1150
4845 1152
4850 1114
4855 1195
4860 1198
4865 1148
4870 1166
4875 1154
4880 1151
4885 1153
4890 1191
4895 1160
4900 1147
4905 1152
4910 1151
4915 1132
4920 1207
4925 1213
4930 1134
4935 1235
4940 1137
4945 1184
4950 1242
4955 1142
4960 1181
4965 1141
4970 1182
4975 1150
4980 1188
4985 1150
4990 1149
4995 1189
5000 1236
5005 1153
5010 1155
5015 1158
5020 1157
5025 1203
5030 1206
5035 1159
5040 1210
5045 1163
5050 1163
5055 1164
5060 1173
5065 1223
5070 1214
5075 1287
5080 1398
5085 1477
5090 1220
5095 1830
5100 1396
5105 1214
5110 1212
5115 1284
5120 1212
5125 1218
5130 1216
5135 1223
5140 1214
5145 1229
5150 1190
5155 1193
5160 1277
5165 1272
5170 1232
5175 1286
5180 1257
5185 1268
5190 1230
5195 1253
5200 1250
5205 1234
5210 1233
5215 1241
5220 1277
5225 1247
5230 1256
5235 1249
5240 1263
5245 1255
5250 1245
5255 1247
5260 1246
5265 1247
5270 1261
5275 1255
5280 1262
5285 1280
5290 1258
5295 1257
5300 1257
5305 1259
5310 1271
5315 1264
5320 1264
5325 1263
5330 1268
5335 1232
5340 1235
5345 1234
5350 1282
5355 1240
5360 1288
5365 1361
5370 1241
5375 1243
5380 1247
5385 1246
5390 1292
5395 1252
5400 1251
5405 1339
5410 1261
5415 1319
5420 1264
5425 1223
5430 1386
5435 1261
5440 1229
5445 1321
5450 1321
5455 1342
5460 1266
5465 1266
5470 1271
5475 1323
5480 1271
5485 1275
5490 1271
5495 1316
5500 1276
5505 1320
5510 1278
5515 1326
5520 1284
5525 1308
5530 1302
5535 1357
5540 1288
5545 1255
5550 1257
5555 1326
5560 1306
5565 1297
5570 1296
5575 1296
5580 1339
5585 1300
5590 1299
5595 1316
5600 1352
5605 1353
5610 1269
5615 1354
5620 1272
5625 1273
5630 1407
5635 1309
5640 1318
5645 1312
5650 1315
5655 1317
5660 1320
5665 1322
5670 1390
5675 1292
5680 1293
5685 1380
5690 1293
5695 1292
5700 1293
5705 1334
5710 1385
5715 1298
5720 1299
5725 1298
5730 1376
5735 1302
5740 1305
5745 1458
5750 1385
5755 1307
5760 1308
5765 1465
5770 1311
5775 1312
5780 1361
5785 1350
5790 1388
5795 1351
5800 1359
5805 1403
5810 1355
5815 1386
5820 1322
5825 1366
5830 1326
5835 1955
5840 1415
5845 1329
5850 1365
5855 1367
5860 1452
5865 1374
5870 1414
5875 1372
5880 1432
5885 1338
5890 1340
5895 1341
5900 1418
5905 1349
5910 1345
5915 1452
5920 1346
5925 1350
5930 1351
5935 1470
5940 1394
5945 1355
5950 1360
5955 1357
5960 1363
5965 1359
5970 1361
5975 1445
5980 1453
5985 1369
5990 1446
5995 1366
6000 1367
6005 1435
6010 1485
6015 1376
6020 1415
6025 1495
6030 1375
6035 1380
6040 1379
6045 1378
6050 1585
6055 1382
6060 1590
6065 1423
6070 1385
6075 1391
6080 1501
6085 1467
6090 1481
6095 1433
6100 1430
6105 1429
6110 1432
6115 1434
6120 1472
6125 1469
6130 1426
6135 1471
6140 1405
6145 1405
6150 1448
6155 1526
6160 1488
6165 1408
6170 1410
6175 1741
6180 1777
6185 1910
6190 1727
6195 1496
6200 1503
6205 1505
6210 1456
6215 1460
6220 1505
6225 1506
6230 1503
6235 1503
6240 1503
6245 1509
6250 1516
6255 1511
6260 1472
6265 1473
6270 1576
6275 1475
6280 1476
6285 1477
6290 1521
6295 1442
6300 1484
6305 1445
6310 1452
6315 1445
6320 1615
6325 1490
6330 1490
6335 1454
6340 1550
6345 1497
6350 1524
6355 1494
6360 1613
6365 1459
6370 1463
6375 1462
6380 1463
6385 1555
6390 1542
6395 1530
6400 1546
6405 1565
6410 1514
6415 1518
6420 1588
6425 1641
6430 1556
6435 1516
6440 1523
6445 1523
6450 1520
6455 1482
6460 1481
6465 1576
6470 1488
6475 1601
6480 1489
6485 1643
6490 1490
6495 1568
6500 1494
6505 1499
6510 1496
6515 1498
6520 1499
6525 1500
6530 1580
6535 1502
6540 1509
6545 1588
6550 1504
6555 1507
6560 1588
6565 1617
6570 1683
6575 1565
6580 1558
6585 1552
6590 1610
6595 1595
6600 1562
6605 1544
6610 1699
6615 1522
6620 1524
6625 1608
6630 1648
6635 1681
6640 1573
6645 1618
6650 1588
6655 1571
6660 1600
6665 1567
6670 1540
6675 1699
6680 1543
6685 1551
6690 1545
6695 1620
6700 1547
6705 1552
6710 1547
6715 1548
6720 1634
6725 1549
6730 1639
6735 1554
6740 1732
6745 1554
6750 1555
6755 1557
6760 1840
6765 1558
6770 1567
6775 1561
6780 1563
6785 1567
6790 1565
6795 1685
6800 1573
6805 1693
6810 1699
6815 1578
6820 1575
6825 1725
6830 1575
6835 1579
6840 1579
6845 1631
6850 1657
6855 1732
6860 1658
6865 1585
6870 1675
6875 1611
6880 1631
6885 1633
6890 1710
6895 1640
6900 1636
6905 1645
6910 1637
6915 1601
6920 1688
6925 1599
6930 1708
6935 1679
6940 1683
6945 1609
6950 1687
6955 2139
6960 2150
6965 1724
6970 1653
6975 1728
6980 1754
6985 1658
6990 1786
6995 1662
7000 1662
7005 1704
7010 1787
7015 1665
7020 1666
7025 1767
7030 1669
7035 1751
7040 1748
7045 1713
7050 1822
7055 1633
7060 1633
7065 1711
7070 1736
7075 1744
7080 1681
7085 1683
7090 1724
7095 1686
7100 1732
7105 1683
7110 1785
7115 1649
7120 1649
7125 1709
7130 1737
7135 1652
7140 1753
7145 1772
7150 1656
7155 1720
7160 1763
7165 1704
7170 1802
7175 1763
7180 1713
7185 1708
7190 1788
7195 1865
7200 1674
7205 1669
7210 1673
7215 1756
7220 1750
7225 1676
7230 1845
7235 1697
7240 1816
7245 1714
7250 1772
7255 1729
7260 1736
7265 1731
7270 1736
7275 1718
7280 1962
7285 1689
7290 1829
7295 1694
7300 1693
7305 1735
7310 1775
7315 1697
7320 1703
7325 1741
7330 1700
7335 1824
7340 1784
7345 1706
7350 1847
7355 1708
7360 1709
7365 1770
7370 1794
7375 1713
7380 1723
7385 1759
7390 1718
7395 1798
7400 1806
7405 1723
7410 1852
7415 1797
7420 1765
7425 1899
7430 1829
7435 1729
7440 1926
7445 1812
7450 1778
7455 1877
7460 1779
7465 1885
7470 1927
7475 1837
7480 1788
7485 1923
7490 1831
7495 1801
7500 1793
7505 1793
7510 1798
7515 1942
7520 1881
7525 1890
7530 1798
7535 1806
7540 1840
7545 1798
7550 1799
7555 1757
7560 1780
7565 1867
7570 1840
7575 1763
7580 1893
7585 1766
7590 1767
7595 1843
7600 1922
7605 1845
7610 1877
7615 2019
7620 1911
7625 2028
7630 1910
7635 1913
7640 1880
7645 1895
7650 1897
7655 1911
7660 1881
7665 1883
7670 1889
7675 1886
7680 1890
7685 1891
7690 1905
7695 1890
7700 1895
7705 1970
7710 1912
7715 1908
7720 1847
7725 1855
7730 2018
7735 1959
7740 1936
7745 2049
7750 1912
7755 1903
7760 1906
7765 1909
7770 1948
7775 1930
7780 1943
7785 1863
7790 1959
7795 1876
7800 1971
7805 1873
7810 1870
7815 1954
7820 1871
7825 2294
7830 1930
7835 1928
7840 1936
7845 1929
7850 1964
7855 1923
7860 1883
7865 1883
7870 1943
7875 1954
7880 1837
7885 1840
7890 1842
7895 1922
7900 1849
7905 1977
7910 1845
7915 1847
7920 1930
7925 1931
7930 1852
7935 1852
7940 1934
7945 1855
7950 1933
7955 1859
7960 2078
7965 1861
7970 1977
7975 1862
7980 1943
7985 1912
7990 1868
7995 1933
8000 1868
8005 1949
8010 1881
8015 2042
8020 1874
8025 1881
8030 1897
8035 1909
8040 1925
8045 2038
8050 1922
8055 1882
8060 1965
8065 1887
8070 2000
8075 1963
8080 1888
8085 2069
8090 2115
8095 2102
8100 1893
8105 1935
8110 2192
8115 1948
8120 2034
8125 1952
8130 1954
8135 1998
8140 2106
8145 1960
8150 2006
8155 1961
8160 1968
8165 2007
8170 1964
8175 2096
8180 1941
8185 1956
8190 2063
8195 1919
8200 1923
8205 1924
8210 2048
8215 2048
8220 1950
8225 2110
8230 1984
8235 1981
8240 2021
8245 2030
8250 2031
8255 2015
8260 1934
8265 1938
8270 2535
8275 2335
8280 2064
8285 1993
8290 2081
8295 2147
8300 2054
8305 2055
8310 2059
8315 2120
8320 2058
8325 2090
8330 2006
8335 2009
8340 2055
8345 1998
8350 2050
8355 1960
8360 1965
8365 1963
8370 2043
8375 2096
8380 1966
8385 1968
8390 1977
8395 2058
8400 1974
8405 1971
8410 1973
8415 2018
8420 2095
8425 2061
8430 2123
8435 2089
8440 2009
8445 2137
8450 2127
8455 2125
8460 2046
8465 2043
8470 2129
8475 2088
8480 2148
8485 2046
8490 2095
8495 2173
8500 1999
8505 2001
8510 1997
8515 2001
8520 2123
8525 2010
8530 2096
8535 2177
8540 2299
8545 2162
8550 2010
8555 2013
8560 2155
8565 2068
8570 2112
8575 2068
8580 2199
8585 2078
8590 2110
8595 2193
8600 2084
8605 2083
8610 2173
8615 2078
8620 2122
8625 2207
8630 2084
8635 2086
8640 2118
8645 2090
8650 2084
8655 2037
8660 2230
8665 2117
8670 2119
8675 2168
8680 2173
8685 2139
8690 2204
8695 2105
8700 2158
8705 2102
8710 2110
8715 2163
8720 2121
8725 2186
8730 2053
8735 2106
8740 2150
8745 2227
8750 2071
8755 2121
8760 2068
8765 2287
8770 2181
8775 2250
8780 2068
8785 2097
8790 2173
8795 2133
8800 2129
8805 2128
8810 2160
8815 2123
8820 2167
8825 2163
8830 2163
8835 2238
8840 2089
8845 2138
8850 2436
8855 2657
8860 2537
8865 2223
8870 2189
8875 2202
8880 2219
8885 2213
8890 2210
8895 2221
8900 2162
8905 2326
8910 2162
8915 2288
8920 2161
8925 2235
8930 2209
8935 2208
8940 2207
8945 2249
8950 2263
8955 2171
8960 2527
8965 2228
8970 2177
8975 2259
8980 2178
8985 2178
8990 2272
8995 2348
9000 2224
9005 2306
9010 2186
9015 2187
9020 2282
9025 2188
9030 2145
9035 2136
9040 2138
9045 2298
9050 2224
9055 2273
9060 2182
9065 2190
9070 2229
9075 2152
9080 2144
9085 2149
9090 2155
9095 2204
9100 2255
9105 2231
9110 2154
9115 2238
9120 2163
9125 2223
9130 2217
9135 2161
9140 2650
9145 2318
9150 2287
9155 2284
9160 2350
9165 2225
9170 2236
9175 2233
9180 2237
9185 2274
9190 2316
9195 2308
9200 2242
9205 2177
9210 2383
9215 2270
9220 2182
9225 2247
9230 2282
9235 2253
9240 2380
9245 2237
9250 2239
9255 2320
9260 2196
9265 2193
9270 2310
9275 2299
9280 2200
9285 2290
9290 2201
9295 2296
9300 2285
9305 2212
9310 2205
9315 2208
9320 2207
9325 2306
9330 2304
9335 2288
9340 2215
9345 2378
9350 2216
9355 2220
9360 2218
9365 2299
9370 2302
9375 2475
9380 2308
9385 2225
9390 2364
9395 2891
9400 2700
9405 2289
9410 2406
9415 2348
9420 2384
9425 2361
9430 2359
9435 2404
9440 2305
9445 2304
9450 2297
9455 2308
9460 2355
9465 2360
9470 2249
9475 2324
9480 2339
9485 2258
9490 2253
9495 2302
9500 2329
9505 2333
9510 2346
9515 2259
9520 2260
9525 2438
9530 2341
9535 2270
9540 2343
9545 2371
9550 2277
9555 2534
9560 2302
9565 2339
9570 2422
9575 2338
9580 2392
9585 2277
9590 2396
9595 2352
9600 2364
9605 2282
9610 2364
9615 2288
9620 2368
9625 2288
9630 2411
9635 2452
9640 2498
9645 2403
9650 2411
9655 2399
9660 2399
9665 2396
9670 2357
9675 2359
9680 2521
9685 2545
9690 2366
9695 2368
9700 2417
9705 2354
9710 2348
9715 2316
9720 2389
9725 2316
9730 2440
9735 2315
9740 2395
9745 2399
9750 2328
9755 2449
9760 2374
9765 2447
9770 2459
9775 2409
9780 2342
9785 2594
9790 2392
9795 2448
9800 2397
9805 2399
9810 2418
9815 2516
9820 2339
9825 2506
9830 2494
9835 2451
9840 2470
9845 2409
9850 2465
9855 2453
9860 2443
9865 2354
9870 2501
9875 2349
9880 2362
9885 2363
9890 2507
9895 2444
9900 2483
9905 2733
9910 3128
9915 2603
9920 2488
9925 2537
9930 2496
9935 2533
9940 2539
9945 2464
9950 2433
9955 2521
9960 2554
9965 2635
9970 2735
9975 2519
9980 2779
9985 2560
9990 2518
9995 2560
10000 2544
