5 0
10 0
15 1
20 1
25 1
30 2
35 3
40 3
45 4
50 5
55 5
60 5
65 6
70 7
75 7
80 8
85 9
90 9
95 10
100 11
105 12
110 12
115 13
120 14
125 15
130 15
135 16
140 17
145 18
150 18
155 19
160 19
165 20
170 21
175 22
180 23
185 23
190 24
195 25
200 25
205 26
210 27
215 28
220 29
225 30
230 31
235 32
240 32
245 33
250 34
255 35
260 36
265 37
270 37
275 38
280 39
285 40
290 41
295 41
300 42
305 43
310 44
315 45
320 46
325 47
330 48
335 49
340 50
345 51
350 52
355 53
360 54
365 55
370 56
375 56
380 57
385 59
390 59
395 60
400 61
405 62
410 63
415 64
420 65
425 66
430 67
435 68
440 69
445 70
450 71
455 72
460 73
465 73
470 74
475 76
480 77
485 78
490 120
495 121
500 80
505 81
510 82
515 83
520 85
525 86
530 87
535 88
540 89
545 90
550 90
555 91
560 93
565 93
570 95
575 95
580 96
585 97
590 99
595 99
600 100
605 102
610 102
615 105
620 104
625 105
630 106
635 108
640 109
645 110
650 111
655 111
660 172
665 231
670 164
675 118
680 119
685 119
690 119
695 120
700 121
705 122
710 123
715 160
720 125
725 126
730 128
735 128
740 130
745 130
750 132
755 132
760 135
765 135
770 221
775 160
780 141
785 143
790 143
795 145
800 146
805 146
810 148
815 149
820 150
825 151
830 152
835 153
840 153
845 155
850 156
855 158
860 158
865 160
870 161
875 163
880 184
885 185
890 165
895 166
900 167
905 168
910 170
915 171
920 211
925 173
930 173
935 175
940 176
945 177
950 178
955 179
960 219
965 278
970 220
975 184
980 205
985 203
990 266
995 188
1000 189
1005 191
1010 191
1015 192
1020 194
1025 195
1030 196
1035 197
1040 199
1045 200
1050 201
1055 202
1060 203
1065 204
1070 205
1075 207
1080 408
1085 211
1090 211
1095 211
1100 212
1105 213
1110 215
1115 215
1120 217
1125 218
1130 293
1135 220
1140 221
1145 223
1150 223
1155 224
1160 308
1165 263
1170 227
1175 229
1180 229
1185 231
1190 231
1195 233
1200 234
1205 337
1210 257
1215 239
1220 240
1225 240
1230 241
1235 348
1240 244
1245 245
1250 246
1255 246
1260 247
1265 268
1270 274
1275 254
1280 252
1285 254
1290 254
1295 256
1300 258
1305 259
1310 259
1315 261
1320 262
1325 263
1330 303
1335 264
1340 266
1345 267
1350 268
1355 269
1360 271
1365 273
1370 273
1375 274
1380 275
1385 277
1390 276
1395 279
1400 314
1405 281
1410 305
1415 301
1420 284
1425 286
1430 287
1435 288
1440 290
1445 327
1450 292
1455 293
1460 294
1465 295
1470 298
1475 297
1480 299
1485 300
1490 301
1495 302
1500 303
1505 328
1510 305
1515 308
1520 309
1525 308
1530 310
1535 311
1540 313
1545 339
1550 360
1555 467
1560 367
1565 402
1570 472
1575 371
1580 368
1585 443
1590 452
1595 462
1600 420
1605 329
1610 329
1615 331
1620 331
1625 332
1630 333
1635 334
1640 336
1645 346
1650 391
1655 363
1660 350
1665 351
1670 352
1675 361
1680 391
1685 411
1690 357
1695 358
1700 367
1705 362
1710 365
1715 373
1720 376
1725 401
1730 378
1735 371
1740 375
1745 381
1750 375
1755 373
1760 376
1765 381
1770 383
1775 381
1780 388
1785 385
1790 386
1795 388
1800 393
1805 393
1810 398
1815 419
1820 402
1825 405
1830 442
1835 404
1840 404
1845 404
1850 408
1855 406
1860 417
1865 400
1870 403
1875 402
1880 402
1885 403
1890 404
1895 407
1900 407
1905 418
1910 412
1915 411
1920 413
1925 413
1930 414
1935 414
1940 417
1945 418
1950 419
1955 445
1960 422
1965 422
1970 424
1975 427
1980 456
1985 426
1990 427
1995 430
2000 430
2005 431
2010 433
2015 434
2020 435
2025 438
2030 440
2035 439
2040 440
2045 440
2050 443
2055 444
2060 444
2065 447
2070 500
2075 452
2080 455
2085 454
2090 452
2095 454
2100 454
2105 456
2110 457
2115 459
2120 464
2125 449
2130 449
2135 451
2140 496
2145 457
2150 509
2155 456
2160 457
2165 458
2170 462
2175 462
2180 461
2185 464
2190 464
2195 465
2200 468
2205 468
2210 469
2215 470
2220 481
2225 459
2230 461
2235 509
2240 532
2245 503
2250 492
2255 493
2260 506
2265 578
2270 560
2275 531
2280 507
2285 544
2290 603
2295 505
2300 561
2305 492
2310 492
2315 549
2320 511
2325 508
2330 511
2335 512
2340 514
2345 532
2350 541
2355 518
2360 525
2365 524
2370 522
2375 524
2380 555
2385 524
2390 524
2395 527
2400 527
2405 563
2410 531
2415 530
2420 533
2425 533
2430 535
2435 537
2440 576
2445 539
2450 540
2455 562
2460 547
2465 545
2470 545
2475 558
2480 548
2485 549
2490 550
2495 554
2500 554
2505 554
2510 555
2515 556
2520 558
2525 558
2530 559
2535 565
2540 562
2545 563
2550 569
2555 567
2560 566
2565 569
2570 574
2575 571
2580 579
2585 557
2590 562
2595 563
2600 603
2605 565
2610 567
2615 566
2620 568
2625 610
2630 568
2635 570
2640 571
2645 573
2650 573
2655 637
2660 634
2665 578
2670 578
2675 637
2680 580
2685 599
2690 583
2695 605
2700 586
2705 589
2710 627
2715 588
2720 591
2725 593
2730 594
2735 594
2740 600
2745 637
2750 635
2755 598
2760 647
2765 619
2770 641
2775 605
2780 663
2785 644
2790 607
2795 701
2800 609
2805 615
2810 613
2815 616
2820 616
2825 713
2830 617
2835 620
2840 620
2845 622
2850 621
2855 623
2860 623
2865 625
2870 626
2875 688
2880 628
2885 631
2890 633
2895 645
2900 656
2905 619
2910 621
2915 735
2920 622
2925 623
2930 625
2935 684
2940 627
2945 628
2950 631
2955 772
2960 634
2965 709
2970 635
2975 637
2980 636
2985 784
2990 644
2995 640
3000 642
3005 644
3010 644
3015 644
3020 647
3025 647
3030 647
3035 731
3040 651
3045 652
3050 654
3055 817
3060 674
3065 673
3070 684
3075 660
3080 660
3085 661
3090 663
3095 663
3100 790
3105 688
3110 863
3115 699
3120 687
3125 687
3130 690
3135 774
3140 692
3145 693
3150 694
3155 699
3160 698
3165 700
3170 700
3175 704
3180 737
3185 743
3190 687
3195 852
3200 688
3205 693
3210 692
3215 691
3220 693
3225 695
3230 695
3235 696
3240 697
3245 775
3250 724
3255 771
3260 721
3265 722
3270 725
3275 724
3280 775
3285 727
3290 730
3295 733
3300 732
3305 732
3310 734
3315 743
3320 717
3325 793
3330 827
3335 838
3340 721
3345 723
3350 724
3355 806
3360 726
3365 727
3370 730
3375 730
3380 732
3385 731
3390 827
3395 799
3400 790
3405 784
3410 783
3415 955
3420 742
3425 741
3430 743
3435 743
3440 816
3445 767
3450 767
3455 767
3460 845
3465 770
3470 772
3475 831
3480 847
3485 777
3490 818
3495 779
3500 780
3505 780
3510 781
3515 783
3520 783
3525 788
3530 805
3535 880
3540 789
3545 937
3550 793
3555 793
3560 793
3565 796
3570 797
3575 797
3580 799
3585 843
3590 800
3595 832
3600 820
3605 806
3610 806
3615 810
3620 849
3625 809
3630 813
3635 913
3640 852
3645 1082
3650 1105
3655 1045
3660 1155
3665 920
3670 820
3675 860
3680 848
3685 846
3690 847
3695 855
3700 853
3705 864
3710 853
3715 858
3720 885
3725 863
3730 861
3735 836
3740 836
3745 839
3750 839
3755 845
3760 843
3765 967
3770 847
3775 850
3780 848
3785 947
3790 850
3795 894
3800 851
3805 854
3810 856
3815 855
3820 857
3825 899
3830 860
3835 860
3840 941
3845 842
3850 953
3855 1003
3860 846
3865 847
3870 921
3875 848
3880 965
3885 850
3890 853
3895 875
3900 878
3905 1017
3910 881
3915 880
3920 881
3925 882
3930 1018
3935 884
3940 925
3945 886
3950 888
3955 892
3960 933
3965 896
3970 894
3975 895
3980 896
3985 897
3990 939
3995 935
4000 959
4005 1004
4010 880
4015 989
4020 1235
4025 1012
4030 934
4035 935
4040 935
4045 936
4050 940
4055 944
4060 940
4065 942
4070 942
4075 945
4080 946
4085 946
4090 947
4095 949
4100 950
4105 1027
4110 927
4115 1000
4120 929
4125 1057
4130 971
4135 935
4140 936
4145 938
4150 938
4155 939
4160 1032
4165 949
4170 945
4175 949
4180 946
4185 949
4190 949
4195 950
4200 996
4205 953
4210 997
4215 954
4220 956
4225 958
4230 1021
4235 935
4240 936
4245 939
4250 1016
4255 941
4260 941
4265 1010
4270 944
4275 949
4280 947
4285 947
4290 949
4295 954
4300 951
4305 952
4310 994
4315 955
4320 1039
4325 960
4330 1033
4335 962
4340 1142
4345 1076
4350 963
4355 998
4360 990
4365 994
4370 1029
4375 1192
4380 997
4385 1003
4390 1000
4395 999
4400 1011
4405 976
4410 978
4415 981
4420 1095
4425 982
4430 982
4435 988
4440 1097
4445 986
4450 986
4455 1049
4460 1016
4465 1017
4470 1048
4475 1055
4480 995
4485 996
4490 999
4495 998
4500 1077
4505 1029
4510 1031
4515 1003
4520 1005
4525 1088
4530 1007
4535 1048
4540 1187
4545 1048
4550 1040
4555 1040
4560 1041
4565 1042
4570 1065
4575 1045
4580 1045
4585 1051
4590 1051
4595 1023
4600 1026
4605 1025
4610 1025
4615 1028
4620 1199
4625 1031
4630 1032
4635 1123
4640 1159
4645 1116
4650 1114
4655 1042
4660 1043
4665 1043
4670 1120
4675 1043
4680 1048
4685 1046
4690 1132
4695 1076
4700 1117
4705 1050
4710 1051
4715 1052
4720 1172
4725 1155
4730 1082
4735 1176
4740 1087
4745 1088
4750 1088
4755 1090
4760 1092
4765 1177
4770 1094
4775 1066
4780 1183
4785 1069
4790 1133
4795 1073
4800 1073
4805 1074
4810 1152
4815 1116
4820 1076
4825 1079
4830 1214
4835 1246
4840 1159
4845 1087
4850 1161
4855 1186
4860 1119
4865 1119
4870 1200
4875 1365
4880 1593
4885 1193
4890 1207
4895 1157
4900 1188
4905 1158
4910 1165
4915 1176
4920 1162
4925 1183
4930 1166
4935 1175
4940 1211
4945 1168
4950 1170
4955 1175
4960 1173
4965 1173
4970 1175
4975 1175
4980 1161
4985 1150
4990 1148
4995 1187
5000 1153
5005 1244
5010 1153
5015 1155
5020 1154
5025 1127
5030 1205
5035 1196
5040 1208
5045 1135
5050 1134
5055 1135
5060 1136
5065 1143
5070 1139
5075 1258
5080 1140
5085 1340
5090 1393
5095 1222
5100 1172
5105 1215
5110 1180
5115 1217
5120 1244
5125 1182
5130 1238
5135 1185
5140 1222
5145 1234
5150 1190
5155 1191
5160 1237
5165 1195
5170 1197
5175 1282
5180 1196
5185 1257
5190 1239
5195 1255
5200 1221
5205 1202
5210 1243
5215 1207
5220 1206
5225 1207
5230 1208
5235 1247
5240 1219
5245 1294
5250 1218
5255 1307
5260 1312
5265 1222
5270 1220
5275 1219
5280 1221
5285 1339
5290 1273
5295 1226
5300 1221
5305 1243
5310 1228
5315 1226
5320 1342
5325 1261
5330 1238
5335 1331
5340 1337
5345 1238
5350 1239
5355 1241
5360 1242
5365 1243
5370 1285
5375 1250
5380 1216
5385 1215
5390 1217
5395 1218
5400 1221
5405 1226
5410 1298
5415 1302
5420 1370
5425 1350
5430 1227
5435 1306
5440 1230
5445 1230
5450 1328
5455 1288
5460 1316
5465 1441
5470 1309
5475 1272
5480 1271
5485 1276
5490 1350
5495 1284
5500 1244
5505 1374
5510 1246
5515 1248
5520 1247
5525 1250
5530 1505
5535 1256
5540 1255
5545 1257
5550 1339
5555 1258
5560 1260
5565 1291
5570 1332
5575 1299
5580 1301
5585 1396
5590 1301
5595 1302
5600 1301
5605 1270
5610 1349
5615 1275
5620 1351
5625 1275
5630 1353
5635 1279
5640 1281
5645 1357
5650 1359
5655 1283
5660 1344
5665 1467
5670 1287
5675 1316
5680 1335
5685 1327
5690 1371
5695 1391
5700 1333
5705 1331
5710 1383
5715 1297
5720 1414
5725 1380
5730 1302
5735 1306
5740 1436
5745 1308
5750 1307
5755 1307
5760 1308
5765 1393
5770 1313
5775 1312
5780 1315
5785 1314
5790 1319
5795 1318
5800 1396
5805 1463
5810 1323
5815 1325
5820 1458
5825 1327
5830 1327
5835 1384
5840 1624
5845 1892
5850 1689
5855 1375
5860 1463
5865 1375
5870 1455
5875 1450
5880 1376
5885 1380
5890 1556
5895 1380
5900 1380
5905 1387
5910 1420
5915 1392
5920 1387
5925 1387
5930 1388
5935 1389
5940 1441
5945 1392
5950 1432
5955 1438
5960 1440
5965 1562
5970 1437
5975 1363
5980 1367
5985 1444
5990 1404
5995 1405
6000 1405
6005 1407
6010 1443
6015 1410
6020 1454
6025 1406
6030 1420
6035 1461
6040 1381
6045 1379
6050 1500
6055 1385
6060 1558
6065 1465
6070 1423
6075 1426
6080 1425
6085 1432
6090 1442
6095 1542
6100 1399
6105 1439
6110 1434
6115 1398
6120 1399
6125 1467
6130 1599
6135 1421
6140 1479
6145 1407
6150 1467
6155 1493
6160 1489
6165 1566
6170 1449
6175 1451
6180 1548
6185 1452
6190 1463
6195 1460
6200 1495
6205 1420
6210 1424
6215 1424
6220 1425
6225 1425
6230 1553
6235 1505
6240 1429
6245 1475
6250 1574
6255 1434
6260 1485
6265 1473
6270 1514
6275 1476
6280 1481
6285 1479
6290 1481
6295 1443
6300 1444
6305 1530
6310 1449
6315 1491
6320 1578
6325 1449
6330 1450
6335 1453
6340 1517
6345 1540
6350 1459
6355 1459
6360 1592
6365 1460
6370 1463
6375 1562
6380 1503
6385 1465
6390 1563
6395 1474
6400 1544
6405 1471
6410 1550
6415 1699
6420 1476
6425 1478
6430 1476
6435 1478
6440 1480
6445 1526
6450 1557
6455 1587
6460 1486
6465 1485
6470 1487
6475 1616
6480 1576
6485 1532
6490 1600
6495 1533
6500 1534
6505 1536
6510 1580
6515 1540
6520 1589
6525 1644
6530 1503
6535 1503
6540 1505
6545 1586
6550 1603
6555 1513
6560 1508
6565 1511
6570 1609
6575 1552
6580 1629
6585 1516
6590 1681
6595 1518
6600 1578
6605 1521
6610 1585
6615 1524
6620 1530
6625 1620
6630 1527
6635 1532
6640 1681
6645 1646
6650 1532
6655 1600
6660 1989
6665 2179
6670 1813
6675 1625
6680 1578
6685 1589
6690 1587
6695 1586
6700 1624
6705 1637
6710 1589
6715 1592
6720 1735
6725 1593
6730 1573
6735 1553
6740 1643
6745 1601
6750 1599
6755 1560
6760 1559
6765 1560
6770 1700
6775 1642
6780 1773
6785 1566
6790 1621
6795 1609
6800 1611
6805 1694
6810 1614
6815 1698
6820 1619
6825 1618
6830 1619
6835 1697
6840 1629
6845 1742
6850 1582
6855 1711
6860 1585
6865 1687
6870 1594
6875 1591
6880 1589
6885 1590
6890 1593
6895 1675
6900 1708
6905 1662
6910 1729
6915 1660
6920 1891
6925 1600
6930 1720
6935 1634
6940 1645
6945 1648
6950 1649
6955 1754
6960 1747
6965 1646
6970 1818
6975 1690
6980 1616
6985 1615
6990 1697
6995 1763
7000 1662
7005 1662
7010 1745
7015 1667
7020 1761
7025 1704
7030 1752
7035 1629
7040 1636
7045 1631
7050 1718
7055 1633
7060 1866
7065 1716
7070 1635
7075 1638
7080 1821
7085 1641
7090 1649
7095 1738
7100 1643
7105 1646
7110 1647
7115 1795
7120 1653
7125 1649
7130 1654
7135 1655
7140 1731
7145 1810
7150 1717
7155 1822
7160 1664
7165 1690
7170 1706
7175 1788
7180 1710
7185 1712
7190 1711
7195 1701
7200 1746
7205 1943
7210 1678
7215 1914
7220 1698
7225 1720
7230 1803
7235 1774
7240 1746
7245 1752
7250 1727
7255 1859
7260 1821
7265 1731
7270 1741
7275 1839
7280 1855
7285 1770
7290 1821
7295 1788
7300 1743
7305 1739
7310 1782
7315 1743
7320 1791
7325 1792
7330 1896
7335 1812
7340 1832
7345 1967
7350 2153
7355 1811
7360 1821
7365 2102
7370 1904
7375 2024
7380 2081
7385 1865
7390 1816
7395 1878
7400 1916
7405 1820
7410 1819
7415 1819
7420 1856
7425 1845
7430 1821
7435 1824
7440 1841
7445 1826
7450 1828
7455 1843
7460 1864
7465 1784
7470 1784
7475 1785
7480 1875
7485 1832
7490 1790
7495 1860
7500 1806
7505 1829
7510 1793
7515 1921
7520 2057
7525 1863
7530 1977
7535 1978
7540 1853
7545 1869
7550 1895
7555 1860
7560 2033
7565 1890
7570 1864
7575 1859
7580 1861
7585 1861
7590 1857
7595 1868
7600 1899
7605 1881
7610 1819
7615 1820
7620 1823
7625 1913
7630 1825
7635 1828
7640 1826
7645 1911
7650 1836
7655 1868
7660 1873
7665 1907
7670 1907
7675 1874
7680 1922
7685 1840
7690 1846
7695 1867
7700 1797
7705 1799
7710 1852
7715 1811
7720 1938
7725 1852
7730 1825
7735 1989
7740 1809
7745 1816
7750 1810
7755 1811
7760 1812
7765 1989
7770 1894
7775 1978
7780 1818
7785 1818
7790 1979
7795 1983
7800 1957
7805 1868
7810 1870
7815 1874
7820 1919
7825 1861
7830 1993
7835 1869
7840 1873
7845 1915
7850 1834
7855 1841
7860 1837
7865 1836
7870 1915
7875 1922
7880 1844
7885 2006
7890 1843
7895 1846
7900 2003
7905 1851
7910 1926
7915 1968
7920 1851
7925 1849
7930 1933
7935 1927
7940 1990
7945 1932
7950 1857
7955 1946
7960 1910
7965 1958
7970 1913
7975 1911
7980 1881
7985 2007
7990 1868
7995 1982
8000 1873
8005 1874
8010 1976
8015 1878
8020 2204
8025 2411
8030 2223
8035 1980
8040 1985
8045 1996
8050 2009
8055 1985
8060 2001
8065 1987
8070 1999
8075 1982
8080 1973
8085 1944
8090 1942
8095 2036
8100 1934
8105 1896
8110 1896
8115 1962
8120 2020
8125 1901
8130 1901
8135 2004
8140 1988
8145 1910
8150 2088
8155 1909
8160 1910
8165 2106
8170 1910
8175 1917
8180 1993
8185 1913
8190 1956
8195 2200
8200 2069
8205 1970
8210 2014
8215 1978
8220 2063
8225 1987
8230 2003
8235 2010
8240 1932
8245 1997
8250 1934
8255 2081
8260 1936
8265 2026
8270 2052
8275 1944
8280 1986
8285 1941
8290 1942
8295 2107
8300 2180
8305 2080
8310 1948
8315 1991
8320 2026
8325 2048
8330 2009
8335 2007
8340 2008
8345 1994
8350 2020
8355 2147
8360 1961
8365 1958
8370 1963
8375 2047
8380 1973
8385 2042
8390 1968
8395 1972
8400 2035
8405 1973
8410 2098
8415 1974
8420 2135
8425 2263
8430 2145
8435 2099
8440 2062
8445 2036
8450 2085
8455 2243
8460 2639
8465 2095
8470 2135
8475 2098
8480 2108
8485 2174
8490 2102
8495 2122
8500 2113
8505 2142
8510 2115
8515 2109
8520 2124
8525 2123
8530 2125
8535 2120
8540 2115
8545 2126
8550 2121
8555 2179
8560 2131
8565 2131
8570 2141
8575 2133
8580 2127
8585 2197
8590 2141
8595 2185
8600 2134
8605 2165
8610 2145
8615 2171
8620 2174
8625 2180
8630 2140
8635 2143
8640 2233
8645 2153
8650 2179
8655 2158
8660 2156
8665 2215
8670 2158
8675 2151
8680 2155
8685 2155
8690 2175
8695 2101
8700 2255
8705 2101
8710 2151
8715 2146
8720 2105
8725 2148
8730 2108
8735 2100
8740 2146
8745 2164
8750 2145
8755 2161
8760 2147
8765 2158
8770 2073
8775 2107
8780 2068
8785 2112
8790 2071
8795 2224
8800 2075
8805 2077
8810 2164
8815 2203
8820 2084
8825 2081
8830 2149
8835 2210
8840 2082
8845 2255
8850 2091
8855 2088
8860 2173
8865 2090
8870 2248
8875 2091
8880 2099
8885 2337
8890 2106
8895 2230
8900 2157
8905 2155
8910 2260
8915 2159
8920 2102
8925 2108
8930 2252
8935 2144
8940 2246
8945 2112
8950 2188
8955 2189
8960 2116
8965 2126
8970 2119
8975 2179
8980 2220
8985 2157
8990 2256
8995 2123
9000 2272
9005 2381
9010 2128
9015 2131
9020 2210
9025 2132
9030 2311
9035 2279
9040 2136
9045 2138
9050 2344
9055 2138
9060 2141
9065 2140
9070 2205
9075 2547
9080 2582
9085 2147
9090 2464
9095 2270
9100 2269
9105 2325
9110 2281
9115 2240
9120 2257
9125 2269
9130 2277
9135 2326
9140 2573
9145 2344
9150 2221
9155 2266
9160 2222
9165 2370
9170 2352
9175 2677
9180 2322
9185 2298
9190 2294
9195 2292
9200 2295
9205 2299
9210 2308
9215 2333
9220 2308
9225 2302
9230 2304
9235 2304
9240 2286
9245 2245
9250 2247
9255 2337
9260 2379
9265 2252
9270 2254
9275 2292
9280 2268
9285 2305
9290 2202
9295 2280
9300 2281
9305 2297
9310 2351
9315 2208
9320 2484
9325 2267
9330 2277
9335 2269
9340 2317
9345 2316
9350 2502
9355 2314
9360 2299
9365 2427
9370 2279
9375 2290
9380 2324
9385 2294
9390 2346
9395 2364
9400 2230
9405 2229
9410 2418
9415 2233
9420 2240
9425 2318
9430 2243
9435 2326
9440 2599
9445 2241
9450 2358
9455 2342
9460 2341
9465 2307
9470 2351
9475 2353
9480 2359
9485 2759
9490 2693
9495 2372
9500 2393
9505 2394
9510 2402
9515 2388
9520 2417
9525 2387
9530 2416
9535 2323
9540 2367
9545 2333
9550 2397
9555 2269
9560 2271
9565 2428
9570 2339
9575 2403
9580 2321
9585 2491
9590 2278
9595 2323
9600 2277
9605 2326
9610 2516
9615 2573
9620 2287
9625 2287
9630 2374
9635 2288
9640 2366
9645 2291
9650 2390
9655 2471
9660 2469
9665 2380
9670 2375
9675 2480
9680 2302
9685 2386
9690 2308
9695 2624
9700 3097
9705 2547
9710 2418
9715 2490
9720 2440
9725 2445
9730 2460
9735 2449
9740 2465
9745 2514
9750 2382
9755 2383
9760 2445
9765 2440
9770 2387
9775 2408
9780 2491
9785 2501
9790 2441
9795 2401
9800 2440
9805 2495
9810 2393
9815 2413
9820 2432
9825 2339
9830 2506
9835 2340
9840 2499
9845 2662
9850 2471
9855 2480
9860 2479
9865 2484
9870 2488
9875 2445
9880 2414
9885 2456
9890 2417
9895 2420
9900 2471
9905 2458
9910 2420
9915 2493
9920 2370
9925 2431
9930 2488
9935 2376
9940 2369
9945 2537
9950 2491
9955 2553
9960 2376
9965 2377
9970 2561
9975 2425
9980 2380
9985 2460
9990 2440
9995 2394
10000 2473
