5 0
10 0
15 1
20 1
25 2
30 2
35 3
40 3
45 4
50 5
55 5
60 6
65 6
70 7
75 8
80 8
85 9
90 10
95 10
100 11
105 12
110 12
115 13
120 14
125 15
130 15
135 16
140 17
145 17
150 18
155 19
160 20
165 20
170 21
175 22
180 23
185 24
190 24
195 25
200 26
205 26
210 27
215 28
220 29
225 30
230 31
235 32
240 32
245 33
250 34
255 35
260 36
265 37
270 38
275 38
280 39
285 40
290 41
295 42
300 43
305 44
310 45
315 46
320 47
325 48
330 49
335 50
340 51
345 51
350 52
355 53
360 54
365 55
370 56
375 57
380 58
385 59
390 60
395 61
400 62
405 63
410 83
415 85
420 106
425 67
430 67
435 68
440 69
445 70
450 71
455 72
460 73
465 74
470 75
475 76
480 78
485 78
490 79
495 80
500 81
505 82
510 140
515 83
520 85
525 86
530 87
535 88
540 89
545 90
550 91
555 92
560 93
565 94
570 95
575 96
580 97
585 99
590 98
595 100
600 101
605 102
610 103
615 104
620 105
625 106
630 107
635 108
640 109
645 110
650 111
655 112
660 113
665 115
670 116
675 117
680 117
685 119
690 119
695 122
700 122
705 122
710 123
715 124
720 125
725 127
730 127
735 129
740 235
745 160
750 156
755 139
760 139
765 140
770 140
775 141
780 142
785 143
790 144
795 146
800 146
805 147
810 149
815 149
820 151
825 152
830 152
835 154
840 155
845 156
850 198
855 161
860 162
865 162
870 162
875 163
880 164
885 164
890 166
895 204
900 169
905 170
910 170
915 170
920 172
925 174
930 175
935 176
940 178
945 178
950 179
955 180
960 181
965 182
970 221
975 203
980 186
985 187
990 188
995 189
1000 190
1005 193
1010 192
1015 194
1020 287
1025 232
1030 197
1035 249
1040 194
1045 310
1050 196
1055 197
1060 198
1065 199
1070 200
1075 201
1080 202
1085 203
1090 204
1095 205
1100 285
1105 227
1110 264
1115 209
1120 210
1125 360
1130 229
1135 214
1140 232
1145 222
1150 224
1155 224
1160 227
1165 226
1170 310
1175 228
1180 230
1185 231
1190 235
1195 234
1200 308
1205 236
1210 237
1215 238
1220 241
1225 241
1230 242
1235 242
1240 244
1245 309
1250 265
1255 246
1260 248
1265 249
1270 356
1275 252
1280 252
1285 254
1290 255
1295 257
1300 297
1305 299
1310 341
1315 341
1320 320
1325 287
1330 305
1335 274
1340 281
1345 279
1350 279
1355 297
1360 282
1365 311
1370 287
1375 287
1380 285
1385 288
1390 288
1395 288
1400 290
1405 290
1410 292
1415 291
1420 292
1425 294
1430 296
1435 300
1440 300
1445 303
1450 308
1455 318
1460 309
1465 309
1470 309
1475 310
1480 309
1485 351
1490 312
1495 311
1500 318
1505 317
1510 317
1515 317
1520 318
1525 318
1530 321
1535 321
1540 336
1545 322
1550 324
1555 325
1560 328
1565 330
1570 331
1575 330
1580 382
1585 350
1590 344
1595 339
1600 389
1605 394
1610 341
1615 338
1620 341
1625 363
1630 342
1635 348
1640 347
1645 350
1650 348
1655 348
1660 383
1665 353
1670 352
1675 353
1680 354
1685 355
1690 356
1695 358
1700 358
1705 360
1710 362
1715 380
1720 362
1725 365
1730 365
1735 367
1740 399
1745 413
1750 372
1755 372
1760 373
1765 418
1770 383
1775 376
1780 377
1785 380
1790 382
1795 383
1800 383
1805 383
1810 384
1815 409
1820 388
1825 388
1830 390
1835 390
1840 391
1845 394
1850 433
1855 396
1860 398
1865 437
1870 416
1875 402
1880 402
1885 402
1890 404
1895 407
1900 406
1905 415
1910 409
1915 409
1920 411
1925 414
1930 412
1935 417
1940 416
1945 427
1950 419
1955 419
1960 424
1965 422
1970 429
1975 423
1980 425
1985 426
1990 426
1995 453
2000 431
2005 436
2010 432
2015 444
2020 435
2025 434
2030 437
2035 437
2040 458
2045 439
2050 441
2055 444
2060 443
2065 446
2070 446
2075 448
2080 448
2085 450
2090 502
2095 453
2100 454
2105 455
2110 456
2115 457
2120 459
2125 484
2130 461
2135 463
2140 463
2145 486
2150 467
2155 467
2160 471
2165 470
2170 471
2175 472
2180 510
2185 475
2190 478
2195 490
2200 465
2205 467
2210 469
2215 515
2220 471
2225 473
2230 473
2235 559
2240 476
2245 477
2250 479
2255 482
2260 559
2265 481
2270 483
2275 484
2280 555
2285 487
2290 523
2295 489
2300 567
2305 547
2310 493
2315 532
2320 495
2325 496
2330 498
2335 542
2340 523
2345 625
2350 540
2355 503
2360 504
2365 542
2370 508
2375 507
2380 508
2385 585
2390 527
2395 525
2400 527
2405 529
2410 529
2415 543
2420 534
2425 538
2430 541
2435 536
2440 540
2445 546
2450 540
2455 540
2460 548
2465 542
2470 544
2475 559
2480 611
2485 533
2490 569
2495 642
2500 538
2505 639
2510 540
2515 617
2520 621
2525 545
2530 545
2535 610
2540 584
2545 588
2550 549
2555 550
2560 579
2565 567
2570 594
2575 574
2580 573
2585 573
2590 578
2595 577
2600 577
2605 605
2610 634
2615 587
2620 583
2625 582
2630 641
2635 589
2640 597
2645 587
2650 589
2655 592
2660 592
2665 630
2670 607
2675 623
2680 598
2685 603
2690 599
2695 608
2700 602
2705 602
2710 604
2715 605
2720 619
2725 607
2730 608
2735 613
2740 611
2745 613
2750 641
2755 618
2760 616
2765 618
2770 619
2775 630
2780 623
2785 655
2790 632
2795 630
2800 629
2805 632
2810 632
2815 636
2820 633
2825 633
2830 665
2835 670
2840 637
2845 657
2850 652
2855 639
2860 641
2865 641
2870 643
2875 666
2880 646
2885 648
2890 649
2895 649
2900 650
2905 683
2910 654
2915 655
2920 656
2925 660
2930 659
2935 777
2940 660
2945 662
2950 662
2955 665
2960 665
2965 678
2970 668
2975 672
2980 670
2985 672
2990 709
2995 674
3000 681
3005 679
3010 679
3015 694
3020 687
3025 718
3030 664
3035 706
3040 668
3045 669
3050 695
3055 710
3060 672
3065 674
3070 675
3075 677
3080 797
3085 679
3090 724
3095 683
3100 684
3105 685
3110 686
3115 687
3120 688
3125 767
3130 690
3135 728
3140 720
3145 695
3150 693
3155 769
3160 780
3165 700
3170 756
3175 700
3180 757
3185 760
3190 749
3195 708
3200 797
3205 719
3210 781
3215 728
3220 795
3225 736
3230 739
3235 736
3240 762
3245 743
3250 740
3255 740
3260 772
3265 747
3270 746
3275 797
3280 779
3285 748
3290 749
3295 749
3300 800
3305 756
3310 755
3315 755
3320 755
3325 780
3330 758
3335 762
3340 763
3345 773
3350 823
3355 744
3360 784
3365 827
3370 749
3375 819
3380 758
3385 754
3390 753
3395 755
3400 808
3405 797
3410 809
3415 779
3420 782
3425 806
3430 786
3435 783
3440 786
3445 788
3450 810
3455 789
3460 793
3465 792
3470 858
3475 1710
3480 1042
3485 804
3490 800
3495 803
3500 800
3505 803
3510 807
3515 1001
3520 992
3525 1012
3530 823
3535 808
3540 810
3545 811
3550 813
3555 815
3560 816
3565 830
3570 820
3575 821
3580 822
3585 828
3590 852
3595 826
3600 826
3605 826
3610 832
3615 833
3620 833
3625 833
3630 837
3635 847
3640 814
3645 819
3650 906
3655 818
3660 820
3665 930
3670 822
3675 822
3680 822
3685 823
3690 824
3695 828
3700 807
3705 878
3710 835
3715 832
3720 833
3725 813
3730 813
3735 943
3740 820
3745 819
3750 819
3755 821
3760 821
3765 823
3770 865
3775 916
3780 826
3785 981
3790 834
3795 1026
3800 869
3805 847
3810 855
3815 856
3820 857
3825 860
3830 880
3835 938
3840 862
3845 866
3850 865
3855 904
3860 942
3865 870
3870 869
3875 870
3880 871
3885 873
3890 894
3895 911
3900 878
3905 879
3910 966
3915 893
3920 860
3925 861
3930 860
3935 1001
3940 865
3945 1019
3950 865
3955 868
3960 868
3965 871
3970 950
3975 872
3980 874
3985 874
3990 876
3995 879
4000 970
4005 922
4010 925
4015 942
4020 885
4025 994
4030 885
4035 885
4040 888
4045 889
4050 890
4055 898
4060 893
4065 976
4070 926
4075 898
4080 897
4085 976
4090 987
4095 926
4100 943
4105 989
4110 905
4115 908
4120 1066
4125 910
4130 943
4135 935
4140 978
4145 937
4150 939
4155 941
4160 939
4165 942
4170 943
4175 945
4180 950
4185 923
4190 943
4195 1062
4200 926
4205 929
4210 930
4215 931
4220 971
4225 933
4230 1020
4235 997
4240 967
4245 1017
4250 940
4255 1018
4260 941
4265 942
4270 1038
4275 1324
4280 1177
4285 1103
4290 1228
4295 1150
4300 977
4305 977
4310 1018
4315 977
4320 1018
4325 1144
4330 1045
4335 1131
4340 1050
4345 1023
4350 1014
4355 1032
4360 1020
4365 1023
4370 1021
4375 1027
4380 1054
4385 1041
4390 1068
4395 1040
4400 1035
4405 1035
4410 1029
4415 1034
4420 1034
4425 1070
4430 1034
4435 1038
4440 1038
4445 1038
4450 1043
4455 1044
4460 1054
4465 1042
4470 1018
4475 1024
4480 1020
4485 1060
4490 1027
4495 1068
4500 1027
4505 1139
4510 1027
4515 1030
4520 1105
4525 1154
4530 1032
4535 1035
4540 1127
4545 1046
4550 1038
4555 1040
4560 1041
4565 1045
4570 1044
4575 1046
4580 1046
4585 1084
4590 1133
4595 1052
4600 1050
4605 1091
4610 1056
4615 1054
4620 1055
4625 1249
4630 1058
4635 1059
4640 1105
4645 1072
4650 1036
4655 1042
4660 1047
4665 1041
4670 1128
4675 1105
4680 1045
4685 1061
4690 1132
4695 1094
4700 1049
4705 1050
4710 1127
4715 1054
4720 1184
4725 1055
4730 1056
4735 1133
4740 1058
4745 1059
4750 1061
4755 1060
4760 1116
4765 1068
4770 1073
4775 1068
4780 1069
4785 1147
4790 1071
4795 1215
4800 1157
4805 1107
4810 1075
4815 1254
4820 1078
4825 1111
4830 1152
4835 1162
4840 1113
4845 1112
4850 1158
4855 1118
4860 1117
4865 1117
4870 1310
4875 1206
4880 1093
4885 1239
4890 1095
4895 1096
4900 1234
4905 1236
4910 1181
4915 1131
4920 1178
4925 1132
4930 1139
4935 1136
4940 1141
4945 1139
4950 1140
4955 1141
4960 1141
4965 1190
4970 1148
4975 1148
4980 1151
4985 1148
4990 1151
4995 1277
5000 1122
5005 1123
5010 1275
5015 1196
5020 1157
5025 1176
5030 1129
5035 1166
5040 1162
5045 1163
5050 1164
5055 1188
5060 1172
5065 1167
5070 1170
5075 1171
5080 1234
5085 1174
5090 1175
5095 1225
5100 1178
5105 1178
5110 1179
5115 1190
5120 1151
5125 1230
5130 1153
5135 1201
5140 1239
5145 1158
5150 1166
5155 1160
5160 1312
5165 1163
5170 1292
5175 1165
5180 1241
5185 1227
5190 1168
5195 1169
5200 1216
5205 1205
5210 1210
5215 1248
5220 1210
5225 1295
5230 1210
5235 1211
5240 1197
5245 1181
5250 1188
5255 1283
5260 1185
5265 1265
5270 1269
5275 1189
5280 1191
5285 1192
5290 1195
5295 1332
5300 1195
5305 1197
5310 1281
5315 1285
5320 1200
5325 1200
5330 1203
5335 1209
5340 1339
5345 1209
5350 1319
5355 1687
5360 1598
5365 1701
5370 1409
5375 1248
5380 1282
5385 1248
5390 1336
5395 1284
5400 1288
5405 1287
5410 1294
5415 1331
5420 1294
5425 1302
5430 1296
5435 1261
5440 1305
5445 1264
5450 1267
5455 1268
5460 1269
5465 1265
5470 1322
5475 1596
5480 1501
5485 1310
5490 1311
5495 1316
5500 1315
5505 1329
5510 1322
5515 1322
5520 1319
5525 1321
5530 1330
5535 1332
5540 1290
5545 1339
5550 1291
5555 1294
5560 1296
5565 1338
5570 1434
5575 1287
5580 1268
5585 1345
5590 1623
5595 1271
5600 1394
5605 1311
5610 1314
5615 1308
5620 1310
5625 1313
5630 1346
5635 1315
5640 1315
5645 1321
5650 1406
5655 1319
5660 1361
5665 1362
5670 1382
5675 1324
5680 1389
5685 1448
5690 1331
5695 1329
5700 1374
5705 1337
5710 1338
5715 1333
5720 1321
5725 1474
5730 1303
5735 1305
5740 1382
5745 1313
5750 1307
5755 1310
5760 1310
5765 1310
5770 1313
5775 1334
5780 1386
5785 1315
5790 1320
5795 1319
5800 1363
5805 1473
5810 1324
5815 1402
5820 1325
5825 1326
5830 1326
5835 1329
5840 1336
5845 1331
5850 1488
5855 1456
5860 1409
5865 1338
5870 1337
5875 1341
5880 1463
5885 1341
5890 1604
5895 1344
5900 1346
5905 1347
5910 1352
5915 1348
5920 1350
5925 1433
5930 1431
5935 1353
5940 1354
5945 1406
5950 1407
5955 1502
5960 1361
5965 1586
5970 1398
5975 1398
5980 1406
5985 1437
5990 1402
5995 1403
6000 1507
6005 1368
6010 1524
6015 1374
6020 1373
6025 1467
6030 1378
6035 1485
6040 1464
6045 1419
6050 1419
6055 1418
6060 1420
6065 1422
6070 1416
6075 1472
6080 1392
6085 1389
6090 1391
6095 1434
6100 1490
6105 1394
6110 1580
6115 1399
6120 1475
6125 1402
6130 1402
6135 1458
6140 1405
6145 1481
6150 1407
6155 1496
6160 1487
6165 1413
6170 1502
6175 1487
6180 1413
6185 1475
6190 1458
6195 1419
6200 1485
6205 1422
6210 1421
6215 1421
6220 1511
6225 1464
6230 1446
6235 1561
6240 1841
6245 1686
6250 1888
6255 1433
6260 1475
6265 1458
6270 1515
6275 1515
6280 1517
6285 1529
6290 1521
6295 1522
6300 1511
6305 1482
6310 1613
6315 1530
6320 1493
6325 1488
6330 1497
6335 1452
6340 1455
6345 1493
6350 1536
6355 1610
6360 1457
6365 1590
6370 1464
6375 1650
6380 1463
6385 1624
6390 1526
6395 1500
6400 1507
6405 1510
6410 1510
6415 1511
6420 1556
6425 1525
6430 1478
6435 1478
6440 1482
6445 1579
6450 1482
6455 1617
6460 1485
6465 1485
6470 1485
6475 1488
6480 1488
6485 1488
6490 1587
6495 1586
6500 1492
6505 1570
6510 1500
6515 1698
6520 1662
6525 1587
6530 1582
6535 1583
6540 1543
6545 1636
6550 1626
6555 1614
6560 1548
6565 1550
6570 1551
6575 1562
6580 1679
6585 1582
6590 1596
6595 1518
6600 1521
6605 1658
6610 1526
6615 1521
6620 1584
6625 1526
6630 1544
6635 1560
6640 1642
6645 1706
6650 1570
6655 1621
6660 1575
6665 1626
6670 1575
6675 1632
6680 1622
6685 1629
6690 1582
6695 1541
6700 1548
6705 1561
6710 1721
6715 1556
6720 1634
6725 1553
6730 1556
6735 1553
6740 1558
6745 1596
6750 1670
6755 1653
6760 1561
6765 1561
6770 1564
6775 1768
6780 1567
6785 1644
6790 1568
6795 1656
6800 1623
6805 1710
6810 1613
6815 1651
6820 1661
6825 1631
6830 1578
6835 1789
6840 1617
6845 1581
6850 1662
6855 1721
6860 1627
6865 1636
6870 1629
6875 1627
6880 1683
6885 1640
6890 1629
6895 1596
6900 1705
6905 1597
6910 1708
6915 1599
6920 1599
6925 1602
6930 1689
6935 1685
6940 1672
6945 1670
6950 1607
6955 1609
6960 1671
6965 1702
6970 1772
6975 1733
6980 1697
6985 1660
6990 1669
6995 1708
7000 1708
7005 1966
7010 2108
7015 1977
7020 1759
7025 1669
7030 1707
7035 1671
7040 1673
7045 1729
7050 1682
7055 1678
7060 1678
7065 1717
7070 1681
7075 1684
7080 1689
7085 1823
7090 1644
7095 1723
7100 1645
7105 1649
7110 1649
7115 1647
7120 1728
7125 1768
7130 1655
7135 1655
7140 1666
7145 1744
7150 1659
7155 1739
7160 1660
7165 1668
7170 1743
7175 1665
7180 1725
7185 1826
7190 1880
7195 1805
7200 1789
7205 1965
7210 1759
7215 1833
7220 1774
7225 1833
7230 1775
7235 1775
7240 1779
7245 1808
7250 1779
7255 1854
7260 1799
7265 1732
7270 1823
7275 1743
7280 1742
7285 1691
7290 1692
7295 1783
7300 1843
7305 1744
7310 1748
7315 1790
7320 1804
7325 1774
7330 1794
7335 1750
7340 1755
7345 1754
7350 1759
7355 1802
7360 1801
7365 1760
7370 1809
7375 1763
7380 1831
7385 1763
7390 1858
7395 1766
7400 1900
7405 1777
7410 1789
7415 1801
7420 1726
7425 1729
7430 1727
7435 1829
7440 1841
7445 1825
7450 1863
7455 1786
7460 1840
7465 1827
7470 1789
7475 1834
7480 1791
7485 1889
7490 1743
7495 1878
7500 1826
7505 1875
7510 1794
7515 1795
7520 1800
7525 1911
7530 1904
7535 1755
7540 1909
7545 1800
7550 1891
7555 1806
7560 1861
7565 1809
7570 1865
7575 1813
7580 1791
7585 1769
7590 1921
7595 1769
7600 1772
7605 1901
7610 1774
7615 1851
7620 1775
7625 1775
7630 1778
7635 1787
7640 1780
7645 1866
7650 1825
7655 1784
7660 1874
7665 1918
7670 1790
7675 1869
7680 1797
7685 2015
7690 2282
7695 2395
7700 2108
7705 1886
7710 1860
7715 2033
7720 1888
7725 1905
7730 1863
7735 1856
7740 1946
7745 1854
7750 1939
7755 1903
7760 1860
7765 1862
7770 1984
7775 2039
7780 1985
7785 2356
7790 2009
7795 2319
7800 1874
7805 1972
7810 1922
7815 1926
7820 1949
7825 1934
7830 1950
7835 1924
7840 1899
7845 1971
7850 1882
7855 1883
7860 1929
7865 1886
7870 1887
7875 1974
7880 1889
7885 1930
7890 1892
7895 1933
7900 1905
7905 1901
7910 1918
7915 1934
7920 1851
7925 1853
7930 1983
7935 1856
7940 1933
7945 1856
7950 1857
7955 1905
7960 1862
7965 1936
7970 1944
7975 1872
7980 1868
7985 2133
7990 1926
7995 1962
8000 1960
8005 1921
8010 1913
8015 1951
8020 1955
8025 1963
8030 1879
8035 2026
8040 2030
8045 2019
8050 1934
8055 1941
8060 1922
8065 2084
8070 1889
8075 2018
8080 1891
8085 1893
8090 2228
8095 1971
8100 1982
8105 1945
8110 2044
8115 1952
8120 1953
8125 2001
8130 1994
8135 1925
8140 1991
8145 2023
8150 1987
8155 1999
8160 1964
8165 1966
8170 1965
8175 1969
8180 2026
8185 1918
8190 1922
8195 2033
8200 1930
8205 2011
8210 1924
8215 1925
8220 2039
8225 1930
8230 2007
8235 1937
8240 1934
8245 2017
8250 2064
8255 2102
8260 1999
8265 1939
8270 1938
8275 2133
8280 2201
8285 1996
8290 2000
8295 2046
8300 2091
8305 1981
8310 2615
8315 2637
8320 2070
8325 2068
8330 2091
8335 2054
8340 2113
8345 2162
8350 2010
8355 2053
8360 2224
8365 2184
8370 2016
8375 2020
8380 2305
8385 2083
8390 2084
8395 2090
8400 2085
8405 2082
8410 2085
8415 2093
8420 2027
8425 2034
8430 2078
8435 2040
8440 2087
8445 2157
8450 2042
8455 2119
8460 2040
8465 2023
8470 2033
8475 1992
8480 2154
8485 1996
8490 1995
8495 2178
8500 1999
8505 2078
8510 2157
8515 2205
8520 2090
8525 2008
8530 2166
8535 2054
8540 2062
8545 2133
8550 2103
8555 2104
8560 2065
8565 2067
8570 2075
8575 2148
8580 2116
8585 2018
8590 2020
8595 2161
8600 2026
8605 2120
8610 2026
8615 2028
8620 2108
8625 2090
8630 2098
8635 2034
8640 2034
8645 2165
8650 2035
8655 2117
8660 2038
8665 2038
8670 2173
8675 2080
8680 2187
8685 2198
8690 2123
8695 2224
8700 2116
8705 2173
8710 2153
8715 2107
8720 2108
8725 2175
8730 2057
8735 2067
8740 2070
8745 2210
8750 2238
8755 2072
8760 2072
8765 2179
8770 2065
8775 2130
8780 2071
8785 2116
8790 2079
8795 2202
8800 2120
8805 2157
8810 2079
8815 2084
8820 2150
8825 2125
8830 2162
8835 2085
8840 2279
8845 2087
8850 2174
8855 2133
8860 2394
8865 2100
8870 2095
8875 2262
8880 2139
8885 2208
8890 2241
8895 2460
8900 2788
8905 2381
8910 2196
8915 2164
8920 2271
8925 2222
8930 2224
8935 2265
8940 2231
8945 2200
8950 2168
8955 2213
8960 2174
8965 2250
8970 2248
8975 2120
8980 2418
8985 2165
8990 2285
8995 2229
9000 2184
9005 2231
9010 2290
9015 2130
9020 2131
9025 2313
9030 2170
9035 2251
9040 2134
9045 2177
9050 2140
9055 2142
9060 2219
9065 2144
9070 2336
9075 2275
9080 2203
9085 2226
9090 2208
9095 2211
9100 2181
9105 2229
9110 2154
9115 2230
9120 2300
9125 2157
9130 2203
9135 2318
9140 2261
9145 2229
9150 2221
9155 2378
9160 2227
9165 2279
9170 2380
9175 2357
9180 2171
9185 2321
9190 2235
9195 2238
9200 2287
9205 2283
9210 2181
9215 2316
9220 2304
9225 2186
9230 2185
9235 2289
9240 2301
9245 2274
9250 2193
9255 2269
9260 2327
9265 2215
9270 2229
9275 2198
9280 2350
9285 2199
9290 2361
9295 2245
9300 2304
9305 2337
9310 2213
9315 2366
9320 2212
9325 2217
9330 2255
9335 2301
9340 2215
9345 2220
9350 2386
9355 2217
9360 2342
9365 2229
9370 2300
9375 2232
9380 2735
9385 2423
9390 2350
9395 2367
9400 2355
9405 2371
9410 2354
9415 2360
9420 2427
9425 2338
9430 2723
9435 3000
9440 2418
9445 2381
9450 2363
9455 2365
9460 2333
9465 2425
9470 2306
9475 2309
9480 2418
9485 2253
9490 2337
9495 2254
9500 2256
9505 2339
9510 2343
9515 2263
9520 2261
9525 2361
9530 2264
9535 2427
9540 2273
9545 2268
9550 2317
9555 2331
9560 2270
9565 2313
9570 2350
9575 2277
9580 2345
9585 2278
9590 2358
9595 2278
9600 2358
9605 2476
9610 2293
9615 2412
9620 2366
9625 2372
9630 2412
9635 2290
9640 2298
9645 2370
9650 2371
9655 2298
9660 2487
9665 2299
9670 2410
9675 2299
9680 2364
9685 2305
9690 2390
9695 2306
9700 2309
9705 2412
9710 2331
9715 2418
9720 2390
9725 2320
9730 2314
9735 2467
9740 2317
9745 2367
9750 2552
9755 2507
9760 2418
9765 2332
9770 2370
9775 2376
9780 2398
9785 2405
9790 2591
9795 2331
9800 2587
9805 2337
9810 2497
9815 2398
9820 2524
9825 2415
9830 2398
9835 2505
9840 2496
9845 2394
9850 2390
9855 2577
9860 2856
9865 2456
9870 2417
9875 2515
9880 2418
9885 2505
9890 2419
9895 2431
9900 2504
9905 2468
9910 2437
9915 2370
9920 2462
9925 2487
9930 2376
9935 2411
9940 2487
9945 3056
9950 2931
9955 2516
9960 2522
9965 2574
9970 2508
9975 2522
9980 2513
9985 2546
9990 2450
9995 2448
10000 2546
