5 0
10 0.28
15 1.02
20 1.16
25 2.02
30 2.16
35 3.56
40 3.3
45 4.1
50 4.56
55 5.46
60 6
65 6.9
70 7.26
75 7.98
80 9.04
85 10.22
90 10.1
95 11.1
100 11.46
105 12.22
110 13.22
115 14.06
120 14.52
125 15.22
130 16.26
135 17.12
140 17.64
145 18.92
150 19.92
155 20.28
160 21.22
165 21.34
170 22.74
175 22.92
180 23.84
185 25.76
190 26.54
195 26.76
200 27.08
205 28.46
210 28.6
215 29.56
220 31.1
225 32.12
230 32.8
235 33.36
240 34.06
245 35.58
250 36.9
255 38.4
260 39.44
265 39.92
270 40.5
275 41.12
280 41.88
285 42.96
290 43.66
295 44.92
300 45.52
305 46.98
310 48
315 50.04
320 50.62
325 51.64
330 54.5
335 52.36
340 56.2
345 56.52
350 55.8
355 56.04
360 57.08
365 57.74
370 60.1
375 60.62
380 60.26
385 62.46
390 64.92
395 66.12
400 66.44
405 66.86
410 69.46
415 68.34
420 70.92
425 71.2
430 73.38
435 73.36
440 73.48
445 74.04
450 75.94
455 82.7
460 78.12
465 79.42
470 81.46
475 82.54
480 81.74
485 83.98
490 85.72
495 85.52
500 87.28
505 88.2
510 89.14
515 94
520 96.7
525 92.74
530 92.32
535 95.34
540 97.04
545 98.8
550 101.44
555 99.12
560 99.56
565 110.62
570 103.38
575 105.66
580 106.28
585 109.8
590 109.02
595 104.92
600 109.06
605 107.42
610 109.22
615 111.12
620 112.84
625 112.72
630 112.36
635 115.6
640 116.66
645 116.42
650 120.56
655 122.64
660 123.88
665 124.82
670 122.9
675 126.86
680 123.94
685 129.58
690 128.22
695 127.18
700 131.16
705 131.32
710 131.94
715 135.4
720 133.86
725 137.2
730 137.42
735 143.3
740 147.82
745 145.76
750 141.34
755 141
760 148.36
765 149.58
770 160.36
775 170.92
780 160.92
785 149.66
790 157.52
795 153.04
800 160.3
805 159.08
810 156.1
815 156.64
820 159.72
825 159.78
830 163.88
835 164.04
840 163.94
845 165.98
850 167.82
855 170.06
860 173.04
865 165.68
870 168.68
875 170.4
880 176.2
885 171.54
890 178.68
895 178.6
900 178.08
905 178.22
910 178.14
915 178.14
920 187.84
925 186.74
930 183.3
935 183.6
940 184.68
945 192.26
950 192.68
955 195.56
960 190.56
965 197.7
970 197.6
975 201.42
980 197.34
985 195.22
990 204.94
995 196.54
1000 200.1
1005 202.78
1010 205.74
1015 209.66
1020 205.08
1025 202.78
1030 206.34
1035 209.72
1040 209.08
1045 212.24
1050 212.6
1055 212.5
1060 215.96
1065 221.26
1070 223.58
1075 219.22
1080 221.26
1085 220.78
1090 227.72
1095 232.14
1100 232.58
1105 233.28
1110 235.04
1115 229.5
1120 232.82
1125 234.82
1130 233.3
1135 236.28
1140 230.1
1145 242.38
1150 239.94
1155 237.12
1160 239.48
1165 243.56
1170 243.44
1175 244.68
1180 251.66
1185 241.42
1190 244.28
1195 244.16
1200 255.34
1205 254.28
1210 254.5
1215 244.96
1220 248.94
1225 250.28
1230 256.34
1235 256.06
1240 254.42
1245 259.56
1250 262.46
1255 264.96
1260 264.54
1265 259.66
1270 266.5
1275 268.08
1280 266.42
1285 267.56
1290 267.3
1295 266.42
1300 267.98
1305 271.9
1310 279.6
1315 275.18
1320 273.2
1325 282.06
1330 280.32
1335 287.38
1340 290.12
1345 289.62
1350 281.74
1355 286.84
1360 289.78
1365 287.38
1370 289.36
1375 296.68
1380 294.14
1385 289.24
1390 302.98
1395 298.28
1400 301.48
1405 300.04
1410 302.32
1415 297.74
1420 297.04
1425 296.04
1430 296.22
1435 297.2
1440 311.74
1445 301.74
1450 304.86
1455 307.3
1460 315.36
1465 311.66
1470 311.48
1475 314.36
1480 314.64
1485 313.02
1490 320.3
1495 325.26
1500 323.1
1505 323.42
1510 320.44
1515 318.84
1520 324.02
1525 327
1530 324.96
1535 332.1
1540 332.34
1545 331.92
1550 333.82
1555 333.48
1560 334.34
1565 335.3
1570 337.96
1575 343.8
1580 348.66
1585 348.28
1590 348.46
1595 356.42
1600 343.1
1605 344.18
1610 349.24
1615 354.52
1620 347.58
1625 347.7
1630 349.1
1635 360.86
1640 356.2
1645 365
1650 358.88
1655 359.18
1660 368.52
1665 369.36
1670 358.88
1675 364.64
1680 367.28
1685 371.48
1690 374.08
1695 370.6
1700 374.96
1705 368.2
1710 369.9
1715 371.04
1720 366.42
1725 369.86
1730 371.94
1735 373.1
1740 370.54
1745 378.2
1750 381.12
1755 381.34
1760 388.62
1765 387.44
1770 384.52
1775 390.26
1780 402.56
1785 395.96
1790 392.48
1795 390.24
1800 391.86
1805 391.48
1810 395.46
1815 396.4
1820 395.02
1825 399.36
1830 400.46
1835 409.54
1840 398.1
1845 405.9
1850 410.46
1855 427.14
1860 408.68
1865 408.9
1870 407.12
1875 418.26
1880 418.16
1885 416.02
1890 416.96
1895 422.46
1900 418.62
1905 428.08
1910 426.3
1915 428.06
1920 419.08
1925 421.52
1930 428.3
1935 435.88
1940 435.68
1945 428.74
1950 435.44
1955 437.22
1960 433.76
1965 441.26
1970 444.04
1975 438.3
1980 442.36
1985 444.5
1990 446.28
1995 441.66
2000 453.68
2005 457.94
2010 452.38
2015 444.88
2020 441.94
2025 447.4
2030 450.38
2035 449.94
2040 451.3
2045 449.1
2050 450.62
2055 455.7
2060 458.32
2065 462.26
2070 460.64
2075 461.64
2080 463.3
2085 466.98
2090 465.28
2095 463.4
2100 464.58
2105 465.86
2110 464.24
2115 466.46
2120 469.08
2125 476.38
2130 477.28
2135 482.72
2140 481.4
2145 478.06
2150 482.38
2155 479.22
2160 486.44
2165 484.44
2170 480.98
2175 479.58
2180 485.88
2185 485.16
2190 491.5
2195 486.5
2200 488.48
2205 492.7
2210 490.24
2215 492.56
2220 496.38
2225 498.58
2230 505.18
2235 508.98
2240 510.02
2245 503.44
2250 503.26
2255 501.6
2260 516.94
2265 507.26
2270 513.74
2275 512.38
2280 515.54
2285 511.38
2290 520.84
2295 526.88
2300 535.02
2305 522.34
2310 533.62
2315 527.7
2320 527.04
2325 527.3
2330 525.32
2335 541.86
2340 537.22
2345 530.52
2350 539.44
2355 530.52
2360 531.9
2365 538.18
2370 541.94
2375 533.7
2380 531.3
2385 543.58
2390 552.62
2395 548.18
2400 535.02
2405 547.56
2410 545.1
2415 540.04
2420 542.56
2425 541.52
2430 550.54
2435 558.76
2440 545.24
2445 546.8
2450 548.28
2455 550.9
2460 555.82
2465 552.6
2470 556.44
2475 557.62
2480 559.14
2485 560.66
2490 553.24
2495 565.18
2500 559.72
2505 566.76
2510 561.04
2515 567.82
2520 583.8
2525 580.7
2530 577.2
2535 566.96
2540 573.5
2545 572.82
2550 569.56
2555 576.48
2560 578.88
2565 588.94
2570 594.46
2575 588.02
2580 593.44
2585 599.06
2590 591.3
2595 594.82
2600 591.66
2605 591.9
2610 598.94
2615 598.46
2620 618.26
2625 590.52
2630 598.28
2635 611.92
2640 620.76
2645 611.7
2650 608.46
2655 616.98
2660 619.46
2665 604.44
2670 605.92
2675 607.72
2680 613.52
2685 620.36
2690 612.72
2695 627.54
2700 613.56
2705 629.66
2710 621.3
2715 625.78
2720 620.3
2725 622.38
2730 629.66
2735 630.96
2740 626.9
2745 627.56
2750 625.14
2755 626.72
2760 628.18
2765 629.84
2770 629.22
2775 625.86
2780 629.3
2785 648.8
2790 640.6
2795 636.24
2800 631.72
2805 632.74
2810 633.68
2815 636.8
2820 644.56
2825 663.08
2830 655.76
2835 637.94
2840 650.18
2845 653.06
2850 646.96
2855 656.54
2860 651.18
2865 650.7
2870 671.56
2875 677
2880 677.72
2885 664.4
2890 664.78
2895 665.86
2900 657.84
2905 668.52
2910 671.64
2915 667.52
2920 670.8
2925 670.62
2930 675.96
2935 668.88
2940 672.82
2945 672.52
2950 675.02
2955 683.2
2960 677
2965 676.52
2970 685.08
2975 693.54
2980 690.3
2985 693.06
2990 684.52
2995 687.76
3000 685.72
3005 695.84
3010 681.18
3015 685.54
3020 688.42
3025 711.54
3030 704.56
3035 703.44
3040 701.36
3045 697.3
3050 701.38
3055 706.2
3060 702.96
3065 703.58
3070 710.1
3075 707.82
3080 723.1
3085 709.96
3090 709.2
3095 722.9
3100 718.62
3105 707.9
3110 727.28
3115 713.32
3120 720.66
3125 733.8
3130 717.8
3135 730.18
3140 724.9
3145 731.48
3150 730.7
3155 733.28
3160 736.74
3165 740.18
3170 736.44
3175 748.6
3180 743.28
3185 738.28
3190 740.74
3195 738.5
3200 739.14
3205 737.18
3210 744.24
3215 732.36
3220 735.9
3225 742.88
3230 746.2
3235 741.28
3240 746.26
3245 741.3
3250 752.78
3255 743.42
3260 747.82
3265 751.6
3270 757.82
3275 762.8
3280 751.98
3285 754.84
3290 753.62
3295 762.54
3300 756.3
3305 756.56
3310 759.24
3315 766.32
3320 772.82
3325 777.56
3330 768.74
3335 770.1
3340 783.94
3345 775.74
3350 775.16
3355 778.56
3360 774.1
3365 778.86
3370 788.32
3375 782.98
3380 780.52
3385 782.54
3390 792.56
3395 783.38
3400 781.98
3405 789.9
3410 784.34
3415 790.08
3420 792.8
3425 784.5
3430 793.52
3435 790.52
3440 791.62
3445 791.94
3450 803.9
3455 799.6
3460 801.12
3465 796.1
3470 812.74
3475 840.82
3480 828.12
3485 814.68
3490 820.5
3495 825.78
3500 821.18
3505 820.96
3510 814.62
3515 832.84
3520 823.7
3525 839.64
3530 823.66
3535 839.02
3540 842.1
3545 840.32
3550 824.62
3555 818.28
3560 827.74
3565 858.14
3570 831.78
3575 828.56
3580 845.94
3585 853.94
3590 838.86
3595 846.46
3600 850.02
3605 843.2
3610 841.16
3615 846.28
3620 842.68
3625 850.98
3630 850.02
3635 842.26
3640 849.44
3645 867.54
3650 863.58
3655 860.62
3660 862.8
3665 866.3
3670 853.28
3675 849.3
3680 860.92
3685 859.54
3690 865.76
3695 850.72
3700 862.4
3705 868.22
3710 910.86
3715 866.86
3720 870.58
3725 868.42
3730 871.36
3735 864.42
3740 867.76
3745 873.52
3750 889.26
3755 889.16
3760 879.58
3765 883.56
3770 898.26
3775 884.78
3780 879.36
3785 881.12
3790 891.62
3795 897.18
3800 889.6
3805 883
3810 899.26
3815 893.38
3820 894.04
3825 900.52
3830 908.3
3835 909.74
3840 909.76
3845 910.5
3850 912.48
3855 911.92
3860 921.44
3865 919.1
3870 929.22
3875 915.8
3880 929.2
3885 909.2
3890 913.76
3895 919.72
3900 904.62
3905 921.22
3910 921.96
3915 913.2
3920 911.18
3925 920.64
3930 925.68
3935 930.4
3940 933.04
3945 930.22
3950 933.08
3955 969.98
3960 948.38
3965 946.44
3970 942.62
3975 944.48
3980 943.72
3985 950.8
3990 955.26
3995 954.1
4000 948.4
4005 1122.64
4010 945.34
4015 962.28
4020 959.94
4025 962.92
4030 951.72
4035 961.14
4040 974.44
4045 974.2
4050 963.16
4055 964.12
4060 978.46
4065 950.38
4070 958.28
4075 976.06
4080 978.08
4085 971.08
4090 972.66
4095 975.8
4100 991.88
4105 967.96
4110 979.7
4115 974.7
4120 972.08
4125 976.14
4130 978.44
4135 973.32
4140 994.78
4145 980.48
4150 982.6
4155 976.94
4160 987.38
4165 973.3
4170 998.74
4175 995.94
4180 986.46
4185 994.12
4190 994.9
4195 1000.42
4200 996.54
4205 1014.82
4210 1000.5
4215 1019.56
4220 1018.16
4225 1000.44
4230 1007.42
4235 1029.3
4240 1019.68
4245 1015.16
4250 1036.14
4255 1004
4260 1011.3
4265 1008.1
4270 1022.12
4275 1012.18
4280 1029.08
4285 1034.24
4290 1043.08
4295 1033.98
4300 1038.46
4305 1015.52
4310 1027.72
4315 1028.14
4320 1035.18
4325 1037.14
4330 1054.04
4335 1040.44
4340 1033.18
4345 1038.04
4350 1038.62
4355 1032.02
4360 1035.04
4365 1032.42
4370 1038.48
4375 1046.26
4380 1030.18
4385 1037.62
4390 1059.48
4395 1049.16
4400 1027.04
4405 1058.32
4410 1048.42
4415 1056.88
4420 1060.94
4425 1065.52
4430 1059.44
4435 1048.9
4440 1055.88
4445 1069.06
4450 1066.56
4455 1056.26
4460 1061.16
4465 1056.18
4470 1065.1
4475 1065.22
4480 1079.3
4485 1077.24
4490 1088.42
4495 1088.02
4500 1084.7
4505 1087.1
4510 1092.7
4515 1103.62
4520 1110.16
4525 1102.32
4530 1092.8
4535 1083.2
4540 1096.18
4545 1099.24
4550 1090.1
4555 1090.56
4560 1096.18
4565 1095.34
4570 1089.3
4575 1110.2
4580 1100.7
4585 1102.28
4590 1096.24
4595 1108.46
4600 1090.54
4605 1097.06
4610 1081.4
4615 1099.78
4620 1112.56
4625 1101.84
4630 1125.26
4635 1118.38
4640 1131.42
4645 1135.36
4650 1142.44
4655 1120.16
4660 1134.1
4665 1114.6
4670 1128.78
4675 1126.62
4680 1116.38
4685 1118.92
4690 1134.88
4695 1131.36
4700 1121.16
4705 1122.12
4710 1135.66
4715 1119.72
4720 1136.18
4725 1131.06
4730 1120.98
4735 1129.96
4740 1152.72
4745 1125.68
4750 1130.9
4755 1130.62
4760 1151.56
4765 1159.56
4770 1167.78
4775 1146.56
4780 1181.08
4785 1164.98
4790 1161.82
4795 1155.36
4800 1167.98
4805 1152.44
4810 1157.12
4815 1173.68
4820 1154.16
4825 1166.88
4830 1176.86
4835 1166.94
4840 1160.12
4845 1161.96
4850 1159.32
4855 1175.74
4860 1172.92
4865 1171.44
4870 1196.68
4875 1166.54
4880 1169.54
4885 1162.94
4890 1188.08
4895 1166.92
4900 1186.58
4905 1196.68
4910 1182.56
4915 1171.82
4920 1192.26
4925 1181.04
4930 1184.74
4935 1188.06
4940 1179.44
4945 1183.84
4950 1199.28
4955 1203.2
4960 1211.74
4965 1204.52
4970 1198.56
4975 1212.9
4980 1205.2
4985 1184.62
4990 1212.5
4995 1201.26
5000 1208.76
5005 1209.8
5010 1204.74
5015 1204.94
5020 1214.32
5025 1213.88
5030 1196.98
5035 1220.8
5040 1207.12
5045 1224.4
5050 1218.56
5055 1226.9
5060 1226.08
5065 1231.36
5070 1226.54
5075 1242
5080 1255.88
5085 1253.38
5090 1237.96
5095 1253.26
5100 1242.44
5105 1235.84
5110 1226.72
5115 1237.36
5120 1230.98
5125 1239.14
5130 1238.92
5135 1237.08
5140 1236.36
5145 1237.92
5150 1235.36
5155 1243.16
5160 1241.42
5165 1253.3
5170 1264.68
5175 1263.54
5180 1259.98
5185 1255.46
5190 1258.76
5195 1249.84
5200 1250
5205 1255.92
5210 1263.14
5215 1253.52
5220 1260.7
5225 1244.34
5230 1261.04
5235 1268.22
5240 1250.84
5245 1288.74
5250 1248.02
5255 1260.36
5260 1264.84
5265 1277.96
5270 1260.74
5275 1254.16
5280 1279.38
5285 1280.94
5290 1287.94
5295 1285.98
5300 1280.42
5305 1279.62
5310 1270.94
5315 1262.76
5320 1270.2
5325 1290.72
5330 1302.74
5335 1306.96
5340 1308.28
5345 1320.48
5350 1292.68
5355 1291.4
5360 1295
5365 1311.62
5370 1313.72
5375 1296.72
5380 1300.46
5385 1301.96
5390 1308.66
5395 1293.74
5400 1308.68
5405 1329.86
5410 1305.54
5415 1312.4
5420 1320.88
5425 1317.04
5430 1318.66
5435 1309.96
5440 1306.32
5445 1310.74
5450 1303.72
5455 1314.56
5460 1309.18
5465 1317.24
5470 1311.98
5475 1328.36
5480 1323.28
5485 1348.4
5490 1320.96
5495 1330.66
5500 1328.2
5505 1333.08
5510 1321.46
5515 1319.52
5520 1343.36
5525 1341.72
5530 1345
5535 1331.02
5540 1357.58
5545 1360.5
5550 1357.42
5555 1345.1
5560 1345.26
5565 1343.18
5570 1346.22
5575 1349.78
5580 1353.8
5585 1355.52
5590 1358.08
5595 1361.84
5600 1350.72
5605 1353.96
5610 1360.2
5615 1354.56
5620 1373.7
5625 1367.06
5630 1363.2
5635 1365.08
5640 1384.54
5645 1378.02
5650 1363.7
5655 1364.3
5660 1378.46
5665 1385.22
5670 1368.08
5675 1368.34
5680 1399.14
5685 1387.1
5690 1387.4
5695 1396.6
5700 1395.26
5705 1387.08
5710 1374.82
5715 1378.7
5720 1377.24
5725 1381.88
5730 1385.82
5735 1373.16
5740 1384.26
5745 1402.72
5750 1386.9
5755 1376.66
5760 1394.3
5765 1410.8
5770 1416.64
5775 1398.96
5780 1414.86
5785 1408.3
5790 1396.12
5795 1399.34
5800 1400.36
5805 1413.82
5810 1415.54
5815 1408.5
5820 1400.92
5825 1407.5
5830 1411.5
5835 1420.64
5840 1448.38
5845 1435.66
5850 1445.7
5855 1417.5
5860 1431.76
5865 1431.92
5870 1430.9
5875 1429.54
5880 1435.4
5885 1448.04
5890 1436.28
5895 1437.18
5900 1436.56
5905 1456.96
5910 1432.3
5915 1445.44
5920 1458.24
5925 1465.24
5930 1442.28
5935 1458.54
5940 1436.02
5945 1448.22
5950 1466.02
5955 1448.58
5960 1448.16
5965 1452.84
5970 1457.22
5975 1448.2
5980 1453.28
5985 1476.7
5990 1465.48
5995 1468.16
6000 1458.52
6005 1450.36
6010 1487.78
6015 1470.9
6020 1480.64
6025 1471.64
6030 1488.46
6035 1459.14
6040 1481.8
6045 1477.06
6050 1500.86
6055 1480.9
6060 1497.68
6065 1508.7
6070 1487.8
6075 1486.72
6080 1480.1
6085 1488.58
6090 1498.28
6095 1491.08
6100 1512.04
6105 1494.1
6110 1516.18
6115 1489.08
6120 1489.8
6125 1484.24
6130 1493.46
6135 1524.68
6140 1499.04
6145 1497.02
6150 1518.84
6155 1510.68
6160 1529.2
6165 1511
6170 1490.64
6175 1516.34
6180 1528.32
6185 1536.82
6190 1512.1
6195 1526.84
6200 1523.46
6205 1524.32
6210 1540.36
6215 1572.18
6220 1551.58
6225 1545.4
6230 1526.64
6235 1539.36
6240 1555.14
6245 1540.8
6250 1556.2
6255 1519.52
6260 1526.34
6265 1518.84
6270 1538.18
6275 1534.02
6280 1529.4
6285 1541.88
6290 1542.7
6295 1558.22
6300 1555.02
6305 1565.34
6310 1566.06
6315 1545.78
6320 1568.46
6325 1564.2
6330 1564.56
6335 1598.96
6340 1576.84
6345 1585
6350 1564.96
6355 1540.96
6360 1568.78
6365 1564.54
6370 1568.58
6375 1564.66
6380 1568.98
6385 1577.36
6390 1610.46
6395 1588.18
6400 1577.1
6405 1601.42
6410 1590.3
6415 1650.7
6420 1602.32
6425 1611.68
6430 1582.8
6435 1575.22
6440 1573.62
6445 1583.76
6450 1595.2
6455 1584.24
6460 1574.14
6465 1590.02
6470 1588.82
6475 1584.5
6480 1618.2
6485 1622.88
6490 1632.62
6495 1614.92
6500 1599.5
6505 1612.34
6510 1604.04
6515 1641.96
6520 1611.22
6525 1621.68
6530 1606.2
6535 1603.18
6540 1598.6
6545 1621.18
6550 1612.74
6555 1600.06
6560 1611.04
6565 1619.1
6570 1635.82
6575 1612.5
6580 1633.86
6585 1624.96
6590 1646.1
6595 1623.1
6600 1620.52
6605 1640.08
6610 1639.94
6615 1636.34
6620 1636.22
6625 1634.12
6630 1628.18
6635 1640.92
6640 1647.48
6645 1622.6
6650 1624.98
6655 1630.4
6660 1645.94
6665 1649.32
6670 1647.82
6675 1652
6680 1686.44
6685 1663.52
6690 1674.88
6695 1644.56
6700 1662.26
6705 1671.34
6710 1669.52
6715 1651.32
6720 1666.1
6725 1663.84
6730 1657.74
6735 1655.66
6740 1680.1
6745 1656.36
6750 1677.2
6755 1672.14
6760 1662.2
6765 1679.08
6770 1655.1
6775 1677.16
6780 1666.64
6785 1658.56
6790 1667.06
6795 1695.56
6800 1671.9
6805 1670.88
6810 1707.72
6815 1700.34
6820 1719.22
6825 1694.86
6830 1695.32
6835 1675.12
6840 1689.84
6845 1685.52
6850 1681.46
6855 1690.34
6860 1686.52
6865 1702.98
6870 1721.7
6875 1694.1
6880 1687.1
6885 1724.86
6890 1738.82
6895 1709.28
6900 1712.46
6905 1696.84
6910 1710.04
6915 1693.92
6920 1719.54
6925 1694.52
6930 1716.64
6935 1707.28
6940 1725.06
6945 1698.3
6950 1708.8
6955 1741.94
6960 1727.54
6965 1716.76
6970 1711.94
6975 1721.2
6980 1743.08
6985 1739.5
6990 1727.48
6995 1738.58
7000 1748.32
7005 1759.56
7010 1744.2
7015 1744.54
7020 1741.04
7025 1741.42
7030 1731.1
7035 1741.68
7040 1749.22
7045 1783.36
7050 1758.06
7055 1749.66
7060 1759.56
7065 1747.16
7070 1739.4
7075 1736.36
7080 1744.26
7085 1748.76
7090 1735.8
7095 1738.78
7100 1764.98
7105 1743.4
7110 1739.28
7115 1769.66
7120 1762.66
7125 1747.9
7130 1776
7135 1755.2
7140 1767.8
7145 1777.6
7150 1757.06
7155 1806.5
7160 1776.62
7165 1773.56
7170 1767.2
7175 1777.4
7180 1770.96
7185 1784.16
7190 1791.78
7195 1760.1
7200 1787.16
7205 1768.82
7210 1769.42
7215 1793.18
7220 1806.1
7225 1789.38
7230 1801.92
7235 1802.38
7240 1790.38
7245 1787.38
7250 1815.72
7255 1805.92
7260 1819.48
7265 1788.04
7270 1800.16
7275 1816.86
7280 1816.32
7285 1789.26
7290 1808.06
7295 1814.68
7300 1834.28
7305 1845.66
7310 1822.04
7315 1831.52
7320 1824.18
7325 1844.44
7330 1839.9
7335 1834.6
7340 1850.94
7345 1826.9
7350 1848.94
7355 1821.62
7360 1831.38
7365 1844.3
7370 1820.24
7375 1855.86
7380 1834.86
7385 1836.9
7390 1847.26
7395 1840.88
7400 1833.24
7405 1825.4
7410 1851.36
7415 1840.02
7420 1874.14
7425 1862.12
7430 1845.44
7435 1857.9
7440 1840.76
7445 1852.2
7450 1841.92
7455 1840.1
7460 1840.1
7465 1870.02
7470 1872.1
7475 1864.62
7480 1853.68
7485 1870.08
7490 1851.92
7495 1850.04
7500 1842.26
7505 1861.02
7510 1875.22
7515 1892.74
7520 1882.62
7525 1896.12
7530 1894.58
7535 1896.82
7540 1876.78
7545 1877.8
7550 1893.04
7555 1872.9
7560 1884.22
7565 1884.6
7570 1889.86
7575 1882.22
7580 1885.98
7585 1881.06
7590 1901.08
7595 1879.64
7600 1887
7605 1895.24
7610 1915.9
7615 1902.52
7620 1914.54
7625 1879.1
7630 1903.32
7635 1883
7640 1903.62
7645 1873.5
7650 1882.44
7655 1920.52
7660 1886.72
7665 1900.94
7670 1880.02
7675 1907.46
7680 1890.3
7685 1916.24
7690 1934.2
7695 1908
7700 1905.28
7705 1897.94
7710 1912.34
7715 1920.56
7720 1910.7
7725 1909.86
7730 1934.36
7735 1933.32
7740 1914
7745 1917.06
7750 1914.62
7755 1935.86
7760 1925.46
7765 1953.92
7770 1939.18
7775 1952.52
7780 1918.6
7785 1945
7790 1940.38
7795 1940.64
7800 1930.9
7805 1937.28
7810 1944.42
7815 1943.78
7820 1935.14
7825 1969.82
7830 1971.98
7835 1979.22
7840 1960.64
7845 1949.36
7850 1945.26
7855 1951.5
7860 1974.78
7865 1955.4
7870 1957.78
7875 1958.02
7880 1960.82
7885 1975.7
7890 1969.22
7895 1950.34
7900 1962.02
7905 1946.54
7910 1972.32
7915 1959.82
7920 1956.68
7925 1952.24
7930 1967
7935 1962.16
7940 1964.52
7945 1957.42
7950 1969.64
7955 1978.6
7960 1988.36
7965 2016.22
7970 1994.04
7975 2000.32
7980 1989.46
7985 2009.18
7990 1985.28
7995 2003.12
8000 2011.24
8005 1987.38
8010 1979.6
8015 1980
8020 1997.92
8025 1986.18
8030 1999.78
8035 1987.88
8040 2000.78
8045 1997.34
8050 2019.16
8055 2016.74
8060 1996.86
8065 2017.16
8070 2018.38
8075 2016.26
8080 2007
8085 2028.1
8090 2039.5
8095 2016.42
8100 2006.12
8105 2021.46
8110 2035.38
8115 2026.6
8120 2025.64
8125 2039.72
8130 2029.86
8135 2016.82
8140 2035.24
8145 2018.24
8150 2029.28
8155 2030.72
8160 2039.58
8165 2058.86
8170 2040.18
8175 2053.26
8180 2037.12
8185 2021.02
8190 2044.86
8195 2064.74
8200 2060.5
8205 2052.92
8210 2051.46
8215 2063.72
8220 2048.72
8225 2047.5
8230 2079.56
8235 2048.58
8240 2044.2
8245 2036.66
8250 2060.78
8255 2050.3
8260 2036.38
8265 2036.02
8270 2092.78
8275 2072.58
8280 2062.3
8285 2066.62
8290 2074.7
8295 2090.92
8300 2085.86
8305 2080.24
8310 2100.32
8315 2100.92
8320 2075.54
8325 2069.32
8330 2095.36
8335 2065.34
8340 2067.08
8345 2080.72
8350 2072.52
8355 2095.02
8360 2077.04
8365 2104
8370 2081.36
8375 2087.72
8380 2105.94
8385 2097.96
8390 2088.36
8395 2092.06
8400 2105.84
8405 2097.14
8410 2087
8415 2094.7
8420 2105.74
8425 2101.08
8430 2128.74
8435 2121.4
8440 2117.9
8445 2141.82
8450 2129.66
8455 2127.28
8460 2141.7
8465 2147.04
8470 2104.28
8475 2126.92
8480 2129.66
8485 2141.04
8490 2130.52
8495 2120
8500 2134.98
8505 2120.68
8510 2125.64
8515 2140.76
8520 2144.3
8525 2109.72
8530 2126.7
8535 2138.6
8540 2122.92
8545 2124.5
8550 2145.16
8555 2154.38
8560 2133.84
8565 2119.06
8570 2126.6
8575 2141.7
8580 2154.7
8585 2160.8
8590 2151.94
8595 2161.62
8600 2183.78
8605 2146.94
8610 2146.4
8615 2139
8620 2164.72
8625 2155.7
8630 2151.98
8635 2178.34
8640 2178.14
8645 2197.98
8650 2164.34
8655 2183.62
8660 2170.36
8665 2193.32
8670 2185.62
8675 2214.62
8680 2178.5
8685 2190.92
8690 2180.44
8695 2188
8700 2201
8705 2193.16
8710 2159.8
8715 2185.46
8720 2173.3
8725 2196
8730 2194.08
8735 2207
8740 2194.5
8745 2204.36
8750 2199.26
8755 2208.56
8760 2216.46
8765 2252.14
8770 2206.88
8775 2242.58
8780 2200.62
8785 2208.12
8790 2221.18
8795 2221.3
8800 2227.98
8805 2234.94
8810 2228.12
8815 2217.16
8820 2212.3
8825 2225.88
8830 2208.8
8835 2231.02
8840 2237.36
8845 2233.02
8850 2213.94
8855 2221.52
8860 2244.74
8865 2220.86
8870 2217.64
8875 2248.9
8880 2241.84
8885 2340.78
8890 2288.22
8895 2289.58
8900 2273.04
8905 2270.48
8910 2283.28
8915 2280.04
8920 2289.86
8925 2274.84
8930 2258.22
8935 2248.84
8940 2258.9
8945 2246.22
8950 2239.48
8955 2258.68
8960 2251.12
8965 2255.14
8970 2253.54
8975 2264.6
8980 2259.92
8985 2275.22
8990 2269.3
8995 2270.6
9000 2297.8
9005 2316.5
9010 2281.48
9015 2307.32
9020 2303.56
9025 2302.12
9030 2295.18
9035 2288.52
9040 2267.58
9045 2283.14
9050 2267.36
9055 2281.66
9060 2299.42
9065 2313.1
9070 2316.52
9075 2319.16
9080 2339.2
9085 2312.06
9090 2282.22
9095 2278.98
9100 2278.86
9105 2291.66
9110 2310.52
9115 2276.2
9120 2298.5
9125 2303.06
9130 2284.2
9135 2339.38
9140 2334.24
9145 2349.86
9150 2325.5
9155 2329.52
9160 2322.24
9165 2329.72
9170 2326.1
9175 2314.88
9180 2323.4
9185 2328
9190 2326.8
9195 2341.34
9200 2364.48
9205 2369.48
9210 2332.96
9215 2335
9220 2326.4
9225 2319.82
9230 2337.46
9235 2308.52
9240 2367.36
9245 2352.64
9250 2382.46
9255 2363.42
9260 2369.46
9265 2356.72
9270 2352.8
9275 2369.22
9280 2379.44
9285 2362.92
9290 2395.08
9295 2362.62
9300 2363.72
9305 2384.76
9310 2380.96
9315 2382.72
9320 2369.24
9325 2380.38
9330 2371.94
9335 2375.66
9340 2378.26
9345 2377.54
9350 2358.02
9355 2369.52
9360 2370.26
9365 2378.22
9370 2356.22
9375 2364.04
9380 2372.9
9385 2359.62
9390 2377.88
9395 2377.34
9400 2397.02
9405 2365.26
9410 2370.64
9415 2408.96
9420 2392.18
9425 2408.94
9430 2401.26
9435 2405.66
9440 2391.76
9445 2411.94
9450 2385.34
9455 2395.06
9460 2403.98
9465 2404.5
9470 2399.9
9475 2382.18
9480 2390.3
9485 2400.46
9490 2420.94
9495 2405.82
9500 2395.54
9505 2405.68
9510 2424.84
9515 2468.26
9520 2414.68
9525 2441.34
9530 2433.46
9535 2458.2
9540 2430.98
9545 2454.42
9550 2443.58
9555 2425.9
9560 2440.38
9565 2443.32
9570 2444.06
9575 2446.38
9580 2446.58
9585 2440.44
9590 2449.48
9595 2428.92
9600 2444.32
9605 2476.08
9610 2462.34
9615 2436.12
9620 2449.94
9625 2468.88
9630 2451.7
9635 2435.76
9640 2430.44
9645 2464.6
9650 2496.62
9655 2454.12
9660 2503.8
9665 2475.36
9670 2482.56
9675 2487.88
9680 2470.58
9685 2444.94
9690 2457.78
9695 2479.62
9700 2487.96
9705 2499.5
9710 2457.68
9715 2490.08
9720 2492.32
9725 2479.66
9730 2475.42
9735 2472.58
9740 2487.52
9745 2478.14
9750 2456.66
9755 2477.78
9760 2503.82
9765 2478.16
9770 2479.84
9775 2496.98
9780 2494.86
9785 2516.34
9790 2480.24
9795 2461.72
9800 2514.6
9805 2467.88
9810 2463.52
9815 2523.24
9820 2524.66
9825 2501.44
9830 2512.58
9835 2530.88
9840 2545.22
9845 2518.36
9850 2531.44
9855 2538.04
9860 2560.94
9865 2521.46
9870 2540.82
9875 2551.58
9880 2530.24
9885 2546.06
9890 2511.24
9895 2506.5
9900 2505.88
9905 2540.46
9910 2543
9915 2542.1
9920 2515.42
9925 2545.2
9930 2534.7
9935 2550.98
9940 2584.14
9945 2560.56
9950 2542.16
9955 2573.02
9960 2516.76
9965 2547.06
9970 2568.74
9975 2536.46
9980 2538.34
9985 2552.52
9990 2567.92
9995 2554.24
10000 2550.84
