5 0
10 0
15 1
20 1
25 2
30 2
35 3
40 3
45 4
50 4
55 5
60 6
65 6
70 7
75 8
80 8
85 9
90 9
95 10
100 11
105 12
110 12
115 13
120 14
125 15
130 15
135 16
140 17
145 17
150 18
155 19
160 20
165 20
170 21
175 22
180 23
185 24
190 24
195 25
200 26
205 27
210 27
215 28
220 29
225 30
230 31
235 32
240 32
245 33
250 34
255 35
260 36
265 37
270 38
275 39
280 40
285 40
290 41
295 42
300 43
305 44
310 45
315 46
320 47
325 48
330 49
335 49
340 50
345 52
350 52
355 53
360 54
365 55
370 56
375 57
380 58
385 59
390 60
395 61
400 62
405 62
410 63
415 64
420 65
425 66
430 67
435 68
440 71
445 70
450 71
455 72
460 74
465 76
470 126
475 114
480 79
485 79
490 80
495 81
500 81
505 82
510 83
515 85
520 85
525 86
530 87
535 88
540 89
545 90
550 91
555 92
560 94
565 94
570 131
575 96
580 96
585 97
590 99
595 99
600 101
605 102
610 103
615 104
620 105
625 105
630 107
635 108
640 108
645 110
650 110
655 111
660 113
665 113
670 115
675 116
680 117
685 118
690 120
695 120
700 121
705 122
710 123
715 124
720 125
725 126
730 127
735 128
740 129
745 130
750 131
755 133
760 133
765 134
770 135
775 209
780 198
785 141
790 141
795 141
800 142
805 143
810 144
815 145
820 145
825 147
830 148
835 149
840 150
845 151
850 152
855 153
860 154
865 157
870 157
875 157
880 216
885 200
890 164
895 162
900 164
905 166
910 165
915 167
920 168
925 169
930 170
935 170
940 172
945 172
950 174
955 175
960 176
965 177
970 178
975 179
980 179
985 181
990 182
995 183
1000 184
1005 184
1010 187
1015 187
1020 189
1025 190
1030 244
1035 228
1040 194
1045 195
1050 196
1055 196
1060 197
1065 200
1070 201
1075 200
1080 202
1085 204
1090 204
1095 204
1100 206
1105 208
1110 208
1115 210
1120 211
1125 213
1130 215
1135 215
1140 215
1145 292
1150 217
1155 218
1160 219
1165 221
1170 222
1175 223
1180 299
1185 225
1190 225
1195 227
1200 228
1205 228
1210 230
1215 231
1220 232
1225 234
1230 235
1235 236
1240 236
1245 238
1250 240
1255 239
1260 241
1265 243
1270 243
1275 244
1280 246
1285 246
1290 247
1295 248
1300 249
1305 251
1310 253
1315 253
1320 254
1325 256
1330 257
1335 258
1340 280
1345 293
1350 280
1355 365
1360 326
1365 272
1370 273
1375 274
1380 276
1385 277
1390 277
1395 278
1400 279
1405 280
1410 282
1415 283
1420 284
1425 285
1430 286
1435 287
1440 287
1445 331
1450 367
1455 328
1460 314
1465 345
1470 401
1475 289
1480 290
1485 292
1490 295
1495 293
1500 295
1505 335
1510 352
1515 306
1520 388
1525 348
1530 309
1535 310
1540 312
1545 313
1550 314
1555 316
1560 316
1565 318
1570 320
1575 360
1580 444
1585 325
1590 324
1595 325
1600 326
1605 327
1610 328
1615 329
1620 351
1625 349
1630 353
1635 334
1640 335
1645 336
1650 354
1655 347
1660 348
1665 351
1670 355
1675 352
1680 352
1685 354
1690 355
1695 356
1700 358
1705 359
1710 361
1715 363
1720 362
1725 364
1730 365
1735 366
1740 368
1745 418
1750 370
1755 371
1760 373
1765 374
1770 375
1775 376
1780 377
1785 383
1790 370
1795 371
1800 371
1805 374
1810 559
1815 375
1820 376
1825 421
1830 379
1835 380
1840 400
1845 382
1850 383
1855 385
1860 386
1865 387
1870 388
1875 389
1880 390
1885 390
1890 392
1895 394
1900 395
1905 405
1910 387
1915 388
1920 390
1925 390
1930 391
1935 412
1940 450
1945 396
1950 396
1955 399
1960 399
1965 399
1970 401
1975 423
1980 439
1985 405
1990 406
1995 407
2000 427
2005 551
2010 409
2015 411
2020 412
2025 538
2030 650
2035 484
2040 428
2045 429
2050 457
2055 460
2060 448
2065 490
2070 458
2075 458
2080 464
2085 459
2090 456
2095 458
2100 455
2105 458
2110 461
2115 461
2120 465
2125 475
2130 512
2135 619
2140 482
2145 478
2150 453
2155 454
2160 514
2165 536
2170 491
2175 459
2180 461
2185 462
2190 462
2195 464
2200 470
2205 469
2210 468
2215 524
2220 550
2225 482
2230 489
2235 486
2240 487
2245 489
2250 489
2255 489
2260 493
2265 494
2270 494
2275 495
2280 497
2285 499
2290 500
2295 506
2300 511
2305 529
2310 506
2315 509
2320 507
2325 508
2330 511
2335 510
2340 511
2345 514
2350 514
2355 516
2360 518
2365 522
2370 520
2375 521
2380 522
2385 523
2390 524
2395 527
2400 527
2405 528
2410 534
2415 573
2420 581
2425 520
2430 520
2435 522
2440 524
2445 525
2450 525
2455 527
2460 527
2465 638
2470 531
2475 532
2480 533
2485 536
2490 572
2495 535
2500 568
2505 565
2510 558
2515 580
2520 609
2525 597
2530 567
2535 546
2540 548
2545 548
2550 549
2555 590
2560 574
2565 573
2570 622
2575 597
2580 557
2585 558
2590 563
2595 562
2600 636
2605 566
2610 660
2615 703
2620 591
2625 630
2630 652
2635 654
2640 691
2645 629
2650 573
2655 575
2660 603
2665 593
2670 593
2675 594
2680 596
2685 596
2690 597
2695 601
2700 601
2705 603
2710 640
2715 606
2720 606
2725 610
2730 609
2735 610
2740 609
2745 612
2750 612
2755 615
2760 617
2765 633
2770 621
2775 631
2780 626
2785 624
2790 624
2795 625
2800 626
2805 628
2810 629
2815 639
2820 615
2825 614
2830 690
2835 620
2840 619
2845 620
2850 621
2855 623
2860 624
2865 661
2870 625
2875 627
2880 629
2885 629
2890 670
2895 677
2900 665
2905 635
2910 637
2915 637
2920 639
2925 639
2930 766
2935 646
2940 678
2945 645
2950 646
2955 648
2960 650
2965 722
2970 652
2975 651
2980 829
2985 656
2990 657
2995 656
3000 658
3005 661
3010 660
3015 662
3020 664
3025 664
3030 665
3035 667
3040 756
3045 691
3050 711
3055 672
3060 676
3065 675
3070 834
3075 951
3080 912
3085 853
3090 861
3095 783
3100 682
3105 686
3110 767
3115 687
3120 687
3125 725
3130 727
3135 691
3140 694
3145 694
3150 693
3155 695
3160 698
3165 698
3170 698
3175 700
3180 741
3185 702
3190 705
3195 743
3200 708
3205 707
3210 712
3215 711
3220 797
3225 714
3230 713
3235 767
3240 717
3245 718
3250 718
3255 795
3260 722
3265 721
3270 737
3275 707
3280 707
3285 750
3290 710
3295 710
3300 712
3305 713
3310 714
3315 791
3320 717
3325 798
3330 718
3335 721
3340 856
3345 722
3350 731
3355 832
3360 878
3365 755
3370 749
3375 749
3380 750
3385 752
3390 834
3395 753
3400 765
3405 833
3410 757
3415 841
3420 764
3425 762
3430 763
3435 764
3440 763
3445 766
3450 767
3455 888
3460 769
3465 770
3470 776
3475 810
3480 775
3485 778
3490 903
3495 758
3500 760
3505 762
3510 761
3515 762
3520 810
3525 781
3530 766
3535 767
3540 769
3545 770
3550 769
3555 844
3560 835
3565 808
3570 797
3575 800
3580 777
3585 859
3590 796
3595 783
3600 783
3605 784
3610 862
3615 790
3620 894
3625 790
3630 793
3635 795
3640 792
3645 795
3650 870
3655 831
3660 917
3665 798
3670 829
3675 821
3680 826
3685 824
3690 823
3695 826
3700 826
3705 867
3710 848
3715 870
3720 833
3725 846
3730 853
3735 818
3740 817
3745 914
3750 818
3755 897
3760 858
3765 822
3770 824
3775 926
3780 826
3785 826
3790 829
3795 833
3800 831
3805 832
3810 832
3815 833
3820 834
3825 916
3830 837
3835 951
3840 840
3845 920
3850 867
3855 873
3860 844
3865 995
3870 848
3875 846
3880 849
3885 850
3890 853
3895 943
3900 854
3905 855
3910 855
3915 858
3920 863
3925 861
3930 862
3935 862
3940 866
3945 864
3950 867
3955 952
3960 869
3965 871
3970 871
3975 873
3980 874
3985 1005
3990 875
3995 877
4000 990
4005 975
4010 951
4015 905
4020 943
4025 908
4030 1026
4035 913
4040 912
4045 914
4050 914
4055 916
4060 909
4065 935
4070 895
4075 897
4080 898
4085 900
4090 980
4095 1034
4100 903
4105 904
4110 965
4115 932
4120 1001
4125 934
4130 910
4135 911
4140 913
4145 917
4150 915
4155 914
4160 980
4165 943
4170 944
4175 979
4180 918
4185 923
4190 924
4195 925
4200 930
4205 1165
4210 929
4215 930
4220 931
4225 932
4230 1018
4235 1014
4240 937
4245 937
4250 938
4255 943
4260 941
4265 941
4270 942
4275 943
4280 946
4285 1140
4290 948
4295 949
4300 951
4305 954
4310 1032
4315 990
4320 984
4325 981
4330 981
4335 986
4340 986
4345 1028
4350 988
4355 990
4360 1009
4365 1009
4370 991
4375 999
4380 967
4385 973
4390 1014
4395 974
4400 975
4405 975
4410 1062
4415 1118
4420 1032
4425 980
4430 982
4435 982
4440 1069
4445 1139
4450 1069
4455 1108
4460 1016
4465 1015
4470 1016
4475 1019
4480 1088
4485 1049
4490 1361
4495 1407
4500 1321
4505 1220
4510 1094
4515 1029
4520 1105
4525 1070
4530 1109
4535 1035
4540 1040
4545 1075
4550 1064
4555 1095
4560 1068
4565 1070
4570 1071
4575 1072
4580 1076
4585 1074
4590 1098
4595 1067
4600 1054
4605 1154
4610 1052
4615 1053
4620 1054
4625 1058
4630 1103
4635 1134
4640 1036
4645 1033
4650 1126
4655 1068
4660 1088
4665 1042
4670 1080
4675 1149
4680 1045
4685 1043
4690 1045
4695 1122
4700 1190
4705 1126
4710 1051
4715 1050
4720 1054
4725 1141
4730 1095
4735 1057
4740 1058
4745 1135
4750 1128
4755 1062
4760 1111
4765 1193
4770 1140
4775 1095
4780 1095
4785 1097
4790 1179
4795 1167
4800 1103
4805 1103
4810 1176
4815 1145
4820 1119
4825 1079
4830 1081
4835 1161
4840 1082
4845 1083
4850 1087
4855 1084
4860 1089
4865 1504
4870 1426
4875 1150
4880 1155
4885 1169
4890 1157
4895 1153
4900 1156
4905 1168
4910 1157
4915 1161
4920 1162
4925 1170
4930 1163
4935 1172
4940 1140
4945 1213
4950 1273
4955 1407
4960 1255
4965 1295
4970 1448
4975 1202
4980 1148
4985 1185
4990 1199
4995 1155
5000 1150
5005 1151
5010 1155
5015 1194
5020 1158
5025 1155
5030 1157
5035 1207
5040 1161
5045 1164
5050 1202
5055 1177
5060 1244
5065 1168
5070 1155
5075 1144
5080 1340
5085 1144
5090 1182
5095 1143
5100 1146
5105 1147
5110 1148
5115 1304
5120 1153
5125 1227
5130 1152
5135 1155
5140 1155
5145 1289
5150 1200
5155 1234
5160 1176
5165 1305
5170 1233
5175 1164
5180 1210
5185 1198
5190 1200
5195 1200
5200 1203
5205 1209
5210 1245
5215 1245
5220 1276
5225 1265
5230 1352
5235 1181
5240 1182
5245 1183
5250 1261
5255 1302
5260 1216
5265 1218
5270 1223
5275 1218
5280 1222
5285 1223
5290 1344
5295 1237
5300 1197
5305 1198
5310 1240
5315 1332
5320 1199
5325 1201
5330 1201
5335 1280
5340 1205
5345 1282
5350 1208
5355 1214
5360 1211
5365 1291
5370 1213
5375 1290
5380 1214
5385 1218
5390 1217
5395 1224
5400 1345
5405 1221
5410 1223
5415 1326
5420 1281
5425 1226
5430 1226
5435 1232
5440 1308
5445 1230
5450 1233
5455 1312
5460 1297
5465 1237
5470 1236
5475 1242
5480 1379
5485 1282
5490 1242
5495 1244
5500 1286
5505 1247
5510 1247
5515 1337
5520 1642
5525 1794
5530 1390
5535 1552
5540 1290
5545 1329
5550 1291
5555 1376
5560 1295
5565 1295
5570 1296
5575 1375
5580 1299
5585 1300
5590 1301
5595 1305
5600 1309
5605 1302
5610 1310
5615 1356
5620 1308
5625 1310
5630 1312
5635 1433
5640 1280
5645 1280
5650 1283
5655 1362
5660 1319
5665 1329
5670 1286
5675 1287
5680 1293
5685 1291
5690 1292
5695 1375
5700 1291
5705 1295
5710 1299
5715 1461
5720 1298
5725 1299
5730 1382
5735 1337
5740 1395
5745 1365
5750 1342
5755 1341
5760 1344
5765 1344
5770 1429
5775 1349
5780 1346
5785 1334
5790 1452
5795 1317
5800 1317
5805 1319
5810 1400
5815 1368
5820 1340
5825 1426
5830 1327
5835 1327
5840 1327
5845 1408
5850 1331
5855 1332
5860 1333
5865 1411
5870 1372
5875 1383
5880 1339
5885 1456
5890 1341
5895 1346
5900 1345
5905 1345
5910 1346
5915 1422
5920 1349
5925 1433
5930 1350
5935 1624
5940 1474
5945 1356
5950 1357
5955 1358
5960 1444
5965 1396
5970 1446
5975 1401
5980 1399
5985 1402
5990 1407
5995 1483
6000 1368
6005 1370
6010 1374
6015 1490
6020 1380
6025 1498
6030 1429
6035 1465
6040 1415
6045 1510
6050 1422
6055 1418
6060 1432
6065 1384
6070 1535
6075 1522
6080 1531
6085 1480
6090 1427
6095 1481
6100 1429
6105 1476
6110 1432
6115 1476
6120 1440
6125 1436
6130 1429
6135 1527
6140 1489
6145 1407
6150 1406
6155 1414
6160 1640
6165 1446
6170 1451
6175 1453
6180 1451
6185 1453
6190 1457
6195 1497
6200 1418
6205 1419
6210 1462
6215 1502
6220 1423
6225 1500
6230 1529
6235 1507
6240 1429
6245 1506
6250 1507
6255 1432
6260 1434
6265 1437
6270 1437
6275 1438
6280 1517
6285 1442
6290 1442
6295 1520
6300 1590
6305 1446
6310 1525
6315 1549
6320 1448
6325 1466
6330 1489
6335 1613
6340 1493
6345 1492
6350 1536
6355 1618
6360 1488
6365 1632
6370 1640
6375 1463
6380 1467
6385 1873
6390 1877
6395 1811
6400 1505
6405 1545
6410 1510
6415 1606
6420 1561
6425 1552
6430 1572
6435 1563
6440 1560
6445 1559
6450 1562
6455 1521
6460 1522
6465 1531
6470 1525
6475 1525
6480 1651
6485 1489
6490 1490
6495 1494
6500 1622
6505 1498
6510 1537
6515 1594
6520 1497
6525 1500
6530 1600
6535 1501
6540 1503
6545 1581
6550 1549
6555 1505
6560 1508
6565 1695
6570 1511
6575 1513
6580 1512
6585 1596
6590 1516
6595 1516
6600 1568
6605 1517
6610 1527
6615 1602
6620 1524
6625 1568
6630 1529
6635 1600
6640 1607
6645 1526
6650 1630
6655 1530
6660 1537
6665 1539
6670 1579
6675 1593
6680 1539
6685 1627
6690 1799
6695 1542
6700 1716
6705 1593
6710 1586
6715 1700
6720 1594
6725 1590
6730 1594
6735 1553
6740 1554
6745 1594
6750 1638
6755 1557
6760 1560
6765 1776
6770 1562
6775 1562
6780 1728
6785 1564
6790 1632
6795 1608
6800 1610
6805 1611
6810 1652
6815 1620
6820 1623
6825 1575
6830 1749
6835 1578
6840 1576
6845 1657
6850 1582
6855 1683
6860 1735
6865 1660
6870 1583
6875 1671
6880 1590
6885 1630
6890 1726
6895 1593
6900 1592
6905 1667
6910 1597
6915 1597
6920 1601
6925 1600
6930 1639
6935 1640
6940 1683
6945 1601
6950 1607
6955 1829
6960 1607
6965 1617
6970 1687
6975 1611
6980 1617
6985 1614
6990 1615
6995 1617
7000 1682
7005 1673
7010 1624
7015 1620
7020 1798
7025 1624
7030 1703
7035 1707
7040 1633
7045 1750
7050 1633
7055 1633
7060 1639
7065 1714
7070 1723
7075 1638
7080 1727
7085 1712
7090 1641
7095 1722
7100 1649
7105 1646
7110 1651
7115 1734
7120 1649
7125 1728
7130 1650
7135 1649
7140 1788
7145 2221
7150 2004
7155 2062
7160 1703
7165 1705
7170 1741
7175 1759
7180 1753
7185 1786
7190 1757
7195 1759
7200 1857
7205 1716
7210 1718
7215 1766
7220 1764
7225 1797
7230 1720
7235 1724
7240 1729
7245 1763
7250 1725
7255 1727
7260 1778
7265 1732
7270 1731
7275 1771
7280 1741
7285 1692
7290 1692
7295 1814
7300 1734
7305 1695
7310 1702
7315 1751
7320 1829
7325 1807
7330 1805
7335 1723
7340 1800
7345 1805
7350 1749
7355 1752
7360 1813
7365 1780
7370 1711
7375 2052
7380 1928
7385 2085
7390 1851
7395 1762
7400 1770
7405 1825
7410 1765
7415 1807
7420 1769
7425 1819
7430 1819
7435 1802
7440 1810
7445 1884
7450 1731
7455 1837
7460 1734
7465 1737
7470 1851
7475 1873
7480 1829
7485 1804
7490 1868
7495 1743
7500 1829
7505 1839
7510 1792
7515 1796
7520 1848
7525 1797
7530 1846
7535 1800
7540 1802
7545 1896
7550 1806
7555 1759
7560 1885
7565 1952
7570 1837
7575 1828
7580 1825
7585 1851
7590 1869
7595 1815
7600 1823
7605 1902
7610 2393
7615 1926
7620 1775
7625 1774
7630 1931
7635 1824
7640 1827
7645 1883
7650 1839
7655 1834
7660 1921
7665 1835
7670 1914
7675 1837
7680 1848
7685 1798
7690 1855
7695 1871
7700 1880
7705 1801
7710 1890
7715 1945
7720 1802
7725 1885
7730 1862
7735 1808
7740 1926
7745 1806
7750 1806
7755 1887
7760 1806
7765 1893
7770 1980
7775 1814
7780 1873
7785 1896
7790 1814
7795 2021
7800 1818
7805 1820
7810 2031
7815 2564
7820 2510
7825 2027
7830 1873
7835 1962
7840 1980
7845 1877
7850 1924
7855 1881
7860 1986
7865 1939
7870 1977
7875 1977
7880 1890
7885 1995
7890 1889
7895 1892
7900 1898
7905 1902
7910 1885
7915 1965
7920 1848
7925 1850
7930 2001
7935 1982
7940 1970
7945 1979
7950 1858
7955 1856
7960 1896
7965 1910
7970 1957
7975 1913
7980 1912
7985 2042
7990 1908
7995 2067
8000 1867
8005 1871
8010 1877
8015 1948
8020 2201
8025 2090
8030 1982
8035 1992
8040 1981
8045 1994
8050 1985
8055 1985
8060 1966
8065 1935
8070 1942
8075 1981
8080 1939
8085 1937
8090 2039
8095 1943
8100 2121
8105 1952
8110 1963
8115 1933
8120 1902
8125 2053
8130 1970
8135 1981
8140 2036
8145 1906
8150 1907
8155 1990
8160 1908
8165 1996
8170 1910
8175 1918
8180 1991
8185 1916
8190 1921
8195 2124
8200 1922
8205 1962
8210 1922
8215 1924
8220 1930
8225 1965
8230 2003
8235 2047
8240 1935
8245 2110
8250 1932
8255 1934
8260 2089
8265 2040
8270 2060
8275 1941
8280 1941
8285 2028
8290 2059
8295 1951
8300 2117
8305 1985
8310 2047
8315 2043
8320 2004
8325 2042
8330 1991
8335 2039
8340 1994
8345 1977
8350 2122
8355 2080
8360 2021
8365 1963
8370 1964
8375 1971
8380 2078
8385 1987
8390 2003
8395 1973
8400 2118
8405 1972
8410 1975
8415 2023
8420 1976
8425 1982
8430 2592
8435 2197
8440 2237
8445 2035
8450 2166
8455 2037
8460 2077
8465 2042
8470 2041
8475 2054
8480 2045
8485 2130
8490 2052
8495 2043
8500 2199
8505 1999
8510 2039
8515 2140
8520 2066
8525 2008
8530 2048
8535 2004
8540 2060
8545 2007
8550 2173
8555 2091
8560 2012
8565 2095
8570 2014
8575 2097
8580 2096
8585 2094
8590 2104
8595 2020
8600 2146
8605 2025
8610 2067
8615 2141
8620 2072
8625 2030
8630 2035
8635 2112
8640 2142
8645 2136
8650 2237
8655 2043
8660 2077
8665 2046
8670 2043
8675 2111
8680 2047
8685 2067
8690 2065
8695 2046
8700 2140
8705 2048
8710 2076
8715 2127
8720 2090
8725 2133
8730 2211
8735 2146
8740 2074
8745 2141
8750 2253
8755 2076
8760 2146
8765 2193
8770 2150
8775 2069
8780 2199
8785 2228
8790 2071
8795 2117
8800 2209
8805 2075
8810 2144
8815 2080
8820 2082
8825 2089
8830 2083
8835 2172
8840 2085
8845 2258
8850 2089
8855 2253
8860 2234
8865 2193
8870 2146
8875 2149
8880 2283
8885 2153
8890 2123
8895 2325
8900 2210
8905 2223
8910 2149
8915 2166
8920 2160
8925 2161
8930 2185
8935 2151
8940 2254
8945 2112
8950 2192
8955 2285
8960 2168
8965 2293
8970 2174
8975 2225
8980 2118
8985 2204
8990 2230
8995 2122
9000 2208
9005 2849
9010 2792
9015 2208
9020 2234
9025 2195
9030 2232
9035 2326
9040 2190
9045 2275
9050 2194
9055 2200
9060 2251
9065 2318
9070 2236
9075 2145
9080 2287
9085 2208
9090 2332
9095 2208
9100 2285
9105 2205
9110 2153
9115 2329
9120 2156
9125 2397
9130 2223
9135 2220
9140 2220
9145 2268
9150 2206
9155 2166
9160 2283
9165 2244
9170 2246
9175 2263
9180 2173
9185 2260
9190 2347
9195 2182
9200 2177
9205 2224
9210 2274
9215 2243
9220 2343
9225 2261
9230 2298
9235 2186
9240 2248
9245 2191
9250 2271
9255 2282
9260 2198
9265 2277
9270 2280
9275 2276
9280 2277
9285 2515
9290 2650
9295 2341
9300 2345
9305 2334
9310 2342
9315 2326
9320 2364
9325 2323
9330 2312
9335 2509
9340 2381
9345 2274
9350 2274
9355 2411
9360 2280
9365 2312
9370 2222
9375 2267
9380 2306
9385 2270
9390 2243
9395 2225
9400 2358
9405 2233
9410 2316
9415 2233
9420 2281
9425 2613
9430 2385
9435 2298
9440 2373
9445 2423
9450 2364
9455 2373
9460 2366
9465 2377
9470 2418
9475 2398
9480 2310
9485 2323
9490 2310
9495 2257
9500 2356
9505 2266
9510 2342
9515 2259
9520 2353
9525 2262
9530 2265
9535 2995
9540 2662
9545 2845
9550 2334
9555 2328
9560 2331
9565 2430
9570 2402
9575 2807
9580 2339
9585 2508
9590 2337
9595 2339
9600 2340
9605 2429
9610 2467
9615 2436
9620 2345
9625 2518
9630 2349
9635 2768
9640 2352
9645 2355
9650 2426
9655 2399
9660 2529
9665 2361
9670 2568
9675 2361
9680 2408
9685 2403
9690 2370
9695 2368
9700 2459
9705 2428
9710 2412
9715 2466
9720 2445
9725 2315
9730 2383
9735 2471
9740 2431
9745 2437
9750 2427
9755 2429
9760 2443
9765 2391
9770 2361
9775 2501
9780 2341
9785 2475
9790 2444
9795 2342
9800 2412
9805 2375
9810 2345
9815 2338
9820 2417
9825 2379
9830 2456
9835 2459
9840 2499
9845 2428
9850 2402
9855 2408
9860 2451
9865 2456
9870 2401
9875 2541
9880 2355
9885 2499
9890 2437
9895 2486
9900 2359
9905 2477
9910 2364
9915 2487
9920 2506
9925 2450
9930 2366
9935 2480
9940 2448
9945 2368
9950 2524
9955 2375
9960 2461
9965 2419
9970 2443
9975 2387
9980 2379
9985 2559
9990 2596
9995 2384
10000 2464
