5 0
10 0
15 1
20 1
25 2
30 2
35 3
40 3
45 4
50 4
55 5
60 6
65 6
70 7
75 8
80 8
85 9
90 10
95 10
100 11
105 12
110 12
115 13
120 14
125 15
130 15
135 16
140 17
145 37
150 38
155 20
160 21
165 21
170 39
175 23
180 23
185 44
190 41
195 25
200 26
205 27
210 27
215 29
220 30
225 30
230 31
235 32
240 32
245 34
250 34
255 35
260 36
265 37
270 37
275 38
280 39
285 41
290 41
295 42
300 43
305 44
310 45
315 46
320 46
325 47
330 48
335 49
340 50
345 51
350 52
355 53
360 54
365 55
370 56
375 57
380 58
385 59
390 60
395 61
400 62
405 63
410 63
415 65
420 65
425 67
430 67
435 68
440 69
445 70
450 71
455 72
460 73
465 74
470 75
475 76
480 77
485 78
490 78
495 79
500 80
505 81
510 83
515 83
520 85
525 86
530 87
535 88
540 89
545 132
550 108
555 92
560 93
565 94
570 95
575 96
580 96
585 98
590 99
595 100
600 101
605 101
610 103
615 104
620 104
625 106
630 107
635 108
640 109
645 110
650 111
655 112
660 112
665 114
670 115
675 116
680 117
685 118
690 119
695 121
700 121
705 122
710 123
715 125
720 125
725 128
730 127
735 128
740 130
745 130
750 132
755 133
760 134
765 136
770 245
775 196
780 160
785 140
790 140
795 141
800 143
805 144
810 145
815 167
820 201
825 148
830 149
835 150
840 151
845 172
850 207
855 153
860 155
865 155
870 157
875 157
880 159
885 160
890 160
895 162
900 163
905 163
910 165
915 207
920 166
925 168
930 169
935 170
940 171
945 172
950 173
955 175
960 176
965 177
970 177
975 179
980 180
985 181
990 182
995 183
1000 184
1005 185
1010 187
1015 187
1020 188
1025 190
1030 190
1035 192
1040 193
1045 196
1050 195
1055 196
1060 197
1065 198
1070 199
1075 201
1080 203
1085 202
1090 203
1095 204
1100 206
1105 206
1110 207
1115 209
1120 210
1125 210
1130 212
1135 213
1140 214
1145 215
1150 216
1155 218
1160 218
1165 302
1170 273
1175 231
1180 230
1185 231
1190 232
1195 233
1200 234
1205 235
1210 236
1215 237
1220 238
1225 240
1230 241
1235 242
1240 243
1245 285
1250 261
1255 284
1260 358
1265 250
1270 303
1275 373
1280 286
1285 248
1290 248
1295 249
1300 250
1305 253
1310 253
1315 253
1320 254
1325 255
1330 257
1335 335
1340 281
1345 434
1350 262
1355 261
1360 304
1365 374
1370 265
1375 265
1380 267
1385 288
1390 344
1395 278
1400 278
1405 379
1410 282
1415 282
1420 284
1425 285
1430 286
1435 287
1440 289
1445 290
1450 291
1455 292
1460 293
1465 333
1470 375
1475 297
1480 298
1485 300
1490 300
1495 301
1500 302
1505 304
1510 306
1515 309
1520 307
1525 308
1530 348
1535 311
1540 311
1545 313
1550 313
1555 316
1560 318
1565 320
1570 320
1575 319
1580 322
1585 324
1590 324
1595 326
1600 327
1605 326
1610 348
1615 379
1620 330
1625 331
1630 333
1635 334
1640 334
1645 336
1650 335
1655 337
1660 338
1665 340
1670 341
1675 342
1680 343
1685 382
1690 345
1695 347
1700 347
1705 350
1710 351
1715 350
1720 352
1725 352
1730 354
1735 395
1740 358
1745 359
1750 397
1755 360
1760 362
1765 362
1770 364
1775 365
1780 366
1785 368
1790 369
1795 369
1800 370
1805 373
1810 372
1815 375
1820 388
1825 448
1830 367
1835 370
1840 371
1845 373
1850 373
1855 374
1860 375
1865 376
1870 377
1875 379
1880 456
1885 380
1890 401
1895 469
1900 478
1905 516
1910 542
1915 530
1920 447
1925 576
1930 514
1935 416
1940 420
1945 416
1950 416
1955 417
1960 419
1965 421
1970 422
1975 424
1980 425
1985 430
1990 427
1995 428
2000 429
2005 442
2010 419
2015 422
2020 422
2025 423
2030 460
2035 426
2040 462
2045 433
2050 429
2055 431
2060 467
2065 433
2070 435
2075 436
2080 437
2085 438
2090 440
2095 442
2100 444
2105 443
2110 444
2115 447
2120 511
2125 508
2130 453
2135 450
2140 450
2145 453
2150 462
2155 445
2160 444
2165 446
2170 447
2175 524
2180 449
2185 531
2190 450
2195 453
2200 452
2205 457
2210 456
2215 456
2220 477
2225 461
2230 460
2235 461
2240 463
2245 464
2250 465
2255 465
2260 467
2265 469
2270 471
2275 471
2280 471
2285 559
2290 476
2295 476
2300 552
2305 479
2310 479
2315 481
2320 482
2325 523
2330 485
2335 526
2340 531
2345 489
2350 506
2355 503
2360 504
2365 505
2370 507
2375 506
2380 510
2385 556
2390 511
2395 513
2400 514
2405 514
2410 517
2415 518
2420 523
2425 519
2430 524
2435 523
2440 526
2445 551
2450 568
2455 589
2460 514
2465 516
2470 516
2475 518
2480 538
2485 557
2490 524
2495 522
2500 525
2505 565
2510 528
2515 527
2520 531
2525 529
2530 551
2535 624
2540 533
2545 534
2550 535
2555 618
2560 538
2565 538
2570 541
2575 616
2580 543
2585 620
2590 545
2595 546
2600 549
2605 549
2610 553
2615 550
2620 629
2625 552
2630 553
2635 555
2640 555
2645 557
2650 558
2655 560
2660 561
2665 561
2670 622
2675 563
2680 564
2685 567
2690 569
2695 569
2700 570
2705 572
2710 571
2715 704
2720 575
2725 576
2730 578
2735 578
2740 579
2745 581
2750 582
2755 661
2760 583
2765 585
2770 646
2775 588
2780 589
2785 589
2790 591
2795 593
2800 593
2805 595
2810 594
2815 597
2820 598
2825 599
2830 658
2835 657
2840 684
2845 609
2850 604
2855 606
2860 607
2865 609
2870 610
2875 809
2880 650
2885 700
2890 615
2895 616
2900 617
2905 619
2910 620
2915 620
2920 642
2925 680
2930 624
2935 625
2940 723
2945 647
2950 649
2955 646
2960 649
2965 650
2970 649
2975 650
2980 654
2985 654
2990 655
2995 656
3000 742
3005 658
3010 661
3015 665
3020 646
3025 648
3030 648
3035 759
3040 775
3045 651
3050 653
3055 654
3060 655
3065 655
3070 658
3075 657
3080 715
3085 682
3090 680
3095 682
3100 681
3105 684
3110 687
3115 686
3120 686
3125 688
3130 689
3135 729
3140 692
3145 693
3150 694
3155 742
3160 681
3165 680
3170 682
3175 682
3180 684
3185 686
3190 779
3195 704
3200 690
3205 694
3210 692
3215 692
3220 695
3225 770
3230 696
3235 697
3240 698
3245 700
3250 700
3255 702
3260 741
3265 703
3270 704
3275 744
3280 708
3285 709
3290 710
3295 711
3300 791
3305 714
3310 714
3315 717
3320 716
3325 717
3330 720
3335 846
3340 721
3345 726
3350 723
3355 725
3360 725
3365 728
3370 844
3375 730
3380 732
3385 733
3390 733
3395 735
3400 773
3405 739
3410 738
3415 739
3420 741
3425 741
3430 742
3435 745
3440 826
3445 837
3450 748
3455 824
3460 827
3465 859
3470 865
3475 811
3480 757
3485 781
3490 777
3495 778
3500 778
3505 819
3510 782
3515 826
3520 784
3525 788
3530 794
3535 788
3540 789
3545 799
3550 772
3555 773
3560 774
3565 773
3570 937
3575 817
3580 779
3585 819
3590 780
3595 782
3600 889
3605 859
3610 806
3615 812
3620 919
3625 809
3630 852
3635 817
3640 814
3645 816
3650 816
3655 817
3660 822
3665 822
3670 799
3675 800
3680 804
3685 803
3690 803
3695 880
3700 808
3705 807
3710 809
3715 809
3720 852
3725 868
3730 873
3735 815
3740 817
3745 819
3750 818
3755 899
3760 821
3765 822
3770 927
3775 825
3780 891
3785 885
3790 851
3795 851
3800 852
3805 851
3810 854
3815 941
3820 960
3825 1251
3830 1153
3835 1193
3840 900
3845 998
3850 1063
3855 865
3860 866
3865 869
3870 1034
3875 870
3880 908
3885 909
3890 896
3895 898
3900 902
3905 903
3910 903
3915 906
3920 904
3925 912
3930 906
3935 922
3940 887
3945 886
3950 889
3955 981
3960 891
3965 892
3970 893
3975 894
3980 934
3985 898
3990 908
3995 877
4000 879
4005 878
4010 921
4015 962
4020 912
4025 884
4030 884
4035 886
4040 972
4045 955
4050 889
4055 891
4060 894
4065 894
4070 988
4075 895
4080 898
4085 961
4090 956
4095 997
4100 902
4105 977
4110 904
4115 909
4120 906
4125 960
4130 949
4135 910
4140 912
4145 913
4150 992
4155 915
4160 917
4165 958
4170 919
4175 919
4180 1058
4185 964
4190 966
4195 925
4200 1000
4205 1007
4210 928
4215 929
4220 1049
4225 971
4230 938
4235 935
4240 936
4245 938
4250 939
4255 938
4260 1018
4265 943
4270 945
4275 943
4280 948
4285 997
4290 1000
4295 948
4300 952
4305 950
4310 992
4315 988
4320 992
4325 956
4330 960
4335 962
4340 961
4345 960
4350 962
4355 963
4360 964
4365 1081
4370 966
4375 969
4380 1008
4385 1047
4390 990
4395 1119
4400 1038
4405 1001
4410 1040
4415 1004
4420 1005
4425 1044
4430 1009
4435 1011
4440 1013
4445 1023
4450 987
4455 988
4460 990
4465 989
4470 1033
4475 993
4480 995
4485 994
4490 1001
4495 1179
4500 1000
4505 1002
4510 1002
4515 1004
4520 1202
4525 1006
4530 1005
4535 1084
4540 1011
4545 1009
4550 1011
4555 1010
4560 1014
4565 1053
4570 1172
4575 1057
4580 1020
4585 1018
4590 1018
4595 1175
4600 1024
4605 1024
4610 1024
4615 1051
4620 1092
4625 1123
4630 1030
4635 1139
4640 1063
4645 1061
4650 1062
4655 1067
4660 1074
4665 1114
4670 1075
4675 1072
4680 1071
4685 1043
4690 1146
4695 1047
4700 1048
4705 1048
4710 1050
4715 1128
4720 1054
4725 1143
4730 1130
4735 1133
4740 1059
4745 1132
4750 1059
4755 1060
4760 1138
4765 1061
4770 1101
4775 1156
4780 1069
4785 1162
4790 1070
4795 1070
4800 1143
4805 1074
4810 1142
4815 1117
4820 1106
4825 1109
4830 1107
4835 1109
4840 1160
4845 1111
4850 1114
4855 1201
4860 1087
4865 1088
4870 1148
4875 1096
4880 1286
4885 1167
4890 1172
4895 1095
4900 1173
4905 1126
4910 1128
4915 1128
4920 1132
4925 1133
4930 1132
4935 1134
4940 1198
4945 1220
4950 1295
4955 1181
4960 1190
4965 1263
4970 1692
4975 1213
4980 1155
4985 1217
4990 1165
4995 1185
5000 1151
5005 1151
5010 1308
5015 1235
5020 1213
5025 1247
5030 1212
5035 1231
5040 1302
5045 1328
5050 1371
5055 1297
5060 1427
5065 1339
5070 1530
5075 1503
5080 1373
5085 1201
5090 1178
5095 1184
5100 1479
5105 1252
5110 1319
5115 1191
5120 1211
5125 1248
5130 1234
5135 1217
5140 1220
5145 1222
5150 1228
5155 1223
5160 1223
5165 1234
5170 1225
5175 1195
5180 1197
5185 1198
5190 1285
5195 1200
5200 1279
5205 1271
5210 1292
5215 1255
5220 1254
5225 1281
5230 1296
5235 1249
5240 1246
5245 1273
5250 1281
5255 1268
5260 1310
5265 1257
5270 1311
5275 1290
5280 1257
5285 1254
5290 1268
5295 1259
5300 1259
5305 1257
5310 1266
5315 1266
5320 1263
5325 1266
5330 1288
5335 1269
5340 1270
5345 1270
5350 1280
5355 1276
5360 1285
5365 1279
5370 1248
5375 1336
5380 1281
5385 1247
5390 1325
5395 1298
5400 1300
5405 1302
5410 1305
5415 1318
5420 1305
5425 1341
5430 1343
5435 1496
5440 1311
5445 1318
5450 1302
5455 1301
5460 1302
5465 1335
5470 1306
5475 1305
5480 1312
5485 1316
5490 1308
5495 1308
5500 1310
5505 1313
5510 1349
5515 1318
5520 1285
5525 1322
5530 1378
5535 1287
5540 1286
5545 1288
5550 1327
5555 1291
5560 1293
5565 1417
5570 1323
5575 1389
5580 1298
5585 1297
5590 1356
5595 1681
5600 1381
5605 1375
5610 1498
5615 1373
5620 1343
5625 1395
5630 1346
5635 1398
5640 1348
5645 1357
5650 1350
5655 1353
5660 1354
5665 1359
5670 1358
5675 1357
5680 1451
5685 1374
5690 1329
5695 1327
5700 1424
5705 1406
5710 1331
5715 1333
5720 1334
5725 1321
5730 1303
5735 1302
5740 1384
5745 1305
5750 1306
5755 1443
5760 1435
5765 1455
5770 1346
5775 1389
5780 1351
5785 1394
5790 1352
5795 1389
5800 1355
5805 1355
5810 1356
5815 1473
5820 1360
5825 1359
5830 1361
5835 1454
5840 1362
5845 1363
5850 1523
5855 1367
5860 1370
5865 1402
5870 1468
5875 1484
5880 1416
5885 1409
5890 1395
5895 1341
5900 1391
5905 1409
5910 1437
5915 1383
5920 1385
5925 1458
5930 1458
5935 1441
5940 1468
5945 1434
5950 1392
5955 1394
5960 1438
5965 1422
5970 1435
5975 1454
5980 1452
5985 1438
5990 1439
5995 1451
6000 1441
6005 1407
6010 1444
6015 1409
6020 1453
6025 1411
6030 1412
6035 1464
6040 1418
6045 1415
6050 1460
6055 1420
6060 1421
6065 1423
6070 1451
6075 1518
6080 1463
6085 1392
6090 1469
6095 1467
6100 1537
6105 1480
6110 1475
6115 1474
6120 1490
6125 1512
6130 1439
6135 1529
6140 1488
6145 1445
6150 1512
6155 1450
6160 1446
6165 1564
6170 1411
6175 1561
6180 1414
6185 1415
6190 1418
6195 1538
6200 1458
6205 1419
6210 2144
6215 1516
6220 1500
6225 1500
6230 1503
6235 1504
6240 1515
6245 1506
6250 1506
6255 1517
6260 1529
6265 1506
6270 1528
6275 1555
6280 1477
6285 1477
6290 1480
6295 1595
6300 1443
6305 1588
6310 1523
6315 1448
6320 1454
6325 1450
6330 1646
6335 1553
6340 1454
6345 1542
6350 1455
6355 1458
6360 1459
6365 1458
6370 1631
6375 1537
6380 1540
6385 1467
6390 1465
6395 1488
6400 1597
6405 1471
6410 1548
6415 1616
6420 1513
6425 1516
6430 1517
6435 1558
6440 1692
6445 1569
6450 1479
6455 1596
6460 1599
6465 1793
6470 1597
6475 1487
6480 1668
6485 1689
6490 1619
6495 1566
6500 1623
6505 1692
6510 1587
6515 1599
6520 1585
6525 1605
6530 1629
6535 1585
6540 1605
6545 1640
6550 1615
6555 1596
6560 1602
6565 1592
6570 1607
6575 1654
6580 1613
6585 1707
6590 1723
6595 1610
6600 1560
6605 1673
6610 1616
6615 1606
6620 1606
6625 1610
6630 1615
6635 1676
6640 1612
6645 1628
6650 1572
6655 1663
6660 1620
6665 1575
6670 1628
6675 1738
6680 1581
6685 1707
6690 1591
6695 1666
6700 1684
6705 1637
6710 1667
6715 1591
6720 1760
6725 1678
6730 1689
6735 1649
6740 1652
6745 1642
6750 1670
6755 1644
6760 1650
6765 1673
6770 1655
6775 1658
6780 1671
6785 1661
6790 1672
6795 1713
6800 1662
6805 1655
6810 1675
6815 1656
6820 1659
6825 1665
6830 1669
6835 1665
6840 1820
6845 1696
6850 1623
6855 1773
6860 1628
6865 1733
6870 1687
6875 1675
6880 1706
6885 1681
6890 1706
6895 1689
6900 1716
6905 1765
6910 1645
6915 1739
6920 1700
6925 1699
6930 1694
6935 1691
6940 1709
6945 1692
6950 1705
6955 1679
6960 1679
6965 1846
6970 1653
6975 1772
6980 1795
6985 1704
6990 1728
6995 1706
7000 1741
7005 1716
7010 1747
7015 1777
7020 1668
7025 1801
7030 1671
7035 1771
7040 1729
7045 1777
7050 1716
7055 1676
7060 1797
7065 1685
7070 1796
7075 1678
7080 1761
7085 1774
7090 1799
7095 1761
7100 1746
7105 1764
7110 1746
7115 1754
7120 1747
7125 1696
7130 1805
7135 1749
7140 1779
7145 1842
7150 1733
7155 1799
7160 1702
7165 1826
7170 1707
7175 1751
7180 1801
7185 1754
7190 1709
7195 1713
7200 1762
7205 1715
7210 1716
7215 1766
7220 1720
7225 1771
7230 1728
7235 1761
7240 2186
7245 1943
7250 1835
7255 1828
7260 2160
7265 1927
7270 1817
7275 1964
7280 2292
7285 2258
7290 1805
7295 1902
7300 1952
7305 1768
7310 1865
7315 1701
7320 1733
7325 1801
7330 1819
7335 1880
7340 2060
7345 1945
7350 1880
7355 1839
7360 1755
7365 1834
7370 1849
7375 1800
7380 1838
7385 1804
7390 1877
7395 1871
7400 1765
7405 1768
7410 1914
7415 2420
7420 2040
7425 1814
7430 1774
7435 1818
7440 1776
7445 1780
7450 1850
7455 1819
7460 1780
7465 1825
7470 1782
7475 1781
7480 1924
7485 1787
7490 1785
7495 1871
7500 1762
7505 1898
7510 1819
7515 1746
7520 1869
7525 1749
7530 1826
7535 1915
7540 1798
7545 1757
7550 1840
7555 1831
7560 1762
7565 1878
7570 1835
7575 1761
7580 1848
7585 1806
7590 1772
7595 1898
7600 1769
7605 1847
7610 1772
7615 1837
7620 1781
7625 1884
7630 1854
7635 1913
7640 1783
7645 1939
7650 1984
7655 1828
7660 1833
7665 1872
7670 1839
7675 1845
7680 1790
7685 1829
7690 1866
7695 1793
7700 1795
7705 1911
7710 1808
7715 1885
7720 2028
7725 1850
7730 1871
7735 1852
7740 1855
7745 1878
7750 1853
7755 1851
7760 1964
7765 1811
7770 1895
7775 1892
7780 1814
7785 1818
7790 1823
7795 1906
7800 1818
7805 1942
7810 1899
7815 1869
7820 1863
7825 1826
7830 1978
7835 1829
7840 1832
7845 1830
7850 1892
7855 1839
7860 2192
7865 1885
7870 1952
7875 1904
7880 1886
7885 2027
7890 1932
7895 1920
7900 1851
7905 1846
7910 1890
7915 1907
7920 1900
7925 1998
7930 1907
7935 1896
7940 1918
7945 1857
7950 1861
7955 1943
7960 1901
7965 1983
7970 1861
7975 1865
7980 2084
7985 1868
7990 1869
7995 1970
8000 1869
8005 1873
8010 1872
8015 1951
8020 2027
8025 1878
8030 1971
8035 2000
8040 1975
8045 1934
8050 1951
8055 1944
8060 1946
8065 2138
8070 2098
8075 2165
8080 1993
8085 2009
8090 1997
8095 2001
8100 1997
8105 2016
8110 1989
8115 1949
8120 1949
8125 2000
8130 1952
8135 2059
8140 2056
8145 1908
8150 2126
8155 1910
8160 2121
8165 2181
8170 2050
8175 2008
8180 1966
8185 1973
8190 2114
8195 1970
8200 2023
8205 2012
8210 1975
8215 1982
8220 1977
8225 1986
8230 2022
8235 1930
8240 2066
8245 1931
8250 1998
8255 2015
8260 1939
8265 2019
8270 1938
8275 2024
8280 2061
8285 1942
8290 2081
8295 2139
8300 2106
8305 2043
8310 2038
8315 2077
8320 2004
8325 2006
8330 2143
8335 1956
8340 2002
8345 2176
8350 1987
8355 2055
8360 2012
8365 2020
8370 2023
8375 2010
8380 2105
8385 1969
8390 2146
8395 2205
8400 2028
8405 2062
8410 2025
8415 2033
8420 2040
8425 2036
8430 2033
8435 2070
8440 2096
8445 2084
8450 1984
8455 1986
8460 2073
8465 2032
8470 1989
8475 2041
8480 1990
8485 2083
8490 1999
8495 2025
8500 2234
8505 2129
8510 2094
8515 2169
8520 2064
8525 2056
8530 2098
8535 2193
8540 2254
8545 2386
8550 2290
8555 2229
8560 2116
8565 2068
8570 2072
8575 2070
8580 2190
8585 2077
8590 2076
8595 2183
8600 2077
8605 2125
8610 2056
8615 2154
8620 2030
8625 2098
8630 2293
8635 2155
8640 2091
8645 2206
8650 2103
8655 2135
8660 2455
8665 2752
8670 2505
8675 2197
8680 2100
8685 2225
8690 2234
8695 2148
8700 2148
8705 2105
8710 2110
8715 2105
8720 2110
8725 2152
8730 2150
8735 2268
8740 2230
8745 2299
8750 2204
8755 2130
8760 2134
8765 2105
8770 2191
8775 2073
8780 2111
8785 2342
8790 2126
8795 2215
8800 2132
8805 2209
8810 2114
8815 2082
8820 2125
8825 2082
8830 2129
8835 2241
8840 2085
8845 2420
8850 2227
8855 2210
8860 2204
8865 2209
8870 2212
8875 2208
8880 2197
8885 2160
8890 2193
8895 2254
8900 2237
8905 2174
8910 2650
8915 2272
8920 2173
8925 2239
8930 2168
8935 2211
8940 2213
8945 2220
8950 2216
8955 2173
8960 2219
8965 2187
8970 2127
8975 2238
8980 2235
8985 2438
8990 2218
8995 2212
9000 2295
9005 2240
9010 2226
9015 2337
9020 2343
9025 2455
9030 2538
9035 2191
9040 2203
9045 2252
9050 2267
9055 2279
9060 2286
9065 2261
9070 2269
9075 2242
9080 2318
9085 2328
9090 2210
9095 2253
9100 2210
9105 2273
9110 2350
9115 2221
9120 2299
9125 2225
9130 2231
9135 2255
9140 2244
9145 2173
9150 2173
9155 2254
9160 2169
9165 2232
9170 2291
9175 2174
9180 2245
9185 2185
9190 2338
9195 2185
9200 2350
9205 2647
9210 2935
9215 2472
9220 2517
9225 2242
9230 2296
9235 2257
9240 2257
9245 2370
9250 2251
9255 2302
9260 2329
9265 2262
9270 2255
9275 2338
9280 2248
9285 2288
9290 2350
9295 2207
9300 2469
9305 2267
9310 2322
9315 2268
9320 2319
9325 2227
9330 2300
9335 2313
9340 2225
9345 2332
9350 2261
9355 2364
9360 2221
9365 2334
9370 2223
9375 2222
9380 2442
9385 2227
9390 2337
9395 2229
9400 2355
9405 2245
9410 2240
9415 2319
9420 2242
9425 2337
9430 2349
9435 2330
9440 2239
9445 2290
9450 2247
9455 2248
9460 2330
9465 2317
9470 2358
9475 2355
9480 2444
9485 2341
9490 2263
9495 2371
9500 2474
9505 2451
9510 2320
9515 2586
9520 2324
9525 2425
9530 2332
9535 2369
9540 2324
9545 2376
9550 2338
9555 2391
9560 2429
9565 2729
9570 2279
9575 2387
9580 2381
9585 2382
9590 2435
9595 2343
9600 2511
9605 2381
9610 2479
9615 2345
9620 2451
9625 2640
9630 2413
9635 2510
9640 2353
9645 2423
9650 2365
9655 2401
9660 2359
9665 2369
9670 2367
9675 2424
9680 2303
9685 2414
9690 2313
9695 2391
9700 2453
9705 2318
9710 2397
9715 2310
9720 2567
9725 2864
9730 3008
9735 2464
9740 2475
9745 2390
9750 2393
9755 2386
9760 2438
9765 2391
9770 2525
9775 2369
9780 2395
9785 2539
9790 2343
9795 2331
9800 2616
9805 2336
9810 2418
9815 2593
9820 2401
9825 2458
9830 2405
9835 2429
9840 2345
9845 2427
9850 2428
9855 2521
9860 2348
9865 2429
9870 2354
9875 2363
9880 2355
9885 2481
9890 2521
9895 2443
9900 2496
9905 2438
9910 2452
9915 2372
9920 2494
9925 2590
9930 2596
9935 2483
9940 2530
9945 2481
9950 2482
9955 2437
9960 2447
9965 2447
9970 2541
9975 2427
9980 2381
9985 2531
9990 2384
9995 2493
10000 2395
