5 0
10 0
15 1
20 1
25 2
30 2
35 3
40 3
45 4
50 4
55 5
60 6
65 6
70 7
75 8
80 8
85 9
90 10
95 10
100 11
105 12
110 12
115 13
120 14
125 14
130 15
135 15
140 16
145 17
150 18
155 19
160 20
165 20
170 21
175 22
180 22
185 23
190 24
195 25
200 25
205 26
210 27
215 29
220 29
225 30
230 31
235 32
240 33
245 33
250 34
255 35
260 36
265 37
270 37
275 38
280 39
285 40
290 41
295 42
300 43
305 44
310 45
315 46
320 46
325 47
330 48
335 49
340 50
345 51
350 52
355 53
360 54
365 55
370 56
375 56
380 57
385 58
390 60
395 61
400 61
405 62
410 63
415 65
420 65
425 66
430 67
435 68
440 69
445 70
450 71
455 155
460 93
465 76
470 76
475 77
480 77
485 78
490 79
495 80
500 81
505 82
510 83
515 84
520 85
525 86
530 87
535 88
540 89
545 90
550 91
555 92
560 93
565 96
570 95
575 96
580 97
585 99
590 99
595 100
600 101
605 102
610 103
615 104
620 105
625 106
630 107
635 108
640 109
645 110
650 111
655 112
660 112
665 114
670 115
675 116
680 117
685 118
690 121
695 121
700 121
705 123
710 123
715 125
720 125
725 127
730 127
735 129
740 130
745 131
750 133
755 133
760 134
765 134
770 136
775 241
780 165
785 143
790 144
795 145
800 186
805 147
810 148
815 149
820 150
825 151
830 153
835 154
840 185
845 174
850 157
855 178
860 178
865 160
870 203
875 163
880 164
885 165
890 166
895 167
900 168
905 170
910 170
915 171
920 172
925 173
930 174
935 175
940 177
945 178
950 274
955 217
960 181
965 181
970 275
975 280
980 185
985 186
990 187
995 188
1000 190
1005 258
1010 212
1015 193
1020 194
1025 195
1030 198
1035 198
1040 199
1045 199
1050 201
1055 203
1060 360
1065 242
1070 205
1075 207
1080 208
1085 208
1090 210
1095 210
1100 213
1105 212
1110 214
1115 216
1120 233
1125 216
1130 219
1135 219
1140 241
1145 316
1150 223
1155 225
1160 225
1165 226
1170 228
1175 229
1180 230
1185 230
1190 231
1195 233
1200 235
1205 235
1210 236
1215 239
1220 276
1225 240
1230 241
1235 242
1240 245
1245 244
1250 246
1255 246
1260 248
1265 248
1270 250
1275 250
1280 252
1285 253
1290 254
1295 255
1300 257
1305 258
1310 259
1315 260
1320 261
1325 341
1330 263
1335 265
1340 266
1345 267
1350 267
1355 269
1360 270
1365 271
1370 272
1375 273
1380 274
1385 277
1390 277
1395 278
1400 279
1405 281
1410 283
1415 283
1420 418
1425 285
1430 287
1435 288
1440 290
1445 291
1450 291
1455 292
1460 294
1465 295
1470 308
1475 289
1480 290
1485 292
1490 293
1495 294
1500 370
1505 295
1510 296
1515 298
1520 299
1525 423
1530 302
1535 304
1540 304
1545 305
1550 306
1555 307
1560 309
1565 311
1570 312
1575 351
1580 313
1585 315
1590 315
1595 317
1600 317
1605 318
1610 319
1615 321
1620 321
1625 323
1630 324
1635 326
1640 326
1645 414
1650 423
1655 364
1660 349
1665 351
1670 355
1675 359
1680 363
1685 363
1690 363
1695 402
1700 365
1705 369
1710 371
1715 365
1720 366
1725 387
1730 396
1735 370
1740 374
1745 374
1750 380
1755 377
1760 379
1765 383
1770 384
1775 386
1780 415
1785 400
1790 428
1795 403
1800 392
1805 400
1810 392
1815 402
1820 392
1825 396
1830 394
1835 396
1840 395
1845 406
1850 396
1855 396
1860 395
1865 397
1870 400
1875 411
1880 403
1885 403
1890 408
1895 409
1900 405
1905 407
1910 411
1915 421
1920 412
1925 413
1930 413
1935 414
1940 415
1945 417
1950 418
1955 418
1960 419
1965 421
1970 422
1975 424
1980 427
1985 426
1990 427
1995 428
2000 460
2005 430
2010 433
2015 434
2020 434
2025 435
2030 440
2035 442
2040 439
2045 439
2050 442
2055 442
2060 444
2065 444
2070 446
2075 448
2080 449
2085 450
2090 452
2095 462
2100 443
2105 443
2110 444
2115 445
2120 518
2125 508
2130 450
2135 450
2140 450
2145 452
2150 493
2155 457
2160 456
2165 457
2170 459
2175 460
2180 461
2185 462
2190 503
2195 464
2200 492
2205 484
2210 489
2215 541
2220 513
2225 499
2230 520
2235 522
2240 511
2245 550
2250 527
2255 498
2260 500
2265 501
2270 500
2275 575
2280 498
2285 500
2290 500
2295 500
2300 502
2305 525
2310 527
2315 510
2320 540
2325 511
2330 521
2335 513
2340 514
2345 514
2350 514
2355 515
2360 517
2365 520
2370 520
2375 520
2380 522
2385 525
2390 524
2395 524
2400 526
2405 577
2410 533
2415 531
2420 593
2425 535
2430 536
2435 536
2440 536
2445 540
2450 567
2455 541
2460 542
2465 544
2470 544
2475 545
2480 546
2485 547
2490 552
2495 551
2500 551
2505 552
2510 553
2515 554
2520 556
2525 557
2530 558
2535 559
2540 603
2545 562
2550 564
2555 566
2560 617
2565 552
2570 553
2575 556
2580 557
2585 556
2590 625
2595 562
2600 561
2605 648
2610 566
2615 566
2620 567
2625 570
2630 608
2635 570
2640 572
2645 572
2650 610
2655 654
2660 632
2665 577
2670 579
2675 580
2680 581
2685 582
2690 583
2695 622
2700 586
2705 672
2710 589
2715 675
2720 641
2725 608
2730 610
2735 611
2740 612
2745 613
2750 613
2755 614
2760 628
2765 617
2770 619
2775 622
2780 624
2785 626
2790 623
2795 627
2800 634
2805 653
2810 611
2815 614
2820 615
2825 617
2830 617
2835 618
2840 618
2845 623
2850 622
2855 623
2860 625
2865 626
2870 691
2875 755
2880 921
2885 805
2890 682
2895 656
2900 660
2905 653
2910 660
2915 656
2920 663
2925 658
2930 659
2935 660
2940 664
2945 663
2950 664
2955 677
2960 666
2965 667
2970 669
2975 670
2980 670
2985 672
2990 677
2995 675
3000 677
3005 677
3010 679
3015 682
3020 683
3025 664
3030 745
3035 667
3040 667
3045 751
3050 670
3055 671
3060 673
3065 674
3070 846
3075 676
3080 676
3085 698
3090 679
3095 717
3100 682
3105 721
3110 684
3115 688
3120 689
3125 686
3130 688
3135 688
3140 692
3145 697
3150 694
3155 693
3160 696
3165 698
3170 698
3175 701
3180 752
3185 703
3190 704
3195 706
3200 706
3205 706
3210 711
3215 708
3220 766
3225 721
3230 694
3235 696
3240 698
3245 702
3250 699
3255 826
3260 701
3265 778
3270 703
3275 707
3280 781
3285 710
3290 708
3295 711
3300 710
3305 713
3310 714
3315 714
3320 716
3325 876
3330 720
3335 719
3340 720
3345 724
3350 723
3355 725
3360 937
3365 727
3370 791
3375 747
3380 764
3385 731
3390 818
3395 734
3400 734
3405 735
3410 737
3415 739
3420 739
3425 848
3430 743
3435 744
3440 745
3445 745
3450 745
3455 748
3460 851
3465 751
3470 752
3475 753
3480 754
3485 755
3490 834
3495 915
3500 757
3505 760
3510 761
3515 762
3520 764
3525 845
3530 768
3535 895
3540 767
3545 786
3550 792
3555 795
3560 794
3565 794
3570 796
3575 798
3580 800
3585 844
3590 836
3595 802
3600 803
3605 805
3610 784
3615 866
3620 789
3625 956
3630 793
3635 795
3640 867
3645 794
3650 795
3655 872
3660 798
3665 818
3670 820
3675 825
3680 824
3685 847
3690 878
3695 825
3700 827
3705 828
3710 908
3715 869
3720 831
3725 869
3730 835
3735 837
3740 877
3745 904
3750 861
3755 842
3760 842
3765 844
3770 849
3775 921
3780 852
3785 826
3790 829
3795 887
3800 830
3805 835
3810 834
3815 833
3820 835
3825 836
3830 837
3835 902
3840 856
3845 840
3850 842
3855 844
3860 987
3865 865
3870 1008
3875 847
3880 847
3885 849
3890 850
3895 1010
3900 854
3905 854
3910 857
3915 857
3920 858
3925 997
3930 859
3935 862
3940 863
3945 865
3950 865
3955 976
3960 891
3965 892
3970 1014
3975 1278
3980 1129
3985 1052
3990 1172
3995 1077
4000 928
4005 945
4010 929
4015 938
4020 940
4025 932
4030 952
4035 941
4040 939
4045 943
4050 943
4055 939
4060 949
4065 942
4070 943
4075 949
4080 958
4085 952
4090 961
4095 962
4100 926
4105 977
4110 931
4115 981
4120 930
4125 930
4130 1023
4135 938
4140 937
4145 935
4150 937
4155 940
4160 941
4165 942
4170 1023
4175 948
4180 945
4185 947
4190 948
4195 1037
4200 945
4205 977
4210 952
4215 955
4220 1064
4225 931
4230 932
4235 1011
4240 936
4245 936
4250 1014
4255 939
4260 940
4265 1007
4270 971
4275 1009
4280 969
4285 947
4290 1115
4295 965
4300 1309
4305 976
4310 1023
4315 1053
4320 980
4325 1040
4330 1020
4335 1024
4340 984
4345 1040
4350 992
4355 1077
4360 1019
4365 1084
4370 991
4375 1073
4380 995
4385 1031
4390 1017
4395 1027
4400 1060
4405 1028
4410 1030
4415 1031
4420 1034
4425 1035
4430 1035
4435 1036
4440 1031
4445 1050
4450 1017
4455 1015
4460 1015
4465 1016
4470 1016
4475 1022
4480 1018
4485 1030
4490 996
4495 1077
4500 1058
4505 1080
4510 1001
4515 1001
4520 1003
4525 1145
4530 1005
4535 1008
4540 1008
4545 1008
4550 1014
4555 1013
4560 1013
4565 1014
4570 1013
4575 1133
4580 1017
4585 1085
4590 1056
4595 1100
4600 1093
4605 1060
4610 1026
4615 1067
4620 1028
4625 1132
4630 1058
4635 1057
4640 1064
4645 1062
4650 1155
4655 1069
4660 1072
4665 1069
4670 1080
4675 1142
4680 1071
4685 1089
4690 1304
4695 1192
4700 1081
4705 1138
4710 1078
4715 1186
4720 1084
4725 1082
4730 1081
4735 1086
4740 1084
4745 1084
4750 1088
4755 1088
4760 1090
4765 1130
4770 1093
4775 1094
4780 1098
4785 1096
4790 1159
4795 1099
4800 1112
4805 1072
4810 1074
4815 1191
4820 1077
4825 1155
4830 1080
4835 1084
4840 1081
4845 1158
4850 1083
4855 1085
4860 1126
4865 1089
4870 1164
4875 1090
4880 1096
4885 1200
4890 1095
4895 1126
4900 1125
4905 1213
4910 1099
4915 1101
4920 1245
4925 1158
4930 1190
4935 1133
4940 1135
4945 1137
4950 1218
4955 1138
4960 1183
4965 1146
4970 1146
4975 1268
4980 1115
4985 1117
4990 1118
4995 1194
5000 1121
5005 1206
5010 1124
5015 1127
5020 1126
5025 1226
5030 1129
5035 1129
5040 1210
5045 1234
5050 1195
5055 1134
5060 1237
5065 1315
5070 1137
5075 1141
5080 1218
5085 1227
5090 1144
5095 1143
5100 1194
5105 1217
5110 1178
5115 1225
5120 1299
5125 1533
5130 1633
5135 1328
5140 1186
5145 1316
5150 1189
5155 1189
5160 1270
5165 1270
5170 1193
5175 1194
5180 1195
5185 1199
5190 1197
5195 1198
5200 1202
5205 1203
5210 1284
5215 1205
5220 1207
5225 1208
5230 1332
5235 1209
5240 1209
5245 1212
5250 1250
5255 1211
5260 1187
5265 1187
5270 1289
5275 1226
5280 1190
5285 1189
5290 1192
5295 1294
5300 1302
5305 1234
5310 1201
5315 1282
5320 1200
5325 1322
5330 1242
5335 1282
5340 1206
5345 1205
5350 1209
5355 1208
5360 1209
5365 1215
5370 1271
5375 1234
5380 1274
5385 1215
5390 1220
5395 1216
5400 1382
5405 1221
5410 1223
5415 1222
5420 1306
5425 1226
5430 1319
5435 1228
5440 1233
5445 1230
5450 1271
5455 1234
5460 1388
5465 1236
5470 1236
5475 1478
5480 1340
5485 1242
5490 1287
5495 1323
5500 1332
5505 1277
5510 1376
5515 1318
5520 1299
5525 1324
5530 1283
5535 1287
5540 1330
5545 1286
5550 1289
5555 1298
5560 1337
5565 1294
5570 1294
5575 1296
5580 1338
5585 1298
5590 1300
5595 1302
5600 1298
5605 1270
5610 1309
5615 1360
5620 1426
5625 1276
5630 1280
5635 1278
5640 1367
5645 1357
5650 1281
5655 1281
5660 1363
5665 1365
5670 1285
5675 1288
5680 1440
5685 1291
5690 1294
5695 1349
5700 1310
5705 1379
5710 1467
5715 1449
5720 1303
5725 1300
5730 1442
5735 1454
5740 1303
5745 1342
5750 1383
5755 1343
5760 1343
5765 1345
5770 1345
5775 1388
5780 1391
5785 1312
5790 1322
5795 1420
5800 1319
5805 1399
5810 1398
5815 1322
5820 1365
5825 1324
5830 1330
5835 1403
5840 1330
5845 1331
5850 1429
5855 1409
5860 1557
5865 1340
5870 1481
5875 1339
5880 1416
5885 1422
5890 1378
5895 1377
5900 1378
5905 1379
5910 1384
5915 1387
5920 1477
5925 1435
5930 1351
5935 1353
5940 1354
5945 1467
5950 1356
5955 1361
5960 1442
5965 1363
5970 1361
5975 1362
5980 1451
5985 1365
5990 1368
5995 1366
6000 1469
6005 1369
6010 1370
6015 1380
6020 1439
6025 1375
6030 1652
6035 1458
6040 1383
6045 1440
6050 1782
6055 1566
6060 1502
6065 1462
6070 1471
6075 1461
6080 1471
6085 1469
6090 1467
6095 1468
6100 1467
6105 1476
6110 1473
6115 1471
6120 1475
6125 1468
6130 1438
6135 1439
6140 1482
6145 1483
6150 1445
6155 1445
6160 1531
6165 1444
6170 1412
6175 1576
6180 1414
6185 1414
6190 1418
6195 1455
6200 1418
6205 1420
6210 1462
6215 1662
6220 1424
6225 1545
6230 1565
6235 1467
6240 1465
6245 1558
6250 1565
6255 1474
6260 1516
6265 1435
6270 1438
6275 1437
6280 1516
6285 1440
6290 1441
6295 1448
6300 1540
6305 1524
6310 1446
6315 1528
6320 1493
6325 1452
6330 1451
6335 1452
6340 1454
6345 1454
6350 1570
6355 1457
6360 1502
6365 1460
6370 1624
6375 1550
6380 1466
6385 1621
6390 1506
6395 1505
6400 1512
6405 1600
6410 1518
6415 1518
6420 1586
6425 1477
6430 1479
6435 1616
6440 1482
6445 1480
6450 1481
6455 1558
6460 1488
6465 1687
6470 1564
6475 1530
6480 1510
6485 1574
6490 1536
6495 1573
6500 1539
6505 1623
6510 1542
6515 1525
6520 1644
6525 1503
6530 1503
6535 1633
6540 1583
6545 1583
6550 1506
6555 1563
6560 1556
6565 1515
6570 1686
6575 1513
6580 1591
6585 1591
6590 1558
6595 1519
6600 1527
6605 1521
6610 1522
6615 1699
6620 1679
6625 1526
6630 1527
6635 1701
6640 1570
6645 1572
6650 1610
6655 1575
6660 1575
6665 1579
6670 1563
6675 1672
6680 1539
6685 1629
6690 1547
6695 1712
6700 1791
6705 1595
6710 1591
6715 1632
6720 1594
6725 1639
6730 1578
6735 1622
6740 1573
6745 1563
6750 1669
6755 1605
6760 1563
6765 1710
6770 1563
6775 1644
6780 1646
6785 1624
6790 1568
6795 1680
6800 1669
6805 1573
6810 1652
6815 1575
6820 1626
6825 1813
6830 1695
6835 1666
6840 1735
6845 1806
6850 1724
6855 1684
6860 1673
6865 1676
6870 1676
6875 1724
6880 1710
6885 1679
6890 1693
6895 1681
6900 1714
6905 1670
6910 1640
6915 1642
6920 1644
6925 1698
6930 1651
6935 1711
6940 1608
6945 1606
6950 1771
6955 1608
6960 1610
6965 1719
6970 1659
6975 1696
6980 1754
6985 1916
6990 1754
6995 1768
7000 1740
7005 1738
7010 1787
7015 1688
7020 1730
7025 1719
7030 1715
7035 1722
7040 1717
7045 1733
7050 1727
7055 1781
7060 2044
7065 1735
7070 1729
7075 1729
7080 1731
7085 1763
7090 1732
7095 1739
7100 1734
7105 1737
7110 1747
7115 1748
7120 1781
7125 1753
7130 1761
7135 1746
7140 1758
7145 1754
7150 1749
7155 1750
7160 1752
7165 1755
7170 1770
7175 1765
7180 1757
7185 1756
7190 1805
7195 1789
7200 1834
7205 1807
7210 1717
7215 1720
7220 1721
7225 1723
7230 1721
7235 1772
7240 1728
7245 1688
7250 1834
7255 1684
7260 1687
7265 1773
7270 1766
7275 1691
7280 1690
7285 1692
7290 1773
7295 1761
7300 1695
7305 1794
7310 1849
7315 1699
7320 1720
7325 2072
7330 1748
7335 1759
7340 1774
7345 1850
7350 1797
7355 1754
7360 1797
7365 1859
7370 1759
7375 1761
7380 1806
7385 1762
7390 1765
7395 1834
7400 1772
7405 2053
7410 1925
7415 1777
7420 1859
7425 1885
7430 1776
7435 1812
7440 1779
7445 1778
7450 1786
7455 1782
7460 1786
7465 1869
7470 1823
7475 1791
7480 1893
7485 1780
7490 1743
7495 1848
7500 1745
7505 1750
7510 1748
7515 1953
7520 1866
7525 1753
7530 2002
7535 2352
7540 2326
7545 2294
7550 1804
7555 1878
7560 1845
7565 1858
7570 1867
7575 1865
7580 1860
7585 1868
7590 1958
7595 1815
7600 1854
7605 1817
7610 1819
7615 1861
7620 1775
7625 1775
7630 1936
7635 1778
7640 1783
7645 1970
7650 1784
7655 1781
7660 1875
7665 1864
7670 1794
7675 1788
7680 1788
7685 1871
7690 1793
7695 1794
7700 1908
7705 1797
7710 1893
7715 1928
7720 1856
7725 1855
7730 1941
7735 1852
7740 1856
7745 1917
7750 1807
7755 1946
7760 1849
7765 1811
7770 1892
7775 1929
7780 1815
7785 1821
7790 1894
7795 2046
7800 1899
7805 1822
7810 1844
7815 1869
7820 1832
7825 1911
7830 1827
7835 1828
7840 1877
7845 1920
7850 1834
7855 1913
7860 1927
7865 1917
7870 1967
7875 1887
7880 1928
7885 1941
7890 1894
7895 1901
7900 1882
7905 1933
7910 1928
7915 1848
7920 2003
7925 1980
7930 1954
7935 1985
7940 1904
7945 1911
7950 1898
7955 1860
7960 1936
7965 1860
7970 1868
7975 1952
7980 1865
7985 1865
7990 1950
7995 1947
8000 1870
8005 1870
8010 1975
8015 2024
8020 1881
8025 1876
8030 2075
8035 1878
8040 1879
8045 2073
8050 1910
8055 2077
8060 1952
8065 1939
8070 1981
8075 1939
8080 1942
8085 2085
8090 1943
8095 1991
8100 2036
8105 2046
8110 1917
8115 1897
8120 2022
8125 1902
8130 1903
8135 2057
8140 2024
8145 1949
8150 1992
8155 1914
8160 1915
8165 1911
8170 2051
8175 2562
8180 2365
8185 2058
8190 2010
8195 1977
8200 2010
8205 1973
8210 1980
8215 1976
8220 2017
8225 2026
8230 1985
8235 1987
8240 2099
8245 1977
8250 2132
8255 1934
8260 1937
8265 1937
8270 1937
8275 2097
8280 1941
8285 1945
8290 2043
8295 2026
8300 2014
8305 1976
8310 1949
8315 2033
8320 1949
8325 1952
8330 2033
8335 1951
8340 2088
8345 1956
8350 2109
8355 2149
8360 1960
8365 2004
8370 1966
8375 1966
8380 2106
8385 2093
8390 2074
8395 2051
8400 2029
8405 2170
8410 2033
8415 2132
8420 2039
8425 1980
8430 2066
8435 1991
8440 1983
8445 2078
8450 1987
8455 2102
8460 2088
8465 2154
8470 1989
8475 2069
8480 2077
8485 1994
8490 2036
8495 2180
8500 1996
8505 2040
8510 1999
8515 2037
8520 2006
8525 2080
8530 2180
8535 2012
8540 2007
8545 2188
8550 2049
8555 2128
8560 2012
8565 2014
8570 2093
8575 2017
8580 2137
8585 2022
8590 2135
8595 2594
8600 2024
8605 2169
8610 2082
8615 2120
8620 2080
8625 2080
8630 2125
8635 2086
8640 2166
8645 2324
8650 2141
8655 2172
8660 2130
8665 2100
8670 2169
8675 2041
8680 2109
8685 2044
8690 2190
8695 2128
8700 2158
8705 2243
8710 2053
8715 2078
8720 2106
8725 2108
8730 2133
8735 2122
8740 2277
8745 2106
8750 2146
8755 2075
8760 2314
8765 2657
8770 2844
8775 2238
8780 2158
8785 2215
8790 2134
8795 2130
8800 2126
8805 2136
8810 2140
8815 2133
8820 2177
8825 2146
8830 2259
8835 2221
8840 2166
8845 2192
8850 2191
8855 2251
8860 2147
8865 2148
8870 2269
8875 2327
8880 2227
8885 2114
8890 2181
8895 2158
8900 2162
8905 2157
8910 2200
8915 2197
8920 2106
8925 2234
8930 2197
8935 2109
8940 2187
8945 2110
8950 2182
8955 2113
8960 2115
8965 2203
8970 2121
8975 2203
8980 2163
8985 2123
8990 2219
8995 2122
9000 2202
9005 2167
9010 2239
9015 2132
9020 2132
9025 2321
9030 2133
9035 2381
9040 2216
9045 2212
9050 2333
9055 2200
9060 2240
9065 2199
9070 2294
9075 2187
9080 2222
9085 2148
9090 2218
9095 2269
9100 2155
9105 2282
9110 2303
9115 2160
9120 2321
9125 2159
9130 2270
9135 2161
9140 2169
9145 2204
9150 2318
9155 2164
9160 2169
9165 2254
9170 2169
9175 2325
9180 2171
9185 2221
9190 2175
9195 2260
9200 2255
9205 2259
9210 2267
9215 2183
9220 2243
9225 2246
9230 2224
9235 2188
9240 2229
9245 2267
9250 2196
9255 2190
9260 2297
9265 2194
9270 2309
9275 2284
9280 2203
9285 2282
9290 2260
9295 2244
9300 2307
9305 2281
9310 2280
9315 2699
9320 2684
9325 2368
9330 2289
9335 2379
9340 2334
9345 2399
9350 2354
9355 2278
9360 2286
9365 2279
9370 2374
9375 2280
9380 2325
9385 2284
9390 2328
9395 2290
9400 2395
9405 2315
9410 2234
9415 2403
9420 2237
9425 2397
9430 2239
9435 2333
9440 2313
9445 2286
9450 2329
9455 2244
9460 2336
9465 2248
9470 2353
9475 2634
9480 2387
9485 2382
9490 2460
9495 2376
9500 2359
9505 2400
9510 2354
9515 2369
9520 2344
9525 2412
9530 2264
9535 2347
9540 2263
9545 2275
9550 2271
9555 2279
9560 2353
9565 2280
9570 2569
9575 2275
9580 2534
9585 2346
9590 2411
9595 2339
9600 2342
9605 2400
9610 2362
9615 2422
9620 2285
9625 2366
9630 2288
9635 2376
9640 2300
9645 2396
9650 2293
9655 2304
9660 2463
9665 2299
9670 2380
9675 2299
9680 2395
9685 2309
9690 2407
9695 2347
9700 2700
9705 2389
9710 2418
9715 2427
9720 2379
9725 2411
9730 2367
9735 2462
9740 2457
9745 2455
9750 2383
9755 2462
9760 2406
9765 2392
9770 2329
9775 2454
9780 2554
9785 2332
9790 2497
9795 2333
9800 2385
9805 2371
9810 2413
9815 2339
9820 2506
9825 2416
9830 2721
9835 3196
9840 2802
9845 2407
9850 2454
9855 2412
9860 2519
9865 2419
9870 2527
9875 2459
9880 2502
9885 2387
9890 2442
9895 2435
9900 2488
9905 2435
9910 2363
9915 2543
9920 2411
9925 2549
9930 2430
9935 2429
9940 2433
9945 2479
9950 2373
9955 2508
9960 2375
9965 2452
9970 2378
9975 2377
9980 2461
9985 2612
9990 2383
9995 2390
10000 2477
