5 0
10 1
15 1
20 1
25 2
30 2
35 3
40 4
45 4
50 5
55 5
60 6
65 6
70 7
75 8
80 9
85 10
90 10
95 11
100 11
105 12
110 13
115 14
120 14
125 15
130 16
135 17
140 18
145 18
150 19
155 20
160 21
165 21
170 22
175 23
180 24
185 25
190 26
195 27
200 27
205 28
210 29
215 30
220 31
225 32
230 33
235 33
240 35
245 36
250 36
255 37
260 38
265 39
270 39
275 41
280 41
285 42
290 43
295 44
300 45
305 46
310 47
315 48
320 49
325 50
330 51
335 52
340 53
345 54
350 55
355 56
360 58
365 58
370 59
375 60
380 62
385 62
390 63
395 64
400 66
405 66
410 67
415 68
420 69
425 70
430 71
435 72
440 74
445 74
450 76
455 76
460 77
465 78
470 79
475 80
480 82
485 83
490 84
495 84
500 86
505 89
510 89
515 89
520 90
525 91
530 93
535 93
540 95
545 95
550 96
555 97
560 98
565 99
570 100
575 101
580 105
585 106
590 105
595 105
600 106
605 107
610 108
615 109
620 110
625 111
630 112
635 114
640 116
645 117
650 117
655 165
660 123
665 123
670 123
675 123
680 124
685 125
690 126
695 128
700 128
705 129
710 131
715 131
720 132
725 133
730 135
735 136
740 137
745 137
750 181
755 155
760 143
765 143
770 145
775 145
780 146
785 147
790 166
795 186
800 153
805 158
810 153
815 154
820 155
825 156
830 157
835 157
840 159
845 161
850 161
855 162
860 164
865 164
870 166
875 166
880 167
885 168
890 170
895 171
900 171
905 173
910 174
915 175
920 177
925 179
930 188
935 180
940 182
945 182
950 183
955 187
960 186
965 187
970 208
975 190
980 190
985 191
990 192
995 193
1000 195
1005 196
1010 197
1015 199
1020 199
1025 200
1030 201
1035 203
1040 205
1045 205
1050 206
1055 207
1060 209
1065 209
1070 210
1075 211
1080 215
1085 215
1090 216
1095 217
1100 218
1105 219
1110 222
1115 222
1120 222
1125 224
1130 228
1135 227
1140 228
1145 231
1150 231
1155 232
1160 231
1165 233
1170 234
1175 236
1180 237
1185 241
1190 238
1195 239
1200 282
1205 242
1210 243
1215 244
1220 245
1225 245
1230 246
1235 248
1240 249
1245 251
1250 252
1255 253
1260 255
1265 256
1270 256
1275 283
1280 294
1285 263
1290 263
1295 269
1300 264
1305 265
1310 265
1315 268
1320 280
1325 269
1330 272
1335 272
1340 274
1345 273
1350 276
1355 277
1360 279
1365 279
1370 293
1375 284
1380 287
1385 284
1390 380
1395 287
1400 288
1405 289
1410 291
1415 290
1420 293
1425 293
1430 293
1435 296
1440 298
1445 297
1450 299
1455 300
1460 302
1465 303
1470 304
1475 305
1480 308
1485 308
1490 309
1495 310
1500 315
1505 311
1510 312
1515 314
1520 318
1525 318
1530 319
1535 320
1540 321
1545 324
1550 363
1555 325
1560 328
1565 328
1570 329
1575 330
1580 357
1585 333
1590 332
1595 334
1600 336
1605 337
1610 354
1615 340
1620 340
1625 341
1630 343
1635 345
1640 346
1645 348
1650 348
1655 349
1660 358
1665 358
1670 350
1675 358
1680 355
1685 355
1690 359
1695 357
1700 359
1705 359
1710 362
1715 363
1720 365
1725 366
1730 393
1735 366
1740 368
1745 370
1750 370
1755 371
1760 374
1765 373
1770 375
1775 376
1780 379
1785 379
1790 381
1795 382
1800 383
1805 384
1810 399
1815 389
1820 387
1825 387
1830 392
1835 449
1840 392
1845 394
1850 393
1855 394
1860 397
1865 399
1870 400
1875 401
1880 409
1885 437
1890 404
1895 406
1900 449
1905 408
1910 410
1915 411
1920 412
1925 414
1930 417
1935 417
1940 447
1945 417
1950 421
1955 423
1960 421
1965 424
1970 425
1975 427
1980 427
1985 429
1990 430
1995 433
2000 432
2005 458
2010 434
2015 434
2020 434
2025 451
2030 438
2035 438
2040 439
2045 440
2050 443
2055 442
2060 448
2065 453
2070 451
2075 451
2080 450
2085 452
2090 452
2095 454
2100 455
2105 457
2110 459
2115 507
2120 460
2125 462
2130 464
2135 465
2140 506
2145 467
2150 467
2155 470
2160 473
2165 473
2170 474
2175 474
2180 531
2185 477
2190 476
2195 477
2200 481
2205 482
2210 484
2215 487
2220 490
2225 488
2230 490
2235 491
2240 566
2245 491
2250 490
2255 498
2260 516
2265 495
2270 496
2275 516
2280 497
2285 547
2290 531
2295 510
2300 504
2305 506
2310 514
2315 539
2320 512
2325 508
2330 510
2335 512
2340 513
2345 514
2350 527
2355 519
2360 525
2365 518
2370 519
2375 525
2380 528
2385 529
2390 562
2395 538
2400 527
2405 529
2410 529
2415 530
2420 533
2425 575
2430 537
2435 540
2440 588
2445 539
2450 542
2455 543
2460 623
2465 552
2470 549
2475 546
2480 550
2485 551
2490 552
2495 550
2500 553
2505 583
2510 555
2515 557
2520 561
2525 564
2530 560
2535 564
2540 566
2545 652
2550 566
2555 567
2560 611
2565 568
2570 571
2575 570
2580 575
2585 575
2590 578
2595 578
2600 578
2605 589
2610 582
2615 582
2620 584
2625 584
2630 604
2635 586
2640 605
2645 595
2650 596
2655 593
2660 595
2665 599
2670 604
2675 603
2680 656
2685 599
2690 604
2695 607
2700 607
2705 610
2710 611
2715 614
2720 612
2725 629
2730 633
2735 620
2740 619
2745 620
2750 616
2755 623
2760 631
2765 620
2770 622
2775 622
2780 624
2785 628
2790 630
2795 636
2800 634
2805 635
2810 632
2815 684
2820 633
2825 634
2830 634
2835 641
2840 637
2845 726
2850 640
2855 642
2860 645
2865 646
2870 739
2875 648
2880 647
2885 650
2890 681
2895 650
2900 654
2905 665
2910 654
2915 661
2920 657
2925 659
2930 686
2935 692
2940 664
2945 663
2950 666
2955 675
2960 666
2965 691
2970 670
2975 673
2980 680
2985 672
2990 751
2995 703
3000 676
3005 678
3010 678
3015 680
3020 684
3025 683
3030 684
3035 687
3040 712
3045 689
3050 742
3055 692
3060 693
3065 696
3070 710
3075 700
3080 698
3085 702
3090 707
3095 709
3100 709
3105 769
3110 702
3115 722
3120 711
3125 711
3130 712
3135 713
3140 777
3145 715
3150 719
3155 724
3160 782
3165 718
3170 720
3175 722
3180 725
3185 781
3190 725
3195 726
3200 726
3205 733
3210 794
3215 729
3220 730
3225 735
3230 733
3235 736
3240 737
3245 743
3250 742
3255 753
3260 743
3265 808
3270 749
3275 756
3280 797
3285 749
3290 758
3295 757
3300 757
3305 755
3310 779
3315 823
3320 772
3325 764
3330 762
3335 763
3340 763
3345 765
3350 768
3355 770
3360 770
3365 853
3370 1001
3375 772
3380 777
3385 848
3390 778
3395 787
3400 780
3405 802
3410 915
3415 840
3420 782
3425 799
3430 787
3435 798
3440 829
3445 800
3450 891
3455 817
3460 874
3465 827
3470 897
3475 1022
3480 1142
3485 961
3490 899
3495 1013
3500 880
3505 858
3510 808
3515 808
3520 810
3525 868
3530 839
3535 838
3540 853
3545 881
3550 925
3555 880
3560 1053
3565 1054
3570 1005
3575 992
3580 1078
3585 1084
3590 1060
3595 1114
3600 1132
3605 1013
3610 927
3615 873
3620 851
3625 1044
3630 1041
3635 875
3640 1027
3645 1055
3650 996
3655 1044
3660 1026
3665 1007
3670 1072
3675 889
3680 877
3685 955
3690 1067
3695 989
3700 1208
3705 1011
3710 3230
3715 859
3720 1058
3725 995
3730 1126
3735 1115
3740 888
3745 1116
3750 1186
3755 1111
3760 1134
3765 959
3770 870
3775 874
3780 876
3785 984
3790 1131
3795 1130
3800 1140
3805 1292
3810 1251
3815 1180
3820 907
3825 922
3830 1091
3835 1185
3840 1268
3845 1062
3850 901
3855 1025
3860 1223
3865 1220
3870 1175
3875 1160
3880 1160
3885 1165
3890 1206
3895 1197
3900 943
3905 1030
3910 961
3915 1025
3920 1239
3925 1187
3930 1184
3935 1245
3940 1230
3945 1211
3950 1225
3955 2416
3960 1220
3965 1197
3970 1344
3975 969
3980 951
3985 956
3990 1207
3995 1201
4000 1021
4005 1024
4010 959
4015 1201
4020 1199
4025 1190
4030 1203
4035 1194
4040 1266
4045 1237
4050 1206
4055 1211
4060 1132
4065 946
4070 946
4075 1187
4080 1218
4085 970
4090 1265
4095 1235
4100 1097
4105 971
4110 1030
4115 993
4120 1261
4125 1258
4130 1279
4135 1263
4140 1236
4145 1239
4150 1179
4155 978
4160 1013
4165 969
4170 1148
4175 1408
4180 1033
4185 1012
4190 985
4195 996
4200 999
4205 1048
4210 1316
4215 1720
4220 1474
4225 1222
4230 1041
4235 991
4240 1241
4245 1084
4250 1002
4255 992
4260 1124
4265 1001
4270 999
4275 1035
4280 1279
4285 1291
4290 1290
4295 1287
4300 1292
4305 1291
4310 1033
4315 1022
4320 1066
4325 1011
4330 1019
4335 1573
4340 1301
4345 1326
4350 1095
4355 1018
4360 1029
4365 1025
4370 1084
4375 1107
4380 1025
4385 1027
4390 1032
4395 1100
4400 1118
4405 1172
4410 1128
4415 1047
4420 1104
4425 1039
4430 1045
4435 1043
4440 1156
4445 1380
4450 1367
4455 1136
4460 1051
4465 1328
4470 1315
4475 1052
4480 1058
4485 1055
4490 1060
4495 1061
4500 1211
4505 1349
4510 1284
4515 1245
4520 1382
4525 1374
4530 1064
4535 1068
4540 1068
4545 1128
4550 1068
4555 1359
4560 1401
4565 1358
4570 1081
4575 1091
4580 1080
4585 1084
4590 1209
4595 1288
4600 1093
4605 1084
4610 1097
4615 1145
4620 1090
4625 1096
4630 1106
4635 1103
4640 1174
4645 1108
4650 1108
4655 1117
4660 1122
4665 1118
4670 1121
4675 1118
4680 1123
4685 1137
4690 1132
4695 1128
4700 1130
4705 1185
4710 1134
4715 1138
4720 1399
4725 1444
4730 1133
4735 1135
4740 1140
4745 1145
4750 1175
4755 1197
4760 1133
4765 1149
4770 1353
4775 1214
4780 1147
4785 1270
4790 1210
4795 1386
4800 1530
4805 1317
4810 1472
4815 1268
4820 1151
4825 1161
4830 1219
4835 1149
4840 1159
4845 1297
4850 1456
4855 1611
4860 1527
4865 1560
4870 1802
4875 1444
4880 1411
4885 1363
4890 1251
4895 1188
4900 1297
4905 1475
4910 1273
4915 1291
4920 1431
4925 1441
4930 1443
4935 1475
4940 1562
4945 1559
4950 1563
4955 1604
4960 1244
4965 1505
4970 1255
4975 1296
4980 1347
4985 1317
4990 1544
4995 1520
5000 1563
5005 1262
5010 1467
5015 1503
5020 1781
5025 1515
5030 1249
5035 1372
5040 1473
5045 1482
5050 1693
5055 1561
5060 1602
5065 1327
5070 1302
5075 1434
5080 1300
5085 1227
5090 1272
5095 1533
5100 1592
5105 1338
5110 1517
5115 1457
5120 1355
5125 1297
5130 1584
5135 1453
5140 1449
5145 1459
5150 1330
5155 1286
5160 1313
5165 1389
5170 1607
5175 1247
5180 1639
5185 1536
5190 1606
5195 1551
5200 1562
5205 1556
5210 1699
5215 1335
5220 1345
5225 1432
5230 1292
5235 1317
5240 1401
5245 1254
5250 1311
5255 1267
5260 1444
5265 1710
5270 1265
5275 1304
5280 1479
5285 1278
5290 1507
5295 1395
5300 1369
5305 1685
5310 1490
5315 1374
5320 1389
5325 1319
5330 1438
5335 1657
5340 1653
5345 1516
5350 1561
5355 1656
5360 1466
5365 1613
5370 2840
5375 1409
5380 1565
5385 1646
5390 1340
5395 1390
5400 1633
5405 1604
5410 1637
5415 1756
5420 1696
5425 1618
5430 1610
5435 1339
5440 1556
5445 1439
5450 1555
5455 1369
5460 1321
5465 1328
5470 1322
5475 1482
5480 1700
5485 1718
5490 1648
5495 1712
5500 1371
5505 1438
5510 1325
5515 1356
5520 1673
5525 1713
5530 1594
5535 1335
5540 1361
5545 1329
5550 1359
5555 1406
5560 1722
5565 1405
5570 1760
5575 1739
5580 1747
5585 1734
5590 1630
5595 1598
5600 1486
5605 1565
5610 1515
5615 1475
5620 1581
5625 1759
5630 1809
5635 1627
5640 2136
5645 1553
5650 1373
5655 1660
5660 1802
5665 1801
5670 1388
5675 1428
5680 1854
5685 1785
5690 1537
5695 1851
5700 1532
5705 1369
5710 1379
5715 1379
5720 1383
5725 1379
5730 1478
5735 1563
5740 1661
5745 1813
5750 1386
5755 1507
5760 1530
5765 1388
5770 1411
5775 1397
5780 1392
5785 1474
5790 1395
5795 1404
5800 1411
5805 1635
5810 1676
5815 1492
5820 1516
5825 1453
5830 1402
5835 1464
5840 1451
5845 1405
5850 1414
5855 1419
5860 1431
5865 1473
5870 1428
5875 1415
5880 1420
5885 1433
5890 1507
5895 1800
5900 1876
5905 1672
5910 1427
5915 1530
5920 1477
5925 1428
5930 1429
5935 1438
5940 1494
5945 1457
5950 1437
5955 1484
5960 1443
5965 1450
5970 1565
5975 1441
5980 1441
5985 1507
5990 1463
5995 1572
6000 1452
6005 1448
6010 1452
6015 1534
6020 1469
6025 1537
6030 1714
6035 1549
6040 1585
6045 1683
6050 1602
6055 1519
6060 1983
6065 1473
6070 1513
6075 1489
6080 1585
6085 1509
6090 1700
6095 1550
6100 1507
6105 1582
6110 1625
6115 1491
6120 1507
6125 1614
6130 1630
6135 1489
6140 1613
6145 2118
6150 2158
6155 1849
6160 1738
6165 1686
6170 1659
6175 1676
6180 1624
6185 1515
6190 1594
6195 1549
6200 1657
6205 1619
6210 1521
6215 1658
6220 1827
6225 1751
6230 1679
6235 1546
6240 1895
6245 1607
6250 1586
6255 1602
6260 1604
6265 1558
6270 1587
6275 1888
6280 1525
6285 1860
6290 1846
6295 1800
6300 1785
6305 1581
6310 2050
6315 1739
6320 1830
6325 1571
6330 1728
6335 2012
6340 1985
6345 1996
6350 1817
6355 1553
6360 1558
6365 1590
6370 1546
6375 1728
6380 1570
6385 1662
6390 2040
6395 2079
6400 1578
6405 1553
6410 1588
6415 1568
6420 1712
6425 1747
6430 1567
6435 1566
6440 1616
6445 1875
6450 1566
6455 1636
6460 1607
6465 1570
6470 1711
6475 1590
6480 1580
6485 1616
6490 1890
6495 1854
6500 1584
6505 1593
6510 1600
6515 1688
6520 1644
6525 1585
6530 1590
6535 1627
6540 1633
6545 1589
6550 1604
6555 1603
6560 1616
6565 1737
6570 1603
6575 1599
6580 1685
6585 1605
6590 1673
6595 1615
6600 1652
6605 1616
6610 1728
6615 2223
6620 1929
6625 1656
6630 1625
6635 1768
6640 1686
6645 1625
6650 1627
6655 1636
6660 1694
6665 1634
6670 1663
6675 1706
6680 2140
6685 2004
6690 2107
6695 1844
6700 1746
6705 1702
6710 1835
6715 1666
6720 1644
6725 1735
6730 1641
6735 1650
6740 1646
6745 1661
6750 1944
6755 1717
6760 1647
6765 1652
6770 1684
6775 1696
6780 1656
6785 1678
6790 1664
6795 1690
6800 1658
6805 1682
6810 1679
6815 1675
6820 1788
6825 1690
6830 1689
6835 1695
6840 1768
6845 1704
6850 1685
6855 1686
6860 1688
6865 2201
6870 1985
6875 1779
6880 1677
6885 1730
6890 1683
6895 2022
6900 2210
6905 2127
6910 1986
6915 1691
6920 1741
6925 1735
6930 1834
6935 1717
6940 1720
6945 1727
6950 1790
6955 1712
6960 2131
6965 2295
6970 2153
6975 1713
6980 1722
6985 1792
6990 1772
6995 1857
7000 1779
7005 1786
7010 1774
7015 1884
7020 1724
7025 1726
7030 1722
7035 1876
7040 1736
7045 1794
7050 1750
7055 1995
7060 1917
7065 2097
7070 1848
7075 1769
7080 1937
7085 1805
7090 1742
7095 1749
7100 2043
7105 1766
7110 1757
7115 1754
7120 1813
7125 1768
7130 2158
7135 2090
7140 1842
7145 1871
7150 1785
7155 1793
7160 1764
7165 1886
7170 1818
7175 1802
7180 1853
7185 1858
7190 1798
7195 1841
7200 1804
7205 1864
7210 1885
7215 1769
7220 1778
7225 1795
7230 1985
7235 1782
7240 1772
7245 1785
7250 1959
7255 1840
7260 1784
7265 1787
7270 2007
7275 1878
7280 1785
7285 1789
7290 1872
7295 1906
7300 1793
7305 1824
7310 1918
7315 1878
7320 1793
7325 1862
7330 1799
7335 2009
7340 1905
7345 1840
7350 1946
7355 1908
7360 1811
7365 1811
7370 1807
7375 1986
7380 1989
7385 1902
7390 2203
7395 1863
7400 1824
7405 1819
7410 1826
7415 1825
7420 3118
7425 1959
7430 1911
7435 1943
7440 1827
7445 1835
7450 1829
7455 1919
7460 1829
7465 1835
7470 1836
7475 1844
7480 2157
7485 1884
7490 1843
7495 1848
7500 1934
7505 1840
7510 1885
7515 1854
7520 1944
7525 1936
7530 1861
7535 1851
7540 1986
7545 1851
7550 1859
7555 1945
7560 1911
7565 1865
7570 1886
7575 1892
7580 1931
7585 1936
7590 2299
7595 1865
7600 1903
7605 1871
7610 1901
7615 1900
7620 2185
7625 1979
7630 1976
7635 1909
7640 1902
7645 2001
7650 1895
7655 1893
7660 1914
7665 1981
7670 1898
7675 1887
7680 1894
7685 1956
7690 1896
7695 1905
7700 1961
7705 1983
7710 2412
7715 2431
7720 2069
7725 1961
7730 2547
7735 2314
7740 2493
7745 2659
7750 2399
7755 2149
7760 1947
7765 1921
7770 1929
7775 2090
7780 1981
7785 2000
7790 2219
7795 2270
7800 2526
7805 2037
7810 2057
7815 1991
7820 1926
7825 1927
7830 2029
7835 2027
7840 2051
7845 2127
7850 2105
7855 1972
7860 1957
7865 1950
7870 2110
7875 2029
7880 1962
7885 1952
7890 2191
7895 1953
7900 2287
7905 2023
7910 2178
7915 1952
7920 1959
7925 1959
7930 2011
7935 2096
7940 2147
7945 2004
7950 2187
7955 1998
7960 1984
7965 2192
7970 2081
7975 1975
7980 1997
7985 2193
7990 2106
7995 2395
8000 2627
8005 2265
8010 2120
8015 2094
8020 2296
8025 2047
8030 2011
8035 2032
8040 2468
8045 2155
8050 2134
8055 2245
8060 2003
8065 1999
8070 2026
8075 2242
8080 2456
8085 2629
8090 2188
8095 2053
8100 2052
8105 2002
8110 2092
8115 2017
8120 2030
8125 2036
8130 2103
8135 2095
8140 2018
8145 2020
8150 2195
8155 2017
8160 2069
8165 2378
8170 2075
8175 2026
8180 2032
8185 2142
8190 2141
8195 2098
8200 2335
8205 2190
8210 2078
8215 2214
8220 2081
8225 2378
8230 2250
8235 2190
8240 2205
8245 2159
8250 2072
8255 2039
8260 2139
8265 2137
8270 2173
8275 2101
8280 2122
8285 2088
8290 2049
8295 2136
8300 2082
8305 2086
8310 2063
8315 2104
8320 2063
8325 2164
8330 2194
8335 2152
8340 2085
8345 2083
8350 2098
8355 2109
8360 2073
8365 2113
8370 2192
8375 2174
8380 2079
8385 2083
8390 2203
8395 2089
8400 2101
8405 2085
8410 2172
8415 2125
8420 2098
8425 2198
8430 2098
8435 2101
8440 2114
8445 2175
8450 2112
8455 2102
8460 2116
8465 2181
8470 2119
8475 2132
8480 2123
8485 2218
8490 2116
8495 2122
8500 2169
8505 2134
8510 2146
8515 2124
8520 2232
8525 2114
8530 2112
8535 2114
8540 2218
8545 2121
8550 2120
8555 2155
8560 2172
8565 2120
8570 2138
8575 2170
8580 2134
8585 2137
8590 2131
8595 2197
8600 2133
8605 2135
8610 2179
8615 2225
8620 2086
8625 2088
8630 2405
8635 2106
8640 2148
8645 2143
8650 2219
8655 2156
8660 2149
8665 2213
8670 2382
8675 2166
8680 2208
8685 2209
8690 2159
8695 2162
8700 2161
8705 2258
8710 2196
8715 2165
8720 2262
8725 2185
8730 2168
8735 2185
8740 2240
8745 2174
8750 2186
8755 2275
8760 2233
8765 2178
8770 2159
8775 2655
8780 2123
8785 2122
8790 2216
8795 2210
8800 2188
8805 2196
8810 2296
8815 2201
8820 2199
8825 2193
8830 2250
8835 2237
8840 2197
8845 2245
8850 2201
8855 2224
8860 2203
8865 2350
8870 2206
8875 2208
8880 2530
8885 5154
8890 3832
8895 2918
8900 3210
8905 3373
8910 3789
8915 3171
8920 3342
8925 3437
8930 2920
8935 2650
8940 2712
8945 2743
8950 2546
8955 2426
8960 2418
8965 2371
8970 2428
8975 2479
8980 2403
8985 2506
8990 2377
8995 2258
9000 2302
9005 2282
9010 2255
9015 2245
9020 2316
9025 2464
9030 2400
9035 2453
9040 2319
9045 2252
9050 2268
9055 2301
9060 2256
9065 2259
9070 2338
9075 2288
9080 2273
9085 2332
9090 2319
9095 2265
9100 2313
9105 2320
9110 2288
9115 2278
9120 2283
9125 2307
9130 2324
9135 2276
9140 2340
9145 2331
9150 2280
9155 2335
9160 2294
9165 2323
9170 2298
9175 2334
9180 2287
9185 2403
9190 2360
9195 2294
9200 2401
9205 2294
9210 2353
9215 2300
9220 2315
9225 2340
9230 2311
9235 2309
9240 2305
9245 2398
9250 2248
9255 2246
9260 2448
9265 2332
9270 2319
9275 2354
9280 2317
9285 2331
9290 2320
9295 2363
9300 2362
9305 2333
9310 2370
9315 2326
9320 2351
9325 2410
9330 2364
9335 2838
9340 2361
9345 2394
9350 2353
9355 2423
9360 2369
9365 2343
9370 2348
9375 2425
9380 2343
9385 2431
9390 2361
9395 2482
9400 2287
9405 2398
9410 2474
9415 2361
9420 2362
9425 2405
9430 2372
9435 2359
9440 2404
9445 2406
9450 2378
9455 2398
9460 2415
9465 2364
9470 2366
9475 2398
9480 2379
9485 2436
9490 2374
9495 2490
9500 2386
9505 2386
9510 2960
9515 4620
9520 3497
9525 3400
9530 3286
9535 3457
9540 2808
9545 3102
9550 3780
9555 2795
9560 2984
9565 2693
9570 2778
9575 2485
9580 3063
9585 3025
9590 2820
9595 2631
9600 2621
9605 2609
9610 2578
9615 2524
9620 2608
9625 3712
9630 2785
9635 2459
9640 3090
9645 3311
9650 3228
9655 3301
9660 3334
9665 2783
9670 2832
9675 2842
9680 3071
9685 2480
9690 2741
9695 3203
9700 2653
9705 3115
9710 2693
9715 2968
9720 3095
9725 2872
9730 2913
9735 2863
9740 2650
9745 2630
9750 2544
9755 2697
9760 3136
9765 2628
9770 2509
9775 2767
9780 2737
9785 2481
9790 2664
9795 2814
9800 2654
9805 2659
9810 2513
9815 2924
9820 2955
9825 2512
9830 2500
9835 2639
9840 3370
9845 3299
9850 2999
9855 2563
9860 2796
9865 2692
9870 3279
9875 3505
9880 3370
9885 2900
9890 2514
9895 2661
9900 2698
9905 2682
9910 2859
9915 2885
9920 2635
9925 2555
9930 2854
9935 3068
9940 3131
9945 2766
9950 2618
9955 2820
9960 2865
9965 2607
9970 2630
9975 3090
9980 2662
9985 2701
9990 2679
9995 2829
10000 2646
