5 0
10 1
15 1
20 2
25 2
30 2
35 3
40 4
45 4
50 5
55 5
60 6
65 6
70 7
75 8
80 9
85 10
90 10
95 11
100 12
105 12
110 13
115 13
120 14
125 15
130 16
135 17
140 17
145 18
150 19
155 20
160 21
165 22
170 22
175 23
180 24
185 25
190 26
195 27
200 27
205 28
210 29
215 30
220 31
225 31
230 32
235 33
240 34
245 35
250 36
255 37
260 38
265 38
270 40
275 40
280 41
285 42
290 43
295 45
300 45
305 46
310 47
315 48
320 49
325 50
330 51
335 52
340 53
345 54
350 55
355 56
360 57
365 58
370 59
375 59
380 60
385 62
390 63
395 63
400 64
405 66
410 67
415 68
420 69
425 70
430 71
435 72
440 73
445 74
450 75
455 76
460 77
465 77
470 79
475 80
480 81
485 82
490 83
495 85
500 85
505 86
510 87
515 87
520 90
525 90
530 91
535 92
540 94
545 95
550 96
555 97
560 98
565 99
570 100
575 101
580 102
585 103
590 104
595 107
600 106
605 107
610 108
615 109
620 110
625 111
630 112
635 116
640 143
645 119
650 127
655 121
660 121
665 122
670 123
675 123
680 123
685 125
690 126
695 126
700 128
705 129
710 129
715 131
720 132
725 133
730 134
735 135
740 136
745 138
750 139
755 140
760 168
765 153
770 145
775 146
780 145
785 147
790 148
795 149
800 150
805 174
810 158
815 155
820 156
825 156
830 157
835 158
840 159
845 160
850 162
855 168
860 164
865 164
870 165
875 167
880 168
885 169
890 170
895 214
900 214
905 185
910 176
915 177
920 178
925 179
930 181
935 181
940 182
945 184
950 184
955 184
960 186
965 187
970 189
975 189
980 235
985 194
990 195
995 195
1000 196
1005 197
1010 197
1015 199
1020 200
1025 201
1030 202
1035 203
1040 204
1045 206
1050 206
1055 207
1060 209
1065 210
1070 210
1075 212
1080 214
1085 214
1090 218
1095 266
1100 227
1105 221
1110 221
1115 223
1120 223
1125 224
1130 225
1135 226
1140 227
1145 228
1150 229
1155 231
1160 231
1165 232
1170 234
1175 235
1180 237
1185 237
1190 238
1195 239
1200 242
1205 242
1210 246
1215 244
1220 246
1225 247
1230 248
1235 249
1240 250
1245 251
1250 253
1255 304
1260 264
1265 258
1270 258
1275 261
1280 260
1285 312
1290 265
1295 264
1300 266
1305 266
1310 267
1315 269
1320 269
1325 270
1330 272
1335 273
1340 274
1345 274
1350 277
1355 276
1360 278
1365 279
1370 280
1375 282
1380 283
1385 284
1390 300
1395 322
1400 289
1405 290
1410 291
1415 292
1420 294
1425 296
1430 295
1435 296
1440 300
1445 299
1450 299
1455 301
1460 302
1465 303
1470 304
1475 307
1480 307
1485 308
1490 309
1495 311
1500 312
1505 313
1510 314
1515 314
1520 317
1525 357
1530 329
1535 322
1540 323
1545 325
1550 324
1555 325
1560 326
1565 329
1570 332
1575 330
1580 331
1585 334
1590 333
1595 339
1600 336
1605 337
1610 337
1615 338
1620 347
1625 341
1630 342
1635 343
1640 386
1645 356
1650 349
1655 349
1660 349
1665 353
1670 352
1675 352
1680 421
1685 358
1690 357
1695 357
1700 359
1705 360
1710 361
1715 364
1720 364
1725 365
1730 367
1735 369
1740 369
1745 372
1750 410
1755 374
1760 374
1765 374
1770 381
1775 378
1780 379
1785 380
1790 381
1795 383
1800 383
1805 385
1810 427
1815 387
1820 388
1825 390
1830 391
1835 392
1840 436
1845 408
1850 417
1855 398
1860 398
1865 399
1870 400
1875 403
1880 402
1885 404
1890 505
1895 467
1900 444
1905 434
1910 431
1915 415
1920 415
1925 417
1930 414
1935 415
1940 423
1945 420
1950 419
1955 419
1960 422
1965 423
1970 424
1975 426
1980 426
1985 427
1990 428
1995 429
2000 452
2005 445
2010 456
2015 435
2020 436
2025 437
2030 450
2035 440
2040 442
2045 442
2050 443
2055 444
2060 445
2065 446
2070 447
2075 551
2080 452
2085 452
2090 454
2095 454
2100 455
2105 457
2110 458
2115 479
2120 498
2125 462
2130 463
2135 465
2140 464
2145 466
2150 471
2155 468
2160 470
2165 471
2170 472
2175 473
2180 527
2185 479
2190 478
2195 478
2200 541
2205 481
2210 482
2215 483
2220 484
2225 485
2230 487
2235 487
2240 491
2245 491
2250 491
2255 492
2260 496
2265 494
2270 496
2275 506
2280 541
2285 500
2290 504
2295 502
2300 504
2305 506
2310 507
2315 518
2320 495
2325 559
2330 518
2335 542
2340 546
2345 500
2350 502
2355 586
2360 525
2365 506
2370 510
2375 508
2380 510
2385 536
2390 529
2395 515
2400 515
2405 516
2410 516
2415 518
2420 520
2425 521
2430 605
2435 523
2440 524
2445 525
2450 527
2455 530
2460 530
2465 604
2470 567
2475 553
2480 562
2485 535
2490 536
2495 597
2500 583
2505 555
2510 556
2515 629
2520 558
2525 562
2530 561
2535 563
2540 565
2545 564
2550 565
2555 567
2560 567
2565 602
2570 605
2575 572
2580 574
2585 575
2590 577
2595 578
2600 578
2605 581
2610 581
2615 582
2620 584
2625 583
2630 585
2635 586
2640 588
2645 588
2650 589
2655 591
2660 646
2665 579
2670 585
2675 581
2680 582
2685 583
2690 585
2695 758
2700 589
2705 588
2710 626
2715 589
2720 591
2725 630
2730 594
2735 595
2740 763
2745 672
2750 600
2755 600
2760 601
2765 604
2770 691
2775 607
2780 607
2785 607
2790 717
2795 611
2800 611
2805 612
2810 614
2815 617
2820 616
2825 619
2830 618
2835 620
2840 722
2845 621
2850 622
2855 642
2860 665
2865 626
2870 664
2875 629
2880 631
2885 631
2890 1003
2895 681
2900 635
2905 751
2910 641
2915 639
2920 640
2925 642
2930 643
2935 644
2940 645
2945 646
2950 647
2955 649
2960 650
2965 680
2970 670
2975 671
2980 673
2985 676
2990 676
2995 676
3000 677
3005 679
3010 720
3015 680
3020 682
3025 684
3030 685
3035 697
3040 669
3045 670
3050 672
3055 673
3060 713
3065 676
3070 678
3075 678
3080 717
3085 684
3090 681
3095 683
3100 684
3105 696
3110 669
3115 670
3120 672
3125 673
3130 674
3135 751
3140 676
3145 717
3150 696
3155 681
3160 756
3165 790
3170 915
3175 1044
3180 852
3185 834
3190 814
3195 708
3200 815
3205 709
3210 708
3215 711
3220 715
3225 714
3230 783
3235 762
3240 738
3245 739
3250 739
3255 741
3260 749
3265 748
3270 747
3275 750
3280 746
3285 749
3290 752
3295 786
3300 752
3305 782
3310 762
3315 756
3320 756
3325 783
3330 760
3335 762
3340 761
3345 783
3350 766
3355 767
3360 779
3365 815
3370 789
3375 751
3380 767
3385 753
3390 817
3395 754
3400 760
3405 796
3410 759
3415 760
3420 863
3425 767
3430 864
3435 765
3440 848
3445 766
3450 769
3455 768
3460 770
3465 772
3470 871
3475 774
3480 774
3485 775
3490 783
3495 854
3500 836
3505 841
3510 783
3515 966
3520 896
3525 951
3530 862
3535 791
3540 884
3545 825
3550 817
3555 830
3560 817
3565 835
3570 825
3575 824
3580 820
3585 847
3590 907
3595 850
3600 876
3605 860
3610 854
3615 870
3620 963
3625 847
3630 843
3635 853
3640 856
3645 905
3650 878
3655 855
3660 844
3665 887
3670 919
3675 883
3680 852
3685 848
3690 863
3695 880
3700 878
3705 864
3710 878
3715 858
3720 864
3725 862
3730 869
3735 878
3740 863
3745 865
3750 869
3755 882
3760 917
3765 1047
3770 903
3775 883
3780 879
3785 881
3790 905
3795 875
3800 889
3805 879
3810 878
3815 880
3820 941
3825 887
3830 885
3835 885
3840 888
3845 904
3850 891
3855 891
3860 891
3865 909
3870 894
3875 929
3880 985
3885 904
3890 899
3895 901
3900 908
3905 919
3910 904
3915 905
3920 907
3925 931
3930 911
3935 939
3940 912
3945 915
3950 940
3955 930
3960 917
3965 917
3970 921
3975 933
3980 924
3985 929
3990 927
3995 950
4000 931
4005 929
4010 929
4015 975
4020 931
4025 941
4030 934
4035 936
4040 977
4045 951
4050 941
4055 976
4060 987
4065 964
4070 1196
4075 1095
4080 1079
4085 951
4090 949
4095 1004
4100 1072
4105 1079
4110 954
4115 1006
4120 983
4125 959
4130 967
4135 969
4140 981
4145 970
4150 963
4155 965
4160 1010
4165 969
4170 1008
4175 1016
4180 996
4185 977
4190 986
4195 985
4200 982
4205 980
4210 981
4215 1009
4220 1024
4225 984
4230 986
4235 988
4240 987
4245 990
4250 1126
4255 990
4260 994
4265 994
4270 995
4275 1019
4280 998
4285 998
4290 1020
4295 1003
4300 1007
4305 1013
4310 1003
4315 1007
4320 1045
4325 1013
4330 1057
4335 1022
4340 1014
4345 1016
4350 1018
4355 1019
4360 1032
4365 1019
4370 1037
4375 1038
4380 1031
4385 1024
4390 1045
4395 1027
4400 1030
4405 1042
4410 1053
4415 1034
4420 1079
4425 1034
4430 1045
4435 1044
4440 1042
4445 1053
4450 1063
4455 1043
4460 1045
4465 1046
4470 1069
4475 1047
4480 1075
4485 1051
4490 1067
4495 1068
4500 1324
4505 1340
4510 1343
4515 1399
4520 1219
4525 1073
4530 1093
4535 1130
4540 1341
4545 1357
4550 1347
4555 1353
4560 1361
4565 1362
4570 1152
4575 1342
4580 1361
4585 1376
4590 1239
4595 1112
4600 1098
4605 1253
4610 1187
4615 1104
4620 1127
4625 1058
4630 1060
4635 1098
4640 1103
4645 1200
4650 1417
4655 1100
4660 1448
4665 1144
4670 1099
4675 1135
4680 1113
4685 1135
4690 1127
4695 1111
4700 1107
4705 1107
4710 1233
4715 1141
4720 1116
4725 1112
4730 1114
4735 1117
4740 1116
4745 1173
4750 1119
4755 1164
4760 1125
4765 1156
4770 1158
4775 1137
4780 1201
4785 1129
4790 1131
4795 1131
4800 1178
4805 1132
4810 1163
4815 1206
4820 1147
4825 1139
4830 1177
4835 1180
4840 1143
4845 1186
4850 1183
4855 1194
4860 1156
4865 1147
4870 1149
4875 1150
4880 1167
4885 1191
4890 1195
4895 1162
4900 1165
4905 1188
4910 1160
4915 1214
4920 1172
4925 1162
4930 1166
4935 1178
4940 1168
4945 1169
4950 1324
4955 1170
4960 1179
4965 1182
4970 1175
4975 1223
4980 1193
4985 1235
4990 1237
4995 1185
5000 1181
5005 1183
5010 1186
5015 1228
5020 1230
5025 1189
5030 1221
5035 1338
5040 1224
5045 1227
5050 1207
5055 1199
5060 1245
5065 1204
5070 1202
5075 1202
5080 1237
5085 1238
5090 1206
5095 1209
5100 1220
5105 1223
5110 1213
5115 1257
5120 1250
5125 1215
5130 1216
5135 1219
5140 1219
5145 1340
5150 1255
5155 1223
5160 1223
5165 1252
5170 1238
5175 1266
5180 1284
5185 1234
5190 1233
5195 1234
5200 1291
5205 1258
5210 1348
5215 1238
5220 1244
5225 1250
5230 1260
5235 1245
5240 1321
5245 1298
5250 1248
5255 1248
5260 1250
5265 1254
5270 1349
5275 1255
5280 1263
5285 1328
5290 1260
5295 1275
5300 1307
5305 1275
5310 1264
5315 1265
5320 1265
5325 1269
5330 1306
5335 1269
5340 1272
5345 1273
5350 1280
5355 1308
5360 1293
5365 1292
5370 1284
5375 1280
5380 1282
5385 1282
5390 1285
5395 1302
5400 1288
5405 1290
5410 1289
5415 1290
5420 1291
5425 1332
5430 1305
5435 1306
5440 1298
5445 1317
5450 1301
5455 1325
5460 1302
5465 1315
5470 1312
5475 1308
5480 1310
5485 1522
5490 1361
5495 1723
5500 1670
5505 1408
5510 1339
5515 1282
5520 1376
5525 1348
5530 1322
5535 1326
5540 1382
5545 1325
5550 1331
5555 1346
5560 1330
5565 1330
5570 1378
5575 1337
5580 1362
5585 1336
5590 1339
5595 1372
5600 1392
5605 1346
5610 1346
5615 1342
5620 1411
5625 1346
5630 1392
5635 1392
5640 1380
5645 1359
5650 1351
5655 1365
5660 1462
5665 1359
5670 1411
5675 1361
5680 1366
5685 1382
5690 1367
5695 1382
5700 1397
5705 1366
5710 1368
5715 1384
5720 1370
5725 1372
5730 1417
5735 1424
5740 1340
5745 1597
5750 1343
5755 1344
5760 1355
5765 1346
5770 1539
5775 1349
5780 1352
5785 1352
5790 1355
5795 1391
5800 1474
5805 1402
5810 1395
5815 1396
5820 1417
5825 1399
5830 1446
5835 1401
5840 1402
5845 1404
5850 1405
5855 1422
5860 1420
5865 1408
5870 1416
5875 1374
5880 1421
5885 1514
5890 1382
5895 1518
5900 1423
5905 1384
5910 1385
5915 1604
5920 1387
5925 1387
5930 1394
5935 1391
5940 1478
5945 1435
5950 1522
5955 1434
5960 1398
5965 1452
5970 1503
5975 1401
5980 1402
5985 1403
5990 1409
5995 1532
6000 1410
6005 1408
6010 1409
6015 1494
6020 1414
6025 1585
6030 1416
6035 1415
6040 1642
6045 1682
6050 2110
6055 1638
6060 1451
6065 1424
6070 1517
6075 1468
6080 1464
6085 1470
6090 1474
6095 1469
6100 1580
6105 1510
6110 1474
6115 1486
6120 1475
6125 1563
6130 1481
6135 1481
6140 1482
6145 1482
6150 1517
6155 1484
6160 1489
6165 1490
6170 1499
6175 1475
6180 1727
6185 1621
6190 1778
6195 1882
6200 1789
6205 1497
6210 1603
6215 1496
6220 1599
6225 1579
6230 1507
6235 1560
6240 1510
6245 1508
6250 1582
6255 1586
6260 1512
6265 1515
6270 1546
6275 1525
6280 1520
6285 1534
6290 1567
6295 1482
6300 1550
6305 1717
6310 1527
6315 1489
6320 1559
6325 2012
6330 1542
6335 1683
6340 1608
6345 1946
6350 1723
6355 1749
6360 1564
6365 1656
6370 1555
6375 1558
6380 1546
6385 1549
6390 1546
6395 1549
6400 1671
6405 1551
6410 1560
6415 1615
6420 1715
6425 1565
6430 1598
6435 1559
6440 1561
6445 1560
6450 1641
6455 1569
6460 1588
6465 1576
6470 1689
6475 1666
6480 1622
6485 1572
6490 1573
6495 1667
6500 1640
6505 1610
6510 1599
6515 1825
6520 1704
6525 1603
6530 1583
6535 1581
6540 1589
6545 1597
6550 1618
6555 1676
6560 1592
6565 1683
6570 1789
6575 1613
6580 1595
6585 1597
6590 1599
6595 1616
6600 1603
6605 1603
6610 1677
6615 1686
6620 2010
6625 1683
6630 1616
6635 1609
6640 1635
6645 1643
6650 1646
6655 1617
6660 1668
6665 1729
6670 1626
6675 1620
6680 1649
6685 1630
6690 1657
6695 1758
6700 2006
6705 1799
6710 1701
6715 1692
6720 1635
6725 1643
6730 1652
6735 1669
6740 1700
6745 1676
6750 1640
6755 1687
6760 1720
6765 1741
6770 1651
6775 1650
6780 1661
6785 1701
6790 1660
6795 1655
6800 1654
6805 1672
6810 1878
6815 1737
6820 1661
6825 1660
6830 1711
6835 1663
6840 1666
6845 1665
6850 1678
6855 1711
6860 1676
6865 1726
6870 1686
6875 1684
6880 1689
6885 1725
6890 1681
6895 1681
6900 1713
6905 1684
6910 1687
6915 1692
6920 1691
6925 1752
6930 1695
6935 1692
6940 1693
6945 1697
6950 1716
6955 1703
6960 1735
6965 1658
6970 1754
6975 1697
6980 1658
6985 1752
6990 1862
6995 2253
7000 2098
7005 1755
7010 1712
7015 1744
7020 1724
7025 1723
7030 1723
7035 1733
7040 1808
7045 2057
7050 2094
7055 1769
7060 1734
7065 1727
7070 1726
7075 1728
7080 1780
7085 1731
7090 1734
7095 1718
7100 1957
7105 1741
7110 1700
7115 1777
7120 1797
7125 1911
7130 1975
7135 1811
7140 1702
7145 2075
7150 1797
7155 1761
7160 1752
7165 1768
7170 1800
7175 1798
7180 1763
7185 1757
7190 1830
7195 1761
7200 1778
7205 1763
7210 1838
7215 1874
7220 1765
7225 1769
7230 1776
7235 1849
7240 1808
7245 1775
7250 1777
7255 1814
7260 1838
7265 1777
7270 1809
7275 1787
7280 1826
7285 1789
7290 1834
7295 1795
7300 1866
7305 1790
7310 1801
7315 1797
7320 1818
7325 1863
7330 1853
7335 1798
7340 1796
7345 1885
7350 1813
7355 1810
7360 1818
7365 1865
7370 1818
7375 1817
7380 1827
7385 1911
7390 1827
7395 1857
7400 1824
7405 1818
7410 1908
7415 1825
7420 1826
7425 1821
7430 1894
7435 1826
7440 1866
7445 1826
7450 1865
7455 1876
7460 1831
7465 1834
7470 2604
7475 2241
7480 1843
7485 1852
7490 1933
7495 1861
7500 1840
7505 1840
7510 1932
7515 1854
7520 1843
7525 1847
7530 1925
7535 1897
7540 1885
7545 1905
7550 1880
7555 1925
7560 1857
7565 1898
7570 1857
7575 2018
7580 1891
7585 1942
7590 2229
7595 2088
7600 1915
7605 1867
7610 1882
7615 1939
7620 1878
7625 1872
7630 1873
7635 1949
7640 1877
7645 1943
7650 1910
7655 2001
7660 1933
7665 1883
7670 1884
7675 1915
7680 1908
7685 1892
7690 1889
7695 1995
7700 1895
7705 1905
7710 1950
7715 1966
7720 1898
7725 1945
7730 1915
7735 1974
7740 1906
7745 1900
7750 2071
7755 2059
7760 2049
7765 2795
7770 2328
7775 2169
7780 1976
7785 2307
7790 2940
7795 2160
7800 2035
7805 2154
7810 2330
7815 1940
7820 1990
7825 2202
7830 2410
7835 1955
7840 1937
7845 2005
7850 1997
7855 1936
7860 1932
7865 2012
7870 1939
7875 2048
7880 2038
7885 2070
7890 1962
7895 2026
7900 2128
7905 1959
7910 1947
7915 1949
7920 2027
7925 1967
7930 1957
7935 1966
7940 1954
7945 2018
7950 2028
7955 1976
7960 1979
7965 1976
7970 1968
7975 1964
7980 2033
7985 1973
7990 1969
7995 1973
8000 1982
8005 2056
8010 1974
8015 1983
8020 2095
8025 1979
8030 1980
8035 1983
8040 2036
8045 2039
8050 1992
8055 1998
8060 2033
8065 1996
8070 2033
8075 2060
8080 2005
8085 1992
8090 2082
8095 2003
8100 2056
8105 2000
8110 2048
8115 2006
8120 2059
8125 2031
8130 2009
8135 2007
8140 2162
8145 1957
8150 2088
8155 1967
8160 2135
8165 2003
8170 2148
8175 2193
8180 2204
8185 2351
8190 2026
8195 2100
8200 2121
8205 2025
8210 2080
8215 2081
8220 2036
8225 2032
8230 2038
8235 2136
8240 2580
8245 2042
8250 2053
8255 2092
8260 2045
8265 2071
8270 2144
8275 2134
8280 2163
8285 2079
8290 2161
8295 2100
8300 2097
8305 2083
8310 2124
8315 2060
8320 2058
8325 2057
8330 2127
8335 2074
8340 2063
8345 2179
8350 2074
8355 2122
8360 2084
8365 2113
8370 2090
8375 2069
8380 2073
8385 2112
8390 2081
8395 2078
8400 2104
8405 2258
8410 2025
8415 2060
8420 2091
8425 2173
8430 2101
8435 2087
8440 2186
8445 2383
8450 2126
8455 2425
8460 3007
8465 2944
8470 2332
8475 2530
8480 2821
8485 2518
8490 2448
8495 2120
8500 2109
8505 2187
8510 2119
8515 2108
8520 2154
8525 2221
8530 2154
8535 2113
8540 2246
8545 2121
8550 2127
8555 2119
8560 2180
8565 2155
8570 2129
8575 2136
8580 2259
8585 2186
8590 2129
8595 2200
8600 2248
8605 2131
8610 2141
8615 2172
8620 2135
8625 2248
8630 2228
8635 2250
8640 2349
8645 2451
8650 2686
8655 2395
8660 2191
8665 2261
8670 2212
8675 2598
8680 2889
8685 2893
8690 2221
8695 2751
8700 2564
8705 2434
8710 2410
8715 2307
8720 2478
8725 2491
8730 2402
8735 2398
8740 2280
8745 2319
8750 2230
8755 2241
8760 2322
8765 2362
8770 2438
8775 2314
8780 2336
8785 2197
8790 2213
8795 2340
8800 2475
8805 2533
8810 2305
8815 2310
8820 2449
8825 2448
8830 2544
8835 2492
8840 2273
8845 2449
8850 2285
8855 2252
8860 2336
8865 2358
8870 2266
8875 2206
8880 2313
8885 2216
8890 2238
8895 2273
8900 2212
8905 2250
8910 2345
8915 2233
8920 2217
8925 2341
8930 2272
8935 2235
8940 2225
8945 2225
8950 2297
8955 2225
8960 2237
8965 2269
8970 2234
8975 2242
8980 2194
8985 2451
8990 2279
8995 2258
9000 2334
9005 2184
9010 2186
9015 2193
9020 2369
9025 2501
9030 2276
9035 2254
9040 2259
9045 2268
9050 2260
9055 2282
9060 2255
9065 2266
9070 2288
9075 2321
9080 2261
9085 2291
9090 2287
9095 2267
9100 2290
9105 2212
9110 2475
9115 2215
9120 2412
9125 2215
9130 2278
9135 2255
9140 2222
9145 2255
9150 2268
9155 2449
9160 2530
9165 2608
9170 2299
9175 2295
9180 2297
9185 2292
9190 2309
9195 2793
9200 2473
9205 2826
9210 2313
9215 2304
9220 2307
9225 2303
9230 2302
9235 2243
9240 2287
9245 2297
9250 2334
9255 2294
9260 2853
9265 2569
9270 2777
9275 2987
9280 3054
9285 2770
9290 3412
9295 3138
9300 2834
9305 2956
9310 2947
9315 2905
9320 2531
9325 3448
9330 3394
9335 2885
9340 2996
9345 2697
9350 3076
9355 2867
9360 3313
9365 3169
9370 3027
9375 2495
9380 2652
9385 3089
9390 3114
9395 2720
9400 2582
9405 2521
9410 2666
9415 3091
9420 2781
9425 2737
9430 2462
9435 2447
9440 2843
9445 2500
9450 2489
9455 2448
9460 2614
9465 2519
9470 2498
9475 2502
9480 2424
9485 2525
9490 2429
9495 2454
9500 2743
9505 2691
9510 2953
9515 2836
9520 2774
9525 2553
9530 2606
9535 2442
9540 2418
9545 2581
9550 2523
9555 2449
9560 2719
9565 2937
9570 2572
9575 2739
9580 2965
9585 2439
9590 2682
9595 2593
9600 2442
9605 2631
9610 2748
9615 2483
9620 2534
9625 2611
9630 2505
9635 2503
9640 2695
9645 2604
9650 2668
9655 2639
9660 2622
9665 2627
9670 2732
9675 2525
9680 2650
9685 2650
9690 2684
9695 2841
9700 2784
9705 2641
9710 2683
9715 2686
9720 2498
9725 2660
9730 2745
9735 2522
9740 2604
9745 2693
9750 2507
9755 2709
9760 2649
9765 2621
9770 2560
9775 2658
9780 2809
9785 3113
9790 2751
9795 2537
9800 2742
9805 2668
9810 2508
9815 2717
9820 2732
9825 2645
9830 2569
9835 2496
9840 2561
9845 2520
9850 2498
9855 2570
9860 2563
9865 2596
9870 2519
9875 2565
9880 2507
9885 2531
9890 2547
9895 2538
9900 2505
9905 2534
9910 2520
9915 2534
9920 2529
9925 2554
9930 2571
9935 2552
9940 2572
9945 2560
9950 2560
9955 2621
9960 2561
9965 2546
9970 2553
9975 2531
9980 2604
9985 2603
9990 2577
9995 2576
10000 2563
