5 0
10 0
15 1
20 1
25 2
30 2
35 3
40 4
45 4
50 4
55 5
60 6
65 6
70 7
75 7
80 8
85 9
90 9
95 10
100 11
105 12
110 12
115 13
120 14
125 15
130 15
135 16
140 17
145 17
150 18
155 19
160 19
165 20
170 21
175 22
180 23
185 24
190 24
195 25
200 26
205 27
210 27
215 28
220 29
225 30
230 30
235 32
240 32
245 33
250 34
255 35
260 36
265 37
270 38
275 39
280 40
285 40
290 41
295 42
300 43
305 45
310 45
315 46
320 87
325 82
330 49
335 50
340 50
345 51
350 52
355 53
360 54
365 55
370 56
375 57
380 58
385 59
390 60
395 61
400 82
405 85
410 104
415 65
420 66
425 67
430 68
435 68
440 69
445 70
450 71
455 72
460 73
465 74
470 75
475 76
480 77
485 79
490 80
495 81
500 81
505 82
510 83
515 84
520 85
525 86
530 87
535 88
540 89
545 90
550 91
555 92
560 93
565 94
570 95
575 96
580 97
585 99
590 99
595 101
600 102
605 103
610 103
615 104
620 105
625 107
630 107
635 108
640 109
645 110
650 111
655 112
660 113
665 114
670 115
675 116
680 117
685 118
690 119
695 120
700 122
705 122
710 123
715 124
720 125
725 127
730 129
735 129
740 147
745 131
750 131
755 132
760 133
765 135
770 138
775 229
780 163
785 145
790 145
795 146
800 147
805 148
810 149
815 149
820 150
825 151
830 153
835 154
840 154
845 175
850 179
855 160
860 161
865 162
870 162
875 163
880 164
885 165
890 166
895 167
900 169
905 170
910 170
915 172
920 210
925 173
930 175
935 176
940 177
945 178
950 252
955 271
960 181
965 182
970 275
975 204
980 254
985 224
990 243
995 184
1000 184
1005 186
1010 187
1015 203
1020 193
1025 196
1030 197
1035 198
1040 198
1045 200
1050 201
1055 201
1060 204
1065 244
1070 245
1075 207
1080 208
1085 209
1090 210
1095 211
1100 214
1105 251
1110 215
1115 216
1120 216
1125 217
1130 219
1135 221
1140 222
1145 314
1150 261
1155 224
1160 225
1165 227
1170 228
1175 229
1180 229
1185 230
1190 231
1195 233
1200 234
1205 238
1210 236
1215 237
1220 240
1225 264
1230 281
1235 241
1240 243
1245 245
1250 245
1255 283
1260 247
1265 249
1270 286
1275 251
1280 252
1285 253
1290 254
1295 299
1300 258
1305 259
1310 311
1315 261
1320 262
1325 263
1330 263
1335 266
1340 265
1345 267
1350 268
1355 269
1360 269
1365 271
1370 348
1375 274
1380 275
1385 279
1390 277
1395 278
1400 280
1405 348
1410 306
1415 284
1420 286
1425 286
1430 287
1435 289
1440 369
1445 292
1450 293
1455 292
1460 294
1465 296
1470 295
1475 297
1480 299
1485 348
1490 303
1495 303
1500 326
1505 366
1510 307
1515 307
1520 308
1525 310
1530 311
1535 387
1540 313
1545 313
1550 315
1555 317
1560 320
1565 319
1570 320
1575 321
1580 466
1585 495
1590 385
1595 326
1600 328
1605 328
1610 328
1615 359
1620 351
1625 343
1630 376
1635 357
1640 348
1645 351
1650 349
1655 350
1660 350
1665 351
1670 353
1675 354
1680 356
1685 357
1690 359
1695 361
1700 364
1705 365
1710 393
1715 395
1720 370
1725 368
1730 371
1735 371
1740 372
1745 374
1750 375
1755 376
1760 374
1765 377
1770 378
1775 377
1780 379
1785 380
1790 381
1795 385
1800 391
1805 386
1810 387
1815 388
1820 392
1825 389
1830 391
1835 391
1840 395
1845 393
1850 395
1855 396
1860 398
1865 428
1870 401
1875 403
1880 403
1885 403
1890 405
1895 405
1900 447
1905 410
1910 410
1915 410
1920 412
1925 443
1930 414
1935 414
1940 416
1945 418
1950 420
1955 421
1960 456
1965 477
1970 425
1975 426
1980 430
1985 428
1990 429
1995 430
2000 431
2005 432
2010 434
2015 434
2020 436
2025 436
2030 438
2035 439
2040 441
2045 441
2050 443
2055 445
2060 445
2065 449
2070 449
2075 449
2080 450
2085 452
2090 455
2095 455
2100 455
2105 456
2110 457
2115 457
2120 461
2125 460
2130 462
2135 463
2140 465
2145 466
2150 474
2155 457
2160 457
2165 562
2170 475
2175 487
2180 478
2185 481
2190 497
2195 514
2200 487
2205 468
2210 470
2215 469
2220 472
2225 514
2230 519
2235 476
2240 513
2245 538
2250 661
2255 509
2260 501
2265 512
2270 557
2275 532
2280 502
2285 507
2290 489
2295 490
2300 490
2305 492
2310 493
2315 494
2320 499
2325 496
2330 497
2335 498
2340 586
2345 519
2350 517
2355 517
2360 518
2365 543
2370 550
2375 522
2380 523
2385 525
2390 553
2395 528
2400 528
2405 530
2410 531
2415 531
2420 532
2425 533
2430 547
2435 600
2440 523
2445 526
2450 525
2455 530
2460 529
2465 529
2470 579
2475 531
2480 533
2485 535
2490 535
2495 537
2500 538
2505 538
2510 538
2515 541
2520 542
2525 544
2530 582
2535 546
2540 547
2545 551
2550 550
2555 550
2560 552
2565 552
2570 594
2575 554
2580 681
2585 559
2590 562
2595 563
2600 561
2605 574
2610 551
2615 550
2620 668
2625 571
2630 569
2635 586
2640 638
2645 631
2650 634
2655 560
2660 600
2665 563
2670 564
2675 565
2680 567
2685 566
2690 619
2695 619
2700 587
2705 587
2710 699
2715 714
2720 888
2725 737
2730 609
2735 612
2740 611
2745 655
2750 683
2755 614
2760 681
2765 759
2770 738
2775 691
2780 627
2785 663
2790 607
2795 609
2800 610
2805 612
2810 617
2815 614
2820 615
2825 616
2830 618
2835 639
2840 636
2845 638
2850 639
2855 640
2860 642
2865 646
2870 644
2875 645
2880 646
2885 646
2890 649
2895 651
2900 652
2905 664
2910 665
2915 639
2920 640
2925 640
2930 642
2935 719
2940 644
2945 691
2950 646
2955 649
2960 649
2965 650
2970 651
2975 652
2980 658
2985 661
2990 638
2995 691
3000 659
3005 659
3010 661
3015 663
3020 666
3025 713
3030 649
3035 650
3040 652
3045 698
3050 693
3055 731
3060 698
3065 702
3070 658
3075 660
3080 661
3085 738
3090 663
3095 664
3100 742
3105 666
3110 668
3115 673
3120 670
3125 674
3130 674
3135 674
3140 675
3145 677
3150 677
3155 679
3160 679
3165 680
3170 682
3175 767
3180 685
3185 684
3190 687
3195 690
3200 689
3205 690
3210 691
3215 866
3220 868
3225 713
3230 762
3235 696
3240 699
3245 772
3250 773
3255 703
3260 704
3265 729
3270 725
3275 725
3280 729
3285 725
3290 729
3295 766
3300 729
3305 769
3310 734
3315 780
3320 736
3325 737
3330 738
3335 740
3340 746
3345 770
3350 769
3355 764
3360 747
3365 747
3370 864
3375 753
3380 750
3385 794
3390 790
3395 754
3400 795
3405 759
3410 758
3415 759
3420 808
3425 762
3430 846
3435 765
3440 769
3445 766
3450 809
3455 777
3460 751
3465 752
3470 841
3475 755
3480 756
3485 888
3490 758
3495 758
3500 759
3505 762
3510 763
3515 828
3520 822
3525 823
3530 824
3535 789
3540 790
3545 831
3550 793
3555 794
3560 794
3565 797
3570 799
3575 798
3580 876
3585 782
3590 782
3595 784
3600 785
3605 787
3610 787
3615 918
3620 791
3625 789
3630 792
3635 797
3640 794
3645 904
3650 818
3655 818
3660 827
3665 800
3670 803
3675 806
3680 842
3685 879
3690 807
3695 806
3700 809
3705 852
3710 848
3715 811
3720 814
3725 814
3730 896
3735 818
3740 916
3745 821
3750 820
3755 822
3760 823
3765 824
3770 937
3775 826
3780 828
3785 828
3790 831
3795 832
3800 832
3805 907
3810 836
3815 835
3820 837
3825 838
3830 916
3835 841
3840 917
3845 844
3850 842
3855 845
3860 930
3865 936
3870 848
3875 849
3880 850
3885 851
3890 931
3895 854
3900 855
3905 854
3910 857
3915 859
3920 925
3925 860
3930 862
3935 929
3940 887
3945 896
3950 949
3955 868
3960 871
3965 934
3970 961
3975 997
3980 968
3985 928
3990 985
3995 1021
4000 901
4005 1017
4010 904
4015 907
4020 909
4025 908
4030 909
4035 911
4040 950
4045 913
4050 913
4055 916
4060 1062
4065 919
4070 920
4075 924
4080 928
4085 900
4090 1034
4095 901
4100 902
4105 903
4110 905
4115 991
4120 908
4125 910
4130 911
4135 912
4140 915
4145 914
4150 916
4155 916
4160 1104
4165 919
4170 998
4175 920
4180 923
4185 923
4190 947
4195 953
4200 997
4205 959
4210 929
4215 930
4220 932
4225 1014
4230 959
4235 1016
4240 1013
4245 938
4250 939
4255 1053
4260 1248
4265 1353
4270 1288
4275 1091
4280 970
4285 973
4290 973
4295 977
4300 1081
4305 978
4310 981
4315 1022
4320 983
4325 1020
4330 983
4335 986
4340 988
4345 989
4350 1090
4355 990
4360 992
4365 995
4370 994
4375 1055
4380 971
4385 1012
4390 972
4395 975
4400 977
4405 1079
4410 978
4415 980
4420 981
4425 982
4430 1088
4435 1010
4440 1009
4445 1085
4450 987
4455 989
4460 1054
4465 991
4470 993
4475 1070
4480 1081
4485 996
4490 1053
4495 998
4500 1000
4505 1070
4510 1166
4515 1004
4520 1036
4525 1033
4530 1079
4535 1032
4540 1039
4545 1036
4550 1040
4555 1040
4560 1042
4565 1052
4570 1183
4575 1061
4580 1019
4585 1150
4590 1021
4595 1025
4600 1024
4605 1096
4610 1047
4615 1055
4620 1056
4625 1094
4630 1061
4635 1060
4640 1065
4645 1141
4650 1064
4655 1079
4660 1044
4665 1090
4670 1070
4675 1157
4680 1045
4685 1045
4690 1046
4695 1048
4700 1160
4705 1051
4710 1165
4715 1053
4720 1140
4725 1056
4730 1056
4735 1060
4740 1058
4745 1140
4750 1062
4755 1061
4760 1062
4765 1066
4770 1146
4775 1066
4780 1213
4785 1127
4790 1099
4795 1207
4800 1142
4805 1104
4810 1139
4815 1145
4820 1107
4825 1111
4830 1108
4835 1109
4840 1110
4845 1112
4850 1114
4855 1152
4860 1152
4865 1117
4870 1120
4875 1132
4880 1093
4885 1229
4890 1125
4895 1123
4900 1098
4905 1099
4910 1266
4915 1155
4920 1230
4925 1133
4930 1180
4935 1134
4940 1136
4945 1137
4950 1141
4955 1141
4960 1149
4965 1114
4970 1117
4975 1289
4980 1118
4985 1118
4990 1119
4995 1141
5000 1176
5005 1123
5010 1125
5015 1125
5020 1220
5025 1208
5030 1130
5035 1149
5040 1229
5045 1132
5050 1135
5055 1136
5060 1139
5065 1264
5070 1142
5075 1142
5080 1217
5085 1301
5090 1145
5095 1178
5100 1232
5105 1151
5110 1149
5115 1150
5120 1153
5125 1226
5130 1241
5135 1185
5140 1190
5145 1157
5150 1161
5155 1282
5160 1199
5165 1165
5170 1164
5175 1263
5180 1166
5185 1168
5190 1167
5195 1176
5200 1211
5205 1172
5210 1174
5215 1197
5220 1290
5225 1177
5230 1256
5235 1184
5240 1323
5245 1182
5250 1218
5255 1216
5260 1324
5265 1219
5270 1221
5275 1298
5280 1228
5285 1224
5290 1255
5295 1314
5300 1272
5305 1252
5310 1197
5315 1201
5320 1208
5325 1406
5330 1235
5335 1274
5340 1280
5345 1239
5350 1464
5355 1477
5360 1673
5365 1568
5370 1247
5375 1248
5380 1374
5385 1250
5390 1250
5395 1251
5400 1379
5405 1253
5410 1255
5415 1309
5420 1499
5425 1488
5430 1379
5435 1454
5440 1306
5445 1298
5450 1300
5455 1352
5460 1304
5465 1305
5470 1303
5475 1343
5480 1307
5485 1309
5490 1309
5495 1322
5500 1313
5505 1314
5510 1308
5515 1317
5520 1285
5525 1286
5530 1291
5535 1327
5540 1294
5545 1296
5550 1259
5555 1388
5560 1260
5565 1262
5570 1385
5575 1346
5580 1265
5585 1312
5590 1300
5595 1311
5600 1386
5605 1306
5610 1311
5615 1349
5620 1725
5625 1511
5630 1354
5635 1360
5640 1350
5645 1394
5650 1352
5655 1360
5660 1354
5665 1360
5670 1357
5675 1358
5680 1365
5685 1362
5690 1378
5695 1329
5700 1328
5705 1331
5710 1431
5715 1333
5720 1344
5725 1423
5730 1336
5735 1339
5740 1340
5745 1339
5750 1341
5755 1343
5760 1356
5765 1428
5770 1465
5775 1314
5780 1392
5785 1438
5790 1359
5795 1339
5800 1356
5805 1447
5810 1398
5815 1403
5820 1361
5825 1399
5830 1375
5835 1332
5840 1474
5845 1331
5850 1333
5855 1399
5860 1463
5865 1432
5870 1373
5875 1373
5880 1417
5885 1376
5890 1378
5895 1384
5900 1391
5905 1346
5910 1348
5915 1427
5920 1351
5925 1349
5930 1549
5935 1501
5940 1392
5945 1392
5950 1470
5955 1394
5960 1395
5965 1438
5970 1404
5975 1362
5980 1406
5985 1367
5990 1484
5995 1367
6000 1372
6005 1406
6010 1513
6015 1374
6020 1375
6025 1459
6030 1377
6035 1380
6040 1456
6045 1423
6050 1382
6055 1382
6060 1384
6065 1466
6070 1469
6075 1446
6080 1517
6085 1391
6090 1393
6095 1394
6100 1477
6105 1395
6110 1475
6115 1398
6120 1399
6125 1401
6130 1402
6135 1556
6140 1406
6145 1408
6150 1407
6155 1504
6160 1407
6165 1410
6170 1492
6175 1413
6180 1420
6185 1502
6190 1417
6195 1418
6200 1419
6205 1421
6210 1525
6215 1425
6220 1505
6225 1605
6230 1515
6235 2046
6240 1881
6245 1537
6250 1470
6255 1478
6260 1473
6265 1476
6270 1477
6275 1517
6280 1479
6285 1480
6290 1556
6295 1536
6300 1483
6305 1479
6310 1558
6315 1449
6320 1455
6325 1493
6330 1570
6335 1454
6340 1458
6345 1535
6350 1458
6355 1461
6360 1751
6365 1462
6370 1581
6375 1543
6380 1503
6385 1506
6390 1507
6395 1513
6400 1515
6405 1471
6410 1515
6415 1494
6420 1530
6425 1479
6430 1662
6435 1478
6440 1483
6445 1568
6450 1484
6455 1561
6460 1487
6465 1485
6470 1490
6475 1488
6480 1689
6485 1635
6490 1492
6495 1589
6500 1693
6505 1840
6510 1614
6515 1539
6520 1538
6525 1595
6530 1584
6535 1585
6540 1586
6545 1594
6550 1589
6555 1600
6560 1644
6565 1552
6570 1553
6575 1633
6580 1606
6585 1561
6590 1609
6595 1667
6600 1592
6605 1521
6610 1607
6615 1523
6620 1578
6625 1723
6630 1568
6635 1607
6640 1608
6645 1572
6650 1572
6655 1580
6660 1575
6665 1575
6670 1578
6675 1622
6680 1606
6685 1619
6690 1766
6695 1544
6700 1547
6705 1759
6710 1713
6715 1636
6720 1592
6725 1591
6730 1593
6735 1593
6740 1628
6745 1556
6750 1648
6755 1746
6760 1557
6765 1711
6770 1654
6775 1606
6780 1606
6785 1608
6790 1606
6795 1610
6800 1641
6805 1594
6810 1572
6815 1574
6820 1648
6825 1576
6830 1578
6835 1643
6840 1676
6845 1583
6850 1583
6855 1589
6860 1584
6865 1746
6870 1737
6875 1591
6880 1592
6885 1740
6890 1643
6895 1634
6900 1729
6905 1698
6910 1639
6915 1732
6920 1627
6925 1601
6930 1734
6935 1682
6940 1607
6945 1709
6950 1612
6955 1609
6960 1672
6965 1612
6970 1672
6975 1691
6980 1617
6985 1680
6990 1702
6995 1616
7000 1763
7005 2013
7010 2134
7015 1960
7020 1781
7025 1717
7030 1697
7035 1717
7040 1719
7045 1727
7050 1727
7055 1723
7060 1715
7065 1813
7070 1680
7075 1687
7080 1718
7085 1683
7090 1668
7095 1686
7100 1643
7105 1646
7110 1813
7115 1654
7120 1651
7125 1896
7130 1651
7135 1654
7140 1791
7145 1691
7150 1702
7155 1708
7160 1704
7165 1703
7170 1744
7175 1730
7180 1672
7185 1742
7190 1747
7195 1669
7200 1710
7205 1671
7210 1673
7215 1678
7220 1752
7225 1795
7230 1717
7235 1717
7240 1679
7245 1726
7250 1899
7255 1690
7260 1802
7265 1685
7270 1761
7275 1691
7280 1729
7285 1689
7290 1765
7295 1754
7300 1804
7305 1735
7310 1742
7315 1808
7320 1901
7325 1746
7330 1784
7335 1786
7340 1753
7345 1753
7350 1796
7355 1751
7360 1832
7365 1806
7370 1757
7375 2304
7380 1925
7385 1762
7390 1763
7395 1812
7400 1771
7405 1811
7410 1768
7415 1777
7420 1837
7425 1774
7430 1774
7435 1812
7440 1820
7445 1777
7450 1923
7455 1731
7460 1736
7465 1818
7470 1737
7475 1778
7480 1881
7485 1817
7490 1818
7495 1824
7500 1744
7505 1856
7510 1794
7515 1795
7520 1820
7525 1850
7530 1829
7535 1813
7540 1755
7545 1880
7550 1845
7555 1758
7560 1764
7565 1762
7570 1763
7575 1764
7580 1841
7585 1767
7590 1969
7595 1963
7600 1771
7605 1771
7610 1937
7615 1826
7620 1823
7625 1823
7630 1824
7635 1911
7640 1822
7645 1782
7650 1927
7655 1783
7660 1783
7665 1945
7670 1788
7675 1911
7680 1791
7685 2258
7690 2494
7695 2044
7700 1846
7705 1894
7710 1869
7715 1904
7720 1896
7725 1928
7730 1912
7735 1902
7740 1873
7745 1905
7750 1910
7755 1859
7760 2085
7765 1866
7770 1907
7775 1863
7780 1867
7785 1916
7790 1884
7795 1817
7800 1907
7805 1907
7810 1902
7815 1909
7820 1825
7825 2036
7830 1834
7835 2056
7840 1871
7845 1880
7850 1880
7855 2022
7860 1883
7865 1970
7870 1895
7875 1838
7880 1920
7885 1886
7890 1842
7895 1852
7900 1844
7905 1846
7910 1937
7915 1847
7920 1852
7925 1948
7930 1855
7935 1969
7940 1909
7945 2029
7950 1866
7955 1863
7960 1937
7965 1958
7970 1862
7975 1962
7980 2039
7985 1866
7990 2067
7995 1934
8000 1922
8005 1923
8010 1940
8015 2006
8020 1977
8025 1878
8030 1971
8035 1881
8040 1886
8045 1967
8050 1884
8055 1884
8060 1965
8065 1970
8070 1975
8075 1888
8080 1966
8085 2062
8090 1895
8095 1979
8100 1896
8105 1960
8110 1984
8115 1982
8120 1900
8125 1991
8130 1904
8135 2043
8140 1903
8145 1910
8150 1990
8155 1909
8160 2064
8165 1913
8170 1995
8175 1963
8180 1916
8185 1920
8190 2019
8195 1920
8200 1922
8205 2046
8210 1928
8215 1924
8220 1927
8225 1927
8230 2013
8235 2047
8240 1932
8245 2065
8250 2104
8255 2020
8260 1936
8265 1957
8270 2041
8275 1992
8280 2069
8285 2083
8290 2038
8295 2079
8300 1944
8305 2107
8310 1996
8315 2344
8320 2348
8325 2299
8330 2095
8335 2005
8340 2051
8345 2259
8350 2019
8355 2087
8360 2147
8365 2018
8370 2014
8375 2017
8380 2058
8385 2020
8390 2027
8395 2074
8400 2024
8405 2160
8410 1973
8415 1979
8420 1976
8425 2017
8430 2059
8435 1982
8440 1990
8445 2073
8450 1986
8455 2101
8460 1988
8465 1986
8470 1991
8475 2075
8480 2009
8485 2629
8490 2122
8495 2117
8500 2201
8505 2114
8510 2116
8515 2110
8520 2114
8525 2177
8530 2099
8535 2061
8540 2060
8545 2212
8550 2070
8555 2106
8560 2067
8565 2071
8570 2072
8575 2206
8580 2187
8585 2099
8590 2154
8595 2126
8600 2119
8605 2131
8610 2078
8615 2095
8620 2034
8625 2031
8630 2113
8635 2033
8640 2143
8645 2035
8650 2038
8655 2104
8660 2047
8665 2039
8670 2041
8675 2124
8680 2128
8685 2045
8690 2263
8695 2049
8700 2050
8705 2149
8710 2053
8715 2061
8720 2054
8725 2136
8730 2101
8735 2106
8740 2174
8745 2067
8750 2160
8755 2237
8760 2120
8765 2192
8770 2123
8775 2293
8780 2105
8785 2074
8790 2161
8795 2074
8800 2151
8805 2077
8810 2225
8815 2079
8820 2077
8825 2122
8830 2081
8835 2192
8840 2222
8845 2084
8850 2189
8855 2088
8860 2169
8865 2090
8870 2091
8875 2257
8880 2096
8885 2316
8890 2145
8895 2716
8900 2667
8905 2240
8910 2208
8915 2159
8920 2240
8925 2203
8930 2260
8935 2167
8940 2167
8945 2217
8950 2207
8955 2187
8960 2235
8965 2185
8970 2121
8975 2207
8980 2331
8985 2123
8990 2211
8995 2128
9000 2215
9005 2129
9010 2126
9015 2235
9020 2135
9025 2298
9030 2196
9035 2136
9040 2303
9045 2139
9050 2145
9055 2142
9060 2382
9065 2143
9070 2185
9075 2249
9080 2145
9085 2353
9090 2229
9095 2151
9100 2232
9105 2156
9110 2257
9115 2153
9120 2308
9125 2160
9130 2179
9135 2200
9140 2255
9145 2321
9150 2164
9155 2251
9160 2166
9165 2172
9170 2388
9175 2171
9180 2332
9185 2176
9190 2218
9195 2177
9200 2385
9205 2238
9210 2239
9215 2341
9220 2243
9225 2339
9230 2187
9235 2314
9240 2231
9245 2192
9250 2350
9255 2410
9260 2336
9265 2256
9270 2338
9275 2255
9280 2263
9285 2248
9290 2208
9295 2280
9300 2246
9305 2322
9310 2206
9315 2249
9320 2209
9325 2292
9330 2250
9335 2216
9340 2344
9345 2366
9350 2316
9355 2217
9360 2291
9365 2390
9370 2253
9375 2283
9380 2331
9385 2333
9390 2287
9395 2359
9400 2307
9405 2259
9410 2274
9415 2312
9420 2236
9425 2316
9430 2363
9435 2283
9440 2595
9445 2831
9450 2707
9455 2380
9460 2372
9465 2436
9470 2369
9475 2342
9480 2317
9485 2481
9490 2314
9495 2346
9500 2379
9505 2262
9510 2256
9515 2341
9520 2262
9525 2406
9530 2400
9535 2265
9540 2351
9545 2269
9550 2364
9555 2270
9560 2350
9565 2275
9570 2474
9575 2370
9580 2276
9585 2408
9590 2361
9595 2282
9600 2360
9605 2373
9610 2325
9615 2394
9620 2395
9625 2349
9630 2393
9635 2359
9640 2348
9645 2367
9650 2380
9655 2390
9660 2680
9665 2885
9670 2449
9675 2463
9680 2443
9685 2440
9690 2431
9695 2436
9700 2482
9705 2371
9710 2506
9715 2375
9720 2383
9725 2421
9730 2385
9735 2428
9740 2364
9745 2614
9750 2329
9755 2409
9760 2336
9765 2427
9770 2330
9775 2537
9780 2342
9785 2384
9790 2450
9795 2332
9800 2491
9805 2453
9810 2384
9815 2455
9820 2497
9825 2342
9830 2466
9835 2460
9840 2425
9845 2346
9850 2387
9855 2416
9860 2351
9865 2417
9870 2439
9875 2527
9880 2354
9885 2541
9890 2406
9895 2358
9900 2361
9905 2543
9910 2467
9915 2626
9920 2482
9925 2479
9930 2443
9935 2479
9940 2426
9945 2714
9950 3175
9955 2571
9960 2440
9965 2532
9970 2570
9975 2450
9980 2489
9985 2455
9990 2494
9995 2516
10000 2572
