5 0
10 0
15 1
20 1
25 2
30 2
35 3
40 3
45 4
50 4
55 5
60 6
65 6
70 7
75 7
80 9
85 9
90 10
95 10
100 11
105 11
110 12
115 13
120 14
125 15
130 15
135 16
140 17
145 18
150 18
155 19
160 20
165 21
170 21
175 22
180 23
185 23
190 24
195 25
200 26
205 27
210 27
215 28
220 29
225 30
230 30
235 32
240 32
245 33
250 34
255 35
260 36
265 37
270 38
275 39
280 39
285 40
290 41
295 42
300 43
305 44
310 44
315 45
320 47
325 65
330 49
335 50
340 50
345 51
350 52
355 54
360 54
365 55
370 56
375 57
380 57
385 59
390 60
395 60
400 61
405 62
410 63
415 65
420 65
425 66
430 67
435 68
440 69
445 70
450 71
455 72
460 73
465 74
470 75
475 76
480 77
485 78
490 79
495 81
500 81
505 82
510 83
515 144
520 123
525 104
530 86
535 88
540 89
545 90
550 91
555 92
560 93
565 138
570 114
575 114
580 97
585 98
590 158
595 102
600 103
605 104
610 105
615 106
620 129
625 142
630 107
635 166
640 112
645 129
650 170
655 134
660 158
665 172
670 138
675 170
680 118
685 119
690 120
695 121
700 122
705 122
710 124
715 125
720 126
725 127
730 128
735 197
740 197
745 151
750 133
755 134
760 134
765 136
770 137
775 138
780 180
785 171
790 156
795 157
800 147
805 147
810 148
815 149
820 150
825 152
830 173
835 210
840 158
845 159
850 260
855 168
860 199
865 162
870 162
875 163
880 164
885 165
890 166
895 167
900 190
905 186
910 170
915 170
920 173
925 174
930 173
935 210
940 176
945 285
950 179
955 179
960 180
965 181
970 183
975 184
980 186
985 186
990 187
995 188
1000 189
1005 189
1010 192
1015 193
1020 193
1025 194
1030 215
1035 202
1040 203
1045 204
1050 206
1055 207
1060 209
1065 210
1070 211
1075 250
1080 216
1085 216
1090 216
1095 221
1100 219
1105 220
1110 220
1115 221
1120 223
1125 223
1130 225
1135 226
1140 227
1145 228
1150 229
1155 230
1160 231
1165 232
1170 233
1175 234
1180 236
1185 253
1190 240
1195 240
1200 242
1205 243
1210 244
1215 245
1220 245
1225 246
1230 248
1235 248
1240 250
1245 251
1250 251
1255 277
1260 297
1265 259
1270 264
1275 260
1280 262
1285 261
1290 262
1295 264
1300 264
1305 265
1310 287
1315 288
1320 270
1325 271
1330 271
1335 272
1340 274
1345 274
1350 277
1355 278
1360 300
1365 281
1370 282
1375 297
1380 283
1385 285
1390 285
1395 286
1400 287
1405 288
1410 289
1415 290
1420 292
1425 294
1430 295
1435 296
1440 297
1445 299
1450 299
1455 301
1460 301
1465 302
1470 303
1475 305
1480 306
1485 307
1490 308
1495 314
1500 311
1505 313
1510 314
1515 314
1520 325
1525 316
1530 318
1535 319
1540 348
1545 322
1550 324
1555 324
1560 327
1565 328
1570 328
1575 328
1580 330
1585 333
1590 332
1595 334
1600 335
1605 335
1610 336
1615 338
1620 340
1625 446
1630 349
1635 344
1640 346
1645 346
1650 349
1655 350
1660 363
1665 386
1670 368
1675 364
1680 361
1685 362
1690 364
1695 365
1700 366
1705 365
1710 365
1715 361
1720 365
1725 364
1730 366
1735 367
1740 371
1745 370
1750 371
1755 373
1760 376
1765 375
1770 378
1775 379
1780 378
1785 377
1790 446
1795 380
1800 380
1805 383
1810 383
1815 385
1820 386
1825 391
1830 378
1835 380
1840 380
1845 381
1850 383
1855 384
1860 386
1865 386
1870 387
1875 389
1880 388
1885 390
1890 392
1895 393
1900 394
1905 394
1910 526
1915 398
1920 401
1925 400
1930 401
1935 402
1940 403
1945 405
1950 447
1955 463
1960 435
1965 426
1970 429
1975 439
1980 429
1985 432
1990 435
1995 430
2000 437
2005 439
2010 440
2015 435
2020 438
2025 442
2030 457
2035 491
2040 470
2045 510
2050 458
2055 493
2060 479
2065 453
2070 537
2075 524
2080 517
2085 503
2090 539
2095 539
2100 558
2105 626
2110 446
2115 520
2120 447
2125 495
2130 471
2135 452
2140 451
2145 474
2150 503
2155 468
2160 470
2165 479
2170 502
2175 474
2180 508
2185 481
2190 487
2195 478
2200 482
2205 480
2210 486
2215 488
2220 486
2225 483
2230 485
2235 488
2240 488
2245 489
2250 491
2255 496
2260 494
2265 498
2270 500
2275 496
2280 499
2285 499
2290 526
2295 502
2300 504
2305 503
2310 505
2315 506
2320 507
2325 508
2330 510
2335 561
2340 513
2345 513
2350 515
2355 515
2360 519
2365 518
2370 519
2375 520
2380 524
2385 524
2390 525
2395 526
2400 528
2405 528
2410 530
2415 531
2420 532
2425 532
2430 543
2435 521
2440 571
2445 559
2450 525
2455 525
2460 530
2465 570
2470 533
2475 532
2480 568
2485 533
2490 535
2495 534
2500 537
2505 538
2510 541
2515 554
2520 671
2525 642
2530 531
2535 531
2540 533
2545 534
2550 534
2555 578
2560 553
2565 537
2570 538
2575 642
2580 651
2585 632
2590 583
2595 603
2600 659
2605 564
2610 572
2615 566
2620 567
2625 567
2630 568
2635 570
2640 571
2645 614
2650 573
2655 574
2660 574
2665 576
2670 581
2675 578
2680 580
2685 580
2690 581
2695 585
2700 584
2705 677
2710 586
2715 587
2720 592
2725 589
2730 591
2735 631
2740 594
2745 594
2750 597
2755 598
2760 598
2765 613
2770 585
2775 587
2780 589
2785 674
2790 590
2795 592
2800 593
2805 671
2810 596
2815 597
2820 657
2825 639
2830 601
2835 601
2840 602
2845 679
2850 631
2855 622
2860 624
2865 624
2870 673
2875 652
2880 612
2885 613
2890 712
2895 615
2900 718
2905 617
2910 618
2915 620
2920 640
2925 639
2930 640
2935 641
2940 754
2945 645
2950 645
2955 646
2960 648
2965 648
2970 650
2975 651
2980 691
2985 701
2990 655
2995 661
3000 713
3005 658
3010 674
3015 644
3020 680
3025 648
3030 737
3035 648
3040 650
3045 651
3050 655
3055 736
3060 717
3065 677
3070 675
3075 675
3080 679
3085 716
3090 680
3095 681
3100 734
3105 682
3110 685
3115 686
3120 686
3125 689
3130 733
3135 699
3140 673
3145 675
3150 675
3155 677
3160 678
3165 805
3170 684
3175 756
3180 816
3185 682
3190 687
3195 686
3200 688
3205 802
3210 752
3215 711
3220 709
3225 712
3230 756
3235 715
3240 716
3245 718
3250 719
3255 718
3260 721
3265 763
3270 732
3275 825
3280 707
3285 839
3290 710
3295 712
3300 712
3305 715
3310 713
3315 716
3320 844
3325 719
3330 718
3335 820
3340 740
3345 788
3350 744
3355 745
3360 786
3365 747
3370 746
3375 748
3380 749
3385 755
3390 754
3395 753
3400 759
3405 735
3410 820
3415 741
3420 740
3425 741
3430 743
3435 743
3440 745
3445 746
3450 748
3455 854
3460 804
3465 862
3470 750
3475 754
3480 836
3485 755
3490 757
3495 834
3500 759
3505 760
3510 854
3515 1025
3520 986
3525 955
3530 824
3535 820
3540 872
3545 825
3550 792
3555 793
3560 794
3565 795
3570 797
3575 799
3580 854
3585 823
3590 825
3595 823
3600 828
3605 834
3610 830
3615 833
3620 834
3625 832
3630 836
3635 838
3640 834
3645 814
3650 815
3655 817
3660 821
3665 823
3670 821
3675 943
3680 827
3685 831
3690 899
3695 846
3700 876
3705 956
3710 834
3715 832
3720 834
3725 913
3730 838
3735 838
3740 839
3745 839
3750 840
3755 841
3760 844
3765 844
3770 845
3775 846
3780 848
3785 944
3790 851
3795 889
3800 853
3805 854
3810 853
3815 861
3820 857
3825 908
3830 860
3835 860
3840 981
3845 867
3850 866
3855 867
3860 868
3865 873
3870 846
3875 850
3880 850
3885 852
3890 929
3895 935
3900 856
3905 932
3910 899
3915 999
3920 892
3925 884
3930 883
3935 885
3940 955
3945 905
3950 892
3955 893
3960 932
3965 894
3970 895
3975 893
3980 949
3985 876
3990 877
3995 880
4000 878
4005 880
4010 882
4015 884
4020 962
4025 923
4030 887
4035 887
4040 891
4045 891
4050 894
4055 938
4060 986
4065 895
4070 897
4075 936
4080 898
4085 1009
4090 924
4095 997
4100 1111
4105 904
4110 910
4115 908
4120 906
4125 907
4130 1031
4135 941
4140 942
4145 937
4150 938
4155 941
4160 941
4165 1112
4170 944
4175 946
4180 1010
4185 1046
4190 949
4195 1122
4200 991
4205 1178
4210 1073
4215 929
4220 970
4225 934
4230 1006
4235 1050
4240 961
4245 963
4250 963
4255 965
4260 967
4265 969
4270 1055
4275 969
4280 971
4285 974
4290 1020
4295 1156
4300 1016
4305 977
4310 978
4315 981
4320 980
4325 982
4330 1025
4335 985
4340 1030
4345 988
4350 988
4355 1038
4360 992
4365 991
4370 993
4375 1088
4380 995
4385 997
4390 1048
4395 1000
4400 1001
4405 1002
4410 1028
4415 1048
4420 1115
4425 1007
4430 1008
4435 1009
4440 1105
4445 1013
4450 1013
4455 1015
4460 1016
4465 1017
4470 1023
4475 1127
4480 996
4485 996
4490 1128
4495 999
4500 1000
4505 1003
4510 1002
4515 1066
4520 1034
4525 1158
4530 1005
4535 1008
4540 1134
4545 1010
4550 1012
4555 1012
4560 1092
4565 1059
4570 1081
4575 1097
4580 1046
4585 1048
4590 1092
4595 1049
4600 1052
4605 1054
4610 1050
4615 1066
4620 1030
4625 1031
4630 1033
4635 1031
4640 1226
4645 1036
4650 1038
4655 1117
4660 1090
4665 1043
4670 1149
4675 1043
4680 1086
4685 1111
4690 1135
4695 1130
4700 1085
4705 1077
4710 1079
4715 1085
4720 1082
4725 1081
4730 1084
4735 1132
4740 1086
4745 1147
4750 1394
4755 1079
4760 1064
4765 1164
4770 1066
4775 1067
4780 1284
4785 1162
4790 1196
4795 1135
4800 1283
4805 1280
4810 1106
4815 1107
4820 1108
4825 1212
4830 1139
4835 1148
4840 1140
4845 1145
4850 1145
4855 1186
4860 1149
4865 1202
4870 1169
4875 1160
4880 1154
4885 1160
4890 1159
4895 1165
4900 1162
4905 1157
4910 1168
4915 1161
4920 1165
4925 1172
4930 1168
4935 1166
4940 1172
4945 1168
4950 1179
4955 1190
4960 1140
4965 1143
4970 1145
4975 1145
4980 1189
4985 1148
4990 1152
4995 1156
5000 1191
5005 1153
5010 1155
5015 1197
5020 1157
5025 1195
5030 1243
5035 1162
5040 1133
5045 1215
5050 1133
5055 1136
5060 1137
5065 1140
5070 1139
5075 1300
5080 1188
5085 1145
5090 1214
5095 1148
5100 1189
5105 1150
5110 1154
5115 1157
5120 1256
5125 1155
5130 1158
5135 1226
5140 1159
5145 1158
5150 1161
5155 1161
5160 1201
5165 1164
5170 1165
5175 1167
5180 1327
5185 1168
5190 1170
5195 1169
5200 1175
5205 1269
5210 1239
5215 1176
5220 1256
5225 1178
5230 1179
5235 1182
5240 1185
5245 1182
5250 1189
5255 1186
5260 1187
5265 1312
5270 1190
5275 1190
5280 1347
5285 1192
5290 1272
5295 1311
5300 1289
5305 1310
5310 1277
5315 1199
5320 1241
5325 1233
5330 1235
5335 1237
5340 1238
5345 1283
5350 1241
5355 1247
5360 1248
5365 1243
5370 1245
5375 1351
5380 1250
5385 1251
5390 1291
5395 1261
5400 1343
5405 1221
5410 1224
5415 1231
5420 1226
5425 1227
5430 1272
5435 1232
5440 1233
5445 1234
5450 1233
5455 1328
5460 1255
5465 1237
5470 1300
5475 1241
5480 1383
5485 1241
5490 1242
5495 1250
5500 1321
5505 1370
5510 1353
5515 1282
5520 1284
5525 1289
5530 1285
5535 1289
5540 1382
5545 1290
5550 1402
5555 1336
5560 1263
5565 1338
5570 1261
5575 1268
5580 1265
5585 1267
5590 1466
5595 1270
5600 1269
5605 1347
5610 1274
5615 1421
5620 1274
5625 1324
5630 1350
5635 1311
5640 1314
5645 1314
5650 1317
5655 1324
5660 1357
5665 1332
5670 1391
5675 1463
5680 1337
5685 1292
5690 1300
5695 1407
5700 1328
5705 1359
5710 1385
5715 1333
5720 1334
5725 1338
5730 1346
5735 1302
5740 1305
5745 1384
5750 1467
5755 1308
5760 1312
5765 1312
5770 1752
5775 1763
5780 1657
5785 1409
5790 1352
5795 1397
5800 1390
5805 1393
5810 1395
5815 1391
5820 1397
5825 1403
5830 1478
5835 1398
5840 1464
5845 1365
5850 1366
5855 1451
5860 1375
5865 1371
5870 1362
5875 1336
5880 1381
5885 1341
5890 1399
5895 1430
5900 1383
5905 1345
5910 1346
5915 1430
5920 1428
5925 1353
5930 1430
5935 1354
5940 1376
5945 1456
5950 1507
5955 1358
5960 1526
5965 1440
5970 1363
5975 1412
5980 1441
5985 1407
5990 1449
5995 1408
6000 1426
6005 1462
6010 1409
6015 1447
6020 1412
6025 1432
6030 1494
6035 1415
6040 1501
6045 1456
6050 1417
6055 1420
6060 1483
6065 1441
6070 1422
6075 1501
6080 1427
6085 1428
6090 1428
6095 1514
6100 1432
6105 1433
6110 1608
6115 1397
6120 1400
6125 1400
6130 1407
6135 1579
6140 1406
6145 1498
6150 1408
6155 1409
6160 1410
6165 1491
6170 1501
6175 1489
6180 1491
6185 1414
6190 1417
6195 1416
6200 1462
6205 1562
6210 1421
6215 1535
6220 1427
6225 1423
6230 1427
6235 1426
6240 1435
6245 1510
6250 1432
6255 1665
6260 1434
6265 1436
6270 1439
6275 1599
6280 1443
6285 1481
6290 1519
6295 1525
6300 1444
6305 1445
6310 1455
6315 1597
6320 1472
6325 1485
6330 1452
6335 1453
6340 1570
6345 1589
6350 1536
6355 1536
6360 1461
6365 1466
6370 1594
6375 1507
6380 1504
6385 1505
6390 1620
6395 1509
6400 1509
6405 1536
6410 1472
6415 1752
6420 1559
6425 1563
6430 1478
6435 1509
6440 1561
6445 1522
6450 1522
6455 1527
6460 1571
6465 1537
6470 1562
6475 1569
6480 1621
6485 1491
6490 1572
6495 1494
6500 1495
6505 1573
6510 1497
6515 1501
6520 1500
6525 1580
6530 1609
6535 1503
6540 1507
6545 1510
6550 1645
6555 1508
6560 1590
6565 1511
6570 1513
6575 1764
6580 1616
6585 1598
6590 1593
6595 1700
6600 1945
6605 2007
6610 1862
6615 1563
6620 1600
6625 1567
6630 1656
6635 1663
6640 1571
6645 1572
6650 1611
6655 1620
6660 1576
6665 1630
6670 1578
6675 1652
6680 1581
6685 1842
6690 1811
6695 1633
6700 1629
6705 1651
6710 1632
6715 1649
6720 1636
6725 1636
6730 1645
6735 1651
6740 1624
6745 1602
6750 1685
6755 1601
6760 1601
6765 1609
6770 1656
6775 1650
6780 1653
6785 1607
6790 1608
6795 1609
6800 1764
6805 1573
6810 1650
6815 1574
6820 1652
6825 1575
6830 1681
6835 1578
6840 1585
6845 1735
6850 1580
6855 1585
6860 1586
6865 1693
6870 1586
6875 1761
6880 1589
6885 1745
6890 1640
6895 1639
6900 1678
6905 1719
6910 1636
6915 1648
6920 1683
6925 1659
6930 1617
6935 1605
6940 1685
6945 1683
6950 1605
6955 1609
6960 1609
6965 1651
6970 1729
6975 1612
6980 1614
6985 1653
6990 1828
6995 1619
7000 1702
7005 1621
7010 1621
7015 1623
7020 1703
7025 1625
7030 1707
7035 1631
7040 1630
7045 1633
7050 1632
7055 1753
7060 1635
7065 1715
7070 1638
7075 1717
7080 1641
7085 1641
7090 1639
7095 1759
7100 1643
7105 1648
7110 1652
7115 1769
7120 1652
7125 1729
7130 1650
7135 1734
7140 1659
7145 1656
7150 1659
7155 1730
7160 1757
7165 1736
7170 1669
7175 1751
7180 1743
7185 1783
7190 1710
7195 1750
7200 1712
7205 1840
7210 1670
7215 1792
7220 1675
7225 1679
7230 1679
7235 1934
7240 1679
7245 1757
7250 1684
7255 1760
7260 1720
7265 1690
7270 1823
7275 1729
7280 1688
7285 1692
7290 1848
7295 1903
7300 1696
7305 1803
7310 1774
7315 1700
7320 1703
7325 2226
7330 2080
7335 2080
7340 1765
7345 1803
7350 1919
7355 1801
7360 1802
7365 1803
7370 1838
7375 1761
7380 1758
7385 1762
7390 1803
7395 1762
7400 1891
7405 1721
7410 1893
7415 1724
7420 1803
7425 1769
7430 1772
7435 1815
7440 1776
7445 1817
7450 1868
7455 1895
7460 1869
7465 1900
7470 1845
7475 1841
7480 1904
7485 2093
7490 1903
7495 1789
7500 1790
7505 1922
7510 1842
7515 1844
7520 1907
7525 1846
7530 1911
7535 1840
7540 1801
7545 1804
7550 1803
7555 1804
7560 1840
7565 1761
7570 1762
7575 1881
7580 1911
7585 1883
7590 1769
7595 1770
7600 1812
7605 1775
7610 1772
7615 1852
7620 1776
7625 1858
7630 1881
7635 1902
7640 1780
7645 1859
7650 1784
7655 1785
7660 1790
7665 1787
7670 1786
7675 1866
7680 1791
7685 1796
7690 1872
7695 1795
7700 2137
7705 1798
7710 1809
7715 1918
7720 1859
7725 1855
7730 1937
7735 1852
7740 1862
7745 1909
7750 1825
7755 1895
7760 1811
7765 1811
7770 1984
7775 1811
7780 1816
7785 1932
7790 1897
7795 1819
7800 1819
7805 1937
7810 1881
7815 1879
7820 1827
7825 2125
7830 1895
7835 1982
7840 1911
7845 1913
7850 1919
7855 2052
7860 1886
7865 1964
7870 1885
7875 1887
7880 1891
7885 1892
7890 1892
7895 2040
7900 1846
7905 1845
7910 2233
7915 1856
7920 1978
7925 1976
7930 1903
7935 1902
7940 1903
7945 1986
7950 1859
7955 1901
7960 2044
7965 1979
7970 1881
7975 2178
7980 2370
7985 2551
7990 1917
7995 2019
8000 1973
8005 1973
8010 1973
8015 2018
8020 1930
8025 1969
8030 1932
8035 1932
8040 2069
8045 1881
8050 1970
8055 1886
8060 1925
8065 1976
8070 1962
8075 2067
8080 2028
8085 1892
8090 1924
8095 1952
8100 1944
8105 1990
8110 1948
8115 1955
8120 2100
8125 1903
8130 1990
8135 1905
8140 2170
8145 1965
8150 1958
8155 2001
8160 1965
8165 1962
8170 1974
8175 1989
8180 2126
8185 1918
8190 1920
8195 1921
8200 1919
8205 1924
8210 2008
8215 1968
8220 1933
8225 2064
8230 1935
8235 2040
8240 1933
8245 1933
8250 1937
8255 2049
8260 1998
8265 2018
8270 1941
8275 1945
8280 2009
8285 2032
8290 1945
8295 1943
8300 1954
8305 2011
8310 1949
8315 2030
8320 1951
8325 2083
8330 2179
8335 1955
8340 2071
8345 1959
8350 1957
8355 1961
8360 2001
8365 2046
8370 1966
8375 1965
8380 2088
8385 2047
8390 2048
8395 1972
8400 1972
8405 2016
8410 1976
8415 2050
8420 2099
8425 2060
8430 2090
8435 2146
8440 2112
8445 2073
8450 2072
8455 2038
8460 2082
8465 2151
8470 2039
8475 2044
8480 2174
8485 2030
8490 2103
8495 2071
8500 1994
8505 2078
8510 2038
8515 2040
8520 2002
8525 2037
8530 2085
8535 2122
8540 2092
8545 2009
8550 2008
8555 2212
8560 2245
8565 2099
8570 2104
8575 2072
8580 2151
8585 2664
8590 2426
8595 2275
8600 2141
8605 2169
8610 2140
8615 2134
8620 2137
8625 2138
8630 2156
8635 2147
8640 2130
8645 2129
8650 2091
8655 2091
8660 2135
8665 2067
8670 2183
8675 2248
8680 2060
8685 2192
8690 2187
8695 2229
8700 2114
8705 2108
8710 2160
8715 2152
8720 2136
8725 2175
8730 2205
8735 2370
8740 2187
8745 2171
8750 2143
8755 2201
8760 2176
8765 2184
8770 2237
8775 2165
8780 2166
8785 2164
8790 2126
8795 2133
8800 2488
8805 2238
8810 2244
8815 2301
8820 2252
8825 2407
8830 2138
8835 2143
8840 2224
8845 2198
8850 2213
8855 2198
8860 2202
8865 2216
8870 2146
8875 2249
8880 2153
8885 2136
8890 2097
8895 2185
8900 2144
8905 2100
8910 2166
8915 2301
8920 2354
8925 2107
8930 2163
8935 2162
8940 2164
8945 2257
8950 2226
8955 2113
8960 2235
8965 2115
8970 2368
8975 2174
8980 2219
8985 2184
8990 2180
8995 2216
9000 2271
9005 2225
9010 2322
9015 2227
9020 2192
9025 2328
9030 2193
9035 2190
9040 2215
9045 2136
9050 2220
9055 2269
9060 2140
9065 2263
9070 2219
9075 2144
9080 2153
9085 2220
9090 2146
9095 2155
9100 2156
9105 2228
9110 2233
9115 2154
9120 2329
9125 2161
9130 2161
9135 2241
9140 2723
9145 2909
9150 2240
9155 2267
9160 2273
9165 2223
9170 2270
9175 2226
9180 2278
9185 2234
9190 2235
9195 2307
9200 2332
9205 2324
9210 2577
9215 2311
9220 2303
9225 2300
9230 2302
9235 2337
9240 2296
9245 2307
9250 2255
9255 2225
9260 2199
9265 2194
9270 2282
9275 2196
9280 2358
9285 2325
9290 2278
9295 2205
9300 2203
9305 2247
9310 2326
9315 2430
9320 2270
9325 2271
9330 2329
9335 2346
9340 2261
9345 2258
9350 2218
9355 2296
9360 2424
9365 2299
9370 2229
9375 2365
9380 2292
9385 2329
9390 2282
9395 2291
9400 2296
9405 2341
9410 2232
9415 2303
9420 2363
9425 2483
9430 2294
9435 2346
9440 2343
9445 2295
9450 2323
9455 2243
9460 2249
9465 2528
9470 2342
9475 2362
9480 2361
9485 2400
9490 2251
9495 2339
9500 2332
9505 2265
9510 2340
9515 2336
9520 2260
9525 2307
9530 2263
9535 2262
9540 2479
9545 2264
9550 2317
9555 2415
9560 2350
9565 2272
9570 2350
9575 2282
9580 2340
9585 2373
9590 2336
9595 2284
9600 2414
9605 2397
9610 2293
9615 2282
9620 2331
9625 2331
9630 2372
9635 2292
9640 2452
9645 2393
9650 2413
9655 2392
9660 2360
9665 2488
9670 2892
9675 2858
9680 2370
9685 2433
9690 2605
9695 2461
9700 2435
9705 2441
9710 2444
9715 2437
9720 2488
9725 2484
9730 2451
9735 2421
9740 2377
9745 2417
9750 2404
9755 2454
9760 2341
9765 2406
9770 2491
9775 2489
9780 2403
9785 2450
9790 2402
9795 2513
9800 2337
9805 2376
9810 2588
9815 2398
9820 2442
9825 2407
9830 2406
9835 2406
9840 2520
9845 2343
9850 2344
9855 2459
9860 2494
9865 2350
9870 2352
9875 2397
9880 2494
9885 2480
9890 2357
9895 2357
9900 2451
9905 2436
9910 2671
9915 2423
9920 2420
9925 2444
9930 2364
9935 2366
9940 2602
9945 2461
9950 2455
9955 2378
9960 2382
9965 2452
9970 2465
9975 2379
9980 2422
9985 2576
9990 2540
9995 2421
10000 2385
