5 0
10 0
15 1
20 1
25 2
30 2
35 3
40 3
45 4
50 4
55 5
60 6
65 6
70 7
75 8
80 8
85 9
90 10
95 11
100 11
105 12
110 12
115 13
120 14
125 14
130 15
135 16
140 17
145 18
150 18
155 19
160 20
165 20
170 21
175 22
180 23
185 24
190 24
195 25
200 26
205 27
210 27
215 28
220 29
225 30
230 30
235 31
240 32
245 33
250 34
255 35
260 36
265 37
270 38
275 39
280 40
285 40
290 41
295 42
300 43
305 44
310 46
315 46
320 47
325 48
330 70
335 71
340 67
345 51
350 52
355 53
360 55
365 55
370 56
375 57
380 58
385 59
390 60
395 61
400 61
405 63
410 64
415 65
420 66
425 67
430 68
435 68
440 69
445 71
450 71
455 72
460 73
465 74
470 75
475 76
480 77
485 78
490 79
495 80
500 81
505 82
510 83
515 84
520 84
525 86
530 87
535 87
540 89
545 90
550 90
555 92
560 93
565 140
570 104
575 138
580 97
585 98
590 99
595 100
600 101
605 102
610 103
615 104
620 105
625 106
630 107
635 108
640 109
645 110
650 111
655 112
660 113
665 114
670 116
675 117
680 118
685 118
690 120
695 120
700 121
705 122
710 125
715 124
720 126
725 127
730 128
735 128
740 130
745 131
750 131
755 133
760 133
765 135
770 136
775 206
780 150
785 145
790 145
795 146
800 147
805 148
810 163
815 146
820 243
825 150
830 150
835 151
840 151
845 152
850 153
855 154
860 154
865 156
870 175
875 162
880 163
885 164
890 165
895 166
900 167
905 168
910 169
915 170
920 172
925 173
930 173
935 175
940 176
945 177
950 179
955 180
960 180
965 182
970 183
975 184
980 186
985 186
990 187
995 189
1000 190
1005 190
1010 192
1015 194
1020 194
1025 195
1030 197
1035 197
1040 199
1045 202
1050 201
1055 202
1060 203
1065 204
1070 206
1075 207
1080 207
1085 209
1090 210
1095 249
1100 212
1105 213
1110 214
1115 215
1120 226
1125 212
1130 213
1135 232
1140 214
1145 216
1150 217
1155 218
1160 220
1165 221
1170 222
1175 315
1180 263
1185 226
1190 226
1195 227
1200 228
1205 230
1210 230
1215 289
1220 251
1225 234
1230 235
1235 236
1240 236
1245 239
1250 239
1255 241
1260 240
1265 262
1270 261
1275 246
1280 265
1285 247
1290 248
1295 249
1300 251
1305 272
1310 326
1315 274
1320 261
1325 263
1330 265
1335 266
1340 267
1345 269
1350 269
1355 270
1360 271
1365 275
1370 273
1375 312
1380 275
1385 277
1390 278
1395 280
1400 279
1405 281
1410 283
1415 284
1420 322
1425 286
1430 287
1435 288
1440 290
1445 291
1450 292
1455 293
1460 294
1465 295
1470 296
1475 297
1480 300
1485 321
1490 318
1495 301
1500 303
1505 303
1510 344
1515 308
1520 310
1525 311
1530 310
1535 312
1540 313
1545 350
1550 317
1555 317
1560 318
1565 319
1570 320
1575 320
1580 433
1585 363
1590 398
1595 515
1600 318
1605 319
1610 320
1615 509
1620 322
1625 345
1630 333
1635 374
1640 336
1645 409
1650 337
1655 341
1660 340
1665 340
1670 341
1675 344
1680 347
1685 346
1690 346
1695 347
1700 423
1705 351
1710 351
1715 352
1720 353
1725 353
1730 356
1735 356
1740 358
1745 359
1750 397
1755 361
1760 362
1765 362
1770 365
1775 366
1780 409
1785 369
1790 369
1795 370
1800 372
1805 372
1810 376
1815 376
1820 376
1825 432
1830 433
1835 379
1840 380
1845 381
1850 383
1855 383
1860 386
1865 386
1870 388
1875 388
1880 391
1885 390
1890 393
1895 394
1900 396
1905 396
1910 451
1915 399
1920 402
1925 401
1930 403
1935 404
1940 441
1945 406
1950 409
1955 408
1960 408
1965 418
1970 426
1975 446
1980 413
1985 477
1990 417
1995 418
2000 420
2005 419
2010 420
2015 421
2020 423
2025 424
2030 428
2035 427
2040 427
2045 429
2050 467
2055 430
2060 431
2065 433
2070 434
2075 520
2080 439
2085 440
2090 439
2095 442
2100 501
2105 590
2110 484
2115 464
2120 446
2125 448
2130 488
2135 505
2140 469
2145 468
2150 473
2155 480
2160 505
2165 473
2170 472
2175 474
2180 473
2185 477
2190 480
2195 480
2200 490
2205 501
2210 502
2215 547
2220 501
2225 485
2230 500
2235 492
2240 497
2245 496
2250 492
2255 494
2260 494
2265 497
2270 492
2275 499
2280 520
2285 499
2290 500
2295 500
2300 503
2305 530
2310 508
2315 506
2320 538
2325 509
2330 510
2335 511
2340 511
2345 553
2350 516
2355 517
2360 517
2365 517
2370 518
2375 522
2380 520
2385 522
2390 523
2395 525
2400 526
2405 558
2410 529
2415 532
2420 535
2425 532
2430 534
2435 534
2440 536
2445 537
2450 538
2455 539
2460 541
2465 542
2470 544
2475 552
2480 548
2485 547
2490 548
2495 549
2500 550
2505 553
2510 553
2515 555
2520 555
2525 558
2530 559
2535 563
2540 561
2545 563
2550 563
2555 564
2560 569
2565 580
2570 584
2575 576
2580 578
2585 584
2590 587
2595 591
2600 592
2605 565
2610 565
2615 565
2620 568
2625 605
2630 569
2635 710
2640 620
2645 605
2650 597
2655 602
2660 599
2665 596
2670 593
2675 597
2680 613
2685 600
2690 605
2695 607
2700 606
2705 611
2710 627
2715 605
2720 606
2725 609
2730 632
2735 611
2740 610
2745 612
2750 613
2755 614
2760 616
2765 617
2770 618
2775 619
2780 621
2785 622
2790 623
2795 628
2800 627
2805 641
2810 614
2815 612
2820 614
2825 689
2830 617
2835 656
2840 655
2845 621
2850 622
2855 661
2860 624
2865 625
2870 626
2875 708
2880 756
2885 679
2890 632
2895 634
2900 636
2905 634
2910 636
2915 638
2920 639
2925 639
2930 642
2935 642
2940 681
2945 647
2950 727
2955 691
2960 665
2965 672
2970 709
2975 671
2980 725
2985 673
2990 674
2995 674
3000 677
3005 677
3010 678
3015 681
3020 680
3025 695
3030 704
3035 667
3040 719
3045 669
3050 672
3055 671
3060 672
3065 719
3070 675
3075 677
3080 679
3085 686
3090 681
3095 684
3100 684
3105 730
3110 685
3115 690
3120 689
3125 689
3130 787
3135 842
3140 693
3145 861
3150 889
3155 825
3160 718
3165 718
3170 719
3175 722
3180 720
3185 722
3190 724
3195 728
3200 727
3205 727
3210 731
3215 735
3220 730
3225 732
3230 734
3235 735
3240 735
3245 743
3250 719
3255 755
3260 722
3265 722
3270 837
3275 726
3280 726
3285 728
3290 733
3295 728
3300 731
3305 740
3310 713
3315 800
3320 716
3325 718
3330 719
3335 724
3340 721
3345 723
3350 802
3355 745
3360 767
3365 752
3370 727
3375 729
3380 732
3385 816
3390 732
3395 733
3400 738
3405 736
3410 868
3415 737
3420 739
3425 740
3430 740
3435 742
3440 744
3445 784
3450 824
3455 747
3460 749
3465 750
3470 752
3475 752
3480 755
3485 755
3490 757
3495 758
3500 759
3505 760
3510 760
3515 762
3520 878
3525 763
3530 765
3535 770
3540 770
3545 938
3550 771
3555 809
3560 906
3565 797
3570 807
3575 778
3580 778
3585 859
3590 780
3595 781
3600 784
3605 813
3610 843
3615 865
3620 812
3625 809
3630 813
3635 818
3640 813
3645 843
3650 833
3655 817
3660 819
3665 819
3670 927
3675 801
3680 803
3685 804
3690 962
3695 826
3700 845
3705 807
3710 900
3715 850
3720 811
3725 830
3730 837
3735 835
3740 838
3745 839
3750 840
3755 843
3760 842
3765 843
3770 885
3775 846
3780 847
3785 888
3790 922
3795 869
3800 830
3805 831
3810 954
3815 832
3820 835
3825 836
3830 921
3835 840
3840 864
3845 862
3850 866
3855 865
3860 868
3865 868
3870 867
3875 907
3880 920
3885 871
3890 921
3895 875
3900 873
3905 937
3910 997
3915 857
3920 857
3925 859
3930 860
3935 986
3940 862
3945 949
3950 915
3955 955
3960 890
3965 892
3970 892
3975 893
3980 895
3985 896
3990 900
3995 955
4000 935
4005 1014
4010 944
4015 881
4020 885
4025 1015
4030 884
4035 886
4040 888
4045 889
4050 889
4055 891
4060 1012
4065 971
4070 894
4075 897
4080 898
4085 897
4090 898
4095 982
4100 900
4105 900
4110 904
4115 989
4120 922
4125 908
4130 1109
4135 1009
4140 913
4145 912
4150 912
4155 1001
4160 940
4165 941
4170 1054
4175 941
4180 947
4185 945
4190 1028
4195 947
4200 950
4205 953
4210 952
4215 929
4220 1052
4225 1057
4230 1064
4235 1018
4240 1286
4245 1098
4250 1292
4255 1183
4260 963
4265 967
4270 1051
4275 1015
4280 971
4285 972
4290 972
4295 973
4300 977
4305 976
4310 978
4315 978
4320 1023
4325 1096
4330 983
4335 984
4340 1142
4345 987
4350 987
4355 988
4360 989
4365 990
4370 992
4375 1068
4380 994
4385 995
4390 1042
4395 1000
4400 1000
4405 1002
4410 1003
4415 1052
4420 1004
4425 1054
4430 1007
4435 1009
4440 1011
4445 1078
4450 985
4455 987
4460 990
4465 990
4470 990
4475 1070
4480 993
4485 1152
4490 994
4495 997
4500 998
4505 998
4510 1000
4515 1069
4520 1004
4525 1123
4530 1005
4535 1008
4540 1009
4545 1098
4550 1009
4555 1067
4560 1012
4565 1091
4570 1015
4575 1095
4580 1017
4585 1095
4590 1021
4595 1020
4600 1063
4605 1024
4610 1025
4615 1026
4620 1028
4625 1146
4630 1057
4635 1104
4640 1186
4645 1164
4650 1035
4655 1040
4660 1043
4665 1042
4670 1129
4675 1233
4680 1084
4685 1070
4690 1076
4695 1074
4700 1184
4705 1118
4710 1121
4715 1081
4720 1158
4725 1082
4730 1086
4735 1159
4740 1104
4745 1087
4750 1088
4755 1088
4760 1091
4765 1174
4770 1065
4775 1066
4780 1068
4785 1070
4790 1068
4795 1071
4800 1150
4805 1071
4810 1074
4815 1153
4820 1259
4825 1117
4830 1185
4835 1081
4840 1082
4845 1111
4850 1109
4855 1121
4860 1154
4865 1123
4870 1117
4875 1160
4880 1120
4885 1120
4890 1123
4895 1143
4900 1173
4905 1161
4910 1150
4915 1128
4920 1241
4925 1157
4930 1132
4935 1135
4940 1134
4945 1137
4950 1178
4955 1141
4960 1188
4965 1145
4970 1143
4975 1144
4980 1143
4985 1145
4990 1146
4995 1189
5000 1190
5005 1154
5010 1247
5015 1155
5020 1168
5025 1127
5030 1129
5035 1128
5040 1278
5045 1132
5050 1131
5055 1164
5060 1165
5065 1174
5070 1219
5075 1259
5080 1140
5085 1242
5090 1183
5095 1150
5100 1325
5105 1231
5110 1178
5115 1181
5120 1228
5125 1219
5130 1183
5135 1188
5140 1190
5145 1187
5150 1155
5155 1157
5160 1160
5165 1236
5170 1446
5175 1164
5180 1169
5185 1280
5190 1239
5195 1213
5200 1171
5205 1171
5210 1178
5215 1417
5220 1177
5225 1211
5230 1208
5235 1210
5240 1211
5245 1250
5250 1215
5255 1291
5260 1233
5265 1267
5270 1316
5275 1188
5280 1191
5285 1383
5290 1193
5295 1276
5300 1323
5305 1229
5310 1235
5315 1271
5320 1232
5325 1567
5330 1652
5335 1675
5340 1494
5345 1361
5350 1239
5355 1240
5360 1240
5365 1242
5370 1318
5375 1297
5380 1387
5385 1287
5390 1326
5395 1318
5400 1252
5405 1255
5410 1254
5415 1255
5420 1257
5425 1376
5430 1297
5435 1262
5440 1281
5445 1337
5450 1301
5455 1395
5460 1268
5465 1402
5470 1267
5475 1271
5480 1272
5485 1273
5490 1344
5495 1335
5500 1279
5505 1367
5510 1278
5515 1323
5520 1280
5525 1283
5530 1331
5535 1614
5540 1433
5545 1327
5550 1324
5555 1325
5560 1334
5565 1329
5570 1358
5575 1333
5580 1333
5585 1371
5590 1335
5595 1333
5600 1301
5605 1308
5610 1384
5615 1341
5620 1308
5625 1352
5630 1310
5635 1310
5640 1440
5645 1364
5650 1379
5655 1318
5660 1413
5665 1361
5670 1320
5675 1322
5680 1328
5685 1331
5690 1328
5695 1370
5700 1329
5705 1329
5710 1331
5715 1331
5720 1376
5725 1338
5730 1337
5735 1343
5740 1353
5745 1306
5750 1306
5755 1308
5760 1516
5765 1333
5770 1339
5775 1359
5780 1314
5785 1314
5790 1317
5795 1358
5800 1435
5805 1324
5810 1326
5815 1450
5820 1323
5825 1455
5830 1406
5835 1329
5840 1420
5845 1427
5850 1372
5855 1368
5860 1370
5865 1413
5870 1371
5875 1413
5880 1383
5885 1343
5890 1451
5895 1343
5900 1344
5905 1346
5910 1345
5915 1467
5920 1351
5925 1353
5930 1350
5935 1350
5940 1352
5945 1411
5950 1495
5955 1396
5960 1358
5965 1464
5970 1434
5975 1361
5980 1368
5985 1369
5990 1502
5995 1368
6000 1449
6005 1369
6010 1371
6015 1372
6020 1467
6025 1451
6030 1375
6035 1375
6040 1513
6045 1378
6050 1384
6055 1381
6060 1466
6065 1383
6070 1386
6075 1387
6080 1389
6085 1389
6090 1391
6095 1392
6100 1455
6105 1392
6110 1486
6115 1475
6120 1399
6125 1403
6130 1401
6135 1479
6140 1444
6145 1442
6150 1405
6155 1412
6160 1409
6165 1413
6170 1495
6175 1411
6180 1533
6185 1583
6190 1490
6195 1455
6200 1497
6205 1533
6210 1460
6215 1712
6220 1947
6225 1614
6230 1504
6235 1506
6240 1532
6245 1471
6250 1595
6255 1476
6260 1473
6265 1519
6270 1515
6275 1501
6280 1477
6285 1482
6290 1478
6295 1482
6300 1480
6305 1509
6310 1504
6315 1495
6320 1610
6325 1539
6330 1452
6335 1453
6340 1568
6345 1457
6350 1556
6355 1495
6360 1498
6365 1499
6370 1501
6375 1541
6380 1501
6385 1493
6390 1553
6395 1467
6400 1470
6405 1468
6410 1554
6415 1511
6420 1472
6425 1476
6430 1476
6435 1478
6440 1628
6445 1561
6450 1482
6455 1500
6460 1528
6465 1485
6470 1601
6475 1529
6480 1568
6485 1491
6490 1492
6495 1493
6500 1531
6505 1500
6510 1497
6515 1637
6520 1499
6525 1596
6530 1502
6535 1621
6540 1503
6545 1589
6550 1546
6555 1548
6560 1549
6565 1589
6570 1666
6575 1552
6580 1593
6585 1515
6590 1634
6595 1518
6600 1520
6605 1521
6610 1519
6615 1609
6620 1525
6625 1612
6630 1586
6635 1528
6640 1529
6645 1644
6650 1532
6655 1614
6660 1643
6665 1536
6670 1633
6675 1581
6680 1661
6685 1594
6690 1591
6695 1585
6700 1577
6705 1554
6710 1623
6715 1554
6720 1551
6725 1676
6730 1553
6735 1552
6740 1556
6745 1635
6750 1556
6755 1560
6760 1560
6765 1560
6770 1562
6775 1662
6780 1620
6785 1609
6790 1734
6795 1657
6800 1569
6805 1722
6810 1652
6815 1573
6820 1579
6825 1736
6830 1578
6835 1578
6840 1735
6845 1660
6850 1649
6855 1785
6860 1625
6865 1627
6870 1675
6875 1629
6880 1638
6885 1634
6890 1634
6895 1715
6900 1675
6905 1718
6910 1623
6915 1774
6920 1600
6925 1681
6930 1602
6935 1797
6940 1650
6945 1648
6950 1650
6955 1656
6960 1696
6965 1776
6970 1613
6975 1820
6980 1692
6985 1615
6990 2022
6995 2200
7000 1998
7005 1726
7010 1665
7015 1703
7020 1701
7025 1748
7030 1719
7035 1798
7040 1722
7045 1720
7050 1702
7055 1717
7060 1680
7065 1679
7070 1681
7075 1735
7080 1683
7085 1689
7090 1686
7095 1799
7100 1689
7105 1763
7110 1646
7115 1769
7120 1727
7125 1651
7130 1693
7135 1653
7140 1733
7145 1736
7150 1659
7155 1762
7160 1661
7165 1724
7170 1736
7175 1819
7180 1666
7185 1671
7190 1668
7195 1668
7200 1670
7205 1749
7210 1672
7215 1809
7220 1673
7225 1760
7230 1677
7235 1757
7240 1756
7245 1684
7250 1757
7255 1760
7260 1687
7265 1768
7270 1692
7275 1859
7280 1689
7285 1690
7290 1691
7295 1838
7300 1695
7305 1736
7310 1697
7315 1825
7320 1714
7325 1811
7330 1701
7335 1789
7340 1708
7345 1706
7350 1707
7355 1867
7360 1747
7365 1810
7370 1718
7375 1712
7380 1718
7385 1873
7390 1715
7395 1836
7400 1720
7405 1882
7410 1830
7415 1849
7420 1771
7425 1770
7430 1906
7435 1772
7440 1891
7445 1735
7450 1729
7455 1892
7460 1733
7465 1737
7470 1849
7475 1740
7480 1740
7485 1819
7490 1837
7495 2114
7500 1898
7505 1882
7510 1901
7515 1794
7520 1868
7525 1847
7530 1847
7535 1850
7540 1848
7545 1852
7550 1803
7555 1845
7560 1884
7565 1914
7570 1809
7575 1792
7580 1767
7585 1931
7590 1769
7595 1766
7600 1770
7605 1770
7610 1945
7615 1773
7620 1831
7625 1814
7630 1863
7635 1777
7640 1843
7645 1783
7650 1872
7655 1864
7660 1783
7665 1786
7670 1907
7675 2034
7680 2319
7685 2305
7690 1905
7695 1945
7700 1888
7705 1917
7710 1902
7715 1901
7720 1900
7725 1913
7730 1978
7735 1851
7740 1897
7745 1935
7750 1909
7755 1859
7760 1900
7765 1858
7770 1865
7775 1902
7780 1965
7785 1983
7790 1814
7795 1817
7800 1823
7805 1900
7810 1827
7815 1822
7820 1822
7825 1863
7830 1902
7835 1826
7840 2126
7845 1963
7850 1873
7855 1876
7860 1963
7865 1890
7870 1884
7875 1966
7880 1897
7885 1936
7890 1949
7895 2024
7900 1893
7905 1892
7910 1939
7915 1895
7920 1902
7925 1898
7930 1982
7935 1961
7940 1996
7945 1859
7950 2005
7955 1938
7960 1958
7965 1960
7970 1950
7975 1917
7980 1913
7985 1913
7990 2127
7995 1921
8000 2159
8005 1973
8010 1921
8015 1965
8020 1973
8025 1975
8030 1977
8035 1972
8040 1932
8045 1977
8050 2060
8055 2006
8060 1883
8065 1886
8070 1996
8075 1889
8080 1887
8085 1890
8090 1893
8095 1895
8100 1983
8105 1895
8110 2032
8115 1898
8120 1977
8125 1977
8130 2067
8135 1953
8140 2004
8145 2002
8150 1996
8155 1968
8160 2054
8165 1913
8170 1913
8175 2033
8180 1915
8185 1920
8190 1914
8195 1917
8200 1995
8205 1966
8210 1927
8215 2076
8220 2004
8225 1926
8230 2081
8235 1927
8240 1929
8245 2007
8250 1970
8255 2011
8260 1935
8265 2071
8270 1937
8275 1938
8280 2160
8285 1940
8290 2062
8295 1943
8300 2089
8305 2608
8310 2546
8315 2225
8320 2002
8325 2002
8330 2053
8335 2088
8340 2004
8345 2007
8350 2056
8355 2079
8360 2017
8365 2108
8370 2022
8375 2107
8380 2051
8385 1968
8390 2115
8395 1993
8400 2059
8405 2115
8410 2026
8415 2124
8420 2242
8425 1985
8430 2299
8435 2268
8440 2093
8445 2095
8450 2090
8455 2109
8460 2092
8465 2097
8470 2040
8475 2041
8480 2160
8485 2049
8490 2021
8495 1992
8500 2071
8505 2071
8510 2066
8515 2301
8520 2002
8525 2016
8530 2203
8535 2042
8540 2097
8545 2059
8550 2062
8555 2141
8560 2075
8565 2200
8570 2107
8575 2066
8580 2146
8585 2113
8590 2160
8595 2073
8600 2297
8605 2173
8610 2160
8615 2321
8620 2084
8625 2219
8630 2081
8635 2080
8640 2152
8645 2090
8650 2179
8655 2041
8660 2179
8665 2038
8670 2039
8675 2198
8680 2102
8685 2158
8690 2124
8695 2046
8700 2131
8705 2047
8710 2267
8715 2093
8720 2053
8725 2244
8730 2054
8735 2134
8740 2141
8745 2063
8750 2147
8755 2157
8760 2214
8765 2066
8770 2105
8775 2147
8780 2166
8785 2076
8790 2078
8795 2114
8800 2155
8805 2078
8810 2211
8815 2114
8820 2083
8825 2202
8830 2090
8835 2081
8840 2121
8845 2152
8850 2166
8855 2413
8860 2088
8865 2185
8870 2168
8875 2157
8880 2560
8885 2552
8890 2179
8895 2256
8900 2256
8905 2232
8910 2217
8915 2259
8920 2226
8925 2238
8930 2218
8935 2225
8940 2232
8945 2185
8950 2220
8955 2168
8960 2169
8965 2350
8970 2125
8975 2119
8980 2121
8985 2195
8990 2213
8995 2298
9000 2123
9005 2125
9010 2203
9015 2138
9020 2273
9025 2137
9030 2130
9035 2212
9040 2175
9045 2308
9050 2178
9055 2216
9060 2226
9065 2144
9070 2159
9075 2142
9080 2220
9085 2227
9090 2280
9095 2230
9100 2218
9105 2248
9110 2214
9115 2216
9120 2206
9125 2331
9130 2351
9135 2160
9140 2314
9145 2217
9150 2659
9155 2222
9160 2349
9165 2283
9170 2292
9175 2293
9180 2304
9185 2263
9190 2228
9195 2295
9200 2395
9205 2230
9210 2179
9215 2179
9220 2264
9225 2185
9230 2316
9235 2190
9240 2192
9245 2364
9250 2256
9255 2248
9260 2250
9265 2287
9270 2246
9275 2416
9280 2195
9285 2319
9290 2382
9295 2260
9300 2258
9305 2260
9310 2302
9315 2327
9320 2306
9325 2210
9330 2209
9335 2255
9340 2261
9345 2353
9350 2216
9355 2377
9360 2220
9365 2333
9370 2263
9375 2231
9380 2308
9385 2227
9390 2222
9395 2251
9400 2308
9405 2315
9410 2357
9415 2238
9420 2233
9425 2967
9430 2763
9435 2358
9440 2366
9445 2361
9450 2365
9455 2395
9460 2342
9465 2390
9470 2387
9475 2312
9480 2349
9485 2399
9490 2362
9495 2369
9500 2416
9505 2320
9510 2395
9515 2323
9520 2320
9525 2261
9530 2297
9535 2353
9540 2262
9545 2310
9550 2265
9555 2365
9560 2377
9565 2346
9570 2331
9575 2370
9580 2378
9585 2557
9590 2276
9595 2286
9600 2423
9605 2413
9610 2344
9615 2344
9620 2353
9625 2452
9630 2426
9635 2290
9640 2353
9645 2408
9650 2435
9655 2393
9660 2392
9665 2427
9670 2298
9675 2462
9680 2301
9685 2421
9690 2483
9695 2311
9700 2345
9705 2458
9710 2386
9715 2314
9720 2441
9725 2320
9730 2457
9735 2379
9740 2324
9745 2317
9750 2326
9755 2483
9760 2536
9765 2399
9770 2524
9775 2436
9780 2471
9785 2438
9790 2356
9795 2489
9800 2370
9805 2442
9810 2369
9815 2334
9820 2478
9825 2385
9830 2345
9835 2340
9840 2424
9845 2348
9850 2494
9855 2345
9860 2426
9865 2347
9870 2354
9875 2350
9880 2351
9885 2471
9890 2501
9895 2357
9900 2360
9905 2555
9910 2493
9915 2424
9920 2519
9925 2468
9930 2450
9935 2866
9940 3100
9945 2777
9950 2562
9955 2472
9960 2436
9965 2540
9970 2553
9975 2496
9980 2488
9985 2489
9990 2446
9995 2447
10000 2444
