5 0
10 0
15 1
20 1
25 2
30 2
35 3
40 4
45 4
50 5
55 5
60 6
65 6
70 7
75 8
80 8
85 9
90 10
95 11
100 11
105 12
110 13
115 13
120 14
125 15
130 16
135 16
140 17
145 18
150 19
155 24
160 49
165 22
170 38
175 22
180 23
185 24
190 25
195 26
200 27
205 28
210 29
215 30
220 30
225 31
230 32
235 33
240 33
245 34
250 36
255 50
260 36
265 37
270 38
275 39
280 40
285 41
290 41
295 42
300 43
305 44
310 45
315 46
320 47
325 48
330 49
335 49
340 92
345 123
350 52
355 53
360 54
365 55
370 56
375 57
380 58
385 59
390 60
395 61
400 61
405 62
410 63
415 65
420 65
425 66
430 68
435 69
440 70
445 70
450 71
455 72
460 74
465 75
470 76
475 76
480 77
485 79
490 79
495 80
500 81
505 82
510 84
515 85
520 85
525 86
530 87
535 88
540 90
545 90
550 91
555 92
560 93
565 95
570 95
575 96
580 97
585 98
590 99
595 100
600 101
605 102
610 103
615 148
620 141
625 106
630 107
635 108
640 109
645 110
650 111
655 111
660 113
665 113
670 115
675 116
680 119
685 118
690 119
695 120
700 144
705 140
710 123
715 124
720 125
725 126
730 128
735 129
740 131
745 130
750 132
755 133
760 135
765 155
770 171
775 181
780 144
785 144
790 144
795 145
800 147
805 147
810 148
815 149
820 222
825 209
830 154
835 155
840 156
845 156
850 157
855 158
860 159
865 161
870 162
875 163
880 164
885 165
890 167
895 167
900 169
905 169
910 170
915 171
920 172
925 174
930 174
935 175
940 176
945 177
950 179
955 180
960 181
965 182
970 183
975 205
980 241
985 186
990 188
995 189
1000 190
1005 231
1010 215
1015 195
1020 196
1025 197
1030 198
1035 201
1040 199
1045 202
1050 202
1055 203
1060 204
1065 205
1070 206
1075 207
1080 208
1085 209
1090 244
1095 220
1100 220
1105 222
1110 223
1115 223
1120 224
1125 226
1130 227
1135 228
1140 227
1145 238
1150 230
1155 234
1160 234
1165 235
1170 236
1175 237
1180 237
1185 239
1190 252
1195 233
1200 273
1205 274
1210 280
1215 247
1220 248
1225 248
1230 337
1235 266
1240 253
1245 254
1250 256
1255 263
1260 256
1265 287
1270 260
1275 263
1280 323
1285 262
1290 263
1295 264
1300 265
1305 266
1310 267
1315 268
1320 270
1325 271
1330 271
1335 273
1340 274
1345 275
1350 277
1355 277
1360 279
1365 280
1370 280
1375 282
1380 283
1385 286
1390 286
1395 286
1400 288
1405 289
1410 325
1415 293
1420 297
1425 296
1430 327
1435 346
1440 498
1445 328
1450 317
1455 303
1460 372
1465 305
1470 336
1475 309
1480 310
1485 345
1490 389
1495 370
1500 313
1505 331
1510 316
1515 319
1520 319
1525 319
1530 322
1535 323
1540 327
1545 328
1550 324
1555 328
1560 327
1565 331
1570 330
1575 336
1580 347
1585 352
1590 343
1595 354
1600 340
1605 341
1610 345
1615 345
1620 345
1625 347
1630 354
1635 355
1640 357
1645 351
1650 349
1655 362
1660 349
1665 350
1670 351
1675 353
1680 354
1685 355
1690 356
1695 356
1700 369
1705 362
1710 360
1715 362
1720 364
1725 365
1730 366
1735 366
1740 368
1745 370
1750 372
1755 372
1760 372
1765 375
1770 375
1775 376
1780 412
1785 453
1790 385
1795 382
1800 383
1805 384
1810 390
1815 388
1820 390
1825 416
1830 404
1835 395
1840 398
1845 427
1850 409
1855 434
1860 398
1865 432
1870 401
1875 406
1880 404
1885 406
1890 407
1895 405
1900 406
1905 408
1910 409
1915 411
1920 411
1925 416
1930 414
1935 415
1940 416
1945 417
1950 417
1955 432
1960 455
1965 423
1970 423
1975 424
1980 426
1985 428
1990 428
1995 430
2000 461
2005 432
2010 433
2015 435
2020 436
2025 436
2030 438
2035 439
2040 443
2045 429
2050 431
2055 433
2060 435
2065 435
2070 438
2075 439
2080 439
2085 440
2090 441
2095 441
2100 442
2105 444
2110 483
2115 493
2120 448
2125 449
2130 450
2135 450
2140 452
2145 492
2150 453
2155 456
2160 456
2165 458
2170 460
2175 460
2180 463
2185 540
2190 531
2195 467
2200 467
2205 469
2210 469
2215 469
2220 470
2225 495
2230 473
2235 476
2240 475
2245 491
2250 467
2255 467
2260 468
2265 469
2270 471
2275 471
2280 473
2285 476
2290 474
2295 669
2300 478
2305 478
2310 479
2315 480
2320 515
2325 517
2330 515
2335 498
2340 527
2345 532
2350 585
2355 565
2360 492
2365 567
2370 494
2375 495
2380 498
2385 498
2390 641
2395 533
2400 514
2405 515
2410 529
2415 505
2420 505
2425 583
2430 509
2435 534
2440 523
2445 525
2450 526
2455 527
2460 528
2465 530
2470 579
2475 533
2480 536
2485 535
2490 535
2495 535
2500 537
2505 540
2510 539
2515 541
2520 579
2525 549
2530 531
2535 532
2540 533
2545 533
2550 535
2555 536
2560 613
2565 537
2570 542
2575 541
2580 628
2585 588
2590 547
2595 586
2600 546
2605 550
2610 551
2615 626
2620 567
2625 567
2630 568
2635 607
2640 555
2645 556
2650 597
2655 559
2660 560
2665 563
2670 562
2675 564
2680 568
2685 566
2690 567
2695 569
2700 571
2705 648
2710 572
2715 575
2720 575
2725 615
2730 577
2735 578
2740 578
2745 580
2750 582
2755 586
2760 675
2765 620
2770 586
2775 587
2780 588
2785 589
2790 665
2795 591
2800 594
2805 595
2810 596
2815 646
2820 598
2825 598
2830 601
2835 671
2840 678
2845 622
2850 669
2855 644
2860 609
2865 609
2870 610
2875 687
2880 612
2885 614
2890 616
2895 615
2900 754
2905 618
2910 620
2915 622
2920 622
2925 718
2930 660
2935 626
2940 627
2945 742
2950 773
2955 632
2960 633
2965 633
2970 634
2975 636
2980 636
2985 637
2990 639
2995 639
3000 643
3005 754
3010 703
3015 662
3020 702
3025 664
3030 707
3035 665
3040 668
3045 669
3050 669
3055 672
3060 675
3065 673
3070 677
3075 685
3080 744
3085 662
3090 663
3095 664
3100 666
3105 742
3110 667
3115 666
3120 669
3125 871
3130 721
3135 723
3140 726
3145 733
3150 712
3155 713
3160 724
3165 716
3170 717
3175 718
3180 725
3185 720
3190 723
3195 724
3200 723
3205 727
3210 775
3215 709
3220 710
3225 837
3230 713
3235 716
3240 715
3245 715
3250 756
3255 720
3260 761
3265 721
3270 723
3275 727
3280 847
3285 756
3290 749
3295 731
3300 731
3305 732
3310 737
3315 837
3320 927
3325 852
3330 758
3335 761
3340 762
3345 763
3350 764
3355 766
3360 834
3365 768
3370 767
3375 769
3380 773
3385 775
3390 772
3395 775
3400 791
3405 755
3410 758
3415 759
3420 758
3425 761
3430 761
3435 763
3440 766
3445 768
3450 769
3455 766
3460 769
3465 778
3470 791
3475 754
3480 754
3485 755
3490 757
3495 859
3500 783
3505 782
3510 784
3515 915
3520 765
3525 765
3530 765
3535 767
3540 770
3545 769
3550 771
3555 889
3560 773
3565 854
3570 774
3575 775
3580 854
3585 779
3590 779
3595 783
3600 782
3605 971
3610 785
3615 791
3620 789
3625 937
3630 798
3635 795
3640 793
3645 913
3650 817
3655 816
3660 818
3665 819
3670 905
3675 843
3680 899
3685 866
3690 827
3695 827
3700 828
3705 973
3710 824
3715 810
3720 811
3725 814
3730 812
3735 814
3740 819
3745 936
3750 854
3755 820
3760 821
3765 872
3770 843
3775 825
3780 824
3785 827
3790 915
3795 983
3800 852
3805 857
3810 895
3815 834
3820 870
3825 905
3830 859
3835 862
3840 862
3845 863
3850 864
3855 865
3860 945
3865 955
3870 868
3875 862
3880 850
3885 926
3890 853
3895 851
3900 853
3905 853
3910 856
3915 898
3920 858
3925 859
3930 860
3935 862
3940 932
3945 927
3950 889
3955 928
3960 867
3965 869
3970 895
3975 932
3980 896
3985 944
3990 912
3995 876
4000 918
4005 878
4010 881
4015 882
4020 902
4025 996
4030 883
4035 888
4040 886
4045 975
4050 974
4055 945
4060 1043
4065 892
4070 895
4075 896
4080 897
4085 897
4090 933
4095 1012
4100 926
4105 928
4110 927
4115 1053
4120 930
4125 933
4130 934
4135 934
4140 938
4145 913
4150 915
4155 995
4160 992
4165 916
4170 998
4175 958
4180 920
4185 924
4190 967
4195 965
4200 954
4205 1080
4210 928
4215 930
4220 930
4225 1037
4230 1010
4235 932
4240 956
4245 962
4250 962
4255 965
4260 964
4265 965
4270 967
4275 1012
4280 975
4285 971
4290 981
4295 948
4300 949
4305 1028
4310 1028
4315 1035
4320 955
4325 1045
4330 1034
4335 958
4340 987
4345 985
4350 987
4355 990
4360 989
4365 991
4370 990
4375 993
4380 1033
4385 997
4390 995
4395 974
4400 973
4405 1074
4410 977
4415 1101
4420 978
4425 980
4430 1145
4435 1049
4440 1009
4445 1010
4450 1013
4455 1012
4460 1014
4465 1014
4470 1017
4475 1021
4480 1022
4485 1057
4490 1069
4495 999
4500 997
4505 1088
4510 1171
4515 1343
4520 1206
4525 1238
4530 1425
4535 1205
4540 1290
4545 1075
4550 1037
4555 1082
4560 1061
4565 1039
4570 1075
4575 1089
4580 1073
4585 1074
4590 1076
4595 1078
4600 1079
4605 1119
4610 1081
4615 1078
4620 1138
4625 1056
4630 1059
4635 1059
4640 1063
4645 1192
4650 1063
4655 1068
4660 1114
4665 1072
4670 1111
4675 1068
4680 1071
4685 1071
4690 1152
4695 1079
4700 1156
4705 1090
4710 1165
4715 1126
4720 1092
4725 1053
4730 1054
4735 1109
4740 1077
4745 1062
4750 1059
4755 1059
4760 1062
4765 1141
4770 1062
4775 1065
4780 1145
4785 1067
4790 1223
4795 1195
4800 1074
4805 1074
4810 1151
4815 1154
4820 1076
4825 1077
4830 1079
4835 1080
4840 1081
4845 1083
4850 1203
4855 1131
4860 1087
4865 1087
4870 1088
4875 1092
4880 1092
4885 1093
4890 1455
4895 1097
4900 1098
4905 1247
4910 1098
4915 1137
4920 1120
4925 1131
4930 1138
4935 1133
4940 1136
4945 1137
4950 1185
4955 1142
4960 1142
4965 1141
4970 1113
4975 1115
4980 1305
4985 1196
4990 1121
4995 1232
5000 1123
5005 1124
5010 1199
5015 1124
5020 1131
5025 1127
5030 1187
5035 1419
5040 1131
5045 1184
5050 1163
5055 1164
5060 1169
5065 1254
5070 1169
5075 1214
5080 1216
5085 1265
5090 1174
5095 1176
5100 1177
5105 1261
5110 1178
5115 1180
5120 1186
5125 1221
5130 1177
5135 1309
5140 1232
5145 1158
5150 1206
5155 1278
5160 1160
5165 1237
5170 1204
5175 1195
5180 1197
5185 1239
5190 1235
5195 1199
5200 1239
5205 1202
5210 1270
5215 1262
5220 1223
5225 1178
5230 1179
5235 1226
5240 1222
5245 1371
5250 1261
5255 1216
5260 1216
5265 1268
5270 1220
5275 1222
5280 1219
5285 1293
5290 1191
5295 1269
5300 1194
5305 1197
5310 1274
5315 1197
5320 1304
5325 1200
5330 1201
5335 1283
5340 1206
5345 1284
5350 1209
5355 1213
5360 1210
5365 1212
5370 1213
5375 1314
5380 1232
5385 1294
5390 1216
5395 1218
5400 1219
5405 1304
5410 1220
5415 1221
5420 1302
5425 1230
5430 1304
5435 1227
5440 1228
5445 1270
5450 1232
5455 1312
5460 1313
5465 1234
5470 1237
5475 1325
5480 1314
5485 1348
5490 1348
5495 1244
5500 1363
5505 1245
5510 1407
5515 1247
5520 1287
5525 1289
5530 1288
5535 1555
5540 1432
5545 1620
5550 1336
5555 1336
5560 1340
5565 1401
5570 1334
5575 1347
5580 1333
5585 1334
5590 1338
5595 1336
5600 1345
5605 1339
5610 1343
5615 1346
5620 1343
5625 1349
5630 1310
5635 1354
5640 1457
5645 1316
5650 1317
5655 1404
5660 1358
5665 1322
5670 1320
5675 1326
5680 1330
5685 1326
5690 1371
5695 1327
5700 1318
5705 1296
5710 1297
5715 1343
5720 1427
5725 1341
5730 1378
5735 1303
5740 1305
5745 1308
5750 1309
5755 1313
5760 1384
5765 1312
5770 1398
5775 1312
5780 1316
5785 1388
5790 1395
5795 1496
5800 1320
5805 1318
5810 1401
5815 1323
5820 1325
5825 1329
5830 1405
5835 1408
5840 1371
5845 1426
5850 1335
5855 1333
5860 1333
5865 1419
5870 1454
5875 1474
5880 1339
5885 1441
5890 1341
5895 1343
5900 1348
5905 1414
5910 1351
5915 1348
5920 1522
5925 1353
5930 1416
5935 1356
5940 1447
5945 1496
5950 1406
5955 1395
5960 1438
5965 1397
5970 1507
5975 1400
5980 1414
5985 1366
5990 1368
5995 1447
6000 1367
6005 1431
6010 1372
6015 1461
6020 1554
6025 1377
6030 1453
6035 1377
6040 1383
6045 1386
6050 1450
6055 1382
6060 1385
6065 1385
6070 1490
6075 1468
6080 1431
6085 1393
6090 1430
6095 1440
6100 1525
6105 1496
6110 1398
6115 1403
6120 1400
6125 1402
6130 1401
6135 1472
6140 1469
6145 1406
6150 1445
6155 1407
6160 1446
6165 1525
6170 1411
6175 1533
6180 1419
6185 1441
6190 1471
6195 1417
6200 1425
6205 1424
6210 1499
6215 1617
6220 1424
6225 1423
6230 1430
6235 1574
6240 1429
6245 1513
6250 1547
6255 1433
6260 1461
6265 1468
6270 1516
6275 1437
6280 1540
6285 1462
6290 1459
6295 1468
6300 1578
6305 1605
6310 1448
6315 1527
6320 1488
6325 1490
6330 1490
6335 1492
6340 1497
6345 1578
6350 1671
6355 1459
6360 1538
6365 1461
6370 1461
6375 1613
6380 1466
6385 1585
6390 1468
6395 1510
6400 1469
6405 1471
6410 1646
6415 1869
6420 1807
6425 2012
6430 1512
6435 1659
6440 1558
6445 1560
6450 1592
6455 1563
6460 1591
6465 1564
6470 1576
6475 1567
6480 1576
6485 1575
6490 1570
6495 1574
6500 1579
6505 1579
6510 1536
6515 1601
6520 1538
6525 1538
6530 1543
6535 1662
6540 1542
6545 1547
6550 1547
6555 1548
6560 1591
6565 1644
6570 1617
6575 1518
6580 1594
6585 1595
6590 1518
6595 1559
6600 1519
6605 1521
6610 1523
6615 1605
6620 1523
6625 1775
6630 1836
6635 1716
6640 1531
6645 1647
6650 1531
6655 1596
6660 1666
6665 1605
6670 1575
6675 1581
6680 1628
6685 1592
6690 1587
6695 1584
6700 1679
6705 1643
6710 1636
6715 1604
6720 1669
6725 1552
6730 1695
6735 1554
6740 1650
6745 1556
6750 1559
6755 1560
6760 1564
6765 1659
6770 1562
6775 1697
6780 1566
6785 1566
6790 1648
6795 1575
6800 1697
6805 1656
6810 1666
6815 1573
6820 1574
6825 1580
6830 1721
6835 1577
6840 1741
6845 1578
6850 1581
6855 1583
6860 1589
6865 1595
6870 1684
6875 1666
6880 1589
6885 1664
6890 1758
6895 1593
6900 1673
6905 1671
6910 1749
6915 1642
6920 1688
6925 1643
6930 1641
6935 1672
6940 1665
6945 1649
6950 1654
6955 1745
6960 1652
6965 1697
6970 1655
6975 1654
6980 1661
6985 1692
6990 1617
6995 1701
7000 1621
7005 1621
7010 1628
7015 1724
7020 1626
7025 1781
7030 1934
7035 1648
7040 1631
7045 1687
7050 1675
7055 1724
7060 1684
7065 1681
7070 1679
7075 1728
7080 1821
7085 1722
7090 1686
7095 1691
7100 1770
7105 1693
7110 1697
7115 1729
7120 1713
7125 1695
7130 1677
7135 1716
7140 1798
7145 1662
7150 1777
7155 1990
7160 2215
7165 1881
7170 1778
7175 1748
7180 1714
7185 1710
7190 1716
7195 1834
7200 1716
7205 1757
7210 1724
7215 1725
7220 1763
7225 1989
7230 2108
7235 1780
7240 1771
7245 1774
7250 1799
7255 1786
7260 1778
7265 1755
7270 1730
7275 1733
7280 1741
7285 1778
7290 1817
7295 1698
7300 1891
7305 2146
7310 1984
7315 1971
7320 1824
7325 1745
7330 1749
7335 1791
7340 1750
7345 1751
7350 1798
7355 1801
7360 1795
7365 1811
7370 1797
7375 1796
7380 1762
7385 1764
7390 1765
7395 1765
7400 1866
7405 1854
7410 1722
7415 1730
7420 1729
7425 1901
7430 1774
7435 1860
7440 1773
7445 1814
7450 1779
7455 1777
7460 1860
7465 1826
7470 1784
7475 1784
7480 1818
7485 1896
7490 1815
7495 1742
7500 1828
7505 1899
7510 1791
7515 1793
7520 1833
7525 1799
7530 1798
7535 1768
7540 1878
7545 1755
7550 1837
7555 1801
7560 1766
7565 1765
7570 1852
7575 1842
7580 1963
7585 1769
7590 1767
7595 1869
7600 1857
7605 1874
7610 1772
7615 1774
7620 1775
7625 1783
7630 1935
7635 1858
7640 1857
7645 1781
7650 1781
7655 1928
7660 1787
7665 1870
7670 1786
7675 1788
7680 1825
7685 1833
7690 1961
7695 1794
7700 1924
7705 1872
7710 1946
7715 1806
7720 1895
7725 1855
7730 1861
7735 1852
7740 1856
7745 1928
7750 1808
7755 1808
7760 1847
7765 1908
7770 1887
7775 2048
7780 1815
7785 1814
7790 1821
7795 1817
7800 1820
7805 1920
7810 1824
7815 1822
7820 2002
7825 2092
7830 2360
7835 2298
7840 1846
7845 1863
7850 1880
7855 1920
7860 1924
7865 1888
7870 1888
7875 1977
7880 1905
7885 1886
7890 1932
7895 1925
7900 1898
7905 1933
7910 1943
7915 1901
7920 1895
7925 1908
7930 1934
7935 1932
7940 1854
7945 1896
7950 1860
7955 1903
7960 2013
7965 1905
7970 1866
7975 1861
7980 2072
7985 1865
7990 1951
7995 1872
8000 1869
8005 1954
8010 1983
8015 1873
8020 1957
8025 1874
8030 1976
8035 2115
8040 1877
8045 1961
8050 1938
8055 1937
8060 1938
8065 1936
8070 1988
8075 1918
8080 1891
8085 1896
8090 2050
8095 1893
8100 1974
8105 1896
8110 1902
8115 1980
8120 1900
8125 1979
8130 1901
8135 1904
8140 2024
8145 2028
8150 2066
8155 1977
8160 1909
8165 1914
8170 1961
8175 1916
8180 1953
8185 1915
8190 1920
8195 2054
8200 1923
8205 2011
8210 2109
8215 2078
8220 1929
8225 1925
8230 2040
8235 1927
8240 1929
8245 1936
8250 2081
8255 2008
8260 1937
8265 1934
8270 2012
8275 2052
8280 1938
8285 1999
8290 2023
8295 1946
8300 2051
8305 1945
8310 2058
8315 1950
8320 1953
8325 1959
8330 2084
8335 2034
8340 2029
8345 2128
8350 2099
8355 2010
8360 2092
8365 2015
8370 1993
8375 2109
8380 2048
8385 2046
8390 2058
8395 2028
8400 2107
8405 2110
8410 2066
8415 2032
8420 1974
8425 2133
8430 2039
8435 2098
8440 1990
8445 2594
8450 2164
8455 2091
8460 2098
8465 2097
8470 2095
8475 2096
8480 2106
8485 2092
8490 2133
8495 2055
8500 2119
8505 2053
8510 2148
8515 2003
8520 2001
8525 2089
8530 2017
8535 2122
8540 2005
8545 2008
8550 2229
8555 2012
8560 2058
8565 2012
8570 2014
8575 2143
8580 2014
8585 2062
8590 2059
8595 2081
8600 2167
8605 2022
8610 2104
8615 2026
8620 2032
8625 2144
8630 2029
8635 2113
8640 2034
8645 2161
8650 2162
8655 2112
8660 2102
8665 2037
8670 2081
8675 2103
8680 2040
8685 2174
8690 2086
8695 2046
8700 2173
8705 2048
8710 2133
8715 2049
8720 2054
8725 2149
8730 2057
8735 2181
8740 2064
8745 2138
8750 2179
8755 2072
8760 2187
8765 2142
8770 2064
8775 2073
8780 2069
8785 2132
8790 2068
8795 2246
8800 2181
8805 2309
8810 2109
8815 2175
8820 2185
8825 2175
8830 2216
8835 2142
8840 2142
8845 2351
8850 2141
8855 2250
8860 2130
8865 2129
8870 2090
8875 2099
8880 2172
8885 2093
8890 2252
8895 2227
8900 2137
8905 2240
8910 2308
8915 2195
8920 2159
8925 2225
8930 2105
8935 2105
8940 2202
8945 2111
8950 2275
8955 2115
8960 2155
8965 2233
8970 2120
8975 2232
8980 2117
8985 2124
8990 2249
8995 2198
9000 2207
9005 2129
9010 2128
9015 2131
9020 2483
9025 2866
9030 2314
9035 2269
9040 2364
9045 2269
9050 2260
9055 2267
9060 2258
9065 2293
9070 2265
9075 2281
9080 2292
9085 2286
9090 2296
9095 2264
9100 2271
9105 2268
9110 2285
9115 2293
9120 2303
9125 2388
9130 2339
9135 2376
9140 2299
9145 2280
9150 2280
9155 2289
9160 2309
9165 2224
9170 2325
9175 2224
9180 2320
9185 2311
9190 2230
9195 2234
9200 2289
9205 2241
9210 2235
9215 2340
9220 2247
9225 2342
9230 2191
9235 2189
9240 2270
9245 2189
9250 2312
9255 2281
9260 2233
9265 2307
9270 2272
9275 2195
9280 2285
9285 2199
9290 2319
9295 2280
9300 2245
9305 2206
9310 2343
9315 2288
9320 2208
9325 2337
9330 2213
9335 2211
9340 2418
9345 2292
9350 2328
9355 2345
9360 2236
9365 2254
9370 2220
9375 2222
9380 2222
9385 2302
9390 2223
9395 2228
9400 2356
9405 2230
9410 2340
9415 2240
9420 2233
9425 2234
9430 2314
9435 2372
9440 2278
9445 2375
9450 2241
9455 2323
9460 2243
9465 2244
9470 2246
9475 2404
9480 2249
9485 2248
9490 2436
9495 2253
9500 2362
9505 2273
9510 2299
9515 2399
9520 2341
9525 2260
9530 2261
9535 2352
9540 2271
9545 2332
9550 2456
9555 2821
9560 2647
9565 2641
9570 2396
9575 2399
9580 2437
9585 2432
9590 2337
9595 2340
9600 2406
9605 3002
9610 2410
9615 2407
9620 2519
9625 2426
9630 2416
9635 2411
9640 2417
9645 2420
9650 2364
9655 2357
9660 2404
9665 2494
9670 2438
9675 2403
9680 2444
9685 2339
9690 2304
9695 2418
9700 2305
9705 2609
9710 2310
9715 2470
9720 2318
9725 2407
9730 2320
9735 2399
9740 2444
9745 2517
9750 2449
9755 2320
9760 2412
9765 2481
9770 2387
9775 2395
9780 2420
9785 2391
9790 2417
9795 2434
9800 2430
9805 2447
9810 2399
9815 2442
9820 2477
9825 2401
9830 2481
9835 2492
9840 2396
9845 2431
9850 2494
9855 2577
9860 2423
9865 2552
9870 2414
9875 2453
9880 2576
9885 2479
9890 2487
9895 2358
9900 2362
9905 2519
9910 2362
9915 2439
9920 2498
9925 2365
9930 2487
9935 2368
9940 2490
9945 2372
9950 2454
9955 2462
9960 2376
9965 2548
9970 2489
9975 2440
9980 2447
9985 2430
9990 2467
9995 2432
10000 2431
