5 0
10 0
15 1
20 1
25 2
30 2
35 3
40 4
45 4
50 5
55 5
60 6
65 7
70 7
75 8
80 9
85 10
90 10
95 11
100 11
105 12
110 13
115 14
120 14
125 15
130 16
135 17
140 18
145 19
150 19
155 20
160 21
165 22
170 23
175 26
180 25
185 26
190 26
195 27
200 28
205 28
210 29
215 30
220 31
225 32
230 33
235 34
240 34
245 35
250 36
255 37
260 39
265 39
270 40
275 41
280 42
285 43
290 44
295 44
300 46
305 47
310 48
315 48
320 50
325 51
330 52
335 52
340 53
345 55
350 56
355 56
360 58
365 58
370 60
375 61
380 62
385 62
390 63
395 64
400 65
405 67
410 68
415 69
420 70
425 70
430 72
435 72
440 73
445 74
450 75
455 76
460 77
465 78
470 79
475 80
480 81
485 82
490 82
495 84
500 85
505 86
510 87
515 89
520 89
525 91
530 92
535 92
540 94
545 95
550 95
555 97
560 98
565 99
570 100
575 101
580 102
585 103
590 104
595 105
600 106
605 125
610 108
615 110
620 128
625 112
630 129
635 117
640 123
645 137
650 130
655 130
660 129
665 134
670 130
675 164
680 133
685 135
690 132
695 136
700 134
705 146
710 160
715 134
720 134
725 134
730 136
735 136
740 137
745 139
750 139
755 141
760 142
765 143
770 143
775 145
780 145
785 146
790 147
795 149
800 149
805 151
810 152
815 153
820 154
825 156
830 157
835 158
840 158
845 162
850 161
855 162
860 164
865 164
870 166
875 166
880 167
885 170
890 171
895 171
900 172
905 175
910 174
915 175
920 176
925 177
930 178
935 180
940 181
945 182
950 183
955 184
960 185
965 186
970 188
975 189
980 190
985 191
990 238
995 197
1000 196
1005 197
1010 198
1015 204
1020 202
1025 229
1030 202
1035 203
1040 204
1045 205
1050 207
1055 207
1060 209
1065 210
1070 216
1075 218
1080 215
1085 214
1090 216
1095 216
1100 217
1105 218
1110 220
1115 250
1120 222
1125 223
1130 223
1135 243
1140 227
1145 227
1150 239
1155 243
1160 233
1165 234
1170 234
1175 234
1180 236
1185 237
1190 237
1195 239
1200 240
1205 243
1210 242
1215 243
1220 245
1225 246
1230 247
1235 247
1240 250
1245 250
1250 253
1255 253
1260 254
1265 255
1270 256
1275 257
1280 260
1285 260
1290 262
1295 262
1300 263
1305 264
1310 266
1315 268
1320 268
1325 270
1330 271
1335 312
1340 311
1345 276
1350 276
1355 277
1360 278
1365 279
1370 280
1375 281
1380 282
1385 284
1390 284
1395 286
1400 287
1405 335
1410 292
1415 292
1420 293
1425 294
1430 295
1435 296
1440 296
1445 297
1450 298
1455 300
1460 301
1465 302
1470 304
1475 304
1480 306
1485 307
1490 309
1495 311
1500 312
1505 360
1510 315
1515 316
1520 317
1525 318
1530 318
1535 319
1540 320
1545 322
1550 322
1555 324
1560 326
1565 326
1570 328
1575 330
1580 329
1585 332
1590 332
1595 335
1600 334
1605 336
1610 335
1615 347
1620 331
1625 331
1630 331
1635 333
1640 333
1645 335
1650 338
1655 338
1660 375
1665 340
1670 341
1675 343
1680 344
1685 349
1690 383
1695 347
1700 349
1705 350
1710 350
1715 430
1720 389
1725 354
1730 356
1735 356
1740 358
1745 359
1750 371
1755 351
1760 353
1765 355
1770 355
1775 356
1780 400
1785 392
1790 361
1795 362
1800 440
1805 396
1810 365
1815 366
1820 368
1825 368
1830 369
1835 371
1840 447
1845 455
1850 391
1855 374
1860 376
1865 376
1870 378
1875 473
1880 391
1885 392
1890 393
1895 395
1900 395
1905 396
1910 398
1915 398
1920 401
1925 401
1930 439
1935 404
1940 405
1945 407
1950 407
1955 410
1960 446
1965 414
1970 414
1975 414
1980 552
1985 416
1990 430
1995 407
2000 408
2005 410
2010 411
2015 449
2020 412
2025 414
2030 416
2035 416
2040 418
2045 420
2050 441
2055 477
2060 513
2065 509
2070 475
2075 437
2080 438
2085 474
2090 454
2095 454
2100 470
2105 444
2110 465
2115 466
2120 449
2125 450
2130 451
2135 452
2140 454
2145 455
2150 457
2155 457
2160 528
2165 478
2170 461
2175 462
2180 464
2185 462
2190 519
2195 466
2200 467
2205 560
2210 470
2215 470
2220 472
2225 471
2230 476
2235 475
2240 476
2245 477
2250 507
2255 502
2260 518
2265 506
2270 499
2275 502
2280 501
2285 503
2290 534
2295 562
2300 605
2305 491
2310 492
2315 493
2320 493
2325 495
2330 496
2335 496
2340 499
2345 499
2350 502
2355 502
2360 503
2365 633
2370 506
2375 506
2380 528
2385 543
2390 540
2395 512
2400 513
2405 582
2410 516
2415 517
2420 518
2425 518
2430 520
2435 520
2440 523
2445 525
2450 524
2455 525
2460 634
2465 555
2470 529
2475 531
2480 543
2485 521
2490 521
2495 648
2500 539
2505 564
2510 602
2515 528
2520 560
2525 763
2530 611
2535 615
2540 615
2545 658
2550 676
2555 642
2560 676
2565 728
2570 751
2575 630
2580 722
2585 693
2590 616
2595 620
2600 628
2605 564
2610 565
2615 565
2620 676
2625 588
2630 585
2635 588
2640 587
2645 598
2650 592
2655 589
2660 590
2665 595
2670 602
2675 723
2680 599
2685 599
2690 597
2695 600
2700 600
2705 603
2710 602
2715 604
2720 638
2725 608
2730 609
2735 610
2740 645
2745 612
2750 613
2755 616
2760 644
2765 617
2770 619
2775 621
2780 650
2785 690
2790 656
2795 625
2800 629
2805 628
2810 634
2815 636
2820 631
2825 631
2830 633
2835 639
2840 636
2845 637
2850 638
2855 642
2860 686
2865 641
2870 688
2875 645
2880 645
2885 648
2890 646
2895 649
2900 662
2905 650
2910 653
2915 653
2920 655
2925 657
2930 671
2935 645
2940 643
2945 717
2950 645
2955 645
2960 647
2965 648
2970 682
2975 649
2980 653
2985 653
2990 655
2995 711
3000 657
3005 661
3010 660
3015 660
3020 663
3025 701
3030 665
3035 666
3040 668
3045 670
3050 670
3055 755
3060 672
3065 672
3070 673
3075 691
3080 759
3085 661
3090 662
3095 788
3100 740
3105 664
3110 667
3115 668
3120 670
3125 764
3130 672
3135 672
3140 675
3145 692
3150 693
3155 695
3160 795
3165 698
3170 699
3175 772
3180 701
3185 702
3190 704
3195 704
3200 791
3205 707
3210 708
3215 711
3220 692
3225 694
3230 848
3235 695
3240 854
3245 802
3250 699
3255 700
3260 701
3265 701
3270 703
3275 705
3280 733
3285 726
3290 728
3295 786
3300 729
3305 730
3310 731
3315 784
3320 735
3325 734
3330 737
3335 737
3340 786
3345 769
3350 723
3355 724
3360 728
3365 726
3370 729
3375 727
3380 735
3385 795
3390 732
3395 733
3400 735
3405 735
3410 738
3415 738
3420 740
3425 781
3430 741
3435 744
3440 743
3445 745
3450 746
3455 824
3460 750
3465 831
3470 791
3475 767
3480 878
3485 757
3490 756
3495 757
3500 759
3505 759
3510 762
3515 804
3520 845
3525 805
3530 767
3535 768
3540 881
3545 770
3550 770
3555 771
3560 774
3565 773
3570 774
3575 777
3580 777
3585 820
3590 780
3595 1070
3600 804
3605 805
3610 955
3615 813
3620 810
3625 894
3630 814
3635 816
3640 1006
3645 893
3650 821
3655 867
3660 817
3665 820
3670 819
3675 821
3680 823
3685 931
3690 828
3695 826
3700 827
3705 907
3710 831
3715 831
3720 833
3725 836
3730 1033
3735 874
3740 841
3745 839
3750 840
3755 838
3760 842
3765 881
3770 843
3775 846
3780 933
3785 849
3790 849
3795 850
3800 851
3805 854
3810 856
3815 857
3820 857
3825 947
3830 859
3835 948
3840 861
3845 863
3850 986
3855 865
3860 867
3865 867
3870 1024
3875 874
3880 871
3885 916
3890 876
3895 1030
3900 913
3905 877
3910 1057
3915 880
3920 945
3925 900
3930 918
3935 910
3940 915
3945 913
3950 911
3955 962
3960 931
3965 923
3970 918
3975 923
3980 928
3985 935
3990 924
3995 957
4000 926
4005 936
4010 931
4015 932
4020 930
4025 941
4030 935
4035 935
4040 960
4045 962
4050 954
4055 961
4060 995
4065 971
4070 1009
4075 946
4080 960
4085 948
4090 950
4095 951
4100 952
4105 1013
4110 954
4115 956
4120 982
4125 991
4130 961
4135 961
4140 963
4145 964
4150 964
4155 975
4160 991
4165 972
4170 974
4175 1012
4180 976
4185 973
4190 973
4195 978
4200 987
4205 979
4210 1012
4215 982
4220 996
4225 1002
4230 1043
4235 998
4240 1017
4245 998
4250 993
4255 994
4260 1004
4265 993
4270 1022
4275 1019
4280 1126
4285 1101
4290 1113
4295 1015
4300 1013
4305 1019
4310 1014
4315 1027
4320 1049
4325 1034
4330 1010
4335 1016
4340 1013
4345 1014
4350 1016
4355 1056
4360 1027
4365 1024
4370 1020
4375 1023
4380 1080
4385 1024
4390 1037
4395 1068
4400 1030
4405 1029
4410 1044
4415 1033
4420 1033
4425 1046
4430 1068
4435 1057
4440 1075
4445 1045
4450 1040
4455 1044
4460 1093
4465 1063
4470 1183
4475 1218
4480 1085
4485 1051
4490 1052
4495 1054
4500 1055
4505 1150
4510 1090
4515 1062
4520 1059
4525 1061
4530 1063
4535 1063
4540 1115
4545 1073
4550 1106
4555 1100
4560 1069
4565 1069
4570 1108
4575 1074
4580 1106
4585 1078
4590 1077
4595 1078
4600 1116
4605 1079
4610 1092
4615 1439
4620 1566
4625 1137
4630 1324
4635 1088
4640 1100
4645 1138
4650 1254
4655 1408
4660 1441
4665 1366
4670 1516
4675 1365
4680 1219
4685 1190
4690 1172
4695 1106
4700 1109
4705 1192
4710 1128
4715 1224
4720 1207
4725 1145
4730 1122
4735 1263
4740 1437
4745 1307
4750 1106
4755 1120
4760 1122
4765 1122
4770 1123
4775 1179
4780 1126
4785 1157
4790 1128
4795 1129
4800 1133
4805 1176
4810 1212
4815 1138
4820 1136
4825 1514
4830 1138
4835 1140
4840 1179
4845 1195
4850 1191
4855 1189
4860 1148
4865 1148
4870 1155
4875 1213
4880 1193
4885 1211
4890 1548
4895 1340
4900 1157
4905 1212
4910 1288
4915 1173
4920 1172
4925 1163
4930 1209
4935 1216
4940 1188
4945 1173
4950 1170
4955 1172
4960 1172
4965 1174
4970 1234
4975 1231
4980 1180
4985 1178
4990 1185
4995 1203
5000 1272
5005 1314
5010 1223
5015 1191
5020 1188
5025 1192
5030 1192
5035 1253
5040 1240
5045 1471
5050 1474
5055 1708
5060 1560
5065 1343
5070 1664
5075 1428
5080 1255
5085 1376
5090 1699
5095 1519
5100 1300
5105 1233
5110 1221
5115 1297
5120 1215
5125 1223
5130 1216
5135 1222
5140 1220
5145 1350
5150 1236
5155 1333
5160 1320
5165 1419
5170 1484
5175 1428
5180 1312
5185 1305
5190 1290
5195 1239
5200 1235
5205 1285
5210 1242
5215 1241
5220 1241
5225 1354
5230 1255
5235 1269
5240 1249
5245 1249
5250 1247
5255 1249
5260 1249
5265 1272
5270 1251
5275 1254
5280 1259
5285 1321
5290 1373
5295 1473
5300 1642
5305 1606
5310 1233
5315 1231
5320 1279
5325 1302
5330 1267
5335 1268
5340 1282
5345 1272
5350 1274
5355 1282
5360 1278
5365 1371
5370 1245
5375 1245
5380 1246
5385 1352
5390 1250
5395 1253
5400 1255
5405 1338
5410 1298
5415 1255
5420 1256
5425 1278
5430 1292
5435 1340
5440 1310
5445 1372
5450 1267
5455 1267
5460 1267
5465 1384
5470 1287
5475 1272
5480 1271
5485 1312
5490 1275
5495 1277
5500 1282
5505 1292
5510 1246
5515 1293
5520 1420
5525 1325
5530 1252
5535 1253
5540 1256
5545 1422
5550 1343
5555 1342
5560 1258
5565 1339
5570 1303
5575 1336
5580 1288
5585 1299
5590 1416
5595 1332
5600 1342
5605 1405
5610 1342
5615 1398
5620 1363
5625 1341
5630 1311
5635 1313
5640 1360
5645 1316
5650 1383
5655 1373
5660 1375
5665 1358
5670 1365
5675 1360
5680 1409
5685 1363
5690 1363
5695 1361
5700 1399
5705 1370
5710 1368
5715 1377
5720 1370
5725 1363
5730 1336
5735 1338
5740 1419
5745 1339
5750 1345
5755 1418
5760 1344
5765 1380
5770 1346
5775 1443
5780 1350
5785 1352
5790 1413
5795 1351
5800 1318
5805 1470
5810 1325
5815 1321
5820 1324
5825 1324
5830 1484
5835 1328
5840 1328
5845 1408
5850 1467
5855 1335
5860 1338
5865 1333
5870 1425
5875 1337
5880 1338
5885 1344
5890 1493
5895 1342
5900 1343
5905 1429
5910 1346
5915 1424
5920 1516
5925 1554
5930 1354
5935 1379
5940 1391
5945 1436
5950 1434
5955 1434
5960 1399
5965 1396
5970 1401
5975 1360
5980 1448
5985 1477
5990 1586
5995 1497
6000 1517
6005 1513
6010 1568
6015 1755
6020 1505
6025 1505
6030 1456
6035 1492
6040 1476
6045 1499
6050 1491
6055 1461
6060 1458
6065 1557
6070 1469
6075 1480
6080 1479
6085 1500
6090 1471
6095 1486
6100 1478
6105 1489
6110 1565
6115 1529
6120 1474
6125 1474
6130 1477
6135 1579
6140 1500
6145 1481
6150 1495
6155 1483
6160 1543
6165 1492
6170 1504
6175 1494
6180 1500
6185 1508
6190 1533
6195 1519
6200 1537
6205 1522
6210 1497
6215 1594
6220 1575
6225 1519
6230 1503
6235 1504
6240 1573
6245 1528
6250 1576
6255 1526
6260 1510
6265 1572
6270 1591
6275 1524
6280 1527
6285 1519
6290 1556
6295 1583
6300 1529
6305 1534
6310 1522
6315 1531
6320 1673
6325 1567
6330 1534
6335 1609
6340 1548
6345 1575
6350 1578
6355 1569
6360 1555
6365 1554
6370 1607
6375 1541
6380 1540
6385 1586
6390 1560
6395 1614
6400 1600
6405 1548
6410 1548
6415 1584
6420 1622
6425 1597
6430 1618
6435 1557
6440 1582
6445 1588
6450 1586
6455 1562
6460 1611
6465 1586
6470 1633
6475 1587
6480 1569
6485 1651
6490 1585
6495 1611
6500 1619
6505 1584
6510 1593
6515 1668
6520 1680
6525 1588
6530 1608
6535 1582
6540 1617
6545 1654
6550 1587
6555 1611
6560 1592
6565 1675
6570 1594
6575 1618
6580 1616
6585 1622
6590 1653
6595 1672
6600 1602
6605 1632
6610 1645
6615 1708
6620 1659
6625 1618
6630 1609
6635 1618
6640 1711
6645 1615
6650 1636
6655 1627
6660 1681
6665 1677
6670 1623
6675 1623
6680 1646
6685 1689
6690 1655
6695 1633
6700 1629
6705 1672
6710 1713
6715 1680
6720 1663
6725 1645
6730 1654
6735 2044
6740 1687
6745 1639
6750 1643
6755 1674
6760 1659
6765 1710
6770 1664
6775 1692
6780 2325
6785 1711
6790 1661
6795 1686
6800 1706
6805 1732
6810 1725
6815 1682
6820 1977
6825 1872
6830 2027
6835 1815
6840 1671
6845 1726
6850 1673
6855 1726
6860 1687
6865 1672
6870 1801
6875 1706
6880 1712
6885 1676
6890 1741
6895 1728
6900 1679
6905 1691
6910 1685
6915 1863
6920 1708
6925 1704
6930 1691
6935 1713
6940 1733
6945 1689
6950 1695
6955 1723
6960 1749
6965 1701
6970 1791
6975 1701
6980 1700
6985 1781
6990 1751
6995 1706
7000 1713
7005 1771
7010 1721
7015 1791
7020 1713
7025 1721
7030 1806
7035 1717
7040 1743
7045 1726
7050 1754
7055 1739
7060 1775
7065 1726
7070 1725
7075 1820
7080 1773
7085 1730
7090 1770
7095 1816
7100 1786
7105 1742
7110 1736
7115 1748
7120 1852
7125 1745
7130 1742
7135 1759
7140 1783
7145 1786
7150 1821
7155 1748
7160 1751
7165 1808
7170 1766
7175 1801
7180 1770
7185 1795
7190 1822
7195 1758
7200 1763
7205 1773
7210 1815
7215 1773
7220 1766
7225 1766
7230 1835
7235 1817
7240 1772
7245 1794
7250 1863
7255 1885
7260 1776
7265 1823
7270 1777
7275 1836
7280 1783
7285 1783
7290 1785
7295 1819
7300 1821
7305 1786
7310 1789
7315 1789
7320 1978
7325 1792
7330 1795
7335 1795
7340 1871
7345 1836
7350 1804
7355 1807
7360 1845
7365 1902
7370 1805
7375 1851
7380 1807
7385 1949
7390 1838
7395 1811
7400 1813
7405 1912
7410 1817
7415 1823
7420 1876
7425 1873
7430 1866
7435 1866
7440 1824
7445 1844
7450 1923
7455 1829
7460 1874
7465 1834
7470 1875
7475 1913
7480 1839
7485 1843
7490 1937
7495 1840
7500 1846
7505 1901
7510 1844
7515 1848
7520 1846
7525 1934
7530 2102
7535 1896
7540 1926
7545 2043
7550 1936
7555 1871
7560 1855
7565 1867
7570 1945
7575 1942
7580 2246
7585 2090
7590 2358
7595 2580
7600 2348
7605 1994
7610 2031
7615 1914
7620 1933
7625 2094
7630 2465
7635 1880
7640 1939
7645 1950
7650 1884
7655 1881
7660 1961
7665 2158
7670 1971
7675 1885
7680 1961
7685 2100
7690 1960
7695 1893
7700 1890
7705 1931
7710 1902
7715 1908
7720 1942
7725 1933
7730 1912
7735 1943
7740 1970
7745 1978
7750 1917
7755 1908
7760 1998
7765 1956
7770 1913
7775 1964
7780 1922
7785 1952
7790 1925
7795 1921
7800 1926
7805 1917
7810 1964
7815 1921
7820 1924
7825 1963
7830 1981
7835 1935
7840 1967
7845 1879
7850 1985
7855 1941
7860 1879
7865 1890
7870 2007
7875 1891
7880 1893
7885 1927
7890 2061
7895 2025
7900 1896
7905 1992
7910 2018
7915 1896
7920 1951
7925 1899
7930 2037
7935 2032
7940 1942
7945 2159
7950 2301
7955 2675
7960 2502
7965 2009
7970 1970
7975 1979
7980 1995
7985 2027
7990 1972
7995 2021
8000 1972
8005 2048
8010 1977
8015 1992
8020 1984
8025 2055
8030 1992
8035 1980
8040 1979
8045 2062
8050 1990
8055 1986
8060 1995
8065 2041
8070 1991
8075 1990
8080 1998
8085 2045
8090 2000
8095 1999
8100 1999
8105 2153
8110 2122
8115 2068
8120 2487
8125 2058
8130 2008
8135 2030
8140 2109
8145 2064
8150 2011
8155 2011
8160 2105
8165 2045
8170 2033
8175 2028
8180 2095
8185 2039
8190 2051
8195 2112
8200 2039
8205 2025
8210 2061
8215 2089
8220 2202
8225 2275
8230 2340
8235 2065
8240 2033
8245 2095
8250 2043
8255 2126
8260 2045
8265 2041
8270 2040
8275 2094
8280 2076
8285 2045
8290 2054
8295 2194
8300 2006
8305 2094
8310 2014
8315 2191
8320 2059
8325 2057
8330 2110
8335 2062
8340 2035
8345 2070
8350 2181
8355 2053
8360 2013
8365 2013
8370 2203
8375 2059
8380 2098
8385 2025
8390 2118
8395 2247
8400 2067
8405 2110
8410 2096
8415 2164
8420 2301
8425 2145
8430 2184
8435 2494
8440 2153
8445 2117
8450 2125
8455 2092
8460 2095
8465 2102
8470 2135
8475 2202
8480 2197
8485 2089
8490 2150
8495 2051
8500 2093
8505 2052
8510 2050
8515 2112
8520 2123
8525 2087
8530 2080
8535 2088
8540 2146
8545 2099
8550 2089
8555 2010
8560 2012
8565 2017
8570 2144
8575 2091
8580 2018
8585 2200
8590 2211
8595 2199
8600 2135
8605 2078
8610 2197
8615 2086
8620 2082
8625 2171
8630 2157
8635 2305
8640 2112
8645 2085
8650 2133
8655 2184
8660 2091
8665 2094
8670 2138
8675 2177
8680 2176
8685 2171
8690 2197
8695 2068
8700 2137
8705 2108
8710 2150
8715 2153
8720 2143
8725 2119
8730 2057
8735 2163
8740 2066
8745 2147
8750 2068
8755 2161
8760 2200
8765 2655
8770 2297
8775 2617
8780 2612
8785 2200
8790 2236
8795 2187
8800 2192
8805 2188
8810 2186
8815 2208
8820 2172
8825 2215
8830 2137
8835 2129
8840 2299
8845 2086
8850 2169
8855 2087
8860 2377
8865 2173
8870 2091
8875 2274
8880 2135
8885 2274
8890 2156
8895 2154
8900 2155
8905 2271
8910 2653
8915 2982
8920 2278
8925 2303
8930 2314
8935 2166
8940 2166
8945 2167
8950 2246
8955 2240
8960 2172
8965 2284
8970 2178
8975 2233
8980 2180
8985 2187
8990 2183
8995 2226
9000 2235
9005 2187
9010 2221
9015 2254
9020 2213
9025 2223
9030 2142
9035 2138
9040 2222
9045 2241
9050 2214
9055 2151
9060 2358
9065 2148
9070 2337
9075 2289
9080 2379
9085 2286
9090 2212
9095 2255
9100 2214
9105 2315
9110 2217
9115 2306
9120 2186
9125 2228
9130 2237
9135 2164
9140 2289
9145 2246
9150 2366
9155 2167
9160 2170
9165 2337
9170 2301
9175 2173
9180 2173
9185 2329
9190 2179
9195 2182
9200 2311
9205 2225
9210 2265
9215 2184
9220 2230
9225 2189
9230 2231
9235 2482
9240 2613
9245 2784
9250 3542
9255 2281
9260 2334
9265 2256
9270 2332
9275 2258
9280 2343
9285 2375
9290 2385
9295 2325
9300 2694
9305 2500
9310 2329
9315 2355
9320 2345
9325 2356
9330 2344
9335 2341
9340 2340
9345 2348
9350 2332
9355 2288
9360 2321
9365 2282
9370 2417
9375 2287
9380 2365
9385 2289
9390 2338
9395 2483
9400 2292
9405 2345
9410 2271
9415 2445
9420 2323
9425 2415
9430 2292
9435 2304
9440 2449
9445 2302
9450 2343
9455 2290
9460 2576
9465 2255
9470 2333
9475 2254
9480 2299
9485 2294
9490 2295
9495 2394
9500 2258
9505 2457
9510 2268
9515 2433
9520 2265
9525 2452
9530 2267
9535 2268
9540 2358
9545 2350
9550 2479
9555 2274
9560 2361
9565 2436
9570 2283
9575 2278
9580 2381
9585 2279
9590 2284
9595 2569
9600 2286
9605 2367
9610 2289
9615 2335
9620 2292
9625 2364
9630 2290
9635 2336
9640 2436
9645 2303
9650 2613
9655 2302
9660 2373
9665 2368
9670 2412
9675 2366
9680 2472
9685 2303
9690 2438
9695 2309
9700 2392
9705 2408
9710 2316
9715 2397
9720 2318
9725 2539
9730 2321
9735 2397
9740 2323
9745 2386
9750 2497
9755 2324
9760 2416
9765 2373
9770 2482
9775 2341
9780 2432
9785 2381
9790 2345
9795 2379
9800 2423
9805 2338
9810 2349
9815 2816
9820 3059
9825 2951
9830 2416
9835 2405
9840 2565
9845 2473
9850 2516
9855 2477
9860 2489
9865 2479
9870 2518
9875 2422
9880 2425
9885 2474
9890 2465
9895 2483
9900 2470
9905 2469
9910 2429
9915 2608
9920 2391
9925 2453
9930 2375
9935 2600
9940 2372
9945 2453
9950 2376
9955 2534
9960 2377
9965 2421
9970 2533
9975 2384
9980 2631
9985 2385
9990 2463
9995 2388
10000 2472
