5 0
10 0
15 1
20 1
25 2
30 2
35 3
40 3
45 4
50 5
55 5
60 6
65 7
70 8
75 8
80 9
85 10
90 10
95 11
100 11
105 12
110 13
115 14
120 15
125 16
130 17
135 17
140 18
145 19
150 19
155 20
160 21
165 22
170 22
175 23
180 24
185 25
190 26
195 26
200 27
205 28
210 29
215 30
220 31
225 34
230 33
235 34
240 34
245 35
250 36
255 37
260 38
265 39
270 40
275 41
280 42
285 42
290 44
295 44
300 45
305 46
310 47
315 49
320 50
325 50
330 51
335 52
340 53
345 54
350 56
355 56
360 80
365 73
370 64
375 63
380 62
385 65
390 64
395 65
400 68
405 67
410 67
415 68
420 69
425 71
430 71
435 73
440 74
445 75
450 75
455 76
460 77
465 78
470 80
475 80
480 81
485 83
490 83
495 84
500 86
505 87
510 87
515 89
520 90
525 91
530 92
535 93
540 94
545 95
550 96
555 97
560 101
565 99
570 101
575 100
580 102
585 104
590 104
595 106
600 106
605 108
610 109
615 112
620 111
625 112
630 113
635 114
640 115
645 117
650 118
655 118
660 120
665 120
670 122
675 122
680 124
685 125
690 126
695 127
700 128
705 129
710 130
715 132
720 132
725 133
730 135
735 136
740 138
745 138
750 140
755 151
760 156
765 145
770 145
775 146
780 146
785 147
790 147
795 149
800 168
805 154
810 154
815 155
820 156
825 156
830 158
835 178
840 161
845 163
850 162
855 164
860 164
865 165
870 167
875 167
880 168
885 169
890 171
895 172
900 174
905 173
910 175
915 176
920 178
925 178
930 178
935 180
940 182
945 183
950 184
955 185
960 186
965 188
970 188
975 190
980 190
985 191
990 193
995 194
1000 195
1005 196
1010 197
1015 199
1020 201
1025 202
1030 203
1035 205
1040 205
1045 207
1050 207
1055 207
1060 212
1065 210
1070 211
1075 212
1080 214
1085 264
1090 219
1095 218
1100 218
1105 219
1110 220
1115 222
1120 226
1125 227
1130 224
1135 226
1140 226
1145 228
1150 230
1155 230
1160 232
1165 233
1170 234
1175 234
1180 236
1185 237
1190 238
1195 238
1200 243
1205 244
1210 243
1215 243
1220 245
1225 245
1230 248
1235 249
1240 249
1245 251
1250 252
1255 253
1260 254
1265 255
1270 258
1275 258
1280 259
1285 263
1290 261
1295 262
1300 264
1305 265
1310 266
1315 267
1320 268
1325 270
1330 270
1335 272
1340 273
1345 273
1350 275
1355 276
1360 277
1365 279
1370 280
1375 281
1380 282
1385 283
1390 283
1395 285
1400 287
1405 288
1410 288
1415 291
1420 292
1425 295
1430 293
1435 294
1440 295
1445 298
1450 298
1455 301
1460 306
1465 308
1470 295
1475 368
1480 298
1485 299
1490 352
1495 398
1500 500
1505 390
1510 363
1515 318
1520 387
1525 399
1530 322
1535 321
1540 363
1545 324
1550 324
1555 328
1560 326
1565 330
1570 330
1575 332
1580 331
1585 338
1590 337
1595 335
1600 340
1605 346
1610 338
1615 341
1620 343
1625 344
1630 358
1635 358
1640 354
1645 365
1650 383
1655 350
1660 350
1665 368
1670 351
1675 357
1680 378
1685 370
1690 369
1695 395
1700 360
1705 360
1710 365
1715 363
1720 365
1725 375
1730 373
1735 375
1740 373
1745 406
1750 371
1755 394
1760 408
1765 386
1770 385
1775 379
1780 378
1785 407
1790 435
1795 384
1800 497
1805 404
1810 388
1815 392
1820 414
1825 368
1830 369
1835 370
1840 372
1845 373
1850 496
1855 554
1860 445
1865 379
1870 379
1875 379
1880 381
1885 381
1890 383
1895 384
1900 384
1905 571
1910 388
1915 462
1920 442
1925 485
1930 392
1935 394
1940 394
1945 396
1950 490
1955 441
1960 417
1965 411
1970 412
1975 413
1980 414
1985 414
1990 417
1995 419
2000 536
2005 442
2010 462
2015 426
2020 424
2025 426
2030 425
2035 427
2040 519
2045 511
2050 431
2055 469
2060 433
2065 435
2070 435
2075 437
2080 437
2085 438
2090 500
2095 486
2100 460
2105 467
2110 444
2115 445
2120 484
2125 449
2130 449
2135 538
2140 452
2145 491
2150 533
2155 456
2160 479
2165 485
2170 477
2175 472
2180 496
2185 475
2190 475
2195 477
2200 479
2205 478
2210 481
2215 481
2220 519
2225 487
2230 508
2235 488
2240 489
2245 490
2250 493
2255 503
2260 493
2265 502
2270 496
2275 497
2280 516
2285 499
2290 501
2295 499
2300 503
2305 503
2310 535
2315 507
2320 507
2325 509
2330 510
2335 510
2340 513
2345 512
2350 544
2355 527
2360 523
2365 521
2370 506
2375 506
2380 508
2385 509
2390 622
2395 513
2400 562
2405 514
2410 515
2415 515
2420 600
2425 518
2430 519
2435 605
2440 524
2445 560
2450 546
2455 540
2460 541
2465 541
2470 546
2475 574
2480 548
2485 549
2490 549
2495 550
2500 551
2505 552
2510 571
2515 557
2520 556
2525 557
2530 558
2535 560
2540 643
2545 551
2550 550
2555 590
2560 591
2565 803
2570 554
2575 594
2580 555
2585 558
2590 560
2595 642
2600 657
2605 601
2610 566
2615 564
2620 590
2625 580
2630 645
2635 585
2640 587
2645 590
2650 588
2655 589
2660 610
2665 592
2670 598
2675 595
2680 604
2685 596
2690 606
2695 598
2700 600
2705 601
2710 602
2715 606
2720 605
2725 622
2730 612
2735 616
2740 613
2745 614
2750 613
2755 637
2760 616
2765 616
2770 618
2775 618
2780 628
2785 605
2790 719
2795 607
2800 682
2805 610
2810 610
2815 613
2820 613
2825 651
2830 619
2835 616
2840 695
2845 619
2850 621
2855 622
2860 622
2865 623
2870 625
2875 701
2880 631
2885 629
2890 701
2895 632
2900 632
2905 634
2910 693
2915 637
2920 638
2925 674
2930 641
2935 736
2940 698
2945 702
2950 693
2955 648
2960 690
2965 649
2970 649
2975 767
2980 657
2985 655
2990 656
2995 657
3000 671
3005 704
3010 678
3015 680
3020 685
3025 682
3030 683
3035 715
3040 693
3045 689
3050 688
3055 689
3060 706
3065 693
3070 709
3075 676
3080 677
3085 836
3090 682
3095 719
3100 681
3105 685
3110 769
3115 687
3120 744
3125 726
3130 689
3135 691
3140 753
3145 711
3150 712
3155 714
3160 713
3165 716
3170 732
3175 720
3180 766
3185 724
3190 722
3195 767
3200 733
3205 746
3210 728
3215 730
3220 731
3225 770
3230 733
3235 733
3240 753
3245 736
3250 744
3255 739
3260 741
3265 741
3270 766
3275 744
3280 746
3285 808
3290 747
3295 761
3300 751
3305 758
3310 755
3315 784
3320 757
3325 756
3330 762
3335 771
3340 760
3345 762
3350 761
3355 765
3360 783
3365 788
3370 770
3375 769
3380 771
3385 772
3390 784
3395 775
3400 775
3405 775
3410 777
3415 780
3420 801
3425 786
3430 783
3435 784
3440 786
3445 812
3450 802
3455 790
3460 790
3465 792
3470 810
3475 798
3480 798
3485 798
3490 841
3495 823
3500 804
3505 804
3510 802
3515 816
3520 805
3525 786
3530 786
3535 787
3540 790
3545 914
3550 796
3555 794
3560 882
3565 794
3570 885
3575 805
3580 800
3585 799
3590 871
3595 908
3600 841
3605 876
3610 807
3615 810
3620 933
3625 816
3630 814
3635 840
3640 842
3645 864
3650 838
3655 838
3660 843
3665 841
3670 842
3675 845
3680 850
3685 846
3690 846
3695 846
3700 933
3705 831
3710 830
3715 831
3720 832
3725 833
3730 838
3735 836
3740 923
3745 837
3750 840
3755 913
3760 887
3765 843
3770 845
3775 846
3780 845
3785 848
3790 850
3795 851
3800 852
3805 868
3810 833
3815 834
3820 910
3825 836
3830 837
3835 839
3840 840
3845 899
3850 901
3855 843
3860 979
3865 867
3870 869
3875 911
3880 912
3885 873
3890 916
3895 875
3900 913
3905 899
3910 878
3915 896
3920 858
3925 860
3930 982
3935 863
3940 930
3945 864
3950 867
3955 868
3960 907
3965 870
3970 874
3975 928
3980 891
3985 874
3990 876
3995 1002
4000 901
4005 908
4010 882
4015 920
4020 883
4025 883
4030 889
4035 886
4040 888
4045 886
4050 889
4055 968
4060 969
4065 894
4070 896
4075 897
4080 972
4085 901
4090 1044
4095 901
4100 1111
4105 903
4110 981
4115 948
4120 923
4125 909
4130 940
4135 935
4140 988
4145 1042
4150 1041
4155 940
4160 984
4165 976
4170 944
4175 971
4180 980
4185 985
4190 978
4195 985
4200 980
4205 978
4210 984
4215 985
4220 983
4225 1000
4230 1006
4235 996
4240 997
4245 1019
4250 994
4255 991
4260 1011
4265 998
4270 1054
4275 1053
4280 1054
4285 1086
4290 1067
4295 1059
4300 1059
4305 1004
4310 1005
4315 1004
4320 982
4325 982
4330 984
4335 1026
4340 1024
4345 987
4350 988
4355 989
4360 1051
4365 966
4370 1035
4375 994
4380 997
4385 991
4390 1028
4395 1023
4400 977
4405 975
4410 1090
4415 979
4420 979
4425 981
4430 982
4435 1058
4440 987
4445 1026
4450 986
4455 989
4460 1059
4465 1017
4470 1035
4475 992
4480 994
4485 995
4490 1039
4495 1162
4500 998
4505 1181
4510 1074
4515 1029
4520 1032
4525 1032
4530 1037
4535 1033
4540 1120
4545 1077
4550 1299
4555 1333
4560 1383
4565 1217
4570 1045
4575 1045
4580 1102
4585 1117
4590 1071
4595 1048
4600 1095
4605 1097
4610 1055
4615 1104
4620 1055
4625 1058
4630 1061
4635 1103
4640 1065
4645 1063
4650 1109
4655 1068
4660 1072
4665 1118
4670 1069
4675 1121
4680 1146
4685 1085
4690 1046
4695 1045
4700 1123
4705 1048
4710 1051
4715 1133
4720 1436
4725 1193
4730 1114
4735 1114
4740 1114
4745 1121
4750 1116
4755 1119
4760 1125
4765 1134
4770 1091
4775 1190
4780 1097
4785 1096
4790 1224
4795 1146
4800 1100
4805 1102
4810 1106
4815 1077
4820 1135
4825 1078
4830 1079
4835 1202
4840 1082
4845 1123
4850 1082
4855 1085
4860 1089
4865 1283
4870 1144
4875 1186
4880 1202
4885 1096
4890 1094
4895 1115
4900 1126
4905 1166
4910 1136
4915 1134
4920 1132
4925 1132
4930 1163
4935 1134
4940 1134
4945 1108
4950 1129
4955 1131
4960 1234
4965 1114
4970 1113
4975 1172
4980 1116
4985 1117
4990 1120
4995 1121
5000 1199
5005 1124
5010 1200
5015 1126
5020 1205
5025 1242
5030 1131
5035 1130
5040 1134
5045 1160
5050 1185
5055 1176
5060 1155
5065 1197
5070 1140
5075 1140
5080 1143
5085 1148
5090 1145
5095 1186
5100 1147
5105 1189
5110 1185
5115 1150
5120 1151
5125 1226
5130 1154
5135 1321
5140 1313
5145 1159
5150 1320
5155 1191
5160 1194
5165 1193
5170 1195
5175 1270
5180 1199
5185 1199
5190 1193
5195 1214
5200 1171
5205 1171
5210 1174
5215 1252
5220 1314
5225 1177
5230 1181
5235 1268
5240 1180
5245 1261
5250 1183
5255 1186
5260 1226
5265 1188
5270 1190
5275 1230
5280 1270
5285 1191
5290 1193
5295 1374
5300 1200
5305 1269
5310 1247
5315 1232
5320 1273
5325 1233
5330 1234
5335 1237
5340 1245
5345 1251
5350 1209
5355 1210
5360 1230
5365 1266
5370 1215
5375 1214
5380 1257
5385 1218
5390 1354
5395 1318
5400 1296
5405 1307
5410 1224
5415 1299
5420 1226
5425 1262
5430 1265
5435 1263
5440 1263
5445 1341
5450 1265
5455 1316
5460 1268
5465 1316
5470 1372
5475 1360
5480 1241
5485 1326
5490 1370
5495 1242
5500 1359
5505 1280
5510 1282
5515 1324
5520 1283
5525 1326
5530 1291
5535 1296
5540 1375
5545 1260
5550 1420
5555 1258
5560 1260
5565 1417
5570 1262
5575 1701
5580 1435
5585 1685
5590 1644
5595 1362
5600 1352
5605 1331
5610 1345
5615 1343
5620 1377
5625 1359
5630 1347
5635 1352
5640 1355
5645 1362
5650 1316
5655 1363
5660 1356
5665 1367
5670 1326
5675 1400
5680 1330
5685 1337
5690 1370
5695 1367
5700 1456
5705 1376
5710 1333
5715 1370
5720 1332
5725 1335
5730 1337
5735 1341
5740 1339
5745 1342
5750 1414
5755 1308
5760 1309
5765 1313
5770 1314
5775 1558
5780 1392
5785 1354
5790 1437
5795 1354
5800 1354
5805 1440
5810 1360
5815 1359
5820 1364
5825 1388
5830 1329
5835 1328
5840 1370
5845 1331
5850 1443
5855 1450
5860 1335
5865 1489
5870 1338
5875 1339
5880 1558
5885 1396
5890 1343
5895 1458
5900 1428
5905 1345
5910 1458
5915 1351
5920 1350
5925 1621
5930 1388
5935 1390
5940 1546
5945 1391
5950 1392
5955 1429
5960 1393
5965 1396
5970 1397
5975 1484
5980 1401
5985 1401
5990 1483
5995 1384
6000 1456
6005 1372
6010 1435
6015 1372
6020 1375
6025 1497
6030 1377
6035 1377
6040 1378
6045 1385
6050 1459
6055 1386
6060 1384
6065 1426
6070 1406
6075 1431
6080 1389
6085 1466
6090 1391
6095 1392
6100 1394
6105 1396
6110 1666
6115 1397
6120 1477
6125 1400
6130 1433
6135 1442
6140 1485
6145 1511
6150 1444
6155 1484
6160 1448
6165 1437
6170 1413
6175 1491
6180 1457
6185 1414
6190 1501
6195 1531
6200 1417
6205 1419
6210 1425
6215 1566
6220 1423
6225 1683
6230 1425
6235 1426
6240 1433
6245 1430
6250 1437
6255 1433
6260 1434
6265 1524
6270 1588
6275 1438
6280 1518
6285 1570
6290 1442
6295 1441
6300 1603
6305 1444
6310 1447
6315 1449
6320 1452
6325 1447
6330 1450
6335 1538
6340 1454
6345 1498
6350 1574
6355 1573
6360 1562
6365 1538
6370 1499
6375 1500
6380 1544
6385 1500
6390 1504
6395 1491
6400 1511
6405 1472
6410 1471
6415 1470
6420 1521
6425 1595
6430 1672
6435 1962
6440 1754
6445 1701
6450 1562
6455 1570
6460 1569
6465 1568
6470 1568
6475 1568
6480 1569
6485 1573
6490 1594
6495 1531
6500 1580
6505 1582
6510 1578
6515 1580
6520 1545
6525 1540
6530 1539
6535 1586
6540 1550
6545 1606
6550 1509
6555 1670
6560 1508
6565 1621
6570 1514
6575 1513
6580 1515
6585 1517
6590 1518
6595 1515
6600 1595
6605 1572
6610 1522
6615 1526
6620 1609
6625 1526
6630 1526
6635 1608
6640 1531
6645 1530
6650 1535
6655 1533
6660 1534
6665 1689
6670 1674
6675 1538
6680 1543
6685 1545
6690 1659
6695 1743
6700 1831
6705 1596
6710 1590
6715 1592
6720 1590
6725 1590
6730 1631
6735 1593
6740 1636
6745 1594
6750 1653
6755 1598
6760 1600
6765 1694
6770 1570
6775 1681
6780 1566
6785 1565
6790 1569
6795 1629
6800 1568
6805 1572
6810 1867
6815 1817
6820 1663
6825 1821
6830 1623
6835 1620
6840 1626
6845 1623
6850 1623
6855 1706
6860 1669
6865 1626
6870 1628
6875 1635
6880 1752
6885 1635
6890 1677
6895 1675
6900 1636
6905 1636
6910 1637
6915 1602
6920 1685
6925 1599
6930 1602
6935 1602
6940 1802
6945 1605
6950 1685
6955 1608
6960 1721
6965 1611
6970 1748
6975 1612
6980 1827
6985 1695
6990 1704
6995 1619
7000 1678
7005 1787
7010 1666
7015 1757
7020 1666
7025 1675
7030 1700
7035 1870
7040 1705
7045 1719
7050 1632
7055 1670
7060 1687
7065 1771
7070 1730
7075 1727
7080 1683
7085 1666
7090 1745
7095 1643
7100 1643
7105 1754
7110 1746
7115 1682
7120 1747
7125 1843
7130 1651
7135 1740
7140 1726
7145 1700
7150 1707
7155 1700
7160 1703
7165 1797
7170 1690
7175 1947
7180 2058
7185 2226
7190 2032
7195 1713
7200 2233
7205 1807
7210 2037
7215 1775
7220 1769
7225 1767
7230 1767
7235 1783
7240 1777
7245 1813
7250 1731
7255 1729
7260 1730
7265 1737
7270 1731
7275 1790
7280 1689
7285 1772
7290 1756
7295 1837
7300 1694
7305 1778
7310 1703
7315 1699
7320 1777
7325 1830
7330 1702
7335 2010
7340 1938
7345 2007
7350 2236
7355 1887
7360 1806
7365 1805
7370 1804
7375 1805
7380 1832
7385 1761
7390 1802
7395 1762
7400 1769
7405 1781
7410 1900
7415 1721
7420 1806
7425 1726
7430 1809
7435 1731
7440 1728
7445 1774
7450 1812
7455 1733
7460 1738
7465 1744
7470 1830
7475 1739
7480 1824
7485 1742
7490 1744
7495 1743
7500 1744
7505 1804
7510 1929
7515 1848
7520 1803
7525 1861
7530 1799
7535 1843
7540 1802
7545 1890
7550 1887
7555 1762
7560 1759
7565 1840
7570 1803
7575 1809
7580 1812
7585 1951
7590 1892
7595 1819
7600 1832
7605 1772
7610 1852
7615 1820
7620 1836
7625 1777
7630 1775
7635 1777
7640 1875
7645 1781
7650 2064
7655 1831
7660 1841
7665 1788
7670 1832
7675 1855
7680 1835
7685 1881
7690 1842
7695 1975
7700 1856
7705 1882
7710 1856
7715 1967
7720 1803
7725 1807
7730 1812
7735 1900
7740 1805
7745 1807
7750 1938
7755 1813
7760 1886
7765 1808
7770 1810
7775 1959
7780 1907
7785 1817
7790 1902
7795 1817
7800 1822
7805 1929
7810 1859
7815 1998
7820 1824
7825 1824
7830 1883
7835 1925
7840 1918
7845 2121
7850 2087
7855 2226
7860 2161
7865 1882
7870 2074
7875 1886
7880 1926
7885 1940
7890 1942
7895 1950
7900 1944
7905 1951
7910 1894
7915 2028
7920 1976
7925 2094
7930 2329
7935 1955
7940 1954
7945 1955
7950 1964
7955 1942
7960 1910
7965 1970
7970 1913
7975 1961
7980 1897
7985 1949
7990 1872
7995 1867
8000 1932
8005 1871
8010 1872
8015 1877
8020 1962
8025 2002
8030 2115
8035 1930
8040 2002
8045 1938
8050 1932
8055 1965
8060 1888
8065 1885
8070 2210
8075 1889
8080 1974
8085 1892
8090 1894
8095 2049
8100 1895
8105 1897
8110 1966
8115 1899
8120 1981
8125 2050
8130 1939
8135 1984
8140 1909
8145 1906
8150 1952
8155 1989
8160 1993
8165 1919
8170 1910
8175 1922
8180 2025
8185 1939
8190 1993
8195 1999
8200 1925
8205 1930
8210 1929
8215 1970
8220 2001
8225 1949
8230 2071
8235 1939
8240 2016
8245 1934
8250 1934
8255 1940
8260 1934
8265 2012
8270 1938
8275 1941
8280 1980
8285 2108
8290 1944
8295 2025
8300 1948
8305 1946
8310 2030
8315 1948
8320 2035
8325 1952
8330 2301
8335 2048
8340 2033
8345 2042
8350 1987
8355 2019
8360 2066
8365 2014
8370 2092
8375 2007
8380 2011
8385 2095
8390 1967
8395 2061
8400 2104
8405 2088
8410 2034
8415 2028
8420 2070
8425 1979
8430 1981
8435 2023
8440 2083
8445 2060
8450 1989
8455 1984
8460 2624
8465 2697
8470 2187
8475 2042
8480 2080
8485 2135
8490 2046
8495 2095
8500 2051
8505 2172
8510 2060
8515 2143
8520 2148
8525 2056
8530 2063
8535 2159
8540 2007
8545 2131
8550 2009
8555 2012
8560 2083
8565 2106
8570 2098
8575 2016
8580 2151
8585 2239
8590 2084
8595 2133
8600 2086
8605 2129
8610 2080
8615 2216
8620 2083
8625 2089
8630 2147
8635 2145
8640 2110
8645 2076
8650 2119
8655 2039
8660 2081
8665 2117
8670 2041
8675 2158
8680 2049
8685 2136
8690 2123
8695 2089
8700 2216
8705 2058
8710 2053
8715 2134
8720 2055
8725 2062
8730 2113
8735 2241
8740 2142
8745 2179
8750 2127
8755 2140
8760 2122
8765 2168
8770 2094
8775 2071
8780 2196
8785 2071
8790 2148
8795 2079
8800 2294
8805 2082
8810 2078
8815 2214
8820 2142
8825 2146
8830 2561
8835 2186
8840 2200
8845 2207
8850 2246
8855 2201
8860 2203
8865 2148
8870 2191
8875 2279
8880 2150
8885 2203
8890 2156
8895 2155
8900 2176
8905 2103
8910 2219
8915 2201
8920 2110
8925 2247
8930 2261
8935 2110
8940 2112
8945 2182
8950 2189
8955 2196
8960 2117
8965 2117
8970 2273
8975 2120
8980 2293
8985 2202
8990 2124
8995 2132
9000 2128
9005 2222
9010 2129
9015 2236
9020 2246
9025 2191
9030 2578
9035 2731
9040 2264
9045 2275
9050 2246
9055 2231
9060 2274
9065 2302
9070 2265
9075 2270
9080 2217
9085 2210
9090 2245
9095 2322
9100 2206
9105 2210
9110 2305
9115 2213
9120 2340
9125 2248
9130 2234
9135 2161
9140 2237
9145 2169
9150 2167
9155 2308
9160 2168
9165 2251
9170 2169
9175 2236
9180 2170
9185 2257
9190 2258
9195 2176
9200 2185
9205 2409
9210 2261
9215 2314
9220 2190
9225 2184
9230 2184
9235 2265
9240 2195
9245 2314
9250 2302
9255 2307
9260 2291
9265 2293
9270 2289
9275 2228
9280 2314
9285 2201
9290 2286
9295 2366
9300 2203
9305 2291
9310 2207
9315 2347
9320 2208
9325 2287
9330 2212
9335 2216
9340 2302
9345 2215
9350 2306
9355 2215
9360 2389
9365 2228
9370 2341
9375 2418
9380 2350
9385 2340
9390 2228
9395 2411
9400 2291
9405 2400
9410 2293
9415 2350
9420 2641
9425 2294
9430 2388
9435 2301
9440 2393
9445 2300
9450 2385
9455 2347
9460 2387
9465 2421
9470 2246
9475 2351
9480 2251
9485 2395
9490 2407
9495 2314
9500 2315
9505 2736
9510 2357
9515 2259
9520 2434
9525 2356
9530 2376
9535 2368
9540 2333
9545 2326
9550 2393
9555 2398
9560 2622
9565 2846
9570 2405
9575 2335
9580 2342
9585 2383
9590 2425
9595 2403
9600 2410
9605 2422
9610 2423
9615 2355
9620 2359
9625 2354
9630 2351
9635 2396
9640 2354
9645 2358
9650 2424
9655 2376
9660 2381
9665 2307
9670 2365
9675 2520
9680 2344
9685 2303
9690 2451
9695 2444
9700 2411
9705 2496
9710 2489
9715 2373
9720 2415
9725 2415
9730 2329
9735 2435
9740 2337
9745 2398
9750 2320
9755 2324
9760 2334
9765 2476
9770 2404
9775 2339
9780 2497
9785 2411
9790 2332
9795 2333
9800 2415
9805 2335
9810 2396
9815 2534
9820 2411
9825 2380
9830 2545
9835 2401
9840 2415
9845 2407
9850 2470
9855 2475
9860 2427
9865 2486
9870 2452
9875 2418
9880 2587
9885 2420
9890 2400
9895 2440
9900 2439
9905 2517
9910 2492
9915 2503
9920 2426
9925 2437
9930 2406
9935 2505
9940 2368
9945 2370
9950 2480
9955 2704
9960 2453
9965 2491
9970 2449
9975 2448
9980 2478
9985 2448
9990 2570
9995 2384
10000 2467
