5 0
10 1
15 1
20 1
25 2
30 2
35 3
40 3
45 4
50 4
55 21
60 5
65 6
70 7
75 7
80 8
85 9
90 9
95 10
100 11
105 11
110 12
115 13
120 14
125 14
130 15
135 15
140 16
145 17
150 18
155 19
160 19
165 20
170 21
175 22
180 22
185 23
190 24
195 25
200 26
205 26
210 27
215 28
220 29
225 30
230 31
235 32
240 32
245 33
250 34
255 35
260 36
265 36
270 37
275 38
280 39
285 40
290 41
295 42
300 43
305 43
310 44
315 45
320 47
325 48
330 48
335 49
340 50
345 51
350 52
355 53
360 53
365 54
370 56
375 56
380 58
385 58
390 60
395 61
400 62
405 62
410 63
415 67
420 65
425 66
430 67
435 68
440 70
445 70
450 71
455 72
460 73
465 74
470 75
475 76
480 76
485 77
490 79
495 80
500 81
505 82
510 83
515 84
520 85
525 85
530 86
535 87
540 88
545 89
550 90
555 91
560 93
565 135
570 112
575 96
580 97
585 98
590 98
595 100
600 100
605 102
610 103
615 103
620 104
625 106
630 107
635 108
640 109
645 109
650 111
655 112
660 113
665 114
670 115
675 116
680 117
685 118
690 119
695 121
700 121
705 122
710 123
715 124
720 125
725 128
730 127
735 129
740 183
745 152
750 133
755 134
760 135
765 135
770 137
775 137
780 253
785 177
790 143
795 143
800 144
805 144
810 145
815 146
820 146
825 147
830 149
835 150
840 150
845 151
850 151
855 154
860 154
865 155
870 157
875 158
880 158
885 160
890 275
895 163
900 162
905 164
910 165
915 166
920 167
925 188
930 223
935 170
940 171
945 173
950 173
955 175
960 175
965 176
970 177
975 179
980 179
985 182
990 256
995 183
1000 183
1005 185
1010 187
1015 188
1020 189
1025 190
1030 190
1035 192
1040 193
1045 194
1050 195
1055 196
1060 198
1065 198
1070 199
1075 201
1080 202
1085 206
1090 243
1095 205
1100 207
1105 208
1110 208
1115 209
1120 210
1125 212
1130 214
1135 214
1140 214
1145 216
1150 217
1155 218
1160 219
1165 220
1170 221
1175 223
1180 308
1185 225
1190 225
1195 226
1200 228
1205 229
1210 229
1215 231
1220 232
1225 234
1230 235
1235 235
1240 237
1245 238
1250 238
1255 240
1260 241
1265 243
1270 244
1275 245
1280 246
1285 247
1290 337
1295 288
1300 250
1305 251
1310 252
1315 253
1320 254
1325 256
1330 256
1335 257
1340 258
1345 260
1350 261
1355 263
1360 264
1365 265
1370 265
1375 266
1380 313
1385 293
1390 290
1395 272
1400 273
1405 273
1410 349
1415 276
1420 277
1425 278
1430 279
1435 280
1440 281
1445 283
1450 283
1455 284
1460 286
1465 290
1470 289
1475 289
1480 290
1485 291
1490 293
1495 294
1500 295
1505 296
1510 298
1515 298
1520 301
1525 338
1530 302
1535 303
1540 303
1545 305
1550 306
1555 420
1560 309
1565 312
1570 311
1575 312
1580 313
1585 316
1590 317
1595 318
1600 318
1605 320
1610 320
1615 321
1620 324
1625 327
1630 325
1635 351
1640 370
1645 330
1650 330
1655 331
1660 332
1665 333
1670 335
1675 335
1680 336
1685 337
1690 338
1695 339
1700 341
1705 343
1710 389
1715 344
1720 345
1725 347
1730 347
1735 349
1740 350
1745 351
1750 352
1755 353
1760 521
1765 355
1770 356
1775 358
1780 415
1785 375
1790 361
1795 362
1800 363
1805 365
1810 365
1815 367
1820 367
1825 369
1830 370
1835 372
1840 372
1845 393
1850 435
1855 458
1860 378
1865 378
1870 379
1875 381
1880 381
1885 388
1890 384
1895 385
1900 386
1905 385
1910 387
1915 534
1920 407
1925 391
1930 392
1935 394
1940 394
1945 396
1950 397
1955 398
1960 399
1965 401
1970 441
1975 484
1980 404
1985 405
1990 406
1995 407
2000 408
2005 409
2010 410
2015 412
2020 412
2025 414
2030 415
2035 418
2040 417
2045 494
2050 418
2055 421
2060 421
2065 423
2070 424
2075 426
2080 426
2085 429
2090 430
2095 480
2100 477
2105 472
2110 434
2115 434
2120 435
2125 437
2130 437
2135 439
2140 439
2145 443
2150 443
2155 569
2160 479
2165 447
2170 447
2175 449
2180 577
2185 451
2190 453
2195 454
2200 494
2205 533
2210 457
2215 458
2220 462
2225 461
2230 462
2235 538
2240 490
2245 477
2250 530
2255 482
2260 481
2265 482
2270 483
2275 484
2280 486
2285 488
2290 564
2295 609
2300 625
2305 580
2310 686
2315 655
2320 545
2325 511
2330 515
2335 538
2340 515
2345 516
2350 515
2355 527
2360 521
2365 523
2370 520
2375 522
2380 523
2385 525
2390 526
2395 526
2400 529
2405 528
2410 531
2415 532
2420 557
2425 533
2430 536
2435 535
2440 537
2445 539
2450 538
2455 539
2460 542
2465 542
2470 543
2475 546
2480 547
2485 547
2490 550
2495 550
2500 552
2505 553
2510 557
2515 579
2520 543
2525 543
2530 544
2535 547
2540 548
2545 614
2550 570
2555 551
2560 551
2565 655
2570 632
2575 556
2580 558
2585 559
2590 604
2595 563
2600 563
2605 563
2610 567
2615 564
2620 567
2625 569
2630 570
2635 570
2640 572
2645 571
2650 573
2655 574
2660 578
2665 622
2670 608
2675 664
2680 608
2685 569
2690 568
2695 570
2700 570
2705 572
2710 574
2715 573
2720 575
2725 726
2730 579
2735 579
2740 663
2745 722
2750 584
2755 677
2760 599
2765 642
2770 602
2775 603
2780 605
2785 606
2790 608
2795 609
2800 609
2805 612
2810 611
2815 613
2820 615
2825 617
2830 618
2835 619
2840 619
2845 712
2850 624
2855 626
2860 660
2865 627
2870 627
2875 630
2880 632
2885 631
2890 686
2895 634
2900 636
2905 636
2910 646
2915 622
2920 624
2925 647
2930 734
2935 626
2940 628
2945 650
2950 663
2955 631
2960 632
2965 709
2970 634
2975 635
2980 637
2985 638
2990 640
2995 679
3000 643
3005 745
3010 645
3015 646
3020 647
3025 648
3030 729
3035 650
3040 652
3045 744
3050 734
3055 670
3060 674
3065 679
3070 822
3075 717
3080 720
3085 681
3090 681
3095 682
3100 685
3105 685
3110 688
3115 687
3120 691
3125 728
3130 693
3135 694
3140 693
3145 697
3150 695
3155 733
3160 698
3165 701
3170 699
3175 738
3180 707
3185 704
3190 705
3195 835
3200 709
3205 712
3210 711
3215 713
3220 713
3225 714
3230 757
3235 716
3240 718
3245 719
3250 719
3255 721
3260 920
3265 757
3270 726
3275 727
3280 728
3285 728
3290 739
3295 774
3300 730
3305 714
3310 715
3315 717
3320 852
3325 743
3330 738
3335 844
3340 742
3345 743
3350 745
3355 746
3360 747
3365 793
3370 749
3375 751
3380 756
3385 753
3390 759
3395 737
3400 737
3405 738
3410 776
3415 740
3420 741
3425 743
3430 743
3435 805
3440 747
3445 747
3450 748
3455 751
3460 830
3465 753
3470 854
3475 755
3480 755
3485 757
3490 758
3495 760
3500 872
3505 766
3510 763
3515 763
3520 764
3525 866
3530 803
3535 768
3540 770
3545 770
3550 772
3555 774
3560 813
3565 818
3570 828
3575 778
3580 779
3585 861
3590 872
3595 839
3600 979
3605 865
3610 787
3615 791
3620 790
3625 866
3630 877
3635 819
3640 819
3645 816
3650 817
3655 818
3660 819
3665 858
3670 822
3675 823
3680 826
3685 866
3690 868
3695 826
3700 830
3705 830
3710 830
3715 831
3720 833
3725 890
3730 837
3735 838
3740 840
3745 839
3750 953
3755 994
3760 845
3765 846
3770 847
3775 847
3780 931
3785 940
3790 1049
3795 867
3800 832
3805 856
3810 1010
3815 858
3820 858
3825 859
3830 913
3835 861
3840 965
3845 868
3850 908
3855 869
3860 869
3865 873
3870 920
3875 872
3880 874
3885 876
3890 876
3895 933
3900 878
3905 994
3910 882
3915 881
3920 883
3925 931
3930 885
3935 887
3940 944
3945 948
3950 896
3955 1107
3960 1139
3965 895
3970 960
3975 951
3980 1069
3985 953
3990 939
3995 941
4000 973
4005 945
4010 1032
4015 993
4020 951
4025 937
4030 957
4035 942
4040 943
4045 954
4050 941
4055 950
4060 955
4065 944
4070 976
4075 946
4080 947
4085 961
4090 951
4095 951
4100 955
4105 959
4110 961
4115 966
4120 957
4125 961
4130 959
4135 961
4140 1007
4145 964
4150 965
4155 967
4160 969
4165 1007
4170 1006
4175 996
4180 1049
4185 947
4190 991
4195 989
4200 951
4205 1028
4210 1155
4215 1092
4220 1001
4225 1031
4230 995
4235 996
4240 995
4245 993
4250 992
4255 991
4260 1009
4265 996
4270 1085
4275 1012
4280 1021
4285 1019
4290 1015
4295 1011
4300 1001
4305 1005
4310 1003
4315 1011
4320 1012
4325 1010
4330 1056
4335 1011
4340 1012
4345 1019
4350 1015
4355 1017
4360 991
4365 993
4370 1079
4375 1031
4380 999
4385 998
4390 1000
4395 1044
4400 1004
4405 1056
4410 1164
4415 1121
4420 1035
4425 1034
4430 1037
4435 1036
4440 1041
4445 1065
4450 1048
4455 1043
4460 1042
4465 1046
4470 1101
4475 1048
4480 1049
4485 1050
4490 1058
4495 1053
4500 1028
4505 1029
4510 1029
4515 1033
4520 1032
4525 1079
4530 1076
4535 1037
4540 1115
4545 1037
4550 1039
4555 1040
4560 1043
4565 1065
4570 1061
4575 1053
4580 1050
4585 1059
4590 1098
4595 1023
4600 1023
4605 1028
4610 1027
4615 1029
4620 1111
4625 1029
4630 1031
4635 1072
4640 1116
4645 1038
4650 1037
4655 1047
4660 1124
4665 1243
4670 1082
4675 1072
4680 1071
4685 1094
4690 1088
4695 1075
4700 1077
4705 1078
4710 1084
4715 1081
4720 1103
4725 1101
4730 1084
4735 1126
4740 1086
4745 1089
4750 1096
4755 1068
4760 1198
4765 1063
4770 1105
4775 1066
4780 1184
4785 1069
4790 1071
4795 1072
4800 1074
4805 1078
4810 1074
4815 1173
4820 1153
4825 1080
4830 1231
4835 1081
4840 1158
4845 1085
4850 1082
4855 1296
4860 1117
4865 1120
4870 1120
4875 1157
4880 1122
4885 1125
4890 1157
4895 1186
4900 1127
4905 1128
4910 1129
4915 1173
4920 1192
4925 1102
4930 1104
4935 1108
4940 1196
4945 1279
4950 1109
4955 1114
4960 1225
4965 1238
4970 1154
4975 1244
4980 1150
4985 1150
4990 1150
4995 1151
5000 1152
5005 1154
5010 1192
5015 1157
5020 1190
5025 1161
5030 1204
5035 1133
5040 1132
5045 1307
5050 1136
5055 1156
5060 1140
5065 1137
5070 1141
5075 1145
5080 1143
5085 1143
5090 1232
5095 1184
5100 1197
5105 1181
5110 1180
5115 1225
5120 1283
5125 1187
5130 1154
5135 1321
5140 1601
5145 1403
5150 1509
5155 1445
5160 1195
5165 1192
5170 1231
5175 1195
5180 1302
5185 1230
5190 1232
5195 1237
5200 1290
5205 1238
5210 1238
5215 1236
5220 1272
5225 1214
5230 1210
5235 1350
5240 1217
5245 1211
5250 1252
5255 1213
5260 1360
5265 1184
5270 1188
5275 1190
5280 1197
5285 1362
5290 1230
5295 1228
5300 1228
5305 1269
5310 1227
5315 1240
5320 1202
5325 1280
5330 1237
5335 1321
5340 1208
5345 1290
5350 1209
5355 1212
5360 1214
5365 1257
5370 1250
5375 1217
5380 1490
5385 1304
5390 1219
5395 1222
5400 1299
5405 1224
5410 1226
5415 1264
5420 1267
5425 1262
5430 1376
5435 1261
5440 1270
5445 1265
5450 1350
5455 1237
5460 1238
5465 1240
5470 1350
5475 1323
5480 1241
5485 1297
5490 1290
5495 1246
5500 1247
5505 1287
5510 1311
5515 1249
5520 1253
5525 1257
5530 1434
5535 1257
5540 1257
5545 1260
5550 1337
5555 1261
5560 1325
5565 1290
5570 1298
5575 1299
5580 1301
5585 1301
5590 1380
5595 1304
5600 1307
5605 1295
5610 1443
5615 1276
5620 1277
5625 1278
5630 1360
5635 1281
5640 1282
5645 1444
5650 1284
5655 1285
5660 1286
5665 1291
5670 1411
5675 1326
5680 1327
5685 1301
5690 1436
5695 1296
5700 1359
5705 1375
5710 1502
5715 1333
5720 1343
5725 1342
5730 1338
5735 1340
5740 1344
5745 1391
5750 1334
5755 1312
5760 1315
5765 1435
5770 1315
5775 1314
5780 1316
5785 1372
5790 1318
5795 1413
5800 1475
5805 1321
5810 1324
5815 1324
5820 1428
5825 1325
5830 1330
5835 1333
5840 1421
5845 1333
5850 1375
5855 1368
5860 1433
5865 1400
5870 1377
5875 1340
5880 1341
5885 1343
5890 1453
5895 1486
5900 1345
5905 1387
5910 1349
5915 1474
5920 1358
5925 1377
5930 1389
5935 1431
5940 1430
5945 1393
5950 1397
5955 1395
5960 1401
5965 1364
5970 1462
5975 1365
5980 1400
5985 1367
5990 1490
5995 1369
6000 1371
6005 1469
6010 1431
6015 1374
6020 1476
6025 1467
6030 1509
6035 1381
6040 1421
6045 1511
6050 1384
6055 1451
6060 1873
6065 1705
6070 1666
6075 1558
6080 1429
6085 1474
6090 1450
6095 1481
6100 1470
6105 1477
6110 1480
6115 1474
6120 1478
6125 1483
6130 1535
6135 1479
6140 1444
6145 1495
6150 1446
6155 1447
6160 1443
6165 1490
6170 1415
6175 1415
6180 1628
6185 1488
6190 1455
6195 1458
6200 1589
6205 1461
6210 1462
6215 1500
6220 1464
6225 1556
6230 1465
6235 1475
6240 1469
6245 1476
6250 1521
6255 1470
6260 1457
6265 1441
6270 1601
6275 1440
6280 1442
6285 1516
6290 1441
6295 1484
6300 1604
6305 1524
6310 1449
6315 1451
6320 1526
6325 1452
6330 1555
6335 1458
6340 1626
6345 1459
6350 1528
6355 1534
6360 1500
6365 1501
6370 1505
6375 1503
6380 1505
6385 1509
6390 1607
6395 1475
6400 1472
6405 1479
6410 1575
6415 1516
6420 1476
6425 1539
6430 1479
6435 1483
6440 1485
6445 1745
6450 1486
6455 1485
6460 1597
6465 1644
6470 1489
6475 1635
6480 1494
6485 1546
6490 1535
6495 1534
6500 1576
6505 1535
6510 1539
6515 1534
6520 1501
6525 1597
6530 1508
6535 1506
6540 1505
6545 1737
6550 1508
6555 1512
6560 1596
6565 1510
6570 1705
6575 1514
6580 1515
6585 1518
6590 1562
6595 1581
6600 1593
6605 1522
6610 1697
6615 1602
6620 1675
6625 1603
6630 1530
6635 1528
6640 1578
6645 1572
6650 1573
6655 1575
6660 1617
6665 1585
6670 1573
6675 1663
6680 1539
6685 1547
6690 1631
6695 1545
6700 1549
6705 1612
6710 1552
6715 1551
6720 1636
6725 1670
6730 1555
6735 1555
6740 1721
6745 1558
6750 1559
6755 1671
6760 1701
6765 1563
6770 1563
6775 1565
6780 1641
6785 1646
6790 1668
6795 1616
6800 1611
6805 1703
6810 1613
6815 1647
6820 1683
6825 1618
6830 1620
6835 1627
6840 1690
6845 1623
6850 2100
6855 1794
6860 2205
6865 1815
6870 1635
6875 1666
6880 1675
6885 1636
6890 1639
6895 1635
6900 1638
6905 1639
6910 1683
6915 1639
6920 1647
6925 1702
6930 1646
6935 1644
6940 1709
6945 1716
6950 1608
6955 1614
6960 1615
6965 1611
6970 1612
6975 1707
6980 1615
6985 1620
6990 1769
6995 1700
7000 1700
7005 1739
7010 1626
7015 1690
7020 1626
7025 1626
7030 1628
7035 1705
7040 1632
7045 1676
7050 1810
7055 1636
7060 1636
7065 1923
7070 1785
7075 1641
7080 1676
7085 1685
7090 1686
7095 1689
7100 1729
7105 1691
7110 1744
7115 1719
7120 1733
7125 1736
7130 1654
7135 1702
7140 1679
7145 1657
7150 1661
7155 1661
7160 1858
7165 1663
7170 1668
7175 1809
7180 1666
7185 1672
7190 1714
7195 1748
7200 1672
7205 1750
7210 1754
7215 1673
7220 1718
7225 1759
7230 1681
7235 1823
7240 1681
7245 1840
7250 1831
7255 1731
7260 1734
7265 1732
7270 1733
7275 1735
7280 1799
7285 1695
7290 1697
7295 1861
7300 1737
7305 1738
7310 1700
7315 1701
7320 1804
7325 1703
7330 1853
7335 1744
7340 1706
7345 1821
7350 1978
7355 1709
7360 1730
7365 1762
7370 1758
7375 1759
7380 1804
7385 1803
7390 1751
7395 1918
7400 1721
7405 1723
7410 1849
7415 1799
7420 2183
7425 1817
7430 1809
7435 1769
7440 1730
7445 1793
7450 1914
7455 1818
7460 1780
7465 1833
7470 1784
7475 1788
7480 1792
7485 1787
7490 1866
7495 1797
7500 1788
7505 1748
7510 1871
7515 1748
7520 1814
7525 1872
7530 1793
7535 1755
7540 1875
7545 1890
7550 2163
7555 2411
7560 2129
7565 1889
7570 1813
7575 1887
7580 1902
7585 1815
7590 1861
7595 1815
7600 1819
7605 1896
7610 1895
7615 1821
7620 2012
7625 1827
7630 1999
7635 1954
7640 1828
7645 1867
7650 1876
7655 1834
7660 1838
7665 1835
7670 1835
7675 1920
7680 1839
7685 1842
7690 1928
7695 1843
7700 1887
7705 1825
7710 1807
7715 1810
7720 1802
7725 1810
7730 1892
7735 1885
7740 1924
7745 1983
7750 1809
7755 1835
7760 1901
7765 1856
7770 2058
7775 2128
7780 1920
7785 1930
7790 1915
7795 1923
7800 1969
7805 1926
7810 1915
7815 1872
7820 1881
7825 2050
7830 1885
7835 1828
7840 1939
7845 1830
7850 1837
7855 1967
7860 1836
7865 1960
7870 1918
7875 1841
7880 1908
7885 1843
7890 1843
7895 1962
7900 1845
7905 1855
7910 1971
7915 1851
7920 1951
7925 1974
7930 1853
7935 1934
7940 1855
7945 1856
7950 1938
7955 1900
7960 1864
7965 1966
7970 1862
7975 1973
7980 1865
7985 1868
7990 1874
7995 1938
8000 1997
8005 1954
8010 1872
8015 1896
8020 1970
8025 1998
8030 1954
8035 1907
8040 1931
8045 2046
8050 1933
8055 1982
8060 1975
8065 1887
8070 2071
8075 1887
8080 1969
8085 2010
8090 1890
8095 1892
8100 1893
8105 1897
8110 1977
8115 1898
8120 1992
8125 2075
8130 1903
8135 2056
8140 1905
8145 1994
8150 1983
8155 1907
8160 2231
8165 2042
8170 2006
8175 2074
8180 1964
8185 2010
8190 2557
8195 2451
8200 2446
8205 2011
8210 2034
8215 2028
8220 2038
8225 2069
8230 2016
8235 2038
8240 2030
8245 1985
8250 1994
8255 1986
8260 2037
8265 1985
8270 1989
8275 2128
8280 1955
8285 1944
8290 2024
8295 1947
8300 2076
8305 1947
8310 1950
8315 2099
8320 2102
8325 1977
8330 1997
8335 1956
8340 2037
8345 1958
8350 1963
8355 1958
8360 1962
8365 2045
8370 2086
8375 2048
8380 2112
8385 2104
8390 2092
8395 2016
8400 2031
8405 2070
8410 2027
8415 2119
8420 2068
8425 2114
8430 2161
8435 1980
8440 2092
8445 2035
8450 2036
8455 2048
8460 2041
8465 2086
8470 2029
8475 1993
8480 2103
8485 1995
8490 2042
8495 2005
8500 1997
8505 2006
8510 2119
8515 2080
8520 2043
8525 2012
8530 2186
8535 2015
8540 2007
8545 2095
8550 2009
8555 2017
8560 2019
8565 2092
8570 2216
8575 2018
8580 2168
8585 2084
8590 2178
8595 2164
8600 2155
8605 2077
8610 2082
8615 2106
8620 2065
8625 2108
8630 2130
8635 2032
8640 2061
8645 2089
8650 2075
8655 2095
8660 2041
8665 2040
8670 2122
8675 2088
8680 2214
8685 2045
8690 2067
8695 2048
8700 2049
8705 2059
8710 2056
8715 2055
8720 2111
8725 2196
8730 2223
8735 2066
8740 2141
8745 2061
8750 2198
8755 2323
8760 2067
8765 2231
8770 2112
8775 2268
8780 2701
8785 2270
8790 2174
8795 2196
8800 2187
8805 2188
8810 2192
8815 2187
8820 2140
8825 2267
8830 2135
8835 2143
8840 2113
8845 2205
8850 2169
8855 2105
8860 2177
8865 2093
8870 2269
8875 2136
8880 2096
8885 2218
8890 2101
8895 2100
8900 2138
8905 2101
8910 2189
8915 2108
8920 2275
8925 2106
8930 2110
8935 2272
8940 2224
8945 2121
8950 2114
8955 2231
8960 2115
8965 2119
8970 2269
8975 2122
8980 2201
8985 2123
8990 2217
8995 2128
9000 2203
9005 2207
9010 2131
9015 2342
9020 2132
9025 2304
9030 2240
9035 2135
9040 2145
9045 2138
9050 2222
9055 2283
9060 2143
9065 2239
9070 2185
9075 2227
9080 2147
9085 2436
9090 2558
9095 2287
9100 2329
9105 2279
9110 2286
9115 2279
9120 2288
9125 2292
9130 2218
9135 2221
9140 2228
9145 2339
9150 2261
9155 2351
9160 2269
9165 2309
9170 2268
9175 2232
9180 2229
9185 2231
9190 2282
9195 2176
9200 2271
9205 2179
9210 2409
9215 2181
9220 2191
9225 2185
9230 2193
9235 2273
9240 2191
9245 2192
9250 2310
9255 2195
9260 2299
9265 2203
9270 2204
9275 2271
9280 2281
9285 2200
9290 2318
9295 2372
9300 2249
9305 2351
9310 2362
9315 2318
9320 2318
9325 2644
9330 2748
9335 2875
9340 2273
9345 2317
9350 2273
9355 2275
9360 2279
9365 2368
9370 2360
9375 2284
9380 2378
9385 2289
9390 2320
9395 2287
9400 2379
9405 2245
9410 2231
9415 2314
9420 2233
9425 2440
9430 2239
9435 2426
9440 2244
9445 2246
9450 2242
9455 2328
9460 2324
9465 2251
9470 2363
9475 2329
9480 2307
9485 2251
9490 2254
9495 2266
9500 2341
9505 2357
9510 2299
9515 2430
9520 2441
9525 2385
9530 2398
9535 2326
9540 2366
9545 2404
9550 2401
9555 2347
9560 2401
9565 2273
9570 2358
9575 2272
9580 2279
9585 2356
9590 2285
9595 2465
9600 2437
9605 2389
9610 2312
9615 2398
9620 2345
9625 2402
9630 2350
9635 2481
9640 2293
9645 2295
9650 2438
9655 2301
9660 2423
9665 2299
9670 2340
9675 2396
9680 2538
9685 2385
9690 2396
9695 2451
9700 2367
9705 2444
9710 2368
9715 2400
9720 2308
9725 2399
9730 2406
9735 2662
9740 2496
9745 2425
9750 2467
9755 2387
9760 2439
9765 2429
9770 2388
9775 2385
9780 2493
9785 2337
9790 2417
9795 2332
9800 2414
9805 2333
9810 2417
9815 2502
9820 2496
9825 2337
9830 2465
9835 2502
9840 2671
9845 3016
9850 2661
9855 2412
9860 2537
9865 2416
9870 2590
9875 2419
9880 2506
9885 2424
9890 2425
9895 2472
9900 2469
9905 2622
9910 2475
9915 2476
9920 2513
9925 2428
9930 2485
9935 2466
9940 2376
9945 2534
9950 2393
9955 2519
9960 2439
9965 2521
9970 2446
9975 2453
9980 2418
9985 2459
9990 2534
9995 2383
10000 2501
