5 0
10 0
15 1
20 1
25 2
30 2
35 3
40 4
45 4
50 5
55 5
60 6
65 6
70 7
75 8
80 9
85 9
90 10
95 11
100 11
105 12
110 13
115 14
120 14
125 15
130 16
135 16
140 17
145 18
150 18
155 19
160 20
165 21
170 22
175 23
180 24
185 24
190 25
195 26
200 27
205 28
210 28
215 29
220 30
225 31
230 32
235 33
240 33
245 34
250 55
255 37
260 37
265 37
270 37
275 38
280 39
285 40
290 41
295 42
300 43
305 44
310 45
315 46
320 46
325 48
330 49
335 50
340 70
345 73
350 70
355 53
360 54
365 55
370 56
375 56
380 58
385 59
390 60
395 61
400 62
405 62
410 63
415 64
420 65
425 66
430 67
435 68
440 69
445 70
450 72
455 72
460 74
465 74
470 75
475 76
480 77
485 78
490 80
495 81
500 81
505 82
510 83
515 84
520 84
525 86
530 87
535 87
540 88
545 89
550 90
555 91
560 93
565 93
570 94
575 136
580 145
585 150
590 98
595 99
600 100
605 101
610 103
615 104
620 105
625 106
630 107
635 108
640 109
645 110
650 111
655 112
660 113
665 114
670 115
675 116
680 117
685 192
690 119
695 119
700 121
705 125
710 122
715 124
720 125
725 126
730 127
735 129
740 129
745 131
750 131
755 132
760 133
765 194
770 198
775 173
780 143
785 144
790 144
795 146
800 146
805 147
810 148
815 149
820 153
825 152
830 152
835 153
840 154
845 155
850 156
855 158
860 159
865 160
870 160
875 162
880 164
885 164
890 165
895 186
900 185
905 169
910 169
915 172
920 172
925 172
930 175
935 175
940 176
945 178
950 179
955 179
960 181
965 182
970 182
975 185
980 185
985 186
990 187
995 188
1000 189
1005 191
1010 191
1015 192
1020 193
1025 195
1030 196
1035 197
1040 197
1045 199
1050 210
1055 195
1060 197
1065 199
1070 200
1075 201
1080 202
1085 202
1090 204
1095 205
1100 265
1105 206
1110 207
1115 209
1120 209
1125 211
1130 212
1135 214
1140 215
1145 216
1150 217
1155 219
1160 294
1165 220
1170 221
1175 242
1180 407
1185 227
1190 227
1195 226
1200 229
1205 230
1210 231
1215 230
1220 232
1225 232
1230 235
1235 236
1240 237
1245 238
1250 239
1255 240
1260 241
1265 242
1270 243
1275 244
1280 245
1285 246
1290 248
1295 248
1300 249
1305 251
1310 293
1315 294
1320 254
1325 255
1330 255
1335 257
1340 258
1345 259
1350 260
1355 261
1360 262
1365 264
1370 308
1375 266
1380 267
1385 267
1390 269
1395 270
1400 271
1405 273
1410 374
1415 282
1420 283
1425 285
1430 286
1435 286
1440 287
1445 289
1450 290
1455 292
1460 292
1465 293
1470 296
1475 297
1480 298
1485 300
1490 299
1495 338
1500 302
1505 303
1510 306
1515 306
1520 306
1525 309
1530 312
1535 350
1540 468
1545 333
1550 422
1555 363
1560 310
1565 312
1570 312
1575 312
1580 389
1585 324
1590 323
1595 324
1600 325
1605 364
1610 364
1615 329
1620 331
1625 331
1630 333
1635 334
1640 389
1645 337
1650 337
1655 338
1660 417
1665 340
1670 340
1675 343
1680 343
1685 346
1690 349
1695 347
1700 347
1705 347
1710 352
1715 389
1720 352
1725 353
1730 356
1735 355
1740 357
1745 358
1750 360
1755 361
1760 362
1765 421
1770 401
1775 365
1780 367
1785 403
1790 369
1795 370
1800 370
1805 372
1810 373
1815 377
1820 376
1825 377
1830 440
1835 436
1840 382
1845 382
1850 382
1855 385
1860 385
1865 386
1870 387
1875 389
1880 389
1885 443
1890 393
1895 394
1900 395
1905 433
1910 397
1915 442
1920 399
1925 400
1930 401
1935 403
1940 404
1945 442
1950 407
1955 408
1960 409
1965 420
1970 400
1975 402
1980 402
1985 444
1990 421
1995 407
2000 407
2005 409
2010 409
2015 410
2020 529
2025 414
2030 415
2035 508
2040 496
2045 418
2050 458
2055 464
2060 546
2065 580
2070 487
2075 492
2080 449
2085 458
2090 455
2095 486
2100 458
2105 466
2110 466
2115 468
2120 476
2125 463
2130 468
2135 467
2140 472
2145 474
2150 477
2155 472
2160 475
2165 480
2170 482
2175 498
2180 493
2185 493
2190 648
2195 525
2200 505
2205 492
2210 487
2215 487
2220 501
2225 510
2230 531
2235 490
2240 489
2245 489
2250 491
2255 491
2260 493
2265 500
2270 496
2275 496
2280 511
2285 502
2290 528
2295 501
2300 503
2305 503
2310 503
2315 505
2320 505
2325 508
2330 509
2335 509
2340 512
2345 517
2350 513
2355 516
2360 526
2365 519
2370 519
2375 520
2380 553
2385 523
2390 522
2395 524
2400 526
2405 528
2410 528
2415 530
2420 531
2425 532
2430 532
2435 536
2440 560
2445 537
2450 550
2455 525
2460 527
2465 528
2470 528
2475 662
2480 533
2485 534
2490 534
2495 535
2500 537
2505 538
2510 540
2515 540
2520 540
2525 645
2530 575
2535 585
2540 582
2545 606
2550 582
2555 582
2560 587
2565 619
2570 572
2575 575
2580 579
2585 582
2590 582
2595 580
2600 581
2605 617
2610 653
2615 614
2620 616
2625 585
2630 588
2635 591
2640 591
2645 621
2650 638
2655 590
2660 591
2665 591
2670 592
2675 594
2680 595
2685 599
2690 598
2695 599
2700 605
2705 674
2710 588
2715 589
2720 589
2725 591
2730 592
2735 623
2740 594
2745 596
2750 599
2755 599
2760 599
2765 601
2770 602
2775 603
2780 654
2785 592
2790 671
2795 591
2800 593
2805 596
2810 596
2815 596
2820 679
2825 639
2830 600
2835 602
2840 602
2845 603
2850 605
2855 605
2860 606
2865 608
2870 670
2875 690
2880 612
2885 613
2890 613
2895 614
2900 655
2905 695
2910 619
2915 621
2920 728
2925 678
2930 639
2935 681
2940 704
2945 644
2950 643
2955 686
2960 647
2965 649
2970 654
2975 655
2980 714
2985 681
2990 654
2995 655
3000 657
3005 694
3010 659
3015 663
3020 662
3025 664
3030 710
3035 665
3040 668
3045 671
3050 671
3055 674
3060 673
3065 676
3070 675
3075 677
3080 677
3085 659
3090 664
3095 664
3100 783
3105 854
3110 896
3115 918
3120 1012
3125 937
3130 885
3135 674
3140 734
3145 713
3150 695
3155 736
3160 790
3165 702
3170 785
3175 700
3180 702
3185 704
3190 705
3195 705
3200 708
3205 707
3210 708
3215 749
3220 713
3225 712
3230 714
3235 716
3240 720
3245 755
3250 760
3255 719
3260 726
3265 723
3270 779
3275 723
3280 726
3285 807
3290 728
3295 730
3300 732
3305 731
3310 847
3315 788
3320 736
3325 737
3330 739
3335 751
3340 751
3345 763
3350 723
3355 725
3360 727
3365 728
3370 729
3375 731
3380 813
3385 734
3390 734
3395 735
3400 736
3405 901
3410 739
3415 739
3420 741
3425 742
3430 815
3435 781
3440 746
3445 746
3450 826
3455 748
3460 750
3465 877
3470 887
3475 1050
3480 802
3485 804
3490 798
3495 799
3500 799
3505 803
3510 808
3515 804
3520 807
3525 810
3530 808
3535 831
3540 811
3545 814
3550 814
3555 816
3560 816
3565 818
3570 820
3575 827
3580 838
3585 841
3590 801
3595 807
3600 803
3605 804
3610 806
3615 859
3620 811
3625 811
3630 814
3635 816
3640 893
3645 852
3650 949
3655 816
3660 914
3665 821
3670 820
3675 824
3680 823
3685 825
3690 825
3695 828
3700 889
3705 831
3710 832
3715 834
3720 834
3725 835
3730 872
3735 835
3740 839
3745 839
3750 840
3755 841
3760 847
3765 845
3770 846
3775 849
3780 882
3785 865
3790 850
3795 850
3800 853
3805 852
3810 867
3815 834
3820 948
3825 837
3830 837
3835 838
3840 845
3845 841
3850 843
3855 843
3860 922
3865 868
3870 921
3875 848
3880 971
3885 851
3890 929
3895 857
3900 1040
3905 856
3910 858
3915 859
3920 860
3925 898
3930 905
3935 928
3940 929
3945 888
3950 889
3955 893
3960 892
3965 897
3970 894
3975 907
3980 875
3985 874
3990 877
3995 959
4000 878
4005 880
4010 884
4015 964
4020 959
4025 885
4030 887
4035 886
4040 888
4045 1019
4050 913
4055 1000
4060 894
4065 893
4070 900
4075 971
4080 899
4085 900
4090 899
4095 939
4100 902
4105 905
4110 985
4115 906
4120 908
4125 970
4130 982
4135 938
4140 938
4145 913
4150 914
4155 957
4160 917
4165 1001
4170 920
4175 1019
4180 920
4185 998
4190 925
4195 926
4200 927
4205 928
4210 930
4215 1002
4220 1012
4225 937
4230 935
4235 937
4240 1079
4245 938
4250 936
4255 940
4260 1033
4265 942
4270 1024
4275 945
4280 1021
4285 947
4290 950
4295 949
4300 951
4305 951
4310 953
4315 994
4320 956
4325 1116
4330 1037
4335 959
4340 961
4345 1096
4350 964
4355 965
4360 966
4365 967
4370 969
4375 988
4380 1039
4385 1000
4390 1003
4395 973
4400 974
4405 978
4410 978
4415 978
4420 1020
4425 981
4430 1063
4435 1148
4440 985
4445 1027
4450 1071
4455 989
4460 990
4465 990
4470 994
4475 992
4480 1166
4485 1021
4490 1023
4495 1024
4500 1025
4505 1254
4510 1259
4515 1165
4520 1274
4525 1128
4530 1067
4535 1063
4540 1066
4545 1097
4550 1069
4555 1067
4560 1069
4565 1068
4570 1073
4575 1087
4580 1045
4585 1047
4590 1046
4595 1048
4600 1092
4605 1052
4610 1091
4615 1054
4620 1058
4625 1059
4630 1095
4635 1059
4640 1207
4645 1063
4650 1065
4655 1070
4660 1114
4665 1068
4670 1163
4675 1068
4680 1073
4685 1080
4690 1074
4695 1079
4700 1074
4705 1082
4710 1129
4715 1052
4720 1117
4725 1055
4730 1060
4735 1221
4740 1057
4745 1059
4750 1060
4755 1063
4760 1063
4765 1142
4770 1063
4775 1183
4780 1070
4785 1069
4790 1070
4795 1071
4800 1074
4805 1075
4810 1074
4815 1201
4820 1078
4825 1082
4830 1245
4835 1111
4840 1116
4845 1163
4850 1086
4855 1087
4860 1172
4865 1088
4870 1091
4875 1095
4880 1093
4885 1095
4890 1203
4895 1176
4900 1178
4905 1201
4910 1161
4915 1106
4920 1351
4925 1192
4930 1134
4935 1137
4940 1140
4945 1217
4950 1186
4955 1138
4960 1181
4965 1142
4970 1144
4975 1144
4980 1221
4985 1184
4990 1148
4995 1197
5000 1152
5005 1164
5010 1252
5015 1127
5020 1188
5025 1128
5030 1151
5035 1206
5040 1243
5045 1164
5050 1162
5055 1165
5060 1171
5065 1168
5070 1169
5075 1170
5080 1174
5085 1173
5090 1213
5095 1165
5100 1298
5105 1148
5110 1149
5115 1247
5120 1187
5125 1263
5130 1192
5135 1241
5140 1188
5145 1188
5150 1189
5155 1191
5160 1191
5165 1194
5170 1266
5175 1245
5180 1340
5185 1212
5190 1245
5195 1168
5200 1172
5205 1174
5210 1245
5215 1206
5220 1210
5225 1209
5230 1209
5235 1210
5240 1257
5245 1213
5250 1306
5255 1202
5260 1187
5265 1185
5270 1307
5275 1189
5280 1380
5285 1192
5290 1234
5295 1268
5300 1227
5305 1229
5310 1229
5315 1229
5320 1237
5325 1234
5330 1219
5335 1281
5340 1206
5345 1424
5350 1454
5355 1207
5360 1210
5365 1239
5370 1245
5375 1376
5380 1250
5385 1289
5390 1250
5395 1251
5400 1252
5405 1285
5410 1223
5415 1244
5420 1282
5425 1226
5430 1395
5435 1364
5440 1262
5445 1303
5450 1264
5455 1265
5460 1285
5465 1270
5470 1398
5475 1274
5480 1306
5485 1242
5490 1242
5495 1243
5500 1349
5505 1247
5510 1295
5515 1333
5520 1250
5525 1252
5530 1253
5535 1254
5540 1645
5545 1828
5550 1484
5555 1333
5560 1334
5565 1295
5570 1337
5575 1387
5580 1298
5585 1306
5590 1430
5595 1302
5600 1303
5605 1305
5610 1305
5615 1348
5620 1317
5625 1307
5630 1277
5635 1374
5640 1280
5645 1281
5650 1342
5655 1340
5660 1361
5665 1451
5670 1291
5675 1291
5680 1391
5685 1293
5690 1373
5695 1291
5700 1294
5705 1295
5710 1337
5715 1297
5720 1305
5725 1301
5730 1365
5735 1304
5740 1303
5745 1444
5750 1384
5755 1309
5760 1308
5765 1388
5770 1415
5775 1315
5780 1318
5785 1316
5790 1397
5795 1317
5800 1398
5805 1361
5810 1353
5815 1324
5820 1410
5825 1326
5830 1325
5835 1328
5840 1330
5845 1500
5850 1368
5855 1375
5860 1385
5865 1370
5870 1376
5875 1373
5880 1356
5885 1420
5890 1341
5895 1467
5900 1482
5905 1523
5910 1365
5915 1386
5920 1470
5925 1444
5930 1426
5935 1388
5940 1389
5945 1398
5950 1359
5955 1511
5960 1360
5965 1365
5970 1490
5975 1367
5980 1363
5985 1364
5990 1367
5995 1490
6000 1371
6005 1375
6010 1373
6015 1372
6020 1374
6025 1457
6030 1454
6035 1378
6040 1422
6045 1478
6050 1383
6055 1381
6060 1386
6065 1404
6070 1822
6075 1444
6080 1389
6085 1435
6090 1466
6095 1429
6100 1488
6105 1433
6110 1436
6115 1534
6120 1435
6125 1438
6130 1439
6135 1489
6140 1484
6145 1447
6150 1447
6155 1486
6160 1408
6165 1410
6170 1504
6175 1494
6180 1414
6185 1662
6190 1416
6195 1494
6200 1422
6205 1419
6210 1811
6215 1449
6220 1462
6225 1462
6230 1463
6235 1467
6240 1464
6245 1474
6250 1535
6255 1573
6260 1435
6265 1436
6270 1477
6275 1454
6280 1566
6285 1476
6290 1524
6295 1481
6300 1482
6305 1561
6310 1492
6315 1476
6320 1450
6325 1566
6330 1451
6335 1452
6340 1454
6345 1582
6350 1455
6355 1458
6360 1459
6365 1461
6370 1498
6375 1540
6380 1506
6385 1465
6390 1470
6395 1554
6400 1572
6405 1975
6410 1628
6415 1585
6420 1567
6425 1575
6430 1555
6435 1556
6440 1561
6445 1561
6450 1562
6455 1562
6460 1580
6465 1573
6470 1573
6475 1526
6480 1574
6485 1632
6490 1533
6495 1528
6500 1532
6505 1528
6510 1497
6515 1640
6520 1500
6525 1714
6530 1566
6535 1548
6540 1543
6545 1579
6550 1544
6555 1549
6560 1548
6565 1595
6570 1510
6575 1583
6580 1638
6585 1513
6590 1560
6595 1631
6600 1558
6605 1559
6610 1561
6615 1601
6620 1647
6625 1580
6630 1525
6635 1524
6640 1526
6645 1602
6650 1530
6655 1534
6660 1667
6665 1535
6670 1535
6675 1536
6680 1640
6685 1625
6690 1551
6695 1541
6700 1543
6705 1553
6710 1744
6715 1632
6720 1555
6725 1677
6730 1552
6735 1558
6740 1634
6745 1633
6750 1557
6755 1564
6760 1560
6765 1615
6770 1625
6775 1602
6780 1563
6785 1570
6790 1652
6795 1570
6800 1569
6805 1572
6810 1870
6815 1942
6820 1826
6825 1939
6830 1776
6835 1770
6840 1675
6845 1670
6850 1683
6855 1669
6860 1672
6865 1680
6870 1674
6875 1632
6880 1631
6885 1680
6890 1668
6895 1683
6900 1679
6905 1593
6910 1718
6915 1602
6920 1598
6925 1640
6930 1676
6935 1602
6940 1608
6945 1606
6950 1686
6955 1683
6960 1608
6965 1700
6970 1614
6975 1745
6980 1699
6985 1756
6990 1658
6995 1705
7000 1622
7005 1628
7010 1622
7015 1682
7020 1670
7025 1749
7030 1671
7035 1729
7040 1685
7045 1631
7050 1632
7055 1804
7060 1633
7065 1694
7070 1638
7075 1638
7080 1698
7085 1718
7090 1732
7095 1650
7100 1750
7105 1646
7110 1646
7115 1649
7120 1760
7125 1726
7130 1733
7135 1652
7140 1656
7145 1658
7150 1802
7155 2138
7160 1930
7165 1983
7170 1741
7175 1791
7180 1805
7185 1758
7190 1759
7195 1758
7200 1765
7205 1767
7210 1759
7215 1863
7220 1762
7225 1719
7230 1721
7235 1803
7240 1742
7245 1846
7250 1726
7255 1725
7260 1727
7265 1879
7270 1689
7275 1853
7280 1690
7285 1690
7290 1812
7295 1797
7300 1742
7305 2328
7310 1797
7315 1790
7320 1800
7325 1797
7330 1856
7335 1798
7340 1799
7345 1796
7350 1798
7355 1752
7360 1829
7365 1757
7370 1763
7375 2344
7380 1853
7385 1778
7390 1894
7395 1718
7400 1780
7405 1807
7410 1807
7415 1813
7420 1770
7425 1773
7430 1775
7435 1818
7440 1817
7445 1863
7450 1789
7455 1734
7460 1735
7465 1856
7470 1818
7475 1739
7480 1739
7485 1897
7490 1744
7495 1799
7500 1839
7505 1935
7510 1794
7515 1795
7520 1842
7525 1800
7530 1797
7535 1815
7540 1831
7545 1755
7550 1837
7555 1764
7560 1881
7565 1762
7570 1761
7575 1807
7580 1919
7585 1767
7590 1767
7595 1770
7600 1789
7605 1831
7610 1826
7615 1775
7620 1906
7625 1775
7630 1778
7635 1895
7640 1859
7645 1833
7650 1829
7655 1829
7660 1833
7665 1887
7670 1791
7675 1936
7680 1789
7685 1790
7690 1813
7695 1853
7700 1804
7705 1795
7710 1805
7715 1884
7720 1861
7725 1853
7730 1980
7735 1804
7740 1891
7745 1806
7750 1888
7755 1883
7760 1887
7765 1809
7770 1813
7775 1890
7780 1814
7785 1983
7790 1818
7795 1828
7800 1820
7805 1937
7810 1822
7815 1869
7820 1829
7825 2161
7830 2150
7835 2182
7840 2006
7845 1927
7850 1940
7855 1959
7860 1937
7865 1937
7870 1938
7875 1916
7880 1889
7885 2090
7890 1892
7895 1973
7900 1927
7905 1896
7910 1936
7915 1894
7920 1905
7925 1880
7930 1851
7935 1851
7940 1972
7945 1856
7950 2038
7955 1879
7960 1860
7965 1938
7970 1935
7975 1870
7980 1866
7985 1909
7990 1928
7995 1877
8000 2107
8005 1871
8010 1872
8015 1913
8020 1979
8025 1956
8030 1879
8035 1920
8040 1880
8045 1967
8050 1968
8055 2052
8060 1894
8065 1966
8070 1889
8075 1972
8080 1889
8085 1893
8090 1948
8095 1895
8100 1997
8105 1901
8110 2069
8115 1977
8120 1972
8125 2022
8130 1903
8135 1903
8140 1903
8145 2002
8150 2020
8155 1969
8160 2000
8165 1910
8170 1917
8175 1911
8180 1990
8185 1997
8190 1916
8195 1917
8200 1919
8205 1996
8210 1961
8215 2169
8220 1927
8225 1927
8230 2088
8235 1930
8240 1938
8245 2015
8250 1933
8255 1934
8260 2001
8265 1981
8270 2030
8275 2017
8280 1940
8285 2089
8290 1950
8295 1986
8300 1946
8305 2022
8310 2080
8315 1949
8320 2119
8325 2079
8330 1959
8335 2096
8340 1957
8345 1980
8350 2010
8355 2012
8360 2125
8365 2145
8370 2060
8375 2017
8380 2119
8385 2057
8390 2018
8395 2090
8400 1972
8405 1977
8410 2023
8415 1984
8420 2108
8425 1978
8430 1979
8435 1982
8440 2101
8445 2560
8450 2639
8455 2171
8460 2118
8465 2108
8470 2117
8475 2094
8480 2107
8485 2108
8490 2046
8495 2127
8500 2104
8505 2050
8510 2185
8515 2203
8520 2153
8525 2089
8530 2169
8535 2064
8540 2065
8545 2059
8550 2101
8555 2058
8560 2095
8565 2014
8570 2164
8575 2014
8580 2016
8585 2158
8590 2021
8595 2102
8600 2061
8605 2064
8610 2103
8615 2131
8620 2215
8625 2181
8630 2084
8635 2125
8640 2137
8645 2096
8650 2062
8655 2036
8660 2120
8665 2094
8670 2058
8675 2041
8680 2040
8685 2312
8690 2124
8695 2092
8700 2101
8705 2177
8710 2110
8715 2213
8720 2055
8725 2055
8730 2205
8735 2073
8740 2165
8745 2137
8750 2071
8755 2203
8760 2078
8765 2233
8770 2068
8775 2109
8780 2150
8785 2070
8790 2197
8795 2073
8800 2075
8805 2223
8810 2171
8815 2259
8820 2171
8825 2140
8830 2182
8835 2203
8840 2140
8845 2139
8850 2140
8855 2201
8860 2297
8865 2089
8870 2095
8875 2165
8880 2095
8885 2213
8890 2102
8895 2101
8900 2174
8905 2102
8910 2286
8915 2184
8920 2124
8925 2212
8930 2165
8935 2165
8940 2174
8945 2153
8950 2230
8955 2155
8960 2224
8965 2115
8970 2192
8975 2202
8980 2119
8985 2126
8990 2159
8995 2204
9000 2169
9005 2344
9010 2129
9015 2643
9020 2526
9025 2684
9030 2250
9035 2250
9040 2260
9045 2260
9050 2273
9055 2195
9060 2197
9065 2255
9070 2247
9075 2220
9080 2152
9085 2221
9090 2234
9095 2287
9100 2149
9105 2150
9110 2316
9115 2154
9120 2162
9125 2156
9130 2158
9135 2313
9140 2268
9145 2383
9150 2308
9155 2227
9160 2404
9165 2228
9170 2228
9175 2551
9180 2308
9185 2268
9190 2322
9195 2240
9200 2272
9205 2282
9210 2237
9215 2281
9220 2280
9225 2278
9230 2321
9235 2400
9240 2187
9245 2187
9250 2366
9255 2321
9260 2229
9265 2196
9270 2307
9275 2262
9280 2354
9285 2258
9290 2321
9295 2287
9300 2316
9305 2262
9310 2238
9315 2304
9320 2263
9325 2398
9330 2281
9335 2213
9340 2437
9345 2224
9350 2215
9355 2218
9360 2341
9365 2220
9370 2377
9375 2222
9380 2222
9385 2375
9390 2305
9395 2302
9400 2307
9405 2229
9410 2354
9415 2380
9420 2235
9425 2313
9430 2318
9435 2312
9440 2239
9445 2338
9450 2320
9455 2433
9460 2487
9465 2303
9470 2346
9475 2389
9480 2299
9485 2252
9490 2252
9495 2431
9500 2332
9505 2407
9510 2257
9515 2259
9520 2418
9525 2263
9530 2269
9535 2264
9540 2377
9545 2265
9550 2817
9555 2838
9560 2341
9565 2400
9570 2400
9575 2395
9580 2398
9585 2400
9590 2448
9595 2405
9600 2344
9605 2440
9610 2283
9615 2284
9620 2369
9625 2289
9630 2402
9635 2421
9640 2299
9645 2360
9650 2382
9655 2504
9660 2294
9665 2878
9670 2435
9675 2431
9680 2501
9685 2430
9690 2428
9695 2454
9700 2426
9705 2605
9710 2495
9715 2489
9720 2543
9725 2449
9730 2439
9735 2447
9740 2443
9745 2411
9750 2389
9755 2515
9760 2401
9765 2462
9770 2324
9775 2419
9780 2472
9785 2330
9790 2373
9795 2412
9800 2456
9805 2408
9810 2336
9815 2401
9820 2448
9825 2343
9830 2341
9835 2389
9840 2365
9845 2427
9850 2487
9855 2398
9860 2383
9865 2563
9870 2494
9875 2454
9880 2455
9885 2503
9890 2559
9895 2358
9900 2360
9905 2538
9910 2427
9915 2426
9920 2433
9925 2520
9930 2411
9935 2460
9940 2370
9945 2378
9950 2492
9955 2451
9960 2376
9965 2448
9970 2464
9975 2377
9980 2509
9985 2380
9990 2554
9995 2425
10000 2385
