5 0
10 1
15 2
20 2
25 3
30 4
35 4
40 5
45 6
50 7
55 8
60 9
65 10
70 11
75 11
80 13
85 14
90 15
95 15
100 17
105 18
110 18
115 19
120 21
125 22
130 23
135 24
140 25
145 27
150 27
155 29
160 29
165 31
170 33
175 34
180 35
185 36
190 37
195 43
200 40
205 40
210 41
215 43
220 76
225 58
230 52
235 53
240 52
245 54
250 60
255 63
260 63
265 61
270 65
275 66
280 64
285 64
290 67
295 70
300 67
305 111
310 79
315 73
320 78
325 79
330 108
335 73
340 102
345 76
350 81
355 101
360 79
365 79
370 78
375 80
380 81
385 82
390 83
395 85
400 95
405 87
410 89
415 89
420 119
425 97
430 97
435 97
440 97
445 127
450 104
455 103
460 103
465 104
470 148
475 114
480 129
485 124
490 116
495 120
500 117
505 132
510 127
515 132
520 232
525 149
530 148
535 131
540 156
545 131
550 129
555 130
560 135
565 132
570 134
575 134
580 135
585 137
590 138
595 140
600 142
605 143
610 144
615 145
620 146
625 148
630 150
635 149
640 182
645 155
650 155
655 156
660 157
665 161
670 159
675 168
680 166
685 165
690 166
695 167
700 169
705 171
710 172
715 175
720 176
725 177
730 178
735 181
740 182
745 183
750 184
755 186
760 187
765 189
770 192
775 193
780 195
785 197
790 196
795 197
800 199
805 209
810 194
815 199
820 197
825 199
830 199
835 201
840 212
845 205
850 205
855 206
860 210
865 214
870 211
875 206
880 206
885 209
890 214
895 329
900 206
905 208
910 208
915 210
920 219
925 228
930 232
935 226
940 227
945 227
950 228
955 232
960 229
965 231
970 234
975 235
980 236
985 236
990 239
995 243
1000 248
1005 245
1010 246
1015 251
1020 250
1025 250
1030 251
1035 268
1040 248
1045 250
1050 252
1055 293
1060 256
1065 253
1070 256
1075 256
1080 258
1085 260
1090 259
1095 260
1100 275
1105 255
1110 257
1115 258
1120 257
1125 260
1130 260
1135 261
1140 270
1145 256
1150 259
1155 272
1160 261
1165 274
1170 271
1175 257
1180 259
1185 260
1190 261
1195 261
1200 262
1205 263
1210 274
1215 258
1220 262
1225 262
1230 257
1235 257
1240 257
1245 262
1250 259
1255 260
1260 290
1265 264
1270 264
1275 266
1280 331
1285 262
1290 263
1295 264
1300 265
1305 266
1310 267
1315 295
1320 283
1325 271
1330 272
1335 273
1340 275
1345 274
1350 277
1355 277
1360 278
1365 279
1370 282
1375 282
1380 283
1385 285
1390 286
1395 288
1400 288
1405 288
1410 290
1415 291
1420 292
1425 298
1430 294
1435 296
1440 297
1445 300
1450 300
1455 301
1460 302
1465 303
1470 305
1475 307
1480 307
1485 308
1490 309
1495 310
1500 312
1505 312
1510 313
1515 342
1520 317
1525 319
1530 319
1535 320
1540 321
1545 322
1550 323
1555 324
1560 326
1565 327
1570 329
1575 329
1580 331
1585 391
1590 338
1595 337
1600 341
1605 336
1610 336
1615 350
1620 340
1625 341
1630 341
1635 344
1640 344
1645 345
1650 347
1655 349
1660 349
1665 350
1670 352
1675 352
1680 354
1685 355
1690 360
1695 360
1700 358
1705 360
1710 360
1715 362
1720 362
1725 365
1730 366
1735 367
1740 367
1745 390
1750 415
1755 393
1760 382
1765 378
1770 376
1775 377
1780 379
1785 379
1790 380
1795 381
1800 382
1805 383
1810 385
1815 385
1820 387
1825 390
1830 389
1835 391
1840 392
1845 393
1850 394
1855 398
1860 397
1865 400
1870 402
1875 401
1880 403
1885 402
1890 419
1895 405
1900 406
1905 408
1910 408
1915 409
1920 411
1925 412
1930 414
1935 414
1940 416
1945 417
1950 420
1955 420
1960 422
1965 422
1970 425
1975 439
1980 426
1985 430
1990 427
1995 429
2000 432
2005 483
2010 502
2015 468
2020 495
2025 481
2030 502
2035 483
2040 479
2045 477
2050 516
2055 444
2060 445
2065 447
2070 447
2075 448
2080 455
2085 496
2090 454
2095 457
2100 456
2105 504
2110 458
2115 467
2120 461
2125 461
2130 463
2135 464
2140 464
2145 466
2150 467
2155 469
2160 470
2165 471
2170 471
2175 472
2180 474
2185 474
2190 477
2195 478
2200 478
2205 468
2210 469
2215 470
2220 470
2225 502
2230 474
2235 474
2240 476
2245 478
2250 478
2255 481
2260 482
2265 482
2270 584
2275 487
2280 485
2285 487
2290 488
2295 490
2300 515
2305 494
2310 494
2315 518
2320 549
2325 496
2330 497
2335 499
2340 500
2345 501
2350 621
2355 575
2360 544
2365 544
2370 509
2375 606
2380 510
2385 512
2390 512
2395 605
2400 514
2405 515
2410 516
2415 518
2420 519
2425 520
2430 560
2435 522
2440 525
2445 524
2450 527
2455 527
2460 528
2465 529
2470 531
2475 531
2480 533
2485 538
2490 579
2495 537
2500 539
2505 539
2510 635
2515 542
2520 542
2525 543
2530 544
2535 546
2540 548
2545 549
2550 550
2555 551
2560 553
2565 555
2570 561
2575 542
2580 543
2585 620
2590 547
2595 548
2600 621
2605 550
2610 628
2615 550
2620 553
2625 551
2630 607
2635 818
2640 798
2645 793
2650 736
2655 775
2660 691
2665 595
2670 597
2675 594
2680 656
2685 582
2690 582
2695 584
2700 584
2705 586
2710 587
2715 628
2720 592
2725 613
2730 610
2735 611
2740 611
2745 612
2750 658
2755 615
2760 618
2765 617
2770 619
2775 620
2780 622
2785 623
2790 624
2795 624
2800 627
2805 650
2810 659
2815 612
2820 614
2825 616
2830 662
2835 619
2840 619
2845 685
2850 643
2855 622
2860 625
2865 625
2870 626
2875 627
2880 629
2885 630
2890 708
2895 673
2900 633
2905 672
2910 677
2915 638
2920 642
2925 641
2930 640
2935 642
2940 643
2945 644
2950 645
2955 650
2960 631
2965 632
2970 634
2975 634
2980 675
2985 638
2990 713
2995 641
3000 641
3005 752
3010 698
3015 645
3020 646
3025 647
3030 648
3035 648
3040 652
3045 652
3050 655
3055 656
3060 655
3065 656
3070 736
3075 659
3080 740
3085 758
3090 662
3095 665
3100 664
3105 666
3110 744
3115 670
3120 669
3125 671
3130 671
3135 672
3140 673
3145 755
3150 680
3155 677
3160 843
3165 756
3170 714
3175 700
3180 702
3185 701
3190 705
3195 705
3200 707
3205 707
3210 708
3215 712
3220 711
3225 715
3230 714
3235 725
3240 772
3245 698
3250 787
3255 700
3260 702
3265 703
3270 704
3275 706
3280 748
3285 727
3290 728
3295 714
3300 810
3305 714
3310 714
3315 715
3320 716
3325 718
3330 785
3335 743
3340 798
3345 722
3350 723
3355 744
3360 831
3365 728
3370 727
3375 729
3380 730
3385 731
3390 733
3395 735
3400 735
3405 794
3410 738
3415 739
3420 862
3425 846
3430 780
3435 765
3440 948
3445 942
3450 796
3455 792
3460 789
3465 791
3470 793
3475 794
3480 795
3485 795
3490 851
3495 802
3500 811
3505 802
3510 802
3515 803
3520 806
3525 807
3530 807
3535 809
3540 811
3545 816
3550 891
3555 792
3560 835
3565 930
3570 797
3575 799
3580 855
3585 800
3590 801
3595 802
3600 802
3605 810
3610 806
3615 859
3620 810
3625 811
3630 815
3635 818
3640 813
3645 815
3650 876
3655 816
3660 819
3665 820
3670 818
3675 803
3680 886
3685 802
3690 932
3695 805
3700 806
3705 807
3710 808
3715 810
3720 946
3725 812
3730 814
3735 814
3740 900
3745 817
3750 820
3755 819
3760 819
3765 821
3770 823
3775 823
3780 825
3785 826
3790 827
3795 869
3800 894
3805 833
3810 831
3815 975
3820 833
3825 836
3830 838
3835 838
3840 839
3845 840
3850 841
3855 843
3860 844
3865 924
3870 849
3875 850
3880 849
3885 850
3890 852
3895 852
3900 852
3905 878
3910 895
3915 858
3920 879
3925 996
3930 862
3935 1124
3940 865
3945 865
3950 881
3955 889
3960 892
3965 1212
3970 894
3975 899
3980 1039
3985 1170
3990 939
3995 1016
4000 1062
4005 1050
4010 1050
4015 906
4020 905
4025 912
4030 1033
4035 911
4040 965
4045 918
4050 981
4055 940
4060 940
4065 940
4070 943
4075 945
4080 960
4085 947
4090 948
4095 949
4100 962
4105 927
4110 929
4115 930
4120 929
4125 932
4130 1012
4135 936
4140 953
4145 937
4150 1045
4155 954
4160 915
4165 919
4170 919
4175 920
4180 988
4185 1228
4190 1149
4195 1095
4200 989
4205 985
4210 996
4215 990
4220 988
4225 990
4230 993
4235 987
4240 1000
4245 992
4250 1000
4255 991
4260 992
4265 994
4270 995
4275 994
4280 999
4285 1000
4290 999
4295 1003
4300 1004
4305 1004
4310 1004
4315 1006
4320 1009
4325 1034
4330 1011
4335 1009
4340 1013
4345 1020
4350 991
4355 1113
4360 992
4365 993
4370 993
4375 995
4380 996
4385 995
4390 997
4395 1075
4400 1003
4405 1003
4410 1003
4415 1006
4420 1005
4425 1006
4430 1048
4435 1009
4440 1023
4445 1141
4450 991
4455 1072
4460 990
4465 991
4470 1052
4475 993
4480 997
4485 1119
4490 1033
4495 1065
4500 1028
4505 1025
4510 1031
4515 1031
4520 1035
4525 1031
4530 1034
4535 1088
4540 1010
4545 1094
4550 1014
4555 1180
4560 1012
4565 1016
4570 1015
4575 1020
4580 1020
4585 1058
4590 1100
4595 1082
4600 1102
4605 1024
4610 1029
4615 1043
4620 1105
4625 1031
4630 1032
4635 1108
4640 1038
4645 1186
4650 1246
4655 1218
4660 1268
4665 1301
4670 1203
4675 1101
4680 1112
4685 1109
4690 1117
4695 1105
4700 1111
4705 1110
4710 1136
4715 1110
4720 1108
4725 1112
4730 1151
4735 1115
4740 1163
4745 1150
4750 1118
4755 1114
4760 1091
4765 1091
4770 1196
4775 1096
4780 1136
4785 1100
4790 1098
4795 1101
4800 1102
4805 1103
4810 1107
4815 1108
4820 1106
4825 1187
4830 1148
4835 1184
4840 1114
4845 1084
4850 1085
4855 1086
4860 1087
4865 1088
4870 1211
4875 1091
4880 1168
4885 1093
4890 1096
4895 1096
4900 1098
4905 1100
4910 1182
4915 1160
4920 1104
4925 1367
4930 1346
4935 1107
4940 1107
4945 1109
4950 1108
4955 1186
4960 1192
4965 1115
4970 1205
4975 1145
4980 1145
4985 1146
4990 1149
4995 1149
5000 1151
5005 1192
5010 1157
5015 1230
5020 1127
5025 1227
5030 1163
5035 1191
5040 1253
5045 1307
5050 1355
5055 1354
5060 1406
5065 1337
5070 1169
5075 1170
5080 1173
5085 1173
5090 1262
5095 1252
5100 1177
5105 1244
5110 1308
5115 1182
5120 1286
5125 1210
5130 1258
5135 1245
5140 1219
5145 1219
5150 1222
5155 1231
5160 1300
5165 1229
5170 1235
5175 1199
5180 1416
5185 1200
5190 1282
5195 1203
5200 1250
5205 1207
5210 1207
5215 1334
5220 1208
5225 1210
5230 1210
5235 1214
5240 1212
5245 1215
5250 1222
5255 1274
5260 1218
5265 1276
5270 1223
5275 1264
5280 1326
5285 1692
5290 1682
5295 1498
5300 1276
5305 1230
5310 1232
5315 1324
5320 1275
5325 1237
5330 1239
5335 1313
5340 1342
5345 1239
5350 1242
5355 1292
5360 1282
5365 1243
5370 1247
5375 1334
5380 1294
5385 1250
5390 1252
5395 1251
5400 1253
5405 1253
5410 1330
5415 1301
5420 1262
5425 1357
5430 1262
5435 1259
5440 1263
5445 1302
5450 1265
5455 1326
5460 1269
5465 1269
5470 1358
5475 1273
5480 1275
5485 1274
5490 1276
5495 1320
5500 1278
5505 1350
5510 1246
5515 1249
5520 1251
5525 1386
5530 1256
5535 1332
5540 1255
5545 1345
5550 1263
5555 1259
5560 1261
5565 1263
5570 1268
5575 1341
5580 1266
5585 1438
5590 1270
5595 1270
5600 1271
5605 1273
5610 1353
5615 1353
5620 1355
5625 1343
5630 1294
5635 1280
5640 1375
5645 1418
5650 1287
5655 1390
5660 1413
5665 1325
5670 1323
5675 1327
5680 1364
5685 1328
5690 1344
5695 1396
5700 1414
5705 1335
5710 1299
5715 1300
5720 1301
5725 1300
5730 1457
5735 1304
5740 1489
5745 1309
5750 1306
5755 1308
5760 1310
5765 1311
5770 1398
5775 1317
5780 1317
5785 1356
5790 1316
5795 1320
5800 1361
5805 1322
5810 1410
5815 1430
5820 1327
5825 1327
5830 1328
5835 1328
5840 1410
5845 1413
5850 1353
5855 1335
5860 1336
5865 1411
5870 1376
5875 1392
5880 1342
5885 1595
5890 1505
5895 1343
5900 1350
5905 1499
5910 1382
5915 1387
5920 1430
5925 1386
5930 1389
5935 1389
5940 1392
5945 1391
5950 1393
5955 1468
5960 1438
5965 1523
5970 1398
5975 1397
5980 1366
5985 1438
5990 1445
5995 1447
6000 1370
6005 1369
6010 1372
6015 1373
6020 1374
6025 1378
6030 1497
6035 1378
6040 1511
6045 1522
6050 1383
6055 1383
6060 1505
6065 1473
6070 1482
6075 1495
6080 1427
6085 1426
6090 1429
6095 1527
6100 1432
6105 1522
6110 1524
6115 1478
6120 1398
6125 1402
6130 1402
6135 1481
6140 1483
6145 1456
6150 1408
6155 1409
6160 1410
6165 1412
6170 1558
6175 1532
6180 1595
6185 1630
6190 1848
6195 1698
6200 1505
6205 1521
6210 1498
6215 1501
6220 1501
6225 1504
6230 1509
6235 1515
6240 1576
6245 1536
6250 1489
6255 1471
6260 1474
6265 1474
6270 1506
6275 1633
6280 1445
6285 1444
6290 1441
6295 1443
6300 1445
6305 1446
6310 1529
6315 1531
6320 1565
6325 1451
6330 1452
6335 1454
6340 1452
6345 1531
6350 1521
6355 1458
6360 1461
6365 1461
6370 1462
6375 1541
6380 1544
6385 1621
6390 1467
6395 1634
6400 1562
6405 1509
6410 1510
6415 1652
6420 1514
6425 1513
6430 1516
6435 1504
6440 1478
6445 1503
6450 1707
6455 1618
6460 1521
6465 1563
6470 1604
6475 1605
6480 1615
6485 1571
6490 1669
6495 1930
6500 1923
6505 1874
6510 2029
6515 1596
6520 1700
6525 1750
6530 1823
6535 1588
6540 1586
6545 1588
6550 1622
6555 1624
6560 1630
6565 1743
6570 1900
6575 1601
6580 1608
6585 1596
6590 1599
6595 1660
6600 1885
6605 1850
6610 1604
6615 1622
6620 1605
6625 1613
6630 1697
6635 1990
6640 1712
6645 1627
6650 1616
6655 1649
6660 1626
6665 1628
6670 1696
6675 1902
6680 1663
6685 1629
6690 1635
6695 1681
6700 1632
6705 1699
6710 1906
6715 1724
6720 1643
6725 1637
6730 1645
6735 1640
6740 1647
6745 1767
6750 1983
6755 2170
6760 1865
6765 1603
6770 1631
6775 1691
6780 1846
6785 1990
6790 1654
6795 1713
6800 1656
6805 1701
6810 1692
6815 1968
6820 1768
6825 1660
6830 1689
6835 1735
6840 1707
6845 1668
6850 1675
6855 1672
6860 1671
6865 1673
6870 1715
6875 1674
6880 1676
6885 1765
6890 1635
6895 1677
6900 1639
6905 1638
6910 1692
6915 1620
6920 2164
6925 2105
6930 1867
6935 1691
6940 1692
6945 1678
6950 1648
6955 1800
6960 1651
6965 1655
6970 1694
6975 1752
6980 1660
6985 1711
6990 1748
6995 1663
7000 1663
7005 1671
7010 1665
7015 1753
7020 1674
7025 1661
7030 1630
7035 1826
7040 1808
7045 1715
7050 1779
7055 1678
7060 1681
7065 1679
7070 1682
7075 1732
7080 1688
7085 1643
7090 1650
7095 1646
7100 1723
7105 1765
7110 1729
7115 1756
7120 1748
7125 1649
7130 1654
7135 1674
7140 1699
7145 1659
7150 1658
7155 1661
7160 1663
7165 1743
7170 1748
7175 1778
7180 1821
7185 1668
7190 1755
7195 1704
7200 1759
7205 1717
7210 1758
7215 1717
7220 1720
7225 1704
7230 1757
7235 2174
7240 1860
7245 1773
7250 1774
7255 1784
7260 1782
7265 1779
7270 1780
7275 1792
7280 1736
7285 1786
7290 1877
7295 1739
7300 1741
7305 1771
7310 1777
7315 1809
7320 1701
7325 1783
7330 1705
7335 1704
7340 1800
7345 1793
7350 1834
7355 1709
7360 1710
7365 1713
7370 1712
7375 1794
7380 1724
7385 1793
7390 1900
7395 1865
7400 1797
7405 1805
7410 1850
7415 1767
7420 1769
7425 1773
7430 1810
7435 1779
7440 1787
7445 1732
7450 1812
7455 1812
7460 1817
7465 1902
7470 1789
7475 1832
7480 1786
7485 1836
7490 1830
7495 1867
7500 1790
7505 1747
7510 1747
7515 1791
7520 1895
7525 1921
7530 1753
7535 1755
7540 1879
7545 1894
7550 1848
7555 1804
7560 1806
7565 1910
7570 1812
7575 1854
7580 1892
7585 1766
7590 1887
7595 1769
7600 1772
7605 1924
7610 1934
7615 2340
7620 2513
7625 1958
7630 1882
7635 1925
7640 1828
7645 1902
7650 1870
7655 1918
7660 1835
7665 1834
7670 1911
7675 1847
7680 1883
7685 1835
7690 1954
7695 1795
7700 1815
7705 2017
7710 1887
7715 1882
7720 1801
7725 1806
7730 1823
7735 1851
7740 1897
7745 1921
7750 1809
7755 1899
7760 1812
7765 1936
7770 1855
7775 1814
7780 1948
7785 1818
7790 1897
7795 1898
7800 1949
7805 2119
7810 1875
7815 1870
7820 1965
7825 1875
7830 2037
7835 1917
7840 1913
7845 1958
7850 2038
7855 2068
7860 2514
7865 2082
7870 2079
7875 1952
7880 1939
7885 1938
7890 1966
7895 1948
7900 1976
7905 1997
7910 1979
7915 1955
7920 1950
7925 1994
7930 1956
7935 1953
7940 1956
7945 1953
7950 1997
7955 2051
7960 1909
7965 1911
7970 2063
7975 1949
7980 1916
7985 1913
7990 2073
7995 1917
8000 1918
8005 1964
8010 2087
8015 1924
8020 1924
8025 1975
8030 2504
8035 1998
8040 1918
8045 1901
8050 2441
8055 1992
8060 2048
8065 2048
8070 1994
8075 2018
8080 2086
8085 2128
8090 2604
8095 1999
8100 1999
8105 2059
8110 2014
8115 2010
8120 1999
8125 2094
8130 2048
8135 2006
8140 2068
8145 2037
8150 2043
8155 2038
8160 2055
8165 2034
8170 2026
8175 2017
8180 2082
8185 2024
8190 2021
8195 2021
8200 2072
8205 2035
8210 2043
8215 2018
8220 2072
8225 2374
8230 2621
8235 2098
8240 2033
8245 2034
8250 2044
8255 2114
8260 2050
8265 2042
8270 2043
8275 2048
8280 2093
8285 2022
8290 1994
8295 2091
8300 2000
8305 2058
8310 2114
8315 1949
8320 1950
8325 2315
8330 2528
8335 2090
8340 2009
8345 2089
8350 2109
8355 2097
8360 2014
8365 2013
8370 2015
8375 2097
8380 2018
8385 2018
8390 2018
8395 2021
8400 2026
8405 2052
8410 2200
8415 1973
8420 1977
8425 1976
8430 2111
8435 2071
8440 1989
8445 1982
8450 1989
8455 2168
8460 2122
8465 1987
8470 1989
8475 2028
8480 2081
8485 2071
8490 1992
8495 2151
8500 2051
8505 2091
8510 2098
8515 2052
8520 2038
8525 2042
8530 2084
8535 2247
8540 2006
8545 2111
8550 2050
8555 2093
8560 2225
8565 2162
8570 2072
8575 2067
8580 2162
8585 2194
8590 2139
8595 2128
8600 2135
8605 2222
8610 2137
8615 2081
8620 2208
8625 2167
8630 2083
8635 2085
8640 2217
8645 2088
8650 2131
8655 2193
8660 2203
8665 2142
8670 2165
8675 2172
8680 2240
8685 2105
8690 2240
8695 2354
8700 2641
8705 2161
8710 2203
8715 2168
8720 2168
8725 2169
8730 2220
8735 2176
8740 2176
8745 2157
8750 2330
8755 2177
8760 2121
8765 2372
8770 2355
8775 2121
8780 2205
8785 2519
8790 2188
8795 2202
8800 2313
8805 2291
8810 2206
8815 2259
8820 2265
8825 2198
8830 2193
8835 2369
8840 2707
8845 2292
8850 2208
8855 2241
8860 2344
8865 2248
8870 2574
8875 2580
8880 2348
8885 2531
8890 2215
8895 2248
8900 2685
8905 2383
8910 2285
8915 2275
8920 2280
8925 2296
8930 2238
8935 2482
8940 2576
8945 2307
8950 2427
8955 2335
8960 2254
8965 2297
8970 2310
8975 2523
8980 2289
8985 2388
8990 2320
8995 2404
9000 2402
9005 2455
9010 2332
9015 2386
9020 2355
9025 2253
9030 2488
9035 2293
9040 2253
9045 2339
9050 2264
9055 2304
9060 2489
9065 2270
9070 2268
9075 2277
9080 2327
9085 2274
9090 2337
9095 2322
9100 2417
9105 2270
9110 2282
9115 2336
9120 2362
9125 2363
9130 2282
9135 2368
9140 2291
9145 2314
9150 2373
9155 2297
9160 2335
9165 2350
9170 2392
9175 2316
9180 2300
9185 2382
9190 2331
9195 2452
9200 2308
9205 2297
9210 2416
9215 2472
9220 2490
9225 2373
9230 2437
9235 2352
9240 2309
9245 2445
9250 2332
9255 2389
9260 2311
9265 2393
9270 2406
9275 2378
9280 2410
9285 2340
9290 2533
9295 2342
9300 2395
9305 2392
9310 2466
9315 2411
9320 2486
9325 2401
9330 2330
9335 2342
9340 2480
9345 2501
9350 2359
9355 2416
9360 2422
9365 2366
9370 2396
9375 2390
9380 2440
9385 2370
9390 2447
9395 2402
9400 2384
9405 2419
9410 2355
9415 2500
9420 2458
9425 2457
9430 2381
9435 2452
9440 2367
9445 2525
9450 2419
9455 2435
9460 2412
9465 2423
9470 2454
9475 2371
9480 2449
9485 2528
9490 2494
9495 2395
9500 2421
9505 2417
9510 2403
9515 2518
9520 2498
9525 2432
9530 2391
9535 2901
9540 2437
9545 2479
9550 2453
9555 2438
9560 2423
9565 2442
9570 2423
9575 2442
9580 2619
9585 2489
9590 2413
9595 2474
9600 2514
9605 2402
9610 2408
9615 2646
9620 2525
9625 2417
9630 2509
9635 2525
9640 2433
9645 2515
9650 2433
9655 2556
9660 2515
9665 2482
9670 2505
9675 2485
9680 2606
9685 2501
9690 2494
9695 2499
9700 2538
9705 2502
9710 2523
9715 2558
9720 2461
9725 2501
9730 2445
9735 2456
9740 2648
9745 2709
9750 2635
9755 2459
9760 2532
9765 2528
9770 2587
9775 2482
9780 2569
9785 2584
9790 2534
9795 2541
9800 2742
9805 2499
9810 2927
9815 2508
9820 2500
9825 2467
9830 2469
9835 2472
9840 2551
9845 2481
9850 2472
9855 2483
9860 2511
9865 2484
9870 2491
9875 2517
9880 2533
9885 2480
9890 2447
9895 2464
9900 2539
9905 2650
9910 2427
9915 2460
9920 2476
9925 2559
9930 2481
9935 2430
9940 2845
9945 2622
9950 2500
9955 2502
9960 2514
9965 2501
9970 2603
9975 2539
9980 2447
9985 2581
9990 2573
9995 2792
10000 2752
