5 0
10 0
15 1
20 1
25 2
30 2
35 3
40 3
45 4
50 4
55 5
60 6
65 6
70 7
75 8
80 9
85 9
90 10
95 10
100 11
105 12
110 12
115 13
120 14
125 15
130 16
135 16
140 17
145 18
150 19
155 19
160 20
165 21
170 22
175 22
180 24
185 25
190 25
195 26
200 27
205 27
210 28
215 29
220 30
225 31
230 32
235 32
240 33
245 34
250 35
255 35
260 37
265 38
270 39
275 41
280 41
285 41
290 43
295 44
300 45
305 45
310 46
315 47
320 48
325 49
330 50
335 51
340 52
345 52
350 53
355 54
360 55
365 57
370 57
375 59
380 60
385 61
390 62
395 62
400 63
405 65
410 65
415 67
420 68
425 71
430 69
435 70
440 71
445 72
450 73
455 74
460 75
465 76
470 76
475 78
480 79
485 80
490 81
495 82
500 83
505 84
510 85
515 86
520 87
525 88
530 89
535 90
540 91
545 107
550 91
555 93
560 93
565 94
570 95
575 96
580 97
585 98
590 99
595 100
600 100
605 102
610 103
615 104
620 105
625 106
630 107
635 109
640 110
645 111
650 111
655 113
660 114
665 114
670 116
675 180
680 118
685 119
690 119
695 121
700 122
705 123
710 124
715 125
720 126
725 127
730 129
735 129
740 131
745 132
750 133
755 133
760 135
765 135
770 186
775 214
780 158
785 141
790 141
795 142
800 143
805 144
810 145
815 146
820 147
825 148
830 148
835 150
840 150
845 152
850 153
855 195
860 288
865 158
870 159
875 159
880 159
885 160
890 161
895 179
900 168
905 169
910 170
915 170
920 171
925 172
930 174
935 175
940 175
945 176
950 178
955 240
960 233
965 181
970 182
975 183
980 184
985 186
990 268
995 190
1000 192
1005 192
1010 231
1015 194
1020 195
1025 194
1030 196
1035 262
1040 204
1045 240
1050 331
1055 246
1060 314
1065 318
1070 335
1075 269
1080 213
1085 213
1090 215
1095 229
1100 234
1105 253
1110 319
1115 235
1120 258
1125 292
1130 225
1135 289
1140 220
1145 222
1150 224
1155 224
1160 225
1165 226
1170 227
1175 229
1180 230
1185 231
1190 231
1195 253
1200 289
1205 235
1210 237
1215 237
1220 239
1225 242
1230 243
1235 290
1240 245
1245 245
1250 245
1255 248
1260 248
1265 249
1270 250
1275 252
1280 252
1285 253
1290 255
1295 255
1300 287
1305 290
1310 260
1315 260
1320 300
1325 353
1330 265
1335 337
1340 309
1345 267
1350 268
1355 268
1360 270
1365 272
1370 273
1375 274
1380 275
1385 305
1390 368
1395 278
1400 320
1405 320
1410 281
1415 283
1420 283
1425 285
1430 286
1435 286
1440 289
1445 289
1450 291
1455 291
1460 293
1465 411
1470 304
1475 304
1480 305
1485 306
1490 309
1495 310
1500 310
1505 312
1510 314
1515 314
1520 316
1525 318
1530 319
1535 318
1540 320
1545 321
1550 324
1555 326
1560 326
1565 328
1570 328
1575 328
1580 329
1585 337
1590 333
1595 333
1600 334
1605 336
1610 338
1615 366
1620 330
1625 331
1630 424
1635 385
1640 336
1645 337
1650 338
1655 338
1660 340
1665 341
1670 341
1675 347
1680 418
1685 345
1690 347
1695 348
1700 388
1705 349
1710 351
1715 353
1720 353
1725 355
1730 356
1735 356
1740 358
1745 362
1750 377
1755 361
1760 362
1765 365
1770 365
1775 365
1780 367
1785 367
1790 369
1795 370
1800 372
1805 373
1810 375
1815 374
1820 376
1825 378
1830 421
1835 567
1840 381
1845 383
1850 384
1855 385
1860 387
1865 386
1870 388
1875 388
1880 389
1885 489
1890 392
1895 395
1900 395
1905 487
1910 397
1915 398
1920 400
1925 401
1930 402
1935 403
1940 405
1945 410
1950 408
1955 408
1960 409
1965 452
1970 411
1975 413
1980 412
1985 415
1990 490
1995 419
2000 419
2005 420
2010 421
2015 423
2020 424
2025 424
2030 428
2035 428
2040 429
2045 429
2050 431
2055 432
2060 432
2065 434
2070 513
2075 438
2080 475
2085 438
2090 441
2095 441
2100 490
2105 432
2110 433
2115 434
2120 437
2125 436
2130 437
2135 439
2140 510
2145 442
2150 443
2155 482
2160 445
2165 446
2170 447
2175 448
2180 448
2185 452
2190 452
2195 561
2200 455
2205 454
2210 456
2215 457
2220 458
2225 459
2230 460
2235 462
2240 463
2245 467
2250 465
2255 466
2260 469
2265 469
2270 470
2275 471
2280 472
2285 474
2290 474
2295 475
2300 478
2305 552
2310 516
2315 481
2320 483
2325 483
2330 484
2335 486
2340 487
2345 570
2350 563
2355 543
2360 528
2365 492
2370 495
2375 495
2380 494
2385 496
2390 499
2395 500
2400 501
2405 576
2410 503
2415 581
2420 506
2425 507
2430 508
2435 508
2440 512
2445 511
2450 512
2455 550
2460 592
2465 516
2470 517
2475 518
2480 520
2485 520
2490 522
2495 523
2500 543
2505 589
2510 527
2515 527
2520 527
2525 530
2530 571
2535 532
2540 533
2545 532
2550 634
2555 619
2560 539
2565 539
2570 540
2575 542
2580 618
2585 545
2590 547
2595 629
2600 548
2605 551
2610 553
2615 551
2620 552
2625 552
2630 555
2635 554
2640 560
2645 578
2650 615
2655 559
2660 562
2665 563
2670 601
2675 565
2680 565
2685 703
2690 601
2695 568
2700 570
2705 572
2710 572
2715 575
2720 618
2725 577
2730 751
2735 633
2740 580
2745 582
2750 613
2755 600
2760 600
2765 601
2770 644
2775 657
2780 606
2785 643
2790 608
2795 608
2800 611
2805 612
2810 615
2815 614
2820 615
2825 626
2830 601
2835 603
2840 603
2845 605
2850 605
2855 691
2860 609
2865 610
2870 809
2875 688
2880 695
2885 633
2890 804
2895 763
2900 648
2905 636
2910 636
2915 639
2920 639
2925 639
2930 680
2935 693
2940 647
2945 647
2950 647
2955 648
2960 649
2965 650
2970 651
2975 652
2980 653
2985 657
2990 695
2995 657
3000 660
3005 660
3010 703
3015 664
3020 664
3025 665
3030 670
3035 667
3040 669
3045 679
3050 747
3055 656
3060 657
3065 656
3070 659
3075 659
3080 662
3085 778
3090 663
3095 666
3100 666
3105 668
3110 669
3115 669
3120 670
3125 671
3130 674
3135 674
3140 675
3145 760
3150 753
3155 737
3160 761
3165 682
3170 683
3175 684
3180 684
3185 686
3190 687
3195 688
3200 781
3205 691
3210 692
3215 693
3220 695
3225 695
3230 774
3235 800
3240 699
3245 699
3250 702
3255 703
3260 703
3265 705
3270 809
3275 708
3280 711
3285 710
3290 711
3295 713
3300 714
3305 870
3310 714
3315 718
3320 793
3325 719
3330 880
3335 724
3340 855
3345 725
3350 725
3355 726
3360 728
3365 728
3370 767
3375 833
3380 732
3385 760
3390 754
3395 756
3400 756
3405 843
3410 760
3415 761
3420 762
3425 764
3430 765
3435 765
3440 803
3445 769
3450 806
3455 749
3460 750
3465 753
3470 758
3475 862
3480 757
3485 759
3490 935
3495 1030
3500 1051
3505 1055
3510 1061
3515 1000
3520 787
3525 787
3530 792
3535 790
3540 827
3545 792
3550 794
3555 793
3560 811
3565 828
3570 820
3575 826
3580 822
3585 822
3590 829
3595 853
3600 827
3605 828
3610 829
3615 833
3620 840
3625 849
3630 816
3635 819
3640 817
3645 819
3650 817
3655 822
3660 820
3665 823
3670 822
3675 825
3680 828
3685 805
3690 848
3695 892
3700 809
3705 810
3710 811
3715 815
3720 937
3725 814
3730 858
3735 817
3740 817
3745 818
3750 897
3755 821
3760 824
3765 902
3770 981
3775 826
3780 944
3785 846
3790 831
3795 864
3800 854
3805 855
3810 902
3815 858
3820 860
3825 1077
3830 1080
3835 977
3840 959
3845 1092
3850 1056
3855 923
3860 869
3865 912
3870 871
3875 873
3880 873
3885 874
3890 877
3895 879
3900 948
3905 903
3910 904
3915 907
3920 909
3925 910
3930 910
3935 910
3940 914
3945 915
3950 972
3955 892
3960 932
3965 895
3970 896
3975 897
3980 1035
3985 1143
3990 925
3995 926
4000 929
4005 931
4010 930
4015 931
4020 932
4025 934
4030 938
4035 936
4040 939
4045 940
4050 939
4055 944
4060 989
4065 920
4070 920
4075 922
4080 923
4085 924
4090 962
4095 1046
4100 927
4105 927
4110 933
4115 932
4120 932
4125 934
4130 936
4135 936
4140 1014
4145 939
4150 940
4155 941
4160 932
4165 924
4170 1139
4175 925
4180 924
4185 924
4190 926
4195 1082
4200 930
4205 931
4210 969
4215 1036
4220 961
4225 959
4230 958
4235 962
4240 964
4245 962
4250 1004
4255 967
4260 962
4265 946
4270 947
4275 988
4280 1075
4285 949
4290 950
4295 1075
4300 1027
4305 970
4310 982
4315 980
4320 983
4325 987
4330 985
4335 1008
4340 1045
4345 989
4350 987
4355 1039
4360 968
4365 968
4370 969
4375 973
4380 1116
4385 975
4390 974
4395 976
4400 976
4405 1131
4410 1028
4415 1003
4420 983
4425 983
4430 987
4435 984
4440 984
4445 987
4450 990
4455 990
4460 1046
4465 991
4470 994
4475 996
4480 1037
4485 1092
4490 1000
4495 1000
4500 1000
4505 1006
4510 1092
4515 1080
4520 1047
4525 1128
4530 1008
4535 1010
4540 1010
4545 1051
4550 1013
4555 1014
4560 1093
4565 1017
4570 1019
4575 1062
4580 1018
4585 1109
4590 1023
4595 1141
4600 1150
4605 1224
4610 1028
4615 1107
4620 1031
4625 1032
4630 1032
4635 1034
4640 1078
4645 1068
4650 1104
4655 1118
4660 1073
4665 1070
4670 1070
4675 1071
4680 1201
4685 1075
4690 1077
4695 1076
4700 1098
4705 1079
4710 1080
4715 1081
4720 1081
4725 1089
4730 1074
4735 1059
4740 1061
4745 1060
4750 1138
4755 1063
4760 1063
4765 1443
4770 1268
4775 1307
4780 1415
4785 1227
4790 1120
4795 1125
4800 1101
4805 1103
4810 1130
4815 1137
4820 1137
4825 1140
4830 1141
4835 1141
4840 1150
4845 1145
4850 1157
4855 1142
4860 1190
4865 1140
4870 1120
4875 1122
4880 1123
4885 1170
4890 1142
4895 1141
4900 1098
4905 1101
4910 1231
4915 1101
4920 1105
4925 1105
4930 1288
4935 1107
4940 1111
4945 1110
4950 1111
4955 1287
4960 1191
4965 1115
4970 1116
4975 1195
4980 1199
4985 1119
4990 1121
4995 1124
5000 1123
5005 1126
5010 1126
5015 1128
5020 1211
5025 1131
5030 1192
5035 1236
5040 1194
5045 1216
5050 1137
5055 1137
5060 1138
5065 1246
5070 1172
5075 1169
5080 1170
5085 1178
5090 1174
5095 1175
5100 1178
5105 1227
5110 1166
5115 1149
5120 1239
5125 1156
5130 1324
5135 1156
5140 1159
5145 1161
5150 1235
5155 1184
5160 1162
5165 1164
5170 1303
5175 1167
5180 1168
5185 1169
5190 1246
5195 1353
5200 1173
5205 1173
5210 1317
5215 1370
5220 1177
5225 1198
5230 1211
5235 1287
5240 1213
5245 1213
5250 1217
5255 1220
5260 1218
5265 1266
5270 1187
5275 1191
5280 1362
5285 1192
5290 1193
5295 1213
5300 1391
5305 1231
5310 1230
5315 1236
5320 1275
5325 1233
5330 1235
5335 1235
5340 1240
5345 1239
5350 1283
5355 1344
5360 1287
5365 1286
5370 1246
5375 1287
5380 1313
5385 1412
5390 1287
5395 1252
5400 1298
5405 1258
5410 1254
5415 1257
5420 1261
5425 1259
5430 1260
5435 1260
5440 1364
5445 1267
5450 1287
5455 1550
5460 1353
5465 1269
5470 1270
5475 1271
5480 1316
5485 1278
5490 1277
5495 1317
5500 1316
5505 1280
5510 1281
5515 1281
5520 1324
5525 1287
5530 1301
5535 1254
5540 1470
5545 1334
5550 1336
5555 1260
5560 1343
5565 1262
5570 1307
5575 1298
5580 1301
5585 1301
5590 1339
5595 1301
5600 1382
5605 1310
5610 1274
5615 1274
5620 1356
5625 1275
5630 1276
5635 1279
5640 1439
5645 1287
5650 1281
5655 1282
5660 1285
5665 1289
5670 1372
5675 1431
5680 1375
5685 1289
5690 1294
5695 1293
5700 1474
5705 1295
5710 1297
5715 1298
5720 1367
5725 1303
5730 1303
5735 1427
5740 1306
5745 1310
5750 1692
5755 1622
5760 1855
5765 1610
5770 1476
5775 1350
5780 1351
5785 1399
5790 1406
5795 1390
5800 1392
5805 1397
5810 1404
5815 1396
5820 1383
5825 1449
5830 1365
5835 1365
5840 1429
5845 1577
5850 1368
5855 1370
5860 1370
5865 1457
5870 1428
5875 1377
5880 1374
5885 1377
5890 1379
5895 1380
5900 1532
5905 1422
5910 1386
5915 1384
5920 1455
5925 1351
5930 1353
5935 1554
5940 1356
5945 1465
5950 1395
5955 1394
5960 1400
5965 1399
5970 1449
5975 1445
5980 1427
5985 1407
5990 1515
5995 1432
6000 1411
6005 1509
6010 1507
6015 1381
6020 1377
6025 1417
6030 1416
6035 1420
6040 1418
6045 1466
6050 1419
6055 1422
6060 1410
6065 1554
6070 1388
6075 1390
6080 1469
6085 1391
6090 1480
6095 1394
6100 1481
6105 1402
6110 1398
6115 1441
6120 1503
6125 1403
6130 1403
6135 1462
6140 1406
6145 1409
6150 1449
6155 1509
6160 1627
6165 1451
6170 1450
6175 1452
6180 1453
6185 1455
6190 1538
6195 1423
6200 1614
6205 1740
6210 1424
6215 1426
6220 1425
6225 1542
6230 1468
6235 1467
6240 1467
6245 1472
6250 1586
6255 1472
6260 1515
6265 1480
6270 1476
6275 1599
6280 1478
6285 1479
6290 1478
6295 1525
6300 1445
6305 1447
6310 1490
6315 1446
6320 1448
6325 1528
6330 1534
6335 1455
6340 1457
6345 1589
6350 1539
6355 1459
6360 1461
6365 1552
6370 1460
6375 1465
6380 1469
6385 1542
6390 1494
6395 1654
6400 1472
6405 1550
6410 1474
6415 1646
6420 1517
6425 1521
6430 1608
6435 1517
6440 1527
6445 1522
6450 1528
6455 1484
6460 1485
6465 1607
6470 1487
6475 1593
6480 1514
6485 1567
6490 1614
6495 1495
6500 1575
6505 1497
6510 1515
6515 1504
6520 1500
6525 1504
6530 1565
6535 1536
6540 1505
6545 1681
6550 1652
6555 1509
6560 1511
6565 1554
6570 1631
6575 1513
6580 2016
6585 1954
6590 1925
6595 1663
6600 1560
6605 1603
6610 1661
6615 1563
6620 1566
6625 1586
6630 1567
6635 1614
6640 1571
6645 1571
6650 1685
6655 1575
6660 1625
6665 1573
6670 1542
6675 1634
6680 1574
6685 1638
6690 1550
6695 1578
6700 1548
6705 1554
6710 1715
6715 1551
6720 1559
6725 1638
6730 1553
6735 1553
6740 1731
6745 1697
6750 1558
6755 1622
6760 1625
6765 1562
6770 1642
6775 1564
6780 1564
6785 1568
6790 1717
6795 1608
6800 1857
6805 1713
6810 1618
6815 1605
6820 1665
6825 1619
6830 1622
6835 1623
6840 1623
6845 1620
6850 1707
6855 1584
6860 1661
6865 1586
6870 1720
6875 1589
6880 1590
6885 1708
6890 1592
6895 1676
6900 1602
6905 1597
6910 1598
6915 1680
6920 1601
6925 1600
6930 1609
6935 1753
6940 1606
6945 1607
6950 1714
6955 1652
6960 1805
6965 1615
6970 1614
6975 1614
6980 1702
6985 1617
6990 1622
6995 1751
7000 1760
7005 1622
7010 1707
7015 1626
7020 1627
7025 1686
7030 1670
7035 1673
7040 1814
7045 1959
7050 1724
7055 1766
7060 1679
7065 1681
7070 1721
7075 1734
7080 1688
7085 1727
7090 1690
7095 1689
7100 1777
7105 1689
7110 1652
7115 1816
7120 1649
7125 1651
7130 1819
7135 1654
7140 1657
7145 1731
7150 1810
7155 1661
7160 1738
7165 1739
7170 1664
7175 1730
7180 1708
7185 1711
7190 1824
7195 1670
7200 1673
7205 1676
7210 1675
7215 1763
7220 1873
7225 1969
7230 1682
7235 1769
7240 1728
7245 1755
7250 1941
7255 1730
7260 1804
7265 1768
7270 1734
7275 1733
7280 1780
7285 1738
7290 1739
7295 1846
7300 1742
7305 1808
7310 2181
7315 2362
7320 1964
7325 1748
7330 1798
7335 1799
7340 1750
7345 1755
7350 1918
7355 1797
7360 1758
7365 1799
7370 1766
7375 1804
7380 1759
7385 1839
7390 1764
7395 1806
7400 1811
7405 1773
7410 1863
7415 1771
7420 1811
7425 1775
7430 1793
7435 1777
7440 1730
7445 1732
7450 1865
7455 1836
7460 1737
7465 1856
7470 1742
7475 1740
7480 1895
7485 1742
7490 1822
7495 1750
7500 1750
7505 1752
7510 1866
7515 1751
7520 1752
7525 1922
7530 1820
7535 2236
7540 1858
7545 1855
7550 1863
7555 1855
7560 1857
7565 1862
7570 1846
7575 1815
7580 1894
7585 1813
7590 1859
7595 1818
7600 1771
7605 1777
7610 1774
7615 1930
7620 2044
7625 1778
7630 1780
7635 1908
7640 1784
7645 1832
7650 1863
7655 1986
7660 1794
7665 1788
7670 1791
7675 1855
7680 1796
7685 1792
7690 1865
7695 1799
7700 1797
7705 1841
7710 1808
7715 1888
7720 1848
7725 1810
7730 1814
7735 1914
7740 1811
7745 1814
7750 1965
7755 1951
7760 2013
7765 1820
7770 1860
7775 1892
7780 1862
7785 1905
7790 1911
7795 1866
7800 1870
7805 1992
7810 1968
7815 1964
7820 1827
7825 1828
7830 1836
7835 1831
7840 1832
7845 1918
7850 1874
7855 1839
7860 2011
7865 1844
7870 1939
7875 1841
7880 1847
7885 1987
7890 1925
7895 1846
7900 1927
7905 1883
7910 1932
7915 1992
7920 1941
7925 1954
7930 1856
7935 1855
7940 1865
7945 1908
7950 1913
7955 1929
7960 1861
7965 2161
7970 2385
7975 2376
7980 2023
7985 1975
7990 1971
7995 1971
8000 1972
8005 2031
8010 1926
8015 1991
8020 1944
8025 1935
8030 1964
8035 1881
8040 1882
8045 1900
8050 1940
8055 2115
8060 1889
8065 1889
8070 1988
8075 1974
8080 1928
8085 2025
8090 1945
8095 1944
8100 1994
8105 1948
8110 2018
8115 1899
8120 1901
8125 2046
8130 1904
8135 2062
8140 2092
8145 1908
8150 1916
8155 1909
8160 1973
8165 1927
8170 1937
8175 2157
8180 1961
8185 1966
8190 2047
8195 2023
8200 1977
8205 1954
8210 2000
8215 2044
8220 1966
8225 1968
8230 2111
8235 1928
8240 2020
8245 1933
8250 1932
8255 2053
8260 1934
8265 2002
8270 2081
8275 2065
8280 2119
8285 1994
8290 2040
8295 2088
8300 1997
8305 2006
8310 2005
8315 2001
8320 2044
8325 1996
8330 2099
8335 1956
8340 1957
8345 2045
8350 2005
8355 1965
8360 1962
8365 2001
8370 2050
8375 1965
8380 2050
8385 2118
8390 1967
8395 2094
8400 1970
8405 2157
8410 1973
8415 1975
8420 2173
8425 1976
8430 2146
8435 2185
8440 2058
8445 2070
8450 2157
8455 2075
8460 2043
8465 2041
8470 2128
8475 1991
8480 1993
8485 2087
8490 2166
8495 2088
8500 2048
8505 2060
8510 2060
8515 2047
8520 2078
8525 2105
8530 2006
8535 2181
8540 2007
8545 2098
8550 2089
8555 2010
8560 2186
8565 2067
8570 2392
8575 2819
8580 2492
8585 2073
8590 2147
8595 2083
8600 2187
8605 2122
8610 2081
8615 2120
8620 2080
8625 2093
8630 2222
8635 2032
8640 2112
8645 2081
8650 2124
8655 2282
8660 2039
8665 2123
8670 2165
8675 2151
8680 2189
8685 2136
8690 2141
8695 2108
8700 2128
8705 2051
8710 2049
8715 2141
8720 2134
8725 2185
8730 2094
8735 2066
8740 2269
8745 2115
8750 2131
8755 2129
8760 2119
8765 2159
8770 2150
8775 2256
8780 2089
8785 2151
8790 2072
8795 2074
8800 2240
8805 2123
8810 2153
8815 2143
8820 2083
8825 2173
8830 2082
8835 2242
8840 2085
8845 2094
8850 2091
8855 2147
8860 2172
8865 2094
8870 2171
8875 2223
8880 2096
8885 2238
8890 2332
8895 2099
8900 2121
8905 2161
8910 2305
8915 2462
8920 2476
8925 2220
8930 2238
8935 2227
8940 2226
8945 2374
8950 2171
8955 2298
8960 2178
8965 2300
8970 2181
8975 2256
8980 2178
8985 2221
8990 2313
8995 2162
9000 2298
9005 2128
9010 2134
9015 2353
9020 2131
9025 2298
9030 2155
9035 2278
9040 2193
9045 2241
9050 2197
9055 2316
9060 2243
9065 2149
9070 2233
9075 2143
9080 2255
9085 2148
9090 2151
9095 2195
9100 2157
9105 2351
9110 2234
9115 2304
9120 2249
9125 2216
9130 2413
9135 2971
9140 2387
9145 2311
9150 2353
9155 2224
9160 2306
9165 2290
9170 2294
9175 2305
9180 2319
9185 2284
9190 2243
9195 2343
9200 2364
9205 2401
9210 2225
9215 2187
9220 2305
9225 2185
9230 2353
9235 2194
9240 2311
9245 2191
9250 2427
9255 2195
9260 2195
9265 2351
9270 2196
9275 2283
9280 2237
9285 2337
9290 2200
9295 2204
9300 2285
9305 2358
9310 2212
9315 2209
9320 2289
9325 2215
9330 2299
9335 2307
9340 2215
9345 2414
9350 2219
9355 2262
9360 2220
9365 2501
9370 2222
9375 2305
9380 2413
9385 2225
9390 2309
9395 2231
9400 2505
9405 2292
9410 2369
9415 2261
9420 2343
9425 2411
9430 2302
9435 2321
9440 2280
9445 2252
9450 2341
9455 2341
9460 2291
9465 2290
9470 2433
9475 2251
9480 2331
9485 2336
9490 2260
9495 2260
9500 2339
9505 2260
9510 2302
9515 2445
9520 2328
9525 2547
9530 2338
9535 2274
9540 2273
9545 2393
9550 2270
9555 2436
9560 2356
9565 2274
9570 2406
9575 2353
9580 2282
9585 2361
9590 2528
9595 2283
9600 2459
9605 2420
9610 2420
9615 2346
9620 2405
9625 2351
9630 2355
9635 2441
9640 2355
9645 2412
9650 2296
9655 2523
9660 2987
9665 2721
9670 2360
9675 2468
9680 2373
9685 2482
9690 2373
9695 2407
9700 2379
9705 2352
9710 2313
9715 2312
9720 2811
9725 2412
9730 2503
9735 2421
9740 2532
9745 2383
9750 2382
9755 2440
9760 2488
9765 2363
9770 2503
9775 2337
9780 2507
9785 2529
9790 2396
9795 2402
9800 2506
9805 2411
9810 2340
9815 2489
9820 2339
9825 2799
9830 2680
9835 2482
9840 2472
9845 2481
9850 2474
9855 2508
9860 2527
9865 2515
9870 2423
9875 2472
9880 2415
9885 2578
9890 2428
9895 2564
9900 2448
9905 2430
9910 2479
9915 2427
9920 2431
9925 2412
9930 2455
9935 2476
9940 2548
9945 2435
9950 2479
9955 2516
9960 2442
9965 2381
9970 2422
9975 2569
9980 2634
9985 2391
9990 2446
9995 2475
10000 2387
