5 0
10 1
15 1
20 2
25 2
30 3
35 4
40 5
45 5
50 5
55 6
60 7
65 8
70 9
75 10
80 13
85 12
90 12
95 13
100 13
105 14
110 15
115 16
120 17
125 18
130 19
135 19
140 20
145 21
150 22
155 26
160 27
165 25
170 26
175 27
180 28
185 29
190 30
195 31
200 32
205 55
210 37
215 42
220 43
225 44
230 45
235 45
240 48
245 48
250 43
255 43
260 46
265 49
270 51
275 51
280 56
285 55
290 58
295 59
300 61
305 64
310 87
315 81
320 60
325 59
330 62
335 65
340 65
345 82
350 65
355 66
360 67
365 68
370 69
375 70
380 71
385 72
390 73
395 104
400 102
405 78
410 79
415 79
420 80
425 81
430 83
435 84
440 85
445 86
450 87
455 88
460 90
465 91
470 92
475 93
480 94
485 94
490 97
495 98
500 99
505 101
510 102
515 103
520 103
525 105
530 107
535 107
540 108
545 111
550 112
555 113
560 114
565 115
570 116
575 117
580 118
585 120
590 120
595 122
600 123
605 124
610 128
615 128
620 129
625 129
630 131
635 131
640 133
645 134
650 136
655 159
660 214
665 174
670 178
675 181
680 180
685 183
690 184
695 187
700 168
705 188
710 169
715 153
720 154
725 155
730 187
735 199
740 200
745 207
750 165
755 164
760 167
765 166
770 166
775 168
780 170
785 173
790 172
795 172
800 173
805 175
810 176
815 176
820 179
825 181
830 192
835 182
840 183
845 204
850 186
855 187
860 189
865 190
870 191
875 214
880 240
885 218
890 200
895 199
900 201
905 216
910 219
915 208
920 238
925 235
930 222
935 225
940 224
945 238
950 233
955 213
960 215
965 216
970 217
975 241
980 221
985 221
990 222
995 223
1000 225
1005 226
1010 229
1015 229
1020 230
1025 232
1030 232
1035 234
1040 236
1045 284
1050 305
1055 242
1060 242
1065 243
1070 244
1075 246
1080 258
1085 308
1090 311
1095 315
1100 315
1105 323
1110 257
1115 257
1120 258
1125 277
1130 274
1135 260
1140 262
1145 264
1150 303
1155 269
1160 274
1165 295
1170 271
1175 271
1180 272
1185 274
1190 339
1195 288
1200 300
1205 294
1210 308
1215 284
1220 287
1225 302
1230 287
1235 317
1240 291
1245 293
1250 324
1255 351
1260 324
1265 354
1270 299
1275 301
1280 299
1285 329
1290 303
1295 305
1300 304
1305 306
1310 407
1315 314
1320 312
1325 317
1330 383
1335 381
1340 356
1345 343
1350 324
1355 320
1360 320
1365 347
1370 389
1375 421
1380 422
1385 363
1390 334
1395 358
1400 366
1405 337
1410 359
1415 364
1420 371
1425 342
1430 345
1435 343
1440 344
1445 345
1450 389
1455 408
1460 372
1465 378
1470 368
1475 379
1480 388
1485 385
1490 359
1495 388
1500 392
1505 394
1510 401
1515 423
1520 435
1525 369
1530 370
1535 370
1540 383
1545 374
1550 467
1555 403
1560 379
1565 399
1570 459
1575 467
1580 471
1585 482
1590 475
1595 479
1600 472
1605 509
1610 507
1615 507
1620 510
1625 395
1630 397
1635 398
1640 400
1645 403
1650 404
1655 407
1660 407
1665 406
1670 407
1675 410
1680 411
1685 433
1690 457
1695 498
1700 475
1705 511
1710 469
1715 421
1720 423
1725 424
1730 425
1735 426
1740 426
1745 427
1750 430
1755 429
1760 494
1765 435
1770 437
1775 520
1780 516
1785 440
1790 490
1795 472
1800 444
1805 444
1810 448
1815 447
1820 447
1825 447
1830 450
1835 450
1840 467
1845 456
1850 458
1855 458
1860 458
1865 577
1870 514
1875 513
1880 504
1885 519
1890 466
1895 467
1900 469
1905 500
1910 498
1915 569
1920 543
1925 603
1930 602
1935 513
1940 621
1945 509
1950 604
1955 488
1960 526
1965 613
1970 568
1975 491
1980 492
1985 499
1990 498
1995 558
2000 621
2005 605
2010 708
2015 505
2020 508
2025 512
2030 510
2035 533
2040 510
2045 511
2050 515
2055 517
2060 514
2065 515
2070 518
2075 518
2080 615
2085 522
2090 568
2095 570
2100 529
2105 527
2110 528
2115 529
2120 530
2125 533
2130 533
2135 535
2140 535
2145 537
2150 587
2155 544
2160 547
2165 543
2170 554
2175 546
2180 547
2185 548
2190 552
2195 551
2200 552
2205 553
2210 557
2215 558
2220 633
2225 584
2230 563
2235 565
2240 598
2245 566
2250 592
2255 578
2260 572
2265 576
2270 575
2275 618
2280 576
2285 601
2290 691
2295 585
2300 584
2305 584
2310 587
2315 591
2320 590
2325 621
2330 591
2335 652
2340 686
2345 595
2350 617
2355 760
2360 774
2365 780
2370 738
2375 635
2380 619
2385 743
2390 776
2395 744
2400 659
2405 712
2410 798
2415 737
2420 627
2425 676
2430 772
2435 771
2440 749
2445 653
2450 711
2455 704
2460 785
2465 694
2470 675
2475 709
2480 679
2485 679
2490 653
2495 678
2500 648
2505 680
2510 696
2515 737
2520 712
2525 651
2530 687
2535 647
2540 646
2545 650
2550 651
2555 672
2560 653
2565 661
2570 682
2575 799
2580 758
2585 717
2590 685
2595 668
2600 688
2605 670
2610 676
2615 712
2620 675
2625 678
2630 737
2635 799
2640 760
2645 881
2650 869
2655 747
2660 850
2665 756
2670 825
2675 895
2680 879
2685 816
2690 828
2695 877
2700 772
2705 775
2710 759
2715 700
2720 723
2725 778
2730 729
2735 709
2740 710
2745 740
2750 763
2755 779
2760 786
2765 773
2770 773
2775 716
2780 858
2785 720
2790 814
2795 743
2800 791
2805 754
2810 739
2815 859
2820 731
2825 734
2830 907
2835 783
2840 780
2845 781
2850 771
2855 795
2860 783
2865 743
2870 784
2875 783
2880 844
2885 751
2890 783
2895 755
2900 757
2905 760
2910 797
2915 830
2920 988
2925 869
2930 822
2935 772
2940 890
2945 816
2950 876
2955 900
2960 788
2965 864
2970 866
2975 839
2980 887
2985 966
2990 885
2995 872
3000 832
3005 797
3010 803
3015 845
3020 789
3025 827
3030 854
3035 873
3040 798
3045 826
3050 799
3055 804
3060 809
3065 849
3070 803
3075 809
3080 863
3085 892
3090 927
3095 848
3100 838
3105 827
3110 847
3115 813
3120 819
3125 818
3130 820
3135 821
3140 1006
3145 911
3150 832
3155 826
3160 897
3165 837
3170 830
3175 830
3180 844
3185 833
3190 876
3195 838
3200 839
3205 925
3210 843
3215 846
3220 843
3225 855
3230 849
3235 849
3240 855
3245 851
3250 922
3255 856
3260 855
3265 858
3270 859
3275 860
3280 874
3285 864
3290 865
3295 950
3300 898
3305 872
3310 871
3315 874
3320 915
3325 892
3330 877
3335 878
3340 925
3345 892
3350 893
3355 884
3360 885
3365 890
3370 888
3375 888
3380 891
3385 956
3390 894
3395 895
3400 896
3405 902
3410 900
3415 902
3420 904
3425 971
3430 975
3435 931
3440 908
3445 910
3450 911
3455 913
3460 917
3465 957
3470 944
3475 1091
3480 1037
3485 925
3490 924
3495 926
3500 927
3505 992
3510 932
3515 933
3520 931
3525 1152
3530 961
3535 936
3540 938
3545 1075
3550 940
3555 942
3560 947
3565 951
3570 959
3575 965
3580 949
3585 1099
3590 954
3595 957
3600 954
3605 956
3610 960
3615 964
3620 965
3625 1022
3630 974
3635 973
3640 1038
3645 1132
3650 1025
3655 970
3660 972
3665 1025
3670 973
3675 1008
3680 1018
3685 983
3690 981
3695 986
3700 987
3705 996
3710 987
3715 987
3720 989
3725 993
3730 994
3735 994
3740 997
3745 998
3750 1002
3755 1057
3760 1009
3765 1002
3770 1005
3775 1008
3780 1011
3785 1056
3790 1011
3795 1021
3800 1016
3805 1015
3810 1018
3815 1021
3820 1019
3825 1021
3830 1023
3835 1027
3840 1025
3845 1028
3850 1033
3855 1083
3860 1030
3865 1038
3870 1033
3875 1035
3880 1035
3885 1086
3890 1037
3895 1040
3900 1046
3905 1042
3910 1046
3915 1048
3920 1060
3925 1109
3930 1051
3935 1059
3940 1053
3945 1061
3950 1129
3955 1132
3960 1061
3965 1060
3970 1099
3975 1063
3980 1113
3985 1080
3990 1067
3995 1073
4000 1101
4005 1072
4010 1086
4015 1118
4020 1080
4025 1078
4030 1090
4035 1084
4040 1084
4045 1174
4050 1093
4055 1090
4060 1096
4065 1094
4070 1096
4075 1104
4080 1102
4085 1157
4090 1097
4095 1100
4100 1307
4105 1178
4110 1107
4115 1178
4120 1131
4125 1111
4130 1109
4135 1112
4140 1165
4145 1113
4150 1171
4155 1119
4160 1119
4165 1130
4170 1133
4175 1131
4180 1129
4185 1300
4190 1132
4195 1133
4200 1150
4205 1131
4210 1152
4215 1134
4220 1224
4225 1156
4230 1138
4235 1170
4240 1175
4245 1158
4250 1146
4255 1222
4260 1160
4265 1149
4270 1152
4275 1150
4280 1154
4285 1153
4290 1237
4295 1163
4300 1164
4305 1160
4310 1165
4315 1233
4320 1183
4325 1175
4330 1167
4335 1172
4340 1170
4345 1178
4350 1178
4355 1284
4360 1177
4365 1178
4370 1179
4375 1180
4380 1185
4385 1212
4390 1249
4395 1191
4400 1234
4405 1194
4410 1192
4415 1196
4420 1235
4425 1307
4430 1427
4435 1204
4440 1321
4445 1342
4450 1250
4455 1304
4460 1296
4465 1358
4470 1243
4475 1214
4480 1319
4485 1316
4490 1992
4495 1300
4500 1316
4505 1311
4510 1353
4515 1240
4520 1418
4525 1315
4530 1230
4535 1232
4540 1439
4545 1334
4550 1563
4555 1503
4560 1329
4565 1342
4570 1421
4575 1252
4580 1339
4585 1340
4590 1318
4595 1324
4600 1289
4605 1288
4610 1299
4615 1359
4620 1414
4625 1299
4630 1326
4635 1329
4640 1402
4645 1270
4650 1291
4655 1390
4660 1385
4665 1323
4670 1455
4675 1344
4680 1271
4685 1398
4690 1353
4695 1402
4700 1352
4705 1288
4710 1318
4715 1410
4720 1310
4725 1388
4730 1515
4735 1348
4740 1451
4745 1327
4750 1398
4755 1393
4760 1298
4765 1306
4770 1521
4775 1422
4780 1470
4785 1389
4790 1409
4795 1312
4800 1477
4805 1334
4810 1423
4815 1388
4820 1316
4825 1379
4830 1349
4835 1562
4840 1493
4845 1342
4850 1321
4855 1502
4860 1467
4865 1420
4870 1423
4875 1339
4880 1365
4885 1404
4890 1532
4895 1543
4900 1540
4905 1587
4910 1501
4915 1354
4920 1430
4925 1434
4930 1349
4935 1566
4940 1652
4945 1592
4950 1554
4955 1478
4960 1585
4965 1500
4970 1454
4975 1477
4980 1460
4985 1485
4990 1426
4995 1590
5000 1451
5005 1491
5010 1552
5015 1539
5020 1432
5025 1474
5030 1420
5035 1396
5040 1460
5045 1412
5050 1616
5055 1503
5060 1530
5065 1468
5070 1393
5075 1453
5080 1616
5085 1399
5090 1389
5095 1368
5100 1368
5105 1357
5110 1364
5115 1472
5120 1430
5125 1373
5130 1365
5135 1394
5140 1367
5145 1372
5150 1447
5155 1417
5160 1372
5165 1374
5170 1379
5175 1465
5180 1380
5185 1382
5190 1392
5195 1384
5200 1384
5205 1455
5210 1422
5215 1391
5220 1389
5225 1391
5230 2213
5235 1405
5240 1400
5245 1401
5250 1405
5255 1408
5260 1433
5265 1426
5270 1411
5275 1422
5280 1467
5285 1410
5290 1409
5295 1410
5300 1454
5305 1417
5310 1422
5315 1459
5320 1421
5325 1421
5330 1422
5335 1429
5340 1440
5345 1464
5350 1465
5355 1428
5360 1430
5365 1434
5370 1477
5375 1444
5380 1441
5385 1439
5390 1454
5395 1463
5400 1490
5405 1451
5410 1461
5415 1463
5420 1451
5425 1561
5430 1452
5435 1455
5440 1452
5445 1477
5450 1536
5455 1490
5460 1465
5465 1470
5470 1463
5475 1464
5480 1547
5485 1468
5490 1480
5495 1480
5500 1471
5505 1505
5510 1477
5515 1487
5520 1868
5525 1477
5530 1573
5535 1548
5540 1629
5545 1589
5550 1640
5555 1711
5560 1616
5565 1613
5570 1585
5575 1538
5580 1719
5585 1569
5590 1634
5595 1559
5600 1549
5605 1703
5610 1628
5615 1607
5620 1628
5625 1568
5630 1584
5635 1660
5640 1638
5645 1524
5650 1635
5655 1652
5660 1622
5665 1638
5670 1525
5675 1627
5680 1587
5685 1711
5690 1661
5695 1535
5700 1588
5705 1611
5710 1623
5715 1633
5720 1544
5725 1654
5730 1622
5735 1638
5740 1612
5745 1577
5750 1792
5755 1601
5760 1644
5765 1671
5770 1558
5775 1649
5780 1815
5785 1907
5790 1560
5795 1629
5800 1621
5805 1779
5810 1734
5815 1596
5820 1734
5825 1659
5830 1698
5835 1656
5840 2509
5845 1728
5850 1715
5855 1742
5860 1735
5865 1819
5870 1859
5875 1707
5880 1591
5885 1702
5890 1700
5895 1679
5900 1735
5905 1606
5910 1689
5915 1663
5920 1622
5925 1616
5930 1638
5935 1636
5940 1602
5945 1630
5950 1604
5955 1617
5960 1612
5965 1618
5970 1614
5975 1665
5980 1782
5985 1618
5990 1658
5995 1621
6000 1622
6005 1673
6010 1638
6015 1622
6020 1626
6025 1630
6030 1689
6035 1634
6040 1672
6045 1633
6050 1660
6055 1756
6060 1682
6065 1590
6070 1597
6075 1595
6080 1595
6085 1596
6090 1604
6095 1602
6100 1603
6105 1605
6110 1608
6115 1884
6120 1610
6125 1620
6130 1620
6135 1612
6140 1616
6145 1615
6150 1621
6155 1633
6160 1625
6165 1628
6170 1624
6175 1633
6180 1667
6185 1627
6190 1633
6195 1628
6200 1654
6205 1631
6210 1633
6215 1637
6220 1637
6225 1638
6230 1640
6235 1647
6240 1648
6245 1685
6250 1651
6255 1646
6260 1647
6265 1651
6270 1660
6275 1652
6280 1661
6285 1656
6290 1663
6295 1662
6300 1666
6305 1674
6310 1684
6315 1668
6320 1739
6325 1720
6330 1671
6335 1670
6340 1675
6345 1754
6350 1706
6355 1719
6360 1684
6365 1773
6370 1724
6375 1955
6380 1695
6385 1727
6390 1776
6395 1686
6400 1685
6405 1695
6410 1691
6415 1776
6420 1690
6425 1695
6430 1735
6435 1751
6440 1726
6445 1704
6450 1701
6455 1708
6460 1759
6465 1736
6470 1773
6475 1744
6480 1804
6485 1929
6490 1886
6495 1913
6500 1751
6505 1795
6510 1727
6515 1801
6520 1738
6525 1758
6530 1742
6535 1766
6540 1725
6545 1803
6550 1831
6555 1748
6560 1742
6565 1787
6570 1906
6575 1823
6580 1891
6585 1908
6590 2007
6595 1968
6600 1918
6605 1888
6610 1966
6615 1890
6620 1846
6625 2067
6630 1818
6635 1829
6640 1915
6645 1924
6650 1805
6655 1928
6660 1879
6665 1908
6670 1779
6675 2029
6680 1882
6685 1954
6690 1817
6695 1943
6700 1964
6705 1918
6710 1826
6715 1846
6720 1878
6725 1954
6730 1816
6735 1937
6740 1842
6745 1984
6750 1898
6755 1895
6760 1864
6765 1950
6770 1863
6775 1873
6780 1930
6785 1922
6790 1910
6795 1803
6800 1877
6805 1982
6810 1938
6815 1882
6820 2064
6825 1985
6830 1959
6835 1853
6840 2157
6845 1981
6850 1998
6855 2132
6860 2031
6865 1928
6870 2294
6875 1940
6880 1917
6885 2399
6890 1935
6895 2007
6900 1966
6905 1989
6910 1934
6915 1922
6920 1955
6925 1963
6930 1906
6935 2018
6940 1938
6945 1977
6950 1852
6955 1889
6960 1988
6965 2004
6970 1999
6975 1981
6980 2243
6985 2105
6990 1984
6995 2150
7000 2128
7005 2021
7010 1878
7015 2030
7020 2092
7025 2004
7030 1878
7035 2009
7040 2027
7045 1994
7050 1888
7055 2116
7060 2058
7065 2004
7070 1936
7075 1971
7080 2015
7085 2025
7090 1932
7095 2036
7100 2047
7105 2037
7110 1935
7115 2115
7120 1996
7125 2058
7130 2727
7135 2029
7140 2111
7145 1958
7150 1990
7155 2050
7160 2122
7165 1923
7170 2018
7175 1990
7180 2076
7185 2022
7190 2177
7195 2069
7200 2087
7205 1952
7210 2088
7215 2067
7220 2156
7225 2088
7230 2110
7235 2142
7240 1971
7245 2016
7250 2119
7255 2078
7260 2117
7265 2016
7270 2089
7275 2062
7280 1975
7285 2091
7290 2102
7295 2022
7300 2069
7305 2139
7310 2154
7315 2059
7320 2146
7325 2055
7330 2338
7335 1984
7340 2036
7345 2053
7350 2120
7355 1963
7360 2141
7365 2106
7370 2146
7375 2103
7380 2162
7385 2115
7390 2358
7395 2032
7400 1978
7405 2016
7410 2063
7415 2108
7420 2140
7425 2156
7430 1995
7435 2123
7440 2003
7445 2053
7450 2073
7455 2262
7460 2171
7465 2164
7470 2060
7475 2051
7480 2033
7485 2083
7490 2061
7495 2003
7500 2009
7505 2039
7510 2100
7515 2229
7520 2271
7525 2037
7530 2207
7535 2178
7540 2126
7545 2055
7550 2024
7555 2118
7560 2053
7565 2212
7570 2110
7575 2242
7580 2047
7585 2126
7590 2151
7595 2188
7600 2130
7605 2257
7610 2238
7615 2236
7620 2304
7625 2236
7630 2205
7635 2149
7640 2207
7645 2166
7650 2059
7655 2176
7660 2226
7665 2233
7670 2226
7675 2555
7680 2360
7685 2289
7690 2257
7695 2179
7700 2261
7705 2161
7710 2192
7715 2245
7720 2134
7725 2183
7730 2233
7735 2233
7740 2174
7745 2203
7750 2209
7755 2371
7760 2551
7765 2411
7770 2225
7775 2210
7780 2127
7785 2328
7790 2106
7795 2210
7800 2262
7805 2317
7810 2139
7815 2268
7820 2280
7825 2224
7830 2201
7835 2245
7840 3331
7845 2269
7850 2215
7855 2271
7860 2112
7865 2255
7870 2601
7875 2268
7880 2407
7885 2384
7890 2528
7895 2227
7900 2238
7905 2313
7910 2122
7915 2314
7920 2388
7925 2315
7930 2274
7935 2239
7940 2279
7945 2169
7950 2367
7955 2291
7960 2307
7965 2358
7970 2239
7975 2373
7980 2150
7985 2341
7990 2326
7995 2265
8000 2213
8005 2278
8010 2336
8015 2152
8020 2484
8025 2353
8030 2270
8035 2249
8040 2244
8045 2325
8050 2167
8055 2667
8060 2337
8065 2396
8070 2325
8075 2322
8080 2289
8085 2290
8090 2320
8095 2387
8100 2208
8105 2297
8110 2374
8115 2245
8120 2304
8125 2255
8130 2425
8135 2190
8140 2262
8145 2392
8150 2225
8155 2416
8160 2312
8165 2479
8170 2414
8175 2288
8180 2360
8185 2212
8190 2421
8195 2382
8200 2411
8205 2310
8210 2398
8215 2344
8220 2374
8225 2391
8230 2339
8235 2344
8240 2483
8245 2366
8250 2249
8255 2340
8260 2422
8265 2331
8270 2679
8275 2366
8280 2399
8285 2547
8290 2485
8295 2348
8300 2449
8305 2460
8310 2371
8315 2352
8320 2372
8325 2479
8330 2389
8335 2362
8340 2437
8345 2402
8350 2263
8355 2539
8360 2674
8365 2304
8370 2489
8375 2435
8380 2338
8385 2374
8390 2427
8395 2411
8400 2373
8405 2393
8410 2509
8415 2304
8420 2470
8425 2621
8430 2331
8435 2458
8440 2425
8445 2357
8450 2401
8455 2471
8460 2513
8465 2483
8470 2390
8475 2947
8480 2579
8485 2816
8490 2630
8495 2425
8500 2535
8505 2435
8510 2369
8515 2468
8520 2461
8525 2339
8530 2451
8535 2556
8540 2338
8545 2478
8550 2477
8555 2865
8560 2530
8565 2433
8570 2479
8575 2606
8580 2558
8585 2573
8590 2443
8595 2543
8600 2477
8605 2513
8610 2495
8615 2555
8620 2378
8625 2376
8630 2360
8635 2356
8640 2786
8645 2866
8650 2395
8655 2548
8660 2612
8665 2432
8670 2398
8675 2970
8680 2500
8685 2557
8690 2521
8695 2490
8700 2591
8705 2381
8710 2361
8715 2459
8720 2374
8725 2360
8730 2420
8735 2433
8740 2395
8745 2388
8750 2479
8755 2432
8760 2417
8765 2484
8770 2402
8775 2516
8780 2487
8785 2399
8790 2393
8795 2435
8800 2522
8805 2384
8810 2387
8815 2460
8820 2405
8825 2421
8830 2421
8835 2395
8840 2402
8845 2404
8850 2441
8855 2415
8860 2423
8865 2770
8870 2409
8875 2422
8880 2487
8885 2410
8890 2409
8895 2469
8900 2420
8905 2416
8910 2533
8915 2424
8920 2420
8925 2436
8930 2505
8935 2420
8940 2427
8945 2540
8950 2478
8955 2452
8960 2501
8965 2474
8970 2438
8975 2565
8980 2480
8985 2451
8990 2451
8995 2612
9000 2444
9005 2488
9010 2517
9015 2443
9020 2452
9025 2472
9030 2461
9035 2518
9040 2749
9045 2557
9050 2503
9055 2519
9060 2629
9065 2679
9070 2707
9075 2569
9080 2515
9085 2495
9090 2501
9095 2568
9100 2504
9105 2478
9110 2516
9115 2535
9120 2551
9125 2486
9130 2536
9135 2551
9140 2491
9145 2483
9150 2530
9155 2537
9160 2512
9165 2727
9170 2582
9175 2754
9180 2542
9185 2504
9190 2515
9195 2548
9200 2530
9205 2543
9210 2574
9215 2812
9220 2582
9225 2551
9230 2524
9235 2557
9240 2598
9245 2529
9250 2565
9255 2569
9260 2679
9265 2918
9270 2792
9275 2558
9280 2520
9285 2568
9290 2534
9295 2534
9300 2533
9305 2566
9310 2539
9315 2603
9320 2647
9325 2551
9330 2589
9335 2603
9340 2559
9345 2545
9350 2716
9355 2575
9360 2567
9365 2653
9370 2558
9375 2746
9380 2712
9385 2554
9390 2579
9395 2670
9400 2565
9405 2563
9410 2682
9415 2573
9420 2577
9425 2646
9430 2613
9435 2582
9440 2603
9445 2585
9450 2595
9455 2623
9460 2577
9465 2586
9470 2680
9475 2643
9480 2583
9485 2659
9490 2630
9495 2597
9500 2636
9505 2673
9510 2638
9515 2634
9520 2604
9525 2666
9530 2673
9535 2709
9540 2755
9545 2707
9550 2612
9555 2636
9560 2644
9565 2622
9570 2614
9575 2697
9580 2616
9585 2650
9590 2705
9595 2685
9600 2625
9605 2712
9610 2631
9615 2620
9620 2685
9625 2696
9630 2656
9635 2769
9640 2671
9645 2798
9650 3023
9655 2786
9660 2650
9665 2812
9670 2712
9675 2651
9680 2713
9685 2646
9690 2652
9695 2736
9700 2656
9705 2735
9710 3183
9715 2799
9720 2821
9725 2661
9730 2679
9735 2691
9740 2688
9745 2692
9750 2687
9755 2681
9760 2689
9765 2738
9770 2666
9775 2711
9780 2763
9785 2750
9790 2675
9795 2765
9800 2686
9805 2684
9810 2734
9815 2740
9820 2719
9825 2773
9830 2687
9835 2700
9840 2719
9845 2690
9850 2693
9855 2803
9860 3860
9865 2765
9870 2735
9875 2705
9880 2774
9885 2715
9890 2761
9895 2878
9900 2732
9905 2708
9910 2779
9915 2720
9920 2713
9925 2809
9930 2736
9935 2740
9940 2796
9945 2741
9950 2732
9955 2860
9960 2872
9965 3177
9970 2749
9975 2739
9980 2890
9985 3004
9990 3356
9995 2973
10000 2964
