5 0
10 1
15 1
20 2
25 2
30 3
35 3
40 4
45 5
50 5
55 6
60 7
65 8
70 8
75 9
80 10
85 11
90 11
95 12
100 13
105 14
110 15
115 16
120 17
125 17
130 18
135 19
140 20
145 21
150 22
155 22
160 23
165 27
170 25
175 26
180 27
185 28
190 28
195 30
200 31
205 32
210 33
215 34
220 35
225 36
230 37
235 38
240 39
245 40
250 40
255 41
260 43
265 44
270 45
275 46
280 46
285 48
290 49
295 50
300 51
305 52
310 53
315 54
320 56
325 56
330 74
335 82
340 77
345 66
350 69
355 64
360 65
365 65
370 67
375 68
380 68
385 70
390 71
395 72
400 74
405 75
410 75
415 77
420 78
425 79
430 80
435 82
440 82
445 84
450 99
455 108
460 88
465 88
470 89
475 91
480 91
485 108
490 97
495 97
500 98
505 98
510 99
515 100
520 101
525 101
530 103
535 107
540 105
545 106
550 107
555 108
560 118
565 133
570 126
575 128
580 115
585 116
590 117
595 118
600 119
605 120
610 122
615 123
620 124
625 126
630 127
635 128
640 130
645 130
650 131
655 133
660 133
665 135
670 136
675 137
680 138
685 163
690 179
695 166
700 145
705 152
710 147
715 147
720 149
725 151
730 153
735 183
740 156
745 155
750 156
755 157
760 158
765 159
770 161
775 161
780 163
785 164
790 166
795 171
800 183
805 169
810 179
815 211
820 177
825 177
830 211
835 180
840 222
845 218
850 212
855 209
860 192
865 197
870 201
875 201
880 203
885 204
890 263
895 210
900 197
905 197
910 197
915 198
920 199
925 200
930 203
935 204
940 204
945 205
950 206
955 208
960 210
965 229
970 214
975 214
980 215
985 215
990 216
995 218
1000 253
1005 266
1010 266
1015 441
1020 228
1025 227
1030 228
1035 228
1040 229
1045 230
1050 256
1055 271
1060 296
1065 326
1070 287
1075 276
1080 276
1085 269
1090 314
1095 319
1100 260
1105 272
1110 287
1115 272
1120 676
1125 339
1130 337
1135 364
1140 294
1145 312
1150 346
1155 260
1160 262
1165 278
1170 296
1175 325
1180 331
1185 268
1190 269
1195 269
1200 270
1205 274
1210 273
1215 275
1220 276
1225 318
1230 277
1235 279
1240 279
1245 281
1250 282
1255 287
1260 284
1265 287
1270 287
1275 289
1280 290
1285 291
1290 293
1295 295
1300 295
1305 341
1310 354
1315 329
1320 325
1325 323
1330 318
1335 305
1340 314
1345 307
1350 326
1355 314
1360 315
1365 338
1370 350
1375 394
1380 346
1385 329
1390 344
1395 323
1400 322
1405 340
1410 325
1415 326
1420 363
1425 345
1430 356
1435 332
1440 335
1445 336
1450 344
1455 339
1460 339
1465 445
1470 344
1475 360
1480 343
1485 365
1490 347
1495 349
1500 349
1505 349
1510 355
1515 353
1520 366
1525 379
1530 418
1535 393
1540 374
1545 387
1550 379
1555 365
1560 375
1565 367
1570 373
1575 426
1580 395
1585 521
1590 446
1595 432
1600 410
1605 379
1610 379
1615 380
1620 479
1625 390
1630 385
1635 386
1640 390
1645 402
1650 513
1655 541
1660 439
1665 443
1670 436
1675 434
1680 437
1685 552
1690 524
1695 528
1700 526
1705 508
1710 428
1715 407
1720 408
1725 409
1730 422
1735 412
1740 439
1745 437
1750 446
1755 462
1760 481
1765 458
1770 421
1775 501
1780 428
1785 443
1790 562
1795 617
1800 432
1805 435
1810 436
1815 445
1820 439
1825 440
1830 448
1835 441
1840 445
1845 465
1850 508
1855 553
1860 465
1865 449
1870 508
1875 489
1880 554
1885 522
1890 468
1895 497
1900 500
1905 575
1910 574
1915 661
1920 607
1925 562
1930 606
1935 583
1940 652
1945 586
1950 618
1955 613
1960 616
1965 605
1970 603
1975 525
1980 669
1985 597
1990 629
1995 626
2000 583
2005 552
2010 515
2015 495
2020 491
2025 500
2030 511
2035 502
2040 511
2045 515
2050 545
2055 546
2060 555
2065 554
2070 550
2075 586
2080 539
2085 507
2090 580
2095 512
2100 509
2105 511
2110 512
2115 514
2120 513
2125 521
2130 640
2135 526
2140 522
2145 621
2150 712
2155 649
2160 629
2165 543
2170 618
2175 569
2180 610
2185 597
2190 614
2195 554
2200 552
2205 559
2210 591
2215 557
2220 568
2225 560
2230 560
2235 563
2240 566
2245 566
2250 601
2255 743
2260 819
2265 655
2270 606
2275 613
2280 576
2285 578
2290 577
2295 607
2300 593
2305 632
2310 684
2315 597
2320 697
2325 640
2330 595
2335 659
2340 736
2345 661
2350 723
2355 688
2360 599
2365 627
2370 617
2375 603
2380 607
2385 605
2390 612
2395 762
2400 641
2405 627
2410 632
2415 628
2420 657
2425 617
2430 671
2435 666
2440 622
2445 623
2450 680
2455 740
2460 641
2465 678
2470 632
2475 630
2480 633
2485 652
2490 639
2495 646
2500 657
2505 652
2510 644
2515 740
2520 693
2525 703
2530 716
2535 648
2540 652
2545 666
2550 660
2555 670
2560 774
2565 685
2570 763
2575 669
2580 787
2585 668
2590 801
2595 726
2600 706
2605 672
2610 722
2615 674
2620 693
2625 814
2630 752
2635 744
2640 722
2645 695
2650 684
2655 706
2660 744
2665 722
2670 689
2675 689
2680 761
2685 692
2690 696
2695 700
2700 768
2705 744
2710 746
2715 885
2720 749
2725 774
2730 935
2735 760
2740 719
2745 737
2750 745
2755 732
2760 767
2765 717
2770 718
2775 719
2780 827
2785 806
2790 763
2795 788
2800 757
2805 745
2810 733
2815 730
2820 757
2825 753
2830 817
2835 765
2840 787
2845 867
2850 775
2855 796
2860 830
2865 746
2870 836
2875 769
2880 848
2885 764
2890 761
2895 767
2900 761
2905 814
2910 784
2915 845
2920 819
2925 848
2930 809
2935 786
2940 852
2945 861
2950 767
2955 770
2960 774
2965 769
2970 811
2975 849
2980 890
2985 911
2990 843
2995 914
3000 894
3005 892
3010 795
3015 811
3020 924
3025 996
3030 962
3035 790
3040 794
3045 798
3050 818
3055 800
3060 838
3065 1024
3070 921
3075 858
3080 806
3085 807
3090 822
3095 808
3100 811
3105 813
3110 875
3115 814
3120 821
3125 833
3130 818
3135 830
3140 820
3145 896
3150 1006
3155 1054
3160 921
3165 996
3170 837
3175 831
3180 837
3185 879
3190 840
3195 838
3200 852
3205 853
3210 845
3215 870
3220 845
3225 845
3230 847
3235 850
3240 850
3245 870
3250 888
3255 876
3260 1095
3265 1098
3270 1054
3275 863
3280 860
3285 878
3290 889
3295 865
3300 887
3305 871
3310 913
3315 884
3320 928
3325 881
3330 880
3335 957
3340 903
3345 882
3350 881
3355 891
3360 887
3365 915
3370 894
3375 952
3380 890
3385 894
3390 893
3395 896
3400 896
3405 899
3410 900
3415 904
3420 990
3425 913
3430 904
3435 977
3440 908
3445 909
3450 910
3455 911
3460 913
3465 948
3470 922
3475 924
3480 931
3485 932
3490 927
3495 931
3500 930
3505 993
3510 930
3515 929
3520 1120
3525 939
3530 940
3535 1043
3540 1162
3545 994
3550 943
3555 954
3560 991
3565 2197
3570 1189
3575 1141
3580 1243
3585 1195
3590 953
3595 956
3600 955
3605 959
3610 1005
3615 1047
3620 963
3625 966
3630 973
3635 1031
3640 971
3645 969
3650 970
3655 1278
3660 1213
3665 1308
3670 1044
3675 979
3680 979
3685 988
3690 1079
3695 988
3700 1063
3705 990
3710 992
3715 1043
3720 991
3725 1044
3730 1045
3735 1012
3740 996
3745 1232
3750 1307
3755 1255
3760 1157
3765 1071
3770 1002
3775 1008
3780 1130
3785 1006
3790 1014
3795 1023
3800 1115
3805 1027
3810 1077
3815 1077
3820 1209
3825 1168
3830 1032
3835 1102
3840 1075
3845 1143
3850 1221
3855 1322
3860 1031
3865 1059
3870 1167
3875 1040
3880 1048
3885 1118
3890 1121
3895 1096
3900 1089
3905 1333
3910 1092
3915 1083
3920 1057
3925 1050
3930 1054
3935 1161
3940 1158
3945 1055
3950 1058
3955 1083
3960 1081
3965 1157
3970 1176
3975 1287
3980 1113
3985 1066
3990 1133
3995 1076
4000 1085
4005 1149
4010 1150
4015 1081
4020 1081
4025 1143
4030 1181
4035 1107
4040 1107
4045 1450
4050 1141
4055 1143
4060 1138
4065 1202
4070 1252
4075 1302
4080 1183
4085 1095
4090 1140
4095 1270
4100 1194
4105 1164
4110 1339
4115 1136
4120 1141
4125 1125
4130 1153
4135 1153
4140 1340
4145 1206
4150 1117
4155 1116
4160 1208
4165 1251
4170 1679
4175 1351
4180 1147
4185 1131
4190 1131
4195 1191
4200 1254
4205 1287
4210 1133
4215 1134
4220 1144
4225 1182
4230 1181
4235 1228
4240 1168
4245 1199
4250 1210
4255 1149
4260 1163
4265 1185
4270 1334
4275 1152
4280 1156
4285 1512
4290 1192
4295 1294
4300 1392
4305 1374
4310 1367
4315 1524
4320 1522
4325 1460
4330 1258
4335 1170
4340 1225
4345 1181
4350 1185
4355 1279
4360 1706
4365 1503
4370 1544
4375 1375
4380 1274
4385 1183
4390 1224
4395 1278
4400 1211
4405 1190
4410 1196
4415 1300
4420 1267
4425 1197
4430 1198
4435 1205
4440 1202
4445 1314
4450 1207
4455 1252
4460 1308
4465 1211
4470 1212
4475 1289
4480 1661
4485 1402
4490 1221
4495 1218
4500 1283
4505 1220
4510 1229
4515 1242
4520 1295
4525 1279
4530 1229
4535 1230
4540 1233
4545 1234
4550 1246
4555 1235
4560 1251
4565 1327
4570 1255
4575 1255
4580 1324
4585 1277
4590 1258
4595 1260
4600 1268
4605 1284
4610 1256
4615 1279
4620 1253
4625 1255
4630 1270
4635 1260
4640 1265
4645 1325
4650 1289
4655 1280
4660 1325
4665 1272
4670 1279
4675 1331
4680 1273
4685 1284
4690 1279
4695 1288
4700 1293
4705 1288
4710 1413
4715 1292
4720 1297
4725 1322
4730 1289
4735 1304
4740 1937
4745 1326
4750 1411
4755 1331
4760 1309
4765 1444
4770 1301
4775 1301
4780 1323
4785 1306
4790 1323
4795 1321
4800 1362
4805 1312
4810 1356
4815 1385
4820 1316
4825 1638
4830 1787
4835 1518
4840 1743
4845 1648
4850 1421
4855 1334
4860 1327
4865 1345
4870 1340
4875 1334
4880 1406
4885 1408
4890 1348
4895 1339
4900 1569
4905 1582
4910 1368
4915 1347
4920 1397
4925 1348
4930 1437
4935 1352
4940 1421
4945 1390
4950 1463
4955 1369
4960 1415
4965 1358
4970 1398
4975 1629
4980 1435
4985 1364
4990 1375
4995 1376
5000 1374
5005 1713
5010 1382
5015 1445
5020 1387
5025 1389
5030 1459
5035 1702
5040 1395
5045 1530
5050 1558
5055 1552
5060 1494
5065 1549
5070 1848
5075 1964
5080 1868
5085 1397
5090 1414
5095 1471
5100 1402
5105 1406
5110 1493
5115 1449
5120 1405
5125 1410
5130 1410
5135 1417
5140 1486
5145 1417
5150 1422
5155 1418
5160 1468
5165 1686
5170 1837
5175 1656
5180 1618
5185 1476
5190 1537
5195 1431
5200 1445
5205 1453
5210 1434
5215 1509
5220 1530
5225 1437
5230 1441
5235 1511
5240 1455
5245 3218
5250 1586
5255 1452
5260 1456
5265 1598
5270 1465
5275 1464
5280 1498
5285 1565
5290 1607
5295 1523
5300 1480
5305 1465
5310 1464
5315 1566
5320 1504
5325 1494
5330 1479
5335 1495
5340 1540
5345 1522
5350 1513
5355 1489
5360 1483
5365 1568
5370 1603
5375 1503
5380 1504
5385 1685
5390 1669
5395 1613
5400 1490
5405 1508
5410 1611
5415 1920
5420 1550
5425 1521
5430 1546
5435 1507
5440 1579
5445 1618
5450 1556
5455 1526
5460 1529
5465 1626
5470 1524
5475 1600
5480 1519
5485 1883
5490 1596
5495 1730
5500 1525
5505 1542
5510 1555
5515 1594
5520 1534
5525 1553
5530 1541
5535 1541
5540 1908
5545 1750
5550 1546
5555 1564
5560 1599
5565 1550
5570 1558
5575 1559
5580 1580
5585 1565
5590 1584
5595 1613
5600 1751
5605 1804
5610 1641
5615 1555
5620 1563
5625 1611
5630 1559
5635 1570
5640 1578
5645 1688
5650 1579
5655 1584
5660 1581
5665 1581
5670 1579
5675 1630
5680 1593
5685 1627
5690 1603
5695 1693
5700 1602
5705 1791
5710 1594
5715 1588
5720 1589
5725 1607
5730 1623
5735 1609
5740 1655
5745 1717
5750 1654
5755 1603
5760 1610
5765 1610
5770 1654
5775 1623
5780 1606
5785 1709
5790 1676
5795 1697
5800 1653
5805 1619
5810 1660
5815 1686
5820 1630
5825 1647
5830 1783
5835 1898
5840 1669
5845 1711
5850 1627
5855 1633
5860 1678
5865 1633
5870 1632
5875 1694
5880 1639
5885 1640
5890 1749
5895 2067
5900 1820
5905 1643
5910 1644
5915 1653
5920 1880
5925 2164
5930 1856
5935 2190
5940 1977
5945 1654
5950 1679
5955 1656
5960 1668
5965 1667
5970 1665
5975 1672
5980 1799
5985 1679
5990 1746
5995 1668
6000 1670
6005 1670
6010 1727
6015 1679
6020 1677
6025 1678
6030 1794
6035 1687
6040 1722
6045 1691
6050 1749
6055 1687
6060 1708
6065 1761
6070 1768
6075 1773
6080 1699
6085 1707
6090 1777
6095 1723
6100 1775
6105 1711
6110 1799
6115 1711
6120 1772
6125 1753
6130 1781
6135 1722
6140 1732
6145 1737
6150 1747
6155 1734
6160 2109
6165 1919
6170 1787
6175 1725
6180 1738
6185 1734
6190 1818
6195 1731
6200 1767
6205 1732
6210 1799
6215 1833
6220 1781
6225 1789
6230 1744
6235 1743
6240 1859
6245 1777
6250 1756
6255 1799
6260 1844
6265 1797
6270 1765
6275 1779
6280 1755
6285 1840
6290 1774
6295 1813
6300 1846
6305 1773
6310 1773
6315 1770
6320 1779
6325 1771
6330 2131
6335 1787
6340 1857
6345 1943
6350 1811
6355 1798
6360 1825
6365 1788
6370 1796
6375 1798
6380 1796
6385 1797
6390 2397
6395 2130
6400 2082
6405 2304
6410 1817
6415 2245
6420 2162
6425 2016
6430 1856
6435 1802
6440 1805
6445 1805
6450 2194
6455 2150
6460 1845
6465 1833
6470 1973
6475 1836
6480 2518
6485 2080
6490 2253
6495 2028
6500 2054
6505 2171
6510 1836
6515 1878
6520 1904
6525 1854
6530 1843
6535 2193
6540 1938
6545 1848
6550 2009
6555 1846
6560 2151
6565 2201
6570 1853
6575 2160
6580 2348
6585 2447
6590 2439
6595 2032
6600 2263
6605 2257
6610 1988
6615 2071
6620 2104
6625 1943
6630 1879
6635 1937
6640 1885
6645 2159
6650 2299
6655 2100
6660 1869
6665 2044
6670 2163
6675 1889
6680 1892
6685 1911
6690 1988
6695 2001
6700 2091
6705 2000
6710 1902
6715 2169
6720 2106
6725 1970
6730 1967
6735 1944
6740 2123
6745 2250
6750 2098
6755 1910
6760 1909
6765 1921
6770 2007
6775 2079
6780 1932
6785 2048
6790 2068
6795 2226
6800 2068
6805 1923
6810 2254
6815 2387
6820 2332
6825 2092
6830 1973
6835 1988
6840 1945
6845 2165
6850 2005
6855 2037
6860 1933
6865 1999
6870 2093
6875 2019
6880 1948
6885 2101
6890 3321
6895 2427
6900 2363
6905 2010
6910 2050
6915 2012
6920 2145
6925 2156
6930 2007
6935 1974
6940 1963
6945 2104
6950 2284
6955 2052
6960 2041
6965 2075
6970 2007
6975 1975
6980 2331
6985 2163
6990 1974
6995 1996
7000 2058
7005 2389
7010 2209
7015 2025
7020 2035
7025 2049
7030 2040
7035 2193
7040 2285
7045 2028
7050 1999
7055 1996
7060 2261
7065 2015
7070 2053
7075 2149
7080 2268
7085 2182
7090 2095
7095 2092
7100 2319
7105 2025
7110 2023
7115 2241
7120 2468
7125 2184
7130 2042
7135 2185
7140 2138
7145 2063
7150 2170
7155 2425
7160 2261
7165 2164
7170 2345
7175 2060
7180 2057
7185 2088
7190 2130
7195 2104
7200 2305
7205 2307
7210 2295
7215 2159
7220 2672
7225 2188
7230 2321
7235 2070
7240 2111
7245 2131
7250 2161
7255 2301
7260 2111
7265 2061
7270 2107
7275 2298
7280 2365
7285 2261
7290 2220
7295 2208
7300 2495
7305 2175
7310 2245
7315 2482
7320 2420
7325 2744
7330 2174
7335 2218
7340 2205
7345 2268
7350 2205
7355 2113
7360 2484
7365 2226
7370 2179
7375 2193
7380 2236
7385 2225
7390 2219
7395 2096
7400 2150
7405 2203
7410 2210
7415 2275
7420 2197
7425 2188
7430 2156
7435 2282
7440 2252
7445 2299
7450 2143
7455 2145
7460 2151
7465 2126
7470 2141
7475 2149
7480 2186
7485 2121
7490 2128
7495 2206
7500 2189
7505 2134
7510 2427
7515 2517
7520 2135
7525 2182
7530 2230
7535 2144
7540 2142
7545 2153
7550 2160
7555 2188
7560 2146
7565 2424
7570 2290
7575 2172
7580 2153
7585 2174
7590 2185
7595 2179
7600 2169
7605 2626
7610 2243
7615 2274
7620 2500
7625 2191
7630 2167
7635 2179
7640 2318
7645 2179
7650 2196
7655 2193
7660 2257
7665 2193
7670 2185
7675 2252
7680 2200
7685 2190
7690 2200
7695 2270
7700 2215
7705 2205
7710 2413
7715 2225
7720 2211
7725 2210
7730 2221
7735 2267
7740 2264
7745 2201
7750 2299
7755 2226
7760 2205
7765 2362
7770 2315
7775 2226
7780 2232
7785 2349
7790 2215
7795 2219
7800 2274
7805 2244
7810 2226
7815 2225
7820 2368
7825 2254
7830 2240
7835 2288
7840 2232
7845 2237
7850 2242
7855 2423
7860 2290
7865 2244
7870 2308
7875 2245
7880 2304
7885 2242
7890 2334
7895 2289
7900 2250
7905 2262
7910 2257
7915 2321
7920 2269
7925 2322
7930 2322
7935 2267
7940 2320
7945 2264
7950 2269
7955 2268
7960 2321
7965 2552
7970 2293
7975 2277
7980 2303
7985 2297
7990 2277
7995 2321
8000 2380
8005 2331
8010 2292
8015 2330
8020 2327
8025 2296
8030 2333
8035 2327
8040 2301
8045 2296
8050 2349
8055 2303
8060 2358
8065 2407
8070 2331
8075 2307
8080 2316
8085 2311
8090 2313
8095 2333
8100 2435
8105 2347
8110 2313
8115 2403
8120 2323
8125 2327
8130 2318
8135 2433
8140 2346
8145 2379
8150 2336
8155 2595
8160 2400
8165 2331
8170 2473
8175 2345
8180 2349
8185 2348
8190 2400
8195 2347
8200 2347
8205 2489
8210 2363
8215 2367
8220 2360
8225 2403
8230 2384
8235 2537
8240 2357
8245 2359
8250 2368
8255 2382
8260 2372
8265 2368
8270 2463
8275 2428
8280 2368
8285 2370
8290 2395
8295 2374
8300 2380
8305 2421
8310 2418
8315 2494
8320 2467
8325 2403
8330 2402
8335 2552
8340 2412
8345 2424
8350 2559
8355 2734
8360 2477
8365 2534
8370 2442
8375 2538
8380 2707
8385 2615
8390 2421
8395 2570
8400 2451
8405 2443
8410 2414
8415 2539
8420 2450
8425 2494
8430 2504
8435 2442
8440 2438
8445 2546
8450 2451
8455 2496
8460 2652
8465 2547
8470 2464
8475 2583
8480 2670
8485 2670
8490 2575
8495 2472
8500 2467
8505 2616
8510 2755
8515 2584
8520 2840
8525 2527
8530 2502
8535 2647
8540 2551
8545 2694
8550 3063
8555 2747
8560 2483
8565 2646
8570 2494
8575 2745
8580 2562
8585 2500
8590 2669
8595 2733
8600 3058
8605 2542
8610 2539
8615 2487
8620 2588
8625 2583
8630 2511
8635 2654
8640 2644
8645 2797
8650 2517
8655 2553
8660 2661
8665 2827
8670 2650
8675 2515
8680 2552
8685 2622
8690 2850
8695 2740
8700 2540
8705 2756
8710 2777
8715 2635
8720 2646
8725 2593
8730 2626
8735 2533
8740 2657
8745 3287
8750 2604
8755 2672
8760 2913
8765 2532
8770 2636
8775 2727
8780 2690
8785 2814
8790 2612
8795 2620
8800 2609
8805 2809
8810 2588
8815 2586
8820 2626
8825 2576
8830 2676
8835 2778
8840 2637
8845 2591
8850 2631
8855 2603
8860 2584
8865 2726
8870 2861
8875 2675
8880 2610
8885 3989
8890 2612
8895 2795
8900 2662
8905 2908
8910 2586
8915 2634
8920 2971
8925 2738
8930 2596
8935 2872
8940 2875
8945 2670
8950 2617
8955 2611
8960 2583
8965 2705
8970 2588
8975 2585
8980 2633
8985 2629
8990 2602
8995 2682
9000 2643
9005 2597
9010 2752
9015 2609
9020 2616
9025 2733
9030 2606
9035 2666
9040 2713
9045 2609
9050 2609
9055 2692
9060 2622
9065 2699
9070 2771
9075 2665
9080 2675
9085 3041
9090 2642
9095 2646
9100 2729
9105 2632
9110 2640
9115 2703
9120 2642
9125 2644
9130 2648
9135 2654
9140 2756
9145 2701
9150 2643
9155 2777
9160 3166
9165 2657
9170 2767
9175 2654
9180 2683
9185 2718
9190 2702
9195 2656
9200 2782
9205 2685
9210 2663
9215 2792
9220 2667
9225 2673
9230 2753
9235 2683
9240 2905
9245 2831
9250 2683
9255 2715
9260 2791
9265 2683
9270 2687
9275 2831
9280 2691
9285 2699
9290 2855
9295 2710
9300 2775
9305 2723
9310 2702
9315 2753
9320 2743
9325 2723
9330 2862
9335 2713
9340 2714
9345 2795
9350 2722
9355 2814
9360 2860
9365 2717
9370 2863
9375 2821
9380 2712
9385 2719
9390 2796
9395 2716
9400 3028
9405 2767
9410 2745
9415 2862
9420 2771
9425 2750
9430 2879
9435 2769
9440 2834
9445 2827
9450 2758
9455 2811
9460 2929
9465 2751
9470 2810
9475 2864
9480 2819
9485 2814
9490 2842
9495 2805
9500 2865
9505 2775
9510 2814
9515 3029
9520 2932
9525 3470
9530 3195
9535 2877
9540 2975
9545 2804
9550 2880
9555 3154
9560 2991
9565 2876
9570 2995
9575 2936
9580 3100
9585 3151
9590 3209
9595 3252
9600 2899
9605 3011
9610 2918
9615 2996
9620 2947
9625 2906
9630 3043
9635 2917
9640 2855
9645 2907
9650 2990
9655 2915
9660 3230
9665 2984
9670 2919
9675 3175
9680 2898
9685 3123
9690 2959
9695 3050
9700 2967
9705 2933
9710 2879
9715 3500
9720 2994
9725 3005
9730 3020
9735 3186
9740 3405
9745 3102
9750 2989
9755 2983
9760 2850
9765 3139
9770 2910
9775 3074
9780 2974
9785 3067
9790 3243
9795 3026
9800 3092
9805 2911
9810 2964
9815 3190
9820 3258
9825 2940
9830 3034
9835 2874
9840 3174
9845 2875
9850 3069
9855 3727
9860 3240
9865 3167
9870 3044
9875 3488
9880 3190
9885 3052
9890 2967
9895 2886
9900 3451
9905 3006
9910 3101
9915 3038
9920 2982
9925 3045
9930 3139
9935 3034
9940 2994
9945 3006
9950 3080
9955 3101
9960 2959
9965 3040
9970 2991
9975 3002
9980 3258
9985 3163
9990 3332
9995 2985
10000 2944
