5 0
10 0
15 1
20 1
25 2
30 2
35 3
40 3
45 4
50 4
55 5
60 6
65 6
70 7
75 7
80 8
85 9
90 10
95 10
100 11
105 12
110 12
115 13
120 13
125 14
130 15
135 16
140 17
145 17
150 18
155 19
160 19
165 20
170 21
175 22
180 23
185 23
190 24
195 25
200 26
205 27
210 27
215 28
220 29
225 30
230 31
235 32
240 32
245 33
250 34
255 35
260 36
265 37
270 37
275 39
280 40
285 40
290 41
295 42
300 43
305 43
310 45
315 46
320 47
325 48
330 49
335 50
340 50
345 73
350 80
355 67
360 65
365 62
370 66
375 60
380 64
385 64
390 63
395 64
400 65
405 66
410 67
415 68
420 69
425 70
430 72
435 72
440 73
445 88
450 93
455 76
460 78
465 80
470 81
475 118
480 96
485 135
490 136
495 84
500 86
505 87
510 121
515 155
520 90
525 90
530 127
535 106
540 127
545 115
550 96
555 132
560 115
565 119
570 103
575 102
580 109
585 140
590 196
595 105
600 107
605 109
610 176
615 110
620 126
625 142
630 141
635 143
640 115
645 146
650 153
655 147
660 120
665 121
670 122
675 123
680 124
685 125
690 126
695 127
700 128
705 129
710 130
715 132
720 195
725 159
730 133
735 134
740 134
745 135
750 136
755 136
760 138
765 138
770 139
775 140
780 142
785 143
790 143
795 145
800 183
805 147
810 147
815 149
820 150
825 151
830 152
835 153
840 155
845 174
850 161
855 162
860 163
865 164
870 166
875 166
880 167
885 169
890 170
895 171
900 171
905 173
910 174
915 177
920 177
925 178
930 179
935 180
940 181
945 182
950 183
955 184
960 186
965 187
970 188
975 189
980 190
985 191
990 191
995 193
1000 196
1005 196
1010 197
1015 198
1020 199
1025 201
1030 201
1035 202
1040 204
1045 204
1050 207
1055 207
1060 207
1065 209
1070 210
1075 212
1080 212
1085 214
1090 215
1095 228
1100 211
1105 212
1110 214
1115 215
1120 217
1125 267
1130 218
1135 219
1140 221
1145 221
1150 222
1155 224
1160 224
1165 261
1170 227
1175 228
1180 230
1185 229
1190 231
1195 292
1200 287
1205 235
1210 236
1215 239
1220 238
1225 241
1230 241
1235 242
1240 242
1245 367
1250 248
1255 248
1260 249
1265 250
1270 251
1275 252
1280 253
1285 254
1290 254
1295 256
1300 257
1305 258
1310 259
1315 259
1320 261
1325 262
1330 264
1335 264
1340 265
1345 267
1350 268
1355 269
1360 274
1365 272
1370 273
1375 274
1380 275
1385 277
1390 278
1395 279
1400 280
1405 281
1410 283
1415 284
1420 285
1425 286
1430 287
1435 288
1440 325
1445 290
1450 291
1455 293
1460 293
1465 294
1470 297
1475 297
1480 298
1485 299
1490 300
1495 301
1500 303
1505 304
1510 306
1515 306
1520 345
1525 328
1530 311
1535 390
1540 312
1545 352
1550 314
1555 315
1560 317
1565 320
1570 321
1575 322
1580 322
1585 325
1590 325
1595 420
1600 329
1605 329
1610 330
1615 330
1620 330
1625 333
1630 333
1635 334
1640 336
1645 337
1650 338
1655 340
1660 340
1665 343
1670 343
1675 345
1680 345
1685 426
1690 349
1695 388
1700 351
1705 351
1710 353
1715 354
1720 354
1725 355
1730 358
1735 358
1740 359
1745 361
1750 371
1755 352
1760 354
1765 356
1770 357
1775 358
1780 359
1785 360
1790 362
1795 362
1800 363
1805 364
1810 366
1815 367
1820 368
1825 412
1830 406
1835 372
1840 372
1845 374
1850 374
1855 374
1860 378
1865 379
1870 378
1875 442
1880 474
1885 381
1890 383
1895 384
1900 385
1905 385
1910 388
1915 388
1920 390
1925 392
1930 392
1935 394
1940 396
1945 395
1950 398
1955 554
1960 399
1965 400
1970 402
1975 404
1980 404
1985 405
1990 406
1995 428
2000 426
2005 409
2010 411
2015 413
2020 413
2025 413
2030 415
2035 415
2040 416
2045 419
2050 420
2055 421
2060 421
2065 423
2070 425
2075 425
2080 504
2085 427
2090 430
2095 430
2100 430
2105 432
2110 435
2115 434
2120 435
2125 563
2130 438
2135 439
2140 440
2145 440
2150 443
2155 443
2160 446
2165 535
2170 447
2175 490
2180 449
2185 451
2190 527
2195 452
2200 513
2205 455
2210 457
2215 482
2220 471
2225 473
2230 474
2235 475
2240 475
2245 477
2250 478
2255 480
2260 480
2265 481
2270 483
2275 485
2280 486
2285 485
2290 487
2295 488
2300 529
2305 492
2310 492
2315 495
2320 655
2325 541
2330 484
2335 565
2340 487
2345 491
2350 547
2355 524
2360 491
2365 493
2370 493
2375 494
2380 533
2385 498
2390 497
2395 520
2400 609
2405 523
2410 516
2415 518
2420 518
2425 520
2430 521
2435 523
2440 523
2445 524
2450 525
2455 527
2460 528
2465 529
2470 531
2475 531
2480 570
2485 534
2490 534
2495 538
2500 537
2505 541
2510 539
2515 540
2520 542
2525 543
2530 598
2535 547
2540 547
2545 549
2550 549
2555 550
2560 550
2565 552
2570 553
2575 554
2580 556
2585 559
2590 604
2595 546
2600 545
2605 549
2610 551
2615 574
2620 688
2625 552
2630 553
2635 555
2640 555
2645 558
2650 557
2655 559
2660 560
2665 561
2670 563
2675 584
2680 611
2685 566
2690 566
2695 569
2700 569
2705 591
2710 612
2715 645
2720 574
2725 576
2730 578
2735 577
2740 579
2745 580
2750 580
2755 583
2760 584
2765 673
2770 586
2775 589
2780 588
2785 593
2790 591
2795 593
2800 593
2805 595
2810 595
2815 596
2820 716
2825 600
2830 677
2835 601
2840 603
2845 603
2850 646
2855 605
2860 607
2865 611
2870 610
2875 612
2880 614
2885 754
2890 614
2895 616
2900 618
2905 772
2910 622
2915 659
2920 621
2925 624
2930 708
2935 625
2940 626
2945 629
2950 630
2955 631
2960 635
2965 633
2970 634
2975 635
2980 638
2985 638
2990 639
2995 640
3000 642
3005 681
3010 684
3015 755
3020 645
3025 646
3030 729
3035 650
3040 760
3045 669
3050 653
3055 677
3060 673
3065 675
3070 674
3075 676
3080 677
3085 679
3090 755
3095 681
3100 683
3105 683
3110 685
3115 687
3120 687
3125 700
3130 673
3135 674
3140 751
3145 676
3150 678
3155 678
3160 680
3165 735
3170 682
3175 766
3180 768
3185 685
3190 874
3195 718
3200 708
3205 708
3210 708
3215 710
3220 711
3225 713
3230 714
3235 836
3240 717
3245 718
3250 723
3255 721
3260 730
3265 705
3270 705
3275 707
3280 708
3285 709
3290 710
3295 787
3300 711
3305 790
3310 715
3315 719
3320 717
3325 718
3330 804
3335 761
3340 723
3345 722
3350 723
3355 725
3360 847
3365 729
3370 729
3375 806
3380 897
3385 833
3390 1024
3395 993
3400 888
3405 794
3410 869
3415 784
3420 760
3425 761
3430 763
3435 807
3440 766
3445 766
3450 818
3455 792
3460 802
3465 793
3470 792
3475 795
3480 797
3485 797
3490 797
3495 799
3500 801
3505 802
3510 807
3515 784
3520 787
3525 785
3530 786
3535 791
3540 788
3545 790
3550 792
3555 794
3560 794
3565 910
3570 796
3575 800
3580 801
3585 803
3590 887
3595 803
3600 847
3605 806
3610 808
3615 812
3620 812
3625 813
3630 938
3635 796
3640 794
3645 945
3650 796
3655 891
3660 798
3665 877
3670 839
3675 804
3680 843
3685 806
3690 848
3695 808
3700 808
3705 809
3710 811
3715 1004
3720 815
3725 815
3730 816
3735 816
3740 818
3745 819
3750 942
3755 860
3760 845
3765 883
3770 1061
3775 980
3780 825
3785 828
3790 830
3795 988
3800 862
3805 855
3810 898
3815 916
3820 860
3825 861
3830 881
3835 933
3840 1022
3845 895
3850 917
3855 954
3860 924
3865 915
3870 911
3875 914
3880 923
3885 912
3890 917
3895 951
3900 933
3905 928
3910 935
3915 920
3920 912
3925 946
3930 928
3935 965
3940 1001
3945 932
3950 929
3955 929
3960 916
3965 918
3970 922
3975 948
3980 931
3985 944
3990 933
3995 932
4000 928
4005 997
4010 929
4015 935
4020 967
4025 950
4030 956
4035 949
4040 938
4045 938
4050 947
4055 956
4060 944
4065 943
4070 943
4075 946
4080 978
4085 983
4090 951
4095 951
4100 952
4105 958
4110 957
4115 956
4120 956
4125 964
4130 960
4135 962
4140 990
4145 963
4150 964
4155 966
4160 988
4165 943
4170 944
4175 946
4180 948
4185 948
4190 974
4195 952
4200 990
4205 955
4210 953
4215 954
4220 958
4225 959
4230 958
4235 997
4240 940
4245 1082
4250 1027
4255 1109
4260 1307
4265 1270
4270 1339
4275 971
4280 975
4285 1087
4290 1057
4295 978
4300 1046
4305 1005
4310 1006
4315 1007
4320 1010
4325 1011
4330 1011
4335 1047
4340 1016
4345 1032
4350 1030
4355 1048
4360 1043
4365 991
4370 995
4375 1000
4380 997
4385 999
4390 1042
4395 1044
4400 976
4405 978
4410 978
4415 980
4420 1020
4425 983
4430 1062
4435 1053
4440 1041
4445 1033
4450 1012
4455 1017
4460 1103
4465 991
4470 993
4475 995
4480 996
4485 998
4490 998
4495 1109
4500 1002
4505 1004
4510 1007
4515 1006
4520 1123
4525 1008
4530 1009
4535 1010
4540 1093
4545 1070
4550 1013
4555 1053
4560 1106
4565 1051
4570 1018
4575 1153
4580 1019
4585 1107
4590 1089
4595 1052
4600 1099
4605 1095
4610 1093
4615 1057
4620 1057
4625 1058
4630 1077
4635 1034
4640 1124
4645 1037
4650 1039
4655 1132
4660 1212
4665 1045
4670 1202
4675 1122
4680 1126
4685 1126
4690 1125
4695 1080
4700 1078
4705 1081
4710 1080
4715 1104
4720 1111
4725 1113
4730 1115
4735 1116
4740 1121
4745 1119
4750 1163
4755 1126
4760 1120
4765 1094
4770 1093
4775 1096
4780 1247
4785 1172
4790 1160
4795 1137
4800 1147
4805 1103
4810 1104
4815 1105
4820 1107
4825 1185
4830 1110
4835 1114
4840 1147
4845 1147
4850 1166
4855 1164
4860 1090
4865 1163
4870 1221
4875 1093
4880 1170
4885 1100
4890 1096
4895 1099
4900 1098
4905 1179
4910 1100
4915 1223
4920 1133
4925 1133
4930 1110
4935 1209
4940 1108
4945 1147
4950 1112
4955 1111
4960 1268
4965 1115
4970 1175
4975 1393
4980 1237
4985 1153
4990 1154
4995 1151
5000 1154
5005 1278
5010 1157
5015 1162
5020 1313
5025 1161
5030 1167
5035 1259
5040 1163
5045 1183
5050 1168
5055 1172
5060 1171
5065 1229
5070 1172
5075 1213
5080 1175
5085 1215
5090 1260
5095 1228
5100 1178
5105 1778
5110 1298
5115 1224
5120 1216
5125 1218
5130 1222
5135 1219
5140 1224
5145 1222
5150 1224
5155 1250
5160 1225
5165 1226
5170 1232
5175 1235
5180 1198
5185 1199
5190 1305
5195 1208
5200 1242
5205 1321
5210 1207
5215 1290
5220 1208
5225 1211
5230 1210
5235 1213
5240 1215
5245 1296
5250 1245
5255 1299
5260 1219
5265 1222
5270 1220
5275 1285
5280 1226
5285 1227
5290 1212
5295 1277
5300 1326
5305 1252
5310 1218
5315 1202
5320 1203
5325 1219
5330 1238
5335 1241
5340 1280
5345 1240
5350 1241
5355 1369
5360 1243
5365 1340
5370 1248
5375 1248
5380 1360
5385 1251
5390 1253
5395 1336
5400 1255
5405 1256
5410 1255
5415 1295
5420 1341
5425 1261
5430 1264
5435 1386
5440 1273
5445 1239
5450 1233
5455 1235
5460 1315
5465 1238
5470 1318
5475 1243
5480 1241
5485 1335
5490 1290
5495 1247
5500 1325
5505 1249
5510 1249
5515 1250
5520 1352
5525 1252
5530 1414
5535 1255
5540 1337
5545 1259
5550 1258
5555 1345
5560 1296
5565 1294
5570 1265
5575 1265
5580 1308
5585 1300
5590 1394
5595 1361
5600 1307
5605 1273
5610 1274
5615 1276
5620 1397
5625 1279
5630 1283
5635 1280
5640 1282
5645 1283
5650 1284
5655 1364
5660 1367
5665 1368
5670 1502
5675 1407
5680 1440
5685 1703
5690 1297
5695 1318
5700 1419
5705 1367
5710 1367
5715 1369
5720 1374
5725 1374
5730 1374
5735 1386
5740 1344
5745 1342
5750 1476
5755 1344
5760 1345
5765 1346
5770 1356
5775 1354
5780 1357
5785 1414
5790 1318
5795 1336
5800 1351
5805 1321
5810 1408
5815 1324
5820 1394
5825 1602
5830 1329
5835 1327
5840 1330
5845 1333
5850 1523
5855 1390
5860 1338
5865 1336
5870 1340
5875 1339
5880 1455
5885 1597
5890 1346
5895 1344
5900 1450
5905 1431
5910 1514
5915 1557
5920 1436
5925 1388
5930 1388
5935 1390
5940 1392
5945 1511
5950 1431
5955 1396
5960 1479
5965 1397
5970 1524
5975 1441
5980 1602
5985 1442
5990 1442
5995 1487
6000 1511
6005 1472
6010 1452
6015 1448
6020 1451
6025 1522
6030 1468
6035 1455
6040 1504
6045 1459
6050 1468
6055 1537
6060 1468
6065 1509
6070 1465
6075 1466
6080 1556
6085 1475
6090 1467
6095 1474
6100 1472
6105 1510
6110 1583
6115 1487
6120 1479
6125 1480
6130 1484
6135 1585
6140 1489
6145 1486
6150 1486
6155 1486
6160 1583
6165 1534
6170 1491
6175 1492
6180 1510
6185 1546
6190 1506
6195 1509
6200 1499
6205 1500
6210 1546
6215 1859
6220 1906
6225 1527
6230 1509
6235 1566
6240 1517
6245 1540
6250 1527
6255 1507
6260 1529
6265 1614
6270 1513
6275 1517
6280 1517
6285 1518
6290 1569
6295 1541
6300 1714
6305 2092
6310 1694
6315 1575
6320 1611
6325 1859
6330 1568
6335 1609
6340 1552
6345 1666
6350 1610
6355 1548
6360 1808
6365 1867
6370 1631
6375 1545
6380 1634
6385 1547
6390 1546
6395 1554
6400 1549
6405 1592
6410 1558
6415 1550
6420 1554
6425 1569
6430 1587
6435 1571
6440 1590
6445 1619
6450 1567
6455 1632
6460 1573
6465 1564
6470 1572
6475 1626
6480 1975
6485 1991
6490 1989
6495 1696
6500 1757
6505 1574
6510 1575
6515 1578
6520 1591
6525 1582
6530 1636
6535 1541
6540 1544
6545 1662
6550 1563
6555 1553
6560 1696
6565 1508
6570 1670
6575 1510
6580 1688
6585 1603
6590 1666
6595 1713
6600 1563
6605 1595
6610 1632
6615 1561
6620 1672
6625 1679
6630 1564
6635 1568
6640 1690
6645 1647
6650 1577
6655 1611
6660 1575
6665 1576
6670 1795
6675 1855
6680 2209
6685 1847
6690 1650
6695 1652
6700 1712
6705 1677
6710 1634
6715 1636
6720 1632
6725 1661
6730 1645
6735 1642
6740 1647
6745 1734
6750 1698
6755 1639
6760 1645
6765 1647
6770 1646
6775 1661
6780 1683
6785 1651
6790 1657
6795 1977
6800 1611
6805 1611
6810 1769
6815 1614
6820 1632
6825 1658
6830 1710
6835 1668
6840 1689
6845 1770
6850 1665
6855 1667
6860 1674
6865 1678
6870 1741
6875 1673
6880 1832
6885 1929
6890 1945
6895 1673
6900 1656
6905 1787
6910 1687
6915 1689
6920 1683
6925 1736
6930 1777
6935 1794
6940 1692
6945 1693
6950 1726
6955 1720
6960 1696
6965 1700
6970 1729
6975 1720
6980 1744
6985 1784
6990 1762
6995 1739
7000 1712
7005 2137
7010 1911
7015 1760
7020 1731
7025 2078
7030 1928
7035 1935
7040 1719
7045 1748
7050 1727
7055 1729
7060 1815
7065 1767
7070 1992
7075 1848
7080 1780
7085 1729
7090 1741
7095 1745
7100 1768
7105 1854
7110 1747
7115 2003
7120 2015
7125 1822
7130 1742
7135 1741
7140 1741
7145 1816
7150 1799
7155 1756
7160 1848
7165 1825
7170 1787
7175 1764
7180 1773
7185 1780
7190 1860
7195 1777
7200 1760
7205 1768
7210 1764
7215 1879
7220 1776
7225 1765
7230 1767
7235 1819
7240 1769
7245 1848
7250 1793
7255 1780
7260 1924
7265 1784
7270 1776
7275 1817
7280 1848
7285 1783
7290 1835
7295 1791
7300 2349
7305 2026
7310 1794
7315 1795
7320 1842
7325 1798
7330 1847
7335 1854
7340 1801
7345 1836
7350 1798
7355 1808
7360 1834
7365 1857
7370 1806
7375 1818
7380 1854
7385 1945
7390 1819
7395 1836
7400 1817
7405 1826
7410 1815
7415 1816
7420 1817
7425 1901
7430 1858
7435 1821
7440 1921
7445 1823
7450 1872
7455 1828
7460 1856
7465 1960
7470 1843
7475 1944
7480 1836
7485 1882
7490 1856
7495 1893
7500 1838
7505 1864
7510 1873
7515 1861
7520 1845
7525 1846
7530 1848
7535 1849
7540 1851
7545 1840
7550 2215
7555 1891
7560 1804
7565 2091
7570 1857
7575 1908
7580 1900
7585 1861
7590 1898
7595 1911
7600 1927
7605 1935
7610 2620
7615 2179
7620 1876
7625 1929
7630 1917
7635 1874
7640 1892
7645 1991
7650 1880
7655 1974
7660 1891
7665 1904
7670 1947
7675 1931
7680 1918
7685 1916
7690 1956
7695 1927
7700 1950
7705 1911
7710 1975
7715 1943
7720 2058
7725 2302
7730 2089
7735 2513
7740 1947
7745 1986
7750 1988
7755 1917
7760 1915
7765 1918
7770 1978
7775 2039
7780 1942
7785 1914
7790 1916
7795 1991
7800 1988
7805 1990
7810 1980
7815 1964
7820 1953
7825 1953
7830 1973
7835 2059
7840 1944
7845 1934
7850 1937
7855 2044
7860 2117
7865 1934
7870 1934
7875 2085
7880 2017
7885 1954
7890 1963
7895 2078
7900 1949
7905 1972
7910 1955
7915 2219
7920 2020
7925 1957
7930 1996
7935 2033
7940 1969
7945 1992
7950 1994
7955 2049
7960 1964
7965 2027
7970 2108
7975 2050
7980 2017
7985 1982
7990 2053
7995 1970
8000 2003
8005 2017
8010 2106
8015 2022
8020 1977
8025 1980
8030 2186
8035 2097
8040 2024
8045 1991
8050 2039
8055 2024
8060 1986
8065 2128
8070 2204
8075 2265
8080 2028
8085 1993
8090 2039
8095 2019
8100 1998
8105 2119
8110 2203
8115 2060
8120 2015
8125 2137
8130 2057
8135 2006
8140 2011
8145 2037
8150 2120
8155 2067
8160 2015
8165 2099
8170 2016
8175 2067
8180 2065
8185 2067
8190 2066
8195 2100
8200 2022
8205 2273
8210 2030
8215 2060
8220 2166
8225 2071
8230 2115
8235 2031
8240 2061
8245 2046
8250 2038
8255 2093
8260 2101
8265 2050
8270 2058
8275 2058
8280 2170
8285 2046
8290 2048
8295 2049
8300 2344
8305 2109
8310 2076
8315 2216
8320 2082
8325 2088
8330 2105
8335 2108
8340 2068
8345 2065
8350 2064
8355 2150
8360 2109
8365 2138
8370 2111
8375 2226
8380 2111
8385 2218
8390 2164
8395 2089
8400 2079
8405 2087
8410 2366
8415 2115
8420 2104
8425 2097
8430 2166
8435 2087
8440 2095
8445 2157
8450 2188
8455 2100
8460 2166
8465 2249
8470 2107
8475 2104
8480 2100
8485 2157
8490 2165
8495 2117
8500 2174
8505 2153
8510 2200
8515 2109
8520 2182
8525 2245
8530 2314
8535 2251
8540 2211
8545 2166
8550 2155
8555 2241
8560 2145
8565 2129
8570 2161
8575 2180
8580 2177
8585 2203
8590 2157
8595 2270
8600 2130
8605 2231
8610 2280
8615 2214
8620 2141
8625 2140
8630 2218
8635 2168
8640 2158
8645 2208
8650 2224
8655 2188
8660 2146
8665 2350
8670 2185
8675 2153
8680 2217
8685 2322
8690 2183
8695 2194
8700 2219
8705 2209
8710 2160
8715 2215
8720 2260
8725 2344
8730 2789
8735 2334
8740 2236
8745 2173
8750 2736
8755 2484
8760 2655
8765 2690
8770 2223
8775 2186
8780 2186
8785 2606
8790 2198
8795 2219
8800 2245
8805 2228
8810 2189
8815 2193
8820 2396
8825 2195
8830 2212
8835 2248
8840 2206
8845 2275
8850 2205
8855 2359
8860 2305
8865 2541
8870 2636
8875 2264
8880 2206
8885 2298
8890 2325
8895 2236
8900 2218
8905 2273
8910 2262
8915 2228
8920 2350
8925 2260
8930 2228
8935 2242
8940 2296
8945 2271
8950 2282
8955 2310
8960 2350
8965 2271
8970 2231
8975 2280
8980 2288
8985 2266
8990 2301
8995 2253
9000 2296
9005 2285
9010 2454
9015 2283
9020 2251
9025 2319
9030 2363
9035 2259
9040 2250
9045 2327
9050 2256
9055 2298
9060 2322
9065 2262
9070 2322
9075 2270
9080 2433
9085 2266
9090 2317
9095 2355
9100 2350
9105 2338
9110 2335
9115 2297
9120 2277
9125 2284
9130 2342
9135 2369
9140 2301
9145 2415
9150 2350
9155 2290
9160 2286
9165 2357
9170 2382
9175 2311
9180 2331
9185 2299
9190 2356
9195 2353
9200 2360
9205 2312
9210 2307
9215 2396
9220 2302
9225 2311
9230 2352
9235 2365
9240 2360
9245 2346
9250 2388
9255 2314
9260 2346
9265 2413
9270 2338
9275 2376
9280 2389
9285 2405
9290 2327
9295 2355
9300 2381
9305 2396
9310 2350
9315 2389
9320 2350
9325 2328
9330 2336
9335 2397
9340 2340
9345 2337
9350 2468
9355 2361
9360 2348
9365 2499
9370 2365
9375 2446
9380 2374
9385 2382
9390 2355
9395 2356
9400 2511
9405 2369
9410 2369
9415 2474
9420 2463
9425 2364
9430 2401
9435 2393
9440 2388
9445 2426
9450 2610
9455 2368
9460 2368
9465 2483
9470 2442
9475 2393
9480 2448
9485 2413
9490 2398
9495 2411
9500 2397
9505 2423
9510 2414
9515 2439
9520 2386
9525 2418
9530 2488
9535 2440
9540 2390
9545 2505
9550 2485
9555 2422
9560 2423
9565 2420
9570 2402
9575 2464
9580 2533
9585 2402
9590 2413
9595 2495
9600 2435
9605 2404
9610 2497
9615 2467
9620 2425
9625 2415
9630 2472
9635 2462
9640 2432
9645 2571
9650 2418
9655 2430
9660 2541
9665 2422
9670 2425
9675 2513
9680 2490
9685 2431
9690 2506
9695 2492
9700 2433
9705 2536
9710 2552
9715 2486
9720 2445
9725 2497
9730 2448
9735 2448
9740 2607
9745 2474
9750 2455
9755 2500
9760 2511
9765 2458
9770 2619
9775 2511
9780 2579
9785 3431
9790 2620
9795 2504
9800 2599
9805 2490
9810 2485
9815 2539
9820 2470
9825 2483
9830 2490
9835 2582
9840 2483
9845 2472
9850 2533
9855 2507
9860 2476
9865 2653
9870 2571
9875 2903
9880 3169
9885 2677
9890 2486
9895 2533
9900 2497
9905 2615
9910 2693
9915 2509
9920 2430
9925 2649
9930 2521
9935 2497
9940 2562
9945 2579
9950 2503
9955 2678
9960 2545
9965 2508
9970 2553
9975 2509
9980 2535
9985 2579
9990 2519
9995 2515
10000 2619
