5 0
10 0
15 1
20 1
25 2
30 2
35 3
40 3
45 4
50 6
55 5
60 5
65 6
70 7
75 8
80 8
85 9
90 10
95 10
100 11
105 12
110 12
115 13
120 14
125 15
130 15
135 16
140 17
145 18
150 18
155 19
160 20
165 20
170 21
175 22
180 23
185 23
190 24
195 25
200 26
205 27
210 28
215 29
220 29
225 30
230 31
235 32
240 34
245 64
250 53
255 58
260 87
265 37
270 38
275 39
280 40
285 41
290 41
295 42
300 43
305 44
310 45
315 46
320 46
325 48
330 48
335 49
340 50
345 51
350 52
355 53
360 54
365 55
370 56
375 56
380 57
385 58
390 60
395 60
400 61
405 63
410 63
415 65
420 65
425 66
430 68
435 68
440 69
445 70
450 71
455 73
460 73
465 74
470 75
475 76
480 77
485 78
490 79
495 80
500 81
505 82
510 82
515 84
520 211
525 141
530 86
535 87
540 89
545 90
550 91
555 92
560 93
565 94
570 95
575 96
580 96
585 98
590 98
595 100
600 101
605 102
610 103
615 104
620 105
625 107
630 107
635 109
640 109
645 110
650 111
655 112
660 112
665 113
670 115
675 116
680 118
685 119
690 119
695 120
700 122
705 123
710 124
715 124
720 126
725 126
730 127
735 129
740 129
745 153
750 135
755 135
760 138
765 191
770 145
775 160
780 144
785 168
790 162
795 146
800 161
805 144
810 145
815 145
820 146
825 148
830 148
835 186
840 150
845 152
850 153
855 154
860 155
865 157
870 157
875 158
880 159
885 160
890 161
895 162
900 163
905 164
910 277
915 178
920 178
925 250
930 231
935 272
940 199
945 219
950 291
955 201
960 240
965 277
970 188
975 260
980 192
985 210
990 194
995 221
1000 230
1005 231
1010 232
1015 304
1020 194
1025 195
1030 196
1035 233
1040 198
1045 272
1050 201
1055 201
1060 202
1065 203
1070 204
1075 206
1080 207
1085 208
1090 210
1095 211
1100 211
1105 212
1110 213
1115 215
1120 216
1125 216
1130 218
1135 219
1140 221
1145 222
1150 241
1155 230
1160 231
1165 232
1170 233
1175 234
1180 236
1185 236
1190 238
1195 239
1200 240
1205 242
1210 243
1215 244
1220 244
1225 245
1230 249
1235 249
1240 250
1245 250
1250 252
1255 253
1260 253
1265 255
1270 256
1275 256
1280 258
1285 259
1290 261
1295 263
1300 263
1305 266
1310 266
1315 267
1320 268
1325 269
1330 270
1335 272
1340 334
1345 269
1350 268
1355 270
1360 272
1365 270
1370 273
1375 274
1380 276
1385 276
1390 277
1395 317
1400 279
1405 280
1410 281
1415 283
1420 284
1425 284
1430 286
1435 287
1440 289
1445 289
1450 334
1455 292
1460 293
1465 293
1470 295
1475 297
1480 298
1485 299
1490 307
1495 495
1500 303
1505 303
1510 305
1515 306
1520 307
1525 309
1530 309
1535 311
1540 312
1545 313
1550 314
1555 316
1560 316
1565 319
1570 319
1575 320
1580 321
1585 324
1590 323
1595 326
1600 326
1605 326
1610 370
1615 329
1620 330
1625 332
1630 332
1635 334
1640 335
1645 335
1650 347
1655 330
1660 443
1665 395
1670 376
1675 335
1680 336
1685 336
1690 339
1695 339
1700 339
1705 340
1710 341
1715 343
1720 386
1725 380
1730 346
1735 348
1740 349
1745 349
1750 351
1755 430
1760 354
1765 355
1770 356
1775 357
1780 372
1785 369
1790 370
1795 371
1800 373
1805 373
1810 375
1815 375
1820 377
1825 379
1830 380
1835 405
1840 408
1845 382
1850 383
1855 424
1860 386
1865 389
1870 387
1875 390
1880 391
1885 393
1890 433
1895 394
1900 395
1905 409
1910 387
1915 388
1920 390
1925 393
1930 392
1935 393
1940 574
1945 397
1950 398
1955 398
1960 399
1965 400
1970 401
1975 480
1980 403
1985 404
1990 510
1995 424
2000 409
2005 485
2010 494
2015 411
2020 436
2025 424
2030 425
2035 427
2040 429
2045 429
2050 432
2055 431
2060 432
2065 433
2070 477
2075 435
2080 438
2085 438
2090 439
2095 441
2100 443
2105 444
2110 444
2115 444
2120 447
2125 471
2130 475
2135 440
2140 441
2145 441
2150 444
2155 443
2160 484
2165 445
2170 536
2175 487
2180 449
2185 450
2190 452
2195 453
2200 454
2205 455
2210 455
2215 458
2220 458
2225 459
2230 462
2235 462
2240 532
2245 466
2250 465
2255 466
2260 468
2265 469
2270 470
2275 556
2280 474
2285 474
2290 475
2295 476
2300 478
2305 478
2310 479
2315 481
2320 482
2325 483
2330 485
2335 485
2340 487
2345 573
2350 553
2355 490
2360 492
2365 493
2370 708
2375 581
2380 550
2385 758
2390 682
2395 529
2400 527
2405 529
2410 531
2415 530
2420 532
2425 533
2430 536
2435 540
2440 537
2445 538
2450 572
2455 543
2460 543
2465 543
2470 544
2475 545
2480 547
2485 548
2490 549
2495 549
2500 551
2505 584
2510 538
2515 540
2520 540
2525 662
2530 632
2535 546
2540 546
2545 548
2550 549
2555 549
2560 551
2565 649
2570 554
2575 554
2580 555
2585 691
2590 559
2595 561
2600 561
2605 565
2610 567
2615 564
2620 613
2625 567
2630 568
2635 569
2640 570
2645 572
2650 573
2655 871
2660 668
2665 575
2670 596
2675 593
2680 597
2685 597
2690 598
2695 600
2700 600
2705 632
2710 603
2715 602
2720 666
2725 640
2730 609
2735 634
2740 614
2745 613
2750 613
2755 615
2760 615
2765 616
2770 618
2775 620
2780 631
2785 705
2790 625
2795 626
2800 628
2805 628
2810 628
2815 679
2820 632
2825 632
2830 663
2835 635
2840 636
2845 699
2850 646
2855 640
2860 658
2865 658
2870 678
2875 669
2880 646
2885 649
2890 648
2895 707
2900 650
2905 749
2910 657
2915 716
2920 766
2925 869
2930 753
2935 690
2940 662
2945 675
2950 686
2955 961
2960 681
2965 667
2970 679
2975 675
2980 670
2985 677
2990 686
2995 695
3000 704
3005 691
3010 780
3015 723
3020 708
3025 701
3030 715
3035 806
3040 793
3045 873
3050 815
3055 745
3060 797
3065 726
3070 794
3075 727
3080 804
3085 702
3090 728
3095 868
3100 886
3105 893
3110 801
3115 730
3120 854
3125 933
3130 822
3135 893
3140 843
3145 1150
3150 959
3155 913
3160 828
3165 910
3170 941
3175 931
3180 950
3185 1013
3190 975
3195 897
3200 812
3205 754
3210 813
3215 849
3220 769
3225 758
3230 733
3235 778
3240 745
3245 742
3250 752
3255 781
3260 766
3265 804
3270 943
3275 773
3280 882
3285 845
3290 784
3295 819
3300 824
3305 760
3310 777
3315 772
3320 787
3325 795
3330 821
3335 803
3340 807
3345 767
3350 820
3355 819
3360 778
3365 835
3370 798
3375 846
3380 801
3385 798
3390 905
3395 781
3400 782
3405 776
3410 778
3415 797
3420 803
3425 821
3430 872
3435 859
3440 816
3445 788
3450 794
3455 791
3460 790
3465 792
3470 793
3475 795
3480 798
3485 796
3490 796
3495 893
3500 801
3505 803
3510 815
3515 920
3520 868
3525 807
3530 849
3535 828
3540 819
3545 815
3550 817
3555 821
3560 815
3565 820
3570 818
3575 842
3580 842
3585 888
3590 848
3595 886
3600 874
3605 828
3610 862
3615 835
3620 840
3625 849
3630 838
3635 843
3640 910
3645 838
3650 837
3655 839
3660 840
3665 840
3670 842
3675 868
3680 845
3685 852
3690 847
3695 886
3700 909
3705 867
3710 892
3715 857
3720 854
3725 861
3730 862
3735 898
3740 862
3745 862
3750 863
3755 875
3760 866
3765 867
3770 895
3775 868
3780 939
3785 919
3790 877
3795 906
3800 874
3805 874
3810 911
3815 879
3820 883
3825 888
3830 886
3835 918
3840 883
3845 884
3850 889
3855 887
3860 890
3865 891
3870 907
3875 966
3880 908
3885 938
3890 964
3895 970
3900 926
3905 943
3910 902
3915 905
3920 910
3925 906
3930 908
3935 917
3940 909
3945 947
3950 937
3955 944
3960 969
3965 931
3970 1020
3975 986
3980 962
3985 997
3990 923
3995 925
4000 928
4005 934
4010 929
4015 931
4020 949
4025 957
4030 955
4035 956
4040 955
4045 974
4050 1008
4055 993
4060 999
4065 941
4070 955
4075 950
4080 953
4085 947
4090 962
4095 951
4100 966
4105 981
4110 986
4115 966
4120 976
4125 1025
4130 1010
4135 972
4140 970
4145 963
4150 984
4155 968
4160 988
4165 965
4170 969
4175 1002
4180 978
4185 983
4190 995
4195 1127
4200 985
4205 998
4210 1020
4215 1052
4220 1023
4225 1016
4230 987
4235 990
4240 985
4245 989
4250 987
4255 997
4260 992
4265 1072
4270 1033
4275 1001
4280 1011
4285 996
4290 1011
4295 1059
4300 1000
4305 1065
4310 1004
4315 1006
4320 1011
4325 1011
4330 1009
4335 1011
4340 1012
4345 1016
4350 1014
4355 1016
4360 1018
4365 1020
4370 995
4375 1087
4380 997
4385 1121
4390 1183
4395 1106
4400 1002
4405 1002
4410 1034
4415 1030
4420 1033
4425 1057
4430 1041
4435 1068
4440 1040
4445 1074
4450 1116
4455 1041
4460 1053
4465 1053
4470 1048
4475 1078
4480 1050
4485 1051
4490 1051
4495 1066
4500 1053
4505 1055
4510 1055
4515 1060
4520 1063
4525 1108
4530 1082
4535 1062
4540 1095
4545 1071
4550 1067
4555 1067
4560 1069
4565 1069
4570 1081
4575 1072
4580 1075
4585 1076
4590 1117
4595 1052
4600 1051
4605 1052
4610 1092
4615 1114
4620 1095
4625 1057
4630 1056
4635 1232
4640 1485
4645 1426
4650 1300
4655 1069
4660 1117
4665 1069
4670 1069
4675 1095
4680 1159
4685 1101
4690 1103
4695 1102
4700 1103
4705 1110
4710 1109
4715 1108
4720 1109
4725 1085
4730 1084
4735 1083
4740 1176
4745 1086
4750 1136
4755 1181
4760 1164
4765 1129
4770 1198
4775 1112
4780 1096
4785 1098
4790 1097
4795 1100
4800 1178
4805 1102
4810 1104
4815 1105
4820 1107
4825 1143
4830 1383
4835 1109
4840 1115
4845 1149
4850 1115
4855 1116
4860 1117
4865 1247
4870 1196
4875 1120
4880 1121
4885 1121
4890 1168
4895 1203
4900 1165
4905 1133
4910 1129
4915 1169
4920 1130
4925 1130
4930 1133
4935 1174
4940 1178
4945 1138
4950 1145
4955 1224
4960 1142
4965 1469
4970 1143
4975 1220
4980 1221
4985 1180
4990 1185
4995 1186
5000 1180
5005 1193
5010 1184
5015 1186
5020 1157
5025 1231
5030 1158
5035 1242
5040 1228
5045 1167
5050 1163
5055 1167
5060 1166
5065 1239
5070 1168
5075 1261
5080 1172
5085 1172
5090 1173
5095 1252
5100 1270
5105 1255
5110 1220
5115 1180
5120 1182
5125 1302
5130 1183
5135 1212
5140 1218
5145 1226
5150 1221
5155 1222
5160 1225
5165 1226
5170 1289
5175 1247
5180 1196
5185 1199
5190 1233
5195 1301
5200 1203
5205 1204
5210 1326
5215 1205
5220 1208
5225 1208
5230 1208
5235 1559
5240 1211
5245 1212
5250 1218
5255 1216
5260 1216
5265 1217
5270 1220
5275 1282
5280 1222
5285 1264
5290 1273
5295 1314
5300 1310
5305 1226
5310 1229
5315 1270
5320 1292
5325 1231
5330 1236
5335 1235
5340 1237
5345 1292
5350 1239
5355 1240
5360 1597
5365 1244
5370 1285
5375 1380
5380 1251
5385 1250
5390 1292
5395 1253
5400 1299
5405 1254
5410 1254
5415 1302
5420 1258
5425 1523
5430 1302
5435 1266
5440 1303
5445 1263
5450 1264
5455 1371
5460 1306
5465 1270
5470 1272
5475 1270
5480 1278
5485 1598
5490 1282
5495 1276
5500 1277
5505 1279
5510 1279
5515 1282
5520 1369
5525 1288
5530 1369
5535 1389
5540 1349
5545 1327
5550 1336
5555 1385
5560 1292
5565 1296
5570 1294
5575 1298
5580 1299
5585 1300
5590 1301
5595 1431
5600 1303
5605 1303
5610 1680
5615 1309
5620 1309
5625 1306
5630 1427
5635 1582
5640 1661
5645 1665
5650 1454
5655 1352
5660 1354
5665 1397
5670 1365
5675 1360
5680 1418
5685 1363
5690 1366
5695 1363
5700 1370
5705 1366
5710 1369
5715 1369
5720 1371
5725 1444
5730 1373
5735 1366
5740 1342
5745 1465
5750 1348
5755 1343
5760 1477
5765 1347
5770 1346
5775 1348
5780 1676
5785 1399
5790 1354
5795 1353
5800 1353
5805 1356
5810 1415
5815 1399
5820 1378
5825 1360
5830 1429
5835 1383
5840 1678
5845 1367
5850 1366
5855 1452
5860 1370
5865 1376
5870 1372
5875 1374
5880 1374
5885 1376
5890 1415
5895 1600
5900 1424
5905 1629
5910 1383
5915 1383
5920 1423
5925 1423
5930 1387
5935 1438
5940 1393
5945 1391
5950 1392
5955 1638
5960 1396
5965 1669
5970 1439
5975 1482
5980 1438
5985 1445
5990 1441
5995 1441
6000 1457
6005 1424
6010 1714
6015 1407
6020 1472
6025 1412
6030 1416
6035 1458
6040 1416
6045 1450
6050 1452
6055 1420
6060 1420
6065 1646
6070 1544
6075 1462
6080 1465
6085 1468
6090 1468
6095 1472
6100 1482
6105 1437
6110 1435
6115 1435
6120 1619
6125 1437
6130 1481
6135 1440
6140 1480
6145 1442
6150 1449
6155 1445
6160 1486
6165 1449
6170 1517
6175 1779
6180 1634
6185 2188
6190 1616
6195 1448
6200 1458
6205 1636
6210 1467
6215 1553
6220 1697
6225 1557
6230 1503
6235 1504
6240 1506
6245 1574
6250 1562
6255 1510
6260 1553
6265 1493
6270 1828
6275 1497
6280 1477
6285 1479
6290 1478
6295 1501
6300 1565
6305 1586
6310 1703
6315 1719
6320 2102
6325 1908
6330 1529
6335 1569
6340 1531
6345 1534
6350 1535
6355 1541
6360 1537
6365 1552
6370 1540
6375 1597
6380 1594
6385 1544
6390 1552
6395 1556
6400 1582
6405 1553
6410 1553
6415 1704
6420 1513
6425 1804
6430 1558
6435 1515
6440 1607
6445 1627
6450 1564
6455 1571
6460 1576
6465 1595
6470 1567
6475 1584
6480 1604
6485 1572
6490 1571
6495 1614
6500 1573
6505 1580
6510 1620
6515 1577
6520 1578
6525 1650
6530 1586
6535 1582
6540 1587
6545 1588
6550 1587
6555 1587
6560 1590
6565 1567
6570 1596
6575 1694
6580 1553
6585 1556
6590 1554
6595 1679
6600 1596
6605 1565
6610 1642
6615 1562
6620 1599
6625 1564
6630 1856
6635 1569
6640 1666
6645 1570
6650 1689
6655 1573
6660 1617
6665 1576
6670 1577
6675 1578
6680 1909
6685 1590
6690 1629
6695 1580
6700 1585
6705 1731
6710 1676
6715 1591
6720 1590
6725 1761
6730 1729
6735 1595
6740 1596
6745 1637
6750 1635
6755 1703
6760 1601
6765 1769
6770 1848
6775 1872
6780 1712
6785 1674
6790 1682
6795 2184
6800 1754
6805 1677
6810 1656
6815 1812
6820 2247
6825 1836
6830 1660
6835 1663
6840 1663
6845 1670
6850 1754
6855 1692
6860 1889
6865 2003
6870 1683
6875 1671
6880 1688
6885 1818
6890 1927
6895 1705
6900 1718
6905 1711
6910 1819
6915 1910
6920 1872
6925 1690
6930 1689
6935 1690
6940 1792
6945 1734
6950 1845
6955 2195
6960 1696
6965 1743
6970 1702
6975 1842
6980 1999
6985 1768
6990 1725
6995 1722
7000 1717
7005 1769
7010 2185
7015 1712
7020 1723
7025 1714
7030 1788
7035 1790
7040 2211
7045 1959
7050 1814
7055 1728
7060 1723
7065 1853
7070 2133
7075 1753
7080 1739
7085 1811
7090 1728
7095 1759
7100 1946
7105 2055
7110 1752
7115 1743
7120 1785
7125 1852
7130 1843
7135 1743
7140 1744
7145 1754
7150 1777
7155 1910
7160 1917
7165 1762
7170 1794
7175 1783
7180 1765
7185 1877
7190 1819
7195 1762
7200 1760
7205 1795
7210 1834
7215 1930
7220 1810
7225 1766
7230 1765
7235 1777
7240 1860
7245 1883
7250 1792
7255 1788
7260 1780
7265 1790
7270 1789
7275 1974
7280 1840
7285 1809
7290 1794
7295 1809
7300 1848
7305 1932
7310 1787
7315 1791
7320 1832
7325 1793
7330 1797
7335 1902
7340 1907
7345 1808
7350 1848
7355 1803
7360 1877
7365 1943
7370 1804
7375 1806
7380 1828
7385 1848
7390 1952
7395 1897
7400 1814
7405 1820
7410 1817
7415 1816
7420 1897
7425 1965
7430 1827
7435 1848
7440 1828
7445 1867
7450 1827
7455 1937
7460 1923
7465 1868
7470 1857
7475 1847
7480 1869
7485 1924
7490 1978
7495 1837
7500 1859
7505 1846
7510 1858
7515 1944
7520 1964
7525 1907
7530 1849
7535 1846
7540 1855
7545 1896
7550 2012
7555 1885
7560 1856
7565 1886
7570 1999
7575 2001
7580 1974
7585 1863
7590 1863
7595 1913
7600 1988
7605 2047
7610 1867
7615 1868
7620 1874
7625 1882
7630 1874
7635 1880
7640 1900
7645 1881
7650 1902
7655 1884
7660 1912
7665 1886
7670 1883
7675 1888
7680 1949
7685 1956
7690 2071
7695 2078
7700 1910
7705 1951
7710 1903
7715 1932
7720 1900
7725 1919
7730 1969
7735 1904
7740 1906
7745 1902
7750 1906
7755 1910
7760 1915
7765 1990
7770 2025
7775 2190
7780 1862
7785 1990
7790 1928
7795 1919
7800 1956
7805 1945
7810 1931
7815 1938
7820 1945
7825 1925
7830 1925
7835 1927
7840 1928
7845 1931
7850 1929
7855 1934
7860 1979
7865 1982
7870 1939
7875 1971
7880 1937
7885 1949
7890 2003
7895 1897
7900 2074
7905 1893
7910 1895
7915 1897
7920 1906
7925 1943
7930 2043
7935 1907
7940 1902
7945 1941
7950 2006
7955 1915
7960 1910
7965 1893
7970 2003
7975 1862
7980 1884
7985 2117
7990 2002
7995 1924
8000 1966
8005 1921
8010 1927
8015 1923
8020 1929
8025 1963
8030 1950
8035 2009
8040 1934
8045 2046
8050 1962
8055 1885
8060 1969
8065 1887
8070 1887
8075 1888
8080 2007
8085 1896
8090 2057
8095 1891
8100 1976
8105 1975
8110 1903
8115 1904
8120 1977
8125 1902
8130 1983
8135 1904
8140 2149
8145 1905
8150 1989
8155 1909
8160 1996
8165 2079
8170 1963
8175 1964
8180 2004
8185 2014
8190 1972
8195 2137
8200 2047
8205 1970
8210 2060
8215 1974
8220 1983
8225 2022
8230 1979
8235 2085
8240 1972
8245 2115
8250 1937
8255 1990
8260 1976
8265 1938
8270 1936
8275 1984
8280 1940
8285 1941
8290 1989
8295 1944
8300 2055
8305 2069
8310 1948
8315 2036
8320 1953
8325 1952
8330 1952
8335 1998
8340 2035
8345 1997
8350 2137
8355 2099
8360 2027
8365 2055
8370 2016
8375 2025
8380 2025
8385 2006
8390 2044
8395 1971
8400 2308
8405 2014
8410 2027
8415 2234
8420 2665
8425 2163
8430 2032
8435 2187
8440 2080
8445 2037
8450 2123
8455 2037
8460 2041
8465 2178
8470 2044
8475 2098
8480 2044
8485 2049
8490 2053
8495 2161
8500 2107
8505 2002
8510 2006
8515 2088
8520 2041
8525 2003
8530 2096
8535 2241
8540 2095
8545 2070
8550 2195
8555 2065
8560 2065
8565 2119
8570 2018
8575 2017
8580 2021
8585 2060
8590 2148
8595 2024
8600 2154
8605 2024
8610 2025
8615 2109
8620 2156
8625 2241
8630 2109
8635 2032
8640 2227
8645 2042
8650 2140
8655 2040
8660 2039
8665 2241
8670 2051
8675 2122
8680 2044
8685 2196
8690 2107
8695 2105
8700 2067
8705 2158
8710 2150
8715 2167
8720 2110
8725 2111
8730 2093
8735 2236
8740 2068
8745 2199
8750 2068
8755 2074
8760 2210
8765 2065
8770 2148
8775 2168
8780 2070
8785 2308
8790 2524
8795 2870
8800 2292
8805 2370
8810 2139
8815 2241
8820 2191
8825 2196
8830 2230
8835 2233
8840 2262
8845 2141
8850 2199
8855 2198
8860 2147
8865 2147
8870 2149
8875 2297
8880 2460
8885 2529
8890 2820
8895 2236
8900 2172
8905 2242
8910 2163
8915 2197
8920 2249
8925 2164
8930 2284
8935 2197
8940 2305
8945 2419
8950 2121
8955 2117
8960 2236
8965 2330
8970 2263
8975 2385
8980 2432
8985 2969
8990 2470
8995 2290
9000 2411
9005 2229
9010 2285
9015 2299
9020 2248
9025 2258
9030 2234
9035 2193
9040 2204
9045 2204
9050 2177
9055 2263
9060 2262
9065 2312
9070 2187
9075 2204
9080 2378
9085 2211
9090 2254
9095 2152
9100 2237
9105 2159
9110 2331
9115 2158
9120 2158
9125 2242
9130 2162
9135 2242
9140 2165
9145 2165
9150 2293
9155 2311
9160 2169
9165 2170
9170 2257
9175 2173
9180 2239
9185 2174
9190 2175
9195 2263
9200 2395
9205 2771
9210 2301
9215 2303
9220 2320
9225 2304
9230 2305
9235 2306
9240 2310
9245 2282
9250 2454
9255 2297
9260 2362
9265 2253
9270 2341
9275 2254
9280 2260
9285 2336
9290 2207
9295 2390
9300 2209
9305 2284
9310 2227
9315 2251
9320 2290
9325 2213
9330 2337
9335 2217
9340 2315
9345 2690
9350 2481
9355 2802
9360 2282
9365 2281
9370 2347
9375 2347
9380 2403
9385 2345
9390 2330
9395 2331
9400 2329
9405 2368
9410 2505
9415 2411
9420 2429
9425 2451
9430 2300
9435 2298
9440 2390
9445 2312
9450 2304
9455 2324
9460 2366
9465 2248
9470 2439
9475 2309
9480 2315
9485 2360
9490 2434
9495 2284
9500 2255
9505 2469
9510 3070
9515 2350
9520 2322
9525 2415
9530 2325
9535 2335
9540 2327
9545 2365
9550 2377
9555 2440
9560 2274
9565 2275
9570 2424
9575 2284
9580 2285
9585 2278
9590 2279
9595 2361
9600 2414
9605 2365
9610 2779
9615 2480
9620 2429
9625 2418
9630 2412
9635 2466
9640 2355
9645 2426
9650 2359
9655 2434
9660 2358
9665 2487
9670 2362
9675 2363
9680 2471
9685 2489
9690 2309
9695 2340
9700 2409
9705 2474
9710 2373
9715 2455
9720 2391
9725 2315
9730 2545
9735 2342
9740 2385
9745 2465
9750 2387
9755 2436
9760 2337
9765 2507
9770 2332
9775 2491
9780 2346
9785 2375
9790 2332
9795 2418
9800 2337
9805 2336
9810 2492
9815 2611
9820 2341
9825 2343
9830 2553
9835 3215
9840 2929
9845 2561
9850 2515
9855 2497
9860 2412
9865 2560
9870 2465
9875 2527
9880 2458
9885 2420
9890 2485
9895 2460
9900 2498
9905 2557
9910 2578
9915 2467
9920 2428
9925 2469
9930 2478
9935 2526
9940 2501
9945 2371
9950 2373
9955 2445
9960 2377
9965 2384
9970 2455
9975 2502
9980 2467
9985 2469
9990 2385
9995 2641
10000 2511
