5 0
10 0
15 1
20 1
25 2
30 2
35 3
40 3
45 4
50 4
55 5
60 5
65 6
70 7
75 7
80 8
85 9
90 10
95 10
100 11
105 11
110 12
115 13
120 14
125 14
130 15
135 15
140 17
145 17
150 18
155 19
160 20
165 20
170 21
175 22
180 23
185 23
190 24
195 25
200 26
205 27
210 27
215 28
220 29
225 30
230 31
235 32
240 32
245 33
250 34
255 35
260 36
265 36
270 38
275 39
280 39
285 40
290 41
295 42
300 43
305 44
310 45
315 46
320 47
325 47
330 49
335 49
340 50
345 51
350 52
355 53
360 54
365 55
370 56
375 57
380 58
385 59
390 60
395 61
400 61
405 63
410 64
415 64
420 65
425 66
430 67
435 69
440 69
445 70
450 71
455 72
460 74
465 74
470 96
475 130
480 77
485 78
490 79
495 80
500 81
505 81
510 83
515 84
520 85
525 85
530 87
535 88
540 88
545 90
550 92
555 92
560 93
565 94
570 95
575 95
580 97
585 97
590 98
595 100
600 100
605 101
610 102
615 104
620 104
625 106
630 106
635 107
640 109
645 109
650 111
655 112
660 113
665 114
670 114
675 117
680 117
685 118
690 119
695 120
700 121
705 122
710 123
715 124
720 146
725 152
730 144
735 129
740 130
745 131
750 131
755 133
760 134
765 135
770 137
775 205
780 203
785 158
790 142
795 142
800 143
805 144
810 145
815 145
820 146
825 148
830 148
835 150
840 150
845 151
850 152
855 154
860 154
865 156
870 156
875 158
880 245
885 162
890 162
895 162
900 163
905 165
910 166
915 167
920 167
925 169
930 169
935 171
940 171
945 173
950 174
955 175
960 193
965 181
970 183
975 183
980 184
985 186
990 188
995 188
1000 190
1005 191
1010 191
1015 193
1020 194
1025 195
1030 196
1035 198
1040 199
1045 200
1050 252
1055 202
1060 204
1065 204
1070 242
1075 206
1080 208
1085 209
1090 209
1095 253
1100 250
1105 214
1110 215
1115 215
1120 216
1125 217
1130 218
1135 220
1140 260
1145 221
1150 223
1155 224
1160 226
1165 226
1170 228
1175 228
1180 230
1185 243
1190 227
1195 227
1200 228
1205 229
1210 231
1215 232
1220 233
1225 235
1230 235
1235 236
1240 236
1245 238
1250 324
1255 321
1260 243
1265 309
1270 251
1275 251
1280 252
1285 255
1290 254
1295 256
1300 256
1305 258
1310 258
1315 261
1320 262
1325 263
1330 283
1335 282
1340 289
1345 396
1350 288
1355 310
1360 359
1365 335
1370 274
1375 273
1380 276
1385 276
1390 278
1395 280
1400 281
1405 281
1410 283
1415 283
1420 286
1425 361
1430 286
1435 288
1440 288
1445 290
1450 291
1455 292
1460 294
1465 296
1470 296
1475 298
1480 302
1485 339
1490 337
1495 302
1500 304
1505 304
1510 343
1515 341
1520 308
1525 312
1530 311
1535 311
1540 312
1545 407
1550 368
1555 316
1560 318
1565 320
1570 321
1575 322
1580 323
1585 325
1590 372
1595 346
1600 329
1605 330
1610 329
1615 331
1620 332
1625 333
1630 334
1635 403
1640 373
1645 338
1650 338
1655 340
1660 377
1665 341
1670 343
1675 344
1680 346
1685 347
1690 348
1695 349
1700 351
1705 350
1710 352
1715 354
1720 353
1725 356
1730 359
1735 359
1740 358
1745 361
1750 361
1755 362
1760 364
1765 365
1770 365
1775 366
1780 367
1785 370
1790 370
1795 372
1800 373
1805 411
1810 374
1815 376
1820 376
1825 379
1830 378
1835 381
1840 381
1845 383
1850 384
1855 439
1860 413
1865 388
1870 422
1875 413
1880 393
1885 393
1890 394
1895 394
1900 396
1905 399
1910 398
1915 400
1920 409
1925 392
1930 412
1935 453
1940 396
1945 397
1950 397
1955 398
1960 400
1965 443
1970 429
1975 414
1980 415
1985 415
1990 417
1995 427
2000 410
2005 496
2010 410
2015 411
2020 413
2025 414
2030 416
2035 415
2040 417
2045 417
2050 420
2055 536
2060 422
2065 423
2070 424
2075 426
2080 427
2085 428
2090 430
2095 430
2100 431
2105 432
2110 433
2115 506
2120 453
2125 436
2130 439
2135 438
2140 460
2145 497
2150 442
2155 443
2160 444
2165 447
2170 524
2175 448
2180 449
2185 451
2190 451
2195 454
2200 453
2205 456
2210 457
2215 458
2220 458
2225 462
2230 462
2235 462
2240 463
2245 464
2250 466
2255 466
2260 468
2265 605
2270 469
2275 471
2280 553
2285 474
2290 474
2295 552
2300 477
2305 478
2310 479
2315 479
2320 482
2325 483
2330 483
2335 607
2340 487
2345 487
2350 489
2355 490
2360 491
2365 492
2370 581
2375 571
2380 575
2385 613
2390 500
2395 498
2400 500
2405 637
2410 502
2415 503
2420 505
2425 506
2430 508
2435 507
2440 536
2445 523
2450 524
2455 527
2460 529
2465 532
2470 529
2475 532
2480 578
2485 609
2490 535
2495 537
2500 537
2505 537
2510 539
2515 577
2520 542
2525 621
2530 547
2535 531
2540 533
2545 534
2550 534
2555 537
2560 537
2565 538
2570 685
2575 541
2580 543
2585 543
2590 584
2595 621
2600 546
2605 549
2610 570
2615 608
2620 552
2625 551
2630 573
2635 570
2640 555
2645 557
2650 557
2655 560
2660 661
2665 564
2670 563
2675 565
2680 670
2685 777
2690 808
2695 794
2700 669
2705 749
2710 726
2715 589
2720 589
2725 591
2730 592
2735 598
2740 655
2745 595
2750 596
2755 644
2760 599
2765 602
2770 630
2775 619
2780 620
2785 621
2790 623
2795 624
2800 626
2805 631
2810 627
2815 631
2820 630
2825 632
2830 632
2835 634
2840 636
2845 642
2850 660
2855 622
2860 626
2865 712
2870 626
2875 678
2880 630
2885 631
2890 632
2895 634
2900 634
2905 691
2910 638
2915 637
2920 719
2925 623
2930 623
2935 625
2940 630
2945 628
2950 629
2955 631
2960 631
2965 633
2970 633
2975 711
2980 637
2985 714
2990 639
2995 744
3000 658
3005 659
3010 661
3015 666
3020 663
3025 712
3030 666
3035 668
3040 667
3045 670
3050 677
3055 672
3060 711
3065 683
3070 659
3075 660
3080 661
3085 701
3090 663
3095 663
3100 666
3105 667
3110 668
3115 669
3120 669
3125 670
3130 672
3135 753
3140 673
3145 677
3150 677
3155 677
3160 682
3165 680
3170 681
3175 769
3180 684
3185 685
3190 686
3195 688
3200 690
3205 691
3210 766
3215 692
3220 693
3225 854
3230 695
3235 697
3240 698
3245 778
3250 701
3255 702
3260 704
3265 705
3270 706
3275 803
3280 726
3285 771
3290 730
3295 733
3300 731
3305 732
3310 734
3315 734
3320 781
3325 737
3330 738
3335 739
3340 828
3345 723
3350 799
3355 724
3360 729
3365 766
3370 727
3375 729
3380 730
3385 732
3390 823
3395 949
3400 930
3405 781
3410 779
3415 779
3420 784
3425 781
3430 783
3435 783
3440 788
3445 788
3450 796
3455 790
3460 790
3465 793
3470 861
3475 810
3480 774
3485 870
3490 811
3495 778
3500 780
3505 779
3510 780
3515 786
3520 783
3525 784
3530 785
3535 787
3540 788
3545 788
3550 834
3555 797
3560 794
3565 844
3570 797
3575 801
3580 921
3585 802
3590 780
3595 782
3600 782
3605 784
3610 844
3615 829
3620 790
3625 788
3630 833
3635 796
3640 875
3645 852
3650 795
3655 797
3660 798
3665 800
3670 838
3675 908
3680 803
3685 805
3690 808
3695 805
3700 809
3705 829
3710 937
3715 811
3720 812
3725 814
3730 815
3735 856
3740 816
3745 816
3750 818
3755 820
3760 822
3765 825
3770 824
3775 825
3780 824
3785 827
3790 828
3795 945
3800 914
3805 924
3810 1086
3815 946
3820 968
3825 881
3830 1140
3835 1035
3840 901
3845 863
3850 904
3855 949
3860 867
3865 907
3870 905
3875 893
3880 898
3885 896
3890 897
3895 899
3900 901
3905 901
3910 907
3915 905
3920 953
3925 882
3930 883
3935 924
3940 1017
3945 890
3950 890
3955 890
3960 928
3965 931
3970 894
3975 895
3980 896
3985 898
3990 898
3995 902
4000 900
4005 903
4010 906
4015 905
4020 906
4025 912
4030 908
4035 886
4040 952
4045 1098
4050 1090
4055 933
4060 892
4065 894
4070 894
4075 897
4080 1050
4085 922
4090 924
4095 927
4100 926
4105 933
4110 930
4115 930
4120 932
4125 935
4130 937
4135 979
4140 988
4145 940
4150 1055
4155 940
4160 1045
4165 941
4170 944
4175 943
4180 948
4185 949
4190 974
4195 995
4200 951
4205 954
4210 954
4215 955
4220 959
4225 957
4230 1329
4235 1003
4240 1251
4245 1260
4250 1292
4255 1095
4260 1032
4265 984
4270 969
4275 1014
4280 969
4285 1039
4290 972
4295 975
4300 1015
4305 978
4310 1025
4315 980
4320 981
4325 984
4330 983
4335 984
4340 1035
4345 986
4350 1049
4355 989
4360 995
4365 1111
4370 1003
4375 970
4380 1009
4385 970
4390 1067
4395 974
4400 976
4405 977
4410 978
4415 1067
4420 1057
4425 981
4430 984
4435 984
4440 1098
4445 986
4450 988
4455 993
4460 1295
4465 1060
4470 1055
4475 1020
4480 1020
4485 1022
4490 1063
4495 1023
4500 1116
4505 1029
4510 1028
4515 1033
4520 1031
4525 1031
4530 1033
4535 1118
4540 1096
4545 1037
4550 1039
4555 1039
4560 1041
4565 1182
4570 1017
4575 1018
4580 1037
4585 1042
4590 1132
4595 1024
4600 1025
4605 1027
4610 1027
4615 1027
4620 1029
4625 1031
4630 1033
4635 1033
4640 1157
4645 1035
4650 1109
4655 1040
4660 1044
4665 1172
4670 1040
4675 1040
4680 1043
4685 1064
4690 1081
4695 1086
4700 1047
4705 1051
4710 1053
4715 1053
4720 1053
4725 1053
4730 1056
4735 1133
4740 1058
4745 1058
4750 1159
4755 1063
4760 1194
4765 1097
4770 1065
4775 1068
4780 1285
4785 1111
4790 1099
4795 1100
4800 1101
4805 1107
4810 1143
4815 1104
4820 1106
4825 1108
4830 1149
4835 1152
4840 1083
4845 1122
4850 1086
4855 1199
4860 1087
4865 1091
4870 1089
4875 1244
4880 1091
4885 1094
4890 1094
4895 1098
4900 1095
4905 1099
4910 1177
4915 1100
4920 1176
4925 1104
4930 1106
4935 1106
4940 1109
4945 1243
4950 1110
4955 1111
4960 1112
4965 1113
4970 1203
4975 1117
4980 1117
4985 1119
4990 1356
4995 1204
5000 1140
5005 1151
5010 1228
5015 1155
5020 1163
5025 1166
5030 1163
5035 1260
5040 1161
5045 1153
5050 1133
5055 1217
5060 1177
5065 1216
5070 1141
5075 1223
5080 1142
5085 1219
5090 1144
5095 1146
5100 1239
5105 1149
5110 1149
5115 1155
5120 1157
5125 1295
5130 1152
5135 1156
5140 1157
5145 1253
5150 1162
5155 1161
5160 1163
5165 1168
5170 1166
5175 1230
5180 1191
5185 1321
5190 1243
5195 1169
5200 1174
5205 1316
5210 1280
5215 1177
5220 1176
5225 1220
5230 1264
5235 1181
5240 1181
5245 1185
5250 1184
5255 1184
5260 1185
5265 1264
5270 1190
5275 1270
5280 1191
5285 1273
5290 1193
5295 1328
5300 1198
5305 1198
5310 1200
5315 1318
5320 1242
5325 1248
5330 1539
5335 1638
5340 1426
5345 1240
5350 1247
5355 1361
5360 1235
5365 1244
5370 1254
5375 1303
5380 1287
5385 1250
5390 1290
5395 1303
5400 1297
5405 1255
5410 1256
5415 1257
5420 1265
5425 1305
5430 1263
5435 1317
5440 1270
5445 1232
5450 1235
5455 1328
5460 1236
5465 1238
5470 1244
5475 1302
5480 1241
5485 1303
5490 1303
5495 1246
5500 1245
5505 1337
5510 1249
5515 1337
5520 1251
5525 1251
5530 1256
5535 1299
5540 1296
5545 1257
5550 1410
5555 1362
5560 1262
5565 1342
5570 1337
5575 1269
5580 1267
5585 1421
5590 1314
5595 1425
5600 1304
5605 1306
5610 1393
5615 1398
5620 1311
5625 1310
5630 1313
5635 1363
5640 1369
5645 1314
5650 1318
5655 1318
5660 1362
5665 1292
5670 1289
5675 1372
5680 1372
5685 1300
5690 1300
5695 1468
5700 1296
5705 1298
5710 1377
5715 1297
5720 1302
5725 1308
5730 1305
5735 1305
5740 1305
5745 1307
5750 1387
5755 1311
5760 1309
5765 1313
5770 1449
5775 1315
5780 1315
5785 1316
5790 1400
5795 1318
5800 1401
5805 1323
5810 1324
5815 1406
5820 1324
5825 1327
5830 1407
5835 1329
5840 1487
5845 1384
5850 1417
5855 1368
5860 1448
5865 1410
5870 1378
5875 1373
5880 1362
5885 1341
5890 1343
5895 1344
5900 1344
5905 1466
5910 1348
5915 1352
5920 1350
5925 1485
5930 1547
5935 1358
5940 1430
5945 1355
5950 1404
5955 1395
5960 1398
5965 1473
5970 1398
5975 1396
5980 1416
5985 1381
5990 1370
5995 1492
6000 1408
6005 1369
6010 1372
6015 1585
6020 1373
6025 1375
6030 1376
6035 1381
6040 1378
6045 1385
6050 1517
6055 1381
6060 1385
6065 1387
6070 1513
6075 1574
6080 1389
6085 1431
6090 1392
6095 1486
6100 1548
6105 1403
6110 1397
6115 1399
6120 1398
6125 1446
6130 1402
6135 1447
6140 1649
6145 1406
6150 1407
6155 1461
6160 1493
6165 1448
6170 1449
6175 1493
6180 1452
6185 1459
6190 1418
6195 1546
6200 1496
6205 1420
6210 1428
6215 1522
6220 1465
6225 1738
6230 1708
6235 1744
6240 1785
6245 1543
6250 1473
6255 1470
6260 1586
6265 1516
6270 1481
6275 1476
6280 1612
6285 1527
6290 1486
6295 1567
6300 1481
6305 1542
6310 1489
6315 1487
6320 1487
6325 1549
6330 1533
6335 1492
6340 1495
6345 1658
6350 1472
6355 1499
6360 1458
6365 1542
6370 1466
6375 1463
6380 1558
6385 1464
6390 1467
6395 1468
6400 1565
6405 1470
6410 1472
6415 1661
6420 1476
6425 1474
6430 1476
6435 1600
6440 1481
6445 1478
6450 1489
6455 1483
6460 1490
6465 1508
6470 1525
6475 1487
6480 1589
6485 1602
6490 1492
6495 1493
6500 1571
6505 1495
6510 1497
6515 1818
6520 1549
6525 1590
6530 1577
6535 1647
6540 1544
6545 1548
6550 1643
6555 1549
6560 1548
6565 1597
6570 1594
6575 1550
6580 1610
6585 1556
6590 1594
6595 1556
6600 1625
6605 1519
6610 1521
6615 1730
6620 1524
6625 1524
6630 1527
6635 1612
6640 1529
6645 1529
6650 1738
6655 1653
6660 1620
6665 1652
6670 1618
6675 1577
6680 1683
6685 1593
6690 1588
6695 1672
6700 1585
6705 1672
6710 1589
6715 1591
6720 1635
6725 1551
6730 1629
6735 1553
6740 1632
6745 1699
6750 1562
6755 1561
6760 1636
6765 1602
6770 1563
6775 1600
6780 1565
6785 1565
6790 1662
6795 1650
6800 1570
6805 1670
6810 1685
6815 1574
6820 1652
6825 1617
6830 1577
6835 1622
6840 1581
6845 1581
6850 1581
6855 1582
6860 1700
6865 1586
6870 1587
6875 1713
6880 1758
6885 1665
6890 1754
6895 1594
6900 1628
6905 1833
6910 1640
6915 1682
6920 1721
6925 1643
6930 1643
6935 1740
6940 1647
6945 1648
6950 1715
6955 1650
6960 1669
6965 1760
6970 1613
6975 1612
6980 1690
6985 1693
6990 1616
6995 1932
7000 2055
7005 2146
7010 1744
7015 1666
7020 1713
7025 1705
7030 1669
7035 1669
7040 1721
7045 1674
7050 1679
7055 1700
7060 1747
7065 1679
7070 1797
7075 1815
7080 1726
7085 1646
7090 1641
7095 1644
7100 1714
7105 1689
7110 1692
7115 2083
7120 1772
7125 1694
7130 1734
7135 1696
7140 1702
7145 1699
7150 1701
7155 1703
7160 1738
7165 1705
7170 1711
7175 1999
7180 1710
7185 1711
7190 1754
7195 1718
7200 1777
7205 1716
7210 1718
7215 1755
7220 1773
7225 1721
7230 1725
7235 1887
7240 1704
7245 1684
7250 1780
7255 1684
7260 1994
7265 1945
7270 1784
7275 1781
7280 1787
7285 1785
7290 1802
7295 1861
7300 1827
7305 1780
7310 1763
7315 1743
7320 1785
7325 1745
7330 1751
7335 1751
7340 1751
7345 1802
7350 1813
7355 1786
7360 1878
7365 1824
7370 1711
7375 1809
7380 1766
7385 1760
7390 1762
7395 1809
7400 1770
7405 1819
7410 1860
7415 1723
7420 1725
7425 1887
7430 1727
7435 1737
7440 1730
7445 1789
7450 1813
7455 1777
7460 1837
7465 1736
7470 1857
7475 1737
7480 1835
7485 1871
7490 1793
7495 1869
7500 1793
7505 1793
7510 1934
7515 1748
7520 1752
7525 1889
7530 1756
7535 1752
7540 1837
7545 1755
7550 1759
7555 1875
7560 1765
7565 1763
7570 1856
7575 1913
7580 1770
7585 1967
7590 1811
7595 1854
7600 1816
7605 1865
7610 1825
7615 1824
7620 1776
7625 1893
7630 1777
7635 1857
7640 2048
7645 1841
7650 1828
7655 1872
7660 1832
7665 1872
7670 1819
7675 2101
7680 2107
7685 2326
7690 2203
7695 1871
7700 1883
7705 1923
7710 1857
7715 1853
7720 1904
7725 1857
7730 1946
7735 1853
7740 1855
7745 2114
7750 1806
7755 1810
7760 1928
7765 1812
7770 1901
7775 1861
7780 1863
7785 1863
7790 1900
7795 1862
7800 1902
7805 1822
7810 1820
7815 1904
7820 1825
7825 1828
7830 1827
7835 2020
7840 1831
7845 1914
7850 1832
7855 1835
7860 2052
7865 1834
7870 1954
7875 1839
7880 1840
7885 1846
7890 1880
7895 2069
7900 1950
7905 1845
7910 1955
7915 1849
7920 1857
7925 1927
7930 1857
7935 1898
7940 1907
7945 1856
7950 1858
7955 1949
7960 1861
7965 1924
7970 1862
7975 1865
7980 1946
7985 1991
7990 1991
7995 1868
8000 1872
8005 1952
8010 1919
8015 2022
8020 2022
8025 1991
8030 1929
8035 1996
8040 1929
8045 1936
8050 1970
8055 1883
8060 1930
8065 1885
8070 1969
8075 2046
8080 1889
8085 1973
8090 1894
8095 1977
8100 1901
8105 1937
8110 1897
8115 1988
8120 1900
8125 2020
8130 1991
8135 1903
8140 1984
8145 1905
8150 1950
8155 1985
8160 2074
8165 1993
8170 1916
8175 2070
8180 2155
8185 1968
8190 2006
8195 2020
8200 2140
8205 2049
8210 2012
8215 1973
8220 2015
8225 2065
8230 2155
8235 2040
8240 2037
8245 2190
8250 2037
8255 2045
8260 2042
8265 2041
8270 2081
8275 2118
8280 2115
8285 1992
8290 2124
8295 2047
8300 1996
8305 2413
8310 2514
8315 2333
8320 2002
8325 2081
8330 2101
8335 2046
8340 2049
8345 2008
8350 2017
8355 2021
8360 2012
8365 2076
8370 2014
8375 2023
8380 2072
8385 2059
8390 2044
8395 2089
8400 2028
8405 2020
8410 1974
8415 1978
8420 2037
8425 1983
8430 2067
8435 1986
8440 1979
8445 2132
8450 1984
8455 2100
8460 1992
8465 1987
8470 2118
8475 1992
8480 2051
8485 2031
8490 1992
8495 2157
8500 2005
8505 2078
8510 2002
8515 2078
8520 2119
8525 2065
8530 2182
8535 2075
8540 2059
8545 2116
8550 2067
8555 2105
8560 2012
8565 2013
8570 2122
8575 2014
8580 2019
8585 2060
8590 2027
8595 2175
8600 2108
8605 2025
8610 2064
8615 2102
8620 2149
8625 2028
8630 2163
8635 2124
8640 2038
8645 2085
8650 2035
8655 2117
8660 2038
8665 2129
8670 2326
8675 2578
8680 2247
8685 2155
8690 2155
8695 2158
8700 2168
8705 2160
8710 2162
8715 2206
8720 2148
8725 2225
8730 2183
8735 2161
8740 2196
8745 2158
8750 2128
8755 2178
8760 2099
8765 2161
8770 2066
8775 2323
8780 2075
8785 2071
8790 2242
8795 2074
8800 2082
8805 2076
8810 2246
8815 2120
8820 2079
8825 2169
8830 2146
8835 2199
8840 2085
8845 2200
8850 2133
8855 2088
8860 2171
8865 2176
8870 2204
8875 2225
8880 2096
8885 2544
8890 2721
8895 2372
8900 2237
8905 2235
8910 2166
8915 2159
8920 2261
8925 2248
8930 2258
8935 2167
8940 2254
8945 2166
8950 2168
8955 2350
8960 2200
8965 2279
8970 2173
8975 2224
8980 2161
8985 2165
8990 2122
8995 2125
9000 2244
9005 2290
9010 2187
9015 2167
9020 2131
9025 2249
9030 2177
9035 2139
9040 2136
9045 2146
9050 2319
9055 2141
9060 2337
9065 2239
9070 2275
9075 2278
9080 2202
9085 2248
9090 2198
9095 2232
9100 2152
9105 2316
9110 2233
9115 2177
9120 2192
9125 2239
9130 2156
9135 2163
9140 2244
9145 2169
9150 2246
9155 2340
9160 2167
9165 2260
9170 2169
9175 2214
9180 2253
9185 2173
9190 2255
9195 2222
9200 2348
9205 2180
9210 2257
9215 2181
9220 2189
9225 2221
9230 2305
9235 2266
9240 2266
9245 2420
9250 2189
9255 2315
9260 2192
9265 2192
9270 2203
9275 2288
9280 2303
9285 2272
9290 2219
9295 2242
9300 2400
9305 2323
9310 2204
9315 2209
9320 2252
9325 2379
9330 2213
9335 2212
9340 2411
9345 2213
9350 2294
9355 2330
9360 2302
9365 2299
9370 2298
9375 2338
9380 2227
9385 2337
9390 2225
9395 2471
9400 2235
9405 2273
9410 2274
9415 2305
9420 2231
9425 2403
9430 2908
9435 2883
9440 2336
9445 2341
9450 2342
9455 2361
9460 2365
9465 2380
9470 2385
9475 2354
9480 2439
9485 2310
9490 2315
9495 2424
9500 2254
9505 2413
9510 2298
9515 2455
9520 2321
9525 2358
9530 2498
9535 2365
9540 2371
9545 2430
9550 2326
9555 2344
9560 2359
9565 2271
9570 2504
9575 2272
9580 2282
9585 2276
9590 2463
9595 2280
9600 2362
9605 2408
9610 2321
9615 2483
9620 2339
9625 2526
9630 2660
9635 2423
9640 2424
9645 2448
9650 2418
9655 2425
9660 2395
9665 2403
9670 2357
9675 2400
9680 2453
9685 2307
9690 2405
9695 2350
9700 2423
9705 2441
9710 2412
9715 2315
9720 2397
9725 2314
9730 2318
9735 2489
9740 2400
9745 2397
9750 2325
9755 2405
9760 2332
9765 2404
9770 2409
9775 2447
9780 2342
9785 2446
9790 2371
9795 2330
9800 2331
9805 2415
9810 2521
9815 2356
9820 2513
9825 2401
9830 2494
9835 2475
9840 2417
9845 2588
9850 2510
9855 2354
9860 2468
9865 2414
9870 2466
9875 2414
9880 2427
9885 2440
9890 2354
9895 2474
9900 2357
9905 2498
9910 2365
9915 2449
9920 2376
9925 2447
9930 2367
9935 2691
9940 3155
9945 2887
9950 2473
9955 2486
9960 2493
9965 2513
9970 2513
9975 2508
9980 2481
9985 2549
9990 2445
9995 2558
10000 2415
