5 0
10 1
15 1
20 1
25 2
30 2
35 3
40 4
45 4
50 4
55 5
60 5
65 6
70 7
75 7
80 8
85 9
90 9
95 10
100 11
105 11
110 12
115 13
120 14
125 15
130 15
135 16
140 16
145 17
150 18
155 19
160 20
165 20
170 21
175 21
180 22
185 23
190 24
195 25
200 26
205 27
210 27
215 28
220 29
225 30
230 31
235 32
240 33
245 34
250 35
255 35
260 36
265 37
270 38
275 39
280 40
285 41
290 41
295 42
300 43
305 45
310 45
315 45
320 47
325 48
330 49
335 49
340 50
345 51
350 53
355 53
360 54
365 55
370 56
375 57
380 58
385 59
390 60
395 61
400 61
405 109
410 135
415 64
420 65
425 66
430 67
435 68
440 69
445 70
450 71
455 72
460 73
465 74
470 76
475 77
480 78
485 78
490 79
495 81
500 81
505 83
510 84
515 153
520 102
525 87
530 88
535 89
540 89
545 91
550 91
555 92
560 93
565 94
570 96
575 96
580 98
585 98
590 100
595 100
600 101
605 102
610 122
615 161
620 122
625 109
630 110
635 111
640 113
645 113
650 116
655 115
660 116
665 117
670 118
675 119
680 120
685 121
690 123
695 123
700 124
705 125
710 126
715 128
720 128
725 130
730 131
735 131
740 132
745 134
750 134
755 136
760 137
765 170
770 156
775 195
780 142
785 143
790 143
795 145
800 146
805 147
810 148
815 148
820 149
825 151
830 152
835 153
840 195
845 181
850 158
855 159
860 160
865 161
870 160
875 162
880 166
885 164
890 341
895 201
900 167
905 167
910 169
915 170
920 171
925 172
930 173
935 174
940 176
945 177
950 178
955 179
960 180
965 181
970 183
975 184
980 185
985 221
990 237
995 188
1000 190
1005 190
1010 192
1015 193
1020 194
1025 194
1030 196
1035 323
1040 200
1045 201
1050 201
1055 275
1060 240
1065 205
1070 205
1075 206
1080 207
1085 208
1090 210
1095 211
1100 215
1105 212
1110 214
1115 216
1120 215
1125 217
1130 259
1135 258
1140 221
1145 220
1150 222
1155 224
1160 225
1165 226
1170 227
1175 227
1180 229
1185 230
1190 231
1195 234
1200 234
1205 235
1210 236
1215 238
1220 239
1225 240
1230 240
1235 242
1240 244
1245 293
1250 283
1255 246
1260 248
1265 248
1270 250
1275 251
1280 252
1285 254
1290 254
1295 257
1300 257
1305 259
1310 296
1315 261
1320 262
1325 263
1330 264
1335 264
1340 266
1345 267
1350 268
1355 269
1360 269
1365 271
1370 272
1375 294
1380 291
1385 276
1390 276
1395 278
1400 279
1405 281
1410 345
1415 284
1420 287
1425 286
1430 285
1435 287
1440 287
1445 290
1450 291
1455 291
1460 293
1465 294
1470 296
1475 298
1480 297
1485 299
1490 337
1495 301
1500 333
1505 339
1510 305
1515 306
1520 307
1525 308
1530 309
1535 313
1540 311
1545 313
1550 313
1555 315
1560 316
1565 319
1570 319
1575 380
1580 432
1585 326
1590 347
1595 437
1600 325
1605 326
1610 327
1615 330
1620 331
1625 330
1630 333
1635 333
1640 334
1645 531
1650 355
1655 339
1660 340
1665 342
1670 342
1675 344
1680 344
1685 347
1690 347
1695 347
1700 511
1705 351
1710 351
1715 439
1720 353
1725 355
1730 356
1735 357
1740 358
1745 361
1750 439
1755 490
1760 364
1765 365
1770 368
1775 388
1780 418
1785 394
1790 373
1795 373
1800 413
1805 375
1810 376
1815 377
1820 378
1825 381
1830 381
1835 382
1840 383
1845 425
1850 385
1855 427
1860 390
1865 434
1870 388
1875 390
1880 391
1885 392
1890 393
1895 398
1900 395
1905 418
1910 419
1915 399
1920 400
1925 401
1930 478
1935 402
1940 404
1945 442
1950 406
1955 424
1960 408
1965 411
1970 538
1975 415
1980 414
1985 415
1990 417
1995 418
2000 418
2005 419
2010 420
2015 422
2020 422
2025 464
2030 425
2035 428
2040 426
2045 429
2050 430
2055 431
2060 432
2065 432
2070 436
2075 437
2080 439
2085 523
2090 440
2095 441
2100 443
2105 444
2110 445
2115 446
2120 447
2125 454
2130 437
2135 438
2140 551
2145 468
2150 470
2155 471
2160 479
2165 478
2170 505
2175 477
2180 475
2185 483
2190 478
2195 529
2200 487
2205 507
2210 490
2215 519
2220 494
2225 624
2230 639
2235 518
2240 569
2245 501
2250 497
2255 506
2260 504
2265 499
2270 501
2275 504
2280 523
2285 504
2290 501
2295 502
2300 504
2305 504
2310 506
2315 507
2320 508
2325 512
2330 511
2335 511
2340 547
2345 514
2350 546
2355 516
2360 517
2365 518
2370 520
2375 522
2380 522
2385 524
2390 570
2395 530
2400 527
2405 529
2410 530
2415 531
2420 534
2425 572
2430 537
2435 581
2440 538
2445 538
2450 541
2455 542
2460 543
2465 544
2470 545
2475 546
2480 550
2485 549
2490 564
2495 536
2500 537
2505 538
2510 539
2515 541
2520 543
2525 542
2530 581
2535 545
2540 547
2545 547
2550 591
2555 552
2560 552
2565 554
2570 676
2575 556
2580 691
2585 544
2590 623
2595 562
2600 562
2605 566
2610 596
2615 786
2620 608
2625 607
2630 589
2635 595
2640 637
2645 621
2650 597
2655 635
2660 607
2665 593
2670 595
2675 595
2680 597
2685 597
2690 597
2695 598
2700 603
2705 684
2710 606
2715 609
2720 613
2725 609
2730 610
2735 609
2740 611
2745 618
2750 616
2755 616
2760 616
2765 616
2770 622
2775 620
2780 652
2785 622
2790 625
2795 625
2800 627
2805 628
2810 632
2815 634
2820 632
2825 637
2830 634
2835 636
2840 641
2845 642
2850 641
2855 649
2860 646
2865 643
2870 644
2875 645
2880 670
2885 650
2890 652
2895 634
2900 694
2905 674
2910 869
2915 638
2920 741
2925 671
2930 789
2935 642
2940 744
2945 703
2950 651
2955 648
2960 696
2965 672
2970 673
2975 670
2980 691
2985 672
2990 676
2995 675
3000 685
3005 678
3010 679
3015 682
3020 734
3025 684
3030 688
3035 685
3040 710
3045 690
3050 689
3055 743
3060 710
3065 693
3070 699
3075 695
3080 716
3085 698
3090 742
3095 702
3100 717
3105 702
3110 709
3115 704
3120 708
3125 708
3130 750
3135 734
3140 744
3145 713
3150 732
3155 730
3160 717
3165 724
3170 736
3175 720
3180 722
3185 724
3190 738
3195 731
3200 760
3205 741
3210 729
3215 734
3220 731
3225 748
3230 733
3235 784
3240 737
3245 763
3250 739
3255 741
3260 740
3265 765
3270 744
3275 746
3280 761
3285 747
3290 751
3295 750
3300 808
3305 767
3310 753
3315 753
3320 792
3325 758
3330 757
3335 800
3340 761
3345 797
3350 765
3355 821
3360 767
3365 768
3370 793
3375 772
3380 771
3385 773
3390 797
3395 776
3400 778
3405 782
3410 791
3415 785
3420 782
3425 785
3430 784
3435 804
3440 789
3445 788
3450 811
3455 792
3460 791
3465 793
3470 820
3475 809
3480 797
3485 824
3490 799
3495 800
3500 822
3505 821
3510 805
3515 805
3520 818
3525 810
3530 812
3535 809
3540 826
3545 855
3550 904
3555 825
3560 817
3565 818
3570 818
3575 819
3580 826
3585 823
3590 823
3595 848
3600 827
3605 868
3610 833
3615 834
3620 886
3625 850
3630 836
3635 862
3640 842
3645 839
3650 837
3655 841
3660 863
3665 843
3670 844
3675 846
3680 903
3685 854
3690 849
3695 879
3700 852
3705 852
3710 877
3715 881
3720 861
3725 873
3730 857
3735 865
3740 861
3745 897
3750 865
3755 865
3760 874
3765 875
3770 868
3775 882
3780 878
3785 875
3790 897
3795 876
3800 896
3805 886
3810 880
3815 882
3820 881
3825 897
3830 900
3835 885
3840 907
3845 888
3850 889
3855 904
3860 906
3865 894
3870 909
3875 899
3880 897
3885 905
3890 897
3895 898
3900 916
3905 902
3910 907
3915 942
3920 906
3925 907
3930 910
3935 908
3940 910
3945 913
3950 913
3955 915
3960 917
3965 917
3970 920
3975 923
3980 932
3985 897
3990 984
3995 901
4000 901
4005 902
4010 905
4015 906
4020 908
4025 912
4030 988
4035 910
4040 888
4045 890
4050 890
4055 892
4060 1002
4065 936
4070 895
4075 987
4080 899
4085 1013
4090 902
4095 902
4100 903
4105 903
4110 973
4115 924
4120 909
4125 909
4130 910
4135 911
4140 954
4145 972
4150 938
4155 942
4160 980
4165 924
4170 1017
4175 921
4180 923
4185 925
4190 997
4195 1082
4200 928
4205 929
4210 930
4215 936
4220 932
4225 932
4230 939
4235 1010
4240 937
4245 941
4250 1130
4255 941
4260 941
4265 945
4270 944
4275 947
4280 1135
4285 949
4290 1052
4295 1011
4300 1019
4305 998
4310 979
4315 1019
4320 1065
4325 986
4330 984
4335 985
4340 985
4345 1024
4350 990
4355 1034
4360 991
4365 993
4370 1030
4375 999
4380 1083
4385 1010
4390 973
4395 1039
4400 999
4405 1082
4410 977
4415 981
4420 982
4425 1142
4430 1129
4435 1024
4440 1011
4445 1087
4450 1012
4455 1126
4460 1016
4465 1018
4470 1020
4475 1084
4480 1148
4485 1098
4490 1081
4495 1026
4500 1134
4505 1289
4510 1378
4515 1425
4520 1086
4525 1031
4530 1032
4535 1034
4540 1072
4545 1098
4550 1192
4555 1039
4560 1043
4565 1043
4570 1075
4575 1095
4580 1046
4585 1049
4590 1127
4595 1089
4600 1051
4605 1052
4610 1065
4615 1028
4620 1116
4625 1057
4630 1098
4635 1034
4640 1037
4645 1120
4650 1038
4655 1100
4660 1048
4665 1045
4670 1173
4675 1113
4680 1070
4685 1080
4690 1129
4695 1047
4700 1066
4705 1076
4710 1079
4715 1084
4720 1081
4725 1082
4730 1084
4735 1084
4740 1133
4745 1099
4750 1060
4755 1060
4760 1066
4765 1253
4770 1067
4775 1067
4780 1067
4785 1111
4790 1071
4795 1073
4800 1073
4805 1074
4810 1080
4815 1233
4820 1079
4825 1079
4830 1080
4835 1125
4840 1128
4845 1128
4850 1122
4855 1087
4860 1231
4865 1090
4870 1249
4875 1167
4880 1179
4885 1123
4890 1124
4895 1124
4900 1182
4905 1127
4910 1132
4915 1130
4920 1135
4925 1308
4930 1144
4935 1105
4940 1107
4945 1151
4950 1239
4955 1110
4960 1113
4965 1179
4970 1269
4975 1181
4980 1183
4985 1147
4990 1222
4995 1189
5000 1151
5005 1151
5010 1155
5015 1237
5020 1157
5025 1197
5030 1162
5035 1250
5040 1160
5045 1162
5050 1205
5055 1187
5060 1186
5065 1137
5070 1140
5075 1138
5080 1230
5085 1218
5090 1149
5095 1144
5100 1230
5105 1146
5110 1148
5115 1151
5120 1156
5125 1273
5130 1153
5135 1156
5140 1155
5145 1241
5150 1159
5155 1161
5160 1161
5165 1245
5170 1162
5175 1286
5180 1166
5185 1166
5190 1254
5195 1214
5200 1187
5205 1174
5210 1299
5215 1174
5220 1177
5225 1177
5230 1198
5235 1218
5240 1179
5245 1181
5250 1261
5255 1221
5260 1217
5265 1214
5270 1187
5275 1279
5280 1194
5285 1190
5290 1193
5295 1193
5300 1282
5305 1196
5310 1197
5315 1198
5320 1282
5325 1200
5330 1293
5335 1203
5340 1205
5345 1207
5350 1207
5355 1208
5360 1286
5365 1212
5370 1213
5375 1215
5380 1261
5385 1332
5390 1217
5395 1217
5400 1347
5405 1221
5410 1223
5415 1223
5420 1269
5425 1228
5430 1275
5435 1261
5440 1230
5445 1317
5450 1270
5455 1234
5460 1319
5465 1368
5470 1237
5475 1238
5480 1238
5485 1398
5490 1241
5495 1242
5500 1245
5505 1324
5510 1266
5515 1439
5520 1249
5525 1325
5530 1252
5535 1254
5540 1512
5545 1516
5550 1486
5555 1540
5560 1343
5565 1328
5570 1331
5575 1342
5580 1331
5585 1334
5590 1336
5595 1338
5600 1345
5605 1340
5610 1346
5615 1342
5620 1354
5625 1346
5630 1376
5635 1320
5640 1395
5645 1313
5650 1313
5655 1369
5660 1317
5665 1364
5670 1288
5675 1366
5680 1295
5685 1292
5690 1293
5695 1463
5700 1330
5705 1296
5710 1297
5715 1381
5720 1297
5725 1386
5730 1302
5735 1307
5740 1305
5745 1305
5750 1308
5755 1469
5760 1309
5765 1392
5770 1456
5775 1420
5780 1313
5785 1314
5790 1315
5795 1381
5800 1319
5805 1324
5810 1323
5815 1326
5820 1406
5825 1516
5830 1411
5835 1326
5840 1381
5845 1397
5850 1462
5855 1366
5860 1368
5865 1371
5870 1415
5875 1381
5880 1378
5885 1346
5890 1341
5895 1347
5900 1343
5905 1458
5910 1346
5915 1348
5920 1431
5925 1501
5930 1428
5935 1354
5940 1354
5945 1437
5950 1358
5955 1456
5960 1396
5965 1361
5970 1361
5975 1362
5980 1444
5985 1438
5990 1443
5995 1371
6000 1516
6005 1373
6010 1371
6015 1436
6020 1487
6025 1410
6030 1410
6035 1418
6040 1458
6045 1422
6050 1418
6055 1455
6060 1387
6065 1386
6070 1511
6075 1473
6080 1475
6085 1391
6090 1470
6095 1394
6100 1461
6105 1475
6110 1399
6115 1397
6120 1482
6125 1482
6130 1402
6135 1405
6140 1483
6145 1584
6150 1407
6155 1408
6160 1597
6165 1448
6170 1411
6175 1412
6180 1454
6185 1497
6190 1415
6195 1498
6200 1418
6205 1421
6210 1499
6215 1578
6220 1425
6225 1425
6230 1469
6235 1488
6240 1428
6245 1429
6250 1438
6255 1430
6260 1470
6265 1434
6270 1589
6275 1438
6280 1518
6285 1613
6290 1493
6295 1480
6300 1486
6305 1482
6310 1484
6315 1487
6320 1528
6325 1515
6330 1449
6335 1521
6340 1485
6345 1456
6350 1456
6355 1575
6360 1460
6365 1459
6370 1542
6375 1462
6380 1469
6385 1465
6390 1485
6395 1504
6400 1468
6405 2068
6410 2102
6415 1737
6420 1671
6425 1514
6430 1591
6435 1592
6440 1517
6445 1518
6450 1521
6455 1522
6460 1529
6465 1563
6470 1570
6475 1524
6480 1531
6485 1553
6490 1548
6495 1538
6500 1531
6505 1611
6510 1519
6515 1498
6520 1497
6525 1621
6530 1502
6535 1582
6540 1502
6545 1505
6550 1506
6555 1590
6560 1507
6565 1509
6570 1593
6575 1510
6580 1552
6585 1711
6590 1521
6595 1516
6600 1517
6605 1604
6610 1519
6615 1519
6620 1654
6625 1526
6630 1525
6635 1527
6640 1608
6645 1603
6650 1532
6655 1628
6660 1533
6665 1535
6670 1598
6675 1538
6680 1696
6685 1550
6690 1677
6695 1544
6700 1542
6705 1635
6710 1548
6715 1547
6720 1702
6725 1551
6730 1557
6735 1677
6740 2327
6745 1760
6750 1840
6755 1787
6760 1667
6765 2043
6770 1958
6775 1946
6780 1737
6785 1759
6790 1659
6795 1664
6800 1689
6805 1668
6810 1735
6815 1694
6820 1660
6825 1660
6830 1673
6835 1662
6840 1663
6845 1665
6850 1666
6855 1678
6860 1684
6865 1746
6870 2197
6875 1671
6880 1669
6885 1823
6890 1633
6895 1694
6900 1686
6905 1679
6910 1681
6915 1685
6920 1710
6925 1729
6930 1743
6935 1645
6940 1647
6945 1693
6950 1730
6955 1651
6960 1651
6965 1651
6970 1655
6975 1655
6980 1696
6985 1655
6990 1774
6995 1661
7000 1662
7005 1666
7010 1728
7015 1622
7020 1624
7025 1693
7030 1704
7035 1627
7040 1681
7045 1971
7050 1676
7055 1678
7060 1637
7065 1660
7070 1768
7075 1796
7080 1684
7085 1693
7090 1732
7095 1758
7100 1754
7105 1769
7110 1742
7115 1770
7120 1748
7125 1693
7130 1749
7135 1695
7140 1959
7145 2000
7150 1852
7155 1763
7160 1775
7165 1757
7170 1767
7175 1751
7180 1752
7185 1754
7190 1757
7195 1759
7200 1758
7205 1741
7210 1753
7215 1768
7220 2025
7225 1803
7230 2035
7235 1773
7240 1776
7245 1790
7250 1795
7255 1780
7260 1776
7265 1783
7270 1777
7275 1778
7280 1781
7285 1888
7290 1737
7295 1734
7300 1736
7305 1903
7310 1747
7315 1747
7320 1743
7325 1785
7330 2458
7335 1839
7340 1802
7345 1807
7350 1808
7355 1829
7360 1809
7365 1801
7370 1815
7375 1804
7380 1808
7385 1810
7390 1813
7395 1762
7400 1891
7405 1765
7410 1772
7415 1862
7420 1811
7425 1771
7430 1814
7435 1817
7440 1795
7445 1845
7450 1730
7455 1732
7460 1849
7465 1741
7470 1736
7475 1945
7480 1741
7485 1747
7490 1780
7495 1744
7500 1744
7505 1966
7510 2188
7515 2028
7520 1793
7525 1795
7530 1818
7535 1817
7540 1803
7545 1801
7550 1804
7555 1845
7560 1847
7565 1847
7570 1892
7575 1810
7580 1959
7585 1768
7590 1848
7595 1774
7600 1770
7605 1771
7610 1779
7615 1772
7620 1958
7625 1777
7630 1972
7635 2023
7640 1780
7645 1857
7650 1782
7655 1784
7660 1786
7665 1826
7670 1934
7675 1876
7680 1790
7685 1961
7690 1793
7695 1798
7700 1992
7705 1795
7710 1811
7715 1806
7720 1801
7725 1812
7730 1928
7735 1808
7740 1976
7745 1806
7750 1808
7755 1848
7760 2033
7765 1862
7770 1861
7775 1863
7780 1865
7785 1920
7790 1848
7795 1952
7800 1820
7805 1867
7810 2420
7815 2217
7820 2014
7825 1916
7830 1877
7835 1878
7840 1946
7845 1943
7850 1948
7855 1941
7860 1935
7865 1948
7870 1893
7875 1887
7880 1893
7885 1892
7890 1970
7895 1901
7900 2032
7905 1895
7910 1906
7915 1901
7920 1939
7925 1906
7930 1944
7935 1904
7940 1890
7945 2029
7950 1984
7955 2017
7960 2477
7965 1980
7970 1985
7975 2195
7980 1961
7985 1922
7990 1916
7995 2002
8000 1950
8005 1983
8010 1962
8015 1875
8020 1880
8025 1964
8030 1884
8035 1882
8040 1883
8045 1882
8050 2006
8055 1885
8060 2002
8065 1967
8070 1965
8075 2191
8080 1894
8085 1899
8090 1895
8095 2008
8100 2038
8105 1981
8110 1897
8115 2149
8120 1902
8125 1946
8130 2051
8135 2019
8140 2002
8145 1959
8150 1957
8155 1968
8160 1957
8165 2020
8170 1979
8175 1914
8180 1994
8185 1916
8190 1982
8195 1920
8200 1919
8205 2005
8210 2009
8215 1931
8220 2018
8225 1928
8230 1931
8235 2015
8240 2089
8245 1935
8250 1974
8255 1937
8260 2154
8265 1940
8270 2153
8275 1942
8280 1976
8285 2094
8290 1997
8295 1998
8300 1999
8305 2012
8310 2093
8315 1954
8320 2062
8325 1955
8330 1954
8335 2017
8340 2045
8345 2044
8350 1960
8355 1964
8360 2121
8365 2045
8370 1971
8375 2061
8380 2099
8385 2029
8390 2113
8395 2030
8400 2080
8405 2001
8410 1976
8415 2057
8420 1979
8425 2234
8430 2591
8435 2509
8440 2104
8445 2114
8450 2039
8455 2078
8460 2184
8465 2042
8470 2164
8475 2051
8480 2046
8485 2096
8490 2129
8495 2038
8500 2080
8505 2002
8510 2028
8515 2055
8520 2128
8525 2005
8530 2007
8535 2010
8540 2099
8545 2016
8550 2012
8555 2012
8560 2169
8565 2105
8570 2115
8575 2018
8580 2102
8585 2023
8590 2247
8595 2124
8600 2157
8605 2079
8610 2143
8615 2070
8620 2161
8625 2032
8630 2075
8635 2440
8640 2090
8645 2096
8650 2091
8655 2194
8660 2182
8665 2136
8670 2263
8675 2219
8680 2109
8685 2195
8690 2103
8695 2105
8700 2104
8705 2169
8710 2125
8715 2096
8720 2153
8725 2248
8730 2111
8735 2242
8740 2127
8745 2125
8750 2089
8755 2096
8760 2120
8765 2199
8770 2067
8775 2071
8780 2154
8785 2135
8790 2081
8795 2076
8800 2074
8805 2194
8810 2144
8815 2447
8820 2614
8825 2198
8830 2207
8835 2205
8840 2200
8845 2209
8850 2203
8855 2203
8860 2278
8865 2149
8870 2152
8875 2192
8880 2197
8885 2202
8890 2155
8895 2155
8900 2237
8905 2198
8910 2240
8915 2104
8920 2114
8925 2175
8930 2245
8935 2109
8940 2114
8945 2175
8950 2202
8955 2251
8960 2118
8965 2121
8970 2216
8975 2124
8980 2129
8985 2125
8990 2125
8995 2783
9000 2942
9005 2188
9010 2229
9015 2242
9020 2186
9025 2250
9030 2199
9035 2227
9040 2289
9045 2247
9050 2283
9055 2247
9060 2142
9065 2272
9070 2227
9075 2309
9080 2212
9085 2297
9090 2213
9095 2334
9100 2207
9105 2159
9110 2242
9115 2236
9120 2278
9125 2237
9130 2163
9135 2244
9140 2362
9145 2240
9150 2167
9155 2254
9160 2167
9165 2332
9170 2174
9175 2174
9180 2270
9185 2185
9190 2277
9195 2178
9200 2179
9205 2371
9210 2187
9215 2182
9220 2410
9225 2305
9230 2300
9235 2382
9240 2254
9245 2288
9250 2305
9255 2236
9260 2194
9265 2391
9270 2239
9275 2342
9280 2354
9285 2260
9290 2413
9295 2359
9300 2268
9305 2266
9310 2264
9315 2379
9320 2265
9325 2378
9330 2213
9335 2213
9340 2329
9345 2250
9350 2218
9355 2227
9360 2288
9365 2228
9370 2311
9375 2225
9380 2322
9385 2311
9390 2227
9395 2271
9400 2232
9405 2232
9410 2306
9415 2414
9420 2235
9425 2236
9430 2492
9435 2277
9440 2242
9445 2243
9450 2370
9455 2335
9460 2535
9465 2296
9470 2442
9475 2364
9480 2451
9485 2352
9490 2321
9495 2357
9500 2366
9505 2451
9510 2326
9515 2366
9520 2376
9525 2329
9530 2895
9535 3034
9540 2408
9545 2464
9550 2332
9555 2336
9560 2427
9565 2331
9570 2343
9575 2365
9580 2386
9585 2333
9590 2430
9595 2360
9600 2357
9605 2438
9610 2289
9615 2290
9620 2288
9625 2350
9630 2358
9635 2452
9640 2295
9645 2376
9650 2361
9655 2293
9660 2413
9665 2299
9670 2951
9675 2451
9680 2455
9685 2429
9690 2469
9695 2448
9700 2450
9705 2451
9710 2469
9715 2463
9720 2464
9725 2468
9730 2447
9735 2491
9740 2464
9745 2466
9750 2466
9755 2451
9760 2531
9765 2490
9770 2508
9775 2575
9780 2469
9785 2442
9790 2483
9795 2400
9800 2600
9805 2657
9810 2400
9815 2576
9820 2408
9825 2491
9830 2413
9835 2547
9840 2509
9845 2504
9850 2538
9855 2511
9860 2556
9865 2481
9870 2511
9875 2529
9880 2494
9885 2587
9890 2429
9895 2550
9900 2550
9905 2533
9910 2472
9915 2507
9920 2519
9925 2583
9930 2515
9935 2474
9940 2659
9945 2546
9950 2516
9955 2536
9960 2574
9965 2558
9970 2619
9975 2444
9980 2523
9985 2530
9990 2513
9995 2514
10000 2653
