5 0
10 0
15 1
20 1
25 2
30 2
35 3
40 3
45 4
50 5
55 5
60 6
65 7
70 7
75 8
80 9
85 9
90 10
95 11
100 11
105 12
110 13
115 14
120 15
125 15
130 16
135 17
140 18
145 18
150 19
155 20
160 21
165 22
170 22
175 23
180 24
185 25
190 26
195 27
200 27
205 28
210 29
215 30
220 30
225 32
230 32
235 33
240 34
245 35
250 36
255 37
260 38
265 73
270 40
275 41
280 42
285 43
290 43
295 44
300 46
305 47
310 47
315 48
320 49
325 50
330 51
335 52
340 53
345 54
350 54
355 56
360 58
365 58
370 59
375 60
380 61
385 62
390 169
395 107
400 66
405 66
410 67
415 68
420 69
425 70
430 71
435 71
440 73
445 74
450 75
455 185
460 127
465 162
470 121
475 82
480 81
485 83
490 83
495 85
500 86
505 87
510 87
515 88
520 90
525 91
530 92
535 94
540 95
545 95
550 96
555 98
560 99
565 99
570 101
575 151
580 166
585 159
590 171
595 105
600 107
605 109
610 109
615 110
620 111
625 112
630 113
635 114
640 115
645 116
650 118
655 118
660 119
665 120
670 122
675 122
680 123
685 125
690 126
695 127
700 165
705 129
710 152
715 131
720 133
725 226
730 248
735 192
740 183
745 222
750 203
755 142
760 245
765 160
770 269
775 268
780 242
785 147
790 361
795 191
800 235
805 248
810 325
815 180
820 178
825 169
830 204
835 174
840 308
845 160
850 161
855 163
860 163
865 165
870 166
875 167
880 167
885 168
890 171
895 171
900 172
905 174
910 175
915 176
920 196
925 178
930 177
935 180
940 257
945 476
950 186
955 218
960 225
965 189
970 190
975 191
980 193
985 193
990 193
995 193
1000 195
1005 278
1010 421
1015 221
1020 277
1025 200
1030 202
1035 203
1040 203
1045 205
1050 206
1055 207
1060 209
1065 209
1070 301
1075 269
1080 247
1085 230
1090 271
1095 414
1100 352
1105 333
1110 401
1115 321
1120 225
1125 225
1130 264
1135 287
1140 227
1145 308
1150 256
1155 254
1160 254
1165 290
1170 233
1175 277
1180 240
1185 240
1190 239
1195 240
1200 241
1205 242
1210 243
1215 252
1220 246
1225 246
1230 312
1235 249
1240 249
1245 252
1250 260
1255 607
1260 433
1265 259
1270 259
1275 260
1280 260
1285 263
1290 263
1295 264
1300 265
1305 437
1310 284
1315 268
1320 268
1325 270
1330 271
1335 272
1340 273
1345 274
1350 275
1355 384
1360 279
1365 295
1370 316
1375 481
1380 459
1385 307
1390 286
1395 484
1400 364
1405 347
1410 290
1415 338
1420 320
1425 319
1430 312
1435 296
1440 297
1445 299
1450 298
1455 300
1460 301
1465 302
1470 305
1475 309
1480 406
1485 328
1490 637
1495 444
1500 351
1505 313
1510 314
1515 316
1520 316
1525 337
1530 321
1535 320
1540 321
1545 321
1550 324
1555 345
1560 526
1565 328
1570 328
1575 385
1580 331
1585 333
1590 332
1595 701
1600 393
1605 391
1610 394
1615 396
1620 399
1625 393
1630 533
1635 488
1640 423
1645 432
1650 381
1655 428
1660 350
1665 350
1670 351
1675 352
1680 356
1685 477
1690 836
1695 546
1700 396
1705 360
1710 362
1715 363
1720 363
1725 365
1730 366
1735 367
1740 368
1745 369
1750 369
1755 370
1760 372
1765 373
1770 375
1775 377
1780 444
1785 378
1790 381
1795 382
1800 382
1805 384
1810 386
1815 385
1820 389
1825 389
1830 389
1835 392
1840 392
1845 394
1850 395
1855 396
1860 398
1865 399
1870 400
1875 399
1880 403
1885 448
1890 405
1895 479
1900 406
1905 406
1910 408
1915 409
1920 409
1925 411
1930 412
1935 413
1940 414
1945 415
1950 417
1955 418
1960 456
1965 420
1970 422
1975 463
1980 426
1985 426
1990 428
1995 430
2000 430
2005 432
2010 433
2015 432
2020 434
2025 436
2030 470
2035 440
2040 442
2045 441
2050 442
2055 442
2060 446
2065 504
2070 448
2075 448
2080 449
2085 450
2090 450
2095 452
2100 452
2105 454
2110 455
2115 457
2120 500
2125 461
2130 461
2135 465
2140 463
2145 467
2150 524
2155 468
2160 470
2165 470
2170 471
2175 472
2180 474
2185 474
2190 535
2195 478
2200 485
2205 479
2210 480
2215 482
2220 483
2225 483
2230 588
2235 579
2240 622
2245 833
2250 513
2255 566
2260 620
2265 609
2270 756
2275 597
2280 719
2285 653
2290 830
2295 823
2300 729
2305 561
2310 1016
2315 897
2320 880
2325 950
2330 998
2335 702
2340 771
2345 657
2350 670
2355 600
2360 715
2365 583
2370 605
2375 658
2380 636
2385 715
2390 858
2395 843
2400 608
2405 610
2410 684
2415 674
2420 626
2425 539
2430 538
2435 536
2440 538
2445 541
2450 540
2455 567
2460 706
2465 616
2470 610
2475 794
2480 555
2485 803
2490 549
2495 550
2500 553
2505 553
2510 602
2515 556
2520 1145
2525 716
2530 619
2535 700
2540 799
2545 614
2550 647
2555 566
2560 569
2565 568
2570 569
2575 649
2580 572
2585 579
2590 578
2595 858
2600 575
2605 725
2610 707
2615 623
2620 1198
2625 792
2630 816
2635 856
2640 874
2645 643
2650 687
2655 758
2660 906
2665 597
2670 594
2675 598
2680 767
2685 1216
2690 839
2695 719
2700 680
2705 1043
2710 735
2715 689
2720 702
2725 607
2730 832
2735 990
2740 833
2745 726
2750 708
2755 726
2760 674
2765 680
2770 686
2775 620
2780 625
2785 1170
2790 892
2795 764
2800 869
2805 791
2810 965
2815 798
2820 778
2825 687
2830 892
2835 666
2840 637
2845 682
2850 729
2855 1133
2860 882
2865 743
2870 768
2875 820
2880 1029
2885 905
2890 762
2895 748
2900 653
2905 814
2910 838
2915 1063
2920 733
2925 951
2930 917
2935 902
2940 828
2945 750
2950 687
2955 821
2960 913
2965 740
2970 750
2975 962
2980 698
2985 816
2990 732
2995 732
3000 733
3005 848
3010 723
3015 756
3020 784
3025 1162
3030 1060
3035 894
3040 805
3045 848
3050 863
3055 827
3060 887
3065 984
3070 868
3075 814
3080 949
3085 851
3090 750
3095 1051
3100 766
3105 702
3110 897
3115 775
3120 831
3125 812
3130 749
3135 804
3140 785
3145 822
3150 730
3155 718
3160 1101
3165 1001
3170 1062
3175 953
3180 929
3185 955
3190 1058
3195 817
3200 871
3205 840
3210 1039
3215 802
3220 787
3225 730
3230 732
3235 902
3240 803
3245 810
3250 1243
3255 864
3260 752
3265 984
3270 898
3275 799
3280 746
3285 745
3290 749
3295 1218
3300 836
3305 754
3310 754
3315 912
3320 753
3325 757
3330 976
3335 864
3340 1281
3345 886
3350 765
3355 943
3360 776
3365 845
3370 838
3375 770
3380 770
3385 1104
3390 816
3395 773
3400 774
3405 777
3410 778
3415 1025
3420 781
3425 782
3430 948
3435 785
3440 786
3445 794
3450 825
3455 789
3460 791
3465 793
3470 917
3475 851
3480 1012
3485 797
3490 796
3495 798
3500 800
3505 887
3510 804
3515 852
3520 805
3525 1012
3530 1166
3535 1207
3540 1202
3545 1108
3550 823
3555 815
3560 816
3565 884
3570 817
3575 819
3580 822
3585 820
3590 822
3595 822
3600 825
3605 826
3610 856
3615 834
3620 835
3625 831
3630 839
3635 839
3640 835
3645 840
3650 846
3655 885
3660 841
3665 841
3670 846
3675 821
3680 821
3685 824
3690 827
3695 826
3700 830
3705 945
3710 835
3715 830
3720 832
3725 833
3730 834
3735 836
3740 839
3745 837
3750 1091
3755 1020
3760 841
3765 842
3770 899
3775 873
3780 883
3785 848
3790 848
3795 1016
3800 983
3805 929
3810 856
3815 853
3820 856
3825 857
3830 894
3835 877
3840 920
3845 886
3850 892
3855 890
3860 1025
3865 990
3870 893
3875 1014
3880 1656
3885 1025
3890 1046
3895 987
3900 898
3905 1103
3910 980
3915 908
3920 956
3925 910
3930 1069
3935 914
3940 911
3945 910
3950 954
3955 963
3960 1518
3965 1051
3970 917
3975 929
3980 930
3985 1144
3990 1477
3995 955
4000 929
4005 1110
4010 946
4015 970
4020 972
4025 979
4030 930
4035 1589
4040 1065
4045 935
4050 939
4055 944
4060 1024
4065 1020
4070 1157
4075 990
4080 950
4085 1505
4090 984
4095 964
4100 1028
4105 1198
4110 1365
4115 1202
4120 1198
4125 1068
4130 1009
4135 1061
4140 1408
4145 1342
4150 1202
4155 1365
4160 1099
4165 967
4170 1226
4175 1592
4180 1178
4185 1101
4190 1211
4195 1204
4200 1063
4205 1464
4210 1339
4215 1273
4220 1293
4225 1285
4230 1154
4235 1586
4240 1179
4245 991
4250 1438
4255 1100
4260 1087
4265 1255
4270 1191
4275 1052
4280 1503
4285 1131
4290 1200
4295 1318
4300 1362
4305 1068
4310 1268
4315 1005
4320 1186
4325 1250
4330 2057
4335 1149
4340 1022
4345 1274
4350 1267
4355 1113
4360 1578
4365 1110
4370 1022
4375 1064
4380 1204
4385 1295
4390 1762
4395 1532
4400 1139
4405 1087
4410 1084
4415 1301
4420 1248
4425 1630
4430 1167
4435 1177
4440 1155
4445 1153
4450 1557
4455 1415
4460 1147
4465 1094
4470 1048
4475 1079
4480 1207
4485 1677
4490 1172
4495 1558
4500 1462
4505 1061
4510 1056
4515 1690
4520 1471
4525 1366
4530 1426
4535 1117
4540 1064
4545 1697
4550 1258
4555 1223
4560 1442
4565 1187
4570 1168
4575 1762
4580 1402
4585 1279
4590 1300
4595 1345
4600 1520
4605 1120
4610 1082
4615 1084
4620 1086
4625 1111
4630 1536
4635 1506
4640 1513
4645 1543
4650 1382
4655 1097
4660 1369
4665 1098
4670 1097
4675 1164
4680 1105
4685 1101
4690 1266
4695 1242
4700 1144
4705 1107
4710 1110
4715 1110
4720 1149
4725 1279
4730 1114
4735 1218
4740 1121
4745 1116
4750 1121
4755 1120
4760 1267
4765 1203
4770 1123
4775 1123
4780 1125
4785 1127
4790 1127
4795 1130
4800 1196
4805 1134
4810 1267
4815 1106
4820 1108
4825 1167
4830 1110
4835 1110
4840 1110
4845 1115
4850 1164
4855 1229
4860 1114
4865 1112
4870 1127
4875 1092
4880 1091
4885 1092
4890 1170
4895 1098
4900 1335
4905 1158
4910 1130
4915 1231
4920 1181
4925 1105
4930 1106
4935 1126
4940 1134
4945 1180
4950 1138
4955 1139
4960 1144
4965 1142
4970 1143
4975 1149
4980 1192
4985 1148
4990 1191
4995 1150
5000 1152
5005 1174
5010 1218
5015 1156
5020 1162
5025 1129
5030 1205
5035 1288
5040 1133
5045 1138
5050 1135
5055 1136
5060 1138
5065 1140
5070 1179
5075 1143
5080 1217
5085 1145
5090 1144
5095 1302
5100 1147
5105 1146
5110 1149
5115 1151
5120 1149
5125 1307
5130 1154
5135 1154
5140 1160
5145 1157
5150 1159
5155 1162
5160 1163
5165 1253
5170 1359
5175 1610
5180 1587
5185 1549
5190 1304
5195 1201
5200 1312
5205 1283
5210 1204
5215 1205
5220 1284
5225 1242
5230 1243
5235 1290
5240 1245
5245 1249
5250 1247
5255 1295
5260 1314
5265 1332
5270 1221
5275 1221
5280 1221
5285 1261
5290 1227
5295 1226
5300 1355
5305 1230
5310 1231
5315 1230
5320 1231
5325 1292
5330 1409
5335 1287
5340 1272
5345 1306
5350 1273
5355 1274
5360 1313
5365 1276
5370 1295
5375 1249
5380 1294
5385 1249
5390 1250
5395 1348
5400 1299
5405 1863
5410 1518
5415 1291
5420 1327
5425 1295
5430 1295
5435 1365
5440 1552
5445 1305
5450 1339
5455 1303
5460 1302
5465 1303
5470 1305
5475 1319
5480 1343
5485 1354
5490 1307
5495 1325
5500 1324
5505 1321
5510 1378
5515 1323
5520 1318
5525 1318
5530 1321
5535 1320
5540 1394
5545 1323
5550 1328
5555 1326
5560 1332
5565 1330
5570 1416
5575 1362
5580 1331
5585 1331
5590 1336
5595 1349
5600 1401
5605 1339
5610 1406
5615 1382
5620 1884
5625 1804
5630 1389
5635 1351
5640 1349
5645 1530
5650 1541
5655 1353
5660 1359
5665 1368
5670 1414
5675 1559
5680 2105
5685 1464
5690 1552
5695 1583
5700 1756
5705 1736
5710 1368
5715 1424
5720 1467
5725 1746
5730 1782
5735 1380
5740 1561
5745 1490
5750 1382
5755 1439
5760 1380
5765 1382
5770 1418
5775 1470
5780 2028
5785 1404
5790 1631
5795 1389
5800 1597
5805 1578
5810 1542
5815 1613
5820 1462
5825 1461
5830 1611
5835 1706
5840 1751
5845 1676
5850 1540
5855 1723
5860 1556
5865 1721
5870 1423
5875 1667
5880 1787
5885 1660
5890 1563
5895 1593
5900 1515
5905 1959
5910 1538
5915 1511
5920 1725
5925 2125
5930 1839
5935 1581
5940 1471
5945 1459
5950 1849
5955 1460
5960 1502
5965 1704
5970 1687
5975 1882
5980 1488
5985 1536
5990 1622
5995 1985
6000 1828
6005 1604
6010 1718
6015 1631
6020 2084
6025 1631
6030 1677
6035 1742
6040 1802
6045 1771
6050 1624
6055 1503
6060 1556
6065 2186
6070 1733
6075 1538
6080 1789
6085 1545
6090 2172
6095 1591
6100 1512
6105 1468
6110 1921
6115 1592
6120 1550
6125 1523
6130 1901
6135 2344
6140 1869
6145 1488
6150 1723
6155 1881
6160 2135
6165 1665
6170 1585
6175 1614
6180 2112
6185 1499
6190 1493
6195 1494
6200 1559
6205 2016
6210 1889
6215 1498
6220 1498
6225 2066
6230 1656
6235 1507
6240 1505
6245 1506
6250 1896
6255 1589
6260 1666
6265 1509
6270 1557
6275 1745
6280 1573
6285 1516
6290 1515
6295 1670
6300 1700
6305 1520
6310 1528
6315 1524
6320 1781
6325 1532
6330 1528
6335 1529
6340 1580
6345 1568
6350 1532
6355 1586
6360 1577
6365 1548
6370 1566
6375 1539
6380 1540
6385 1548
6390 1542
6395 1574
6400 1546
6405 1593
6410 1554
6415 1560
6420 1583
6425 1553
6430 1558
6435 1556
6440 1558
6445 1559
6450 1560
6455 1561
6460 1617
6465 1522
6470 1646
6475 1524
6480 1526
6485 1525
6490 1659
6495 1532
6500 1533
6505 1531
6510 1532
6515 1762
6520 1610
6525 1583
6530 1580
6535 1585
6540 1588
6545 1586
6550 1565
6555 1676
6560 1583
6565 1547
6570 1549
6575 1549
6580 1542
6585 1511
6590 1616
6595 1517
6600 1518
6605 1640
6610 1519
6615 1596
6620 1561
6625 1602
6630 1522
6635 1524
6640 1526
6645 1527
6650 1606
6655 1610
6660 1530
6665 1533
6670 1657
6675 1535
6680 1611
6685 1542
6690 1656
6695 1581
6700 1546
6705 1808
6710 1588
6715 1590
6720 1648
6725 1970
6730 1840
6735 1637
6740 1636
6745 1639
6750 1716
6755 1752
6760 2038
6765 1850
6770 1641
6775 1677
6780 1667
6785 1652
6790 1660
6795 1659
6800 1683
6805 1655
6810 1657
6815 1666
6820 1613
6825 1761
6830 1618
6835 1616
6840 1621
6845 1789
6850 1666
6855 1704
6860 1669
6865 1670
6870 1733
6875 1681
6880 1673
6885 1678
6890 1675
6895 1737
6900 1677
6905 1708
6910 1639
6915 1816
6920 1746
6925 1642
6930 2296
6935 2441
6940 2727
6945 1910
6950 1715
6955 2056
6960 1695
6965 1702
6970 1754
6975 1736
6980 1729
6985 1707
6990 1702
6995 1714
7000 1720
7005 1726
7010 1771
7015 1709
7020 1764
7025 1826
7030 1669
7035 1840
7040 1714
7045 1779
7050 1725
7055 1732
7060 1721
7065 1724
7070 1743
7075 1732
7080 1729
7085 1805
7090 1791
7095 1734
7100 1733
7105 1743
7110 1741
7115 1769
7120 1738
7125 1740
7130 1738
7135 1804
7140 1745
7145 1784
7150 1746
7155 1786
7160 1834
7165 1749
7170 1754
7175 1752
7180 1820
7185 1765
7190 2061
7195 1791
7200 2087
7205 1812
7210 1828
7215 2388
7220 2164
7225 1929
7230 1858
7235 1769
7240 2183
7245 1770
7250 1997
7255 2479
7260 2340
7265 1916
7270 2032
7275 2011
7280 2040
7285 1854
7290 2336
7295 2290
7300 2298
7305 1906
7310 1803
7315 2417
7320 2201
7325 1957
7330 1946
7335 2620
7340 3284
7345 2158
7350 2061
7355 1886
7360 2019
7365 2010
7370 2208
7375 2052
7380 2042
7385 2158
7390 2051
7395 2116
7400 1982
7405 2172
7410 2610
7415 2080
7420 2587
7425 2011
7430 2299
7435 2062
7440 2264
7445 2159
7450 2026
7455 2080
7460 2258
7465 2210
7470 2527
7475 2758
7480 2113
7485 2050
7490 2279
7495 2367
7500 2319
7505 2098
7510 2613
7515 1944
7520 2410
7525 2526
7530 2273
7535 2064
7540 1927
7545 2680
7550 2354
7555 2227
7560 2244
7565 1932
7570 1970
7575 1855
7580 2338
7585 2139
7590 2060
7595 1869
7600 2174
7605 1864
7610 1870
7615 1958
7620 2179
7625 1877
7630 2120
7635 1871
7640 2155
7645 1927
7650 1877
7655 1890
7660 1926
7665 1882
7670 1893
7675 1943
7680 1906
7685 1909
7690 1928
7695 1888
7700 1900
7705 1916
7710 1905
7715 1903
7720 1897
7725 1924
7730 1907
7735 1953
7740 1901
7745 1917
7750 1906
7755 1911
7760 1905
7765 1933
7770 1938
7775 1907
7780 1918
7785 1959
7790 1964
7795 1945
7800 1911
7805 1984
7810 1980
7815 1949
7820 1926
7825 2051
7830 1930
7835 1946
7840 1936
7845 2070
7850 1954
7855 1941
7860 2124
7865 2366
7870 1932
7875 2546
7880 2455
7885 2077
7890 2025
7895 1948
7900 2026
7905 1951
7910 1945
7915 1992
7920 1989
7925 1982
7930 1979
7935 1996
7940 1991
7945 2000
7950 1958
7955 2071
7960 2069
7965 2008
7970 1960
7975 1982
7980 2035
7985 2384
7990 2303
7995 2426
8000 2372
8005 2157
8010 1987
8015 2016
8020 2004
8025 1983
8030 2000
8035 2125
8040 2027
8045 1998
8050 1984
8055 2103
8060 1993
8065 2028
8070 1995
8075 2011
8080 2030
8085 1993
8090 2035
8095 2045
8100 2032
8105 2207
8110 2628
8115 2293
8120 2491
8125 2564
8130 2284
8135 2019
8140 2027
8145 2508
8150 2013
8155 2050
8160 2030
8165 2039
8170 2025
8175 2017
8180 2122
8185 2151
8190 2127
8195 2023
8200 2066
8205 2049
8210 2056
8215 2029
8220 2077
8225 2051
8230 2056
8235 2035
8240 2135
8245 2051
8250 2042
8255 2062
8260 2065
8265 2061
8270 2058
8275 2086
8280 2074
8285 2049
8290 2100
8295 2051
8300 2065
8305 2067
8310 2053
8315 2057
8320 2054
8325 2080
8330 2058
8335 2055
8340 2189
8345 2008
8350 2019
8355 2100
8360 2058
8365 2016
8370 2016
8375 2023
8380 2058
8385 2027
8390 2106
8395 2023
8400 2069
8405 2089
8410 2130
8415 2027
8420 2123
8425 2029
8430 2152
8435 2114
8440 2133
8445 2037
8450 2037
8455 2126
8460 1988
8465 2406
8470 1989
8475 2061
8480 2167
8485 2092
8490 2217
8495 2174
8500 2050
8505 2058
8510 2241
8515 2055
8520 2055
8525 2056
8530 2306
8535 2060
8540 2088
8545 2061
8550 2308
8555 2067
8560 2067
8565 2067
8570 2165
8575 2116
8580 2073
8585 2212
8590 2115
8595 2226
8600 2125
8605 2249
8610 2088
8615 2086
8620 2082
8625 2247
8630 2084
8635 2244
8640 2216
8645 2153
8650 2156
8655 2148
8660 2315
8665 2093
8670 2199
8675 2138
8680 2370
8685 2100
8690 2106
8695 2227
8700 2104
8705 2107
8710 2111
8715 2280
8720 2202
8725 2111
8730 2205
8735 2253
8740 2122
8745 2166
8750 2272
8755 2131
8760 2213
8765 2121
8770 2339
8775 2225
8780 2180
8785 2201
8790 2230
8795 2129
8800 2137
8805 2231
8810 2136
8815 2221
8820 2134
8825 2397
8830 2144
8835 2179
8840 2961
8845 2742
8850 2357
8855 2335
8860 2228
8865 2254
8870 2293
8875 2462
8880 2224
8885 2248
8890 2284
8895 2227
8900 2224
8905 2234
8910 2263
8915 2259
8920 2231
8925 2538
8930 2295
8935 2521
8940 2773
8945 2424
8950 2352
8955 2296
8960 2545
8965 2372
8970 2748
8975 2731
8980 2339
8985 2266
8990 2521
8995 2313
9000 2530
9005 3093
9010 2506
9015 2261
9020 2854
9025 2593
9030 2925
9035 3339
9040 2841
9045 3041
9050 2934
9055 3127
9060 3094
9065 3027
9070 3121
9075 2948
9080 2789
9085 2818
9090 2772
9095 2815
9100 2770
9105 3580
9110 2915
9115 2883
9120 3138
9125 2787
9130 2773
9135 3705
9140 2936
9145 3437
9150 3271
9155 3117
9160 2809
9165 2773
9170 2861
9175 3239
9180 2780
9185 2813
9190 3317
9195 2900
9200 2730
9205 3098
9210 2939
9215 2983
9220 2973
9225 3020
9230 3290
9235 2573
9240 3134
9245 2830
9250 2823
9255 3463
9260 2970
9265 3231
9270 3120
9275 3567
9280 3709
9285 3172
9290 3105
9295 2912
9300 2862
9305 3189
9310 2692
9315 2655
9320 3033
9325 2557
9330 2331
9335 2391
9340 2341
9345 2384
9350 2368
9355 2381
9360 2342
9365 2353
9370 2384
9375 2346
9380 2346
9385 2361
9390 2397
9395 2289
9400 2563
9405 2296
9410 2335
9415 2336
9420 2415
9425 2374
9430 2365
9435 2425
9440 2366
9445 2412
9450 2382
9455 2372
9460 2356
9465 2770
9470 2406
9475 2576
9480 2494
9485 2961
9490 2751
9495 2594
9500 2400
9505 2382
9510 2382
9515 2465
9520 2387
9525 2385
9530 2408
9535 2404
9540 2399
9545 2328
9550 2453
9555 2417
9560 2438
9565 2565
9570 2377
9575 2338
9580 2455
9585 2675
9590 2692
9595 2894
9600 3206
9605 2416
9610 2481
9615 2516
9620 2540
9625 2423
9630 2433
9635 2417
9640 2486
9645 2419
9650 2454
9655 2517
9660 2930
9665 2539
9670 2535
9675 2648
9680 2608
9685 2482
9690 2515
9695 2440
9700 2434
9705 2502
9710 2519
9715 2446
9720 2595
9725 2853
9730 2577
9735 2710
9740 2658
9745 2458
9750 2480
9755 2872
9760 2557
9765 2908
9770 2858
9775 2463
9780 2550
9785 2680
9790 2572
9795 2625
9800 3191
9805 2548
9810 2514
9815 2788
9820 2670
9825 2580
9830 3078
9835 3076
9840 2673
9845 2812
9850 2693
9855 2782
9860 2967
9865 2652
9870 2952
9875 3073
9880 2668
9885 3285
9890 2505
9895 2626
9900 2601
9905 3239
9910 3239
9915 3179
9920 3095
9925 3206
9930 2712
9935 2654
9940 3283
9945 3208
9950 2906
9955 3260
9960 2640
9965 3110
9970 3019
9975 3013
9980 2924
9985 3185
9990 3294
9995 2952
10000 3147
