5 0
10 1
15 1
20 1
25 2
30 2
35 3
40 3
45 4
50 4
55 5
60 6
65 6
70 7
75 8
80 8
85 9
90 9
95 10
100 11
105 12
110 13
115 13
120 14
125 15
130 15
135 16
140 17
145 17
150 18
155 19
160 19
165 20
170 21
175 22
180 23
185 23
190 24
195 25
200 26
205 27
210 27
215 28
220 29
225 30
230 31
235 31
240 32
245 34
250 34
255 35
260 36
265 37
270 37
275 38
280 39
285 40
290 41
295 42
300 42
305 44
310 45
315 46
320 47
325 47
330 48
335 49
340 95
345 70
350 52
355 53
360 54
365 55
370 56
375 58
380 58
385 59
390 60
395 61
400 62
405 62
410 64
415 65
420 65
425 66
430 67
435 68
440 69
445 70
450 71
455 72
460 73
465 74
470 75
475 76
480 76
485 78
490 79
495 80
500 81
505 82
510 83
515 84
520 85
525 86
530 87
535 88
540 88
545 132
550 128
555 91
560 93
565 93
570 95
575 184
580 96
585 98
590 98
595 99
600 101
605 102
610 103
615 104
620 105
625 106
630 107
635 108
640 109
645 110
650 111
655 112
660 113
665 115
670 115
675 117
680 117
685 118
690 119
695 120
700 121
705 123
710 123
715 125
720 125
725 127
730 128
735 128
740 129
745 131
750 131
755 132
760 133
765 135
770 183
775 181
780 137
785 139
790 140
795 141
800 142
805 144
810 144
815 145
820 146
825 148
830 148
835 150
840 178
845 170
850 153
855 154
860 155
865 156
870 157
875 158
880 159
885 160
890 161
895 162
900 163
905 164
910 165
915 167
920 266
925 168
930 170
935 170
940 172
945 173
950 174
955 175
960 176
965 177
970 177
975 179
980 180
985 181
990 182
995 183
1000 185
1005 186
1010 187
1015 188
1020 305
1025 190
1030 192
1035 193
1040 193
1045 195
1050 197
1055 197
1060 197
1065 199
1070 200
1075 201
1080 201
1085 204
1090 204
1095 205
1100 206
1105 207
1110 208
1115 210
1120 209
1125 211
1130 212
1135 214
1140 215
1145 215
1150 216
1155 218
1160 220
1165 221
1170 241
1175 284
1180 340
1185 224
1190 226
1195 226
1200 266
1205 228
1210 230
1215 231
1220 232
1225 234
1230 235
1235 237
1240 237
1245 237
1250 239
1255 240
1260 240
1265 242
1270 243
1275 245
1280 246
1285 300
1290 305
1295 249
1300 250
1305 252
1310 253
1315 253
1320 254
1325 256
1330 256
1335 258
1340 280
1345 266
1350 266
1355 268
1360 270
1365 271
1370 272
1375 310
1380 275
1385 276
1390 276
1395 277
1400 279
1405 280
1410 282
1415 283
1420 283
1425 285
1430 286
1435 287
1440 371
1445 289
1450 291
1455 293
1460 294
1465 295
1470 295
1475 297
1480 299
1485 299
1490 299
1495 301
1500 302
1505 313
1510 298
1515 299
1520 300
1525 302
1530 301
1535 302
1540 305
1545 386
1550 307
1555 308
1560 308
1565 310
1570 311
1575 385
1580 313
1585 316
1590 315
1595 319
1600 316
1605 319
1610 320
1615 321
1620 322
1625 325
1630 325
1635 325
1640 326
1645 328
1650 329
1655 330
1660 331
1665 332
1670 333
1675 334
1680 415
1685 336
1690 338
1695 340
1700 420
1705 342
1710 342
1715 343
1720 345
1725 346
1730 347
1735 348
1740 445
1745 361
1750 418
1755 365
1760 377
1765 355
1770 356
1775 357
1780 359
1785 469
1790 369
1795 371
1800 371
1805 372
1810 373
1815 375
1820 376
1825 378
1830 378
1835 417
1840 381
1845 383
1850 383
1855 384
1860 386
1865 389
1870 388
1875 389
1880 391
1885 392
1890 393
1895 394
1900 395
1905 396
1910 398
1915 398
1920 400
1925 400
1930 405
1935 449
1940 405
1945 406
1950 407
1955 408
1960 409
1965 448
1970 411
1975 411
1980 414
1985 418
1990 416
1995 417
2000 418
2005 420
2010 504
2015 423
2020 424
2025 434
2030 417
2035 416
2040 455
2045 419
2050 420
2055 421
2060 422
2065 481
2070 424
2075 425
2080 426
2085 507
2090 428
2095 430
2100 432
2105 433
2110 434
2115 436
2120 511
2125 439
2130 438
2135 460
2140 533
2145 611
2150 481
2155 479
2160 486
2165 481
2170 483
2175 485
2180 462
2185 462
2190 484
2195 485
2200 467
2205 467
2210 469
2215 548
2220 535
2225 614
2230 566
2235 487
2240 488
2245 490
2250 493
2255 493
2260 500
2265 496
2270 497
2275 498
2280 498
2285 500
2290 500
2295 504
2300 508
2305 508
2310 504
2315 506
2320 508
2325 523
2330 497
2335 537
2340 500
2345 502
2350 502
2355 503
2360 504
2365 506
2370 506
2375 508
2380 509
2385 510
2390 511
2395 558
2400 514
2405 515
2410 555
2415 518
2420 521
2425 521
2430 604
2435 522
2440 524
2445 525
2450 526
2455 567
2460 609
2465 529
2470 530
2475 532
2480 534
2485 534
2490 573
2495 537
2500 538
2505 539
2510 540
2515 542
2520 545
2525 545
2530 545
2535 546
2540 547
2545 548
2550 550
2555 589
2560 553
2565 554
2570 554
2575 557
2580 558
2585 598
2590 562
2595 573
2600 587
2605 573
2610 749
2615 639
2620 570
2625 569
2630 616
2635 595
2640 632
2645 601
2650 603
2655 594
2660 593
2665 594
2670 617
2675 596
2680 597
2685 604
2690 632
2695 626
2700 629
2705 606
2710 615
2715 615
2720 612
2725 592
2730 637
2735 593
2740 595
2745 597
2750 617
2755 620
2760 618
2765 617
2770 618
2775 621
2780 648
2785 636
2790 653
2795 624
2800 625
2805 626
2810 629
2815 628
2820 631
2825 633
2830 638
2835 668
2840 622
2845 658
2850 621
2855 623
2860 628
2865 661
2870 626
2875 627
2880 629
2885 630
2890 668
2895 632
2900 633
2905 644
2910 620
2915 721
2920 622
2925 623
2930 623
2935 625
2940 627
2945 713
2950 717
2955 630
2960 630
2965 631
2970 712
2975 636
2980 663
2985 654
2990 705
2995 684
3000 682
3005 689
3010 659
3015 778
3020 684
3025 665
3030 752
3035 911
3040 788
3045 787
3050 694
3055 697
3060 691
3065 698
3070 693
3075 697
3080 700
3085 731
3090 726
3095 718
3100 718
3105 703
3110 705
3115 718
3120 706
3125 709
3130 724
3135 765
3140 713
3145 714
3150 741
3155 715
3160 716
3165 719
3170 751
3175 721
3180 721
3185 723
3190 723
3195 732
3200 726
3205 731
3210 727
3215 730
3220 730
3225 733
3230 784
3235 741
3240 737
3245 746
3250 719
3255 721
3260 722
3265 723
3270 723
3275 770
3280 726
3285 726
3290 728
3295 729
3300 736
3305 732
3310 733
3315 736
3320 781
3325 765
3330 767
3335 774
3340 800
3345 848
3350 741
3355 744
3360 748
3365 747
3370 870
3375 750
3380 751
3385 754
3390 752
3395 755
3400 840
3405 757
3410 963
3415 760
3420 760
3425 763
3430 804
3435 788
3440 791
3445 789
3450 789
3455 788
3460 796
3465 793
3470 794
3475 794
3480 798
3485 797
3490 798
3495 812
3500 867
3505 782
3510 781
3515 834
3520 784
3525 824
3530 787
3535 787
3540 833
3545 790
3550 794
3555 797
3560 798
3565 795
3570 795
3575 798
3580 798
3585 802
3590 800
3595 841
3600 806
3605 923
3610 848
3615 820
3620 829
3625 963
3630 818
3635 818
3640 816
3645 815
3650 822
3655 797
3660 835
3665 881
3670 876
3675 836
3680 823
3685 825
3690 825
3695 828
3700 881
3705 830
3710 830
3715 832
3720 839
3725 835
3730 891
3735 814
3740 894
3745 858
3750 1012
3755 821
3760 822
3765 910
3770 824
3775 825
3780 826
3785 826
3790 911
3795 851
3800 852
3805 856
3810 855
3815 857
3820 858
3825 937
3830 860
3835 860
3840 947
3845 981
3850 841
3855 844
3860 845
3865 846
3870 1013
3875 849
3880 850
3885 851
3890 852
3895 853
3900 854
3905 1003
3910 947
3915 919
3920 928
3925 912
3930 914
3935 909
3940 1007
3945 865
3950 967
3955 914
3960 918
3965 919
3970 926
3975 924
3980 933
3985 923
3990 927
3995 925
4000 926
4005 918
4010 904
4015 940
4020 906
4025 907
4030 910
4035 971
4040 912
4045 914
4050 915
4055 915
4060 916
4065 918
4070 920
4075 1111
4080 967
4085 1001
4090 1005
4095 926
4100 926
4105 926
4110 932
4115 930
4120 930
4125 974
4130 934
4135 935
4140 935
4145 939
4150 939
4155 940
4160 933
4165 977
4170 943
4175 958
4180 982
4185 923
4190 1026
4195 928
4200 1011
4205 1001
4210 930
4215 929
4220 932
4225 932
4230 933
4235 1097
4240 939
4245 939
4250 941
4255 939
4260 938
4265 941
4270 943
4275 945
4280 945
4285 948
4290 1115
4295 950
4300 950
4305 952
4310 1073
4315 1030
4320 1033
4325 959
4330 1016
4335 976
4340 1045
4345 964
4350 962
4355 965
4360 984
4365 984
4370 967
4375 969
4380 969
4385 972
4390 977
4395 1052
4400 975
4405 977
4410 997
4415 1077
4420 1009
4425 1011
4430 984
4435 984
4440 1063
4445 1095
4450 989
4455 1067
4460 1014
4465 1026
4470 994
4475 993
4480 995
4485 996
4490 1058
4495 1088
4500 1000
4505 1001
4510 1002
4515 1088
4520 1006
4525 1005
4530 1006
4535 1008
4540 1009
4545 1088
4550 1012
4555 1053
4560 1013
4565 1015
4570 1018
4575 1019
4580 1038
4585 1074
4590 1021
4595 1101
4600 1127
4605 1026
4610 1026
4615 1134
4620 1029
4625 1030
4630 1034
4635 1032
4640 1039
4645 1124
4650 1123
4655 1068
4660 1069
4665 1041
4670 1079
4675 1043
4680 1043
4685 1044
4690 1166
4695 1117
4700 1077
4705 1049
4710 1189
4715 1053
4720 1090
4725 1055
4730 1055
4735 1057
4740 1163
4745 1060
4750 1062
4755 1103
4760 1062
4765 1063
4770 1065
4775 1068
4780 1066
4785 1070
4790 1149
4795 1072
4800 1073
4805 1151
4810 1153
4815 1077
4820 1156
4825 1078
4830 1081
4835 1189
4840 1082
4845 1085
4850 1169
4855 1086
4860 1088
4865 1089
4870 1122
4875 1124
4880 1234
4885 1154
4890 1094
4895 1096
4900 1219
4905 1167
4910 1130
4915 1133
4920 1136
4925 1169
4930 1134
4935 1214
4940 1143
4945 1138
4950 1139
4955 1111
4960 1116
4965 1113
4970 1136
4975 1158
4980 1119
4985 1119
4990 1249
4995 1121
5000 1164
5005 1123
5010 1125
5015 1147
5020 1168
5025 1211
5030 1132
5035 1131
5040 1138
5045 1133
5050 1135
5055 1222
5060 1180
5065 1155
5070 1282
5075 1141
5080 1347
5085 1312
5090 1211
5095 1549
5100 1463
5105 1520
5110 1339
5115 1220
5120 1219
5125 1218
5130 1219
5135 1221
5140 1221
5145 1254
5150 1227
5155 1191
5160 1328
5165 1195
5170 1200
5175 1197
5180 1198
5185 1253
5190 1204
5195 1171
5200 1173
5205 1174
5210 1259
5215 1179
5220 1177
5225 1183
5230 1250
5235 1182
5240 1182
5245 1310
5250 1186
5255 1260
5260 1273
5265 1188
5270 1297
5275 1261
5280 1224
5285 1272
5290 1226
5295 1229
5300 1229
5305 1271
5310 1375
5315 1202
5320 1203
5325 1296
5330 1239
5335 1210
5340 1210
5345 1279
5350 1265
5355 1307
5360 1258
5365 1339
5370 1216
5375 1216
5380 1216
5385 1217
5390 1220
5395 1331
5400 1222
5405 1322
5410 1315
5415 1224
5420 1226
5425 1227
5430 1311
5435 1318
5440 1231
5445 1237
5450 1350
5455 1235
5460 1237
5465 1237
5470 1383
5475 1313
5480 1267
5485 1242
5490 1310
5495 1279
5500 1354
5505 1249
5510 1248
5515 1330
5520 1254
5525 1253
5530 1295
5535 1254
5540 1255
5545 1256
5550 1259
5555 1260
5560 1409
5565 1262
5570 1348
5575 1305
5580 1272
5585 1267
5590 1269
5595 1375
5600 1302
5605 1272
5610 1273
5615 1275
5620 1273
5625 1438
5630 1280
5635 1304
5640 1323
5645 1365
5650 1409
5655 1372
5660 1387
5665 1488
5670 1323
5675 1438
5680 1329
5685 1333
5690 1330
5695 1374
5700 1330
5705 1330
5710 1332
5715 1495
5720 1334
5725 1490
5730 1304
5735 1305
5740 1304
5745 1306
5750 1384
5755 1309
5760 1310
5765 1319
5770 1313
5775 1318
5780 1317
5785 1394
5790 1360
5795 1318
5800 1326
5805 1625
5810 1324
5815 1403
5820 1403
5825 1515
5830 1385
5835 1421
5840 1447
5845 1368
5850 1367
5855 1369
5860 1456
5865 1604
5870 1512
5875 1636
5880 1610
5885 1346
5890 1425
5895 1371
5900 1455
5905 1431
5910 1389
5915 1385
5920 1386
5925 1386
5930 1389
5935 1436
5940 1392
5945 1396
5950 1449
5955 1395
5960 1395
5965 1456
5970 1446
5975 1362
5980 1370
5985 1367
5990 1369
5995 1370
6000 1370
6005 1462
6010 1436
6015 1730
6020 1749
6025 1525
6030 1505
6035 1454
6040 1455
6045 1465
6050 1457
6055 1459
6060 1470
6065 1459
6070 1422
6075 1432
6080 1580
6085 1428
6090 1593
6095 1431
6100 1432
6105 1434
6110 1434
6115 1518
6120 1437
6125 1485
6130 1448
6135 1405
6140 1404
6145 1405
6150 1488
6155 1409
6160 1493
6165 1544
6170 1454
6175 1414
6180 1416
6185 1516
6190 1501
6195 1418
6200 1501
6205 1420
6210 1423
6215 1501
6220 1597
6225 1468
6230 1427
6235 1525
6240 1431
6245 1431
6250 1432
6255 1701
6260 1776
6265 1533
6270 1516
6275 1516
6280 1519
6285 1519
6290 1523
6295 1521
6300 1573
6305 1487
6310 1578
6315 1489
6320 1488
6325 1511
6330 1489
6335 1460
6340 1624
6345 1454
6350 1457
6355 1457
6360 1645
6365 1499
6370 1593
6375 1502
6380 1505
6385 1511
6390 1558
6395 1468
6400 1470
6405 1472
6410 1475
6415 1899
6420 1476
6425 1539
6430 1518
6435 1596
6440 1539
6445 1527
6450 1524
6455 1517
6460 1549
6465 1486
6470 1490
6475 1645
6480 1490
6485 1535
6490 1496
6495 1573
6500 1496
6505 1592
6510 1498
6515 1498
6520 1579
6525 1628
6530 1503
6535 1503
6540 1647
6545 1551
6550 1509
6555 1507
6560 1587
6565 1514
6570 1558
6575 1631
6580 1598
6585 1518
6590 1517
6595 1657
6600 1522
6605 1520
6610 1523
6615 1523
6620 1524
6625 1642
6630 1572
6635 1534
6640 1710
6645 1533
6650 1606
6655 1534
6660 1622
6665 1699
6670 1544
6675 1662
6680 1581
6685 1588
6690 1629
6695 1637
6700 1593
6705 1689
6710 1549
6715 1554
6720 1552
6725 1794
6730 1554
6735 1634
6740 1555
6745 1557
6750 1560
6755 1679
6760 1562
6765 1565
6770 1720
6775 1564
6780 1640
6785 1566
6790 1613
6795 1609
6800 1614
6805 1577
6810 1872
6815 2026
6820 2094
6825 1664
6830 1696
6835 1666
6840 1667
6845 1673
6850 1674
6855 1627
6860 1628
6865 1632
6870 1637
6875 1672
6880 1677
6885 1633
6890 1690
6895 1676
6900 1638
6905 1639
6910 1712
6915 1598
6920 1644
6925 1601
6930 1603
6935 1721
6940 1605
6945 1765
6950 1651
6955 1776
6960 1690
6965 1611
6970 1742
6975 1663
6980 1659
6985 1665
6990 1661
6995 1663
7000 1638
7005 1709
7010 1624
7015 1726
7020 1625
7025 1626
7030 1630
7035 1708
7040 1774
7045 1636
7050 1634
7055 1633
7060 1638
7065 1637
7070 1763
7075 1646
7080 1758
7085 1643
7090 1719
7095 1644
7100 1728
7105 1646
7110 1654
7115 1731
7120 1728
7125 1652
7130 1769
7135 1691
7140 1758
7145 1657
7150 1657
7155 1745
7160 1746
7165 1661
7170 1668
7175 1665
7180 1666
7185 1741
7190 1805
7195 1747
7200 1853
7205 1673
7210 1671
7215 1675
7220 1755
7225 1757
7230 1678
7235 1678
7240 1680
7245 1703
7250 1764
7255 1766
7260 1790
7265 1685
7270 1689
7275 1688
7280 1833
7285 1694
7290 1697
7295 1778
7300 1696
7305 1838
7310 1775
7315 1699
7320 1857
7325 1782
7330 1701
7335 1703
7340 1781
7345 1895
7350 1708
7355 1784
7360 1714
7365 1712
7370 1864
7375 1716
7380 1818
7385 1716
7390 1716
7395 1802
7400 1834
7405 1720
7410 1730
7415 1768
7420 1722
7425 1726
7430 1806
7435 1733
7440 1877
7445 1734
7450 1738
7455 1836
7460 1814
7465 1814
7470 1737
7475 1738
7480 1781
7485 1802
7490 1742
7495 1787
7500 1865
7505 1744
7510 1826
7515 1824
7520 1880
7525 2564
7530 1937
7535 2243
7540 1966
7545 1804
7550 1903
7555 1852
7560 1853
7565 1856
7570 1859
7575 1865
7580 1860
7585 1818
7590 1858
7595 1927
7600 1823
7605 1901
7610 1819
7615 1822
7620 1846
7625 1868
7630 1947
7635 1804
7640 1859
7645 1781
7650 1823
7655 1851
7660 1863
7665 1960
7670 1787
7675 1866
7680 1870
7685 1794
7690 1800
7695 1795
7700 1801
7705 1885
7710 1885
7715 1806
7720 1917
7725 1965
7730 1813
7735 1883
7740 1807
7745 1850
7750 1807
7755 1826
7760 1815
7765 1897
7770 1895
7775 1938
7780 1815
7785 1816
7790 1817
7795 2332
7800 1929
7805 1865
7810 1826
7815 1847
7820 1957
7825 1875
7830 1966
7835 1877
7840 1968
7845 1925
7850 1883
7855 1981
7860 1885
7865 1882
7870 1884
7875 1945
7880 1899
7885 2055
7890 1909
7895 1845
7900 1935
7905 1889
7910 1846
7915 1848
7920 1927
7925 1852
7930 1978
7935 1852
7940 1945
7945 1857
7950 1858
7955 1939
7960 1905
7965 1859
7970 1862
7975 1904
7980 2057
7985 2017
7990 1867
7995 2021
8000 1918
8005 1924
8010 2136
8015 1921
8020 1913
8025 1957
8030 1879
8035 1957
8040 1883
8045 1990
8050 1884
8055 1885
8060 1889
8065 2074
8070 1892
8075 1889
8080 1888
8085 1892
8090 2010
8095 1895
8100 2006
8105 1898
8110 2137
8115 2052
8120 1943
8125 1958
8130 1953
8135 1998
8140 1958
8145 2024
8150 1962
8155 1966
8160 1966
8165 2513
8170 2500
8175 2063
8180 1966
8185 2006
8190 2104
8195 2034
8200 2039
8205 2026
8210 2026
8215 2013
8220 2017
8225 2060
8230 1980
8235 2065
8240 2038
8245 2014
8250 1939
8255 2110
8260 1938
8265 2014
8270 2018
8275 1978
8280 1942
8285 1942
8290 1945
8295 2100
8300 1985
8305 2035
8310 2033
8315 1955
8320 2030
8325 1994
8330 1953
8335 2050
8340 2110
8345 2020
8350 1980
8355 2128
8360 2006
8365 2022
8370 2015
8375 2058
8380 2025
8385 2002
8390 1969
8395 2009
8400 2070
8405 2013
8410 2294
8415 1976
8420 1980
8425 2223
8430 2016
8435 2132
8440 2035
8445 2081
8450 2090
8455 2141
8460 2066
8465 2043
8470 2083
8475 2085
8480 2013
8485 2039
8490 1996
8495 1997
8500 2153
8505 2149
8510 2128
8515 2083
8520 2004
8525 2219
8530 2067
8535 2061
8540 2062
8545 2069
8550 2089
8555 2186
8560 2051
8565 2016
8570 2017
8575 2099
8580 2177
8585 2019
8590 2021
8595 2020
8600 2178
8605 2207
8610 2026
8615 2028
8620 2092
8625 2115
8630 2040
8635 2112
8640 2115
8645 2036
8650 2120
8655 2173
8660 2083
8665 2041
8670 2050
8675 2246
8680 2049
8685 2045
8690 2048
8695 2051
8700 2088
8705 2241
8710 2052
8715 2055
8720 2118
8725 2087
8730 2064
8735 2067
8740 2146
8745 2115
8750 2153
8755 2499
8760 2537
8765 2555
8770 2192
8775 2254
8780 2183
8785 2190
8790 2188
8795 2185
8800 2292
8805 2133
8810 2134
8815 2181
8820 2145
8825 2163
8830 2090
8835 2167
8840 2129
8845 2091
8850 2239
8855 2090
8860 2168
8865 2253
8870 2100
8875 2095
8880 2096
8885 2230
8890 2182
8895 2235
8900 2117
8905 2104
8910 2106
8915 2178
8920 2785
8925 2257
8930 2233
8935 2236
8940 2231
8945 2238
8950 2229
8955 2262
8960 2224
8965 2190
8970 2182
8975 2257
8980 2222
8985 2237
8990 2310
8995 2190
9000 2163
9005 2206
9010 2135
9015 2213
9020 2213
9025 2133
9030 2405
9035 2307
9040 2136
9045 2207
9050 2238
9055 2205
9060 2204
9065 2190
9070 2190
9075 2229
9080 2151
9085 2359
9090 2149
9095 2152
9100 2340
9105 2202
9110 2162
9115 2156
9120 2156
9125 2313
9130 2250
9135 2167
9140 2162
9145 2322
9150 2170
9155 2169
9160 2170
9165 2174
9170 2290
9175 2172
9180 2345
9185 2176
9190 2310
9195 2425
9200 2241
9205 2282
9210 2238
9215 2285
9220 2215
9225 2362
9230 2187
9235 2190
9240 2293
9245 2404
9250 2387
9255 2192
9260 2232
9265 2254
9270 2420
9275 2300
9280 2261
9285 2298
9290 2204
9295 2277
9300 2205
9305 2801
9310 2794
9315 2408
9320 2343
9325 2321
9330 2279
9335 2280
9340 2277
9345 2277
9350 2315
9355 2284
9360 2407
9365 2271
9370 2347
9375 2225
9380 2232
9385 2228
9390 2272
9395 2315
9400 2316
9405 2399
9410 2358
9415 2271
9420 2299
9425 2243
9430 2247
9435 2242
9440 2463
9445 2245
9450 2464
9455 2407
9460 2382
9465 2248
9470 2287
9475 2310
9480 2312
9485 2389
9490 2327
9495 2507
9500 2257
9505 2339
9510 2315
9515 2390
9520 2318
9525 2362
9530 2425
9535 2442
9540 2264
9545 2265
9550 2427
9555 2270
9560 2280
9565 2274
9570 2355
9575 2357
9580 2422
9585 2285
9590 2279
9595 2364
9600 2355
9605 2348
9610 2284
9615 2287
9620 2472
9625 2436
9630 2292
9635 2375
9640 2375
9645 2297
9650 2302
9655 2298
9660 2296
9665 2597
9670 2660
9675 2382
9680 2416
9685 2416
9690 2490
9695 2369
9700 2376
9705 2445
9710 2425
9715 2498
9720 2419
9725 2418
9730 2377
9735 2389
9740 2355
9745 2406
9750 2405
9755 2615
9760 2479
9765 2390
9770 2469
9775 2529
9780 2382
9785 2373
9790 2411
9795 2337
9800 2589
9805 2385
9810 2422
9815 2417
9820 3071
9825 2941
9830 2666
9835 2512
9840 2503
9845 2408
9850 2492
9855 2419
9860 2412
9865 2417
9870 2626
9875 2470
9880 2514
9885 2473
9890 2419
9895 2458
9900 2598
9905 2406
9910 2361
9915 2486
9920 2508
9925 2594
9930 2451
9935 2456
9940 2435
9945 2434
9950 2434
9955 2609
9960 2455
9965 2595
9970 2382
9975 2510
9980 2494
9985 2443
9990 2679
9995 3097
10000 2537
