5 0
10 1
15 1
20 2
25 2
30 3
35 3
40 4
45 4
50 5
55 5
60 7
65 7
70 8
75 9
80 10
85 10
90 11
95 12
100 12
105 13
110 14
115 15
120 15
125 16
130 17
135 18
140 19
145 20
150 21
155 21
160 23
165 24
170 25
175 25
180 26
185 27
190 28
195 29
200 30
205 31
210 32
215 32
220 33
225 34
230 35
235 36
240 37
245 39
250 39
255 40
260 42
265 42
270 43
275 45
280 57
285 55
290 64
295 52
300 51
305 51
310 52
315 53
320 54
325 55
330 56
335 57
340 58
345 59
350 60
355 62
360 63
365 68
370 69
375 76
380 67
385 68
390 69
395 73
400 71
405 72
410 73
415 86
420 79
425 79
430 79
435 79
440 81
445 82
450 82
455 84
460 85
465 85
470 87
475 88
480 91
485 90
490 107
495 91
500 160
505 106
510 133
515 148
520 118
525 102
530 136
535 117
540 146
545 146
550 133
555 129
560 138
565 447
570 145
575 128
580 123
585 122
590 123
595 121
600 117
605 117
610 136
615 120
620 121
625 121
630 123
635 124
640 126
645 127
650 127
655 133
660 148
665 134
670 135
675 148
680 153
685 136
690 142
695 138
700 156
705 153
710 157
715 194
720 147
725 148
730 147
735 168
740 150
745 151
750 154
755 176
760 180
765 159
770 158
775 181
780 166
785 181
790 173
795 178
800 173
805 182
810 181
815 180
820 182
825 190
830 174
835 177
840 174
845 175
850 175
855 177
860 181
865 179
870 180
875 181
880 183
885 184
890 186
895 244
900 226
905 222
910 193
915 198
920 192
925 194
930 196
935 196
940 197
945 200
950 201
955 257
960 204
965 248
970 256
975 284
980 224
985 216
990 233
995 227
1000 232
1005 235
1010 214
1015 216
1020 216
1025 216
1030 219
1035 220
1040 220
1045 241
1050 229
1055 226
1060 264
1065 274
1070 237
1075 232
1080 258
1085 235
1090 235
1095 235
1100 264
1105 253
1110 320
1115 242
1120 260
1125 266
1130 267
1135 266
1140 268
1145 267
1150 261
1155 251
1160 252
1165 253
1170 254
1175 255
1180 257
1185 257
1190 260
1195 261
1200 263
1205 264
1210 321
1215 315
1220 271
1225 275
1230 271
1235 272
1240 273
1245 276
1250 358
1255 279
1260 282
1265 308
1270 304
1275 288
1280 350
1285 311
1290 318
1295 287
1300 288
1305 307
1310 289
1315 291
1320 316
1325 296
1330 297
1335 313
1340 387
1345 397
1350 344
1355 335
1360 305
1365 305
1370 305
1375 352
1380 310
1385 316
1390 340
1395 340
1400 339
1405 337
1410 327
1415 317
1420 319
1425 321
1430 321
1435 324
1440 325
1445 325
1450 384
1455 389
1460 352
1465 330
1470 331
1475 384
1480 429
1485 338
1490 364
1495 376
1500 393
1505 406
1510 372
1515 343
1520 345
1525 344
1530 346
1535 375
1540 351
1545 351
1550 353
1555 453
1560 371
1565 379
1570 383
1575 358
1580 360
1585 401
1590 383
1595 398
1600 396
1605 395
1610 399
1615 405
1620 441
1625 373
1630 371
1635 374
1640 376
1645 376
1650 391
1655 486
1660 402
1665 381
1670 404
1675 384
1680 449
1685 389
1690 414
1695 488
1700 433
1705 427
1710 394
1715 395
1720 395
1725 397
1730 402
1735 397
1740 398
1745 489
1750 441
1755 429
1760 416
1765 407
1770 410
1775 412
1780 450
1785 428
1790 448
1795 445
1800 448
1805 417
1810 419
1815 419
1820 421
1825 422
1830 425
1835 553
1840 535
1845 544
1850 536
1855 571
1860 438
1865 469
1870 470
1875 566
1880 520
1885 538
1890 522
1895 538
1900 487
1905 508
1910 563
1915 502
1920 489
1925 448
1930 458
1935 497
1940 483
1945 488
1950 487
1955 504
1960 458
1965 459
1970 460
1975 466
1980 508
1985 474
1990 554
1995 490
2000 469
2005 477
2010 541
2015 522
2020 511
2025 511
2030 514
2035 547
2040 480
2045 481
2050 482
2055 573
2060 502
2065 552
2070 516
2075 498
2080 547
2085 601
2090 538
2095 510
2100 494
2105 497
2110 554
2115 538
2120 537
2125 534
2130 539
2135 560
2140 526
2145 529
2150 528
2155 531
2160 541
2165 540
2170 552
2175 557
2180 546
2185 522
2190 517
2195 519
2200 552
2205 608
2210 582
2215 532
2220 526
2225 562
2230 563
2235 742
2240 662
2245 555
2250 535
2255 534
2260 537
2265 538
2270 552
2275 662
2280 549
2285 545
2290 547
2295 718
2300 764
2305 788
2310 557
2315 630
2320 552
2325 568
2330 555
2335 638
2340 558
2345 559
2350 559
2355 561
2360 563
2365 563
2370 567
2375 586
2380 569
2385 570
2390 609
2395 577
2400 601
2405 621
2410 765
2415 609
2420 580
2425 618
2430 650
2435 624
2440 624
2445 679
2450 592
2455 597
2460 590
2465 681
2470 594
2475 594
2480 595
2485 596
2490 608
2495 629
2500 603
2505 602
2510 605
2515 605
2520 606
2525 625
2530 663
2535 612
2540 654
2545 615
2550 629
2555 621
2560 617
2565 617
2570 620
2575 672
2580 627
2585 624
2590 641
2595 629
2600 629
2605 646
2610 637
2615 637
2620 676
2625 634
2630 637
2635 637
2640 639
2645 638
2650 668
2655 683
2660 742
2665 649
2670 708
2675 652
2680 700
2685 692
2690 715
2695 727
2700 656
2705 707
2710 687
2715 659
2720 660
2725 670
2730 672
2735 664
2740 668
2745 668
2750 676
2755 669
2760 673
2765 743
2770 683
2775 675
2780 678
2785 677
2790 694
2795 680
2800 682
2805 684
2810 683
2815 704
2820 688
2825 902
2830 766
2835 705
2840 692
2845 745
2850 696
2855 698
2860 698
2865 698
2870 700
2875 781
2880 705
2885 706
2890 708
2895 710
2900 709
2905 710
2910 714
2915 716
2920 755
2925 716
2930 722
2935 758
2940 723
2945 723
2950 724
2955 724
2960 726
2965 727
2970 730
2975 729
2980 732
2985 772
2990 737
2995 735
3000 737
3005 740
3010 739
3015 770
3020 746
3025 745
3030 747
3035 749
3040 841
3045 792
3050 759
3055 798
3060 774
3065 766
3070 755
3075 774
3080 760
3085 759
3090 821
3095 763
3100 770
3105 765
3110 767
3115 768
3120 777
3125 810
3130 773
3135 772
3140 829
3145 790
3150 811
3155 778
3160 780
3165 782
3170 782
3175 783
3180 785
3185 795
3190 869
3195 793
3200 792
3205 793
3210 792
3215 793
3220 797
3225 801
3230 800
3235 802
3240 834
3245 803
3250 846
3255 807
3260 809
3265 809
3270 811
3275 840
3280 812
3285 814
3290 888
3295 823
3300 818
3305 819
3310 819
3315 887
3320 920
3325 1096
3330 1111
3335 1085
3340 1044
3345 1033
3350 1066
3355 1089
3360 1087
3365 1116
3370 1136
3375 1107
3380 1041
3385 1015
3390 917
3395 926
3400 911
3405 978
3410 893
3415 855
3420 1054
3425 944
3430 864
3435 853
3440 855
3445 872
3450 886
3455 859
3460 865
3465 861
3470 888
3475 868
3480 868
3485 865
3490 903
3495 905
3500 871
3505 881
3510 873
3515 877
3520 880
3525 879
3530 883
3535 960
3540 883
3545 887
3550 887
3555 889
3560 889
3565 1030
3570 1062
3575 1011
3580 1122
3585 1097
3590 1022
3595 906
3600 1081
3605 1109
3610 1008
3615 1006
3620 913
3625 988
3630 1042
3635 920
3640 917
3645 922
3650 915
3655 968
3660 916
3665 920
3670 917
3675 918
3680 928
3685 928
3690 934
3695 944
3700 1009
3705 946
3710 928
3715 930
3720 935
3725 1016
3730 936
3735 934
3740 991
3745 937
3750 940
3755 942
3760 942
3765 944
3770 948
3775 950
3780 1012
3785 947
3790 952
3795 952
3800 953
3805 962
3810 956
3815 1000
3820 1170
3825 980
3830 975
3835 1026
3840 1129
3845 973
3850 978
3855 1028
3860 1215
3865 1027
3870 1049
3875 1211
3880 1179
3885 1119
3890 1084
3895 1169
3900 1096
3905 1009
3910 996
3915 996
3920 987
3925 1039
3930 989
3935 1007
3940 990
3945 992
3950 996
3955 997
3960 1001
3965 1001
3970 1000
3975 1037
3980 1002
3985 1003
3990 1006
3995 1005
4000 1008
4005 1014
4010 1097
4015 1030
4020 1013
4025 1025
4030 1018
4035 1017
4040 1019
4045 1069
4050 1205
4055 1248
4060 1202
4065 1081
4070 1026
4075 1030
4080 1029
4085 1126
4090 1045
4095 1032
4100 1053
4105 1041
4110 1093
4115 1044
4120 1042
4125 1077
4130 1065
4135 1063
4140 1056
4145 1063
4150 1080
4155 1054
4160 1143
4165 1052
4170 1056
4175 1055
4180 1057
4185 1065
4190 1063
4195 1166
4200 1063
4205 1116
4210 1065
4215 1068
4220 1068
4225 1075
4230 1074
4235 1132
4240 1077
4245 1098
4250 1076
4255 1078
4260 1083
4265 1081
4270 1115
4275 1179
4280 1256
4285 1104
4290 1090
4295 1090
4300 1143
4305 1143
4310 1097
4315 1131
4320 1096
4325 1109
4330 1100
4335 1101
4340 1160
4345 1106
4350 1103
4355 1105
4360 1106
4365 1117
4370 1113
4375 1172
4380 1113
4385 1115
4390 1155
4395 1119
4400 1126
4405 1125
4410 1160
4415 1137
4420 1127
4425 1126
4430 1129
4435 1129
4440 1138
4445 1201
4450 1132
4455 1132
4460 1141
4465 1149
4470 1140
4475 1139
4480 1250
4485 1148
4490 1144
4495 1153
4500 1163
4505 1153
4510 1201
4515 1152
4520 1454
4525 1158
4530 1156
4535 1163
4540 1165
4545 1177
4550 1210
4555 1164
4560 1164
4565 1231
4570 1168
4575 1169
4580 1174
4585 1178
4590 1187
4595 1192
4600 1179
4605 1179
4610 1181
4615 1203
4620 1185
4625 1188
4630 1186
4635 1232
4640 1206
4645 1221
4650 1191
4655 1258
4660 1203
4665 1207
4670 1206
4675 1301
4680 1209
4685 1216
4690 1221
4695 1211
4700 1222
4705 1221
4710 1343
4715 1219
4720 1311
4725 1216
4730 1216
4735 1311
4740 1399
4745 1233
4750 1222
4755 1227
4760 1227
4765 1232
4770 1350
4775 1595
4780 1597
4785 1480
4790 1519
4795 1403
4800 1251
4805 1233
4810 1326
4815 1248
4820 1276
4825 1239
4830 1314
4835 1274
4840 1249
4845 1271
4850 1414
4855 1253
4860 1326
4865 1251
4870 1250
4875 1269
4880 1262
4885 1259
4890 1315
4895 1380
4900 1408
4905 1293
4910 1265
4915 1292
4920 1458
4925 1485
4930 1298
4935 1410
4940 1294
4945 1275
4950 1377
4955 1281
4960 1288
4965 1292
4970 1327
4975 1282
4980 1357
4985 1286
4990 1289
4995 1321
5000 1297
5005 1295
5010 1314
5015 1292
5020 1294
5025 1300
5030 1300
5035 1334
5040 1371
5045 1300
5050 1351
5055 1310
5060 1309
5065 1316
5070 1398
5075 1703
5080 1548
5085 1318
5090 1364
5095 1399
5100 1333
5105 1392
5110 1504
5115 1330
5120 1394
5125 1417
5130 1357
5135 1343
5140 1368
5145 1360
5150 1393
5155 1665
5160 1610
5165 1397
5170 1352
5175 1352
5180 1431
5185 1345
5190 1382
5195 1418
5200 1427
5205 1352
5210 1384
5215 1376
5220 1356
5225 1366
5230 1360
5235 1419
5240 1374
5245 1371
5250 1367
5255 1401
5260 1368
5265 1408
5270 1450
5275 1364
5280 1368
5285 1369
5290 1402
5295 1435
5300 1379
5305 1395
5310 1399
5315 1378
5320 1430
5325 1398
5330 1385
5335 1413
5340 1393
5345 1478
5350 1419
5355 1392
5360 1421
5365 1469
5370 1416
5375 1424
5380 1631
5385 1841
5390 1639
5395 1425
5400 1796
5405 1608
5410 1476
5415 1423
5420 1428
5425 1512
5430 1484
5435 1438
5440 1771
5445 1625
5450 1413
5455 1502
5460 1473
5465 1653
5470 1476
5475 1426
5480 1595
5485 1438
5490 1451
5495 1462
5500 1729
5505 2096
5510 1878
5515 1463
5520 1556
5525 1528
5530 1570
5535 1446
5540 1480
5545 1621
5550 1503
5555 1519
5560 1619
5565 1579
5570 1566
5575 1622
5580 1507
5585 1464
5590 1455
5595 1477
5600 1459
5605 1528
5610 1478
5615 1490
5620 1532
5625 1483
5630 1589
5635 1479
5640 1485
5645 1479
5650 1493
5655 1526
5660 1699
5665 1742
5670 1560
5675 1516
5680 1505
5685 1529
5690 1495
5695 1504
5700 1506
5705 1511
5710 1545
5715 1597
5720 1769
5725 1515
5730 1583
5735 1530
5740 1524
5745 1775
5750 1592
5755 1603
5760 1600
5765 1526
5770 1528
5775 1562
5780 1526
5785 1639
5790 2080
5795 1582
5800 1527
5805 1639
5810 1522
5815 1563
5820 1574
5825 1585
5830 1704
5835 1622
5840 1541
5845 1584
5850 1584
5855 1721
5860 1807
5865 1716
5870 1875
5875 1563
5880 1952
5885 1685
5890 1646
5895 1561
5900 1644
5905 1579
5910 1619
5915 1652
5920 1698
5925 1846
5930 1644
5935 1581
5940 1611
5945 1738
5950 1731
5955 1634
5960 1653
5965 1601
5970 1638
5975 1644
5980 1759
5985 1684
5990 1620
5995 1648
6000 1584
6005 1590
6010 1665
6015 1733
6020 1755
6025 1663
6030 1626
6035 1590
6040 1654
6045 1796
6050 1703
6055 1647
6060 1635
6065 1732
6070 1625
6075 1832
6080 1727
6085 1634
6090 1693
6095 1619
6100 1620
6105 1673
6110 1750
6115 1837
6120 1666
6125 1619
6130 1630
6135 1663
6140 1721
6145 1744
6150 1679
6155 1664
6160 1692
6165 1761
6170 1643
6175 1681
6180 1685
6185 1875
6190 1704
6195 1656
6200 1806
6205 1848
6210 1720
6215 1719
6220 1657
6225 1752
6230 1746
6235 1848
6240 1717
6245 1667
6250 1734
6255 1666
6260 1648
6265 1668
6270 1777
6275 1767
6280 1696
6285 1671
6290 1714
6295 2000
6300 2014
6305 1843
6310 1719
6315 1666
6320 1688
6325 1700
6330 1745
6335 1779
6340 1744
6345 1689
6350 1710
6355 1712
6360 1756
6365 1833
6370 1819
6375 1687
6380 1699
6385 1811
6390 1780
6395 1735
6400 1773
6405 1821
6410 1958
6415 1803
6420 1854
6425 1856
6430 1900
6435 1735
6440 1696
6445 1696
6450 1769
6455 1790
6460 1760
6465 1766
6470 1712
6475 1752
6480 1757
6485 1851
6490 1775
6495 1726
6500 1714
6505 1714
6510 1719
6515 1744
6520 1856
6525 1843
6530 1734
6535 1723
6540 1725
6545 1750
6550 1802
6555 1794
6560 1813
6565 1737
6570 1724
6575 1819
6580 1803
6585 1734
6590 1689
6595 1693
6600 1705
6605 1700
6610 1779
6615 1715
6620 1714
6625 1707
6630 1710
6635 1740
6640 1702
6645 1719
6650 1704
6655 1718
6660 1716
6665 1756
6670 1714
6675 1714
6680 1742
6685 1724
6690 1727
6695 1727
6700 1721
6705 1783
6710 1724
6715 1727
6720 1726
6725 1791
6730 1728
6735 1740
6740 1732
6745 1734
6750 1750
6755 1737
6760 1737
6765 1756
6770 1852
6775 1701
6780 1694
6785 1697
6790 1698
6795 1723
6800 1699
6805 1700
6810 1702
6815 1724
6820 1714
6825 1715
6830 1710
6835 1711
6840 1728
6845 1744
6850 1716
6855 1715
6860 1729
6865 1733
6870 1723
6875 1802
6880 1749
6885 1842
6890 1832
6895 1886
6900 1762
6905 1730
6910 1805
6915 1733
6920 1734
6925 1762
6930 1752
6935 1737
6940 1768
6945 1782
6950 1742
6955 1782
6960 1753
6965 1746
6970 1750
6975 1782
6980 1749
6985 1752
6990 1764
6995 1762
7000 1831
7005 1766
7010 1759
7015 1762
7020 1794
7025 1762
7030 1763
7035 1762
7040 1766
7045 1791
7050 1778
7055 1769
7060 1777
7065 1862
7070 1775
7075 1777
7080 1786
7085 1778
7090 1833
7095 1791
7100 1782
7105 1783
7110 1800
7115 1786
7120 1827
7125 1789
7130 1827
7135 1812
7140 1793
7145 1829
7150 1796
7155 1822
7160 1802
7165 1844
7170 1812
7175 1852
7180 1812
7185 1809
7190 1887
7195 1761
7200 1790
7205 1763
7210 1764
7215 1767
7220 1809
7225 1770
7230 1767
7235 1866
7240 1781
7245 1777
7250 1958
7255 1799
7260 1778
7265 1796
7270 1779
7275 1788
7280 1787
7285 1814
7290 1842
7295 1785
7300 1788
7305 1788
7310 1819
7315 1838
7320 1792
7325 1794
7330 1803
7335 1793
7340 1804
7345 1803
7350 1813
7355 1808
7360 1801
7365 1852
7370 1807
7375 1927
7380 1830
7385 1814
7390 1809
7395 1842
7400 1813
7405 1900
7410 1767
7415 1768
7420 2019
7425 1777
7430 1923
7435 1824
7440 1837
7445 1824
7450 1872
7455 1838
7460 1865
7465 1783
7470 1976
7475 1792
7480 1936
7485 1852
7490 1839
7495 1838
7500 1840
7505 1873
7510 1834
7515 2594
7520 1972
7525 1921
7530 1947
7535 1860
7540 1849
7545 1868
7550 1853
7555 1894
7560 1916
7565 1955
7570 1902
7575 1859
7580 1855
7585 1943
7590 1863
7595 1850
7600 1818
7605 1941
7610 1855
7615 1895
7620 1870
7625 1881
7630 1893
7635 1878
7640 1873
7645 1828
7650 2171
7655 2502
7660 2133
7665 1909
7670 1893
7675 1900
7680 1895
7685 1896
7690 1948
7695 1897
7700 1896
7705 1913
7710 1928
7715 1903
7720 1899
7725 1907
7730 1937
7735 2011
7740 1908
7745 1905
7750 1930
7755 1907
7760 1916
7765 1910
7770 1935
7775 1920
7780 1917
7785 1969
7790 1978
7795 1870
7800 1988
7805 1871
7810 1869
7815 1975
7820 1869
7825 1878
7830 1962
7835 2003
7840 1966
7845 1882
7850 1879
7855 2040
7860 1883
7865 1965
7870 1886
7875 1991
7880 1932
7885 1974
7890 1972
7895 1991
7900 1933
7905 1896
7910 1978
7915 1990
7920 1899
7925 1940
7930 2069
7935 2060
7940 1964
7945 1973
7950 1962
7955 1973
7960 1965
7965 1910
7970 1911
7975 2053
7980 1914
7985 1912
7990 1955
7995 2068
8000 1988
8005 1923
8010 2058
8015 2034
8020 1924
8025 1971
8030 1925
8035 2118
8040 1935
8045 1932
8050 2026
8055 2107
8060 2009
8065 2021
8070 1943
8075 2026
8080 1938
8085 1942
8090 2019
8095 2070
8100 2054
8105 1946
8110 1943
8115 2129
8120 2005
8125 1953
8130 2033
8135 2038
8140 1996
8145 2041
8150 1962
8155 2261
8160 2013
8165 2015
8170 2029
8175 2043
8180 2009
8185 2019
8190 1968
8195 2151
8200 2371
8205 2720
8210 2150
8215 2044
8220 1975
8225 2050
8230 2149
8235 2055
8240 2032
8245 2034
8250 2085
8255 2038
8260 2073
8265 2076
8270 2223
8275 2057
8280 2044
8285 2055
8290 2089
8295 2049
8300 2092
8305 2068
8310 2053
8315 2097
8320 2072
8325 2085
8330 2058
8335 2061
8340 2115
8345 2111
8350 2131
8355 2063
8360 2012
8365 2202
8370 2064
8375 2020
8380 2016
8385 2127
8390 2141
8395 2026
8400 2257
8405 2106
8410 2050
8415 2083
8420 2145
8425 2083
8430 2083
8435 2070
8440 2139
8445 2041
8450 2082
8455 2035
8460 2178
8465 2093
8470 2067
8475 2131
8480 2175
8485 2055
8490 2093
8495 2103
8500 2245
8505 2131
8510 2051
8515 2205
8520 2158
8525 2055
8530 2097
8535 2201
8540 2108
8545 2059
8550 2180
8555 2205
8560 2064
8565 2157
8570 2210
8575 2138
8580 2125
8585 2126
8590 2156
8595 2267
8600 2160
8605 2075
8610 2206
8615 2079
8620 2121
8625 2082
8630 2213
8635 2165
8640 2085
8645 2316
8650 2133
8655 2241
8660 2500
8665 2535
8670 2165
8675 2160
8680 2276
8685 2163
8690 2168
8695 2161
8700 2183
8705 2166
8710 2179
8715 2202
8720 2166
8725 2164
8730 2214
8735 2240
8740 2242
8745 2180
8750 2201
8755 2193
8760 2121
8765 2161
8770 2238
8775 2236
8780 2125
8785 2257
8790 2212
8795 2127
8800 2208
8805 2130
8810 2264
8815 2130
8820 2175
8825 2402
8830 2141
8835 2679
8840 2256
8845 2245
8850 2198
8855 2217
8860 2237
8865 2212
8870 2210
8875 2204
8880 2320
8885 2210
8890 2211
8895 2298
8900 2219
8905 2174
8910 2161
8915 2352
8920 2163
8925 2286
8930 2333
8935 2168
8940 2249
8945 2308
8950 2285
8955 2171
8960 2219
8965 2268
8970 2256
8975 2233
8980 2235
8985 2313
8990 2231
8995 2180
9000 2181
9005 2313
9010 2236
9015 2129
9020 2388
9025 2139
9030 2195
9035 2231
9040 2322
9045 2244
9050 2260
9055 2368
9060 2202
9065 2310
9070 2211
9075 2301
9080 2289
9085 2212
9090 2319
9095 2280
9100 2212
9105 2210
9110 2462
9115 2213
9120 2211
9125 2416
9130 2215
9135 2254
9140 2214
9145 2368
9150 2224
9155 2315
9160 2337
9165 2226
9170 2307
9175 2238
9180 2655
9185 2230
9190 2272
9195 2319
9200 2333
9205 2238
9210 2234
9215 2459
9220 2246
9225 2236
9230 2343
9235 2339
9240 2187
9245 2357
9250 2363
9255 2323
9260 2367
9265 2399
9270 2313
9275 2313
9280 2373
9285 2339
9290 2453
9295 2258
9300 2395
9305 2427
9310 2529
9315 3388
9320 2331
9325 2337
9330 2550
9335 2389
9340 2337
9345 2420
9350 2341
9355 2335
9360 2454
9365 2450
9370 2389
9375 2396
9380 2371
9385 2357
9390 2360
9395 2379
9400 2349
9405 2353
9410 2411
9415 2427
9420 2292
9425 2337
9430 2466
9435 2297
9440 2308
9445 2388
9450 2299
9455 2375
9460 2445
9465 2640
9470 2380
9475 2378
9480 2411
9485 2374
9490 2348
9495 2453
9500 2317
9505 2388
9510 2434
9515 2674
9520 2483
9525 2367
9530 2432
9535 2465
9540 2455
9545 2925
9550 2404
9555 2458
9560 2906
9565 2404
9570 2398
9575 2464
9580 2463
9585 2443
9590 2449
9595 2464
9600 2499
9605 2447
9610 2436
9615 2414
9620 2424
9625 2481
9630 2431
9635 2421
9640 2529
9645 2446
9650 2417
9655 2475
9660 2482
9665 2439
9670 2459
9675 2478
9680 2425
9685 2472
9690 2546
9695 2430
9700 2439
9705 2524
9710 2446
9715 2531
9720 2500
9725 2531
9730 2437
9735 2479
9740 2473
9745 2453
9750 2449
9755 2549
9760 2455
9765 2450
9770 2557
9775 2464
9780 2466
9785 2651
9790 2506
9795 2492
9800 2536
9805 2464
9810 2507
9815 2504
9820 2475
9825 2473
9830 2549
9835 2494
9840 2550
9845 2471
9850 2605
9855 2490
9860 2537
9865 2668
9870 2524
9875 2488
9880 2593
9885 2482
9890 2486
9895 2562
9900 2529
9905 2491
9910 2543
9915 2518
9920 2543
9925 2550
9930 2513
9935 2498
9940 2559
9945 2528
9950 2499
9955 2531
9960 2596
9965 2513
9970 2512
9975 2575
9980 2512
9985 2508
9990 2542
9995 2517
10000 2541
