5 0
10 0
15 1
20 1
25 2
30 2
35 3
40 3
45 4
50 4
55 5
60 6
65 6
70 7
75 8
80 8
85 9
90 9
95 10
100 11
105 11
110 12
115 13
120 14
125 14
130 15
135 16
140 16
145 17
150 18
155 19
160 19
165 20
170 21
175 22
180 22
185 23
190 24
195 25
200 26
205 26
210 27
215 28
220 29
225 29
230 31
235 32
240 33
245 34
250 34
255 35
260 36
265 37
270 38
275 38
280 40
285 40
290 41
295 42
300 43
305 44
310 65
315 111
320 50
325 69
330 102
335 50
340 51
345 51
350 53
355 53
360 54
365 55
370 57
375 57
380 58
385 59
390 60
395 61
400 62
405 63
410 64
415 65
420 65
425 67
430 67
435 68
440 69
445 70
450 71
455 72
460 73
465 73
470 75
475 76
480 77
485 78
490 79
495 80
500 81
505 82
510 83
515 84
520 85
525 86
530 87
535 87
540 108
545 148
550 124
555 92
560 93
565 93
570 95
575 95
580 96
585 98
590 99
595 100
600 100
605 102
610 103
615 103
620 104
625 106
630 107
635 108
640 109
645 110
650 111
655 111
660 113
665 114
670 115
675 116
680 117
685 118
690 119
695 120
700 123
705 123
710 124
715 124
720 126
725 127
730 128
735 129
740 130
745 131
750 132
755 133
760 134
765 135
770 188
775 190
780 143
785 144
790 145
795 147
800 146
805 147
810 149
815 149
820 151
825 152
830 153
835 154
840 154
845 156
850 157
855 158
860 159
865 160
870 161
875 162
880 164
885 164
890 166
895 166
900 168
905 168
910 170
915 170
920 260
925 176
930 176
935 176
940 178
945 177
950 179
955 180
960 181
965 181
970 183
975 184
980 224
985 186
990 188
995 189
1000 190
1005 191
1010 192
1015 194
1020 194
1025 195
1030 196
1035 198
1040 199
1045 211
1050 195
1055 197
1060 197
1065 199
1070 200
1075 201
1080 202
1085 203
1090 268
1095 222
1100 206
1105 208
1110 211
1115 210
1120 210
1125 212
1130 212
1135 311
1140 268
1145 263
1150 273
1155 230
1160 262
1165 267
1170 270
1175 305
1180 336
1185 345
1190 364
1195 275
1200 338
1205 276
1210 301
1215 248
1220 341
1225 280
1230 316
1235 254
1240 251
1245 251
1250 253
1255 253
1260 255
1265 256
1270 257
1275 258
1280 259
1285 260
1290 261
1295 264
1300 265
1305 265
1310 267
1315 267
1320 273
1325 271
1330 272
1335 273
1340 273
1345 277
1350 276
1355 276
1360 278
1365 279
1370 280
1375 280
1380 283
1385 284
1390 284
1395 286
1400 287
1405 289
1410 300
1415 283
1420 284
1425 285
1430 286
1435 287
1440 289
1445 290
1450 292
1455 293
1460 357
1465 317
1470 297
1475 298
1480 299
1485 299
1490 300
1495 303
1500 303
1505 306
1510 306
1515 307
1520 328
1525 308
1530 311
1535 312
1540 313
1545 314
1550 314
1555 315
1560 398
1565 320
1570 321
1575 321
1580 322
1585 325
1590 324
1595 327
1600 327
1605 327
1610 330
1615 330
1620 331
1625 331
1630 333
1635 334
1640 336
1645 336
1650 337
1655 339
1660 340
1665 342
1670 361
1675 370
1680 345
1685 346
1690 347
1695 348
1700 350
1705 361
1710 341
1715 343
1720 344
1725 346
1730 348
1735 348
1740 349
1745 350
1750 352
1755 352
1760 354
1765 373
1770 468
1775 358
1780 358
1785 359
1790 360
1795 361
1800 363
1805 367
1810 365
1815 435
1820 368
1825 368
1830 370
1835 370
1840 371
1845 372
1850 373
1855 375
1860 376
1865 377
1870 378
1875 379
1880 380
1885 382
1890 384
1895 481
1900 386
1905 387
1910 387
1915 388
1920 389
1925 391
1930 391
1935 392
1940 394
1945 500
1950 399
1955 398
1960 399
1965 399
1970 401
1975 402
1980 402
1985 403
1990 404
1995 406
2000 407
2005 408
2010 411
2015 414
2020 412
2025 413
2030 560
2035 416
2040 418
2045 419
2050 419
2055 420
2060 421
2065 421
2070 520
2075 426
2080 426
2085 427
2090 582
2095 429
2100 430
2105 431
2110 433
2115 433
2120 434
2125 436
2130 438
2135 515
2140 441
2145 442
2150 442
2155 444
2160 445
2165 445
2170 447
2175 447
2180 526
2185 449
2190 453
2195 453
2200 513
2205 455
2210 456
2215 458
2220 458
2225 459
2230 462
2235 460
2240 464
2245 464
2250 464
2255 554
2260 606
2265 469
2270 470
2275 472
2280 492
2285 485
2290 523
2295 487
2300 489
2305 490
2310 492
2315 493
2320 494
2325 495
2330 496
2335 497
2340 502
2345 499
2350 504
2355 502
2360 503
2365 505
2370 507
2375 546
2380 509
2385 498
2390 574
2395 498
2400 499
2405 640
2410 503
2415 505
2420 583
2425 507
2430 508
2435 509
2440 510
2445 511
2450 510
2455 614
2460 516
2465 516
2470 545
2475 533
2480 533
2485 534
2490 571
2495 539
2500 536
2505 537
2510 540
2515 540
2520 543
2525 581
2530 544
2535 545
2540 547
2545 548
2550 549
2555 560
2560 537
2565 540
2570 539
2575 540
2580 608
2585 560
2590 546
2595 547
2600 591
2605 550
2610 552
2615 550
2620 554
2625 553
2630 554
2635 556
2640 727
2645 634
2650 635
2655 560
2660 561
2665 562
2670 677
2675 564
2680 566
2685 566
2690 568
2695 569
2700 607
2705 573
2710 573
2715 573
2720 574
2725 689
2730 591
2735 592
2740 593
2745 595
2750 598
2755 597
2760 642
2765 601
2770 602
2775 603
2780 605
2785 608
2790 607
2795 607
2800 609
2805 620
2810 596
2815 697
2820 673
2825 676
2830 601
2835 603
2840 703
2845 604
2850 606
2855 606
2860 608
2865 609
2870 611
2875 610
2880 617
2885 614
2890 662
2895 693
2900 692
2905 618
2910 621
2915 622
2920 621
2925 664
2930 625
2935 625
2940 626
2945 627
2950 629
2955 630
2960 632
2965 633
2970 634
2975 713
2980 676
2985 637
2990 638
2995 641
3000 642
3005 729
3010 643
3015 644
3020 645
3025 647
3030 647
3035 649
3040 651
3045 652
3050 759
3055 653
3060 655
3065 658
3070 698
3075 658
3080 735
3085 662
3090 666
3095 664
3100 666
3105 665
3110 668
3115 668
3120 670
3125 671
3130 760
3135 759
3140 675
3145 675
3150 778
3155 906
3160 678
3165 679
3170 681
3175 714
3180 701
3185 701
3190 703
3195 755
3200 709
3205 743
3210 708
3215 709
3220 712
3225 712
3230 794
3235 715
3240 719
3245 721
3250 751
3255 700
3260 704
3265 705
3270 703
3275 911
3280 708
3285 708
3290 710
3295 709
3300 794
3305 713
3310 716
3315 716
3320 717
3325 796
3330 719
3335 721
3340 810
3345 722
3350 724
3355 725
3360 727
3365 725
3370 815
3375 731
3380 732
3385 733
3390 733
3395 736
3400 736
3405 870
3410 817
3415 830
3420 821
3425 741
3430 740
3435 854
3440 765
3445 764
3450 768
3455 768
3460 771
3465 772
3470 773
3475 773
3480 778
3485 802
3490 909
3495 779
3500 823
3505 781
3510 783
3515 784
3520 784
3525 819
3530 1000
3535 1153
3540 954
3545 903
3550 838
3555 816
3560 827
3565 817
3570 818
3575 822
3580 822
3585 823
3590 824
3595 825
3600 831
3605 826
3610 833
3615 946
3620 850
3625 810
3630 814
3635 864
3640 814
3645 816
3650 817
3655 821
3660 818
3665 898
3670 822
3675 1007
3680 981
3685 825
3690 825
3695 826
3700 908
3705 830
3710 888
3715 831
3720 836
3725 992
3730 833
3735 837
3740 873
3745 895
3750 839
3755 840
3760 841
3765 1025
3770 925
3775 926
3780 896
3785 890
3790 889
3795 879
3800 903
3805 877
3810 879
3815 916
3820 887
3825 894
3830 900
3835 895
3840 894
3845 898
3850 891
3855 907
3860 926
3865 907
3870 921
3875 1015
3880 915
3885 916
3890 915
3895 904
3900 909
3905 906
3910 924
3915 910
3920 905
3925 946
3930 940
3935 909
3940 920
3945 916
3950 913
3955 917
3960 916
3965 920
3970 920
3975 928
3980 1001
3985 925
3990 1023
3995 1029
4000 958
4005 928
4010 929
4015 931
4020 932
4025 945
4030 938
4035 936
4040 1099
4045 946
4050 940
4055 940
4060 941
4065 965
4070 944
4075 997
4080 948
4085 947
4090 948
4095 954
4100 953
4105 952
4110 984
4115 955
4120 956
4125 960
4130 964
4135 959
4140 960
4145 962
4150 964
4155 964
4160 967
4165 968
4170 966
4175 971
4180 971
4185 973
4190 968
4195 1012
4200 990
4205 991
4210 954
4215 1172
4220 960
4225 1001
4230 1007
4235 1097
4240 961
4245 1013
4250 1010
4255 966
4260 1045
4265 965
4270 1050
4275 1045
4280 1048
4285 1015
4290 1000
4295 1003
4300 1006
4305 1002
4310 1003
4315 1006
4320 1042
4325 1008
4330 1021
4335 1040
4340 987
4345 1010
4350 1081
4355 988
4360 990
4365 1057
4370 993
4375 994
4380 997
4385 1036
4390 996
4395 1004
4400 999
4405 1094
4410 1003
4415 1008
4420 1096
4425 1047
4430 1010
4435 1098
4440 1010
4445 1011
4450 1013
4455 1014
4460 1061
4465 1061
4470 1019
4475 1014
4480 996
4485 1075
4490 996
4495 999
4500 1040
4505 1001
4510 1003
4515 1091
4520 1088
4525 1031
4530 1162
4535 1049
4540 1032
4545 1044
4550 1011
4555 1013
4560 1015
4565 1016
4570 1017
4575 1017
4580 1024
4585 1061
4590 1019
4595 1020
4600 1024
4605 1024
4610 1026
4615 1025
4620 1213
4625 1083
4630 1031
4635 1141
4640 1040
4645 1035
4650 1036
4655 1042
4660 1083
4665 1073
4670 1115
4675 1069
4680 1072
4685 1113
4690 1076
4695 1079
4700 1076
4705 1074
4710 1053
4715 1138
4720 1053
4725 1055
4730 1114
4735 1057
4740 1210
4745 1058
4750 1061
4755 1147
4760 1144
4765 1064
4770 1065
4775 1157
4780 1382
4785 1407
4790 1325
4795 1335
4800 1315
4805 1206
4810 1107
4815 1105
4820 1197
4825 1160
4830 1145
4835 1142
4840 1176
4845 1146
4850 1143
4855 1145
4860 1146
4865 1147
4870 1163
4875 1118
4880 1233
4885 1205
4890 1142
4895 1180
4900 1127
4905 1135
4910 1169
4915 1130
4920 1131
4925 1132
4930 1214
4935 1135
4940 1136
4945 1137
4950 1144
4955 1181
4960 1178
4965 1142
4970 1147
4975 1144
4980 1183
4985 1218
4990 1152
4995 1150
5000 1227
5005 1152
5010 1143
5015 1126
5020 1127
5025 1171
5030 1130
5035 1131
5040 1133
5045 1210
5050 1134
5055 1136
5060 1136
5065 1178
5070 1182
5075 1251
5080 1216
5085 1161
5090 1200
5095 1144
5100 1182
5105 1146
5110 1149
5115 1188
5120 1152
5125 1152
5130 1229
5135 1231
5140 1156
5145 1198
5150 1235
5155 1222
5160 1253
5165 1234
5170 1193
5175 1321
5180 1234
5185 1198
5190 1200
5195 1239
5200 1204
5205 1202
5210 1204
5215 1242
5220 1208
5225 1247
5230 1210
5235 1210
5240 1264
5245 1327
5250 1223
5255 1185
5260 1291
5265 1189
5270 1340
5275 1221
5280 1293
5285 1228
5290 1225
5295 1227
5300 1308
5305 1229
5310 1232
5315 1231
5320 1236
5325 1277
5330 1297
5335 1205
5340 1284
5345 1205
5350 1207
5355 1212
5360 1211
5365 1332
5370 1292
5375 1392
5380 1211
5385 1295
5390 1217
5395 1218
5400 1266
5405 1255
5410 1310
5415 1255
5420 1255
5425 1301
5430 1260
5435 1270
5440 1229
5445 1230
5450 1235
5455 1232
5460 1233
5465 1386
5470 1236
5475 1238
5480 1238
5485 1316
5490 1294
5495 1319
5500 1243
5505 1325
5510 1245
5515 1247
5520 1249
5525 1252
5530 1327
5535 1253
5540 1255
5545 1333
5550 1257
5555 1258
5560 1261
5565 1261
5570 1362
5575 1434
5580 1348
5585 1376
5590 1316
5595 1301
5600 1303
5605 1359
5610 1305
5615 1306
5620 1308
5625 1386
5630 1277
5635 1364
5640 1278
5645 1281
5650 1440
5655 1281
5660 1377
5665 1364
5670 1322
5675 1322
5680 1376
5685 1323
5690 1369
5695 1328
5700 1316
5705 1420
5710 1296
5715 1296
5720 1298
5725 1301
5730 1412
5735 1304
5740 1325
5745 1341
5750 1326
5755 1342
5760 1408
5765 1875
5770 1674
5775 1416
5780 1349
5785 1349
5790 1350
5795 1390
5800 1390
5805 1392
5810 1409
5815 1394
5820 1396
5825 1396
5830 1398
5835 1450
5840 1432
5845 1418
5850 1467
5855 1367
5860 1368
5865 1378
5870 1403
5875 1462
5880 1411
5885 1413
5890 1412
5895 1412
5900 1419
5905 1424
5910 1381
5915 1386
5920 1459
5925 1447
5930 1385
5935 1388
5940 1391
5945 1352
5950 1521
5955 1356
5960 1409
5965 1360
5970 1361
5975 1402
5980 1364
5985 1370
5990 1451
5995 1384
6000 1450
6005 1438
6010 1510
6015 1405
6020 1417
6025 1499
6030 1415
6035 1454
6040 1414
6045 1404
6050 1383
6055 1464
6060 1383
6065 1385
6070 1471
6075 1386
6080 1393
6085 1545
6090 1394
6095 1594
6100 1394
6105 1497
6110 1453
6115 1476
6120 1436
6125 1441
6130 1521
6135 1439
6140 1442
6145 1529
6150 1406
6155 1408
6160 1409
6165 1536
6170 1410
6175 1414
6180 1493
6185 1415
6190 1417
6195 1416
6200 1421
6205 1426
6210 1421
6215 1681
6220 1423
6225 1426
6230 1426
6235 1546
6240 1600
6245 1469
6250 1584
6255 1513
6260 1510
6265 1475
6270 1474
6275 1487
6280 1438
6285 1516
6290 1443
6295 1442
6300 1505
6305 1444
6310 1600
6315 1486
6320 1529
6325 1486
6330 1524
6335 1549
6340 1547
6345 1454
6350 1455
6355 1499
6360 1459
6365 1459
6370 1538
6375 1575
6380 1462
6385 1678
6390 1527
6395 1467
6400 1473
6405 1469
6410 1475
6415 1510
6420 1473
6425 1615
6430 1517
6435 1476
6440 1481
6445 1648
6450 1482
6455 1643
6460 1484
6465 1486
6470 1485
6475 1530
6480 1489
6485 1508
6490 1569
6495 1492
6500 1494
6505 1493
6510 1577
6515 1594
6520 1500
6525 1583
6530 1504
6535 1502
6540 1504
6545 1510
6550 1507
6555 1507
6560 1590
6565 1551
6570 1510
6575 1515
6580 1618
6585 1516
6590 1568
6595 2196
6600 1856
6605 1789
6610 1602
6615 1563
6620 1596
6625 1603
6630 1611
6635 1611
6640 1615
6645 1645
6650 1616
6655 1655
6660 1611
6665 1576
6670 1576
6675 1587
6680 1578
6685 1649
6690 1545
6695 1541
6700 1581
6705 1562
6710 1714
6715 1547
6720 1636
6725 1592
6730 1689
6735 1554
6740 1658
6745 1584
6750 1600
6755 1600
6760 1602
6765 1600
6770 1680
6775 1645
6780 1566
6785 1627
6790 1567
6795 1568
6800 1614
6805 1570
6810 1649
6815 1657
6820 1575
6825 1574
6830 1582
6835 1797
6840 1673
6845 1678
6850 1644
6855 1625
6860 1631
6865 1797
6870 1628
6875 1711
6880 1763
6885 1709
6890 1674
6895 1639
6900 1846
6905 1638
6910 1721
6915 1640
6920 1642
6925 1630
6930 1648
6935 1605
6940 1681
6945 1693
6950 1606
6955 1685
6960 2010
6965 1743
6970 1719
6975 1652
6980 1643
6985 1659
6990 1668
6995 1662
7000 1706
7005 1665
7010 1667
7015 1668
7020 1764
7025 1710
7030 1706
7035 1673
7040 1657
7045 1711
7050 1633
7055 1634
7060 1709
7065 1692
7070 1639
7075 1637
7080 1716
7085 1771
7090 1712
7095 1819
7100 1687
7105 1688
7110 1860
7115 1691
7120 1694
7125 1726
7130 1652
7135 1658
7140 1655
7145 1746
7150 1697
7155 1736
7160 1660
7165 1827
7170 1665
7175 1664
7180 1667
7185 1780
7190 1666
7195 1674
7200 1746
7205 1764
7210 1672
7215 1734
7220 1676
7225 1676
7230 1796
7235 1679
7240 1768
7245 1766
7250 1687
7255 1803
7260 1896
7265 1895
7270 1732
7275 1773
7280 1844
7285 1736
7290 1739
7295 1722
7300 1696
7305 1795
7310 1762
7315 1698
7320 2032
7325 2287
7330 1988
7335 1749
7340 1786
7345 1749
7350 1755
7355 1753
7360 1870
7365 2051
7370 1757
7375 1808
7380 1858
7385 1760
7390 1839
7395 1772
7400 1861
7405 1766
7410 1769
7415 1815
7420 1768
7425 1810
7430 1772
7435 1831
7440 1821
7445 1818
7450 1980
7455 1835
7460 1835
7465 1851
7470 1888
7475 1871
7480 1842
7485 1921
7490 1899
7495 1866
7500 2014
7505 1884
7510 1846
7515 1924
7520 1946
7525 1759
7530 1913
7535 1754
7540 1760
7545 1921
7550 2170
7555 1934
7560 1857
7565 1811
7570 1851
7575 1812
7580 1811
7585 1880
7590 1801
7595 1765
7600 1842
7605 1814
7610 1984
7615 1773
7620 1776
7625 1836
7630 1778
7635 1869
7640 1825
7645 1782
7650 1781
7655 1784
7660 1944
7665 1793
7670 1908
7675 1790
7680 1790
7685 1856
7690 1796
7695 1834
7700 1963
7705 1876
7710 1805
7715 1949
7720 1849
7725 1862
7730 1899
7735 1852
7740 1870
7745 1803
7750 1807
7755 1887
7760 1808
7765 1938
7770 2002
7775 1812
7780 1894
7785 1816
7790 1900
7795 1825
7800 1823
7805 1821
7810 1904
7815 1865
7820 1828
7825 1880
7830 1860
7835 1955
7840 1829
7845 1830
7850 1833
7855 1912
7860 1834
7865 1913
7870 1839
7875 1838
7880 1919
7885 1979
7890 1925
7895 1843
7900 1924
7905 1847
7910 1891
7915 1951
7920 1940
7925 1855
7930 1850
7935 1857
7940 1967
7945 1971
7950 1856
7955 1860
7960 1863
7965 2221
7970 2088
7975 2265
7980 2264
7985 2078
7990 2056
7995 2010
8000 1973
8005 1980
8010 1972
8015 2012
8020 2016
8025 1936
8030 1927
8035 1967
8040 2004
8045 1932
8050 2065
8055 1932
8060 1934
8065 1942
8070 1937
8075 1976
8080 1890
8085 1967
8090 1897
8095 1977
8100 1894
8105 1978
8110 1898
8115 1907
8120 1952
8125 1901
8130 2031
8135 1903
8140 1991
8145 1960
8150 1943
8155 2172
8160 1909
8165 1990
8170 1917
8175 1913
8180 2012
8185 1917
8190 1958
8195 1920
8200 2103
8205 2079
8210 2037
8215 1925
8220 2018
8225 1983
8230 1979
8235 2023
8240 1980
8245 1963
8250 2095
8255 1935
8260 2012
8265 2086
8270 1939
8275 2034
8280 1964
8285 2074
8290 1941
8295 2020
8300 2062
8305 2168
8310 2026
8315 2026
8320 2199
8325 2118
8330 2009
8335 2170
8340 2008
8345 2011
8350 2016
8355 2141
8360 2049
8365 2016
8370 2215
8375 2022
8380 2021
8385 2087
8390 2039
8395 2024
8400 2026
8405 2163
8410 2072
8415 2026
8420 2029
8425 2030
8430 2039
8435 2015
8440 2036
8445 2100
8450 1988
8455 2104
8460 1989
8465 2070
8470 1990
8475 2079
8480 2001
8485 1995
8490 2079
8495 1997
8500 2154
8505 2285
8510 2337
8515 2076
8520 2056
8525 2138
8530 2058
8535 2059
8540 2137
8545 2062
8550 2068
8555 2173
8560 2147
8565 2073
8570 2069
8575 2055
8580 2590
8585 2650
8590 2020
8595 2086
8600 2196
8605 2135
8610 2142
8615 2139
8620 2724
8625 2151
8630 2152
8635 2131
8640 2140
8645 2149
8650 2169
8655 2154
8660 2171
8665 2095
8670 2210
8675 2099
8680 2144
8685 2089
8690 2048
8695 2273
8700 2051
8705 2292
8710 2110
8715 2152
8720 2109
8725 2110
8730 2151
8735 2068
8740 2073
8745 2227
8750 2153
8755 2164
8760 2183
8765 2065
8770 2077
8775 2164
8780 2263
8785 2142
8790 2162
8795 2197
8800 2213
8805 2131
8810 2133
8815 2269
8820 2137
8825 2300
8830 2085
8835 2087
8840 2437
8845 2157
8850 2234
8855 2145
8860 2152
8865 2148
8870 2150
8875 2198
8880 2151
8885 2199
8890 2397
8895 2203
8900 2181
8905 2102
8910 2251
8915 2160
8920 2239
8925 2163
8930 2173
8935 2264
8940 2157
8945 2198
8950 2120
8955 2393
8960 2115
8965 2118
8970 2204
8975 2148
8980 2181
8985 2257
8990 2220
8995 2183
9000 2388
9005 2504
9010 2258
9015 2280
9020 2268
9025 2280
9030 2398
9035 2284
9040 2264
9045 2277
9050 2282
9055 2299
9060 2369
9065 2317
9070 2146
9075 2306
9080 2418
9085 2205
9090 2206
9095 2206
9100 2216
9105 2328
9110 2182
9115 2160
9120 2319
9125 2158
9130 2606
9135 3077
9140 2670
9145 3056
9150 2329
9155 2263
9160 2400
9165 2338
9170 2289
9175 2287
9180 2304
9185 2280
9190 2271
9195 2236
9200 2279
9205 2332
9210 2179
9215 2369
9220 2185
9225 2304
9230 2255
9235 2283
9240 2250
9245 2292
9250 2359
9255 2192
9260 2279
9265 2195
9270 2196
9275 2362
9280 2240
9285 2239
9290 2246
9295 2245
9300 2314
9305 2321
9310 2214
9315 2211
9320 2342
9325 2220
9330 2413
9335 2215
9340 2221
9345 2352
9350 2277
9355 2219
9360 2226
9365 2262
9370 2229
9375 2286
9380 2258
9385 2225
9390 2373
9395 2341
9400 2233
9405 2231
9410 2274
9415 2233
9420 2320
9425 2389
9430 2304
9435 2468
9440 2262
9445 2397
9450 2302
9455 2348
9460 2306
9465 2352
9470 2247
9475 2253
9480 2435
9485 2330
9490 2254
9495 2255
9500 2392
9505 2257
9510 2342
9515 2299
9520 2330
9525 2474
9530 2361
9535 2363
9540 2327
9545 2341
9550 2270
9555 2358
9560 2351
9565 2347
9570 2402
9575 2471
9580 2279
9585 2327
9590 2395
9595 2339
9600 2386
9605 2382
9610 2321
9615 2508
9620 2367
9625 2369
9630 2435
9635 2359
9640 2440
9645 2352
9650 2453
9655 2479
9660 3112
9665 2593
9670 2431
9675 2426
9680 2441
9685 2436
9690 2389
9695 2452
9700 2370
9705 2510
9710 2336
9715 2312
9720 2424
9725 2503
9730 2323
9735 2317
9740 2493
9745 2318
9750 2411
9755 2320
9760 2418
9765 2324
9770 2442
9775 2336
9780 2421
9785 2428
9790 2637
9795 2397
9800 2400
9805 2401
9810 2381
9815 2419
9820 2338
9825 2456
9830 2342
9835 2422
9840 2460
9845 2509
9850 2475
9855 2469
9860 2350
9865 2354
9870 2530
9875 2452
9880 2420
9885 2500
9890 2488
9895 2432
9900 2440
9905 2366
9910 2369
9915 2442
9920 2451
9925 2481
9930 2408
9935 2370
9940 2698
9945 2373
9950 2379
9955 2546
9960 2528
9965 2380
9970 2376
9975 2456
9980 2377
9985 2469
9990 2469
9995 2469
10000 2495
