5 0
10 1
15 1
20 1
25 2
30 2
35 3
40 3
45 4
50 4
55 5
60 6
65 7
70 8
75 8
80 9
85 10
90 10
95 11
100 12
105 12
110 13
115 14
120 15
125 15
130 16
135 17
140 18
145 18
150 19
155 20
160 21
165 22
170 23
175 23
180 24
185 25
190 25
195 27
200 27
205 28
210 29
215 30
220 31
225 31
230 32
235 33
240 34
245 35
250 36
255 37
260 38
265 39
270 40
275 41
280 42
285 42
290 44
295 45
300 45
305 47
310 47
315 49
320 49
325 51
330 51
335 53
340 54
345 54
350 56
355 56
360 57
365 58
370 59
375 60
380 62
385 62
390 63
395 64
400 65
405 66
410 67
415 67
420 69
425 71
430 84
435 72
440 73
445 74
450 76
455 76
460 77
465 78
470 79
475 80
480 82
485 83
490 84
495 89
500 99
505 159
510 91
515 91
520 91
525 126
530 95
535 98
540 105
545 103
550 107
555 105
560 109
565 107
570 109
575 111
580 111
585 125
590 122
595 150
600 108
605 109
610 109
615 110
620 111
625 112
630 113
635 115
640 116
645 117
650 118
655 119
660 120
665 124
670 123
675 125
680 124
685 126
690 127
695 128
700 129
705 132
710 133
715 134
720 134
725 162
730 169
735 168
740 180
745 185
750 142
755 143
760 142
765 144
770 145
775 145
780 147
785 148
790 148
795 150
800 151
805 152
810 153
815 153
820 155
825 155
830 156
835 158
840 159
845 160
850 161
855 188
860 206
865 208
870 208
875 210
880 212
885 212
890 213
895 221
900 215
905 189
910 179
915 218
920 219
925 205
930 192
935 194
940 196
945 198
950 197
955 224
960 189
965 189
970 190
975 190
980 194
985 192
990 192
995 194
1000 196
1005 196
1010 198
1015 198
1020 198
1025 200
1030 202
1035 206
1040 226
1045 208
1050 208
1055 209
1060 210
1065 212
1070 216
1075 215
1080 215
1085 219
1090 281
1095 272
1100 274
1105 275
1110 274
1115 291
1120 246
1125 241
1130 286
1135 295
1140 246
1145 253
1150 251
1155 246
1160 255
1165 251
1170 254
1175 236
1180 255
1185 256
1190 303
1195 252
1200 243
1205 244
1210 284
1215 261
1220 247
1225 267
1230 249
1235 249
1240 251
1245 252
1250 252
1255 254
1260 255
1265 257
1270 258
1275 260
1280 260
1285 282
1290 263
1295 263
1300 263
1305 266
1310 271
1315 271
1320 268
1325 270
1330 295
1335 371
1340 354
1345 277
1350 304
1355 303
1360 301
1365 299
1370 366
1375 335
1380 333
1385 332
1390 716
1395 359
1400 329
1405 317
1410 313
1415 299
1420 294
1425 296
1430 296
1435 297
1440 298
1445 302
1450 350
1455 325
1460 304
1465 304
1470 305
1475 307
1480 345
1485 308
1490 320
1495 312
1500 316
1505 313
1510 316
1515 315
1520 327
1525 319
1530 318
1535 319
1540 399
1545 333
1550 323
1555 324
1560 326
1565 330
1570 416
1575 330
1580 331
1585 333
1590 333
1595 335
1600 335
1605 338
1610 335
1615 338
1620 343
1625 347
1630 373
1635 353
1640 358
1645 345
1650 346
1655 354
1660 348
1665 350
1670 352
1675 356
1680 470
1685 375
1690 406
1695 399
1700 372
1705 361
1710 362
1715 364
1720 363
1725 365
1730 366
1735 368
1740 367
1745 372
1750 369
1755 372
1760 372
1765 419
1770 375
1775 377
1780 378
1785 418
1790 382
1795 382
1800 387
1805 385
1810 386
1815 414
1820 394
1825 390
1830 391
1835 393
1840 394
1845 395
1850 395
1855 396
1860 397
1865 400
1870 401
1875 401
1880 485
1885 404
1890 405
1895 414
1900 409
1905 408
1910 409
1915 415
1920 421
1925 414
1930 416
1935 415
1940 416
1945 420
1950 419
1955 421
1960 422
1965 425
1970 476
1975 425
1980 426
1985 426
1990 432
1995 428
2000 432
2005 432
2010 437
2015 470
2020 435
2025 436
2030 437
2035 439
2040 441
2045 441
2050 442
2055 443
2060 531
2065 515
2070 522
2075 474
2080 449
2085 451
2090 452
2095 454
2100 454
2105 456
2110 467
2115 460
2120 460
2125 469
2130 591
2135 555
2140 521
2145 477
2150 469
2155 474
2160 475
2165 475
2170 480
2175 476
2180 478
2185 477
2190 480
2195 481
2200 562
2205 481
2210 481
2215 499
2220 514
2225 638
2230 665
2235 511
2240 558
2245 512
2250 515
2255 531
2260 644
2265 529
2270 543
2275 548
2280 536
2285 570
2290 674
2295 641
2300 519
2305 509
2310 508
2315 507
2320 560
2325 563
2330 618
2335 631
2340 619
2345 620
2350 673
2355 520
2360 517
2365 554
2370 521
2375 522
2380 525
2385 529
2390 527
2395 529
2400 530
2405 561
2410 528
2415 530
2420 534
2425 592
2430 660
2435 660
2440 548
2445 540
2450 540
2455 541
2460 542
2465 546
2470 545
2475 546
2480 549
2485 551
2490 550
2495 599
2500 556
2505 556
2510 565
2515 557
2520 566
2525 558
2530 569
2535 561
2540 561
2545 561
2550 563
2555 569
2560 572
2565 670
2570 685
2575 571
2580 594
2585 741
2590 737
2595 741
2600 734
2605 740
2610 773
2615 582
2620 668
2625 586
2630 589
2635 585
2640 587
2645 589
2650 588
2655 591
2660 620
2665 592
2670 593
2675 594
2680 595
2685 730
2690 644
2695 664
2700 601
2705 608
2710 638
2715 703
2720 611
2725 611
2730 614
2735 614
2740 622
2745 629
2750 730
2755 645
2760 618
2765 632
2770 671
2775 623
2780 628
2785 625
2790 627
2795 629
2800 629
2805 630
2810 705
2815 638
2820 662
2825 630
2830 639
2835 636
2840 642
2845 642
2850 644
2855 645
2860 649
2865 645
2870 714
2875 770
2880 664
2885 650
2890 651
2895 656
2900 660
2905 660
2910 761
2915 656
2920 662
2925 691
2930 698
2935 667
2940 676
2945 664
2950 667
2955 671
2960 670
2965 798
2970 842
2975 735
2980 724
2985 690
2990 681
2995 677
3000 680
3005 679
3010 694
3015 683
3020 685
3025 688
3030 686
3035 692
3040 777
3045 720
3050 691
3055 694
3060 693
3065 695
3070 696
3075 739
3080 707
3085 707
3090 697
3095 828
3100 768
3105 718
3110 706
3115 711
3120 707
3125 712
3130 715
3135 712
3140 715
3145 716
3150 813
3155 740
3160 727
3165 728
3170 731
3175 729
3180 734
3185 771
3190 725
3195 729
3200 794
3205 834
3210 789
3215 733
3220 731
3225 740
3230 743
3235 737
3240 743
3245 740
3250 778
3255 930
3260 746
3265 747
3270 751
3275 746
3280 753
3285 750
3290 753
3295 756
3300 779
3305 837
3310 773
3315 765
3320 785
3325 758
3330 759
3335 765
3340 765
3345 816
3350 763
3355 907
3360 768
3365 776
3370 768
3375 780
3380 791
3385 792
3390 773
3395 775
3400 775
3405 833
3410 797
3415 779
3420 779
3425 785
3430 783
3435 791
3440 786
3445 791
3450 816
3455 972
3460 880
3465 794
3470 795
3475 845
3480 843
3485 798
3490 801
3495 934
3500 1044
3505 856
3510 845
3515 805
3520 810
3525 812
3530 814
3535 818
3540 821
3545 878
3550 823
3555 836
3560 819
3565 821
3570 863
3575 827
3580 824
3585 821
3590 824
3595 913
3600 825
3605 835
3610 874
3615 831
3620 834
3625 833
3630 840
3635 866
3640 875
3645 841
3650 841
3655 846
3660 849
3665 849
3670 851
3675 850
3680 850
3685 908
3690 877
3695 870
3700 893
3705 856
3710 861
3715 909
3720 861
3725 867
3730 942
3735 860
3740 868
3745 868
3750 910
3755 870
3760 868
3765 869
3770 872
3775 942
3780 871
3785 968
3790 1139
3795 878
3800 880
3805 889
3810 918
3815 900
3820 921
3825 882
3830 955
3835 903
3840 888
3845 887
3850 890
3855 892
3860 895
3865 945
3870 896
3875 917
3880 905
3885 915
3890 910
3895 921
3900 911
3905 964
3910 905
3915 921
3920 967
3925 909
3930 911
3935 1109
3940 1087
3945 1019
3950 1128
3955 1225
3960 1221
3965 1212
3970 1062
3975 920
3980 966
3985 1208
3990 958
3995 931
4000 1111
4005 930
4010 932
4015 933
4020 1045
4025 932
4030 934
4035 940
4040 1146
4045 945
4050 943
4055 943
4060 1025
4065 947
4070 961
4075 1016
4080 1053
4085 1052
4090 951
4095 952
4100 1076
4105 960
4110 991
4115 965
4120 967
4125 991
4130 969
4135 972
4140 1019
4145 1005
4150 965
4155 967
4160 969
4165 969
4170 971
4175 1009
4180 1048
4185 974
4190 981
4195 979
4200 979
4205 982
4210 984
4215 986
4220 1056
4225 989
4230 1027
4235 987
4240 989
4245 988
4250 1024
4255 991
4260 1087
4265 997
4270 999
4275 994
4280 1008
4285 996
4290 1000
4295 1002
4300 1069
4305 1004
4310 1004
4315 1006
4320 1007
4325 1008
4330 1276
4335 1185
4340 1014
4345 1019
4350 1047
4355 1019
4360 1020
4365 1022
4370 1021
4375 1052
4380 1026
4385 1025
4390 1031
4395 1028
4400 1027
4405 1028
4410 1033
4415 1077
4420 1037
4425 1035
4430 1102
4435 1036
4440 1043
4445 1056
4450 1063
4455 1042
4460 1047
4465 1047
4470 1047
4475 1052
4480 1052
4485 1050
4490 1129
4495 1054
4500 1058
4505 1063
4510 1059
4515 1061
4520 1062
4525 1120
4530 1064
4535 1160
4540 1092
4545 1122
4550 1071
4555 1070
4560 1150
4565 1119
4570 1120
4575 1076
4580 1099
4585 1079
4590 1078
4595 1123
4600 1092
4605 1086
4610 1088
4615 1091
4620 1098
4625 1086
4630 1087
4635 1167
4640 1121
4645 1095
4650 1095
4655 1097
4660 1102
4665 1107
4670 1213
4675 1099
4680 1109
4685 1321
4690 1183
4695 1107
4700 1146
4705 1294
4710 1155
4715 1109
4720 1112
4725 1156
4730 1119
4735 1209
4740 1177
4745 1118
4750 1119
4755 1128
4760 1125
4765 1128
4770 1170
4775 1151
4780 1126
4785 1127
4790 1130
4795 1132
4800 1139
4805 1197
4810 1177
4815 1157
4820 1167
4825 1139
4830 1142
4835 1146
4840 1173
4845 1289
4850 1145
4855 1150
4860 1194
4865 1146
4870 1158
4875 1265
4880 1153
4885 1154
4890 1160
4895 1155
4900 1189
4905 1212
4910 1268
4915 1161
4920 1163
4925 1165
4930 1165
4935 1169
4940 1341
4945 1181
4950 1180
4955 1188
4960 1172
4965 1175
4970 1178
4975 1352
4980 1211
4985 1180
4990 1216
4995 1181
5000 1187
5005 1289
5010 1252
5015 1313
5020 1290
5025 1560
5030 1414
5035 1396
5040 1251
5045 1197
5050 1201
5055 1235
5060 1199
5065 1352
5070 1281
5075 1204
5080 1236
5085 1260
5090 1205
5095 1338
5100 1327
5105 1210
5110 1212
5115 1217
5120 1224
5125 1214
5130 1293
5135 1225
5140 1235
5145 1222
5150 1223
5155 1286
5160 1370
5165 1254
5170 1254
5175 1234
5180 1244
5185 1245
5190 1253
5195 1301
5200 1525
5205 1403
5210 1269
5215 1261
5220 1254
5225 1243
5230 1245
5235 1294
5240 1301
5245 1267
5250 1248
5255 1255
5260 1293
5265 1296
5270 1255
5275 1256
5280 1264
5285 1258
5290 1357
5295 1266
5300 1275
5305 1265
5310 1265
5315 1335
5320 1266
5325 1270
5330 1272
5335 1284
5340 1323
5345 1655
5350 1274
5355 1281
5360 1279
5365 1280
5370 1285
5375 1321
5380 1296
5385 1285
5390 1296
5395 1345
5400 1290
5405 1290
5410 1292
5415 1293
5420 1293
5425 1302
5430 1299
5435 1300
5440 1300
5445 1304
5450 1307
5455 1308
5460 1308
5465 1307
5470 1314
5475 1354
5480 1310
5485 1311
5490 1313
5495 1355
5500 1318
5505 1320
5510 1337
5515 1331
5520 1330
5525 1342
5530 1336
5535 1345
5540 1345
5545 1789
5550 1512
5555 1338
5560 1339
5565 1346
5570 1345
5575 1346
5580 1348
5585 1345
5590 1354
5595 1358
5600 1358
5605 1359
5610 1377
5615 1382
5620 1361
5625 1427
5630 1353
5635 1358
5640 1463
5645 1362
5650 1383
5655 1366
5660 1375
5665 1383
5670 1438
5675 1380
5680 1389
5685 1462
5690 1373
5695 1448
5700 1680
5705 1445
5710 1419
5715 1387
5720 1399
5725 1460
5730 1378
5735 1379
5740 1391
5745 1419
5750 1390
5755 1514
5760 1401
5765 1401
5770 1441
5775 1388
5780 1464
5785 1395
5790 1409
5795 1437
5800 1408
5805 1400
5810 1428
5815 1407
5820 1403
5825 1403
5830 1424
5835 1451
5840 1438
5845 1467
5850 1415
5855 1415
5860 1413
5865 1518
5870 1415
5875 1420
5880 1426
5885 1462
5890 1505
5895 1448
5900 1849
5905 1434
5910 1437
5915 1483
5920 1481
5925 1447
5930 1442
5935 1442
5940 1447
5945 1608
5950 1450
5955 1452
5960 1439
5965 1463
5970 1512
5975 1462
5980 1461
5985 3109
5990 1497
5995 1627
6000 1854
6005 1918
6010 1919
6015 1563
6020 1523
6025 1471
6030 1586
6035 1496
6040 1814
6045 1468
6050 1482
6055 1865
6060 1761
6065 1702
6070 1471
6075 1476
6080 1485
6085 1488
6090 1573
6095 1621
6100 1586
6105 1535
6110 1486
6115 1621
6120 1541
6125 1503
6130 1488
6135 1486
6140 1660
6145 1577
6150 1487
6155 1489
6160 1498
6165 1559
6170 1581
6175 1536
6180 1494
6185 1493
6190 1548
6195 1720
6200 1506
6205 1510
6210 1523
6215 1515
6220 1670
6225 1520
6230 1803
6235 1675
6240 1778
6245 1533
6250 1525
6255 1524
6260 1552
6265 1576
6270 1598
6275 1538
6280 1547
6285 1553
6290 1635
6295 1682
6300 1543
6305 1631
6310 1545
6315 1592
6320 1716
6325 1583
6330 1551
6335 1552
6340 1653
6345 1604
6350 1560
6355 1581
6360 1561
6365 1677
6370 1643
6375 1559
6380 1570
6385 1575
6390 1684
6395 1608
6400 1566
6405 1628
6410 1625
6415 1866
6420 1592
6425 1576
6430 1615
6435 1577
6440 1685
6445 1584
6450 1581
6455 1638
6460 1596
6465 1788
6470 1716
6475 1762
6480 1614
6485 1707
6490 1670
6495 1642
6500 1667
6505 1592
6510 1769
6515 1678
6520 1592
6525 1605
6530 1606
6535 1733
6540 1607
6545 1640
6550 1619
6555 1679
6560 1685
6565 1609
6570 1617
6575 1628
6580 1639
6585 1846
6590 1617
6595 1617
6600 1636
6605 1707
6610 1688
6615 1615
6620 1683
6625 1635
6630 1782
6635 1659
6640 1627
6645 1628
6650 1637
6655 1888
6660 1626
6665 1651
6670 1795
6675 1785
6680 2132
6685 1780
6690 1830
6695 1893
6700 2001
6705 1658
6710 1867
6715 1718
6720 1801
6725 1674
6730 1644
6735 1718
6740 1719
6745 1764
6750 1655
6755 1653
6760 1662
6765 1964
6770 1651
6775 1657
6780 1653
6785 1668
6790 2187
6795 2023
6800 1671
6805 1734
6810 1930
6815 1680
6820 1737
6825 1775
6830 1928
6835 1765
6840 1683
6845 1683
6850 1693
6855 1910
6860 1674
6865 1712
6870 1991
6875 1772
6880 1691
6885 1680
6890 1688
6895 1693
6900 1733
6905 1694
6910 1713
6915 1816
6920 2069
6925 1716
6930 1754
6935 1705
6940 2003
6945 1737
6950 1703
6955 1710
6960 1744
6965 1788
6970 1758
6975 1708
6980 1760
6985 1769
6990 1722
6995 1733
7000 1710
7005 1710
7010 1727
7015 1735
7020 1727
7025 1719
7030 1773
7035 1717
7040 1735
7045 2291
7050 2321
7055 2323
7060 2302
7065 1914
7070 1771
7075 1740
7080 1813
7085 1745
7090 1747
7095 1749
7100 1766
7105 1787
7110 1755
7115 1741
7120 1747
7125 1765
7130 1840
7135 1765
7140 1803
7145 1752
7150 1866
7155 2001
7160 1770
7165 1773
7170 1777
7175 1770
7180 1765
7185 1827
7190 1763
7195 1771
7200 1772
7205 1764
7210 1766
7215 1801
7220 1779
7225 1767
7230 1831
7235 1778
7240 1790
7245 1776
7250 1820
7255 1812
7260 1775
7265 1780
7270 1821
7275 1795
7280 1782
7285 1785
7290 1789
7295 1839
7300 1795
7305 1791
7310 1792
7315 1883
7320 1794
7325 1795
7330 1823
7335 1802
7340 1858
7345 1801
7350 1800
7355 2007
7360 2303
7365 1863
7370 1811
7375 1806
7380 1915
7385 1919
7390 1817
7395 1811
7400 1948
7405 1910
7410 1814
7415 1825
7420 1904
7425 1931
7430 1823
7435 1828
7440 1843
7445 1924
7450 1859
7455 1833
7460 2220
7465 2286
7470 1859
7475 1888
7480 1835
7485 2143
7490 1842
7495 1871
7500 1849
7505 1983
7510 1847
7515 1846
7520 1857
7525 1962
7530 1875
7535 1848
7540 1855
7545 1902
7550 1933
7555 1853
7560 1930
7565 2183
7570 1947
7575 1909
7580 1861
7585 1996
7590 1916
7595 1868
7600 1877
7605 1869
7610 2002
7615 1872
7620 1882
7625 1878
7630 2002
7635 1900
7640 1907
7645 1885
7650 2022
7655 1889
7660 1888
7665 1893
7670 1961
7675 1891
7680 1893
7685 1896
7690 2013
7695 1907
7700 1895
7705 1896
7710 1950
7715 1947
7720 1911
7725 1907
7730 1961
7735 2026
7740 1908
7745 1960
7750 1929
7755 2033
7760 1948
7765 2148
7770 1991
7775 1946
7780 1914
7785 1924
7790 2014
7795 1988
7800 1978
7805 1916
7810 1951
7815 2051
7820 1922
7825 1933
7830 1942
7835 2071
7840 1982
7845 1930
7850 1963
7855 2068
7860 1941
7865 1936
7870 2025
7875 2044
7880 1950
7885 1939
7890 2001
7895 2072
7900 2003
7905 1950
7910 2021
7915 1989
7920 1998
7925 1979
7930 1989
7935 1987
7940 1954
7945 2004
7950 2003
7955 2177
7960 1958
7965 2224
7970 2218
7975 2122
7980 2209
7985 2131
7990 2180
7995 1985
8000 1970
8005 2038
8010 2122
8015 1982
8020 2014
8025 2039
8030 2002
8035 1982
8040 1993
8045 1996
8050 2089
8055 2016
8060 1990
8065 2121
8070 2034
8075 2301
8080 2468
8085 2212
8090 2050
8095 2018
8100 2013
8105 2208
8110 2006
8115 2050
8120 2034
8125 2508
8130 2698
8135 2106
8140 2259
8145 2033
8150 2091
8155 2015
8160 2180
8165 2049
8170 2020
8175 2395
8180 2071
8185 2026
8190 2040
8195 2194
8200 2079
8205 2025
8210 2038
8215 2199
8220 2041
8225 2031
8230 2034
8235 2256
8240 2047
8245 2105
8250 2082
8255 2095
8260 2042
8265 2057
8270 2123
8275 2136
8280 2047
8285 2097
8290 2304
8295 2176
8300 2064
8305 2070
8310 2232
8315 2081
8320 2142
8325 2136
8330 2119
8335 2102
8340 2074
8345 2348
8350 2084
8355 2108
8360 2108
8365 2284
8370 2250
8375 2218
8380 2156
8385 2130
8390 2208
8395 2107
8400 2178
8405 2128
8410 2091
8415 2148
8420 2147
8425 2092
8430 2113
8435 2207
8440 2338
8445 2213
8450 2109
8455 2177
8460 2101
8465 2117
8470 2126
8475 2539
8480 2117
8485 2185
8490 2226
8495 2110
8500 2281
8505 2409
8510 2267
8515 2222
8520 2122
8525 2254
8530 2128
8535 2196
8540 2139
8545 2198
8550 2159
8555 2153
8560 2480
8565 2382
8570 2175
8575 2162
8580 2302
8585 2144
8590 2143
8595 2174
8600 2456
8605 2145
8610 2196
8615 2245
8620 2155
8625 2203
8630 2149
8635 2711
8640 2424
8645 2181
8650 2268
8655 2170
8660 2220
8665 2213
8670 2258
8675 2178
8680 2185
8685 2250
8690 2182
8695 2181
8700 2184
8705 2398
8710 2243
8715 2196
8720 2330
8725 2192
8730 2212
8735 2193
8740 2441
8745 2181
8750 2189
8755 2515
8760 2193
8765 2309
8770 2207
8775 2409
8780 2226
8785 2201
8790 2219
8795 2208
8800 2218
8805 2209
8810 2449
8815 2201
8820 2200
8825 2405
8830 2220
8835 2244
8840 2216
8845 2272
8850 2229
8855 2270
8860 2358
8865 2277
8870 2257
8875 2234
8880 2388
8885 2263
8890 2236
8895 2348
8900 2309
8905 2254
8910 2249
8915 2435
8920 2236
8925 2244
8930 2657
8935 2496
8940 2229
8945 2386
8950 2293
8955 2253
8960 2305
8965 2433
8970 2240
8975 2252
8980 2459
8985 2291
8990 2349
8995 2243
9000 2495
9005 2261
9010 2306
9015 2371
9020 2278
9025 2265
9030 2333
9035 2339
9040 2275
9045 2328
9050 2362
9055 2268
9060 2341
9065 2344
9070 2375
9075 2361
9080 2628
9085 2559
9090 2354
9095 2312
9100 2585
9105 2273
9110 2676
9115 2361
9120 2331
9125 2313
9130 2310
9135 2376
9140 2291
9145 2283
9150 2334
9155 2335
9160 2476
9165 2799
9170 2352
9175 2305
9180 2361
9185 2312
9190 2307
9195 2368
9200 2533
9205 2382
9210 2303
9215 2362
9220 2307
9225 2316
9230 2362
9235 2457
9240 2624
9245 2333
9250 2477
9255 2340
9260 2314
9265 2497
9270 2366
9275 2355
9280 2819
9285 2350
9290 2334
9295 2484
9300 2426
9305 2332
9310 2337
9315 2405
9320 2332
9325 2339
9330 2458
9335 2444
9340 2356
9345 2349
9350 2362
9355 2344
9360 2344
9365 2459
9370 2345
9375 2348
9380 2467
9385 2363
9390 2352
9395 2398
9400 2384
9405 2394
9410 2430
9415 2494
9420 2363
9425 2420
9430 2381
9435 2383
9440 2673
9445 2453
9450 2475
9455 2384
9460 2395
9465 2442
9470 2390
9475 2385
9480 2402
9485 2379
9490 2379
9495 2439
9500 2427
9505 2381
9510 2456
9515 2423
9520 2390
9525 2386
9530 2461
9535 2390
9540 2393
9545 2475
9550 2426
9555 2401
9560 2462
9565 2414
9570 2407
9575 2408
9580 2446
9585 2451
9590 2412
9595 2475
9600 2730
9605 2414
9610 2547
9615 2412
9620 2412
9625 2506
9630 2495
9635 2481
9640 2429
9645 2583
9650 2494
9655 2434
9660 2486
9665 2429
9670 2460
9675 2768
9680 2526
9685 2437
9690 2488
9695 2438
9700 2581
9705 2568
9710 2468
9715 2494
9720 2498
9725 2467
9730 2450
9735 2469
9740 2554
9745 2457
9750 2458
9755 2538
9760 2519
9765 2459
9770 2797
9775 2546
9780 2489
9785 2744
9790 2466
9795 2514
9800 2567
9805 2527
9810 2468
9815 2618
9820 2494
9825 2516
9830 2553
9835 2500
9840 2502
9845 2503
9850 2676
9855 2477
9860 2488
9865 2513
9870 2493
9875 2546
9880 2582
9885 2552
9890 2483
9895 2544
9900 2495
9905 2498
9910 2573
9915 2870
9920 2696
9925 2602
9930 2519
9935 3070
9940 2564
9945 2551
9950 2509
9955 2635
9960 2564
9965 2565
9970 2620
9975 2609
9980 2525
9985 2570
9990 2515
9995 2535
10000 2584
