5 0
10 0
15 0
20 0
25 1
30 1
35 1
40 2
45 2
50 2
55 2
60 2
65 3
70 3
75 3
80 4
85 4
90 4
95 5
100 5
105 5
110 5
115 6
120 6
125 6
130 7
135 7
140 7
145 8
150 8
155 8
160 9
165 9
170 10
175 10
180 10
185 11
190 11
195 11
200 12
205 12
210 12
215 13
220 13
225 13
230 14
235 15
240 14
245 15
250 15
255 15
260 16
265 17
270 17
275 17
280 18
285 19
290 19
295 19
300 20
305 20
310 20
315 21
320 21
325 22
330 22
335 22
340 22
345 23
350 24
355 23
360 25
365 25
370 25
375 25
380 26
385 26
390 27
395 27
400 28
405 28
410 29
415 29
420 29
425 30
430 30
435 31
440 31
445 31
450 32
455 33
460 33
465 34
470 34
475 34
480 34
485 35
490 35
495 36
500 36
505 37
510 37
515 38
520 38
525 39
530 40
535 40
540 40
545 40
550 40
555 41
560 41
565 42
570 43
575 42
580 43
585 43
590 44
595 44
600 45
605 45
610 45
615 46
620 47
625 48
630 48
635 49
640 49
645 50
650 50
655 51
660 51
665 51
670 53
675 52
680 52
685 53
690 53
695 55
700 56
705 56
710 56
715 56
720 56
725 57
730 57
735 58
740 58
745 59
750 59
755 60
760 61
765 80
770 115
775 62
780 63
785 62
790 64
795 64
800 64
805 67
810 66
815 66
820 67
825 67
830 67
835 68
840 88
845 110
850 103
855 70
860 71
865 71
870 71
875 72
880 73
885 73
890 74
895 73
900 75
905 76
910 76
915 76
920 77
925 77
930 136
935 88
940 119
945 83
950 83
955 82
960 82
965 83
970 83
975 83
980 84
985 85
990 85
995 86
1000 85
1005 85
1010 86
1015 87
1020 87
1025 88
1030 88
1035 88
1040 87
1045 89
1050 109
1055 125
1060 108
1065 102
1070 101
1075 101
1080 101
1085 101
1090 102
1095 101
1100 102
1105 103
1110 103
1115 104
1120 102
1125 104
1130 105
1135 106
1140 107
1145 106
1150 107
1155 108
1160 108
1165 109
1170 108
1175 109
1180 110
1185 110
1190 110
1195 125
1200 110
1205 109
1210 111
1215 110
1220 112
1225 111
1230 112
1235 113
1240 115
1245 115
1250 113
1255 115
1260 116
1265 116
1270 116
1275 119
1280 118
1285 119
1290 119
1295 119
1300 120
1305 120
1310 141
1315 142
1320 143
1325 125
1330 126
1335 126
1340 125
1345 125
1350 125
1355 126
1360 127
1365 128
1370 128
1375 129
1380 130
1385 129
1390 129
1395 130
1400 131
1405 131
1410 131
1415 132
1420 133
1425 135
1430 158
1435 139
1440 139
1445 140
1450 141
1455 141
1460 177
1465 142
1470 143
1475 144
1480 145
1485 145
1490 146
1495 146
1500 147
1505 145
1510 149
1515 148
1520 148
1525 147
1530 149
1535 150
1540 150
1545 152
1550 152
1555 152
1560 152
1565 153
1570 155
1575 155
1580 155
1585 156
1590 157
1595 155
1600 157
1605 158
1610 160
1615 161
1620 160
1625 160
1630 160
1635 162
1640 161
1645 164
1650 162
1655 164
1660 164
1665 164
1670 164
1675 168
1680 165
1685 167
1690 195
1695 185
1700 173
1705 174
1710 173
1715 177
1720 174
1725 173
1730 173
1735 173
1740 173
1745 176
1750 176
1755 175
1760 179
1765 179
1770 177
1775 177
1780 178
1785 180
1790 179
1795 179
1800 181
1805 180
1810 182
1815 183
1820 184
1825 185
1830 186
1835 185
1840 185
1845 185
1850 186
1855 187
1860 190
1865 189
1870 192
1875 191
1880 189
1885 190
1890 193
1895 193
1900 187
1905 193
1910 196
1915 194
1920 194
1925 195
1930 197
1935 194
1940 196
1945 197
1950 200
1955 197
1960 199
1965 200
1970 202
1975 201
1980 201
1985 203
1990 203
1995 206
2000 207
2005 207
2010 207
2015 207
2020 207
2025 208
2030 207
2035 208
2040 208
2045 209
2050 212
2055 235
2060 214
2065 215
2070 216
2075 215
2080 216
2085 214
2090 214
2095 215
2100 216
2105 216
2110 217
2115 218
2120 219
2125 219
2130 217
2135 221
2140 230
2145 223
2150 225
2155 227
2160 240
2165 225
2170 228
2175 243
2180 230
2185 230
2190 261
2195 231
2200 231
2205 233
2210 236
2215 232
2220 233
2225 236
2230 234
2235 236
2240 240
2245 239
2250 237
2255 237
2260 262
2265 554
2270 554
2275 554
2280 555
2285 552
2290 552
2295 560
2300 525
2305 526
2310 523
2315 528
2320 536
2325 549
2330 539
2335 565
2340 536
2345 513
2350 460
2355 460
2360 456
2365 462
2370 462
2375 461
2380 467
2385 475
2390 469
2395 473
2400 472
2405 468
2410 429
2415 363
2420 364
2425 364
2430 366
2435 366
2440 367
2445 369
2450 373
2455 368
2460 371
2465 374
2470 373
2475 374
2480 387
2485 378
2490 380
2495 379
2500 382
2505 386
2510 362
2515 325
2520 322
2525 320
2530 347
2535 384
2540 325
2545 331
2550 335
2555 331
2560 339
2565 332
2570 336
2575 328
2580 329
2585 327
2590 329
2595 329
2600 330
2605 331
2610 332
2615 333
2620 332
2625 336
2630 342
2635 336
2640 340
2645 342
2650 361
2655 304
2660 305
2665 342
2670 309
2675 303
2680 302
2685 305
2690 305
2695 321
2700 304
2705 306
2710 304
2715 310
2720 309
2725 315
2730 304
2735 309
2740 312
2745 311
2750 312
2755 315
2760 312
2765 316
2770 314
2775 314
2780 318
2785 316
2790 311
2795 316
2800 317
2805 319
2810 318
2815 320
2820 321
2825 324
2830 321
2835 322
2840 321
2845 325
2850 319
2855 332
2860 343
2865 309
2870 304
2875 308
2880 310
2885 313
2890 360
2895 333
2900 352
2905 340
2910 344
2915 343
2920 388
2925 316
2930 320
2935 319
2940 319
2945 320
2950 318
2955 320
2960 320
2965 324
2970 321
2975 325
2980 323
2985 324
2990 324
2995 365
3000 326
3005 327
3010 327
3015 328
3020 329
3025 331
3030 327
3035 331
3040 328
3045 329
3050 331
3055 332
3060 332
3065 333
3070 337
3075 353
3080 325
3085 350
3090 337
3095 336
3100 353
3105 330
3110 330
3115 332
3120 388
3125 351
3130 376
3135 375
3140 401
3145 375
3150 335
3155 340
3160 335
3165 337
3170 336
3175 336
3180 337
3185 339
3190 342
3195 340
3200 350
3205 331
3210 333
3215 334
3220 334
3225 335
3230 335
3235 336
3240 336
3245 336
3250 336
3255 399
3260 385
3265 347
3270 348
3275 348
3280 372
3285 440
3290 349
3295 350
3300 352
3305 379
3310 368
3315 366
3320 369
3325 356
3330 414
3335 358
3340 357
3345 358
3350 358
3355 358
3360 359
3365 360
3370 356
3375 361
3380 362
3385 362
3390 363
3395 384
3400 398
3405 364
3410 367
3415 365
3420 405
3425 367
3430 367
3435 369
3440 369
3445 367
3450 368
3455 373
3460 371
3465 371
3470 372
3475 374
3480 376
3485 375
3490 374
3495 373
3500 376
3505 376
3510 378
3515 379
3520 380
3525 378
3530 414
3535 380
3540 381
3545 382
3550 466
3555 384
3560 385
3565 383
3570 386
3575 385
3580 394
3585 375
3590 377
3595 397
3600 523
3605 378
3610 379
3615 381
3620 381
3625 380
3630 381
3635 382
3640 384
3645 384
3650 385
3655 404
3660 401
3665 446
3670 399
3675 397
3680 397
3685 399
3690 398
3695 406
3700 390
3705 392
3710 391
3715 393
3720 392
3725 392
3730 430
3735 394
3740 396
3745 395
3750 395
3755 396
3760 396
3765 399
3770 398
3775 398
3780 420
3785 545
3790 400
3795 403
3800 543
3805 403
3810 403
3815 404
3820 403
3825 406
3830 405
3835 405
3840 407
3845 408
3850 407
3855 407
3860 409
3865 412
3870 410
3875 409
3880 409
3885 412
3890 412
3895 522
3900 509
3905 415
3910 416
3915 417
3920 413
3925 417
3930 417
3935 419
3940 419
3945 418
3950 472
3955 430
3960 430
3965 444
3970 421
3975 423
3980 458
3985 422
3990 421
3995 425
4000 425
4005 464
4010 505
4015 500
4020 421
4025 426
4030 427
4035 519
4040 438
4045 442
4050 481
4055 443
4060 434
4065 444
4070 444
4075 485
4080 446
4085 448
4090 448
4095 448
4100 442
4105 450
4110 451
4115 452
4120 451
4125 471
4130 468
4135 514
4140 439
4145 440
4150 441
4155 443
4160 445
4165 448
4170 447
4175 448
4180 444
4185 447
4190 447
4195 449
4200 448
4205 449
4210 528
4215 451
4220 452
4225 450
4230 452
4235 493
4240 457
4245 455
4250 474
4255 533
4260 453
4265 457
4270 456
4275 459
4280 458
4285 460
4290 459
4295 462
4300 461
4305 459
4310 461
4315 464
4320 464
4325 464
4330 465
4335 465
4340 466
4345 548
4350 467
4355 555
4360 480
4365 482
4370 483
4375 494
4380 470
4385 469
4390 472
4395 474
4400 475
4405 474
4410 547
4415 476
4420 477
4425 477
4430 478
4435 535
4440 476
4445 555
4450 480
4455 483
4460 561
4465 518
4470 480
4475 482
4480 562
4485 518
4490 484
4495 484
4500 486
4505 487
4510 487
4515 486
4520 488
4525 528
4530 504
4535 504
4540 505
4545 544
4550 507
4555 504
4560 507
4565 507
4570 509
4575 507
4580 507
4585 510
4590 509
4595 513
4600 515
4605 570
4610 668
4615 674
4620 507
4625 514
4630 516
4635 517
4640 553
4645 517
4650 514
4655 607
4660 562
4665 518
4670 518
4675 517
4680 521
4685 520
4690 520
4695 519
4700 523
4705 523
4710 526
4715 540
4720 585
4725 541
4730 528
4735 554
4740 528
4745 518
4750 529
4755 528
4760 530
4765 530
4770 532
4775 530
4780 532
4785 532
4790 532
4795 535
4800 537
4805 536
4810 537
4815 537
4820 536
4825 534
4830 576
4835 536
4840 558
4845 615
4850 537
4855 542
4860 541
4865 542
4870 545
4875 545
4880 557
4885 530
4890 591
4895 546
4900 545
4905 562
4910 532
4915 535
4920 611
4925 537
4930 639
4935 536
4940 535
4945 539
4950 538
4955 537
4960 539
4965 540
4970 652
4975 542
4980 544
4985 542
4990 540
4995 544
5000 545
5005 546
5010 631
5015 548
5020 546
5025 625
5030 547
5035 548
5040 547
5045 550
5050 548
5055 552
5060 552
5065 627
5070 553
5075 647
5080 567
5085 569
5090 607
5095 615
5100 628
5105 561
5110 558
5115 558
5120 556
5125 557
5130 559
5135 561
5140 559
5145 561
5150 561
5155 570
5160 559
5165 562
5170 563
5175 635
5180 566
5185 674
5190 564
5195 567
5200 733
5205 566
5210 571
5215 571
5220 569
5225 568
5230 571
5235 573
5240 571
5245 637
5250 590
5255 588
5260 588
5265 595
5270 609
5275 594
5280 645
5285 576
5290 651
5295 578
5300 578
5305 580
5310 581
5315 581
5320 582
5325 581
5330 583
5335 584
5340 665
5345 583
5350 584
5355 627
5360 586
5365 586
5370 696
5375 588
5380 589
5385 591
5390 640
5395 595
5400 592
5405 590
5410 592
5415 590
5420 596
5425 594
5430 592
5435 595
5440 690
5445 599
5450 595
5455 598
5460 600
5465 598
5470 602
5475 620
5480 599
5485 680
5490 618
5495 615
5500 631
5505 604
5510 606
5515 603
5520 684
5525 606
5530 610
5535 652
5540 606
5545 608
5550 608
5555 607
5560 609
5565 681
5570 710
5575 702
5580 610
5585 614
5590 610
5595 616
5600 704
5605 629
5610 634
5615 631
5620 632
5625 636
5630 633
5635 636
5640 636
5645 637
5650 691
5655 652
5660 639
5665 637
5670 640
5675 643
5680 660
5685 642
5690 695
5695 645
5700 644
5705 645
5710 646
5715 642
5720 646
5725 645
5730 651
5735 646
5740 648
5745 647
5750 674
5755 793
5760 634
5765 774
5770 774
5775 715
5780 796
5785 952
5790 785
5795 768
5800 738
5805 655
5810 658
5815 702
5820 805
5825 659
5830 710
5835 658
5840 746
5845 663
5850 664
5855 663
5860 705
5865 664
5870 688
5875 664
5880 664
5885 707
5890 718
5895 713
5900 719
5905 668
5910 714
5915 670
5920 669
5925 671
5930 672
5935 673
5940 670
5945 675
5950 673
5955 674
5960 695
5965 732
5970 676
5975 774
5980 709
5985 679
5990 679
5995 681
6000 716
6005 681
6010 805
6015 700
6020 702
6025 705
6030 701
6035 706
6040 703
6045 706
6050 705
6055 707
6060 705
6065 712
6070 704
6075 709
6080 703
6085 689
6090 692
6095 693
6100 690
6105 694
6110 735
6115 694
6120 740
6125 696
6130 696
6135 699
6140 698
6145 697
6150 682
6155 681
6160 683
6165 682
6170 683
6175 795
6180 741
6185 705
6190 703
6195 687
6200 686
6205 686
6210 690
6215 690
6220 690
6225 689
6230 728
6235 692
6240 692
6245 693
6250 766
6255 694
6260 787
6265 753
6270 697
6275 696
6280 696
6285 699
6290 697
6295 698
6300 697
6305 697
6310 699
6315 700
6320 753
6325 723
6330 706
6335 700
6340 692
6345 740
6350 705
6355 704
6360 794
6365 744
6370 752
6375 730
6380 745
6385 708
6390 748
6395 711
6400 751
6405 746
6410 713
6415 715
6420 715
6425 716
6430 713
6435 715
6440 716
6445 793
6450 719
6455 792
6460 836
6465 829
6470 721
6475 720
6480 719
6485 796
6490 719
6495 724
6500 725
6505 774
6510 821
6515 725
6520 726
6525 839
6530 727
6535 773
6540 749
6545 784
6550 749
6555 749
6560 750
6565 751
6570 753
6575 752
6580 748
6585 751
6590 752
6595 794
6600 758
6605 734
6610 809
6615 738
6620 738
6625 740
6630 742
6635 738
6640 739
6645 739
6650 741
6655 796
6660 853
6665 750
6670 853
6675 743
6680 745
6685 744
6690 746
6695 750
6700 748
6705 830
6710 750
6715 752
6720 737
6725 828
6730 755
6735 751
6740 750
6745 751
6750 755
6755 829
6760 777
6765 757
6770 756
6775 755
6780 836
6785 756
6790 833
6795 760
6800 863
6805 759
6810 761
6815 832
6820 747
6825 760
6830 752
6835 764
6840 750
6845 765
6850 765
6855 843
6860 769
6865 767
6870 764
6875 771
6880 769
6885 773
6890 769
6895 770
6900 807
6905 767
6910 776
6915 775
6920 1083
6925 865
6930 840
6935 815
6940 820
6945 822
6950 821
6955 822
6960 823
6965 824
6970 821
6975 824
6980 812
6985 837
6990 825
6995 826
7000 827
7005 825
7010 829
7015 831
7020 817
7025 805
7030 809
7035 805
7040 851
7045 813
7050 864
7055 816
7060 815
7065 857
7070 812
7075 812
7080 813
7085 794
7090 796
7095 793
7100 869
7105 901
7110 891
7115 794
7120 801
7125 875
7130 799
7135 798
7140 801
7145 798
7150 798
7155 803
7160 807
7165 986
7170 945
7175 881
7180 807
7185 807
7190 829
7195 829
7200 828
7205 829
7210 834
7215 896
7220 852
7225 905
7230 859
7235 872
7240 834
7245 874
7250 834
7255 838
7260 837
7265 838
7270 836
7275 841
7280 885
7285 842
7290 932
7295 843
7300 887
7305 821
7310 818
7315 823
7320 863
7325 825
7330 827
7335 824
7340 928
7345 864
7350 828
7355 826
7360 829
7365 829
7370 830
7375 827
7380 827
7385 831
7390 907
7395 834
7400 916
7405 835
7410 960
7415 833
7420 831
7425 898
7430 915
7435 862
7440 861
7445 859
7450 861
7455 902
7460 944
7465 868
7470 866
7475 865
7480 863
7485 861
7490 865
7495 867
7500 869
7505 982
7510 870
7515 911
7520 872
7525 924
7530 917
7535 870
7540 851
7545 853
7550 851
7555 852
7560 852
7565 852
7570 916
7575 931
7580 856
7585 853
7590 854
7595 856
7600 859
7605 859
7610 935
7615 857
7620 862
7625 860
7630 937
7635 950
7640 1025
7645 858
7650 863
7655 950
7660 937
7665 917
7670 928
7675 922
7680 946
7685 1010
7690 1001
7695 1064
7700 973
7705 920
7710 923
7715 926
7720 905
7725 990
7730 1023
7735 1007
7740 906
7745 1001
7750 898
7755 897
7760 900
7765 902
7770 938
7775 900
7780 960
7785 962
7790 959
7795 928
7800 925
7805 927
7810 931
7815 931
7820 928
7825 928
7830 938
7835 893
7840 911
7845 997
7850 908
7855 1038
7860 912
7865 911
7870 946
7875 911
7880 928
7885 891
7890 892
7895 897
7900 964
7905 976
7910 896
7915 925
7920 896
7925 897
7930 895
7935 899
7940 978
7945 952
7950 1016
7955 961
7960 920
7965 944
7970 899
7975 900
7980 901
7985 937
7990 928
7995 926
8000 930
8005 927
8010 992
8015 930
8020 935
8025 972
8030 972
8035 929
8040 912
8045 991
8050 958
8055 913
8060 986
8065 913
8070 1040
8075 910
8080 913
8085 955
8090 938
8095 943
8100 938
8105 963
8110 946
8115 1024
8120 938
8125 944
8130 949
8135 939
8140 924
8145 1005
8150 926
8155 1042
8160 922
8165 922
8170 1006
8175 1001
8180 941
8185 954
8190 954
8195 952
8200 954
8205 953
8210 954
8215 953
8220 993
8225 955
8230 969
8235 932
8240 931
8245 1013
8250 977
8255 982
8260 1010
8265 939
8270 996
8275 994
8280 1159
8285 965
8290 965
8295 967
8300 966
8305 964
8310 1046
8315 971
8320 968
8325 1046
8330 969
8335 942
8340 1018
8345 979
8350 1082
8355 951
8360 945
8365 952
8370 950
8375 1008
8380 952
8385 1055
8390 952
8395 949
8400 957
8405 956
8410 1062
8415 991
8420 954
8425 1030
8430 958
8435 959
8440 960
8445 958
8450 955
8455 981
8460 1133
8465 1082
8470 1013
8475 1130
8480 986
8485 1101
8490 993
8495 995
8500 992
8505 992
8510 1014
8515 1032
8520 994
8525 1025
8530 991
8535 994
8540 999
8545 997
8550 1003
8555 998
8560 1000
8565 1035
8570 1055
8575 1036
8580 1005
8585 1079
8590 1004
8595 1167
8600 1041
8605 1443
8610 1303
8615 1117
8620 1086
8625 1039
8630 1012
8635 1047
8640 1008
8645 1008
8650 1014
8655 1074
8660 1092
8665 1019
8670 1188
8675 1118
8680 1015
8685 1012
8690 1014
8695 1017
8700 1018
8705 1015
8710 1015
8715 1121
8720 1050
8725 1015
8730 1079
8735 1057
8740 1125
8745 1021
8750 1018
8755 1020
8760 1025
8765 1020
8770 1080
8775 1026
8780 1029
8785 1041
8790 1000
8795 1000
8800 1002
8805 1063
8810 1000
8815 1113
8820 1000
8825 1006
8830 1000
8835 1009
8840 1061
8845 1003
8850 1003
8855 1009
8860 1009
8865 1147
8870 1160
8875 1007
8880 1012
8885 1013
8890 1015
8895 1013
8900 1012
8905 1010
8910 1138
8915 1014
8920 1015
8925 1016
8930 1017
8935 1022
8940 1018
8945 1018
8950 1072
8955 1024
8960 1229
8965 1070
8970 1195
8975 1052
8980 1047
8985 1051
8990 1047
8995 1051
9000 1051
9005 1094
9010 1052
9015 1055
9020 1025
9025 1029
9030 1029
9035 1026
9040 1030
9045 1108
9050 1027
9055 1146
9060 1190
9065 1107
9070 1030
9075 1038
9080 1033
9085 1108
9090 1036
9095 1038
9100 1200
9105 1159
9110 1104
9115 1072
9120 1065
9125 1067
9130 1069
9135 1071
9140 1067
9145 1084
9150 1174
9155 1190
9160 1042
9165 1050
9170 1084
9175 1169
9180 1047
9185 1124
9190 1287
9195 1120
9200 1117
9205 1081
9210 1081
9215 1077
9220 1079
9225 1101
9230 1088
9235 1084
9240 1134
9245 1148
9250 1091
9255 1087
9260 1102
9265 1084
9270 1144
9275 1089
9280 1083
9285 1167
9290 1092
9295 1120
9300 1094
9305 1089
9310 1093
9315 1095
9320 1068
9325 1104
9330 1148
9335 1125
9340 1210
9345 1069
9350 1068
9355 1064
9360 1071
9365 1066
9370 1146
9375 1075
9380 1149
9385 1076
9390 1075
9395 1076
9400 1078
9405 1111
9410 1077
9415 1073
9420 1079
9425 1139
9430 1177
9435 1077
9440 1081
9445 1083
9450 1078
9455 1126
9460 1084
9465 1084
9470 1177
9475 1082
9480 1154
9485 1122
9490 1086
9495 1083
9500 1086
9505 1085
9510 1134
9515 1195
9520 1129
9525 1130
9530 1091
9535 1240
9540 1116
9545 1122
9550 1161
9555 1125
9560 1199
9565 1212
9570 1196
9575 1222
9580 1223
9585 1210
9590 1131
9595 1128
9600 1133
9605 1204
9610 1217
9615 1165
9620 1127
9625 1128
9630 1135
9635 1129
9640 1135
9645 1208
9650 1131
9655 1136
9660 1141
9665 1138
9670 1240
9675 1141
9680 1140
9685 1142
9690 1224
9695 1211
9700 1113
9705 1112
9710 1116
9715 1227
9720 1115
9725 1111
9730 1094
9735 1196
9740 1150
9745 1122
9750 1098
9755 1118
9760 1117
9765 1122
9770 1198
9775 1119
9780 1203
9785 1245
9790 1125
9795 1128
9800 1125
9805 1121
9810 1185
9815 1131
9820 1162
9825 1297
9830 1129
9835 1131
9840 1132
9845 1137
9850 1134
9855 1135
9860 1103
9865 1218
9870 1315
9875 1235
9880 1103
9885 1133
9890 1123
9895 1139
9900 1138
9905 1181
9910 1230
9915 1220
9920 1170
9925 1170
9930 1172
9935 1176
9940 1216
9945 1164
9950 1145
9955 1229
9960 1278
9965 1329
9970 1144
9975 1146
9980 1148
9985 1193
9990 1159
9995 1227
10000 1157
