5 0
10 0
15 0
20 0
25 1
30 1
35 1
40 1
45 2
50 2
55 2
60 2
65 3
70 3
75 3
80 4
85 4
90 4
95 5
100 5
105 5
110 6
115 6
120 6
125 6
130 7
135 7
140 8
145 7
150 8
155 8
160 8
165 9
170 9
175 10
180 11
185 11
190 11
195 11
200 11
205 12
210 12
215 13
220 13
225 14
230 14
235 14
240 14
245 15
250 15
255 16
260 16
265 17
270 17
275 18
280 18
285 18
290 19
295 19
300 20
305 20
310 20
315 21
320 21
325 21
330 22
335 22
340 23
345 23
350 23
355 24
360 24
365 24
370 25
375 25
380 26
385 26
390 27
395 27
400 28
405 28
410 28
415 29
420 29
425 29
430 30
435 31
440 31
445 32
450 32
455 32
460 33
465 34
470 34
475 34
480 35
485 35
490 35
495 36
500 36
505 37
510 37
515 39
520 38
525 39
530 40
535 41
540 41
545 40
550 41
555 41
560 42
565 42
570 42
575 43
580 44
585 44
590 45
595 45
600 46
605 45
610 46
615 47
620 48
625 48
630 70
635 65
640 50
645 50
650 50
655 51
660 52
665 52
670 52
675 53
680 53
685 54
690 54
695 54
700 55
705 55
710 56
715 58
720 90
725 58
730 58
735 59
740 59
745 60
750 60
755 61
760 61
765 61
770 63
775 62
780 64
785 63
790 64
795 64
800 65
805 65
810 65
815 68
820 66
825 67
830 67
835 68
840 68
845 69
850 86
855 72
860 73
865 73
870 73
875 75
880 75
885 75
890 76
895 77
900 77
905 78
910 78
915 78
920 79
925 80
930 80
935 81
940 81
945 82
950 82
955 83
960 84
965 84
970 85
975 85
980 86
985 85
990 86
995 87
1000 87
1005 88
1010 88
1015 89
1020 89
1025 90
1030 90
1035 91
1040 91
1045 91
1050 133
1055 101
1060 115
1065 97
1070 97
1075 97
1080 97
1085 95
1090 97
1095 98
1100 98
1105 99
1110 100
1115 101
1120 101
1125 102
1130 101
1135 102
1140 103
1145 103
1150 104
1155 105
1160 104
1165 105
1170 106
1175 106
1180 107
1185 107
1190 108
1195 108
1200 108
1205 110
1210 110
1215 111
1220 111
1225 111
1230 111
1235 113
1240 113
1245 113
1250 114
1255 178
1260 135
1265 157
1270 119
1275 118
1280 136
1285 136
1290 119
1295 120
1300 120
1305 120
1310 122
1315 122
1320 122
1325 122
1330 145
1335 139
1340 126
1345 126
1350 125
1355 126
1360 127
1365 126
1370 128
1375 128
1380 129
1385 130
1390 129
1395 132
1400 131
1405 132
1410 132
1415 133
1420 134
1425 134
1430 135
1435 134
1440 134
1445 137
1450 156
1455 137
1460 138
1465 139
1470 139
1475 139
1480 139
1485 140
1490 141
1495 140
1500 143
1505 143
1510 143
1515 141
1520 145
1525 145
1530 145
1535 146
1540 146
1545 146
1550 147
1555 149
1560 148
1565 148
1570 150
1575 151
1580 150
1585 151
1590 152
1595 153
1600 153
1605 153
1610 174
1615 156
1620 154
1625 166
1630 154
1635 153
1640 153
1645 153
1650 155
1655 155
1660 156
1665 156
1670 157
1675 158
1680 157
1685 159
1690 160
1695 159
1700 161
1705 161
1710 161
1715 162
1720 162
1725 163
1730 166
1735 182
1740 164
1745 166
1750 166
1755 166
1760 166
1765 168
1770 168
1775 168
1780 169
1785 170
1790 169
1795 172
1800 171
1805 172
1810 172
1815 173
1820 209
1825 174
1830 175
1835 175
1840 176
1845 213
1850 176
1855 176
1860 178
1865 177
1870 179
1875 180
1880 181
1885 181
1890 182
1895 246
1900 182
1905 183
1910 183
1915 184
1920 185
1925 185
1930 186
1935 187
1940 187
1945 252
1950 227
1955 192
1960 192
1965 191
1970 192
1975 192
1980 192
1985 192
1990 195
1995 194
2000 195
2005 195
2010 265
2015 196
2020 197
2025 198
2030 197
2035 198
2040 198
2045 201
2050 201
2055 200
2060 201
2065 201
2070 202
2075 203
2080 202
2085 204
2090 205
2095 205
2100 205
2105 205
2110 206
2115 206
2120 207
2125 208
2130 208
2135 209
2140 328
2145 230
2150 213
2155 212
2160 214
2165 214
2170 215
2175 214
2180 216
2185 215
2190 216
2195 217
2200 217
2205 263
2210 322
2215 219
2220 218
2225 218
2230 219
2235 220
2240 220
2245 221
2250 221
2255 221
2260 223
2265 223
2270 223
2275 223
2280 224
2285 225
2290 225
2295 225
2300 227
2305 228
2310 227
2315 228
2320 229
2325 228
2330 229
2335 230
2340 233
2345 232
2350 233
2355 310
2360 234
2365 234
2370 284
2375 271
2380 236
2385 238
2390 238
2395 384
2400 239
2405 239
2410 238
2415 239
2420 279
2425 242
2430 241
2435 243
2440 242
2445 244
2450 244
2455 326
2460 246
2465 245
2470 247
2475 247
2480 321
2485 248
2490 249
2495 248
2500 249
2505 324
2510 269
2515 257
2520 258
2525 260
2530 259
2535 260
2540 261
2545 327
2550 281
2555 264
2560 266
2565 286
2570 265
2575 266
2580 265
2585 267
2590 309
2595 268
2600 269
2605 268
2610 271
2615 271
2620 270
2625 270
2630 273
2635 272
2640 273
2645 274
2650 368
2655 276
2660 275
2665 277
2670 277
2675 270
2680 277
2685 280
2690 279
2695 280
2700 280
2705 280
2710 283
2715 285
2720 283
2725 314
2730 300
2735 284
2740 284
2745 287
2750 288
2755 309
2760 313
2765 288
2770 289
2775 291
2780 290
2785 290
2790 290
2795 293
2800 293
2805 293
2810 293
2815 295
2820 293
2825 296
2830 296
2835 296
2840 298
2845 321
2850 325
2855 299
2860 299
2865 302
2870 299
2875 302
2880 301
2885 322
2890 387
2895 305
2900 305
2905 306
2910 347
2915 306
2920 308
2925 307
2930 308
2935 309
2940 309
2945 311
2950 310
2955 311
2960 311
2965 312
2970 314
2975 314
2980 315
2985 314
2990 316
2995 317
3000 318
3005 343
3010 345
3015 317
3020 320
3025 485
3030 325
3035 367
3040 482
3045 315
3050 315
3055 317
3060 316
3065 315
3070 403
3075 397
3080 318
3085 318
3090 416
3095 374
3100 321
3105 319
3110 322
3115 322
3120 323
3125 330
3130 331
3135 335
3140 332
3145 405
3150 336
3155 334
3160 336
3165 337
3170 336
3175 338
3180 338
3185 338
3190 375
3195 375
3200 414
3205 402
3210 387
3215 409
3220 353
3225 358
3230 357
3235 395
3240 357
3245 357
3250 356
3255 364
3260 359
3265 373
3270 388
3275 361
3280 359
3285 359
3290 382
3295 368
3300 364
3305 362
3310 364
3315 367
3320 363
3325 364
3330 369
3335 375
3340 361
3345 374
3350 372
3355 371
3360 374
3365 377
3370 371
3375 374
3380 382
3385 376
3390 380
3395 377
3400 378
3405 378
3410 381
3415 377
3420 379
3425 379
3430 382
3435 379
3440 380
3445 380
3450 384
3455 381
3460 386
3465 387
3470 387
3475 386
3480 387
3485 386
3490 387
3495 386
3500 393
3505 413
3510 410
3515 391
3520 389
3525 390
3530 388
3535 391
3540 390
3545 391
3550 398
3555 396
3560 395
3565 395
3570 396
3575 401
3580 394
3585 399
3590 398
3595 397
3600 407
3605 398
3610 389
3615 401
3620 403
3625 405
3630 404
3635 404
3640 403
3645 405
3650 405
3655 405
3660 405
3665 408
3670 397
3675 408
3680 408
3685 415
3690 411
3695 412
3700 416
3705 415
3710 418
3715 419
3720 416
3725 413
3730 426
3735 422
3740 420
3745 416
3750 415
3755 419
3760 421
3765 418
3770 420
3775 419
3780 420
3785 418
3790 422
3795 421
3800 425
3805 423
3810 425
3815 427
3820 425
3825 471
3830 431
3835 436
3840 443
3845 435
3850 440
3855 466
3860 442
3865 450
3870 451
3875 489
3880 486
3885 451
3890 435
3895 434
3900 436
3905 440
3910 436
3915 437
3920 436
3925 437
3930 438
3935 439
3940 440
3945 440
3950 455
3955 446
3960 442
3965 445
3970 445
3975 444
3980 446
3985 445
3990 447
3995 477
4000 447
4005 449
4010 447
4015 449
4020 450
4025 453
4030 451
4035 495
4040 457
4045 457
4050 443
4055 442
4060 667
4065 443
4070 442
4075 445
4080 445
4085 445
4090 445
4095 447
4100 446
4105 448
4110 449
4115 482
4120 450
4125 450
4130 450
4135 590
4140 454
4145 524
4150 528
4155 454
4160 455
4165 603
4170 622
4175 509
4180 593
4185 526
4190 538
4195 458
4200 459
4205 460
4210 458
4215 459
4220 462
4225 489
4230 463
4235 491
4240 524
4245 507
4250 592
4255 511
4260 497
4265 498
4270 486
4275 468
4280 468
4285 470
4290 470
4295 470
4300 473
4305 472
4310 471
4315 471
4320 473
4325 474
4330 475
4335 475
4340 475
4345 493
4350 477
4355 554
4360 478
4365 479
4370 480
4375 476
4380 481
4385 480
4390 617
4395 483
4400 657
4405 483
4410 575
4415 488
4420 510
4425 499
4430 501
4435 500
4440 540
4445 505
4450 499
4455 553
4460 503
4465 504
4470 506
4475 506
4480 506
4485 507
4490 508
4495 510
4500 508
4505 507
4510 518
4515 495
4520 495
4525 500
4530 499
4535 543
4540 500
4545 499
4550 496
4555 503
4560 503
4565 502
4570 503
4575 525
4580 512
4585 507
4590 505
4595 506
4600 507
4605 504
4610 495
4615 494
4620 497
4625 536
4630 495
4635 577
4640 497
4645 497
4650 498
4655 659
4660 503
4665 502
4670 537
4675 501
4680 503
4685 505
4690 502
4695 524
4700 518
4705 519
4710 518
4715 522
4720 522
4725 558
4730 548
4735 524
4740 523
4745 517
4750 524
4755 525
4760 524
4765 558
4770 527
4775 527
4780 561
4785 664
4790 517
4795 517
4800 521
4805 603
4810 519
4815 522
4820 576
4825 711
4830 522
4835 564
4840 598
4845 538
4850 536
4855 539
4860 545
4865 539
4870 541
4875 541
4880 540
4885 563
4890 542
4895 542
4900 543
4905 544
4910 544
4915 582
4920 546
4925 547
4930 532
4935 547
4940 549
4945 547
4950 548
4955 552
4960 551
4965 553
4970 553
4975 555
4980 554
4985 554
4990 556
4995 589
5000 543
5005 639
5010 555
5015 556
5020 580
5025 580
5030 558
5035 561
5040 561
5045 563
5050 561
5055 562
5060 549
5065 565
5070 562
5075 565
5080 567
5085 566
5090 568
5095 604
5100 568
5105 569
5110 571
5115 569
5120 573
5125 555
5130 557
5135 559
5140 558
5145 560
5150 562
5155 560
5160 578
5165 641
5170 622
5175 580
5180 644
5185 564
5190 663
5195 567
5200 718
5205 656
5210 665
5215 583
5220 581
5225 581
5230 607
5235 586
5240 584
5245 587
5250 585
5255 585
5260 616
5265 612
5270 588
5275 591
5280 589
5285 590
5290 590
5295 592
5300 592
5305 593
5310 596
5315 593
5320 594
5325 597
5330 595
5335 599
5340 598
5345 599
5350 660
5355 602
5360 603
5365 697
5370 590
5375 587
5380 586
5385 586
5390 647
5395 630
5400 591
5405 608
5410 647
5415 589
5420 593
5425 594
5430 669
5435 607
5440 612
5445 640
5450 612
5455 615
5460 648
5465 688
5470 601
5475 617
5480 616
5485 613
5490 617
5495 617
5500 621
5505 729
5510 737
5515 621
5520 619
5525 650
5530 675
5535 623
5540 622
5545 624
5550 626
5555 626
5560 627
5565 626
5570 611
5575 666
5580 637
5585 629
5590 668
5595 629
5600 628
5605 631
5610 631
5615 631
5620 635
5625 635
5630 633
5635 636
5640 636
5645 636
5650 638
5655 638
5660 681
5665 623
5670 697
5675 625
5680 621
5685 746
5690 626
5695 627
5700 628
5705 626
5710 627
5715 628
5720 628
5725 665
5730 630
5735 630
5740 631
5745 632
5750 741
5755 651
5760 651
5765 687
5770 696
5775 635
5780 637
5785 638
5790 635
5795 637
5800 670
5805 714
5810 669
5815 640
5820 642
5825 714
5830 644
5835 642
5840 731
5845 644
5850 644
5855 646
5860 643
5865 646
5870 647
5875 647
5880 645
5885 647
5890 725
5895 650
5900 725
5905 651
5910 651
5915 652
5920 652
5925 654
5930 653
5935 654
5940 653
5945 653
5950 692
5955 657
5960 657
5965 728
5970 679
5975 698
5980 806
5985 803
5990 884
5995 660
6000 663
6005 738
6010 661
6015 689
6020 682
6025 683
6030 682
6035 682
6040 720
6045 741
6050 686
6055 684
6060 684
6065 687
6070 685
6075 691
6080 690
6085 691
6090 694
6095 688
6100 691
6105 692
6110 738
6115 738
6120 736
6125 696
6130 692
6135 820
6140 695
6145 697
6150 697
6155 697
6160 698
6165 701
6170 699
6175 700
6180 746
6185 701
6190 753
6195 704
6200 705
6205 701
6210 704
6215 716
6220 684
6225 732
6230 758
6235 691
6240 690
6245 691
6250 691
6255 693
6260 789
6265 761
6270 693
6275 815
6280 786
6285 712
6290 713
6295 715
6300 715
6305 717
6310 716
6315 717
6320 720
6325 719
6330 766
6335 719
6340 720
6345 761
6350 719
6355 722
6360 727
6365 705
6370 705
6375 704
6380 707
6385 706
6390 704
6395 709
6400 865
6405 713
6410 708
6415 830
6420 711
6425 715
6430 714
6435 714
6440 715
6445 715
6450 716
6455 764
6460 735
6465 738
6470 825
6475 719
6480 721
6485 719
6490 722
6495 724
6500 797
6505 722
6510 723
6515 727
6520 727
6525 722
6530 725
6535 890
6540 726
6545 727
6550 861
6555 727
6560 728
6565 731
6570 728
6575 732
6580 730
6585 853
6590 731
6595 733
6600 734
6605 889
6610 734
6615 899
6620 737
6625 719
6630 738
6635 740
6640 741
6645 741
6650 722
6655 739
6660 745
6665 838
6670 799
6675 808
6680 763
6685 795
6690 765
6695 765
6700 765
6705 769
6710 764
6715 770
6720 768
6725 784
6730 749
6735 886
6740 751
6745 749
6750 754
6755 754
6760 751
6765 752
6770 849
6775 766
6780 757
6785 756
6790 755
6795 755
6800 818
6805 758
6810 758
6815 891
6820 759
6825 762
6830 764
6835 764
6840 1007
6845 766
6850 795
6855 786
6860 785
6865 845
6870 804
6875 823
6880 787
6885 829
6890 782
6895 825
6900 790
6905 828
6910 792
6915 788
6920 791
6925 792
6930 796
6935 791
6940 862
6945 797
6950 798
6955 796
6960 836
6965 801
6970 780
6975 779
6980 781
6985 781
6990 846
6995 819
7000 783
7005 782
7010 783
7015 783
7020 786
7025 785
7030 782
7035 787
7040 899
7045 787
7050 787
7055 910
7060 790
7065 893
7070 790
7075 790
7080 793
7085 821
7090 850
7095 853
7100 850
7105 816
7110 815
7115 855
7120 816
7125 803
7130 816
7135 818
7140 814
7145 802
7150 800
7155 800
7160 802
7165 877
7170 918
7175 880
7180 805
7185 803
7190 956
7195 881
7200 839
7205 827
7210 830
7215 832
7220 832
7225 828
7230 832
7235 873
7240 832
7245 834
7250 836
7255 836
7260 854
7265 837
7270 837
7275 840
7280 837
7285 837
7290 841
7295 884
7300 839
7305 843
7310 929
7315 819
7320 824
7325 820
7330 825
7335 825
7340 822
7345 823
7350 938
7355 900
7360 827
7365 827
7370 829
7375 829
7380 827
7385 829
7390 830
7395 829
7400 832
7405 833
7410 833
7415 909
7420 817
7425 835
7430 958
7435 835
7440 834
7445 837
7450 836
7455 837
7460 877
7465 1138
7470 839
7475 924
7480 862
7485 866
7490 844
7495 899
7500 863
7505 865
7510 1041
7515 912
7520 867
7525 869
7530 979
7535 908
7540 951
7545 896
7550 870
7555 872
7560 872
7565 875
7570 876
7575 854
7580 878
7585 877
7590 929
7595 877
7600 878
7605 879
7610 856
7615 884
7620 885
7625 899
7630 882
7635 885
7640 838
7645 923
7650 882
7655 1117
7660 884
7665 1138
7670 1087
7675 1099
7680 867
7685 987
7690 921
7695 948
7700 951
7705 889
7710 892
7715 895
7720 894
7725 893
7730 976
7735 896
7740 893
7745 894
7750 946
7755 926
7760 978
7765 900
7770 898
7775 901
7780 996
7785 901
7790 902
7795 902
7800 902
7805 984
7810 905
7815 925
7820 905
7825 905
7830 906
7835 908
7840 906
7845 907
7850 908
7855 906
7860 951
7865 919
7870 1003
7875 912
7880 913
7885 953
7890 992
7895 891
7900 892
7905 889
7910 870
7915 1005
7920 891
7925 895
7930 895
7935 895
7940 879
7945 900
7950 897
7955 899
7960 967
7965 901
7970 1011
7975 885
7980 1003
7985 901
7990 905
7995 976
8000 929
8005 927
8010 930
8015 932
8020 929
8025 967
8030 934
8035 931
8040 932
8045 929
8050 951
8055 935
8060 910
8065 945
8070 974
8075 933
8080 1036
8085 933
8090 984
8095 913
8100 912
8105 914
8110 915
8115 1062
8120 918
8125 919
8130 997
8135 919
8140 919
8145 925
8150 922
8155 919
8160 925
8165 954
8170 924
8175 927
8180 925
8185 1091
8190 926
8195 1085
8200 927
8205 927
8210 933
8215 930
8220 930
8225 1005
8230 934
8235 1010
8240 993
8245 1002
8250 958
8255 959
8260 962
8265 997
8270 960
8275 964
8280 962
8285 962
8290 996
8295 952
8300 1121
8305 1016
8310 940
8315 942
8320 945
8325 944
8330 942
8335 944
8340 1127
8345 946
8350 946
8355 948
8360 1025
8365 949
8370 1002
8375 1054
8380 952
8385 949
8390 954
8395 1007
8400 1101
8405 1028
8410 957
8415 957
8420 955
8425 954
8430 991
8435 956
8440 956
8445 1113
8450 956
8455 959
8460 956
8465 997
8470 962
8475 977
8480 992
8485 1038
8490 961
8495 1068
8500 1008
8505 1128
8510 964
8515 968
8520 968
8525 967
8530 986
8535 993
8540 995
8545 1033
8550 994
8555 997
8560 1036
8565 996
8570 1000
8575 997
8580 1001
8585 975
8590 974
8595 1049
8600 1255
8605 1341
8610 1034
8615 1030
8620 1032
8625 1033
8630 1034
8635 1036
8640 1035
8645 1036
8650 1033
8655 1037
8660 1031
8665 1038
8670 1035
8675 1009
8680 1002
8685 1012
8690 1051
8695 1014
8700 1105
8705 1014
8710 1015
8715 1017
8720 988
8725 1060
8730 989
8735 1104
8740 1087
8745 1116
8750 1160
8755 1004
8760 1021
8765 1018
8770 1025
8775 1022
8780 1023
8785 1047
8790 1080
8795 1023
8800 1142
8805 1024
8810 1024
8815 1026
8820 1028
8825 1029
8830 1029
8835 1053
8840 1089
8845 1032
8850 1043
8855 1006
8860 1008
8865 1082
8870 1011
8875 1009
8880 1010
8885 1089
8890 1013
8895 1134
8900 1012
8905 1016
8910 1017
8915 1102
8920 1019
8925 1014
8930 1019
8935 1074
8940 1019
8945 1053
8950 1019
8955 1019
8960 1022
8965 1140
8970 1019
8975 1023
8980 1023
8985 1101
8990 1022
8995 1144
9000 1027
9005 1022
9010 1025
9015 1023
9020 1028
9025 1028
9030 1105
9035 1029
9040 1031
9045 1030
9050 1032
9055 1032
9060 1033
9065 1054
9070 1047
9075 1034
9080 1080
9085 1035
9090 1122
9095 1037
9100 1035
9105 1038
9110 1037
9115 1039
9120 1041
9125 1067
9130 1207
9135 1050
9140 1066
9145 1119
9150 1067
9155 1069
9160 1073
9165 1074
9170 1064
9175 1189
9180 1045
9185 1205
9190 1045
9195 1054
9200 1047
9205 1051
9210 1088
9215 1047
9220 1095
9225 1051
9230 1049
9235 1109
9240 1054
9245 1054
9250 1055
9255 1052
9260 1056
9265 1054
9270 1139
9275 1203
9280 1221
9285 1060
9290 1058
9295 1059
9300 1071
9305 1091
9310 1091
9315 1186
9320 1089
9325 1096
9330 1091
9335 1090
9340 1127
9345 1090
9350 1067
9355 1065
9360 1242
9365 1069
9370 1156
9375 1070
9380 1151
9385 1163
9390 1103
9395 1102
9400 1102
9405 1188
9410 1104
9415 1099
9420 1104
9425 1106
9430 1140
9435 1075
9440 1121
9445 1079
9450 1099
9455 1096
9460 1208
9465 1153
9470 1085
9475 1082
9480 1086
9485 1084
9490 1140
9495 1083
9500 1147
9505 1089
9510 1085
9515 1088
9520 1181
9525 1161
9530 1085
9535 1108
9540 1088
9545 1166
9550 1180
9555 1138
9560 1118
9565 1121
9570 1123
9575 1122
9580 1124
9585 1151
9590 1183
9595 1125
9600 1153
9605 1100
9610 1100
9615 1101
9620 1220
9625 1100
9630 1120
9635 1164
9640 1266
9645 1107
9650 1108
9655 1108
9660 1076
9665 1222
9670 1106
9675 1181
9680 1124
9685 1140
9690 1139
9695 1135
9700 1214
9705 1143
9710 1141
9715 1142
9720 1179
9725 1111
9730 1246
9735 1111
9740 1114
9745 1116
9750 1178
9755 1118
9760 1158
9765 1196
9770 1118
9775 1123
9780 1122
9785 1122
9790 1202
9795 1121
9800 1195
9805 1223
9810 1159
9815 1156
9820 1213
9825 1156
9830 1158
9835 1161
9840 1421
9845 1226
9850 1232
9855 1164
9860 1162
9865 1160
9870 1161
9875 1162
9880 1165
9885 1165
9890 1144
9895 1193
9900 1227
9905 1234
9910 1167
9915 1166
9920 1169
9925 1177
9930 1139
9935 1161
9940 1142
9945 1144
9950 1143
9955 1141
9960 1315
9965 1207
9970 1789
9975 1784
9980 1240
9985 1179
9990 1149
9995 1152
10000 1219
