5 0
10 0
15 0
20 0
25 1
30 1
35 1
40 1
45 2
50 2
55 2
60 3
65 3
70 3
75 3
80 4
85 4
90 5
95 5
100 5
105 5
110 6
115 6
120 6
125 6
130 7
135 7
140 7
145 8
150 8
155 9
160 9
165 9
170 9
175 10
180 11
185 11
190 11
195 11
200 12
205 12
210 13
215 13
220 13
225 14
230 14
235 14
240 14
245 15
250 15
255 16
260 16
265 16
270 17
275 17
280 18
285 19
290 19
295 19
300 20
305 20
310 20
315 21
320 20
325 22
330 22
335 22
340 22
345 23
350 23
355 24
360 25
365 25
370 25
375 26
380 27
385 29
390 44
395 27
400 27
405 28
410 28
415 29
420 29
425 30
430 30
435 30
440 31
445 31
450 32
455 32
460 32
465 33
470 34
475 34
480 35
485 35
490 35
495 36
500 36
505 36
510 37
515 38
520 38
525 39
530 40
535 40
540 41
545 40
550 41
555 41
560 42
565 42
570 42
575 44
580 44
585 44
590 44
595 45
600 46
605 45
610 46
615 47
620 47
625 48
630 49
635 49
640 50
645 50
650 50
655 50
660 52
665 52
670 53
675 53
680 53
685 53
690 53
695 54
700 54
705 56
710 56
715 56
720 55
725 57
730 59
735 58
740 58
745 59
750 60
755 60
760 60
765 61
770 61
775 62
780 61
785 62
790 64
795 64
800 64
805 66
810 64
815 65
820 65
825 67
830 66
835 106
840 84
845 68
850 69
855 70
860 90
865 112
870 71
875 71
880 72
885 73
890 74
895 74
900 74
905 96
910 76
915 116
920 110
925 77
930 77
935 78
940 78
945 79
950 79
955 80
960 81
965 121
970 103
975 133
980 123
985 87
990 87
995 86
1000 87
1005 87
1010 87
1015 87
1020 88
1025 88
1030 88
1035 89
1040 92
1045 140
1050 103
1055 99
1060 99
1065 98
1070 99
1075 99
1080 100
1085 99
1090 100
1095 100
1100 101
1105 103
1110 102
1115 102
1120 102
1125 103
1130 104
1135 104
1140 103
1145 105
1150 106
1155 107
1160 107
1165 108
1170 109
1175 109
1180 110
1185 110
1190 127
1195 109
1200 108
1205 109
1210 110
1215 111
1220 109
1225 113
1230 112
1235 112
1240 113
1245 113
1250 114
1255 150
1260 116
1265 113
1270 116
1275 117
1280 117
1285 117
1290 118
1295 119
1300 119
1305 119
1310 120
1315 121
1320 142
1325 168
1330 127
1335 125
1340 126
1345 126
1350 126
1355 127
1360 127
1365 127
1370 128
1375 128
1380 128
1385 129
1390 129
1395 130
1400 131
1405 131
1410 132
1415 132
1420 132
1425 132
1430 134
1435 133
1440 134
1445 135
1450 136
1455 137
1460 137
1465 138
1470 137
1475 138
1480 139
1485 139
1490 141
1495 140
1500 142
1505 141
1510 143
1515 143
1520 143
1525 144
1530 145
1535 145
1540 146
1545 147
1550 147
1555 148
1560 145
1565 149
1570 149
1575 150
1580 151
1585 150
1590 151
1595 152
1600 153
1605 153
1610 155
1615 153
1620 155
1625 156
1630 156
1635 156
1640 157
1645 156
1650 158
1655 159
1660 180
1665 220
1670 160
1675 161
1680 162
1685 163
1690 163
1695 162
1700 164
1705 163
1710 164
1715 165
1720 187
1725 187
1730 167
1735 168
1740 169
1745 171
1750 170
1755 170
1760 171
1765 172
1770 172
1775 172
1780 173
1785 173
1790 174
1795 174
1800 174
1805 176
1810 212
1815 267
1820 178
1825 178
1830 273
1835 312
1840 174
1845 176
1850 176
1855 178
1860 178
1865 178
1870 178
1875 179
1880 180
1885 181
1890 181
1895 182
1900 182
1905 182
1910 183
1915 183
1920 185
1925 223
1930 239
1935 185
1940 185
1945 187
1950 188
1955 188
1960 189
1965 189
1970 188
1975 189
1980 190
1985 190
1990 193
1995 193
2000 192
2005 192
2010 195
2015 338
2020 200
2025 201
2030 201
2035 202
2040 202
2045 203
2050 203
2055 204
2060 205
2065 206
2070 206
2075 206
2080 206
2085 206
2090 208
2095 290
2100 266
2105 208
2110 283
2115 263
2120 268
2125 211
2130 214
2135 213
2140 215
2145 255
2150 217
2155 216
2160 237
2165 218
2170 219
2175 219
2180 243
2185 233
2190 230
2195 230
2200 231
2205 234
2210 261
2215 233
2220 234
2225 233
2230 233
2235 233
2240 233
2245 233
2250 234
2255 235
2260 235
2265 235
2270 236
2275 238
2280 237
2285 238
2290 243
2295 241
2300 240
2305 241
2310 240
2315 244
2320 245
2325 248
2330 250
2335 245
2340 248
2345 248
2350 248
2355 248
2360 258
2365 252
2370 251
2375 248
2380 249
2385 247
2390 283
2395 252
2400 278
2405 252
2410 254
2415 253
2420 254
2425 254
2430 254
2435 255
2440 258
2445 259
2450 256
2455 259
2460 260
2465 262
2470 263
2475 262
2480 260
2485 264
2490 263
2495 265
2500 265
2505 264
2510 260
2515 266
2520 260
2525 266
2530 266
2535 270
2540 287
2545 272
2550 270
2555 271
2560 270
2565 271
2570 272
2575 271
2580 273
2585 278
2590 286
2595 273
2600 276
2605 278
2610 278
2615 277
2620 277
2625 278
2630 278
2635 280
2640 280
2645 280
2650 281
2655 280
2660 283
2665 281
2670 284
2675 284
2680 287
2685 287
2690 289
2695 287
2700 289
2705 286
2710 289
2715 292
2720 293
2725 296
2730 289
2735 291
2740 294
2745 291
2750 291
2755 292
2760 294
2765 294
2770 294
2775 297
2780 296
2785 297
2790 299
2795 300
2800 297
2805 302
2810 308
2815 308
2820 305
2825 299
2830 308
2835 306
2840 310
2845 300
2850 311
2855 308
2860 309
2865 307
2870 309
2875 314
2880 316
2885 309
2890 311
2895 311
2900 311
2905 312
2910 312
2915 312
2920 314
2925 314
2930 315
2935 317
2940 318
2945 321
2950 319
2955 319
2960 317
2965 324
2970 319
2975 319
2980 320
2985 320
2990 368
2995 324
3000 324
3005 325
3010 325
3015 325
3020 325
3025 326
3030 326
3035 328
3040 325
3045 325
3050 331
3055 330
3060 328
3065 330
3070 332
3075 332
3080 324
3085 333
3090 334
3095 335
3100 358
3105 336
3110 335
3115 336
3120 337
3125 338
3130 339
3135 340
3140 339
3145 339
3150 341
3155 341
3160 344
3165 342
3170 343
3175 344
3180 345
3185 346
3190 347
3195 347
3200 347
3205 347
3210 348
3215 348
3220 401
3225 372
3230 352
3235 354
3240 352
3245 353
3250 346
3255 355
3260 354
3265 355
3270 357
3275 355
3280 357
3285 359
3290 359
3295 357
3300 357
3305 361
3310 370
3315 351
3320 351
3325 357
3330 355
3335 354
3340 355
3345 354
3350 354
3355 357
3360 356
3365 357
3370 433
3375 357
3380 359
3385 353
3390 360
3395 362
3400 362
3405 361
3410 363
3415 364
3420 367
3425 363
3430 367
3435 403
3440 367
3445 368
3450 360
3455 367
3460 361
3465 370
3470 366
3475 371
3480 373
3485 373
3490 372
3495 466
3500 485
3505 378
3510 374
3515 376
3520 376
3525 376
3530 379
3535 378
3540 380
3545 380
3550 379
3555 415
3560 396
3565 428
3570 394
3575 375
3580 373
3585 448
3590 375
3595 400
3600 376
3605 376
3610 378
3615 379
3620 378
3625 381
3630 380
3635 380
3640 381
3645 381
3650 382
3655 384
3660 383
3665 384
3670 408
3675 417
3680 397
3685 396
3690 397
3695 397
3700 399
3705 399
3710 401
3715 412
3720 391
3725 431
3730 391
3735 390
3740 393
3745 395
3750 460
3755 396
3760 396
3765 396
3770 397
3775 396
3780 400
3785 399
3790 401
3795 400
3800 402
3805 403
3810 479
3815 402
3820 401
3825 405
3830 406
3835 407
3840 404
3845 405
3850 446
3855 407
3860 407
3865 410
3870 408
3875 410
3880 412
3885 412
3890 412
3895 410
3900 412
3905 412
3910 415
3915 416
3920 414
3925 416
3930 489
3935 417
3940 416
3945 416
3950 417
3955 418
3960 418
3965 420
3970 454
3975 422
3980 423
3985 421
3990 536
3995 477
4000 522
4005 463
4010 435
4015 437
4020 435
4025 486
4030 427
4035 426
4040 428
4045 429
4050 429
4055 428
4060 431
4065 505
4070 431
4075 433
4080 485
4085 514
4090 433
4095 510
4100 436
4105 437
4110 436
4115 438
4120 498
4125 544
4130 492
4135 451
4140 451
4145 585
4150 629
4155 510
4160 583
4165 634
4170 613
4175 537
4180 573
4185 504
4190 535
4195 523
4200 459
4205 462
4210 529
4215 459
4220 462
4225 460
4230 461
4235 464
4240 463
4245 465
4250 465
4255 466
4260 468
4265 468
4270 467
4275 581
4280 470
4285 473
4290 515
4295 472
4300 504
4305 473
4310 500
4315 473
4320 472
4325 511
4330 473
4335 476
4340 476
4345 478
4350 527
4355 508
4360 522
4365 481
4370 478
4375 484
4380 517
4385 480
4390 481
4395 480
4400 555
4405 497
4410 498
4415 500
4420 501
4425 502
4430 499
4435 504
4440 500
4445 503
4450 505
4455 504
4460 490
4465 504
4470 504
4475 506
4480 510
4485 507
4490 507
4495 521
4500 496
4505 497
4510 499
4515 544
4520 499
4525 499
4530 498
4535 498
4540 534
4545 499
4550 501
4555 500
4560 501
4565 504
4570 502
4575 504
4580 545
4585 507
4590 495
4595 492
4600 638
4605 495
4610 498
4615 496
4620 497
4625 517
4630 552
4635 514
4640 515
4645 512
4650 521
4655 500
4660 503
4665 502
4670 603
4675 576
4680 518
4685 520
4690 599
4695 520
4700 520
4705 522
4710 522
4715 522
4720 523
4725 525
4730 521
4735 524
4740 583
4745 543
4750 528
4755 528
4760 527
4765 574
4770 619
4775 586
4780 517
4785 604
4790 561
4795 518
4800 520
4805 520
4810 519
4815 521
4820 522
4825 522
4830 539
4835 535
4840 536
4845 579
4850 524
4855 557
4860 607
4865 526
4870 526
4875 518
4880 527
4885 528
4890 529
4895 530
4900 530
4905 531
4910 530
4915 532
4920 532
4925 534
4930 533
4935 533
4940 534
4945 539
4950 536
4955 607
4960 538
4965 538
4970 539
4975 696
4980 540
4985 581
4990 574
4995 555
5000 584
5005 590
5010 604
5015 560
5020 561
5025 712
5030 548
5035 561
5040 558
5045 633
5050 563
5055 640
5060 563
5065 563
5070 564
5075 566
5080 568
5085 563
5090 566
5095 611
5100 568
5105 618
5110 569
5115 568
5120 571
5125 571
5130 604
5135 650
5140 572
5145 681
5150 574
5155 576
5160 604
5165 577
5170 611
5175 601
5180 621
5185 597
5190 579
5195 580
5200 582
5205 584
5210 583
5215 625
5220 583
5225 583
5230 585
5235 583
5240 587
5245 586
5250 589
5255 588
5260 587
5265 588
5270 588
5275 590
5280 589
5285 590
5290 594
5295 592
5300 629
5305 592
5310 595
5315 700
5320 596
5325 596
5330 596
5335 597
5340 597
5345 599
5350 612
5355 625
5360 585
5365 585
5370 588
5375 587
5380 586
5385 644
5390 589
5395 650
5400 606
5405 603
5410 653
5415 589
5420 591
5425 632
5430 591
5435 594
5440 595
5445 599
5450 595
5455 598
5460 679
5465 673
5470 749
5475 600
5480 752
5485 601
5490 602
5495 619
5500 618
5505 620
5510 616
5515 620
5520 618
5525 620
5530 622
5535 671
5540 623
5545 655
5550 686
5555 625
5560 624
5565 623
5570 672
5575 612
5580 612
5585 612
5590 615
5595 613
5600 615
5605 617
5610 613
5615 617
5620 616
5625 697
5630 617
5635 617
5640 739
5645 621
5650 631
5655 675
5660 607
5665 623
5670 623
5675 622
5680 734
5685 624
5690 624
5695 627
5700 626
5705 691
5710 628
5715 631
5720 629
5725 630
5730 630
5735 632
5740 632
5745 632
5750 631
5755 632
5760 635
5765 634
5770 634
5775 712
5780 688
5785 653
5790 813
5795 770
5800 658
5805 678
5810 656
5815 638
5820 640
5825 641
5830 642
5835 642
5840 645
5845 643
5850 645
5855 688
5860 633
5865 644
5870 755
5875 648
5880 672
5885 688
5890 648
5895 647
5900 652
5905 649
5910 649
5915 653
5920 650
5925 728
5930 891
5935 791
5940 820
5945 700
5950 692
5955 698
5960 693
5965 693
5970 693
5975 694
5980 695
5985 696
5990 697
5995 710
6000 741
6005 699
6010 698
6015 697
6020 699
6025 699
6030 701
6035 703
6040 702
6045 706
6050 699
6055 725
6060 792
6065 696
6070 708
6075 708
6080 717
6085 714
6090 708
6095 706
6100 702
6105 710
6110 711
6115 709
6120 711
6125 709
6130 712
6135 714
6140 715
6145 719
6150 717
6155 720
6160 718
6165 717
6170 718
6175 718
6180 723
6185 720
6190 721
6195 720
6200 710
6205 702
6210 705
6215 742
6220 710
6225 708
6230 828
6235 708
6240 707
6245 706
6250 710
6255 709
6260 733
6265 725
6270 711
6275 711
6280 693
6285 772
6290 694
6295 777
6300 697
6305 697
6310 697
6315 700
6320 699
6325 698
6330 702
6335 703
6340 699
6345 700
6350 703
6355 780
6360 706
6365 706
6370 832
6375 710
6380 706
6385 708
6390 708
6395 707
6400 710
6405 710
6410 709
6415 731
6420 712
6425 778
6430 732
6435 763
6440 737
6445 714
6450 715
6455 717
6460 716
6465 718
6470 719
6475 721
6480 719
6485 719
6490 720
6495 793
6500 721
6505 721
6510 888
6515 725
6520 724
6525 724
6530 724
6535 725
6540 805
6545 727
6550 805
6555 727
6560 768
6565 779
6570 731
6575 730
6580 825
6585 789
6590 749
6595 793
6600 753
6605 753
6610 754
6615 753
6620 756
6625 755
6630 806
6635 757
6640 820
6645 759
6650 763
6655 739
6660 739
6665 739
6670 740
6675 745
6680 741
6685 740
6690 742
6695 808
6700 745
6705 735
6710 746
6715 748
6720 749
6725 787
6730 747
6735 749
6740 751
6745 749
6750 749
6755 790
6760 900
6765 755
6770 753
6775 843
6780 815
6785 792
6790 904
6795 775
6800 775
6805 781
6810 792
6815 759
6820 759
6825 827
6830 760
6835 784
6840 783
6845 785
6850 784
6855 786
6860 786
6865 784
6870 782
6875 788
6880 822
6885 787
6890 847
6895 786
6900 856
6905 770
6910 772
6915 768
6920 849
6925 772
6930 774
6935 773
6940 775
6945 775
6950 755
6955 875
6960 778
6965 816
6970 779
6975 781
6980 778
6985 829
6990 839
6995 798
7000 849
7005 783
7010 907
7015 814
7020 783
7025 804
7030 843
7035 785
7040 859
7045 785
7050 788
7055 787
7060 787
7065 792
7070 791
7075 845
7080 845
7085 793
7090 793
7095 793
7100 795
7105 815
7110 807
7115 795
7120 799
7125 795
7130 801
7135 799
7140 872
7145 798
7150 964
7155 800
7160 800
7165 803
7170 889
7175 954
7180 804
7185 888
7190 828
7195 829
7200 907
7205 827
7210 904
7215 830
7220 831
7225 829
7230 829
7235 831
7240 831
7245 827
7250 810
7255 811
7260 877
7265 813
7270 903
7275 816
7280 817
7285 817
7290 816
7295 815
7300 819
7305 817
7310 817
7315 877
7320 900
7325 893
7330 824
7335 822
7340 820
7345 822
7350 826
7355 825
7360 825
7365 955
7370 905
7375 845
7380 922
7385 828
7390 949
7395 826
7400 828
7405 829
7410 850
7415 854
7420 853
7425 856
7430 854
7435 856
7440 887
7445 858
7450 856
7455 860
7460 895
7465 902
7470 839
7475 836
7480 839
7485 839
7490 859
7495 1002
7500 843
7505 845
7510 964
7515 843
7520 848
7525 867
7530 867
7535 868
7540 868
7545 869
7550 870
7555 910
7560 873
7565 875
7570 930
7575 1005
7580 850
7585 851
7590 853
7595 854
7600 858
7605 853
7610 913
7615 899
7620 852
7625 969
7630 891
7635 880
7640 879
7645 917
7650 883
7655 1077
7660 887
7665 1178
7670 1213
7675 1078
7680 913
7685 890
7690 923
7695 889
7700 890
7705 895
7710 891
7715 1032
7720 894
7725 999
7730 920
7735 891
7740 931
7745 970
7750 900
7755 928
7760 896
7765 977
7770 997
7775 895
7780 898
7785 899
7790 901
7795 902
7800 902
7805 904
7810 904
7815 967
7820 903
7825 945
7830 903
7835 1024
7840 944
7845 906
7850 944
7855 909
7860 910
7865 937
7870 910
7875 913
7880 953
7885 916
7890 910
7895 913
7900 917
7905 915
7910 914
7915 914
7920 917
7925 940
7930 920
7935 953
7940 895
7945 988
7950 898
7955 897
7960 899
7965 897
7970 901
7975 902
7980 939
7985 903
7990 993
7995 903
8000 903
8005 902
8010 898
8015 909
8020 906
8025 905
8030 907
8035 906
8040 984
8045 990
8050 1297
8055 1036
8060 1282
8065 1093
8070 959
8075 961
8080 965
8085 960
8090 964
8095 966
8100 984
8105 965
8110 965
8115 966
8120 965
8125 968
8130 968
8135 971
8140 966
8145 969
8150 969
8155 975
8160 974
8165 973
8170 974
8175 985
8180 953
8185 1028
8190 949
8195 953
8200 951
8205 940
8210 973
8215 992
8220 930
8225 990
8230 954
8235 955
8240 955
8245 958
8250 1039
8255 1042
8260 1054
8265 959
8270 959
8275 962
8280 961
8285 961
8290 963
8295 965
8300 1003
8305 965
8310 965
8315 967
8320 964
8325 962
8330 942
8335 943
8340 945
8345 1035
8350 969
8355 1030
8360 947
8365 1071
8370 968
8375 975
8380 958
8385 976
8390 973
8395 1021
8400 974
8405 1033
8410 996
8415 976
8420 974
8425 956
8430 957
8435 958
8440 951
8445 1018
8450 957
8455 1073
8460 960
8465 1078
8470 952
8475 963
8480 962
8485 963
8490 962
8495 962
8500 964
8505 961
8510 1041
8515 1005
8520 966
8525 968
8530 968
8535 967
8540 967
8545 971
8550 969
8555 969
8560 1013
8565 976
8570 1113
8575 976
8580 974
8585 973
8590 974
8595 978
8600 1199
8605 976
8610 1145
8615 1046
8620 1040
8625 1006
8630 1008
8635 1009
8640 1045
8645 1007
8650 1010
8655 1010
8660 1079
8665 986
8670 1104
8675 985
8680 985
8685 1003
8690 988
8695 988
8700 1085
8705 983
8710 1064
8715 1157
8720 1040
8725 1020
8730 1019
8735 1014
8740 994
8745 997
8750 1020
8755 1025
8760 1244
8765 1119
8770 1022
8775 1024
8780 1025
8785 1028
8790 1026
8795 1030
8800 1238
8805 1130
8810 1085
8815 1161
8820 1166
8825 1029
8830 1066
8835 1033
8840 1032
8845 1036
8850 1120
8855 1033
8860 1163
8865 1035
8870 1038
8875 1038
8880 1038
8885 1031
8890 1039
8895 1045
8900 1075
8905 1039
8910 1043
8915 1043
8920 1043
8925 1045
8930 1050
8935 1016
8940 1056
8945 1013
8950 1113
8955 1104
8960 1061
8965 1022
8970 1023
8975 1023
8980 1021
8985 1020
8990 1099
8995 1099
9000 1023
9005 1026
9010 1024
9015 1028
9020 1096
9025 1028
9030 1030
9035 1032
9040 1031
9045 1140
9050 1010
9055 1198
9060 1029
9065 1034
9070 1185
9075 1035
9080 1033
9085 1035
9090 1110
9095 1039
9100 1135
9105 1037
9110 1035
9115 1038
9120 1113
9125 1040
9130 1044
9135 1160
9140 1138
9145 1103
9150 1266
9155 1072
9160 1071
9165 1075
9170 1073
9175 1120
9180 1095
9185 1191
9190 1079
9195 1076
9200 1079
9205 1077
9210 1080
9215 1082
9220 1081
9225 1083
9230 1115
9235 1066
9240 1202
9245 1056
9250 1057
9255 1057
9260 1056
9265 1122
9270 1087
9275 1071
9280 1166
9285 1146
9290 1089
9295 1088
9300 1090
9305 1091
9310 1090
9315 1134
9320 1079
9325 1143
9330 1061
9335 1146
9340 1066
9345 1068
9350 1041
9355 1087
9360 1084
9365 1071
9370 1184
9375 1073
9380 1074
9385 1069
9390 1069
9395 1069
9400 1074
9405 1076
9410 1190
9415 1159
9420 1046
9425 1190
9430 1075
9435 1079
9440 1081
9445 1081
9450 1081
9455 1081
9460 1122
9465 1130
9470 1086
9475 1084
9480 1086
9485 1155
9490 1084
9495 1089
9500 1086
9505 1084
9510 1166
9515 1090
9520 1269
9525 1092
9530 1091
9535 1148
9540 1105
9545 1089
9550 1092
9555 1172
9560 1099
9565 1154
9570 1091
9575 1176
9580 1097
9585 1213
9590 1096
9595 1097
9600 1178
9605 1174
9610 1195
9615 1102
9620 1102
9625 1099
9630 1098
9635 1178
9640 1103
9645 1266
9650 1195
9655 1102
9660 1107
9665 1111
9670 1107
9675 1109
9680 1107
9685 1108
9690 1149
9695 1265
9700 1179
9705 1108
9710 1191
9715 1140
9720 1190
9725 1111
9730 1187
9735 1177
9740 1121
9745 1117
9750 1115
9755 1112
9760 1117
9765 1189
9770 1119
9775 1189
9780 1161
9785 1242
9790 1209
9795 1153
9800 1153
9805 1154
9810 1155
9815 1154
9820 1178
9825 1156
9830 1172
9835 1128
9840 1126
9845 1124
9850 1127
9855 1128
9860 1132
9865 1224
9870 1131
9875 1251
9880 1255
9885 1300
9890 1134
9895 1212
9900 1131
9905 1250
9910 1139
9915 1177
9920 1204
9925 1204
9930 1207
9935 1171
9940 1166
9945 1170
9950 1209
9955 1367
9960 1217
9965 1602
9970 1559
9975 1143
9980 1145
9985 1307
9990 1191
9995 1173
10000 1204
