5 0
10 0
15 0
20 0
25 1
30 1
35 1
40 1
45 2
50 2
55 2
60 3
65 3
70 3
75 3
80 3
85 4
90 4
95 5
100 5
105 5
110 6
115 6
120 6
125 7
130 7
135 7
140 8
145 8
150 9
155 9
160 9
165 10
170 10
175 10
180 10
185 11
190 11
195 12
200 12
205 12
210 13
215 13
220 13
225 13
230 15
235 15
240 15
245 16
250 16
255 16
260 16
265 17
270 17
275 18
280 19
285 18
290 19
295 20
300 20
305 20
310 21
315 21
320 21
325 22
330 42
335 23
340 24
345 25
350 24
355 25
360 25
365 26
370 26
375 26
380 26
385 27
390 28
395 27
400 28
405 29
410 29
415 29
420 30
425 31
430 31
435 32
440 32
445 32
450 33
455 37
460 34
465 35
470 35
475 35
480 36
485 36
490 37
495 37
500 57
505 38
510 38
515 39
520 39
525 40
530 40
535 41
540 41
545 42
550 42
555 43
560 43
565 43
570 79
575 46
580 51
585 53
590 50
595 63
600 47
605 47
610 48
615 49
620 48
625 49
630 49
635 50
640 49
645 51
650 51
655 52
660 51
665 53
670 52
675 53
680 54
685 54
690 54
695 56
700 55
705 57
710 57
715 58
720 57
725 59
730 59
735 60
740 60
745 61
750 60
755 61
760 62
765 82
770 81
775 63
780 64
785 64
790 64
795 65
800 66
805 67
810 67
815 67
820 68
825 69
830 70
835 69
840 69
845 71
850 71
855 72
860 71
865 73
870 74
875 74
880 73
885 75
890 76
895 77
900 75
905 78
910 76
915 78
920 77
925 79
930 80
935 80
940 81
945 82
950 82
955 83
960 83
965 107
970 100
975 84
980 84
985 86
990 85
995 87
1000 90
1005 89
1010 132
1015 111
1020 102
1025 96
1030 97
1035 96
1040 97
1045 96
1050 98
1055 96
1060 98
1065 98
1070 98
1075 112
1080 103
1085 102
1090 102
1095 102
1100 102
1105 103
1110 104
1115 104
1120 104
1125 106
1130 105
1135 108
1140 106
1145 106
1150 107
1155 107
1160 108
1165 110
1170 108
1175 109
1180 109
1185 110
1190 111
1195 111
1200 112
1205 111
1210 113
1215 113
1220 114
1225 114
1230 115
1235 117
1240 113
1245 117
1250 117
1255 117
1260 119
1265 119
1270 117
1275 119
1280 120
1285 122
1290 122
1295 122
1300 123
1305 123
1310 124
1315 124
1320 125
1325 125
1330 126
1335 127
1340 127
1345 128
1350 129
1355 129
1360 130
1365 130
1370 130
1375 131
1380 132
1385 131
1390 133
1395 133
1400 134
1405 134
1410 135
1415 136
1420 136
1425 136
1430 137
1435 138
1440 139
1445 139
1450 140
1455 141
1460 140
1465 144
1470 139
1475 143
1480 140
1485 143
1490 147
1495 145
1500 145
1505 146
1510 147
1515 147
1520 147
1525 149
1530 175
1535 165
1540 152
1545 152
1550 152
1555 153
1560 154
1565 154
1570 154
1575 154
1580 155
1585 154
1590 155
1595 157
1600 158
1605 159
1610 159
1615 159
1620 159
1625 161
1630 161
1635 163
1640 162
1645 161
1650 164
1655 164
1660 165
1665 164
1670 167
1675 183
1680 162
1685 163
1690 184
1695 182
1700 165
1705 166
1710 165
1715 166
1720 166
1725 166
1730 167
1735 168
1740 169
1745 207
1750 170
1755 171
1760 193
1765 191
1770 172
1775 173
1780 174
1785 174
1790 175
1795 175
1800 275
1805 231
1810 178
1815 177
1820 267
1825 242
1830 179
1835 180
1840 180
1845 180
1850 181
1855 182
1860 184
1865 184
1870 183
1875 185
1880 185
1885 187
1890 187
1895 187
1900 187
1905 189
1910 231
1915 263
1920 190
1925 191
1930 191
1935 191
1940 193
1945 193
1950 193
1955 193
1960 194
1965 194
1970 195
1975 195
1980 196
1985 198
1990 236
1995 264
2000 272
2005 198
2010 272
2015 201
2020 202
2025 205
2030 203
2035 203
2040 204
2045 204
2050 204
2055 284
2060 222
2065 209
2070 210
2075 230
2080 264
2085 230
2090 231
2095 276
2100 250
2105 223
2110 219
2115 219
2120 217
2125 250
2130 221
2135 223
2140 225
2145 225
2150 225
2155 224
2160 226
2165 228
2170 231
2175 225
2180 228
2185 237
2190 231
2195 230
2200 232
2205 231
2210 231
2215 232
2220 232
2225 232
2230 236
2235 233
2240 234
2245 238
2250 234
2255 240
2260 239
2265 242
2270 242
2275 241
2280 243
2285 267
2290 243
2295 242
2300 241
2305 242
2310 242
2315 244
2320 247
2325 242
2330 246
2335 247
2340 245
2345 247
2350 246
2355 249
2360 247
2365 247
2370 248
2375 249
2380 250
2385 253
2390 253
2395 254
2400 255
2405 255
2410 254
2415 267
2420 261
2425 254
2430 260
2435 259
2440 265
2445 261
2450 266
2455 304
2460 262
2465 275
2470 263
2475 280
2480 267
2485 277
2490 269
2495 273
2500 268
2505 266
2510 270
2515 267
2520 268
2525 267
2530 270
2535 271
2540 270
2545 271
2550 271
2555 274
2560 271
2565 273
2570 272
2575 274
2580 273
2585 275
2590 276
2595 324
2600 277
2605 278
2610 288
2615 280
2620 283
2625 279
2630 280
2635 279
2640 280
2645 280
2650 280
2655 283
2660 288
2665 291
2670 284
2675 286
2680 286
2685 288
2690 288
2695 287
2700 289
2705 289
2710 291
2715 291
2720 291
2725 292
2730 292
2735 294
2740 296
2745 298
2750 296
2755 296
2760 299
2765 297
2770 336
2775 297
2780 299
2785 298
2790 299
2795 300
2800 302
2805 301
2810 303
2815 301
2820 302
2825 335
2830 304
2835 303
2840 307
2845 307
2850 309
2855 305
2860 313
2865 310
2870 308
2875 309
2880 309
2885 310
2890 311
2895 312
2900 312
2905 311
2910 313
2915 313
2920 316
2925 316
2930 361
2935 317
2940 318
2945 318
2950 318
2955 319
2960 321
2965 321
2970 321
2975 322
2980 323
2985 323
2990 325
2995 326
3000 325
3005 325
3010 333
3015 325
3020 326
3025 327
3030 328
3035 329
3040 328
3045 331
3050 332
3055 344
3060 323
3065 324
3070 324
3075 327
3080 325
3085 462
3090 327
3095 330
3100 327
3105 330
3110 376
3115 349
3120 331
3125 330
3130 332
3135 361
3140 331
3145 332
3150 334
3155 333
3160 336
3165 335
3170 327
3175 336
3180 335
3185 338
3190 336
3195 337
3200 344
3205 436
3210 339
3215 341
3220 344
3225 342
3230 379
3235 345
3240 344
3245 346
3250 344
3255 346
3260 346
3265 347
3270 347
3275 346
3280 349
3285 350
3290 350
3295 351
3300 351
3305 353
3310 374
3315 409
3320 354
3325 353
3330 355
3335 355
3340 355
3345 356
3350 357
3355 429
3360 415
3365 680
3370 522
3375 374
3380 372
3385 374
3390 381
3395 370
3400 372
3405 372
3410 373
3415 374
3420 375
3425 376
3430 367
3435 376
3440 380
3445 380
3450 379
3455 382
3460 380
3465 385
3470 428
3475 395
3480 387
3485 382
3490 384
3495 384
3500 386
3505 386
3510 387
3515 394
3520 389
3525 418
3530 398
3535 413
3540 391
3545 393
3550 391
3555 392
3560 392
3565 394
3570 393
3575 396
3580 396
3585 395
3590 400
3595 396
3600 396
3605 398
3610 398
3615 399
3620 401
3625 401
3630 401
3635 402
3640 403
3645 425
3650 456
3655 404
3660 405
3665 406
3670 407
3675 406
3680 408
3685 396
3690 397
3695 398
3700 396
3705 399
3710 401
3715 401
3720 401
3725 402
3730 402
3735 403
3740 491
3745 406
3750 407
3755 409
3760 401
3765 408
3770 407
3775 407
3780 408
3785 408
3790 409
3795 412
3800 411
3805 410
3810 412
3815 415
3820 413
3825 415
3830 415
3835 416
3840 416
3845 454
3850 418
3855 420
3860 459
3865 420
3870 422
3875 422
3880 420
3885 507
3890 423
3895 422
3900 423
3905 436
3910 414
3915 414
3920 415
3925 417
3930 416
3935 416
3940 417
3945 420
3950 475
3955 488
3960 420
3965 420
3970 420
3975 422
3980 480
3985 423
3990 424
3995 420
4000 423
4005 424
4010 424
4015 426
4020 426
4025 427
4030 417
4035 428
4040 430
4045 430
4050 465
4055 430
4060 420
4065 433
4070 434
4075 433
4080 432
4085 436
4090 489
4095 522
4100 438
4105 437
4110 435
4115 597
4120 438
4125 440
4130 441
4135 488
4140 442
4145 439
4150 442
4155 441
4160 443
4165 444
4170 446
4175 445
4180 445
4185 446
4190 483
4195 444
4200 445
4205 518
4210 460
4215 463
4220 475
4225 482
4230 471
4235 450
4240 450
4245 450
4250 452
4255 453
4260 455
4265 531
4270 455
4275 455
4280 457
4285 457
4290 457
4295 459
4300 458
4305 459
4310 481
4315 614
4320 462
4325 460
4330 547
4335 497
4340 465
4345 464
4350 463
4355 467
4360 467
4365 466
4370 467
4375 467
4380 467
4385 468
4390 503
4395 469
4400 472
4405 472
4410 470
4415 533
4420 471
4425 473
4430 465
4435 474
4440 474
4445 474
4450 552
4455 493
4460 492
4465 494
4470 576
4475 479
4480 480
4485 480
4490 480
4495 480
4500 650
4505 482
4510 482
4515 484
4520 570
4525 497
4530 501
4535 563
4540 523
4545 501
4550 500
4555 504
4560 503
4565 503
4570 503
4575 503
4580 502
4585 506
4590 505
4595 506
4600 507
4605 508
4610 519
4615 565
4620 497
4625 497
4630 648
4635 668
4640 498
4645 499
4650 499
4655 503
4660 492
4665 501
4670 503
4675 503
4680 559
4685 506
4690 527
4695 527
4700 548
4705 520
4710 522
4715 522
4720 521
4725 522
4730 593
4735 521
4740 524
4745 523
4750 526
4755 527
4760 526
4765 525
4770 531
4775 529
4780 527
4785 528
4790 533
4795 529
4800 530
4805 576
4810 533
4815 534
4820 532
4825 533
4830 534
4835 535
4840 537
4845 580
4850 538
4855 539
4860 541
4865 539
4870 540
4875 549
4880 528
4885 528
4890 529
4895 527
4900 591
4905 530
4910 529
4915 634
4920 616
4925 534
4930 533
4935 534
4940 535
4945 536
4950 536
4955 537
4960 525
4965 539
4970 539
4975 537
4980 557
4985 603
4990 592
4995 556
5000 556
5005 545
5010 542
5015 546
5020 546
5025 543
5030 544
5035 595
5040 547
5045 548
5050 548
5055 549
5060 551
5065 549
5070 553
5075 550
5080 636
5085 551
5090 552
5095 551
5100 700
5105 556
5110 555
5115 659
5120 570
5125 614
5130 572
5135 569
5140 573
5145 573
5150 573
5155 575
5160 575
5165 608
5170 592
5175 576
5180 650
5185 579
5190 580
5195 579
5200 581
5205 580
5210 586
5215 645
5220 565
5225 569
5230 567
5235 568
5240 570
5245 570
5250 571
5255 654
5260 573
5265 572
5270 732
5275 575
5280 572
5285 575
5290 576
5295 574
5300 652
5305 578
5310 579
5315 579
5320 579
5325 581
5330 580
5335 581
5340 647
5345 599
5350 595
5355 613
5360 585
5365 661
5370 586
5375 585
5380 585
5385 587
5390 589
5395 586
5400 589
5405 590
5410 591
5415 590
5420 613
5425 652
5430 594
5435 594
5440 721
5445 596
5450 593
5455 596
5460 596
5465 599
5470 662
5475 613
5480 613
5485 614
5490 642
5495 617
5500 600
5505 725
5510 603
5515 697
5520 604
5525 679
5530 622
5535 624
5540 623
5545 625
5550 623
5555 626
5560 623
5565 621
5570 624
5575 626
5580 626
5585 629
5590 631
5595 630
5600 732
5605 613
5610 614
5615 616
5620 615
5625 618
5630 616
5635 620
5640 616
5645 620
5650 619
5655 618
5660 621
5665 713
5670 622
5675 664
5680 621
5685 625
5690 627
5695 626
5700 626
5705 627
5710 627
5715 628
5720 628
5725 630
5730 686
5735 646
5740 668
5745 669
5750 652
5755 685
5760 715
5765 734
5770 752
5775 725
5780 840
5785 801
5790 752
5795 802
5800 676
5805 643
5810 736
5815 657
5820 661
5825 657
5830 661
5835 660
5840 659
5845 658
5850 660
5855 661
5860 796
5865 694
5870 731
5875 710
5880 712
5885 670
5890 685
5895 686
5900 700
5905 686
5910 689
5915 685
5920 687
5925 688
5930 691
5935 693
5940 688
5945 691
5950 794
5955 679
5960 677
5965 677
5970 711
5975 713
5980 723
5985 755
5990 677
5995 679
6000 677
6005 681
6010 683
6015 682
6020 687
6025 683
6030 687
6035 686
6040 687
6045 805
6050 711
6055 686
6060 686
6065 688
6070 689
6075 690
6080 692
6085 692
6090 674
6095 671
6100 746
6105 676
6110 677
6115 676
6120 678
6125 678
6130 661
6135 682
6140 679
6145 681
6150 680
6155 682
6160 682
6165 684
6170 827
6175 764
6180 680
6185 686
6190 848
6195 687
6200 688
6205 687
6210 766
6215 745
6220 716
6225 709
6230 709
6235 710
6240 709
6245 751
6250 712
6255 798
6260 711
6265 713
6270 712
6275 715
6280 715
6285 718
6290 699
6295 696
6300 698
6305 699
6310 699
6315 759
6320 952
6325 745
6330 727
6335 734
6340 700
6345 740
6350 737
6355 724
6360 723
6365 728
6370 726
6375 728
6380 754
6385 785
6390 726
6395 732
6400 730
6405 733
6410 730
6415 730
6420 715
6425 714
6430 713
6435 714
6440 714
6445 716
6450 783
6455 719
6460 716
6465 881
6470 719
6475 722
6480 721
6485 720
6490 722
6495 762
6500 721
6505 722
6510 723
6515 724
6520 805
6525 724
6530 923
6535 748
6540 824
6545 1025
6550 1127
6555 770
6560 769
6565 773
6570 774
6575 775
6580 773
6585 771
6590 773
6595 1011
6600 773
6605 773
6610 777
6615 776
6620 777
6625 777
6630 787
6635 783
6640 779
6645 781
6650 779
6655 796
6660 761
6665 766
6670 765
6675 839
6680 765
6685 801
6690 767
6695 766
6700 768
6705 768
6710 811
6715 770
6720 832
6725 792
6730 771
6735 770
6740 771
6745 771
6750 773
6755 776
6760 773
6765 776
6770 775
6775 845
6780 761
6785 756
6790 757
6795 758
6800 777
6805 794
6810 762
6815 757
6820 835
6825 833
6830 760
6835 762
6840 890
6845 765
6850 930
6855 764
6860 763
6865 767
6870 767
6875 787
6880 771
6885 768
6890 769
6895 771
6900 865
6905 774
6910 765
6915 772
6920 771
6925 773
6930 774
6935 832
6940 832
6945 773
6950 776
6955 776
6960 780
6965 841
6970 781
6975 778
6980 914
6985 916
6990 781
6995 780
7000 858
7005 782
7010 784
7015 782
7020 817
7025 806
7030 846
7035 808
7040 807
7045 809
7050 846
7055 812
7060 808
7065 812
7070 811
7075 821
7080 858
7085 869
7090 872
7095 781
7100 842
7105 813
7110 793
7115 796
7120 795
7125 798
7130 799
7135 831
7140 817
7145 856
7150 840
7155 823
7160 822
7165 823
7170 819
7175 825
7180 823
7185 828
7190 833
7195 805
7200 805
7205 807
7210 812
7215 884
7220 809
7225 931
7230 811
7235 887
7240 811
7245 813
7250 813
7255 815
7260 814
7265 813
7270 813
7275 882
7280 814
7285 817
7290 817
7295 841
7300 837
7305 819
7310 880
7315 874
7320 947
7325 919
7330 968
7335 894
7340 823
7345 955
7350 827
7355 824
7360 854
7365 847
7370 886
7375 851
7380 849
7385 851
7390 955
7395 849
7400 910
7405 851
7410 871
7415 853
7420 853
7425 854
7430 856
7435 858
7440 856
7445 858
7450 908
7455 843
7460 947
7465 860
7470 863
7475 862
7480 864
7485 860
7490 862
7495 865
7500 842
7505 903
7510 866
7515 868
7520 863
7525 863
7530 846
7535 846
7540 849
7545 1002
7550 849
7555 851
7560 849
7565 929
7570 855
7575 923
7580 872
7585 854
7590 854
7595 856
7600 856
7605 856
7610 860
7615 857
7620 857
7625 945
7630 860
7635 857
7640 921
7645 859
7650 858
7655 861
7660 866
7665 864
7670 919
7675 865
7680 946
7685 980
7690 963
7695 863
7700 863
7705 866
7710 870
7715 870
7720 868
7725 870
7730 870
7735 1052
7740 874
7745 878
7750 874
7755 873
7760 875
7765 874
7770 873
7775 875
7780 958
7785 879
7790 906
7795 1035
7800 878
7805 963
7810 883
7815 882
7820 881
7825 960
7830 959
7835 884
7840 887
7845 911
7850 1029
7855 910
7860 909
7865 910
7870 912
7875 914
7880 910
7885 912
7890 912
7895 913
7900 893
7905 969
7910 890
7915 975
7920 894
7925 896
7930 896
7935 896
7940 951
7945 991
7950 922
7955 1031
7960 927
7965 921
7970 922
7975 925
7980 923
7985 1000
7990 925
7995 929
8000 905
8005 905
8010 1010
8015 922
8020 906
8025 1057
8030 909
8035 907
8040 906
8045 909
8050 909
8055 909
8060 983
8065 973
8070 1059
8075 891
8080 917
8085 913
8090 954
8095 916
8100 915
8105 912
8110 919
8115 918
8120 989
8125 1019
8130 1005
8135 918
8140 923
8145 918
8150 919
8155 964
8160 923
8165 923
8170 1010
8175 985
8180 925
8185 926
8190 922
8195 1024
8200 943
8205 927
8210 929
8215 933
8220 931
8225 971
8230 960
8235 952
8240 1034
8245 930
8250 935
8255 933
8260 1120
8265 937
8270 931
8275 936
8280 1020
8285 940
8290 939
8295 939
8300 938
8305 945
8310 1017
8315 942
8320 1016
8325 943
8330 1022
8335 947
8340 1077
8345 1004
8350 971
8355 970
8360 969
8365 970
8370 972
8375 976
8380 972
8385 1024
8390 980
8395 973
8400 950
8405 951
8410 951
8415 991
8420 954
8425 957
8430 972
8435 1047
8440 1032
8445 1077
8450 959
8455 957
8460 960
8465 961
8470 960
8475 960
8480 964
8485 1078
8490 964
8495 944
8500 1037
8505 965
8510 966
8515 1094
8520 968
8525 967
8530 968
8535 971
8540 1106
8545 1009
8550 1010
8555 971
8560 1046
8565 971
8570 974
8575 976
8580 973
8585 975
8590 1184
8595 1033
8600 977
8605 1041
8610 1145
8615 1098
8620 1258
8625 1238
8630 1212
8635 1009
8640 1087
8645 1012
8650 1008
8655 1047
8660 1152
8665 1008
8670 1082
8675 1039
8680 1053
8685 1041
8690 1041
8695 1039
8700 1040
8705 1028
8710 1041
8715 1055
8720 1048
8725 1016
8730 1056
8735 1020
8740 1202
8745 1018
8750 1024
8755 1022
8760 1021
8765 1027
8770 1096
8775 1067
8780 1023
8785 1102
8790 1027
8795 1067
8800 1068
8805 1115
8810 1032
8815 1029
8820 1030
8825 1116
8830 1030
8835 1116
8840 1033
8845 1034
8850 1045
8855 1010
8860 1062
8865 1010
8870 1010
8875 1101
8880 1011
8885 1008
8890 1085
8895 1089
8900 1054
8905 1038
8910 1041
8915 1042
8920 1078
8925 1041
8930 1149
8935 1043
8940 1046
8945 1021
8950 1019
8955 1016
8960 1018
8965 1024
8970 1102
8975 1110
8980 1064
8985 1021
8990 1035
8995 1027
9000 1026
9005 1027
9010 1025
9015 1026
9020 1094
9025 1030
9030 1078
9035 1030
9040 1029
9045 1034
9050 1033
9055 1007
9060 1032
9065 1109
9070 1035
9075 1052
9080 1035
9085 1038
9090 1081
9095 1037
9100 1013
9105 1037
9110 1040
9115 1157
9120 1065
9125 1128
9130 1070
9135 1069
9140 1068
9145 1068
9150 1070
9155 1073
9160 1091
9165 1076
9170 1066
9175 1047
9180 1047
9185 1048
9190 1051
9195 1049
9200 1046
9205 1084
9210 1125
9215 1053
9220 1146
9225 1050
9230 1055
9235 1054
9240 1052
9245 1213
9250 1075
9255 1272
9260 1087
9265 1087
9270 1089
9275 1088
9280 1085
9285 1088
9290 1085
9295 1148
9300 1141
9305 1059
9310 1269
9315 1064
9320 1066
9325 1061
9330 1066
9335 1184
9340 1146
9345 1104
9350 1098
9355 1098
9360 1096
9365 1098
9370 1119
9375 1101
9380 1086
9385 1094
9390 1110
9395 1090
9400 1095
9405 1188
9410 1074
9415 1078
9420 1079
9425 1077
9430 1080
9435 1138
9440 1179
9445 1238
9450 1081
9455 1082
9460 1130
9465 1120
9470 1127
9475 1111
9480 1111
9485 1158
9490 1119
9495 1242
9500 1117
9505 1118
9510 1128
9515 1088
9520 1109
9525 1106
9530 1165
9535 1178
9540 1092
9545 1093
9550 1093
9555 1200
9560 1216
9565 1091
9570 1095
9575 1134
9580 1117
9585 1142
9590 1097
9595 1100
9600 1223
9605 1101
9610 1098
9615 1102
9620 1154
9625 1104
9630 1105
9635 1106
9640 1106
9645 1105
9650 1106
9655 1107
9660 1106
9665 1190
9670 1534
9675 1189
9680 1183
9685 1175
9690 1170
9695 1173
9700 1174
9705 1360
9710 1213
9715 1172
9720 1160
9725 1178
9730 1146
9735 1146
9740 1145
9745 1209
9750 1265
9755 1301
9760 1150
9765 1152
9770 1149
9775 1153
9780 1153
9785 1153
9790 1224
9795 1229
9800 1143
9805 1164
9810 1127
9815 1128
9820 1130
9825 1152
9830 1129
9835 1203
9840 1129
9845 1221
9850 1131
9855 1172
9860 1132
9865 1288
9870 1657
9875 1216
9880 1164
9885 1170
9890 1167
9895 1166
9900 1165
9905 1168
9910 1373
9915 1267
9920 1233
9925 1171
9930 1174
9935 1175
9940 1171
9945 1252
9950 1218
9955 1179
9960 1177
9965 1175
9970 1176
9975 1178
9980 1177
9985 1175
9990 1176
9995 1179
10000 1184
