5 0
10 0
15 0
20 1
25 1
30 1
35 1
40 2
45 2
50 2
55 2
60 3
65 3
70 3
75 3
80 4
85 4
90 4
95 5
100 5
105 5
110 5
115 6
120 6
125 7
130 7
135 7
140 8
145 8
150 9
155 9
160 9
165 9
170 10
175 10
180 11
185 11
190 11
195 12
200 12
205 12
210 12
215 13
220 14
225 14
230 14
235 14
240 15
245 16
250 16
255 16
260 17
265 21
270 44
275 18
280 18
285 18
290 19
295 19
300 19
305 20
310 20
315 21
320 21
325 22
330 22
335 22
340 23
345 24
350 24
355 24
360 25
365 25
370 25
375 26
380 27
385 27
390 28
395 28
400 28
405 29
410 29
415 29
420 30
425 30
430 31
435 32
440 32
445 32
450 33
455 51
460 60
465 35
470 52
475 36
480 36
485 35
490 36
495 37
500 37
505 38
510 38
515 39
520 39
525 40
530 40
535 41
540 40
545 42
550 42
555 43
560 43
565 43
570 44
575 45
580 45
585 45
590 46
595 47
600 47
605 47
610 48
615 48
620 49
625 50
630 50
635 50
640 51
645 51
650 51
655 52
660 52
665 53
670 53
675 55
680 55
685 55
690 55
695 55
700 56
705 57
710 57
715 58
720 58
725 59
730 60
735 60
740 60
745 61
750 62
755 62
760 62
765 62
770 64
775 64
780 64
785 65
790 66
795 66
800 66
805 66
810 67
815 68
820 69
825 105
830 69
835 70
840 70
845 71
850 72
855 72
860 73
865 72
870 74
875 74
880 74
885 76
890 75
895 77
900 76
905 78
910 78
915 79
920 79
925 80
930 79
935 81
940 81
945 82
950 82
955 82
960 84
965 84
970 85
975 85
980 84
985 86
990 123
995 88
1000 88
1005 89
1010 89
1015 90
1020 90
1025 90
1030 91
1035 111
1040 146
1045 122
1050 99
1055 97
1060 97
1065 98
1070 95
1075 99
1080 99
1085 99
1090 100
1095 106
1100 103
1105 101
1110 100
1115 102
1120 103
1125 103
1130 104
1135 104
1140 105
1145 105
1150 106
1155 106
1160 107
1165 108
1170 106
1175 109
1180 107
1185 109
1190 125
1195 108
1200 109
1205 109
1210 110
1215 111
1220 111
1225 111
1230 112
1235 113
1240 114
1245 114
1250 115
1255 132
1260 116
1265 119
1270 120
1275 120
1280 121
1285 122
1290 121
1295 122
1300 123
1305 123
1310 123
1315 124
1320 125
1325 126
1330 126
1335 126
1340 128
1345 128
1350 130
1355 129
1360 129
1365 130
1370 130
1375 131
1380 131
1385 132
1390 133
1395 133
1400 130
1405 134
1410 135
1415 136
1420 137
1425 137
1430 135
1435 138
1440 139
1445 141
1450 140
1455 140
1460 142
1465 141
1470 143
1475 142
1480 143
1485 143
1490 144
1495 145
1500 145
1505 146
1510 152
1515 146
1520 148
1525 147
1530 148
1535 150
1540 147
1545 150
1550 151
1555 151
1560 152
1565 152
1570 153
1575 154
1580 156
1585 162
1590 151
1595 152
1600 152
1605 152
1610 154
1615 155
1620 153
1625 155
1630 156
1635 155
1640 155
1645 158
1650 158
1655 158
1660 159
1665 160
1670 160
1675 161
1680 161
1685 162
1690 161
1695 163
1700 164
1705 164
1710 166
1715 165
1720 166
1725 168
1730 168
1735 167
1740 170
1745 186
1750 250
1755 190
1760 173
1765 210
1770 243
1775 209
1780 173
1785 174
1790 175
1795 174
1800 176
1805 176
1810 175
1815 177
1820 177
1825 178
1830 179
1835 179
1840 178
1845 180
1850 180
1855 181
1860 181
1865 221
1870 218
1875 184
1880 185
1885 185
1890 184
1895 184
1900 187
1905 187
1910 188
1915 189
1920 189
1925 190
1930 190
1935 190
1940 191
1945 191
1950 192
1955 193
1960 268
1965 193
1970 194
1975 194
1980 196
1985 197
1990 197
1995 197
2000 197
2005 198
2010 201
2015 200
2020 200
2025 200
2030 202
2035 221
2040 202
2045 240
2050 260
2055 247
2060 263
2065 227
2070 249
2075 283
2080 247
2085 232
2090 215
2095 229
2100 210
2105 210
2110 212
2115 211
2120 211
2125 212
2130 214
2135 213
2140 216
2145 243
2150 242
2155 232
2160 231
2165 223
2170 318
2175 228
2180 228
2185 229
2190 228
2195 234
2200 229
2205 230
2210 230
2215 233
2220 232
2225 230
2230 225
2235 231
2240 233
2245 233
2250 233
2255 233
2260 235
2265 236
2270 234
2275 236
2280 236
2285 237
2290 238
2295 240
2300 242
2305 243
2310 243
2315 242
2320 246
2325 249
2330 250
2335 246
2340 246
2345 245
2350 246
2355 245
2360 249
2365 249
2370 250
2375 251
2380 253
2385 252
2390 320
2395 254
2400 253
2405 254
2410 254
2415 251
2420 253
2425 254
2430 255
2435 256
2440 260
2445 255
2450 256
2455 287
2460 259
2465 261
2470 255
2475 259
2480 262
2485 262
2490 264
2495 263
2500 263
2505 264
2510 287
2515 268
2520 267
2525 269
2530 267
2535 267
2540 267
2545 268
2550 268
2555 271
2560 274
2565 274
2570 273
2575 272
2580 273
2585 273
2590 274
2595 274
2600 277
2605 276
2610 278
2615 276
2620 277
2625 279
2630 278
2635 279
2640 280
2645 284
2650 288
2655 284
2660 287
2665 283
2670 285
2675 286
2680 285
2685 285
2690 286
2695 288
2700 288
2705 287
2710 286
2715 287
2720 290
2725 289
2730 293
2735 290
2740 320
2745 291
2750 292
2755 294
2760 295
2765 296
2770 297
2775 307
2780 306
2785 300
2790 303
2795 304
2800 304
2805 324
2810 303
2815 302
2820 304
2825 302
2830 305
2835 305
2840 309
2845 310
2850 306
2855 306
2860 306
2865 307
2870 308
2875 309
2880 308
2885 313
2890 310
2895 311
2900 312
2905 317
2910 315
2915 314
2920 320
2925 313
2930 315
2935 319
2940 316
2945 318
2950 318
2955 319
2960 344
2965 321
2970 321
2975 322
2980 321
2985 321
2990 322
2995 323
3000 324
3005 323
3010 325
3015 324
3020 326
3025 324
3030 328
3035 326
3040 327
3045 329
3050 329
3055 330
3060 329
3065 332
3070 334
3075 333
3080 331
3085 381
3090 335
3095 337
3100 338
3105 337
3110 337
3115 348
3120 337
3125 339
3130 340
3135 339
3140 339
3145 343
3150 342
3155 342
3160 342
3165 335
3170 344
3175 344
3180 346
3185 347
3190 345
3195 346
3200 348
3205 349
3210 348
3215 357
3220 341
3225 342
3230 367
3235 356
3240 345
3245 343
3250 345
3255 345
3260 347
3265 347
3270 348
3275 348
3280 348
3285 351
3290 342
3295 349
3300 350
3305 351
3310 352
3315 353
3320 354
3325 354
3330 355
3335 354
3340 354
3345 356
3350 356
3355 357
3360 358
3365 359
3370 359
3375 435
3380 360
3385 356
3390 361
3395 362
3400 425
3405 415
3410 363
3415 365
3420 365
3425 363
3430 367
3435 365
3440 366
3445 368
3450 359
3455 369
3460 370
3465 368
3470 371
3475 377
3480 363
3485 364
3490 364
3495 364
3500 364
3505 365
3510 442
3515 366
3520 366
3525 368
3530 369
3535 367
3540 370
3545 369
3550 368
3555 450
3560 372
3565 373
3570 372
3575 374
3580 374
3585 450
3590 375
3595 377
3600 378
3605 375
3610 378
3615 379
3620 376
3625 378
3630 381
3635 381
3640 464
3645 391
3650 383
3655 393
3660 393
3665 436
3670 397
3675 396
3680 397
3685 402
3690 387
3695 462
3700 378
3705 389
3710 380
3715 459
3720 382
3725 392
3730 429
3735 392
3740 392
3745 393
3750 393
3755 394
3760 386
3765 479
3770 397
3775 396
3780 387
3785 398
3790 400
3795 398
3800 401
3805 400
3810 402
3815 401
3820 404
3825 404
3830 404
3835 405
3840 405
3845 405
3850 408
3855 408
3860 481
3865 409
3870 424
3875 510
3880 409
3885 527
3890 493
3895 412
3900 412
3905 412
3910 473
3915 484
3920 414
3925 413
3930 442
3935 480
3940 461
3945 587
3950 533
3955 503
3960 601
3965 543
3970 511
3975 473
3980 466
3985 519
3990 434
3995 435
4000 485
4005 471
4010 436
4015 436
4020 439
4025 438
4030 466
4035 451
4040 453
4045 455
4050 453
4055 454
4060 456
4065 456
4070 456
4075 456
4080 458
4085 457
4090 459
4095 458
4100 458
4105 488
4110 461
4115 470
4120 460
4125 463
4130 474
4135 454
4140 453
4145 451
4150 453
4155 496
4160 479
4165 453
4170 456
4175 458
4180 458
4185 456
4190 457
4195 459
4200 532
4205 460
4210 459
4215 460
4220 462
4225 463
4230 486
4235 484
4240 451
4245 452
4250 453
4255 455
4260 454
4265 456
4270 457
4275 459
4280 459
4285 459
4290 459
4295 497
4300 521
4305 510
4310 474
4315 517
4320 487
4325 512
4330 493
4335 534
4340 662
4345 566
4350 521
4355 490
4360 492
4365 491
4370 492
4375 493
4380 495
4385 495
4390 494
4395 496
4400 494
4405 503
4410 497
4415 501
4420 499
4425 501
4430 501
4435 503
4440 502
4445 503
4450 504
4455 503
4460 502
4465 505
4470 505
4475 507
4480 508
4485 508
4490 512
4495 508
4500 504
4505 510
4510 510
4515 517
4520 530
4525 703
4530 499
4535 538
4540 501
4545 501
4550 504
4555 501
4560 502
4565 502
4570 505
4575 504
4580 506
4585 507
4590 507
4595 508
4600 609
4605 509
4610 510
4615 570
4620 512
4625 510
4630 512
4635 513
4640 513
4645 513
4650 531
4655 513
4660 515
4665 516
4670 504
4675 515
4680 517
4685 540
4690 517
4695 579
4700 520
4705 524
4710 520
4715 609
4720 523
4725 523
4730 523
4735 524
4740 523
4745 583
4750 546
4755 525
4760 527
4765 528
4770 528
4775 529
4780 530
4785 562
4790 568
4795 533
4800 532
4805 525
4810 535
4815 533
4820 534
4825 577
4830 537
4835 537
4840 538
4845 536
4850 539
4855 567
4860 583
4865 537
4870 549
4875 530
4880 528
4885 584
4890 524
4895 533
4900 656
4905 602
4910 555
4915 550
4920 549
4925 556
4930 535
4935 535
4940 535
4945 536
4950 536
4955 552
4960 552
4965 590
4970 553
4975 557
4980 554
4985 555
4990 557
4995 556
5000 557
5005 555
5010 558
5015 560
5020 558
5025 560
5030 562
5035 599
5040 567
5045 569
5050 582
5055 550
5060 571
5065 611
5070 550
5075 552
5080 730
5085 555
5090 555
5095 556
5100 555
5105 593
5110 555
5115 557
5120 558
5125 558
5130 558
5135 561
5140 626
5145 561
5150 706
5155 580
5160 575
5165 576
5170 621
5175 562
5180 566
5185 566
5190 564
5195 565
5200 567
5205 566
5210 566
5215 568
5220 569
5225 567
5230 570
5235 622
5240 588
5245 646
5250 573
5255 718
5260 574
5265 575
5270 574
5275 576
5280 576
5285 575
5290 579
5295 576
5300 580
5305 660
5310 592
5315 596
5320 633
5325 627
5330 764
5335 582
5340 584
5345 582
5350 584
5355 582
5360 585
5365 600
5370 601
5375 601
5380 603
5385 602
5390 604
5395 597
5400 603
5405 642
5410 605
5415 608
5420 693
5425 609
5430 611
5435 608
5440 616
5445 596
5450 597
5455 670
5460 614
5465 612
5470 627
5475 599
5480 598
5485 673
5490 601
5495 600
5500 603
5505 661
5510 602
5515 675
5520 606
5525 603
5530 604
5535 609
5540 602
5545 606
5550 609
5555 610
5560 611
5565 723
5570 627
5575 612
5580 632
5585 758
5590 633
5595 628
5600 628
5605 633
5610 649
5615 635
5620 633
5625 710
5630 632
5635 634
5640 636
5645 686
5650 635
5655 635
5660 637
5665 639
5670 685
5675 623
5680 620
5685 623
5690 626
5695 631
5700 664
5705 643
5710 642
5715 686
5720 649
5725 670
5730 630
5735 650
5740 742
5745 629
5750 670
5755 761
5760 633
5765 634
5770 634
5775 634
5780 636
5785 634
5790 636
5795 637
5800 713
5805 638
5810 641
5815 699
5820 641
5825 639
5830 638
5835 641
5840 641
5845 642
5850 643
5855 642
5860 682
5865 647
5870 647
5875 780
5880 663
5885 665
5890 809
5895 647
5900 648
5905 650
5910 651
5915 650
5920 651
5925 652
5930 654
5935 655
5940 654
5945 655
5950 877
5955 655
5960 661
5965 659
5970 657
5975 658
5980 659
5985 657
5990 729
5995 678
6000 676
6005 689
6010 662
6015 663
6020 687
6025 749
6030 667
6035 665
6040 747
6045 685
6050 685
6055 723
6060 671
6065 669
6070 670
6075 671
6080 677
6085 670
6090 669
6095 671
6100 729
6105 675
6110 677
6115 673
6120 697
6125 786
6130 713
6135 676
6140 676
6145 678
6150 681
6155 681
6160 682
6165 681
6170 700
6175 779
6180 705
6185 738
6190 703
6195 686
6200 685
6205 706
6210 687
6215 749
6220 705
6225 708
6230 710
6235 706
6240 708
6245 713
6250 710
6255 711
6260 709
6265 711
6270 712
6275 709
6280 713
6285 713
6290 729
6295 695
6300 814
6305 866
6310 890
6315 699
6320 940
6325 1154
6330 838
6335 825
6340 701
6345 716
6350 722
6355 720
6360 706
6365 875
6370 792
6375 845
6380 726
6385 827
6390 761
6395 730
6400 726
6405 762
6410 758
6415 751
6420 751
6425 754
6430 751
6435 751
6440 757
6445 752
6450 810
6455 754
6460 755
6465 755
6470 762
6475 737
6480 821
6485 740
6490 740
6495 741
6500 741
6505 823
6510 741
6515 732
6520 744
6525 777
6530 780
6535 747
6540 744
6545 746
6550 747
6555 748
6560 747
6565 877
6570 788
6575 752
6580 789
6585 838
6590 750
6595 754
6600 753
6605 754
6610 756
6615 750
6620 757
6625 757
6630 738
6635 831
6640 755
6645 761
6650 763
6655 759
6660 759
6665 761
6670 760
6675 761
6680 764
6685 762
6690 763
6695 766
6700 790
6705 810
6710 770
6715 864
6720 785
6725 769
6730 807
6735 750
6740 751
6745 754
6750 750
6755 826
6760 753
6765 776
6770 778
6775 755
6780 756
6785 756
6790 757
6795 759
6800 831
6805 778
6810 824
6815 796
6820 761
6825 761
6830 968
6835 844
6840 791
6845 848
6850 783
6855 783
6860 766
6865 786
6870 786
6875 787
6880 790
6885 791
6890 793
6895 837
6900 788
6905 772
6910 773
6915 771
6920 773
6925 774
6930 775
6935 887
6940 773
6945 776
6950 777
6955 774
6960 895
6965 777
6970 937
6975 776
6980 778
6985 823
6990 782
6995 757
7000 784
7005 784
7010 783
7015 783
7020 850
7025 786
7030 790
7035 786
7040 789
7045 791
7050 786
7055 790
7060 792
7065 790
7070 789
7075 793
7080 774
7085 874
7090 792
7095 816
7100 866
7105 797
7110 797
7115 845
7120 798
7125 796
7130 799
7135 799
7140 876
7145 876
7150 802
7155 792
7160 802
7165 802
7170 801
7175 802
7180 891
7185 807
7190 807
7195 803
7200 807
7205 807
7210 887
7215 810
7220 936
7225 811
7230 811
7235 810
7240 811
7245 811
7250 811
7255 816
7260 812
7265 814
7270 890
7275 890
7280 820
7285 816
7290 841
7295 821
7300 819
7305 819
7310 821
7315 821
7320 823
7325 822
7330 955
7335 824
7340 886
7345 858
7350 824
7355 823
7360 827
7365 827
7370 827
7375 908
7380 850
7385 941
7390 939
7395 830
7400 832
7405 914
7410 890
7415 905
7420 865
7425 855
7430 858
7435 856
7440 857
7445 856
7450 898
7455 858
7460 972
7465 857
7470 861
7475 914
7480 839
7485 839
7490 839
7495 840
7500 940
7505 918
7510 845
7515 842
7520 844
7525 844
7530 845
7535 846
7540 1073
7545 846
7550 847
7555 922
7560 849
7565 1016
7570 887
7575 997
7580 915
7585 874
7590 873
7595 876
7600 874
7605 874
7610 915
7615 875
7620 918
7625 877
7630 878
7635 971
7640 1151
7645 858
7650 857
7655 861
7660 859
7665 861
7670 880
7675 938
7680 862
7685 973
7690 891
7695 959
7700 887
7705 890
7710 887
7715 893
7720 890
7725 893
7730 928
7735 893
7740 887
7745 1010
7750 960
7755 1039
7760 874
7765 875
7770 870
7775 873
7780 876
7785 991
7790 906
7795 952
7800 960
7805 902
7810 903
7815 900
7820 901
7825 934
7830 945
7835 908
7840 944
7845 908
7850 955
7855 883
7860 884
7865 887
7870 887
7875 889
7880 995
7885 887
7890 892
7895 964
7900 929
7905 930
7910 970
7915 889
7920 892
7925 889
7930 893
7935 968
7940 896
7945 998
7950 958
7955 918
7960 923
7965 924
7970 922
7975 922
7980 921
7985 925
7990 924
7995 932
8000 900
8005 970
8010 901
8015 999
8020 924
8025 905
8030 985
8035 962
8040 906
8045 924
8050 934
8055 930
8060 970
8065 933
8070 971
8075 936
8080 937
8085 934
8090 937
8095 950
8100 911
8105 1155
8110 972
8115 969
8120 918
8125 1086
8130 917
8135 918
8140 918
8145 941
8150 987
8155 944
8160 947
8165 984
8170 946
8175 949
8180 946
8185 950
8190 950
8195 1063
8200 925
8205 928
8210 965
8215 927
8220 1001
8225 931
8230 1056
8235 929
8240 926
8245 928
8250 930
8255 931
8260 933
8265 933
8270 975
8275 950
8280 1036
8285 937
8290 936
8295 940
8300 936
8305 937
8310 940
8315 937
8320 941
8325 1016
8330 1241
8335 1178
8340 942
8345 982
8350 970
8355 970
8360 969
8365 972
8370 973
8375 1053
8380 974
8385 974
8390 983
8395 949
8400 950
8405 952
8410 1072
8415 954
8420 1035
8425 1017
8430 951
8435 985
8440 988
8445 953
8450 956
8455 955
8460 955
8465 957
8470 959
8475 959
8480 1050
8485 958
8490 962
8495 960
8500 964
8505 962
8510 964
8515 962
8520 1043
8525 963
8530 1138
8535 964
8540 1096
8545 970
8550 998
8555 1071
8560 1032
8565 1033
8570 968
8575 1048
8580 1048
8585 1013
8590 1082
8595 1039
8600 1050
8605 1003
8610 1001
8615 1000
8620 1077
8625 1002
8630 1044
8635 1001
8640 1062
8645 1009
8650 1023
8655 1007
8660 1005
8665 1007
8670 1011
8675 1092
8680 1064
8685 985
8690 985
8695 1135
8700 986
8705 989
8710 987
8715 989
8720 988
8725 992
8730 1066
8735 990
8740 1152
8745 991
8750 993
8755 993
8760 996
8765 997
8770 996
8775 996
8780 1110
8785 1036
8790 1041
8795 998
8800 999
8805 1065
8810 1027
8815 1019
8820 1064
8825 1003
8830 1057
8835 1025
8840 1145
8845 1004
8850 1005
8855 1006
8860 1007
8865 1040
8870 1007
8875 1062
8880 1084
8885 1097
8890 1008
8895 1008
8900 1040
8905 1088
8910 1010
8915 1013
8920 1017
8925 1093
8930 1055
8935 1166
8940 1014
8945 1016
8950 1018
8955 1016
8960 1020
8965 1021
8970 1166
8975 1102
8980 1156
8985 1571
8990 1406
8995 1106
9000 1075
9005 1077
9010 1078
9015 1091
9020 1095
9025 1128
9030 1091
9035 1088
9040 1088
9045 1073
9050 1089
9055 1098
9060 1094
9065 1088
9070 1089
9075 1092
9080 1118
9085 1088
9090 1093
9095 1103
9100 1096
9105 1106
9110 1094
9115 1107
9120 1095
9125 1067
9130 1065
9135 1067
9140 1125
9145 1068
9150 1199
9155 1072
9160 1068
9165 1075
9170 1077
9175 1071
9180 1144
9185 1076
9190 1076
9195 1189
9200 1234
9205 1136
9210 1228
9215 1082
9220 1076
9225 1134
9230 1078
9235 1080
9240 1084
9245 1162
9250 1081
9255 1084
9260 1084
9265 1083
9270 1082
9275 1083
9280 1083
9285 1064
9290 1114
9295 1090
9300 1146
9305 1091
9310 1086
9315 1089
9320 1090
9325 1154
9330 1093
9335 1239
9340 1083
9345 1095
9350 1096
9355 1095
9360 1095
9365 1095
9370 1141
9375 1096
9380 1167
9385 1074
9390 1252
9395 1073
9400 1074
9405 1076
9410 1074
9415 1074
9420 1074
9425 1157
9430 1050
9435 1166
9440 1176
9445 1077
9450 1081
9455 1119
9460 1079
9465 1084
9470 1101
9475 1189
9480 1207
9485 1086
9490 1148
9495 1083
9500 1087
9505 1085
9510 1089
9515 1089
9520 1144
9525 1127
9530 1086
9535 1089
9540 1090
9545 1089
9550 1207
9555 1094
9560 1094
9565 1261
9570 1213
9575 1094
9580 1097
9585 1095
9590 1200
9595 1127
9600 1128
9605 1126
9610 1128
9615 1127
9620 1128
9625 1134
9630 1135
9635 1191
9640 1101
9645 1176
9650 1216
9655 1120
9660 1228
9665 1291
9670 1103
9675 1121
9680 1136
9685 1139
9690 1138
9695 1177
9700 1140
9705 1141
9710 1140
9715 1140
9720 1113
9725 1113
9730 1193
9735 1114
9740 1141
9745 1113
9750 1328
9755 1178
9760 1176
9765 1118
9770 1119
9775 1120
9780 1120
9785 1199
9790 1122
9795 1196
9800 1125
9805 1127
9810 1128
9815 1148
9820 1126
9825 1126
9830 1209
9835 1230
9840 1147
9845 1130
9850 1203
9855 1132
9860 1181
9865 1170
9870 1237
9875 1136
9880 1136
9885 1132
9890 1134
9895 1137
9900 1137
9905 1211
9910 1177
9915 1289
9920 1330
9925 1257
9930 1171
9935 1168
9940 1170
9945 1162
9950 1170
9955 1142
9960 1195
9965 1231
9970 1145
9975 1144
9980 1146
9985 1183
9990 1147
9995 1148
10000 1220
