5 0
10 0
15 0
20 0
25 1
30 1
35 1
40 1
45 2
50 2
55 2
60 2
65 3
70 3
75 3
80 4
85 4
90 4
95 5
100 5
105 5
110 6
115 6
120 6
125 7
130 7
135 7
140 7
145 8
150 8
155 9
160 9
165 9
170 10
175 10
180 10
185 11
190 11
195 12
200 11
205 12
210 12
215 12
220 13
225 13
230 14
235 14
240 15
245 15
250 15
255 15
260 16
265 16
270 16
275 17
280 17
285 18
290 19
295 19
300 20
305 20
310 20
315 21
320 21
325 21
330 21
335 22
340 23
345 23
350 23
355 24
360 24
365 24
370 25
375 25
380 26
385 27
390 27
395 27
400 27
405 28
410 29
415 28
420 29
425 30
430 30
435 31
440 31
445 31
450 31
455 32
460 33
465 34
470 34
475 34
480 35
485 35
490 35
495 36
500 36
505 37
510 37
515 38
520 38
525 39
530 39
535 40
540 40
545 40
550 41
555 41
560 42
565 42
570 42
575 63
580 45
585 106
590 44
595 45
600 45
605 46
610 46
615 47
620 48
625 48
630 49
635 50
640 50
645 50
650 50
655 51
660 51
665 51
670 53
675 52
680 52
685 53
690 53
695 54
700 54
705 56
710 56
715 56
720 57
725 57
730 57
735 59
740 58
745 101
750 68
755 121
760 64
765 64
770 65
775 64
780 65
785 65
790 65
795 65
800 66
805 65
810 66
815 67
820 67
825 67
830 69
835 69
840 68
845 69
850 70
855 70
860 70
865 71
870 71
875 72
880 92
885 111
890 74
895 90
900 78
905 78
910 76
915 79
920 79
925 79
930 80
935 81
940 81
945 82
950 82
955 83
960 83
965 84
970 84
975 85
980 85
985 86
990 87
995 87
1000 88
1005 88
1010 88
1015 89
1020 90
1025 90
1030 91
1035 114
1040 176
1045 107
1050 100
1055 99
1060 100
1065 99
1070 100
1075 101
1080 101
1085 101
1090 102
1095 102
1100 103
1105 102
1110 104
1115 104
1120 105
1125 106
1130 105
1135 105
1140 107
1145 107
1150 107
1155 107
1160 105
1165 108
1170 109
1175 122
1180 115
1185 130
1190 111
1195 111
1200 111
1205 112
1210 112
1215 112
1220 112
1225 113
1230 113
1235 116
1240 111
1245 114
1250 112
1255 116
1260 115
1265 116
1270 118
1275 117
1280 118
1285 119
1290 119
1295 120
1300 119
1305 122
1310 119
1315 146
1320 127
1325 143
1330 122
1335 124
1340 125
1345 126
1350 125
1355 126
1360 127
1365 127
1370 128
1375 128
1380 129
1385 129
1390 130
1395 130
1400 131
1405 130
1410 132
1415 132
1420 133
1425 134
1430 135
1435 136
1440 136
1445 136
1450 136
1455 137
1460 138
1465 138
1470 139
1475 140
1480 140
1485 141
1490 142
1495 142
1500 143
1505 143
1510 143
1515 182
1520 145
1525 145
1530 147
1535 146
1540 147
1545 172
1550 164
1555 149
1560 149
1565 150
1570 150
1575 169
1580 152
1585 151
1590 152
1595 153
1600 153
1605 183
1610 164
1615 159
1620 158
1625 157
1630 160
1635 159
1640 158
1645 160
1650 159
1655 159
1660 161
1665 162
1670 162
1675 163
1680 164
1685 163
1690 164
1695 162
1700 163
1705 164
1710 166
1715 167
1720 168
1725 169
1730 168
1735 169
1740 171
1745 190
1750 188
1755 170
1760 170
1765 172
1770 173
1775 173
1780 173
1785 174
1790 176
1795 206
1800 229
1805 177
1810 177
1815 177
1820 215
1825 180
1830 200
1835 233
1840 230
1845 181
1850 183
1855 361
1860 184
1865 184
1870 184
1875 184
1880 186
1885 185
1890 187
1895 187
1900 187
1905 221
1910 191
1915 191
1920 189
1925 186
1930 191
1935 190
1940 193
1945 298
1950 224
1955 193
1960 194
1965 194
1970 196
1975 198
1980 197
1985 198
1990 199
1995 198
2000 199
2005 201
2010 200
2015 202
2020 202
2025 204
2030 202
2035 262
2040 203
2045 208
2050 205
2055 206
2060 206
2065 208
2070 242
2075 224
2080 208
2085 212
2090 210
2095 241
2100 210
2105 211
2110 214
2115 238
2120 254
2125 229
2130 238
2135 278
2140 259
2145 235
2150 217
2155 219
2160 218
2165 218
2170 219
2175 221
2180 222
2185 221
2190 223
2195 218
2200 224
2205 230
2210 236
2215 233
2220 233
2225 242
2230 234
2235 237
2240 238
2245 237
2250 241
2255 239
2260 237
2265 238
2270 239
2275 238
2280 242
2285 239
2290 242
2295 242
2300 243
2305 245
2310 243
2315 243
2320 243
2325 246
2330 244
2335 245
2340 248
2345 254
2350 250
2355 248
2360 252
2365 255
2370 257
2375 251
2380 252
2385 260
2390 250
2395 254
2400 253
2405 253
2410 258
2415 256
2420 258
2425 256
2430 257
2435 258
2440 259
2445 257
2450 259
2455 259
2460 261
2465 264
2470 262
2475 263
2480 266
2485 267
2490 264
2495 266
2500 267
2505 267
2510 272
2515 270
2520 268
2525 268
2530 268
2535 268
2540 271
2545 273
2550 270
2555 271
2560 307
2565 276
2570 275
2575 274
2580 275
2585 276
2590 276
2595 275
2600 275
2605 276
2610 280
2615 287
2620 284
2625 285
2630 284
2635 282
2640 285
2645 288
2650 328
2655 283
2660 287
2665 289
2670 285
2675 286
2680 285
2685 289
2690 288
2695 288
2700 290
2705 289
2710 303
2715 291
2720 291
2725 293
2730 292
2735 293
2740 297
2745 303
2750 302
2755 298
2760 298
2765 302
2770 299
2775 302
2780 301
2785 303
2790 300
2795 300
2800 304
2805 302
2810 306
2815 306
2820 370
2825 308
2830 306
2835 305
2840 306
2845 307
2850 348
2855 309
2860 308
2865 310
2870 309
2875 310
2880 312
2885 311
2890 312
2895 315
2900 312
2905 313
2910 313
2915 314
2920 315
2925 312
2930 333
2935 316
2940 317
2945 348
2950 319
2955 320
2960 322
2965 323
2970 316
2975 358
2980 323
2985 323
2990 316
2995 323
3000 325
3005 337
3010 372
3015 393
3020 350
3025 329
3030 330
3035 329
3040 328
3045 328
3050 330
3055 330
3060 332
3065 332
3070 333
3075 332
3080 334
3085 335
3090 333
3095 336
3100 334
3105 335
3110 337
3115 342
3120 338
3125 384
3130 340
3135 340
3140 342
3145 343
3150 342
3155 341
3160 342
3165 343
3170 335
3175 336
3180 347
3185 346
3190 339
3195 348
3200 350
3205 349
3210 348
3215 350
3220 350
3225 351
3230 361
3235 344
3240 343
3245 343
3250 343
3255 347
3260 342
3265 347
3270 385
3275 348
3280 349
3285 350
3290 385
3295 350
3300 352
3305 352
3310 352
3315 354
3320 355
3325 353
3330 406
3335 392
3340 396
3345 356
3350 358
3355 358
3360 499
3365 468
3370 429
3375 410
3380 419
3385 427
3390 373
3395 378
3400 400
3405 378
3410 376
3415 393
3420 376
3425 376
3430 377
3435 380
3440 378
3445 379
3450 381
3455 381
3460 381
3465 382
3470 385
3475 383
3480 383
3485 382
3490 383
3495 383
3500 387
3505 387
3510 386
3515 387
3520 388
3525 387
3530 388
3535 390
3540 390
3545 391
3550 393
3555 394
3560 422
3565 393
3570 394
3575 394
3580 395
3585 395
3590 411
3595 387
3600 388
3605 386
3610 425
3615 447
3620 437
3625 392
3630 392
3635 391
3640 391
3645 395
3650 392
3655 395
3660 393
3665 394
3670 418
3675 404
3680 397
3685 397
3690 399
3695 399
3700 396
3705 400
3710 443
3715 381
3720 389
3725 392
3730 413
3735 417
3740 403
3745 404
3750 395
3755 405
3760 414
3765 386
3770 435
3775 399
3780 400
3785 399
3790 400
3795 399
3800 399
3805 401
3810 402
3815 404
3820 405
3825 479
3830 404
3835 405
3840 406
3845 407
3850 402
3855 408
3860 406
3865 409
3870 409
3875 409
3880 411
3885 411
3890 410
3895 565
3900 413
3905 412
3910 413
3915 481
3920 453
3925 417
3930 416
3935 417
3940 418
3945 419
3950 420
3955 419
3960 422
3965 420
3970 420
3975 420
3980 423
3985 423
3990 502
3995 423
4000 426
4005 429
4010 495
4015 438
4020 437
4025 440
4030 442
4035 450
4040 428
4045 429
4050 429
4055 430
4060 433
4065 434
4070 433
4075 433
4080 436
4085 435
4090 435
4095 437
4100 439
4105 476
4110 428
4115 437
4120 441
4125 517
4130 439
4135 441
4140 514
4145 544
4150 460
4155 445
4160 444
4165 443
4170 446
4175 446
4180 445
4185 522
4190 445
4195 490
4200 460
4205 461
4210 460
4215 467
4220 451
4225 485
4230 543
4235 492
4240 453
4245 499
4250 486
4255 455
4260 455
4265 457
4270 456
4275 457
4280 458
4285 456
4290 457
4295 460
4300 457
4305 508
4310 473
4315 474
4320 475
4325 487
4330 465
4335 465
4340 547
4345 467
4350 466
4355 465
4360 587
4365 466
4370 468
4375 465
4380 469
4385 468
4390 469
4395 469
4400 642
4405 471
4410 471
4415 471
4420 474
4425 474
4430 523
4435 476
4440 516
4445 476
4450 477
4455 551
4460 480
4465 479
4470 481
4475 479
4480 482
4485 579
4490 514
4495 496
4500 495
4505 496
4510 537
4515 485
4520 484
4525 487
4530 485
4535 486
4540 627
4545 653
4550 490
4555 491
4560 634
4565 491
4570 489
4575 493
4580 490
4585 492
4590 492
4595 495
4600 494
4605 493
4610 494
4615 495
4620 495
4625 498
4630 497
4635 505
4640 580
4645 534
4650 513
4655 516
4660 514
4665 516
4670 516
4675 516
4680 516
4685 519
4690 518
4695 519
4700 520
4705 522
4710 522
4715 522
4720 523
4725 525
4730 510
4735 555
4740 547
4745 526
4750 527
4755 586
4760 532
4765 514
4770 514
4775 515
4780 518
4785 517
4790 517
4795 516
4800 516
4805 518
4810 519
4815 519
4820 594
4825 533
4830 619
4835 565
4840 524
4845 523
4850 523
4855 525
4860 525
4865 525
4870 602
4875 528
4880 527
4885 528
4890 527
4895 530
4900 545
4905 546
4910 546
4915 536
4920 548
4925 594
4930 549
4935 550
4940 584
4945 568
4950 550
4955 588
4960 553
4965 555
4970 553
4975 555
4980 554
4985 559
4990 590
4995 612
5000 557
5005 575
5010 558
5015 585
5020 544
5025 546
5030 546
5035 547
5040 548
5045 548
5050 549
5055 548
5060 549
5065 550
5070 540
5075 552
5080 680
5085 566
5090 567
5095 566
5100 609
5105 555
5110 556
5115 556
5120 681
5125 558
5130 561
5135 578
5140 590
5145 611
5150 572
5155 577
5160 577
5165 577
5170 577
5175 579
5180 567
5185 581
5190 621
5195 581
5200 584
5205 580
5210 584
5215 586
5220 569
5225 589
5230 585
5235 587
5240 587
5245 589
5250 586
5255 588
5260 587
5265 588
5270 586
5275 622
5280 591
5285 589
5290 639
5295 794
5300 977
5305 611
5310 612
5315 611
5320 611
5325 614
5330 611
5335 613
5340 618
5345 612
5350 624
5355 617
5360 617
5365 619
5370 618
5375 618
5380 634
5385 602
5390 602
5395 606
5400 602
5405 679
5410 604
5415 660
5420 607
5425 606
5430 606
5435 648
5440 610
5445 609
5450 697
5455 612
5460 653
5465 615
5470 612
5475 614
5480 616
5485 615
5490 680
5495 659
5500 635
5505 653
5510 707
5515 707
5520 716
5525 727
5530 636
5535 642
5540 639
5545 640
5550 644
5555 644
5560 645
5565 642
5570 641
5575 644
5580 645
5585 645
5590 686
5595 645
5600 647
5605 776
5610 631
5615 633
5620 632
5625 635
5630 633
5635 635
5640 634
5645 635
5650 638
5655 634
5660 637
5665 664
5670 639
5675 642
5680 624
5685 623
5690 625
5695 744
5700 777
5705 627
5710 700
5715 627
5720 627
5725 630
5730 630
5735 700
5740 648
5745 686
5750 647
5755 648
5760 693
5765 653
5770 650
5775 653
5780 653
5785 653
5790 651
5795 637
5800 653
5805 654
5810 653
5815 705
5820 780
5825 639
5830 641
5835 644
5840 641
5845 720
5850 644
5855 762
5860 644
5865 644
5870 645
5875 646
5880 801
5885 722
5890 659
5895 744
5900 666
5905 667
5910 785
5915 667
5920 670
5925 667
5930 668
5935 674
5940 671
5945 707
5950 675
5955 674
5960 674
5965 675
5970 701
5975 675
5980 717
5985 678
5990 677
5995 678
6000 679
6005 680
6010 661
6015 678
6020 680
6025 681
6030 682
6035 665
6040 664
6045 729
6050 713
6055 730
6060 741
6065 671
6070 667
6075 673
6080 673
6085 674
6090 671
6095 674
6100 674
6105 671
6110 674
6115 796
6120 714
6125 720
6130 776
6135 696
6140 696
6145 768
6150 700
6155 697
6160 698
6165 701
6170 700
6175 738
6180 718
6185 744
6190 722
6195 720
6200 758
6205 702
6210 705
6215 721
6220 707
6225 708
6230 735
6235 747
6240 728
6245 733
6250 732
6255 784
6260 710
6265 699
6270 713
6275 713
6280 715
6285 713
6290 713
6295 713
6300 695
6305 696
6310 697
6315 698
6320 696
6325 784
6330 737
6335 700
6340 870
6345 702
6350 705
6355 704
6360 704
6365 743
6370 704
6375 704
6380 706
6385 709
6390 708
6395 782
6400 834
6405 729
6410 710
6415 751
6420 711
6425 711
6430 712
6435 711
6440 714
6445 716
6450 716
6455 716
6460 718
6465 799
6470 831
6475 760
6480 763
6485 721
6490 719
6495 723
6500 722
6505 722
6510 799
6515 723
6520 721
6525 726
6530 859
6535 725
6540 808
6545 726
6550 803
6555 727
6560 729
6565 803
6570 731
6575 806
6580 731
6585 730
6590 733
6595 734
6600 808
6605 736
6610 818
6615 802
6620 756
6625 782
6630 764
6635 760
6640 760
6645 760
6650 760
6655 761
6660 762
6665 802
6670 764
6675 770
6680 745
6685 743
6690 745
6695 746
6700 746
6705 748
6710 750
6715 748
6720 827
6725 750
6730 818
6735 752
6740 811
6745 845
6750 820
6755 754
6760 752
6765 754
6770 756
6775 753
6780 754
6785 924
6790 793
6795 830
6800 834
6805 783
6810 784
6815 782
6820 820
6825 783
6830 784
6835 784
6840 785
6845 785
6850 821
6855 823
6860 825
6865 886
6870 905
6875 810
6880 966
6885 822
6890 831
6895 770
6900 772
6905 769
6910 770
6915 802
6920 893
6925 867
6930 796
6935 794
6940 870
6945 835
6950 797
6955 798
6960 874
6965 800
6970 801
6975 801
6980 919
6985 859
6990 867
6995 805
7000 917
7005 805
7010 803
7015 806
7020 808
7025 886
7030 807
7035 809
7040 852
7045 811
7050 882
7055 809
7060 811
7065 812
7070 813
7075 815
7080 917
7085 886
7090 886
7095 847
7100 876
7105 839
7110 925
7115 888
7120 878
7125 845
7130 858
7135 842
7140 842
7145 829
7150 852
7155 848
7160 847
7165 842
7170 849
7175 862
7180 850
7185 848
7190 847
7195 852
7200 848
7205 853
7210 850
7215 853
7220 851
7225 875
7230 889
7235 855
7240 862
7245 862
7250 880
7255 1250
7260 1091
7265 1149
7270 947
7275 839
7280 975
7285 1094
7290 902
7295 872
7300 863
7305 865
7310 864
7315 870
7320 869
7325 881
7330 867
7335 885
7340 897
7345 872
7350 864
7355 872
7360 882
7365 881
7370 872
7375 873
7380 881
7385 874
7390 886
7395 881
7400 875
7405 858
7410 889
7415 857
7420 858
7425 856
7430 855
7435 862
7440 895
7445 844
7450 945
7455 860
7460 865
7465 860
7470 864
7475 860
7480 866
7485 842
7490 863
7495 864
7500 891
7505 861
7510 878
7515 964
7520 849
7525 889
7530 988
7535 920
7540 849
7545 849
7550 849
7555 1004
7560 1058
7565 1015
7570 875
7575 873
7580 877
7585 878
7590 876
7595 881
7600 877
7605 878
7610 957
7615 882
7620 882
7625 882
7630 880
7635 919
7640 886
7645 884
7650 885
7655 887
7660 920
7665 965
7670 888
7675 904
7680 908
7685 865
7690 867
7695 867
7700 867
7705 869
7710 867
7715 871
7720 937
7725 911
7730 873
7735 875
7740 874
7745 873
7750 874
7755 873
7760 875
7765 875
7770 877
7775 896
7780 919
7785 877
7790 951
7795 913
7800 948
7805 879
7810 880
7815 882
7820 883
7825 883
7830 885
7835 1025
7840 885
7845 885
7850 886
7855 886
7860 890
7865 887
7870 888
7875 892
7880 888
7885 889
7890 1047
7895 1073
7900 892
7905 1056
7910 891
7915 1040
7920 893
7925 894
7930 910
7935 919
7940 920
7945 993
7950 920
7955 923
7960 950
7965 924
7970 926
7975 925
7980 925
7985 926
7990 926
7995 925
8000 1069
8005 928
8010 1013
8015 925
8020 931
8025 931
8030 928
8035 924
8040 907
8045 909
8050 895
8055 1058
8060 910
8065 910
8070 914
8075 989
8080 915
8085 978
8090 996
8095 993
8100 921
8105 935
8110 978
8115 922
8120 1050
8125 919
8130 924
8135 954
8140 943
8145 980
8150 945
8155 946
8160 985
8165 946
8170 992
8175 1022
8180 1079
8185 951
8190 954
8195 952
8200 952
8205 955
8210 956
8215 997
8220 956
8225 1057
8230 966
8235 929
8240 932
8245 934
8250 935
8255 1015
8260 936
8265 1015
8270 1083
8275 1035
8280 962
8285 960
8290 963
8295 964
8300 1013
8305 966
8310 965
8315 1045
8320 1011
8325 1071
8330 967
8335 970
8340 944
8345 970
8350 971
8355 972
8360 970
8365 975
8370 1013
8375 981
8380 978
8385 976
8390 1024
8395 977
8400 979
8405 1192
8410 1057
8415 979
8420 1022
8425 1002
8430 1057
8435 982
8440 980
8445 983
8450 984
8455 983
8460 984
8465 984
8470 1025
8475 990
8480 984
8485 990
8490 991
8495 988
8500 1027
8505 1074
8510 990
8515 990
8520 1126
8525 967
8530 1103
8535 968
8540 1044
8545 972
8550 970
8555 973
8560 969
8565 972
8570 1051
8575 1044
8580 973
8585 977
8590 974
8595 1124
8600 976
8605 974
8610 978
8615 1017
8620 1055
8625 983
8630 1158
8635 979
8640 981
8645 1018
8650 1003
8655 1050
8660 1050
8665 1013
8670 1034
8675 1012
8680 1010
8685 1014
8690 1013
8695 1017
8700 1091
8705 1018
8710 988
8715 991
8720 1073
8725 989
8730 1134
8735 995
8740 995
8745 996
8750 967
8755 996
8760 1033
8765 998
8770 1125
8775 1073
8780 972
8785 1001
8790 1000
8795 1002
8800 999
8805 1002
8810 1080
8815 1005
8820 1077
8825 1025
8830 1057
8835 1005
8840 1006
8845 1009
8850 1006
8855 1165
8860 1009
8865 1125
8870 1008
8875 1033
8880 1140
8885 1011
8890 1128
8895 1042
8900 1039
8905 1040
8910 1041
8915 1122
8920 1046
8925 1106
8930 1042
8935 1044
8940 1046
8945 1045
8950 1045
8955 1046
8960 1086
8965 1051
8970 1049
8975 1052
8980 1046
8985 1023
8990 1021
8995 1026
9000 1025
9005 1026
9010 1228
9015 1025
9020 1200
9025 1062
9030 1057
9035 1104
9040 1061
9045 1059
9050 1063
9055 1103
9060 1059
9065 1059
9070 1053
9075 1035
9080 1037
9085 1113
9090 1034
9095 1078
9100 1038
9105 1225
9110 1113
9115 1209
9120 1116
9125 1040
9130 1041
9135 1118
9140 1044
9145 1044
9150 1118
9155 1067
9160 1076
9165 1072
9170 1077
9175 1115
9180 1078
9185 1076
9190 1156
9195 1076
9200 1112
9205 1102
9210 1051
9215 1050
9220 1053
9225 1051
9230 1117
9235 1114
9240 1069
9245 1147
9250 1217
9255 1058
9260 1061
9265 1059
9270 1057
9275 1095
9280 1061
9285 1059
9290 1140
9295 1064
9300 1225
9305 1064
9310 1104
9315 1066
9320 1065
9325 1065
9330 1211
9335 1137
9340 1096
9345 1072
9350 1097
9355 1098
9360 1098
9365 1096
9370 1098
9375 1071
9380 1072
9385 1142
9390 1161
9395 1131
9400 1074
9405 1075
9410 1075
9415 1075
9420 1114
9425 1075
9430 1153
9435 1083
9440 1113
9445 1080
9450 1084
9455 1082
9460 1079
9465 1083
9470 1137
9475 1223
9480 1088
9485 1241
9490 1085
9495 1087
9500 1092
9505 1113
9510 1113
9515 1115
9520 1183
9525 1154
9530 1217
9535 1265
9540 1149
9545 1154
9550 1091
9555 1123
9560 1129
9565 1253
9570 1178
9575 1129
9580 1125
9585 1127
9590 1129
9595 1128
9600 1128
9605 1191
9610 1130
9615 1132
9620 1130
9625 1133
9630 1157
9635 1341
9640 1178
9645 1829
9650 1581
9655 1190
9660 1137
9665 1137
9670 1139
9675 1137
9680 1138
9685 1140
9690 1181
9695 1171
9700 1143
9705 1256
9710 1175
9715 1351
9720 1187
9725 1179
9730 1210
9735 1190
9740 1180
9745 1140
9750 1147
9755 1253
9760 1226
9765 1148
9770 1145
9775 1291
9780 1206
9785 1150
9790 1151
9795 1154
9800 1152
9805 1155
9810 1157
9815 1209
9820 1154
9825 1223
9830 1155
9835 1160
9840 1159
9845 1203
9850 1162
9855 1163
9860 1205
9865 1134
9870 1133
9875 1155
9880 1133
9885 1132
9890 1135
9895 1134
9900 1138
9905 1302
9910 1277
9915 1196
9920 1136
9925 1139
9930 1138
9935 1215
9940 1215
9945 1224
9950 1173
9955 1172
9960 1173
9965 1175
9970 1176
9975 1176
9980 1175
9985 1166
9990 1236
9995 1223
10000 1231
