5 0
10 0
15 0
20 1
25 1
30 1
35 1
40 1
45 1
50 2
55 2
60 2
65 3
70 3
75 3
80 4
85 4
90 4
95 4
100 5
105 5
110 5
115 6
120 6
125 6
130 7
135 7
140 7
145 8
150 13
155 30
160 9
165 10
170 10
175 10
180 11
185 34
190 11
195 12
200 12
205 12
210 13
215 13
220 31
225 13
230 14
235 14
240 15
245 15
250 15
255 16
260 17
265 17
270 17
275 17
280 17
285 18
290 18
295 19
300 19
305 20
310 20
315 21
320 21
325 21
330 22
335 22
340 22
345 23
350 24
355 24
360 25
365 25
370 25
375 26
380 26
385 26
390 27
395 27
400 28
405 28
410 29
415 28
420 29
425 30
430 31
435 31
440 31
445 32
450 32
455 32
460 33
465 33
470 34
475 34
480 35
485 35
490 35
495 36
500 37
505 37
510 37
515 38
520 38
525 39
530 40
535 40
540 40
545 40
550 41
555 41
560 40
565 41
570 42
575 43
580 44
585 43
590 44
595 45
600 45
605 46
610 67
615 67
620 87
625 48
630 48
635 63
640 50
645 51
650 52
655 52
660 53
665 53
670 54
675 54
680 54
685 54
690 55
695 55
700 57
705 57
710 56
715 57
720 59
725 59
730 59
735 135
740 67
745 85
750 64
755 65
760 64
765 64
770 65
775 64
780 67
785 65
790 66
795 66
800 67
805 67
810 67
815 67
820 67
825 69
830 69
835 69
840 70
845 70
850 71
855 71
860 72
865 73
870 73
875 73
880 74
885 75
890 75
895 75
900 76
905 76
910 77
915 78
920 78
925 78
930 79
935 80
940 80
945 81
950 81
955 82
960 81
965 82
970 83
975 84
980 84
985 85
990 86
995 86
1000 85
1005 87
1010 87
1015 88
1020 88
1025 89
1030 89
1035 90
1040 90
1045 91
1050 92
1055 92
1060 116
1065 101
1070 114
1075 99
1080 120
1085 113
1090 115
1095 154
1100 116
1105 118
1110 135
1115 154
1120 172
1125 154
1130 138
1135 103
1140 103
1145 104
1150 103
1155 104
1160 105
1165 105
1170 105
1175 106
1180 129
1185 124
1190 108
1195 108
1200 109
1205 198
1210 110
1215 111
1220 111
1225 111
1230 112
1235 112
1240 113
1245 113
1250 113
1255 114
1260 115
1265 116
1270 116
1275 116
1280 117
1285 118
1290 118
1295 119
1300 141
1305 137
1310 121
1315 120
1320 122
1325 122
1330 123
1335 124
1340 124
1345 125
1350 125
1355 125
1360 127
1365 127
1370 128
1375 128
1380 128
1385 128
1390 130
1395 131
1400 130
1405 131
1410 131
1415 132
1420 133
1425 133
1430 133
1435 134
1440 135
1445 136
1450 135
1455 137
1460 137
1465 137
1470 137
1475 140
1480 140
1485 140
1490 140
1495 142
1500 142
1505 143
1510 143
1515 143
1520 144
1525 144
1530 144
1535 145
1540 146
1545 147
1550 146
1555 149
1560 148
1565 148
1570 149
1575 149
1580 150
1585 151
1590 152
1595 152
1600 213
1605 180
1610 155
1615 157
1620 156
1625 156
1630 156
1635 156
1640 158
1645 158
1650 159
1655 159
1660 158
1665 159
1670 160
1675 161
1680 158
1685 162
1690 162
1695 163
1700 164
1705 164
1710 165
1715 165
1720 165
1725 166
1730 168
1735 166
1740 168
1745 168
1750 169
1755 169
1760 170
1765 171
1770 172
1775 208
1780 172
1785 172
1790 208
1795 175
1800 175
1805 175
1810 175
1815 176
1820 177
1825 178
1830 179
1835 179
1840 175
1845 218
1850 181
1855 180
1860 181
1865 183
1870 185
1875 183
1880 184
1885 184
1890 184
1895 186
1900 186
1905 187
1910 187
1915 188
1920 188
1925 189
1930 190
1935 191
1940 191
1945 192
1950 192
1955 193
1960 193
1965 194
1970 194
1975 196
1980 195
1985 197
1990 197
1995 199
2000 199
2005 198
2010 199
2015 199
2020 201
2025 202
2030 203
2035 203
2040 204
2045 199
2050 199
2055 199
2060 200
2065 199
2070 201
2075 200
2080 201
2085 202
2090 203
2095 279
2100 205
2105 205
2110 205
2115 207
2120 206
2125 207
2130 261
2135 244
2140 210
2145 210
2150 210
2155 211
2160 211
2165 211
2170 212
2175 212
2180 212
2185 212
2190 214
2195 213
2200 216
2205 216
2210 216
2215 217
2220 216
2225 218
2230 280
2235 224
2240 223
2245 226
2250 225
2255 227
2260 243
2265 223
2270 224
2275 225
2280 224
2285 259
2290 226
2295 226
2300 227
2305 228
2310 227
2315 286
2320 247
2325 230
2330 229
2335 232
2340 232
2345 232
2350 231
2355 233
2360 233
2365 234
2370 274
2375 310
2380 235
2385 308
2390 236
2395 238
2400 237
2405 237
2410 239
2415 237
2420 239
2425 239
2430 240
2435 242
2440 242
2445 242
2450 243
2455 243
2460 243
2465 318
2470 252
2475 281
2480 245
2485 247
2490 321
2495 249
2500 249
2505 248
2510 250
2515 324
2520 251
2525 252
2530 252
2535 253
2540 296
2545 406
2550 255
2555 256
2560 257
2565 256
2570 333
2575 257
2580 258
2585 260
2590 259
2595 260
2600 260
2605 260
2610 262
2615 260
2620 262
2625 282
2630 268
2635 269
2640 271
2645 271
2650 272
2655 293
2660 297
2665 275
2670 275
2675 275
2680 275
2685 276
2690 276
2695 345
2700 280
2705 281
2710 280
2715 281
2720 283
2725 282
2730 283
2735 284
2740 282
2745 284
2750 284
2755 285
2760 320
2765 286
2770 285
2775 288
2780 322
2785 287
2790 288
2795 290
2800 290
2805 329
2810 291
2815 292
2820 292
2825 293
2830 293
2835 295
2840 295
2845 296
2850 297
2855 298
2860 296
2865 334
2870 298
2875 300
2880 300
2885 301
2890 414
2895 303
2900 303
2905 302
2910 304
2915 303
2920 304
2925 306
2930 306
2935 306
2940 319
2945 299
2950 301
2955 319
2960 340
2965 302
2970 302
2975 325
2980 331
2985 304
2990 307
2995 307
3000 307
3005 308
3010 308
3015 306
3020 309
3025 454
3030 332
3035 312
3040 308
3045 312
3050 312
3055 312
3060 312
3065 313
3070 314
3075 314
3080 316
3085 316
3090 318
3095 317
3100 319
3105 318
3110 320
3115 319
3120 321
3125 322
3130 381
3135 324
3140 323
3145 324
3150 324
3155 366
3160 343
3165 327
3170 327
3175 330
3180 404
3185 346
3190 320
3195 328
3200 457
3205 331
3210 331
3215 332
3220 332
3225 333
3230 356
3235 343
3240 344
3245 345
3250 346
3255 345
3260 346
3265 346
3270 348
3275 349
3280 347
3285 352
3290 351
3295 351
3300 351
3305 351
3310 352
3315 354
3320 430
3325 353
3330 358
3335 401
3340 357
3345 357
3350 359
3355 359
3360 361
3365 349
3370 349
3375 351
3380 350
3385 352
3390 377
3395 371
3400 354
3405 355
3410 355
3415 356
3420 356
3425 358
3430 357
3435 360
3440 358
3445 358
3450 359
3455 359
3460 435
3465 462
3470 588
3475 422
3480 498
3485 431
3490 384
3495 385
3500 388
3505 387
3510 386
3515 389
3520 388
3525 380
3530 389
3535 388
3540 390
3545 391
3550 392
3555 392
3560 392
3565 394
3570 393
3575 394
3580 395
3585 395
3590 396
3595 396
3600 410
3605 387
3610 388
3615 390
3620 380
3625 389
3630 391
3635 390
3640 391
3645 391
3650 393
3655 391
3660 395
3665 395
3670 398
3675 397
3680 397
3685 397
3690 396
3695 397
3700 394
3705 401
3710 469
3715 399
3720 412
3725 432
3730 466
3735 393
3740 393
3745 393
3750 395
3755 394
3760 394
3765 397
3770 397
3775 397
3780 396
3785 398
3790 400
3795 400
3800 475
3805 400
3810 399
3815 402
3820 402
3825 403
3830 458
3835 406
3840 405
3845 407
3850 405
3855 408
3860 408
3865 407
3870 409
3875 410
3880 408
3885 411
3890 412
3895 412
3900 413
3905 413
3910 414
3915 414
3920 484
3925 415
3930 416
3935 414
3940 415
3945 418
3950 417
3955 473
3960 417
3965 417
3970 508
3975 421
3980 422
3985 463
3990 506
3995 495
4000 467
4005 425
4010 426
4015 425
4020 424
4025 427
4030 427
4035 452
4040 449
4045 429
4050 505
4055 452
4060 443
4065 517
4070 442
4075 443
4080 444
4085 445
4090 492
4095 482
4100 446
4105 448
4110 449
4115 450
4120 450
4125 450
4130 452
4135 450
4140 452
4145 453
4150 453
4155 454
4160 453
4165 455
4170 455
4175 538
4180 458
4185 457
4190 551
4195 459
4200 459
4205 460
4210 458
4215 510
4220 462
4225 465
4230 462
4235 463
4240 462
4245 463
4250 465
4255 464
4260 465
4265 466
4270 468
4275 467
4280 514
4285 468
4290 470
4295 472
4300 473
4305 510
4310 472
4315 473
4320 470
4325 473
4330 474
4335 476
4340 477
4345 477
4350 477
4355 489
4360 465
4365 504
4370 620
4375 467
4380 630
4385 587
4390 506
4395 470
4400 567
4405 472
4410 471
4415 519
4420 473
4425 473
4430 474
4435 474
4440 477
4445 477
4450 490
4455 491
4460 491
4465 492
4470 491
4475 492
4480 480
4485 539
4490 491
4495 495
4500 498
4505 498
4510 494
4515 496
4520 497
4525 496
4530 496
4535 499
4540 501
4545 587
4550 487
4555 488
4560 477
4565 490
4570 492
4575 491
4580 493
4585 566
4590 589
4595 492
4600 626
4605 496
4610 494
4615 496
4620 495
4625 497
4630 498
4635 515
4640 512
4645 513
4650 512
4655 513
4660 516
4665 514
4670 515
4675 520
4680 519
4685 542
4690 518
4695 517
4700 520
4705 522
4710 520
4715 523
4720 521
4725 523
4730 524
4735 511
4740 509
4745 511
4750 499
4755 512
4760 501
4765 513
4770 606
4775 516
4780 592
4785 517
4790 504
4795 630
4800 518
4805 519
4810 520
4815 520
4820 521
4825 604
4830 520
4835 521
4840 523
4845 522
4850 523
4855 524
4860 595
4865 524
4870 568
4875 568
4880 528
4885 527
4890 526
4895 528
4900 530
4905 529
4910 531
4915 534
4920 532
4925 602
4930 567
4935 534
4940 522
4945 536
4950 652
4955 537
4960 538
4965 608
4970 539
4975 646
4980 622
4985 612
4990 555
4995 552
5000 555
5005 556
5010 557
5015 557
5020 559
5025 597
5030 560
5035 561
5040 559
5045 562
5050 680
5055 563
5060 567
5065 565
5070 564
5075 565
5080 566
5085 567
5090 569
5095 571
5100 568
5105 566
5110 555
5115 569
5120 569
5125 604
5130 570
5135 613
5140 618
5145 572
5150 660
5155 596
5160 576
5165 576
5170 576
5175 575
5180 578
5185 579
5190 579
5195 581
5200 578
5205 582
5210 622
5215 671
5220 607
5225 615
5230 665
5235 625
5240 626
5245 607
5250 607
5255 613
5260 616
5265 659
5270 660
5275 589
5280 587
5285 590
5290 590
5295 590
5300 698
5305 658
5310 611
5315 652
5320 609
5325 611
5330 613
5335 613
5340 614
5345 616
5350 615
5355 616
5360 610
5365 642
5370 623
5375 621
5380 619
5385 666
5390 621
5395 631
5400 625
5405 641
5410 635
5415 634
5420 647
5425 649
5430 649
5435 653
5440 655
5445 666
5450 649
5455 627
5460 653
5465 642
5470 645
5475 681
5480 638
5485 635
5490 633
5495 640
5500 637
5505 642
5510 639
5515 648
5520 642
5525 644
5530 642
5535 641
5540 723
5545 658
5550 653
5555 652
5560 646
5565 643
5570 653
5575 648
5580 627
5585 645
5590 646
5595 646
5600 650
5605 648
5610 650
5615 687
5620 658
5625 688
5630 682
5635 651
5640 655
5645 654
5650 654
5655 653
5660 655
5665 661
5670 658
5675 679
5680 664
5685 674
5690 719
5695 666
5700 668
5705 667
5710 670
5715 664
5720 662
5725 665
5730 658
5735 666
5740 669
5745 674
5750 670
5755 697
5760 669
5765 708
5770 652
5775 717
5780 669
5785 670
5790 671
5795 673
5800 672
5805 673
5810 671
5815 674
5820 672
5825 678
5830 675
5835 675
5840 681
5845 677
5850 678
5855 679
5860 683
5865 682
5870 681
5875 683
5880 772
5885 664
5890 667
5895 666
5900 665
5905 670
5910 666
5915 712
5920 669
5925 720
5930 670
5935 672
5940 672
5945 672
5950 691
5955 767
5960 745
5965 673
5970 676
5975 678
5980 675
5985 712
5990 680
5995 679
6000 677
6005 680
6010 749
6015 684
6020 682
6025 681
6030 729
6035 685
6040 682
6045 717
6050 830
6055 834
6060 716
6065 718
6070 705
6075 688
6080 750
6085 711
6090 708
6095 702
6100 710
6105 708
6110 712
6115 717
6120 709
6125 716
6130 713
6135 743
6140 713
6145 724
6150 698
6155 700
6160 700
6165 701
6170 701
6175 703
6180 738
6185 704
6190 701
6195 735
6200 704
6205 706
6210 842
6215 686
6220 684
6225 691
6230 687
6235 692
6240 747
6245 744
6250 691
6255 692
6260 693
6265 691
6270 736
6275 770
6280 732
6285 734
6290 987
6295 951
6300 880
6305 742
6310 718
6315 719
6320 720
6325 722
6330 840
6335 720
6340 829
6345 721
6350 721
6355 722
6360 723
6365 794
6370 754
6375 727
6380 728
6385 880
6390 743
6395 887
6400 760
6405 730
6410 817
6415 729
6420 733
6425 728
6430 734
6435 731
6440 768
6445 736
6450 737
6455 736
6460 766
6465 719
6470 804
6475 768
6480 741
6485 746
6490 760
6495 741
6500 994
6505 741
6510 782
6515 788
6520 743
6525 855
6530 750
6535 744
6540 842
6545 787
6550 747
6555 750
6560 734
6565 751
6570 788
6575 752
6580 754
6585 751
6590 790
6595 751
6600 838
6605 754
6610 755
6615 753
6620 756
6625 756
6630 760
6635 758
6640 758
6645 796
6650 760
6655 797
6660 763
6665 762
6670 762
6675 811
6680 764
6685 764
6690 816
6695 766
6700 806
6705 769
6710 767
6715 777
6720 888
6725 748
6730 879
6735 749
6740 752
6745 751
6750 753
6755 751
6760 753
6765 753
6770 756
6775 756
6780 757
6785 830
6790 756
6795 758
6800 759
6805 758
6810 759
6815 761
6820 840
6825 780
6830 776
6835 795
6840 762
6845 763
6850 816
6855 790
6860 848
6865 787
6870 784
6875 859
6880 825
6885 799
6890 832
6895 794
6900 828
6905 791
6910 796
6915 913
6920 794
6925 797
6930 796
6935 796
6940 796
6945 832
6950 775
6955 940
6960 778
6965 777
6970 813
6975 861
6980 782
6985 907
6990 783
6995 784
7000 877
7005 853
7010 800
7015 805
7020 807
7025 808
7030 806
7035 852
7040 809
7045 851
7050 834
7055 809
7060 827
7065 790
7070 791
7075 793
7080 793
7085 794
7090 870
7095 796
7100 860
7105 850
7110 895
7115 820
7120 819
7125 816
7130 819
7135 882
7140 854
7145 863
7150 821
7155 825
7160 861
7165 824
7170 825
7175 823
7180 822
7185 827
7190 826
7195 829
7200 828
7205 830
7210 830
7215 830
7220 862
7225 830
7230 926
7235 813
7240 891
7245 834
7250 833
7255 816
7260 815
7265 871
7270 889
7275 813
7280 971
7285 829
7290 837
7295 840
7300 842
7305 841
7310 844
7315 844
7320 841
7325 841
7330 845
7335 845
7340 910
7345 863
7350 957
7355 827
7360 826
7365 828
7370 827
7375 826
7380 829
7385 831
7390 830
7395 831
7400 905
7405 834
7410 932
7415 856
7420 910
7425 982
7430 833
7435 833
7440 835
7445 835
7450 846
7455 892
7460 863
7465 964
7470 863
7475 864
7480 863
7485 863
7490 841
7495 864
7500 864
7505 873
7510 866
7515 933
7520 870
7525 873
7530 871
7535 913
7540 1002
7545 869
7550 898
7555 905
7560 873
7565 875
7570 944
7575 875
7580 1041
7585 875
7590 873
7595 879
7600 878
7605 880
7610 904
7615 879
7620 880
7625 954
7630 921
7635 911
7640 885
7645 885
7650 884
7655 884
7660 889
7665 885
7670 886
7675 889
7680 890
7685 928
7690 959
7695 890
7700 892
7705 1003
7710 892
7715 896
7720 871
7725 868
7730 870
7735 873
7740 962
7745 854
7750 875
7755 873
7760 937
7765 914
7770 876
7775 876
7780 877
7785 876
7790 967
7795 956
7800 882
7805 1003
7810 959
7815 906
7820 981
7825 908
7830 907
7835 906
7840 907
7845 908
7850 949
7855 911
7860 911
7865 911
7870 912
7875 889
7880 967
7885 892
7890 891
7895 890
7900 894
7905 989
7910 891
7915 1014
7920 894
7925 896
7930 895
7935 895
7940 894
7945 895
7950 897
7955 899
7960 990
7965 928
7970 923
7975 940
7980 905
7985 899
7990 902
7995 906
8000 902
8005 905
8010 904
8015 1015
8020 908
8025 1030
8030 904
8035 993
8040 912
8045 910
8050 909
8055 908
8060 911
8065 1045
8070 975
8075 989
8080 938
8085 942
8090 941
8095 940
8100 942
8105 942
8110 941
8115 992
8120 939
8125 964
8130 1021
8135 917
8140 924
8145 924
8150 923
8155 999
8160 951
8165 956
8170 922
8175 1029
8180 930
8185 927
8190 926
8195 999
8200 1004
8205 927
8210 931
8215 985
8220 928
8225 928
8230 1132
8235 1132
8240 965
8245 1130
8250 909
8255 932
8260 936
8265 933
8270 937
8275 967
8280 1142
8285 961
8290 965
8295 985
8300 1008
8305 963
8310 1003
8315 1016
8320 1022
8325 997
8330 998
8335 996
8340 975
8345 997
8350 997
8355 996
8360 998
8365 1000
8370 998
8375 972
8380 1016
8385 978
8390 977
8395 977
8400 978
8405 977
8410 978
8415 1020
8420 1065
8425 953
8430 1098
8435 960
8440 1053
8445 956
8450 959
8455 957
8460 959
8465 959
8470 960
8475 958
8480 1033
8485 1038
8490 939
8495 961
8500 963
8505 963
8510 965
8515 967
8520 1025
8525 967
8530 966
8535 1043
8540 969
8545 1058
8550 969
8555 1042
8560 1052
8565 1002
8570 997
8575 999
8580 999
8585 1041
8590 1007
8595 1001
8600 1000
8605 1036
8610 1003
8615 978
8620 1128
8625 979
8630 979
8635 1055
8640 1041
8645 1030
8650 981
8655 1006
8660 1011
8665 1009
8670 1015
8675 1011
8680 1050
8685 1062
8690 1015
8695 1016
8700 1029
8705 987
8710 1102
8715 987
8720 990
8725 992
8730 991
8735 1063
8740 1057
8745 1009
8750 996
8755 997
8760 997
8765 998
8770 998
8775 1000
8780 1157
8785 1215
8790 1000
8795 1115
8800 1029
8805 1029
8810 1032
8815 1028
8820 1032
8825 1028
8830 1067
8835 1033
8840 1171
8845 1007
8850 1007
8855 1007
8860 1009
8865 1012
8870 1012
8875 1014
8880 1121
8885 1002
8890 1014
8895 1010
8900 1015
8905 1016
8910 1012
8915 1015
8920 1090
8925 1017
8930 1171
8935 1115
8940 1172
8945 1137
8950 1598
8955 1313
8960 1024
8965 1161
8970 1114
8975 1049
8980 1206
8985 1182
8990 1050
8995 1049
9000 1049
9005 1194
9010 1085
9015 1130
9020 1080
9025 1134
9030 1083
9035 1085
9040 1086
9045 1083
9050 1094
9055 1094
9060 1081
9065 1107
9070 1104
9075 1059
9080 1064
9085 1165
9090 1061
9095 1063
9100 1062
9105 1068
9110 1161
9115 1206
9120 1108
9125 1067
9130 1070
9135 1069
9140 1068
9145 1060
9150 1043
9155 1120
9160 1141
9165 1081
9170 1050
9175 1046
9180 1046
9185 1046
9190 1045
9195 1047
9200 1047
9205 1160
9210 1186
9215 1050
9220 1118
9225 1052
9230 1121
9235 1082
9240 1077
9245 1119
9250 1125
9255 1118
9260 1083
9265 1086
9270 1081
9275 1065
9280 1059
9285 1099
9290 1061
9295 1138
9300 1065
9305 1189
9310 1089
9315 1094
9320 1084
9325 1100
9330 1067
9335 1064
9340 1087
9345 1308
9350 1065
9355 1066
9360 1068
9365 1168
9370 1140
9375 1071
9380 1071
9385 1069
9390 1134
9395 1168
9400 1074
9405 1088
9410 1143
9415 1105
9420 1102
9425 1105
9430 1106
9435 1163
9440 1134
9445 1139
9450 1078
9455 1076
9460 1079
9465 1082
9470 1054
9475 1229
9480 1148
9485 1206
9490 1083
9495 1086
9500 1084
9505 1087
9510 1162
9515 1087
9520 1058
9525 1162
9530 1091
9535 1093
9540 1248
9545 1088
9550 1092
9555 1165
9560 1091
9565 1095
9570 1262
9575 1255
9580 1124
9585 1128
9590 1127
9595 1125
9600 1126
9605 1127
9610 1128
9615 1203
9620 1101
9625 1103
9630 1100
9635 1101
9640 1098
9645 1143
9650 1108
9655 1183
9660 1357
9665 1360
9670 1454
9675 1169
9680 1167
9685 1167
9690 1170
9695 1168
9700 1177
9705 1194
9710 1173
9715 1169
9720 1175
9725 1174
9730 1177
9735 1182
9740 1150
9745 1151
9750 1252
9755 1184
9760 1150
9765 1145
9770 1145
9775 1151
9780 1155
9785 1154
9790 1201
9795 1151
9800 1154
9805 1151
9810 1258
9815 1158
9820 1113
9825 1125
9830 1203
9835 1380
9840 1128
9845 1128
9850 1337
9855 1380
9860 1161
9865 1160
9870 1239
9875 1165
9880 1161
9885 1162
9890 1163
9895 1315
9900 1166
9905 1164
9910 1167
9915 1250
9920 1277
9925 1168
9930 1169
9935 1172
9940 1139
9945 1140
9950 1143
9955 1223
9960 1230
9965 1144
9970 1143
9975 1143
9980 1148
9985 1203
9990 1215
9995 1149
10000 1314
