5 0
10 0
15 0
20 0
25 1
30 1
35 1
40 1
45 2
50 2
55 2
60 2
65 3
70 3
75 3
80 4
85 4
90 4
95 4
100 5
105 5
110 5
115 6
120 6
125 6
130 7
135 7
140 7
145 7
150 8
155 9
160 9
165 9
170 9
175 9
180 10
185 10
190 11
195 12
200 11
205 12
210 12
215 13
220 13
225 13
230 14
235 14
240 15
245 15
250 15
255 15
260 16
265 16
270 17
275 18
280 17
285 18
290 18
295 18
300 19
305 20
310 20
315 20
320 22
325 21
330 21
335 22
340 22
345 23
350 23
355 24
360 24
365 24
370 25
375 25
380 26
385 26
390 27
395 27
400 28
405 28
410 28
415 28
420 29
425 29
430 30
435 31
440 30
445 32
450 32
455 33
460 33
465 33
470 34
475 34
480 34
485 34
490 36
495 36
500 36
505 37
510 37
515 37
520 38
525 38
530 40
535 40
540 40
545 40
550 41
555 42
560 42
565 42
570 43
575 43
580 43
585 44
590 44
595 45
600 45
605 46
610 45
615 47
620 47
625 48
630 48
635 48
640 49
645 50
650 50
655 50
660 51
665 51
670 51
675 52
680 53
685 53
690 53
695 55
700 55
705 55
710 56
715 56
720 57
725 57
730 58
735 58
740 59
745 59
750 59
755 60
760 60
765 61
770 62
775 62
780 62
785 63
790 63
795 64
800 64
805 65
810 66
815 67
820 66
825 67
830 67
835 68
840 67
845 69
850 69
855 70
860 70
865 70
870 71
875 72
880 73
885 73
890 74
895 75
900 75
905 75
910 76
915 76
920 76
925 78
930 77
935 78
940 79
945 80
950 79
955 80
960 80
965 81
970 81
975 84
980 83
985 83
990 84
995 84
1000 85
1005 85
1010 85
1015 86
1020 106
1025 144
1030 88
1035 89
1040 87
1045 90
1050 90
1055 111
1060 107
1065 91
1070 92
1075 141
1080 103
1085 104
1090 125
1095 108
1100 107
1105 105
1110 106
1115 106
1120 105
1125 106
1130 107
1135 110
1140 107
1145 124
1150 111
1155 111
1160 110
1165 110
1170 110
1175 111
1180 111
1185 112
1190 112
1195 110
1200 113
1205 113
1210 113
1215 114
1220 115
1225 115
1230 115
1235 116
1240 117
1245 117
1250 116
1255 117
1260 118
1265 117
1270 120
1275 119
1280 120
1285 120
1290 121
1295 122
1300 122
1305 123
1310 124
1315 124
1320 125
1325 126
1330 125
1335 126
1340 127
1345 127
1350 128
1355 128
1360 129
1365 130
1370 131
1375 131
1380 132
1385 132
1390 132
1395 134
1400 133
1405 134
1410 134
1415 135
1420 137
1425 136
1430 138
1435 138
1440 137
1445 138
1450 139
1455 141
1460 144
1465 141
1470 142
1475 142
1480 142
1485 143
1490 143
1495 145
1500 146
1505 146
1510 146
1515 147
1520 147
1525 148
1530 148
1535 149
1540 150
1545 151
1550 151
1555 151
1560 152
1565 153
1570 153
1575 154
1580 168
1585 151
1590 153
1595 151
1600 152
1605 153
1610 153
1615 155
1620 154
1625 156
1630 156
1635 156
1640 177
1645 175
1650 159
1655 159
1660 160
1665 160
1670 160
1675 162
1680 162
1685 162
1690 162
1695 163
1700 163
1705 164
1710 164
1715 165
1720 166
1725 167
1730 167
1735 168
1740 169
1745 264
1750 171
1755 169
1760 171
1765 172
1770 172
1775 173
1780 175
1785 254
1790 196
1795 178
1800 176
1805 177
1810 177
1815 178
1820 178
1825 180
1830 181
1835 180
1840 181
1845 182
1850 192
1855 178
1860 177
1865 179
1870 178
1875 181
1880 181
1885 181
1890 181
1895 243
1900 197
1905 183
1910 183
1915 183
1920 185
1925 185
1930 181
1935 187
1940 185
1945 186
1950 188
1955 188
1960 188
1965 189
1970 190
1975 190
1980 192
1985 191
1990 191
1995 191
2000 192
2005 267
2010 195
2015 195
2020 195
2025 197
2030 199
2035 198
2040 197
2045 199
2050 199
2055 276
2060 199
2065 200
2070 202
2075 202
2080 201
2085 203
2090 203
2095 205
2100 206
2105 205
2110 207
2115 208
2120 208
2125 207
2130 209
2135 208
2140 209
2145 209
2150 210
2155 210
2160 211
2165 213
2170 213
2175 335
2180 250
2185 250
2190 249
2195 260
2200 260
2205 264
2210 235
2215 220
2220 219
2225 219
2230 351
2235 221
2240 219
2245 221
2250 222
2255 222
2260 312
2265 265
2270 223
2275 224
2280 225
2285 244
2290 232
2295 232
2300 231
2305 232
2310 235
2315 234
2320 234
2325 236
2330 237
2335 237
2340 237
2345 238
2350 232
2355 241
2360 239
2365 241
2370 242
2375 242
2380 242
2385 243
2390 244
2395 244
2400 245
2405 245
2410 246
2415 247
2420 247
2425 247
2430 248
2435 299
2440 249
2445 251
2450 252
2455 252
2460 252
2465 254
2470 253
2475 253
2480 254
2485 255
2490 254
2495 256
2500 257
2505 257
2510 257
2515 260
2520 259
2525 260
2530 260
2535 262
2540 278
2545 262
2550 263
2555 262
2560 257
2565 265
2570 311
2575 266
2580 267
2585 266
2590 269
2595 268
2600 266
2605 269
2610 307
2615 289
2620 354
2625 271
2630 270
2635 311
2640 306
2645 335
2650 299
2655 275
2660 275
2665 275
2670 277
2675 276
2680 277
2685 279
2690 281
2695 280
2700 280
2705 281
2710 281
2715 282
2720 283
2725 284
2730 282
2735 284
2740 283
2745 285
2750 286
2755 285
2760 287
2765 288
2770 288
2775 289
2780 288
2785 290
2790 290
2795 327
2800 290
2805 290
2810 286
2815 286
2820 284
2825 286
2830 286
2835 287
2840 289
2845 288
2850 289
2855 289
2860 290
2865 292
2870 291
2875 292
2880 292
2885 293
2890 293
2895 371
2900 296
2905 296
2910 294
2915 298
2920 297
2925 297
2930 297
2935 300
2940 298
2945 300
2950 301
2955 299
2960 302
2965 365
2970 299
2975 303
2980 304
2985 391
2990 341
2995 307
3000 307
3005 307
3010 308
3015 311
3020 383
3025 310
3030 366
3035 311
3040 311
3045 312
3050 312
3055 313
3060 307
3065 315
3070 314
3075 315
3080 316
3085 317
3090 316
3095 318
3100 318
3105 320
3110 318
3115 321
3120 395
3125 321
3130 323
3135 322
3140 324
3145 404
3150 391
3155 325
3160 368
3165 357
3170 327
3175 326
3180 329
3185 329
3190 329
3195 331
3200 393
3205 397
3210 347
3215 330
3220 332
3225 333
3230 334
3235 334
3240 333
3245 336
3250 350
3255 345
3260 346
3265 433
3270 349
3275 349
3280 422
3285 460
3290 349
3295 348
3300 352
3305 350
3310 351
3315 351
3320 344
3325 352
3330 355
3335 353
3340 354
3345 354
3350 356
3355 357
3360 356
3365 359
3370 358
3375 360
3380 358
3385 361
3390 360
3395 362
3400 385
3405 421
3410 364
3415 364
3420 364
3425 365
3430 365
3435 365
3440 367
3445 366
3450 368
3455 368
3460 369
3465 369
3470 373
3475 371
3480 370
3485 374
3490 373
3495 374
3500 373
3505 385
3510 366
3515 367
3520 366
3525 367
3530 369
3535 481
3540 368
3545 370
3550 370
3555 496
3560 372
3565 375
3570 374
3575 374
3580 376
3585 375
3590 375
3595 376
3600 375
3605 377
3610 380
3615 378
3620 381
3625 380
3630 399
3635 416
3640 384
3645 382
3650 385
3655 411
3660 401
3665 455
3670 388
3675 387
3680 387
3685 461
3690 387
3695 389
3700 388
3705 390
3710 390
3715 391
3720 391
3725 391
3730 392
3735 392
3740 393
3745 394
3750 395
3755 395
3760 397
3765 397
3770 398
3775 400
3780 396
3785 398
3790 458
3795 400
3800 399
3805 400
3810 540
3815 404
3820 404
3825 404
3830 405
3835 405
3840 406
3845 406
3850 408
3855 406
3860 407
3865 407
3870 410
3875 445
3880 410
3885 411
3890 412
3895 412
3900 412
3905 487
3910 453
3915 527
3920 432
3925 415
3930 416
3935 416
3940 416
3945 438
3950 510
3955 419
3960 420
3965 441
3970 438
3975 421
3980 421
3985 422
3990 422
3995 423
4000 425
4005 424
4010 424
4015 500
4020 424
4025 466
4030 430
4035 428
4040 446
4045 506
4050 430
4055 429
4060 428
4065 431
4070 432
4075 433
4080 433
4085 434
4090 433
4095 433
4100 435
4105 436
4110 436
4115 437
4120 436
4125 469
4130 438
4135 440
4140 519
4145 440
4150 562
4155 442
4160 443
4165 443
4170 443
4175 444
4180 445
4185 445
4190 443
4195 447
4200 446
4205 447
4210 447
4215 560
4220 543
4225 593
4230 520
4235 463
4240 601
4245 486
4250 465
4255 620
4260 528
4265 538
4270 586
4275 470
4280 468
4285 506
4290 471
4295 470
4300 508
4305 472
4310 473
4315 472
4320 499
4325 474
4330 477
4335 475
4340 475
4345 593
4350 476
4355 482
4360 477
4365 477
4370 479
4375 480
4380 481
4385 480
4390 481
4395 482
4400 482
4405 471
4410 521
4415 531
4420 485
4425 487
4430 486
4435 487
4440 529
4445 530
4450 491
4455 490
4460 553
4465 509
4470 492
4475 491
4480 492
4485 494
4490 493
4495 493
4500 494
4505 494
4510 496
4515 496
4520 497
4525 498
4530 497
4535 497
4540 500
4545 544
4550 499
4555 501
4560 512
4565 488
4570 490
4575 492
4580 492
4585 491
4590 494
4595 494
4600 494
4605 496
4610 611
4615 494
4620 496
4625 497
4630 497
4635 498
4640 498
4645 577
4650 501
4655 502
4660 600
4665 501
4670 502
4675 501
4680 503
4685 504
4690 505
4695 505
4700 506
4705 505
4710 505
4715 510
4720 608
4725 509
4730 645
4735 510
4740 530
4745 574
4750 528
4755 525
4760 526
4765 527
4770 528
4775 527
4780 518
4785 528
4790 530
4795 530
4800 532
4805 532
4810 520
4815 531
4820 533
4825 521
4830 535
4835 596
4840 518
4845 525
4850 690
4855 511
4860 525
4865 525
4870 527
4875 525
4880 517
4885 526
4890 528
4895 592
4900 528
4905 530
4910 569
4915 534
4920 626
4925 548
4930 586
4935 547
4940 548
4945 587
4950 584
4955 552
4960 551
4965 552
4970 552
4975 540
4980 552
4985 580
4990 554
4995 555
5000 554
5005 548
5010 560
5015 545
5020 621
5025 545
5030 630
5035 627
5040 545
5045 546
5050 549
5055 683
5060 566
5065 565
5070 565
5075 566
5080 565
5085 570
5090 570
5095 567
5100 569
5105 613
5110 570
5115 561
5120 571
5125 608
5130 651
5135 679
5140 574
5145 575
5150 576
5155 575
5160 575
5165 574
5170 575
5175 576
5180 613
5185 619
5190 615
5195 582
5200 582
5205 634
5210 583
5215 583
5220 585
5225 585
5230 586
5235 619
5240 587
5245 586
5250 587
5255 586
5260 589
5265 771
5270 637
5275 697
5280 591
5285 576
5290 589
5295 593
5300 629
5305 691
5310 594
5315 596
5320 626
5325 598
5330 614
5335 635
5340 597
5345 599
5350 599
5355 636
5360 690
5365 685
5370 671
5375 662
5380 791
5385 726
5390 765
5395 630
5400 635
5405 633
5410 635
5415 654
5420 656
5425 628
5430 649
5435 634
5440 629
5445 631
5450 630
5455 638
5460 645
5465 636
5470 637
5475 647
5480 633
5485 648
5490 640
5495 643
5500 641
5505 647
5510 638
5515 685
5520 624
5525 642
5530 685
5535 642
5540 641
5545 646
5550 643
5555 650
5560 644
5565 674
5570 649
5575 650
5580 652
5585 656
5590 637
5595 650
5600 648
5605 646
5610 649
5615 651
5620 651
5625 652
5630 654
5635 665
5640 658
5645 662
5650 655
5655 663
5660 656
5665 660
5670 669
5675 655
5680 647
5685 660
5690 677
5695 665
5700 668
5705 671
5710 651
5715 669
5720 671
5725 668
5730 665
5735 675
5740 668
5745 670
5750 665
5755 669
5760 671
5765 658
5770 668
5775 688
5780 710
5785 673
5790 671
5795 672
5800 673
5805 674
5810 713
5815 674
5820 691
5825 675
5830 676
5835 675
5840 676
5845 678
5850 679
5855 681
5860 679
5865 682
5870 684
5875 683
5880 681
5885 686
5890 673
5895 687
5900 689
5905 686
5910 689
5915 689
5920 688
5925 686
5930 689
5935 691
5940 674
5945 695
5950 693
5955 710
5960 676
5965 772
5970 677
5975 678
5980 679
5985 678
5990 663
5995 682
6000 715
6005 680
6010 682
6015 681
6020 683
6025 689
6030 788
6035 749
6040 668
6045 684
6050 688
6055 691
6060 689
6065 698
6070 654
6075 673
6080 674
6085 669
6090 675
6095 677
6100 821
6105 733
6110 724
6115 710
6120 735
6125 678
6130 678
6135 680
6140 679
6145 681
6150 682
6155 682
6160 700
6165 700
6170 700
6175 743
6180 741
6185 704
6190 742
6195 706
6200 705
6205 705
6210 706
6215 784
6220 705
6225 706
6230 708
6235 754
6240 710
6245 772
6250 712
6255 818
6260 712
6265 732
6270 738
6275 716
6280 767
6285 716
6290 715
6295 717
6300 717
6305 734
6310 790
6315 721
6320 753
6325 759
6330 724
6335 721
6340 757
6345 724
6350 724
6355 764
6360 756
6365 726
6370 728
6375 725
6380 769
6385 729
6390 851
6395 729
6400 775
6405 728
6410 729
6415 732
6420 732
6425 772
6430 735
6435 736
6440 736
6445 768
6450 738
6455 754
6460 738
6465 737
6470 738
6475 738
6480 750
6485 738
6490 719
6495 721
6500 723
6505 725
6510 725
6515 883
6520 728
6525 894
6530 728
6535 729
6540 729
6545 757
6550 748
6555 751
6560 746
6565 750
6570 750
6575 751
6580 786
6585 754
6590 752
6595 755
6600 754
6605 768
6610 778
6615 786
6620 792
6625 796
6630 758
6635 758
6640 764
6645 813
6650 876
6655 856
6660 742
6665 840
6670 765
6675 767
6680 761
6685 764
6690 766
6695 754
6700 766
6705 809
6710 807
6715 771
6720 770
6725 772
6730 772
6735 770
6740 771
6745 773
6750 771
6755 772
6760 774
6765 776
6770 768
6775 800
6780 776
6785 860
6790 778
6795 758
6800 759
6805 758
6810 763
6815 763
6820 761
6825 829
6830 926
6835 815
6840 806
6845 788
6850 784
6855 785
6860 787
6865 786
6870 788
6875 790
6880 787
6885 791
6890 829
6895 772
6900 827
6905 810
6910 889
6915 775
6920 772
6925 773
6930 776
6935 773
6940 776
6945 774
6950 852
6955 776
6960 778
6965 899
6970 783
6975 817
6980 780
6985 816
6990 782
6995 782
7000 781
7005 785
7010 784
7015 860
7020 785
7025 805
7030 971
7035 929
7040 808
7045 812
7050 788
7055 813
7060 828
7065 793
7070 792
7075 793
7080 789
7085 791
7090 833
7095 797
7100 793
7105 795
7110 899
7115 818
7120 820
7125 820
7130 819
7135 834
7140 799
7145 805
7150 840
7155 801
7160 998
7165 802
7170 802
7175 802
7180 805
7185 805
7190 864
7195 803
7200 805
7205 808
7210 946
7215 809
7220 813
7225 811
7230 810
7235 809
7240 812
7245 812
7250 814
7255 851
7260 890
7265 818
7270 815
7275 896
7280 867
7285 836
7290 816
7295 819
7300 819
7305 820
7310 816
7315 820
7320 888
7325 896
7330 849
7335 876
7340 826
7345 825
7350 825
7355 824
7360 826
7365 829
7370 829
7375 902
7380 829
7385 830
7390 831
7395 904
7400 913
7405 832
7410 832
7415 837
7420 998
7425 864
7430 857
7435 858
7440 858
7445 857
7450 936
7455 853
7460 859
7465 863
7470 862
7475 860
7480 856
7485 843
7490 840
7495 913
7500 866
7505 866
7510 926
7515 845
7520 1028
7525 848
7530 938
7535 870
7540 871
7545 918
7550 870
7555 871
7560 870
7565 909
7570 947
7575 876
7580 877
7585 866
7590 852
7595 855
7600 889
7605 856
7610 856
7615 854
7620 856
7625 1054
7630 1030
7635 858
7640 875
7645 884
7650 881
7655 882
7660 921
7665 887
7670 886
7675 886
7680 905
7685 886
7690 897
7695 866
7700 923
7705 940
7710 870
7715 869
7720 870
7725 869
7730 873
7735 942
7740 869
7745 997
7750 873
7755 874
7760 877
7765 947
7770 952
7775 900
7780 957
7785 876
7790 947
7795 945
7800 904
7805 905
7810 904
7815 903
7820 905
7825 904
7830 906
7835 943
7840 907
7845 943
7850 910
7855 1087
7860 904
7865 909
7870 911
7875 912
7880 913
7885 912
7890 914
7895 914
7900 1130
7905 892
7910 893
7915 893
7920 892
7925 893
7930 936
7935 922
7940 923
7945 910
7950 898
7955 937
7960 898
7965 1094
7970 901
7975 900
7980 900
7985 901
7990 902
7995 902
8000 903
8005 901
8010 981
8015 904
8020 981
8025 907
8030 909
8035 905
8040 906
8045 963
8050 945
8055 910
8060 911
8065 1026
8070 912
8075 1081
8080 992
8085 912
8090 912
8095 962
8100 939
8105 942
8110 982
8115 940
8120 996
8125 1032
8130 988
8135 944
8140 983
8145 946
8150 946
8155 944
8160 946
8165 951
8170 980
8175 1041
8180 1043
8185 951
8190 1123
8195 986
8200 952
8205 953
8210 952
8215 953
8220 1030
8225 1005
8230 956
8235 954
8240 955
8245 958
8250 958
8255 981
8260 1003
8265 961
8270 965
8275 1006
8280 1061
8285 964
8290 965
8295 966
8300 966
8305 1002
8310 967
8315 967
8320 966
8325 1011
8330 1107
8335 1006
8340 1159
8345 1397
8350 1384
8355 1126
8360 973
8365 1108
8370 956
8375 1045
8380 974
8385 973
8390 973
8395 974
8400 977
8405 1013
8410 978
8415 1007
8420 1091
8425 1024
8430 979
8435 1096
8440 1028
8445 978
8450 981
8455 982
8460 983
8465 986
8470 1091
8475 1163
8480 987
8485 987
8490 983
8495 1042
8500 990
8505 988
8510 988
8515 1029
8520 1070
8525 994
8530 994
8535 994
8540 995
8545 994
8550 1034
8555 994
8560 997
8565 991
8570 1103
8575 1100
8580 974
8585 978
8590 975
8595 1047
8600 1001
8605 1129
8610 976
8615 998
8620 1064
8625 1003
8630 1001
8635 1007
8640 1003
8645 1005
8650 1047
8655 1011
8660 1008
8665 1154
8670 987
8675 1111
8680 1062
8685 1011
8690 1003
8695 999
8700 986
8705 988
8710 986
8715 1056
8720 993
8725 991
8730 1121
8735 990
8740 1067
8745 1065
8750 993
8755 990
8760 995
8765 1118
8770 1076
8775 1048
8780 996
8785 998
8790 1001
8795 999
8800 1000
8805 997
8810 1000
8815 1175
8820 1002
8825 1003
8830 1004
8835 1006
8840 1005
8845 1041
8850 1003
8855 1039
8860 1286
8865 1090
8870 1095
8875 1009
8880 1011
8885 1011
8890 985
8895 1037
8900 1082
8905 1040
8910 1121
8915 1040
8920 1042
8925 1041
8930 1042
8935 1088
8940 1044
8945 1018
8950 1090
8955 1020
8960 1173
8965 1116
8970 1057
8975 1109
8980 1024
8985 1130
8990 1050
8995 1052
9000 1050
9005 1093
9010 1284
9015 1131
9020 1054
9025 1054
9030 1053
9035 1056
9040 1055
9045 1088
9050 1055
9055 1141
9060 1141
9065 1059
9070 1065
9075 1032
9080 1007
9085 1069
9090 1036
9095 1076
9100 1084
9105 1114
9110 1038
9115 1038
9120 1039
9125 1038
9130 1040
9135 1039
9140 1043
9145 1039
9150 1125
9155 1207
9160 1244
9165 1143
9170 1086
9175 1102
9180 1102
9185 1104
9190 1102
9195 1110
9200 1109
9205 1100
9210 1106
9215 1107
9220 1105
9225 1106
9230 1105
9235 1114
9240 1104
9245 1135
9250 1081
9255 1082
9260 1082
9265 1083
9270 1158
9275 1082
9280 1085
9285 1135
9290 1151
9295 1086
9300 1086
9305 1089
9310 1130
9315 1091
9320 1090
9325 1159
9330 1298
9335 1166
9340 1106
9345 1092
9350 1095
9355 1092
9360 1095
9365 1097
9370 1098
9375 1128
9380 1099
9385 1099
9390 1170
9395 1101
9400 1100
9405 1120
9410 1104
9415 1148
9420 1154
9425 1098
9430 1092
9435 1079
9440 1076
9445 1117
9450 1078
9455 1077
9460 1081
9465 1162
9470 1081
9475 1084
9480 1082
9485 1083
9490 1081
9495 1086
9500 1084
9505 1123
9510 1168
9515 1279
9520 1227
9525 1091
9530 1087
9535 1090
9540 1166
9545 1121
9550 1121
9555 1156
9560 1122
9565 1122
9570 1123
9575 1124
9580 1122
9585 1136
9590 1208
9595 1098
9600 1171
9605 1098
9610 1189
9615 1096
9620 1101
9625 1235
9630 1131
9635 1129
9640 1128
9645 1172
9650 1135
9655 1136
9660 1132
9665 1133
9670 1135
9675 1109
9680 1102
9685 1112
9690 1187
9695 1109
9700 1226
9705 1107
9710 1111
9715 1149
9720 1112
9725 1112
9730 1304
9735 1198
9740 1115
9745 1111
9750 1113
9755 1115
9760 1115
9765 1115
9770 1193
9775 1120
9780 1204
9785 1203
9790 1121
9795 1123
9800 1121
9805 1126
9810 1204
9815 1125
9820 1121
9825 1198
9830 1126
9835 1192
9840 1127
9845 1128
9850 1132
9855 1131
9860 1132
9865 1111
9870 1233
9875 1261
9880 1135
9885 1133
9890 1134
9895 1137
9900 1135
9905 1209
9910 1217
9915 1273
9920 1138
9925 1140
9930 1212
9935 1207
9940 1242
9945 1145
9950 1143
9955 1232
9960 1264
9965 1247
9970 1175
9975 1227
9980 1202
9985 1178
9990 1174
9995 1212
10000 1207
