5 0
10 0
15 0
20 0
25 1
30 1
35 1
40 1
45 2
50 2
55 2
60 3
65 3
70 3
75 3
80 3
85 4
90 4
95 5
100 5
105 5
110 6
115 6
120 6
125 6
130 7
135 7
140 8
145 8
150 8
155 8
160 9
165 9
170 9
175 10
180 10
185 11
190 11
195 12
200 12
205 12
210 12
215 13
220 13
225 14
230 14
235 14
240 14
245 15
250 16
255 16
260 16
265 17
270 17
275 17
280 17
285 18
290 19
295 19
300 19
305 20
310 20
315 21
320 21
325 21
330 22
335 22
340 22
345 23
350 23
355 24
360 25
365 25
370 25
375 26
380 26
385 27
390 27
395 27
400 28
405 28
410 29
415 29
420 29
425 30
430 31
435 31
440 30
445 31
450 32
455 33
460 33
465 33
470 34
475 35
480 35
485 36
490 35
495 36
500 36
505 37
510 38
515 38
520 38
525 38
530 39
535 40
540 39
545 40
550 41
555 41
560 44
565 101
570 80
575 97
580 60
585 44
590 44
595 45
600 45
605 45
610 46
615 47
620 46
625 47
630 49
635 49
640 49
645 50
650 49
655 51
660 50
665 51
670 51
675 51
680 53
685 53
690 54
695 54
700 55
705 56
710 56
715 57
720 56
725 58
730 57
735 58
740 59
745 60
750 60
755 60
760 61
765 61
770 81
775 106
780 117
785 63
790 65
795 64
800 65
805 66
810 65
815 66
820 65
825 67
830 68
835 69
840 69
845 69
850 70
855 70
860 91
865 75
870 80
875 110
880 73
885 73
890 72
895 74
900 73
905 75
910 75
915 77
920 77
925 78
930 78
935 79
940 77
945 79
950 80
955 81
960 81
965 82
970 83
975 83
980 83
985 84
990 85
995 85
1000 85
1005 86
1010 86
1015 86
1020 87
1025 88
1030 88
1035 89
1040 89
1045 90
1050 90
1055 91
1060 140
1065 106
1070 101
1075 101
1080 102
1085 102
1090 102
1095 103
1100 106
1105 105
1110 107
1115 107
1120 120
1125 120
1130 121
1135 108
1140 108
1145 138
1150 108
1155 108
1160 109
1165 110
1170 108
1175 110
1180 110
1185 111
1190 111
1195 112
1200 112
1205 110
1210 110
1215 111
1220 111
1225 113
1230 112
1235 113
1240 113
1245 113
1250 115
1255 115
1260 115
1265 115
1270 117
1275 141
1280 121
1285 120
1290 120
1295 120
1300 121
1305 122
1310 121
1315 122
1320 122
1325 123
1330 123
1335 123
1340 125
1345 124
1350 126
1355 126
1360 126
1365 127
1370 127
1375 126
1380 128
1385 128
1390 129
1395 130
1400 130
1405 131
1410 131
1415 133
1420 133
1425 133
1430 134
1435 135
1440 134
1445 135
1450 136
1455 136
1460 137
1465 137
1470 139
1475 138
1480 139
1485 140
1490 140
1495 170
1500 141
1505 141
1510 142
1515 143
1520 143
1525 143
1530 145
1535 146
1540 146
1545 146
1550 146
1555 148
1560 147
1565 148
1570 149
1575 150
1580 149
1585 151
1590 150
1595 151
1600 152
1605 155
1610 153
1615 154
1620 154
1625 195
1630 156
1635 156
1640 158
1645 157
1650 158
1655 158
1660 159
1665 160
1670 217
1675 184
1680 165
1685 173
1690 181
1695 166
1700 166
1705 165
1710 167
1715 167
1720 168
1725 168
1730 204
1735 197
1740 171
1745 187
1750 170
1755 189
1760 186
1765 172
1770 172
1775 173
1780 172
1785 175
1790 174
1795 174
1800 170
1805 176
1810 178
1815 177
1820 178
1825 179
1830 175
1835 180
1840 180
1845 181
1850 181
1855 182
1860 179
1865 183
1870 183
1875 185
1880 185
1885 184
1890 186
1895 186
1900 207
1905 188
1910 189
1915 189
1920 190
1925 189
1930 190
1935 191
1940 192
1945 192
1950 248
1955 265
1960 194
1965 196
1970 235
1975 285
1980 196
1985 197
1990 199
1995 196
2000 199
2005 200
2010 201
2015 201
2020 201
2025 202
2030 204
2035 208
2040 203
2045 203
2050 204
2055 207
2060 259
2065 207
2070 207
2075 208
2080 207
2085 209
2090 208
2095 209
2100 210
2105 211
2110 212
2115 212
2120 213
2125 213
2130 214
2135 250
2140 256
2145 233
2150 214
2155 216
2160 216
2165 218
2170 285
2175 219
2180 219
2185 215
2190 221
2195 221
2200 221
2205 222
2210 223
2215 227
2220 295
2225 266
2230 228
2235 330
2240 245
2245 296
2250 241
2255 241
2260 242
2265 269
2270 241
2275 240
2280 243
2285 246
2290 243
2295 242
2300 243
2305 243
2310 244
2315 246
2320 256
2325 245
2330 250
2335 274
2340 254
2345 250
2350 248
2355 261
2360 254
2365 252
2370 254
2375 254
2380 253
2385 258
2390 254
2395 259
2400 261
2405 262
2410 261
2415 257
2420 269
2425 264
2430 257
2435 256
2440 259
2445 259
2450 261
2455 264
2460 262
2465 267
2470 268
2475 278
2480 264
2485 265
2490 265
2495 264
2500 271
2505 269
2510 270
2515 272
2520 297
2525 277
2530 271
2535 271
2540 270
2545 280
2550 289
2555 273
2560 276
2565 275
2570 280
2575 280
2580 281
2585 282
2590 300
2595 314
2600 307
2605 295
2610 309
2615 326
2620 296
2625 308
2630 309
2635 292
2640 308
2645 358
2650 303
2655 315
2660 287
2665 288
2670 292
2675 292
2680 283
2685 303
2690 285
2695 292
2700 291
2705 291
2710 291
2715 294
2720 287
2725 294
2730 296
2735 295
2740 296
2745 297
2750 322
2755 300
2760 299
2765 298
2770 299
2775 299
2780 297
2785 300
2790 302
2795 312
2800 304
2805 305
2810 306
2815 305
2820 305
2825 310
2830 308
2835 306
2840 308
2845 307
2850 309
2855 307
2860 308
2865 310
2870 308
2875 343
2880 312
2885 313
2890 312
2895 313
2900 309
2905 313
2910 314
2915 316
2920 315
2925 316
2930 316
2935 317
2940 317
2945 318
2950 319
2955 319
2960 320
2965 321
2970 320
2975 323
2980 352
2985 325
2990 324
2995 326
3000 324
3005 390
3010 332
3015 373
3020 340
3025 329
3030 330
3035 330
3040 330
3045 332
3050 335
3055 332
3060 333
3065 335
3070 333
3075 333
3080 336
3085 337
3090 337
3095 337
3100 337
3105 338
3110 338
3115 341
3120 331
3125 342
3130 343
3135 345
3140 339
3145 342
3150 353
3155 345
3160 343
3165 345
3170 388
3175 346
3180 347
3185 340
3190 346
3195 348
3200 348
3205 350
3210 351
3215 350
3220 351
3225 352
3230 354
3235 354
3240 364
3245 354
3250 354
3255 355
3260 356
3265 372
3270 359
3275 358
3280 358
3285 369
3290 369
3295 350
3300 350
3305 348
3310 353
3315 391
3320 392
3325 355
3330 359
3335 378
3340 358
3345 356
3350 358
3355 357
3360 359
3365 360
3370 359
3375 360
3380 360
3385 391
3390 396
3395 445
3400 363
3405 365
3410 393
3415 364
3420 435
3425 437
3430 365
3435 366
3440 369
3445 434
3450 392
3455 370
3460 370
3465 371
3470 371
3475 372
3480 373
3485 372
3490 375
3495 374
3500 365
3505 375
3510 374
3515 376
3520 377
3525 400
3530 395
3535 380
3540 380
3545 418
3550 386
3555 408
3560 392
3565 384
3570 385
3575 386
3580 386
3585 387
3590 385
3595 385
3600 388
3605 389
3610 389
3615 388
3620 390
3625 433
3630 389
3635 390
3640 393
3645 393
3650 393
3655 408
3660 385
3665 387
3670 387
3675 387
3680 388
3685 471
3690 482
3695 536
3700 526
3705 665
3710 389
3715 393
3720 392
3725 391
3730 393
3735 393
3740 393
3745 397
3750 386
3755 396
3760 398
3765 413
3770 405
3775 411
3780 409
3785 410
3790 411
3795 411
3800 412
3805 458
3810 413
3815 414
3820 416
3825 460
3830 416
3835 416
3840 417
3845 418
3850 418
3855 419
3860 419
3865 420
3870 420
3875 423
3880 421
3885 418
3890 421
3895 459
3900 422
3905 457
3910 423
3915 424
3920 473
3925 428
3930 427
3935 434
3940 452
3945 428
3950 429
3955 429
3960 430
3965 470
3970 431
3975 433
3980 433
3985 470
3990 435
3995 459
4000 444
4005 437
4010 436
4015 436
4020 436
4025 455
4030 438
4035 523
4040 442
4045 440
4050 441
4055 442
4060 445
4065 444
4070 442
4075 443
4080 445
4085 447
4090 449
4095 436
4100 437
4105 440
4110 438
4115 583
4120 439
4125 482
4130 570
4135 514
4140 592
4145 443
4150 443
4155 498
4160 535
4165 475
4170 442
4175 444
4180 448
4185 448
4190 471
4195 460
4200 538
4205 461
4210 460
4215 460
4220 463
4225 464
4230 465
4235 463
4240 464
4245 466
4250 510
4255 466
4260 562
4265 468
4270 468
4275 469
4280 467
4285 469
4290 471
4295 472
4300 471
4305 472
4310 505
4315 474
4320 473
4325 474
4330 473
4335 476
4340 476
4345 476
4350 478
4355 566
4360 478
4365 476
4370 553
4375 480
4380 483
4385 483
4390 568
4395 815
4400 554
4405 609
4410 472
4415 616
4420 474
4425 624
4430 475
4435 477
4440 477
4445 570
4450 477
4455 562
4460 479
4465 478
4470 572
4475 522
4480 492
4485 493
4490 492
4495 496
4500 498
4505 497
4510 497
4515 653
4520 499
4525 496
4530 498
4535 536
4540 501
4545 582
4550 501
4555 503
4560 583
4565 504
4570 504
4575 497
4580 505
4585 506
4590 542
4595 506
4600 507
4605 508
4610 510
4615 510
4620 509
4625 513
4630 511
4635 512
4640 593
4645 515
4650 518
4655 516
4660 550
4665 516
4670 516
4675 517
4680 517
4685 519
4690 518
4695 521
4700 520
4705 520
4710 519
4715 522
4720 560
4725 522
4730 524
4735 562
4740 519
4745 529
4750 709
4755 513
4760 570
4765 513
4770 548
4775 516
4780 513
4785 517
4790 556
4795 519
4800 517
4805 519
4810 519
4815 585
4820 521
4825 576
4830 578
4835 556
4840 608
4845 743
4850 661
4855 724
4860 728
4865 571
4870 582
4875 540
4880 542
4885 593
4890 544
4895 546
4900 580
4905 644
4910 548
4915 547
4920 637
4925 549
4930 549
4935 639
4940 552
4945 551
4950 551
4955 551
4960 551
4965 553
4970 581
4975 551
4980 556
4985 556
4990 556
4995 596
5000 556
5005 546
5010 555
5015 660
5020 557
5025 558
5030 562
5035 561
5040 562
5045 597
5050 565
5055 563
5060 563
5065 564
5070 566
5075 565
5080 567
5085 692
5090 567
5095 653
5100 568
5105 604
5110 569
5115 570
5120 573
5125 573
5130 571
5135 575
5140 572
5145 627
5150 572
5155 576
5160 576
5165 577
5170 672
5175 582
5180 578
5185 581
5190 581
5195 579
5200 581
5205 581
5210 582
5215 582
5220 580
5225 585
5230 585
5235 570
5240 570
5245 571
5250 612
5255 653
5260 561
5265 592
5270 660
5275 575
5280 575
5285 651
5290 576
5295 615
5300 577
5305 576
5310 641
5315 596
5320 593
5325 597
5330 601
5335 581
5340 628
5345 585
5350 582
5355 583
5360 584
5365 583
5370 587
5375 585
5380 587
5385 587
5390 587
5395 588
5400 681
5405 589
5410 590
5415 590
5420 656
5425 668
5430 650
5435 675
5440 613
5445 661
5450 633
5455 595
5460 595
5465 612
5470 613
5475 610
5480 614
5485 672
5490 617
5495 615
5500 651
5505 641
5510 626
5515 621
5520 620
5525 621
5530 626
5535 624
5540 630
5545 727
5550 608
5555 610
5560 608
5565 609
5570 609
5575 609
5580 612
5585 687
5590 613
5595 755
5600 613
5605 614
5610 615
5615 630
5620 631
5625 633
5630 634
5635 634
5640 635
5645 676
5650 637
5655 636
5660 636
5665 676
5670 639
5675 784
5680 640
5685 678
5690 642
5695 642
5700 644
5705 704
5710 645
5715 643
5720 685
5725 647
5730 645
5735 645
5740 688
5745 649
5750 855
5755 649
5760 647
5765 689
5770 651
5775 654
5780 652
5785 651
5790 651
5795 651
5800 655
5805 656
5810 662
5815 694
5820 690
5825 659
5830 666
5835 642
5840 715
5845 644
5850 640
5855 647
5860 645
5865 718
5870 646
5875 647
5880 650
5885 647
5890 713
5895 669
5900 691
5905 686
5910 670
5915 650
5920 655
5925 656
5930 654
5935 652
5940 655
5945 656
5950 655
5955 657
5960 660
5965 799
5970 660
5975 661
5980 661
5985 659
5990 644
5995 660
6000 661
6005 664
6010 664
6015 666
6020 730
6025 663
6030 664
6035 788
6040 766
6045 771
6050 790
6055 687
6060 687
6065 687
6070 723
6075 690
6080 690
6085 690
6090 690
6095 691
6100 695
6105 693
6110 771
6115 694
6120 731
6125 697
6130 695
6135 697
6140 852
6145 802
6150 696
6155 745
6160 696
6165 697
6170 700
6175 704
6180 774
6185 701
6190 739
6195 724
6200 705
6205 727
6210 706
6215 707
6220 704
6225 705
6230 774
6235 710
6240 709
6245 712
6250 744
6255 711
6260 710
6265 711
6270 713
6275 709
6280 714
6285 717
6290 714
6295 714
6300 715
6305 714
6310 699
6315 781
6320 775
6325 703
6330 800
6335 720
6340 704
6345 769
6350 704
6355 703
6360 778
6365 746
6370 742
6375 745
6380 726
6385 723
6390 767
6395 728
6400 730
6405 729
6410 730
6415 731
6420 728
6425 731
6430 774
6435 731
6440 738
6445 733
6450 734
6455 735
6460 774
6465 737
6470 818
6475 779
6480 741
6485 740
6490 740
6495 753
6500 722
6505 721
6510 724
6515 723
6520 727
6525 826
6530 743
6535 745
6540 754
6545 727
6550 727
6555 729
6560 803
6565 728
6570 818
6575 748
6580 805
6585 733
6590 733
6595 841
6600 734
6605 876
6610 734
6615 735
6620 736
6625 756
6630 753
6635 756
6640 758
6645 755
6650 761
6655 760
6660 798
6665 764
6670 761
6675 760
6680 759
6685 770
6690 816
6695 745
6700 828
6705 746
6710 748
6715 747
6720 748
6725 826
6730 747
6735 907
6740 749
6745 753
6750 750
6755 753
6760 752
6765 754
6770 832
6775 754
6780 816
6785 755
6790 879
6795 839
6800 755
6805 769
6810 778
6815 777
6820 778
6825 779
6830 781
6835 781
6840 784
6845 784
6850 815
6855 821
6860 785
6865 906
6870 788
6875 787
6880 787
6885 790
6890 836
6895 789
6900 789
6905 792
6910 791
6915 828
6920 793
6925 788
6930 772
6935 847
6940 774
6945 772
6950 775
6955 774
6960 778
6965 774
6970 795
6975 819
6980 870
6985 874
6990 885
6995 803
7000 805
7005 902
7010 803
7015 804
7020 806
7025 807
7030 806
7035 787
7040 844
7045 807
7050 811
7055 807
7060 810
7065 810
7070 792
7075 811
7080 813
7085 861
7090 814
7095 794
7100 825
7105 868
7110 797
7115 920
7120 797
7125 798
7130 875
7135 799
7140 800
7145 798
7150 800
7155 799
7160 803
7165 881
7170 798
7175 803
7180 804
7185 805
7190 807
7195 808
7200 802
7205 805
7210 806
7215 808
7220 808
7225 808
7230 889
7235 896
7240 882
7245 811
7250 811
7255 812
7260 813
7265 813
7270 969
7275 911
7280 897
7285 879
7290 838
7295 879
7300 879
7305 844
7310 884
7315 839
7320 844
7325 843
7330 844
7335 836
7340 845
7345 885
7350 893
7355 912
7360 849
7365 846
7370 850
7375 849
7380 851
7385 830
7390 831
7395 832
7400 948
7405 952
7410 912
7415 831
7420 830
7425 833
7430 832
7435 833
7440 864
7445 858
7450 858
7455 862
7460 855
7465 890
7470 860
7475 910
7480 935
7485 863
7490 884
7495 898
7500 864
7505 865
7510 864
7515 865
7520 955
7525 864
7530 869
7535 869
7540 983
7545 907
7550 872
7555 874
7560 874
7565 874
7570 872
7575 874
7580 951
7585 994
7590 877
7595 875
7600 880
7605 859
7610 854
7615 857
7620 856
7625 857
7630 1028
7635 982
7640 866
7645 969
7650 857
7655 862
7660 862
7665 861
7670 864
7675 1000
7680 865
7685 866
7690 944
7695 866
7700 996
7705 894
7710 891
7715 894
7720 893
7725 892
7730 895
7735 897
7740 896
7745 951
7750 896
7755 895
7760 868
7765 874
7770 967
7775 879
7780 877
7785 878
7790 878
7795 954
7800 880
7805 923
7810 990
7815 904
7820 905
7825 906
7830 899
7835 907
7840 906
7845 908
7850 942
7855 894
7860 987
7865 947
7870 914
7875 911
7880 911
7885 902
7890 889
7895 949
7900 908
7905 915
7910 918
7915 949
7920 1060
7925 893
7930 920
7935 1082
7940 895
7945 897
7950 896
7955 896
7960 898
7965 962
7970 1009
7975 959
7980 926
7985 928
7990 925
7995 928
8000 959
8005 928
8010 925
8015 931
8020 1002
8025 908
8030 999
8035 1041
8040 1017
8045 1054
8050 1344
8055 1285
8060 1022
8065 1004
8070 933
8075 938
8080 1084
8085 938
8090 943
8095 939
8100 941
8105 998
8110 1077
8115 946
8120 1060
8125 994
8130 1040
8135 940
8140 979
8145 948
8150 946
8155 984
8160 971
8165 975
8170 953
8175 973
8180 983
8185 974
8190 978
8195 981
8200 990
8205 952
8210 950
8215 951
8220 996
8225 956
8230 1035
8235 954
8240 956
8245 969
8250 959
8255 961
8260 961
8265 961
8270 959
8275 1025
8280 964
8285 963
8290 963
8295 963
8300 1075
8305 939
8310 941
8315 940
8320 939
8325 1013
8330 940
8335 1056
8340 944
8345 1016
8350 1024
8355 968
8360 967
8365 971
8370 969
8375 1052
8380 972
8385 957
8390 975
8395 984
8400 948
8405 951
8410 950
8415 950
8420 953
8425 955
8430 1027
8435 1009
8440 972
8445 956
8450 981
8455 984
8460 976
8465 996
8470 958
8475 962
8480 1031
8485 1046
8490 959
8495 964
8500 964
8505 1042
8510 961
8515 965
8520 938
8525 967
8530 1007
8535 1138
8540 1219
8545 1034
8550 1024
8555 1022
8560 1023
8565 1011
8570 1024
8575 1028
8580 1038
8585 1026
8590 1023
8595 1027
8600 1031
8605 1027
8610 1031
8615 1029
8620 1030
8625 1032
8630 1035
8635 1082
8640 1005
8645 1006
8650 1043
8655 1041
8660 1009
8665 1009
8670 1012
8675 1057
8680 1053
8685 1011
8690 1191
8695 1008
8700 1012
8705 1015
8710 1015
8715 1014
8720 1014
8725 1069
8730 991
8735 1079
8740 991
8745 991
8750 989
8755 993
8760 993
8765 993
8770 997
8775 1119
8780 998
8785 998
8790 998
8795 999
8800 1002
8805 1000
8810 1004
8815 1001
8820 1000
8825 1098
8830 1079
8835 1182
8840 1004
8845 1023
8850 1162
8855 1038
8860 1045
8865 1033
8870 1032
8875 1113
8880 1041
8885 1076
8890 1038
8895 1039
8900 1039
8905 1037
8910 1039
8915 1043
8920 1043
8925 1027
8930 1131
8935 1041
8940 1043
8945 1046
8950 1046
8955 1036
8960 1018
8965 1102
8970 1113
8975 1010
8980 1022
8985 1072
8990 1097
8995 1064
9000 1065
9005 1053
9010 1052
9015 1095
9020 1199
9025 1143
9030 1057
9035 1055
9040 1052
9045 1059
9050 1058
9055 1056
9060 1058
9065 1100
9070 1055
9075 1064
9080 1064
9085 1072
9090 1038
9095 1036
9100 1035
9105 1035
9110 1123
9115 1074
9120 1170
9125 1039
9130 1040
9135 1122
9140 1113
9145 1039
9150 1043
9155 1117
9160 1221
9165 1043
9170 1044
9175 1046
9180 1047
9185 1048
9190 1048
9195 1049
9200 1050
9205 1217
9210 1050
9215 1183
9220 1153
9225 1116
9230 1083
9235 1080
9240 1080
9245 1082
9250 1083
9255 1125
9260 1097
9265 1095
9270 1055
9275 1060
9280 1145
9285 1093
9290 1063
9295 1078
9300 1138
9305 1203
9310 1059
9315 1059
9320 1064
9325 1172
9330 1082
9335 1065
9340 1065
9345 1176
9350 1085
9355 1093
9360 1095
9365 1094
9370 1099
9375 1100
9380 1096
9385 1121
9390 1157
9395 1149
9400 1176
9405 1074
9410 1136
9415 1075
9420 1112
9425 1073
9430 1221
9435 1281
9440 1078
9445 1199
9450 1080
9455 1079
9460 1082
9465 1118
9470 1137
9475 1106
9480 1169
9485 1108
9490 1220
9495 1111
9500 1114
9505 1115
9510 1115
9515 1114
9520 1079
9525 1355
9530 1091
9535 1094
9540 1163
9545 1090
9550 1090
9555 1093
9560 1169
9565 1111
9570 1159
9575 1191
9580 1142
9585 1124
9590 1131
9595 1129
9600 1140
9605 1101
9610 1249
9615 1168
9620 1103
9625 1101
9630 1103
9635 1103
9640 1125
9645 1224
9650 1107
9655 1106
9660 1136
9665 1270
9670 1123
9675 1107
9680 1112
9685 1112
9690 1129
9695 1112
9700 1113
9705 1206
9710 1212
9715 1229
9720 1112
9725 1132
9730 1181
9735 1177
9740 1144
9745 1245
9750 1142
9755 1266
9760 1148
9765 1151
9770 1147
9775 1150
9780 1151
9785 1194
9790 1189
9795 1143
9800 1154
9805 1155
9810 1142
9815 1123
9820 1126
9825 1204
9830 1128
9835 1273
9840 1346
9845 1202
9850 1171
9855 1158
9860 1131
9865 1166
9870 1169
9875 1288
9880 1164
9885 1165
9890 1164
9895 1167
9900 1162
9905 1168
9910 1163
9915 1169
9920 1329
9925 1325
9930 1168
9935 1170
9940 1165
9945 1173
9950 1173
9955 1202
9960 1292
9965 1175
9970 1160
9975 1148
9980 1145
9985 1145
9990 1145
9995 1149
10000 1218
