5 0
10 0
15 0
20 0
25 1
30 1
35 1
40 1
45 2
50 2
55 2
60 2
65 3
70 3
75 3
80 4
85 4
90 4
95 4
100 5
105 5
110 5
115 6
120 6
125 6
130 7
135 7
140 8
145 7
150 8
155 8
160 9
165 9
170 9
175 10
180 10
185 11
190 11
195 11
200 12
205 12
210 12
215 13
220 13
225 13
230 14
235 14
240 14
245 15
250 15
255 16
260 16
265 17
270 19
275 18
280 18
285 18
290 18
295 19
300 19
305 20
310 20
315 21
320 21
325 21
330 22
335 22
340 23
345 22
350 23
355 23
360 24
365 25
370 25
375 26
380 26
385 26
390 27
395 27
400 28
405 28
410 28
415 29
420 29
425 30
430 30
435 31
440 31
445 31
450 32
455 32
460 32
465 33
470 33
475 34
480 35
485 35
490 35
495 36
500 37
505 37
510 37
515 37
520 38
525 38
530 38
535 40
540 40
545 40
550 40
555 41
560 42
565 43
570 42
575 43
580 44
585 44
590 45
595 45
600 46
605 46
610 47
615 48
620 48
625 48
630 49
635 49
640 50
645 50
650 50
655 50
660 51
665 52
670 52
675 53
680 53
685 53
690 54
695 54
700 55
705 55
710 55
715 57
720 57
725 57
730 58
735 58
740 59
745 59
750 60
755 60
760 61
765 61
770 62
775 62
780 62
785 63
790 63
795 64
800 64
805 66
810 65
815 66
820 66
825 67
830 68
835 68
840 69
845 69
850 69
855 69
860 70
865 71
870 71
875 73
880 72
885 73
890 73
895 74
900 74
905 75
910 76
915 76
920 77
925 76
930 76
935 78
940 79
945 78
950 80
955 80
960 80
965 81
970 81
975 82
980 82
985 84
990 84
995 84
1000 84
1005 86
1010 86
1015 86
1020 87
1025 107
1030 108
1035 89
1040 88
1045 90
1050 88
1055 90
1060 91
1065 91
1070 156
1075 103
1080 104
1085 99
1090 100
1095 99
1100 100
1105 100
1110 103
1115 101
1120 102
1125 114
1130 104
1135 105
1140 105
1145 105
1150 107
1155 107
1160 107
1165 108
1170 108
1175 110
1180 107
1185 110
1190 108
1195 110
1200 112
1205 113
1210 114
1215 126
1220 130
1225 128
1230 112
1235 112
1240 113
1245 113
1250 114
1255 115
1260 115
1265 115
1270 115
1275 116
1280 116
1285 118
1290 119
1295 119
1300 121
1305 120
1310 121
1315 124
1320 157
1325 130
1330 130
1335 131
1340 129
1345 130
1350 131
1355 132
1360 131
1365 131
1370 132
1375 135
1380 164
1385 139
1390 145
1395 136
1400 139
1405 137
1410 167
1415 137
1420 138
1425 143
1430 148
1435 154
1440 141
1445 143
1450 152
1455 143
1460 142
1465 142
1470 155
1475 143
1480 150
1485 147
1490 145
1495 152
1500 146
1505 147
1510 147
1515 149
1520 148
1525 149
1530 163
1535 145
1540 146
1545 148
1550 147
1555 148
1560 148
1565 150
1570 149
1575 191
1580 151
1585 151
1590 152
1595 151
1600 166
1605 157
1610 159
1615 159
1620 158
1625 160
1630 160
1635 161
1640 160
1645 161
1650 158
1655 162
1660 163
1665 166
1670 180
1675 186
1680 185
1685 186
1690 188
1695 170
1700 171
1705 171
1710 172
1715 171
1720 174
1725 173
1730 173
1735 172
1740 173
1745 174
1750 174
1755 174
1760 176
1765 177
1770 176
1775 178
1780 177
1785 177
1790 188
1795 180
1800 182
1805 181
1810 178
1815 182
1820 183
1825 183
1830 182
1835 184
1840 184
1845 184
1850 185
1855 186
1860 186
1865 187
1870 189
1875 191
1880 186
1885 190
1890 187
1895 191
1900 206
1905 196
1910 196
1915 195
1920 196
1925 195
1930 197
1935 197
1940 224
1945 198
1950 202
1955 200
1960 199
1965 201
1970 201
1975 202
1980 202
1985 203
1990 241
1995 204
2000 203
2005 204
2010 206
2015 206
2020 208
2025 207
2030 208
2035 207
2040 209
2045 210
2050 210
2055 211
2060 211
2065 212
2070 212
2075 213
2080 214
2085 215
2090 234
2095 257
2100 246
2105 229
2110 233
2115 244
2120 274
2125 242
2130 238
2135 249
2140 226
2145 259
2150 276
2155 225
2160 225
2165 224
2170 225
2175 263
2180 236
2185 245
2190 237
2195 230
2200 235
2205 230
2210 233
2215 237
2220 257
2225 250
2230 235
2235 237
2240 238
2245 235
2250 236
2255 237
2260 239
2265 238
2270 236
2275 240
2280 240
2285 240
2290 241
2295 244
2300 244
2305 244
2310 243
2315 236
2320 241
2325 245
2330 244
2335 243
2340 246
2345 247
2350 250
2355 252
2360 245
2365 252
2370 251
2375 251
2380 252
2385 251
2390 251
2395 252
2400 252
2405 256
2410 258
2415 256
2420 255
2425 258
2430 257
2435 258
2440 256
2445 254
2450 258
2455 259
2460 259
2465 260
2470 309
2475 264
2480 265
2485 263
2490 265
2495 267
2500 275
2505 268
2510 266
2515 274
2520 271
2525 274
2530 269
2535 272
2540 274
2545 272
2550 273
2555 274
2560 276
2565 279
2570 275
2575 278
2580 279
2585 277
2590 275
2595 275
2600 308
2605 278
2610 279
2615 279
2620 279
2625 279
2630 282
2635 283
2640 282
2645 281
2650 282
2655 283
2660 283
2665 283
2670 286
2675 291
2680 285
2685 286
2690 286
2695 287
2700 289
2705 295
2710 293
2715 291
2720 289
2725 290
2730 292
2735 331
2740 293
2745 295
2750 293
2755 295
2760 294
2765 304
2770 328
2775 297
2780 298
2785 299
2790 299
2795 301
2800 300
2805 300
2810 300
2815 301
2820 303
2825 305
2830 304
2835 304
2840 306
2845 306
2850 308
2855 306
2860 310
2865 308
2870 310
2875 311
2880 310
2885 311
2890 330
2895 311
2900 310
2905 312
2910 305
2915 314
2920 313
2925 314
2930 319
2935 318
2940 315
2945 318
2950 316
2955 317
2960 320
2965 321
2970 321
2975 320
2980 322
2985 320
2990 322
2995 323
3000 323
3005 324
3010 325
3015 325
3020 327
3025 327
3030 326
3035 328
3040 327
3045 330
3050 330
3055 330
3060 332
3065 330
3070 331
3075 334
3080 333
3085 335
3090 333
3095 335
3100 334
3105 338
3110 336
3115 339
3120 338
3125 336
3130 341
3135 340
3140 340
3145 341
3150 337
3155 342
3160 344
3165 344
3170 344
3175 345
3180 343
3185 347
3190 346
3195 346
3200 360
3205 481
3210 340
3215 341
3220 378
3225 342
3230 444
3235 344
3240 344
3245 344
3250 344
3255 363
3260 356
3265 362
3270 355
3275 369
3280 350
3285 348
3290 347
3295 350
3300 348
3305 351
3310 349
3315 352
3320 352
3325 353
3330 352
3335 354
3340 442
3345 356
3350 378
3355 357
3360 356
3365 356
3370 357
3375 359
3380 359
3385 359
3390 360
3395 360
3400 362
3405 363
3410 417
3415 363
3420 363
3425 366
3430 365
3435 365
3440 368
3445 366
3450 371
3455 405
3460 397
3465 371
3470 376
3475 459
3480 372
3485 373
3490 372
3495 373
3500 416
3505 395
3510 378
3515 377
3520 378
3525 379
3530 379
3535 380
3540 465
3545 381
3550 382
3555 384
3560 382
3565 411
3570 403
3575 451
3580 404
3585 385
3590 387
3595 390
3600 387
3605 428
3610 387
3615 388
3620 389
3625 389
3630 391
3635 390
3640 392
3645 393
3650 430
3655 393
3660 393
3665 393
3670 394
3675 428
3680 397
3685 396
3690 398
3695 407
3700 389
3705 389
3710 391
3715 391
3720 390
3725 391
3730 473
3735 393
3740 394
3745 392
3750 392
3755 523
3760 396
3765 396
3770 396
3775 396
3780 399
3785 397
3790 399
3795 400
3800 438
3805 400
3810 402
3815 402
3820 403
3825 403
3830 405
3835 404
3840 405
3845 405
3850 427
3855 448
3860 418
3865 455
3870 413
3875 421
3880 427
3885 412
3890 413
3895 467
3900 472
3905 412
3910 415
3915 413
3920 414
3925 414
3930 416
3935 416
3940 417
3945 577
3950 437
3955 418
3960 418
3965 419
3970 494
3975 422
3980 423
3985 421
3990 503
3995 464
4000 423
4005 425
4010 425
4015 426
4020 426
4025 426
4030 442
4035 438
4040 438
4045 439
4050 442
4055 443
4060 442
4065 443
4070 443
4075 432
4080 444
4085 486
4090 445
4095 444
4100 448
4105 448
4110 448
4115 450
4120 447
4125 471
4130 539
4135 461
4140 439
4145 440
4150 441
4155 442
4160 442
4165 512
4170 445
4175 444
4180 443
4185 445
4190 445
4195 517
4200 446
4205 523
4210 448
4215 574
4220 449
4225 452
4230 452
4235 452
4240 452
4245 451
4250 450
4255 453
4260 454
4265 456
4270 454
4275 453
4280 457
4285 515
4290 456
4295 457
4300 480
4305 513
4310 458
4315 460
4320 460
4325 461
4330 461
4335 463
4340 462
4345 464
4350 466
4355 464
4360 465
4365 467
4370 617
4375 482
4380 516
4385 515
4390 481
4395 486
4400 470
4405 560
4410 470
4415 472
4420 471
4425 545
4430 504
4435 488
4440 488
4445 521
4450 491
4455 489
4460 511
4465 492
4470 492
4475 493
4480 493
4485 527
4490 494
4495 531
4500 496
4505 576
4510 496
4515 575
4520 500
4525 500
4530 500
4535 498
4540 499
4545 535
4550 500
4555 488
4560 503
4565 505
4570 503
4575 505
4580 504
4585 505
4590 507
4595 508
4600 508
4605 544
4610 509
4615 548
4620 509
4625 562
4630 513
4635 511
4640 511
4645 511
4650 511
4655 513
4660 513
4665 515
4670 555
4675 515
4680 515
4685 519
4690 517
4695 519
4700 563
4705 714
4710 543
4715 522
4720 523
4725 523
4730 564
4735 522
4740 526
4745 524
4750 526
4755 526
4760 528
4765 527
4770 515
4775 527
4780 530
4785 530
4790 527
4795 700
4800 529
4805 530
4810 609
4815 554
4820 535
4825 537
4830 558
4835 574
4840 535
4845 538
4850 536
4855 537
4860 539
4865 537
4870 541
4875 539
4880 541
4885 623
4890 527
4895 530
4900 528
4905 531
4910 579
4915 619
4920 636
4925 534
4930 531
4935 534
4940 532
4945 532
4950 574
4955 536
4960 536
4965 538
4970 564
4975 624
4980 594
4985 553
4990 555
4995 616
5000 555
5005 556
5010 555
5015 555
5020 557
5025 558
5030 557
5035 559
5040 561
5045 559
5050 561
5055 561
5060 561
5065 613
5070 563
5075 566
5080 564
5085 566
5090 565
5095 570
5100 567
5105 567
5110 568
5115 568
5120 570
5125 572
5130 570
5135 578
5140 558
5145 559
5150 557
5155 622
5160 598
5165 562
5170 690
5175 561
5180 683
5185 563
5190 562
5195 563
5200 567
5205 566
5210 563
5215 569
5220 567
5225 569
5230 607
5235 637
5240 597
5245 583
5250 583
5255 635
5260 631
5265 572
5270 571
5275 574
5280 572
5285 577
5290 577
5295 596
5300 593
5305 594
5310 593
5315 593
5320 595
5325 594
5330 633
5335 595
5340 679
5345 597
5350 598
5355 598
5360 599
5365 622
5370 624
5375 602
5380 586
5385 586
5390 587
5395 586
5400 589
5405 696
5410 606
5415 602
5420 659
5425 590
5430 613
5435 761
5440 592
5445 593
5450 683
5455 611
5460 612
5465 613
5470 610
5475 613
5480 614
5485 616
5490 639
5495 616
5500 616
5505 736
5510 619
5515 655
5520 619
5525 629
5530 606
5535 604
5540 606
5545 605
5550 593
5555 608
5560 610
5565 609
5570 691
5575 609
5580 613
5585 610
5590 612
5595 613
5600 611
5605 652
5610 613
5615 616
5620 616
5625 616
5630 617
5635 618
5640 754
5645 619
5650 800
5655 638
5660 637
5665 675
5670 619
5675 640
5680 637
5685 640
5690 639
5695 640
5700 644
5705 641
5710 643
5715 642
5720 644
5725 728
5730 644
5735 644
5740 646
5745 648
5750 651
5755 757
5760 692
5765 709
5770 648
5775 821
5780 635
5785 637
5790 636
5795 715
5800 750
5805 639
5810 635
5815 731
5820 656
5825 659
5830 691
5835 661
5840 659
5845 660
5850 659
5855 661
5860 659
5865 663
5870 662
5875 699
5880 663
5885 666
5890 664
5895 667
5900 730
5905 667
5910 664
5915 666
5920 668
5925 704
5930 669
5935 671
5940 669
5945 653
5950 707
5955 817
5960 674
5965 774
5970 671
5975 677
5980 677
5985 711
5990 710
5995 676
6000 756
6005 685
6010 700
6015 680
6020 725
6025 682
6030 683
6035 681
6040 685
6045 686
6050 683
6055 683
6060 684
6065 686
6070 720
6075 689
6080 685
6085 688
6090 757
6095 761
6100 687
6105 690
6110 784
6115 673
6120 672
6125 671
6130 676
6135 674
6140 676
6145 826
6150 720
6155 750
6160 750
6165 749
6170 715
6175 699
6180 701
6185 701
6190 700
6195 700
6200 701
6205 705
6210 749
6215 704
6220 706
6225 715
6230 687
6235 769
6240 688
6245 689
6250 810
6255 690
6260 692
6265 691
6270 690
6275 673
6280 694
6285 695
6290 760
6295 694
6300 698
6305 810
6310 732
6315 697
6320 695
6325 773
6330 699
6335 809
6340 700
6345 701
6350 701
6355 703
6360 701
6365 749
6370 748
6375 798
6380 733
6385 708
6390 860
6395 708
6400 709
6405 709
6410 711
6415 822
6420 712
6425 728
6430 732
6435 729
6440 731
6445 778
6450 731
6455 727
6460 733
6465 738
6470 737
6475 735
6480 735
6485 744
6490 796
6495 731
6500 721
6505 720
6510 720
6515 823
6520 773
6525 813
6530 739
6535 723
6540 704
6545 726
6550 750
6555 748
6560 747
6565 747
6570 730
6575 748
6580 798
6585 750
6590 753
6595 750
6600 751
6605 751
6610 751
6615 730
6620 737
6625 737
6630 735
6635 738
6640 736
6645 756
6650 801
6655 739
6660 900
6665 740
6670 820
6675 804
6680 763
6685 763
6690 764
6695 764
6700 821
6705 862
6710 894
6715 766
6720 768
6725 766
6730 767
6735 768
6740 811
6745 768
6750 770
6755 773
6760 771
6765 772
6770 772
6775 850
6780 884
6785 775
6790 935
6795 775
6800 938
6805 777
6810 931
6815 1140
6820 1012
6825 953
6830 853
6835 779
6840 779
6845 807
6850 807
6855 804
6860 805
6865 809
6870 804
6875 806
6880 808
6885 834
6890 812
6895 810
6900 811
6905 971
6910 850
6915 824
6920 792
6925 878
6930 790
6935 862
6940 794
6945 795
6950 794
6955 799
6960 797
6965 798
6970 796
6975 798
6980 797
6985 831
6990 911
6995 799
7000 801
7005 803
7010 882
7015 875
7020 802
7025 830
7030 800
7035 810
7040 803
7045 808
7050 805
7055 806
7060 808
7065 809
7070 885
7075 839
7080 811
7085 810
7090 812
7095 810
7100 812
7105 815
7110 817
7115 816
7120 816
7125 820
7130 816
7135 812
7140 851
7145 799
7150 930
7155 800
7160 800
7165 802
7170 800
7175 802
7180 801
7185 803
7190 803
7195 802
7200 879
7205 841
7210 787
7215 806
7220 804
7225 806
7230 805
7235 842
7240 808
7245 844
7250 809
7255 811
7260 869
7265 883
7270 951
7275 1013
7280 814
7285 816
7290 815
7295 811
7300 816
7305 843
7310 877
7315 840
7320 943
7325 843
7330 842
7335 843
7340 840
7345 841
7350 862
7355 846
7360 880
7365 846
7370 845
7375 848
7380 944
7385 847
7390 933
7395 849
7400 848
7405 853
7410 855
7415 856
7420 830
7425 849
7430 852
7435 856
7440 876
7445 859
7450 857
7455 859
7460 857
7465 859
7470 848
7475 838
7480 837
7485 862
7490 835
7495 881
7500 859
7505 843
7510 1006
7515 842
7520 841
7525 843
7530 844
7535 847
7540 843
7545 848
7550 846
7555 963
7560 848
7565 831
7570 847
7575 847
7580 851
7585 852
7590 853
7595 853
7600 854
7605 1028
7610 852
7615 921
7620 837
7625 1020
7630 898
7635 906
7640 924
7645 884
7650 879
7655 879
7660 884
7665 886
7670 922
7675 887
7680 944
7685 898
7690 998
7695 864
7700 864
7705 865
7710 863
7715 867
7720 871
7725 946
7730 871
7735 870
7740 957
7745 872
7750 871
7755 873
7760 872
7765 874
7770 998
7775 875
7780 873
7785 947
7790 874
7795 876
7800 969
7805 953
7810 880
7815 962
7820 962
7825 880
7830 883
7835 880
7840 1025
7845 913
7850 996
7855 908
7860 909
7865 909
7870 910
7875 908
7880 909
7885 909
7890 951
7895 960
7900 889
7905 893
7910 892
7915 892
7920 892
7925 894
7930 895
7935 894
7940 1052
7945 894
7950 1001
7955 894
7960 1073
7965 1162
7970 970
7975 946
7980 949
7985 951
7990 952
7995 942
8000 950
8005 951
8010 949
8015 952
8020 952
8025 953
8030 954
8035 958
8040 960
8045 964
8050 931
8055 968
8060 934
8065 1022
8070 933
8075 1075
8080 979
8085 937
8090 935
8095 954
8100 963
8105 968
8110 965
8115 972
8120 967
8125 968
8130 966
8135 967
8140 970
8145 961
8150 939
8155 948
8160 947
8165 941
8170 1036
8175 945
8180 945
8185 948
8190 949
8195 943
8200 925
8205 922
8210 1104
8215 929
8220 997
8225 928
8230 928
8235 930
8240 929
8245 927
8250 929
8255 909
8260 969
8265 1036
8270 933
8275 1061
8280 934
8285 936
8290 938
8295 1011
8300 940
8305 939
8310 939
8315 978
8320 940
8325 927
8330 916
8335 1022
8340 940
8345 943
8350 942
8355 944
8360 965
8365 1022
8370 1055
8375 946
8380 1069
8385 947
8390 1044
8395 971
8400 975
8405 973
8410 976
8415 978
8420 1009
8425 980
8430 980
8435 980
8440 978
8445 956
8450 954
8455 957
8460 997
8465 957
8470 954
8475 1037
8480 960
8485 1086
8490 963
8495 960
8500 964
8505 961
8510 1001
8515 963
8520 963
8525 1096
8530 970
8535 966
8540 968
8545 980
8550 1032
8555 968
8560 970
8565 967
8570 973
8575 1071
8580 974
8585 1090
8590 1087
8595 974
8600 975
8605 970
8610 1015
8615 977
8620 977
8625 1175
8630 1081
8635 1004
8640 1007
8645 1005
8650 1003
8655 1000
8660 1007
8665 1005
8670 1006
8675 1065
8680 968
8685 1102
8690 960
8695 980
8700 989
8705 984
8710 991
8715 986
8720 1058
8725 1105
8730 991
8735 990
8740 993
8745 993
8750 993
8755 994
8760 1071
8765 994
8770 1094
8775 1135
8780 1169
8785 1132
8790 994
8795 999
8800 999
8805 1001
8810 996
8815 1093
8820 1028
8825 1108
8830 1032
8835 1027
8840 1004
8845 1031
8850 1031
8855 1065
8860 1070
8865 1006
8870 1043
8875 1100
8880 1147
8885 1009
8890 1006
8895 1011
8900 1009
8905 1012
8910 1085
8915 1011
8920 1100
8925 1013
8930 1014
8935 1076
8940 1016
8945 989
8950 1020
8955 1020
8960 1019
8965 1017
8970 1133
8975 1095
8980 1120
8985 1023
8990 1066
8995 1079
9000 1053
9005 1078
9010 1092
9015 1074
9020 1052
9025 1058
9030 1054
9035 1057
9040 1054
9045 1044
9050 1030
9055 1031
9060 1031
9065 1114
9070 1109
9075 1196
9080 1105
9085 1119
9090 1062
9095 1065
9100 1063
9105 1065
9110 1076
9115 1066
9120 1065
9125 1066
9130 1080
9135 1039
9140 1041
9145 1042
9150 1043
9155 1039
9160 1153
9165 1058
9170 1185
9175 1045
9180 1049
9185 1046
9190 1048
9195 1047
9200 1050
9205 1100
9210 1051
9215 1029
9220 1050
9225 1049
9230 1110
9235 1072
9240 1113
9245 1053
9250 1177
9255 1231
9260 1097
9265 1149
9270 1222
9275 1116
9280 1087
9285 1082
9290 1087
9295 1088
9300 1206
9305 1126
9310 1087
9315 1099
9320 1091
9325 1091
9330 1123
9335 1152
9340 1308
9345 1694
9350 1584
9355 1096
9360 1099
9365 1096
9370 1097
9375 1099
9380 1101
9385 1297
9390 1100
9395 1100
9400 1179
9405 1098
9410 1138
9415 1102
9420 1085
9425 1123
9430 1104
9435 1221
9440 1134
9445 1105
9450 1101
9455 1106
9460 1131
9465 1155
9470 1111
9475 1111
9480 1091
9485 1112
9490 1114
9495 1111
9500 1126
9505 1113
9510 1144
9515 1146
9520 1130
9525 1169
9530 1116
9535 1119
9540 1116
9545 1120
9550 1118
9555 1108
9560 1099
9565 1111
9570 1094
9575 1168
9580 1095
9585 1098
9590 1092
9595 1096
9600 1097
9605 1096
9610 1178
9615 1293
9620 1102
9625 1102
9630 1100
9635 1102
9640 1102
9645 1139
9650 1103
9655 1161
9660 1106
9665 1106
9670 1079
9675 1108
9680 1111
9685 1177
9690 1150
9695 1148
9700 1314
9705 1268
9710 1114
9715 1188
9720 1198
9725 1144
9730 1141
9735 1141
9740 1166
9745 1147
9750 1113
9755 1149
9760 1145
9765 1151
9770 1148
9775 1193
9780 1150
9785 1183
9790 1149
9795 1215
9800 1190
9805 1121
9810 1095
9815 1130
9820 1125
9825 1127
9830 1244
9835 1130
9840 1129
9845 1259
9850 1158
9855 1159
9860 1191
9865 1238
9870 1195
9875 1163
9880 1248
9885 1164
9890 1166
9895 1168
9900 1167
9905 1167
9910 1169
9915 1190
9920 1204
9925 1168
9930 1140
9935 1140
9940 1225
9945 1137
9950 1143
9955 1144
9960 1265
9965 1292
9970 1144
9975 1149
9980 1223
9985 1119
9990 1147
9995 1148
10000 1244
