5 0
10 0
15 0
20 0
25 1
30 1
35 1
40 2
45 2
50 2
55 2
60 3
65 3
70 3
75 3
80 4
85 4
90 4
95 4
100 5
105 5
110 5
115 6
120 6
125 6
130 8
135 8
140 8
145 8
150 8
155 9
160 9
165 9
170 10
175 10
180 11
185 11
190 11
195 11
200 12
205 12
210 13
215 13
220 14
225 14
230 14
235 15
240 16
245 15
250 16
255 17
260 17
265 17
270 18
275 18
280 19
285 19
290 19
295 19
300 19
305 20
310 21
315 21
320 21
325 22
330 22
335 23
340 23
345 24
350 24
355 25
360 25
365 25
370 25
375 26
380 27
385 27
390 28
395 27
400 28
405 29
410 29
415 30
420 30
425 30
430 31
435 31
440 32
445 32
450 33
455 34
460 34
465 34
470 35
475 36
480 35
485 36
490 37
495 37
500 38
505 37
510 39
515 39
520 40
525 40
530 40
535 40
540 42
545 42
550 42
555 42
560 42
565 43
570 43
575 43
580 45
585 45
590 45
595 46
600 46
605 47
610 47
615 48
620 49
625 50
630 50
635 50
640 50
645 51
650 50
655 52
660 52
665 53
670 53
675 54
680 55
685 56
690 55
695 56
700 55
705 57
710 57
715 58
720 58
725 59
730 60
735 60
740 60
745 61
750 60
755 61
760 62
765 62
770 63
775 64
780 64
785 65
790 65
795 66
800 66
805 69
810 68
815 68
820 81
825 67
830 68
835 69
840 66
845 69
850 69
855 69
860 71
865 70
870 72
875 72
880 72
885 73
890 73
895 74
900 75
905 75
910 76
915 76
920 74
925 77
930 77
935 78
940 76
945 79
950 78
955 99
960 114
965 81
970 81
975 82
980 81
985 122
990 83
995 85
1000 84
1005 85
1010 86
1015 87
1020 87
1025 88
1030 88
1035 88
1040 89
1045 90
1050 91
1055 109
1060 159
1065 108
1070 98
1075 97
1080 98
1085 98
1090 100
1095 100
1100 101
1105 101
1110 100
1115 103
1120 103
1125 104
1130 105
1135 105
1140 106
1145 107
1150 107
1155 106
1160 107
1165 107
1170 109
1175 110
1180 110
1185 110
1190 111
1195 111
1200 113
1205 127
1210 108
1215 110
1220 112
1225 112
1230 113
1235 113
1240 113
1245 114
1250 114
1255 115
1260 116
1265 116
1270 118
1275 117
1280 117
1285 118
1290 118
1295 119
1300 120
1305 120
1310 121
1315 121
1320 122
1325 122
1330 123
1335 123
1340 126
1345 124
1350 125
1355 125
1360 146
1365 132
1370 146
1375 128
1380 127
1385 149
1390 133
1395 130
1400 130
1405 131
1410 131
1415 133
1420 133
1425 134
1430 133
1435 135
1440 170
1445 151
1450 136
1455 137
1460 137
1465 137
1470 139
1475 138
1480 140
1485 140
1490 141
1495 141
1500 141
1505 143
1510 142
1515 142
1520 178
1525 144
1530 144
1535 145
1540 146
1545 147
1550 148
1555 147
1560 148
1565 148
1570 149
1575 150
1580 150
1585 151
1590 152
1595 173
1600 152
1605 153
1610 154
1615 173
1620 171
1625 155
1630 156
1635 156
1640 157
1645 157
1650 159
1655 159
1660 159
1665 158
1670 159
1675 161
1680 161
1685 163
1690 200
1695 165
1700 164
1705 165
1710 186
1715 166
1720 166
1725 167
1730 168
1735 167
1740 169
1745 169
1750 170
1755 170
1760 171
1765 189
1770 182
1775 172
1780 174
1785 174
1790 174
1795 175
1800 176
1805 184
1810 251
1815 215
1820 180
1825 200
1830 236
1835 209
1840 180
1845 179
1850 181
1855 181
1860 181
1865 183
1870 184
1875 184
1880 185
1885 186
1890 186
1895 185
1900 186
1905 186
1910 188
1915 188
1920 211
1925 244
1930 189
1935 190
1940 191
1945 191
1950 193
1955 192
1960 193
1965 193
1970 266
1975 195
1980 191
1985 197
1990 196
1995 198
2000 198
2005 200
2010 294
2015 200
2020 202
2025 201
2030 202
2035 201
2040 201
2045 203
2050 203
2055 224
2060 222
2065 205
2070 206
2075 206
2080 207
2085 208
2090 228
2095 245
2100 216
2105 215
2110 248
2115 243
2120 223
2125 225
2130 223
2135 225
2140 227
2145 226
2150 224
2155 224
2160 227
2165 228
2170 227
2175 227
2180 227
2185 229
2190 234
2195 251
2200 245
2205 231
2210 236
2215 233
2220 259
2225 274
2230 245
2235 246
2240 236
2245 237
2250 235
2255 238
2260 235
2265 236
2270 239
2275 238
2280 240
2285 242
2290 244
2295 244
2300 243
2305 244
2310 251
2315 246
2320 244
2325 239
2330 244
2335 240
2340 246
2345 247
2350 249
2355 246
2360 252
2365 250
2370 562
2375 674
2380 560
2385 565
2390 571
2395 557
2400 499
2405 537
2410 288
2415 257
2420 257
2425 255
2430 256
2435 256
2440 259
2445 256
2450 258
2455 263
2460 264
2465 267
2470 267
2475 266
2480 285
2485 279
2490 270
2495 278
2500 298
2505 301
2510 310
2515 271
2520 282
2525 270
2530 264
2535 281
2540 270
2545 270
2550 272
2555 304
2560 273
2565 269
2570 273
2575 278
2580 276
2585 274
2590 273
2595 272
2600 271
2605 278
2610 273
2615 275
2620 281
2625 293
2630 280
2635 280
2640 280
2645 281
2650 276
2655 284
2660 294
2665 285
2670 284
2675 284
2680 285
2685 289
2690 289
2695 292
2700 291
2705 313
2710 291
2715 290
2720 291
2725 292
2730 293
2735 303
2740 304
2745 294
2750 293
2755 292
2760 295
2765 294
2770 296
2775 296
2780 297
2785 298
2790 297
2795 300
2800 302
2805 300
2810 301
2815 301
2820 301
2825 304
2830 308
2835 306
2840 305
2845 310
2850 299
2855 305
2860 343
2865 307
2870 331
2875 310
2880 308
2885 308
2890 341
2895 321
2900 304
2905 304
2910 303
2915 303
2920 307
2925 306
2930 304
2935 307
2940 307
2945 308
2950 341
2955 309
2960 309
2965 309
2970 311
2975 313
2980 313
2985 313
2990 314
2995 316
3000 315
3005 316
3010 406
3015 377
3020 366
3025 357
3030 336
3035 336
3040 329
3045 330
3050 330
3055 330
3060 331
3065 330
3070 333
3075 333
3080 332
3085 332
3090 339
3095 336
3100 336
3105 336
3110 338
3115 339
3120 337
3125 338
3130 339
3135 339
3140 341
3145 382
3150 344
3155 337
3160 343
3165 380
3170 341
3175 487
3180 398
3185 428
3190 441
3195 404
3200 374
3205 431
3210 340
3215 341
3220 340
3225 342
3230 383
3235 343
3240 345
3245 344
3250 344
3255 346
3260 346
3265 349
3270 346
3275 348
3280 348
3285 350
3290 414
3295 353
3300 351
3305 351
3310 353
3315 352
3320 353
3325 354
3330 387
3335 418
3340 460
3345 408
3350 404
3355 358
3360 358
3365 357
3370 359
3375 361
3380 360
3385 361
3390 438
3395 363
3400 364
3405 466
3410 365
3415 367
3420 431
3425 365
3430 366
3435 367
3440 369
3445 401
3450 442
3455 370
3460 374
3465 369
3470 371
3475 406
3480 371
3485 372
3490 374
3495 375
3500 375
3505 375
3510 377
3515 379
3520 416
3525 379
3530 380
3535 412
3540 380
3545 384
3550 448
3555 381
3560 468
3565 382
3570 384
3575 384
3580 384
3585 386
3590 386
3595 387
3600 386
3605 387
3610 388
3615 388
3620 430
3625 390
3630 392
3635 392
3640 390
3645 393
3650 440
3655 395
3660 393
3665 395
3670 396
3675 466
3680 397
3685 397
3690 398
3695 399
3700 507
3705 401
3710 400
3715 402
3720 403
3725 402
3730 403
3735 405
3740 403
3745 406
3750 406
3755 408
3760 408
3765 408
3770 408
3775 453
3780 398
3785 400
3790 403
3795 401
3800 483
3805 403
3810 402
3815 403
3820 401
3825 403
3830 403
3835 405
3840 406
3845 406
3850 406
3855 483
3860 409
3865 409
3870 407
3875 409
3880 409
3885 441
3890 460
3895 443
3900 432
3905 424
3910 424
3915 445
3920 453
3925 434
3930 416
3935 417
3940 507
3945 455
3950 417
3955 421
3960 419
3965 422
3970 420
3975 421
3980 422
3985 423
3990 463
3995 464
4000 436
4005 436
4010 470
4015 445
4020 439
4025 439
4030 461
4035 457
4040 440
4045 440
4050 445
4055 444
4060 442
4065 444
4070 444
4075 445
4080 443
4085 446
4090 447
4095 467
4100 467
4105 448
4110 448
4115 450
4120 449
4125 448
4130 450
4135 451
4140 451
4145 493
4150 453
4155 454
4160 455
4165 517
4170 458
4175 461
4180 526
4185 460
4190 458
4195 460
4200 467
4205 446
4210 450
4215 448
4220 449
4225 449
4230 450
4235 451
4240 451
4245 471
4250 489
4255 546
4260 463
4265 468
4270 468
4275 485
4280 456
4285 457
4290 496
4295 460
4300 457
4305 460
4310 459
4315 459
4320 462
4325 463
4330 464
4335 462
4340 536
4345 504
4350 480
4355 464
4360 550
4365 468
4370 466
4375 468
4380 590
4385 467
4390 468
4395 469
4400 492
4405 485
4410 484
4415 485
4420 485
4425 486
4430 487
4435 487
4440 487
4445 489
4450 492
4455 490
4460 528
4465 490
4470 491
4475 495
4480 530
4485 518
4490 495
4495 502
4500 482
4505 483
4510 482
4515 504
4520 523
4525 484
4530 485
4535 487
4540 487
4545 485
4550 488
4555 488
4560 530
4565 523
4570 493
4575 561
4580 531
4585 560
4590 538
4595 548
4600 508
4605 505
4610 507
4615 506
4620 507
4625 511
4630 512
4635 509
4640 510
4645 514
4650 513
4655 515
4660 558
4665 515
4670 514
4675 515
4680 524
4685 580
4690 502
4695 504
4700 560
4705 507
4710 504
4715 508
4720 506
4725 510
4730 506
4735 508
4740 509
4745 628
4750 510
4755 588
4760 510
4765 512
4770 515
4775 633
4780 515
4785 517
4790 516
4795 581
4800 579
4805 518
4810 518
4815 519
4820 519
4825 518
4830 523
4835 546
4840 536
4845 536
4850 648
4855 534
4860 581
4865 538
4870 540
4875 540
4880 542
4885 540
4890 582
4895 544
4900 585
4905 580
4910 546
4915 547
4920 544
4925 545
4930 548
4935 545
4940 653
4945 550
4950 534
4955 612
4960 569
4965 550
4970 553
4975 552
4980 553
4985 554
4990 553
4995 557
5000 545
5005 557
5010 558
5015 558
5020 558
5025 567
5030 618
5035 557
5040 561
5045 561
5050 547
5055 547
5060 548
5065 547
5070 547
5075 547
5080 588
5085 550
5090 553
5095 553
5100 555
5105 554
5110 576
5115 589
5120 634
5125 552
5130 559
5135 681
5140 560
5145 561
5150 559
5155 636
5160 621
5165 559
5170 558
5175 561
5180 562
5185 565
5190 614
5195 577
5200 579
5205 649
5210 581
5215 580
5220 582
5225 582
5230 583
5235 584
5240 584
5245 584
5250 615
5255 587
5260 588
5265 585
5270 600
5275 633
5280 589
5285 575
5290 734
5295 576
5300 576
5305 728
5310 577
5315 580
5320 580
5325 580
5330 639
5335 579
5340 583
5345 584
5350 605
5355 599
5360 597
5365 639
5370 629
5375 629
5380 616
5385 623
5390 602
5395 605
5400 603
5405 605
5410 606
5415 650
5420 608
5425 635
5430 608
5435 608
5440 610
5445 608
5450 611
5455 649
5460 722
5465 613
5470 714
5475 615
5480 614
5485 616
5490 616
5495 770
5500 717
5505 616
5510 618
5515 617
5520 618
5525 619
5530 620
5535 743
5540 622
5545 621
5550 622
5555 625
5560 623
5565 622
5570 624
5575 667
5580 627
5585 626
5590 628
5595 630
5600 629
5605 630
5610 781
5615 631
5620 633
5625 663
5630 633
5635 634
5640 632
5645 633
5650 634
5655 636
5660 636
5665 636
5670 637
5675 675
5680 642
5685 638
5690 666
5695 639
5700 640
5705 642
5710 642
5715 644
5720 649
5725 629
5730 629
5735 664
5740 630
5745 626
5750 628
5755 670
5760 632
5765 632
5770 678
5775 672
5780 656
5785 725
5790 709
5795 668
5800 657
5805 656
5810 655
5815 657
5820 657
5825 727
5830 656
5835 658
5840 662
5845 741
5850 658
5855 661
5860 662
5865 665
5870 645
5875 644
5880 647
5885 647
5890 648
5895 651
5900 647
5905 649
5910 650
5915 712
5920 734
5925 654
5930 654
5935 770
5940 693
5945 657
5950 654
5955 654
5960 657
5965 657
5970 656
5975 660
5980 660
5985 729
5990 715
5995 723
6000 677
6005 662
6010 664
6015 664
6020 665
6025 664
6030 665
6035 666
6040 666
6045 669
6050 651
6055 668
6060 668
6065 668
6070 829
6075 674
6080 671
6085 788
6090 863
6095 712
6100 674
6105 673
6110 823
6115 676
6120 714
6125 674
6130 749
6135 679
6140 856
6145 698
6150 760
6155 695
6160 699
6165 700
6170 699
6175 698
6180 702
6185 702
6190 703
6195 701
6200 698
6205 708
6210 730
6215 704
6220 706
6225 799
6230 708
6235 706
6240 708
6245 707
6250 708
6255 712
6260 711
6265 711
6270 710
6275 712
6280 777
6285 893
6290 760
6295 715
6300 719
6305 760
6310 700
6315 699
6320 701
6325 700
6330 718
6335 699
6340 734
6345 719
6350 771
6355 724
6360 742
6365 770
6370 723
6375 757
6380 727
6385 726
6390 726
6395 728
6400 730
6405 729
6410 726
6415 809
6420 731
6425 809
6430 751
6435 734
6440 735
6445 734
6450 736
6455 737
6460 735
6465 795
6470 741
6475 720
6480 796
6485 792
6490 720
6495 742
6500 766
6505 724
6510 724
6515 720
6520 704
6525 724
6530 726
6535 727
6540 794
6545 725
6550 747
6555 744
6560 908
6565 747
6570 729
6575 731
6580 731
6585 806
6590 734
6595 734
6600 735
6605 771
6610 733
6615 737
6620 900
6625 739
6630 840
6635 737
6640 738
6645 738
6650 738
6655 742
6660 742
6665 744
6670 860
6675 741
6680 743
6685 824
6690 746
6695 746
6700 746
6705 748
6710 750
6715 858
6720 786
6725 746
6730 748
6735 750
6740 751
6745 751
6750 827
6755 754
6760 752
6765 889
6770 752
6775 883
6780 776
6785 775
6790 775
6795 775
6800 776
6805 857
6810 779
6815 824
6820 782
6825 781
6830 781
6835 793
6840 764
6845 762
6850 763
6855 764
6860 767
6865 765
6870 839
6875 766
6880 874
6885 770
6890 856
6895 822
6900 772
6905 769
6910 770
6915 771
6920 843
6925 851
6930 773
6935 772
6940 796
6945 811
6950 777
6955 780
6960 777
6965 856
6970 779
6975 819
6980 777
6985 780
6990 818
6995 856
7000 782
7005 903
7010 928
7015 880
7020 806
7025 803
7030 807
7035 809
7040 805
7045 809
7050 788
7055 847
7060 810
7065 851
7070 847
7075 815
7080 813
7085 814
7090 813
7095 814
7100 817
7105 813
7110 817
7115 820
7120 799
7125 820
7130 1002
7135 861
7140 1004
7145 800
7150 800
7155 798
7160 803
7165 879
7170 804
7175 803
7180 805
7185 899
7190 1051
7195 827
7200 1056
7205 1310
7210 1110
7215 894
7220 831
7225 832
7230 831
7235 915
7240 832
7245 854
7250 957
7255 835
7260 835
7265 888
7270 866
7275 836
7280 834
7285 856
7290 922
7295 877
7300 837
7305 841
7310 840
7315 843
7320 870
7325 843
7330 843
7335 879
7340 930
7345 848
7350 938
7355 851
7360 885
7365 948
7370 901
7375 847
7380 849
7385 850
7390 850
7395 849
7400 854
7405 857
7410 893
7415 855
7420 855
7425 855
7430 854
7435 855
7440 854
7445 856
7450 858
7455 860
7460 904
7465 862
7470 895
7475 881
7480 907
7485 862
7490 864
7495 865
7500 865
7505 866
7510 881
7515 841
7520 848
7525 848
7530 908
7535 847
7540 848
7545 847
7550 913
7555 849
7560 892
7565 850
7570 849
7575 852
7580 853
7585 948
7590 852
7595 854
7600 892
7605 853
7610 856
7615 876
7620 858
7625 857
7630 856
7635 931
7640 893
7645 936
7650 879
7655 866
7660 863
7665 864
7670 863
7675 863
7680 866
7685 865
7690 866
7695 869
7700 950
7705 863
7710 865
7715 952
7720 871
7725 868
7730 870
7735 925
7740 868
7745 945
7750 871
7755 875
7760 978
7765 866
7770 867
7775 877
7780 876
7785 878
7790 879
7795 873
7800 874
7805 879
7810 919
7815 956
7820 943
7825 963
7830 884
7835 883
7840 886
7845 956
7850 883
7855 886
7860 887
7865 947
7870 970
7875 889
7880 963
7885 891
7890 887
7895 889
7900 890
7905 969
7910 891
7915 895
7920 895
7925 1062
7930 891
7935 1002
7940 896
7945 897
7950 896
7955 897
7960 896
7965 893
7970 903
7975 900
7980 981
7985 893
7990 883
7995 903
8000 902
8005 901
8010 903
8015 1034
8020 907
8025 905
8030 906
8035 987
8040 910
8045 977
8050 925
8055 911
8060 912
8065 910
8070 910
8075 911
8080 911
8085 987
8090 1015
8095 1065
8100 911
8105 914
8110 915
8115 911
8120 1030
8125 913
8130 922
8135 1006
8140 942
8145 988
8150 947
8155 1071
8160 948
8165 945
8170 947
8175 947
8180 949
8185 1176
8190 922
8195 1002
8200 924
8205 927
8210 929
8215 929
8220 922
8225 928
8230 931
8235 933
8240 929
8245 931
8250 986
8255 933
8260 1051
8265 934
8270 933
8275 936
8280 934
8285 933
8290 1022
8295 1051
8300 1013
8305 935
8310 943
8315 942
8320 1054
8325 942
8330 941
8335 943
8340 1099
8345 1217
8350 1002
8355 999
8360 1001
8365 998
8370 996
8375 999
8380 999
8385 998
8390 1001
8395 999
8400 1003
8405 1000
8410 1003
8415 994
8420 1004
8425 1010
8430 1049
8435 1102
8440 1011
8445 982
8450 983
8455 981
8460 1045
8465 1036
8470 989
8475 983
8480 987
8485 1013
8490 992
8495 987
8500 988
8505 1027
8510 988
8515 988
8520 990
8525 993
8530 974
8535 991
8540 994
8545 991
8550 995
8555 1038
8560 995
8565 1118
8570 971
8575 974
8580 970
8585 972
8590 976
8595 1155
8600 1054
8605 1009
8610 976
8615 980
8620 1117
8625 976
8630 978
8635 984
8640 983
8645 981
8650 957
8655 1003
8660 980
8665 1149
8670 982
8675 985
8680 985
8685 1097
8690 986
8695 989
8700 988
8705 1072
8710 1062
8715 1015
8720 1017
8725 1052
8730 1051
8735 1061
8740 1019
8745 1018
8750 1022
8755 1062
8760 1019
8765 1148
8770 1021
8775 1021
8780 1022
8785 1024
8790 1027
8795 1028
8800 1075
8805 1016
8810 1019
8815 1003
8820 1002
8825 1004
8830 1005
8835 1003
8840 1077
8845 1077
8850 1081
8855 1009
8860 1153
8865 1006
8870 1007
8875 1011
8880 1010
8885 1007
8890 1010
8895 1012
8900 1090
8905 1015
8910 989
8915 1088
8920 1017
8925 1019
8930 1016
8935 1019
8940 1016
8945 998
8950 1090
8955 1022
8960 1128
8965 1021
8970 1018
8975 1023
8980 1021
8985 1025
8990 1060
8995 1174
9000 1084
9005 1026
9010 1025
9015 1028
9020 1027
9025 1101
9030 1025
9035 1034
9040 1102
9045 1142
9050 1032
9055 1162
9060 1032
9065 1157
9070 1101
9075 1066
9080 1142
9085 1065
9090 1066
9095 1102
9100 1067
9105 1065
9110 1067
9115 1069
9120 1095
9125 1042
9130 1040
9135 1038
9140 1119
9145 1024
9150 1128
9155 1040
9160 1046
9165 1043
9170 1047
9175 1046
9180 1045
9185 1051
9190 1143
9195 1171
9200 1048
9205 1049
9210 1050
9215 1050
9220 1052
9225 1122
9230 1050
9235 1129
9240 1054
9245 1217
9250 1054
9255 1071
9260 1074
9265 1193
9270 1059
9275 1124
9280 1211
9285 1090
9290 1053
9295 1210
9300 1059
9305 1090
9310 1058
9315 1089
9320 1098
9325 1137
9330 1085
9335 1160
9340 1093
9345 1098
9350 1099
9355 1099
9360 1096
9365 1100
9370 1100
9375 1112
9380 1282
9385 1284
9390 1414
9395 1220
9400 1145
9405 1372
9410 1258
9415 1133
9420 1179
9425 1106
9430 1141
9435 1108
9440 1109
9445 1111
9450 1109
9455 1149
9460 1110
9465 1086
9470 1084
9475 1112
9480 1110
9485 1111
9490 1118
9495 1150
9500 1282
9505 1161
9510 1219
9515 1090
9520 1089
9525 1090
9530 1089
9535 1094
9540 1089
9545 1110
9550 1202
9555 1262
9560 1093
9565 1098
9570 1093
9575 1098
9580 1096
9585 1126
9590 1196
9595 1131
9600 1310
9605 1116
9610 1548
9615 1505
9620 1225
9625 1131
9630 1225
9635 1259
9640 1127
9645 1256
9650 1135
9655 1206
9660 1159
9665 1163
9670 1166
9675 1176
9680 1182
9685 1197
9690 1169
9695 1171
9700 1178
9705 1197
9710 1185
9715 1216
9720 1146
9725 1138
9730 1143
9735 1146
9740 1144
9745 1144
9750 1149
9755 1150
9760 1184
9765 1148
9770 1343
9775 1150
9780 1161
9785 1121
9790 1122
9795 1124
9800 1122
9805 1246
9810 1129
9815 1125
9820 1123
9825 1124
9830 1188
9835 1126
9840 1127
9845 1132
9850 1205
9855 1342
9860 1130
9865 1127
9870 1131
9875 1134
9880 1134
9885 1170
9890 1206
9895 1139
9900 1146
9905 1134
9910 1137
9915 1216
9920 1164
9925 1170
9930 1160
9935 1247
9940 1143
9945 1260
9950 1139
9955 1140
9960 1141
9965 1147
9970 1142
9975 1145
9980 1221
9985 1150
9990 1145
9995 1148
10000 1149
