5 0
10 0
15 0
20 0
25 1
30 1
35 1
40 2
45 2
50 2
55 2
60 3
65 3
70 3
75 3
80 4
85 4
90 4
95 4
100 5
105 5
110 5
115 6
120 6
125 7
130 7
135 7
140 8
145 8
150 8
155 9
160 9
165 9
170 10
175 10
180 11
185 10
190 11
195 11
200 12
205 12
210 13
215 13
220 14
225 13
230 14
235 14
240 15
245 15
250 16
255 16
260 17
265 17
270 17
275 18
280 19
285 19
290 19
295 20
300 20
305 20
310 20
315 21
320 21
325 22
330 22
335 23
340 23
345 24
350 23
355 25
360 25
365 26
370 25
375 26
380 27
385 27
390 27
395 28
400 29
405 29
410 30
415 30
420 30
425 30
430 31
435 31
440 32
445 32
450 33
455 33
460 33
465 34
470 34
475 35
480 35
485 36
490 36
495 37
500 38
505 38
510 37
515 38
520 40
525 40
530 40
535 41
540 41
545 42
550 41
555 43
560 44
565 43
570 44
575 45
580 46
585 45
590 46
595 46
600 47
605 46
610 48
615 48
620 48
625 48
630 50
635 50
640 51
645 51
650 51
655 52
660 53
665 53
670 53
675 54
680 54
685 55
690 56
695 56
700 56
705 56
710 57
715 57
720 58
725 58
730 60
735 59
740 61
745 61
750 62
755 60
760 62
765 63
770 66
775 64
780 64
785 65
790 65
795 66
800 66
805 67
810 67
815 67
820 68
825 69
830 70
835 69
840 70
845 71
850 71
855 72
860 73
865 72
870 106
875 93
880 126
885 115
890 79
895 80
900 79
905 79
910 79
915 80
920 80
925 81
930 81
935 81
940 83
945 120
950 83
955 81
960 83
965 83
970 85
975 85
980 86
985 86
990 98
995 173
1000 154
1005 101
1010 110
1015 132
1020 104
1025 97
1030 96
1035 96
1040 96
1045 97
1050 100
1055 116
1060 106
1065 101
1070 101
1075 101
1080 102
1085 101
1090 103
1095 102
1100 103
1105 104
1110 102
1115 104
1120 104
1125 104
1130 105
1135 105
1140 105
1145 105
1150 107
1155 107
1160 108
1165 124
1170 104
1175 106
1180 107
1185 107
1190 106
1195 108
1200 109
1205 109
1210 110
1215 110
1220 110
1225 111
1230 112
1235 112
1240 112
1245 113
1250 114
1255 115
1260 151
1265 116
1270 116
1275 117
1280 116
1285 154
1290 118
1295 119
1300 121
1305 119
1310 121
1315 121
1320 122
1325 123
1330 122
1335 123
1340 124
1345 124
1350 125
1355 125
1360 144
1365 147
1370 145
1375 127
1380 128
1385 128
1390 128
1395 130
1400 130
1405 131
1410 131
1415 151
1420 150
1425 133
1430 132
1435 134
1440 155
1445 154
1450 136
1455 136
1460 137
1465 136
1470 137
1475 138
1480 139
1485 140
1490 141
1495 140
1500 141
1505 142
1510 143
1515 143
1520 143
1525 145
1530 145
1535 145
1540 146
1545 147
1550 147
1555 147
1560 148
1565 148
1570 149
1575 149
1580 150
1585 151
1590 152
1595 151
1600 152
1605 152
1610 153
1615 153
1620 154
1625 181
1630 156
1635 156
1640 157
1645 157
1650 157
1655 158
1660 160
1665 181
1670 182
1675 182
1680 219
1685 162
1690 186
1695 180
1700 163
1705 184
1710 182
1715 166
1720 166
1725 166
1730 167
1735 236
1740 185
1745 170
1750 169
1755 170
1760 170
1765 171
1770 171
1775 172
1780 173
1785 175
1790 174
1795 175
1800 175
1805 176
1810 177
1815 176
1820 178
1825 178
1830 178
1835 180
1840 180
1845 179
1850 182
1855 182
1860 182
1865 183
1870 203
1875 189
1880 190
1885 203
1890 186
1895 185
1900 186
1905 187
1910 209
1915 207
1920 189
1925 228
1930 189
1935 190
1940 193
1945 193
1950 214
1955 268
1960 212
1965 196
1970 234
1975 328
1980 198
1985 197
1990 199
1995 197
2000 198
2005 199
2010 199
2015 200
2020 200
2025 200
2030 202
2035 203
2040 203
2045 204
2050 205
2055 206
2060 276
2065 207
2070 224
2075 213
2080 214
2085 215
2090 210
2095 214
2100 216
2105 216
2110 216
2115 218
2120 218
2125 217
2130 220
2135 221
2140 225
2145 223
2150 224
2155 224
2160 223
2165 223
2170 223
2175 223
2180 225
2185 225
2190 226
2195 227
2200 227
2205 228
2210 228
2215 299
2220 229
2225 234
2230 233
2235 269
2240 250
2245 254
2250 241
2255 236
2260 266
2265 236
2270 239
2275 238
2280 239
2285 240
2290 239
2295 234
2300 243
2305 241
2310 244
2315 247
2320 247
2325 243
2330 250
2335 246
2340 247
2345 250
2350 254
2355 248
2360 248
2365 250
2370 252
2375 252
2380 255
2385 253
2390 251
2395 251
2400 250
2405 251
2410 253
2415 255
2420 256
2425 259
2430 267
2435 297
2440 302
2445 283
2450 280
2455 268
2460 264
2465 268
2470 260
2475 262
2480 262
2485 262
2490 262
2495 263
2500 262
2505 269
2510 295
2515 297
2520 275
2525 268
2530 340
2535 275
2540 277
2545 311
2550 272
2555 274
2560 294
2565 278
2570 279
2575 273
2580 274
2585 287
2590 277
2595 277
2600 276
2605 278
2610 278
2615 279
2620 280
2625 278
2630 280
2635 280
2640 281
2645 284
2650 282
2655 286
2660 286
2665 286
2670 286
2675 290
2680 287
2685 288
2690 292
2695 306
2700 293
2705 291
2710 289
2715 295
2720 292
2725 297
2730 291
2735 294
2740 289
2745 294
2750 291
2755 295
2760 296
2765 306
2770 288
2775 300
2780 298
2785 298
2790 300
2795 301
2800 301
2805 304
2810 304
2815 304
2820 309
2825 302
2830 303
2835 303
2840 305
2845 343
2850 307
2855 307
2860 308
2865 306
2870 308
2875 311
2880 308
2885 306
2890 314
2895 352
2900 315
2905 315
2910 312
2915 352
2920 315
2925 315
2930 315
2935 313
2940 315
2945 316
2950 319
2955 318
2960 319
2965 321
2970 350
2975 320
2980 320
2985 326
2990 332
2995 330
3000 322
3005 331
3010 337
3015 333
3020 330
3025 331
3030 334
3035 323
3040 335
3045 432
3050 339
3055 338
3060 336
3065 332
3070 331
3075 335
3080 334
3085 334
3090 335
3095 338
3100 339
3105 338
3110 336
3115 337
3120 340
3125 343
3130 342
3135 344
3140 343
3145 348
3150 346
3155 357
3160 358
3165 346
3170 345
3175 345
3180 347
3185 347
3190 396
3195 348
3200 348
3205 349
3210 349
3215 352
3220 350
3225 351
3230 349
3235 353
3240 356
3245 353
3250 354
3255 355
3260 357
3265 355
3270 357
3275 356
3280 359
3285 360
3290 359
3295 355
3300 362
3305 361
3310 361
3315 362
3320 363
3325 364
3330 408
3335 355
3340 353
3345 424
3350 356
3355 357
3360 436
3365 358
3370 358
3375 358
3380 360
3385 361
3390 397
3395 363
3400 363
3405 362
3410 394
3415 365
3420 367
3425 368
3430 366
3435 369
3440 367
3445 368
3450 361
3455 369
3460 369
3465 407
3470 369
3475 372
3480 370
3485 414
3490 372
3495 374
3500 375
3505 375
3510 376
3515 375
3520 377
3525 377
3530 467
3535 413
3540 379
3545 381
3550 380
3555 417
3560 382
3565 382
3570 383
3575 383
3580 383
3585 385
3590 384
3595 476
3600 386
3605 390
3610 390
3615 388
3620 388
3625 390
3630 392
3635 497
3640 390
3645 390
3650 392
3655 392
3660 395
3665 471
3670 396
3675 397
3680 395
3685 395
3690 417
3695 397
3700 400
3705 399
3710 400
3715 400
3720 440
3725 392
3730 403
3735 508
3740 435
3745 404
3750 405
3755 406
3760 406
3765 407
3770 408
3775 408
3780 409
3785 410
3790 401
3795 447
3800 414
3805 411
3810 415
3815 404
3820 402
3825 404
3830 403
3835 477
3840 481
3845 471
3850 419
3855 418
3860 418
3865 417
3870 426
3875 492
3880 408
3885 410
3890 411
3895 412
3900 411
3905 413
3910 411
3915 404
3920 428
3925 427
3930 427
3935 427
3940 425
3945 427
3950 427
3955 486
3960 429
3965 430
3970 432
3975 475
3980 431
3985 480
3990 503
3995 497
4000 459
4005 438
4010 435
4015 439
4020 440
4025 440
4030 439
4035 439
4040 438
4045 440
4050 442
4055 442
4060 444
4065 466
4070 602
4075 445
4080 446
4085 445
4090 443
4095 448
4100 452
4105 448
4110 448
4115 528
4120 450
4125 448
4130 450
4135 450
4140 451
4145 453
4150 494
4155 452
4160 453
4165 453
4170 492
4175 491
4180 456
4185 482
4190 552
4195 477
4200 459
4205 461
4210 459
4215 460
4220 463
4225 461
4230 463
4235 464
4240 464
4245 512
4250 467
4255 464
4260 468
4265 468
4270 468
4275 469
4280 485
4285 470
4290 471
4295 472
4300 471
4305 472
4310 471
4315 473
4320 472
4325 474
4330 474
4335 478
4340 479
4345 548
4350 474
4355 476
4360 480
4365 478
4370 480
4375 479
4380 480
4385 521
4390 475
4395 482
4400 525
4405 541
4410 522
4415 484
4420 482
4425 484
4430 486
4435 487
4440 488
4445 488
4450 490
4455 489
4460 490
4465 491
4470 490
4475 490
4480 490
4485 493
4490 587
4495 495
4500 493
4505 494
4510 496
4515 497
4520 500
4525 486
4530 484
4535 487
4540 489
4545 489
4550 488
4555 515
4560 523
4565 490
4570 492
4575 490
4580 492
4585 494
4590 569
4595 492
4600 492
4605 640
4610 496
4615 497
4620 496
4625 495
4630 499
4635 498
4640 538
4645 523
4650 502
4655 500
4660 503
4665 504
4670 504
4675 502
4680 504
4685 589
4690 505
4695 506
4700 580
4705 509
4710 508
4715 506
4720 507
4725 509
4730 510
4735 510
4740 510
4745 512
4750 514
4755 513
4760 515
4765 514
4770 517
4775 514
4780 514
4785 556
4790 516
4795 518
4800 651
4805 582
4810 519
4815 522
4820 519
4825 544
4830 537
4835 613
4840 535
4845 541
4850 525
4855 525
4860 524
4865 606
4870 525
4875 609
4880 541
4885 538
4890 543
4895 544
4900 544
4905 541
4910 542
4915 545
4920 545
4925 545
4930 546
4935 549
4940 549
4945 590
4950 548
4955 550
4960 549
4965 582
4970 584
4975 526
4980 609
4985 542
4990 538
4995 541
5000 541
5005 528
5010 543
5015 544
5020 542
5025 542
5030 542
5035 546
5040 544
5045 622
5050 545
5055 663
5060 566
5065 551
5070 549
5075 549
5080 553
5085 551
5090 551
5095 553
5100 552
5105 668
5110 552
5115 558
5120 555
5125 555
5130 556
5135 558
5140 559
5145 674
5150 559
5155 560
5160 626
5165 593
5170 575
5175 600
5180 611
5185 564
5190 564
5195 565
5200 563
5205 566
5210 606
5215 583
5220 583
5225 586
5230 585
5235 613
5240 582
5245 585
5250 587
5255 621
5260 585
5265 587
5270 587
5275 589
5280 591
5285 589
5290 589
5295 603
5300 578
5305 575
5310 577
5315 577
5320 695
5325 576
5330 665
5335 613
5340 582
5345 584
5350 583
5355 586
5360 583
5365 625
5370 599
5375 600
5380 600
5385 604
5390 602
5395 603
5400 606
5405 628
5410 608
5415 604
5420 604
5425 607
5430 610
5435 607
5440 611
5445 610
5450 611
5455 612
5460 596
5465 600
5470 598
5475 598
5480 599
5485 672
5490 616
5495 640
5500 652
5505 602
5510 603
5515 746
5520 606
5525 624
5530 624
5535 606
5540 622
5545 621
5550 624
5555 622
5560 627
5565 665
5570 625
5575 624
5580 629
5585 650
5590 652
5595 628
5600 628
5605 619
5610 611
5615 618
5620 614
5625 616
5630 618
5635 616
5640 703
5645 685
5650 621
5655 716
5660 699
5665 618
5670 622
5675 622
5680 651
5685 658
5690 621
5695 623
5700 607
5705 627
5710 628
5715 627
5720 700
5725 703
5730 626
5735 630
5740 707
5745 633
5750 630
5755 719
5760 647
5765 648
5770 663
5775 634
5780 634
5785 676
5790 638
5795 638
5800 713
5805 639
5810 724
5815 678
5820 637
5825 640
5830 642
5835 644
5840 643
5845 641
5850 642
5855 679
5860 643
5865 644
5870 734
5875 737
5880 663
5885 656
5890 665
5895 740
5900 650
5905 650
5910 650
5915 653
5920 652
5925 650
5930 650
5935 652
5940 655
5945 654
5950 655
5955 716
5960 655
5965 803
5970 658
5975 696
5980 644
5985 662
5990 698
5995 662
6000 663
6005 661
6010 662
6015 663
6020 666
6025 702
6030 681
6035 669
6040 666
6045 670
6050 669
6055 666
6060 666
6065 667
6070 669
6075 765
6080 685
6085 687
6090 804
6095 810
6100 828
6105 690
6110 785
6115 693
6120 693
6125 693
6130 693
6135 696
6140 696
6145 699
6150 694
6155 699
6160 690
6165 701
6170 773
6175 700
6180 701
6185 713
6190 683
6195 685
6200 740
6205 686
6210 688
6215 687
6220 686
6225 686
6230 761
6235 762
6240 750
6245 690
6250 743
6255 763
6260 693
6265 694
6270 693
6275 693
6280 694
6285 695
6290 695
6295 694
6300 697
6305 700
6310 700
6315 779
6320 706
6325 701
6330 745
6335 720
6340 747
6345 735
6350 702
6355 702
6360 705
6365 706
6370 704
6375 706
6380 704
6385 781
6390 785
6395 761
6400 735
6405 776
6410 1065
6415 882
6420 852
6425 808
6430 732
6435 730
6440 846
6445 734
6450 735
6455 734
6460 737
6465 740
6470 739
6475 884
6480 760
6485 777
6490 720
6495 799
6500 741
6505 744
6510 757
6515 744
6520 812
6525 742
6530 744
6535 744
6540 746
6545 795
6550 749
6555 777
6560 747
6565 748
6570 745
6575 825
6580 773
6585 795
6590 854
6595 752
6600 756
6605 754
6610 820
6615 776
6620 774
6625 777
6630 777
6635 779
6640 781
6645 779
6650 807
6655 781
6660 780
6665 780
6670 789
6675 763
6680 764
6685 764
6690 763
6695 762
6700 767
6705 843
6710 769
6715 772
6720 770
6725 768
6730 770
6735 748
6740 861
6745 754
6750 822
6755 754
6760 752
6765 753
6770 871
6775 755
6780 920
6785 756
6790 772
6795 778
6800 822
6805 778
6810 778
6815 781
6820 783
6825 780
6830 782
6835 855
6840 783
6845 801
6850 831
6855 764
6860 762
6865 765
6870 769
6875 770
6880 770
6885 767
6890 769
6895 808
6900 861
6905 868
6910 791
6915 804
6920 808
6925 773
6930 800
6935 775
6940 775
6945 777
6950 834
6955 776
6960 816
6965 775
6970 780
6975 777
6980 783
6985 814
6990 779
6995 782
7000 780
7005 802
7010 830
7015 786
7020 783
7025 863
7030 845
7035 899
7040 787
7045 789
7050 790
7055 789
7060 790
7065 795
7070 827
7075 792
7080 792
7085 863
7090 794
7095 796
7100 793
7105 797
7110 796
7115 797
7120 796
7125 847
7130 795
7135 798
7140 800
7145 917
7150 883
7155 879
7160 838
7165 799
7170 917
7175 804
7180 804
7185 805
7190 879
7195 806
7200 911
7205 838
7210 945
7215 832
7220 831
7225 831
7230 830
7235 833
7240 832
7245 837
7250 836
7255 833
7260 840
7265 814
7270 1133
7275 975
7280 1007
7285 858
7290 861
7295 862
7300 863
7305 863
7310 866
7315 864
7320 843
7325 867
7330 869
7335 868
7340 869
7345 868
7350 867
7355 872
7360 873
7365 886
7370 850
7375 848
7380 850
7385 868
7390 1033
7395 854
7400 849
7405 854
7410 888
7415 855
7420 890
7425 858
7430 857
7435 859
7440 946
7445 859
7450 856
7455 860
7460 859
7465 860
7470 860
7475 862
7480 840
7485 842
7490 842
7495 845
7500 922
7505 846
7510 951
7515 1062
7520 847
7525 848
7530 873
7535 866
7540 872
7545 872
7550 870
7555 946
7560 871
7565 874
7570 873
7575 1013
7580 931
7585 875
7590 877
7595 943
7600 933
7605 876
7610 948
7615 877
7620 957
7625 882
7630 881
7635 882
7640 859
7645 879
7650 880
7655 913
7660 1049
7665 920
7670 880
7675 863
7680 888
7685 887
7690 881
7695 863
7700 940
7705 867
7710 887
7715 868
7720 981
7725 926
7730 959
7735 923
7740 902
7745 900
7750 893
7755 899
7760 876
7765 897
7770 871
7775 898
7780 956
7785 900
7790 902
7795 894
7800 880
7805 917
7810 884
7815 878
7820 883
7825 881
7830 954
7835 962
7840 881
7845 987
7850 884
7855 884
7860 885
7865 886
7870 988
7875 887
7880 887
7885 890
7890 1038
7895 891
7900 892
7905 893
7910 891
7915 1011
7920 895
7925 896
7930 912
7935 896
7940 957
7945 952
7950 895
7955 1011
7960 899
7965 898
7970 1017
7975 901
7980 903
7985 898
7990 901
7995 902
8000 972
8005 905
8010 902
8015 905
8020 981
8025 908
8030 906
8035 908
8040 910
8045 972
8050 909
8055 986
8060 948
8065 970
8070 912
8075 988
8080 914
8085 913
8090 910
8095 913
8100 918
8105 953
8110 1059
8115 992
8120 917
8125 917
8130 920
8135 919
8140 921
8145 923
8150 923
8155 923
8160 962
8165 1002
8170 1053
8175 927
8180 925
8185 921
8190 927
8195 924
8200 984
8205 1003
8210 927
8215 1039
8220 930
8225 933
8230 930
8235 931
8240 932
8245 1006
8250 933
8255 932
8260 951
8265 934
8270 1010
8275 936
8280 1078
8285 940
8290 940
8295 939
8300 938
8305 940
8310 942
8315 942
8320 1034
8325 1034
8330 942
8335 942
8340 947
8345 939
8350 983
8355 942
8360 944
8365 944
8370 945
8375 1014
8380 946
8385 1053
8390 950
8395 950
8400 948
8405 953
8410 954
8415 956
8420 1025
8425 1014
8430 1127
8435 958
8440 1011
8445 995
8450 972
8455 981
8460 986
8465 984
8470 983
8475 986
8480 1019
8485 1190
8490 989
8495 1051
8500 1067
8505 963
8510 969
8515 967
8520 966
8525 967
8530 1019
8535 969
8540 1056
8545 1028
8550 970
8555 969
8560 972
8565 1051
8570 970
8575 973
8580 1080
8585 1098
8590 978
8595 1021
8600 994
8605 1081
8610 992
8615 980
8620 981
8625 981
8630 1020
8635 983
8640 983
8645 981
8650 982
8655 986
8660 982
8665 983
8670 1057
8675 981
8680 1029
8685 1066
8690 990
8695 1068
8700 986
8705 990
8710 989
8715 991
8720 1069
8725 992
8730 1091
8735 1016
8740 1018
8745 1024
8750 1020
8755 1021
8760 1021
8765 1020
8770 1013
8775 1023
8780 1047
8785 1160
8790 999
8795 999
8800 1001
8805 998
8810 1075
8815 1001
8820 1099
8825 1067
8830 1058
8835 1093
8840 1222
8845 1088
8850 1034
8855 1073
8860 1036
8865 1034
8870 1061
8875 1067
8880 1148
8885 1072
8890 1048
8895 1070
8900 1066
8905 1070
8910 1073
8915 1039
8920 1077
8925 1043
8930 1045
8935 1039
8940 1042
8945 1049
8950 1057
8955 1045
8960 1050
8965 1047
8970 1074
8975 1097
8980 1049
8985 1049
8990 1048
8995 1052
9000 1060
9005 1097
9010 1022
9015 1069
9020 1209
9025 1080
9030 1325
9035 1414
9040 1345
9045 1059
9050 1058
9055 1057
9060 1123
9065 1234
9070 1062
9075 1204
9080 1083
9085 1143
9090 1083
9095 1092
9100 1092
9105 1095
9110 1097
9115 1093
9120 1094
9125 1083
9130 1086
9135 1109
9140 1071
9145 1071
9150 1164
9155 1276
9160 1071
9165 1070
9170 1073
9175 1076
9180 1074
9185 1076
9190 1098
9195 1212
9200 1078
9205 1077
9210 1088
9215 1051
9220 1052
9225 1129
9230 1125
9235 1053
9240 1127
9245 1054
9250 1183
9255 1055
9260 1130
9265 1059
9270 1086
9275 1056
9280 1056
9285 1056
9290 1124
9295 1058
9300 1059
9305 1220
9310 1062
9315 1060
9320 1102
9325 1062
9330 1063
9335 1188
9340 1157
9345 1096
9350 1095
9355 1097
9360 1097
9365 1145
9370 1097
9375 1098
9380 1215
9385 1085
9390 1087
9395 1075
9400 1108
9405 1075
9410 1074
9415 1070
9420 1080
9425 1185
9430 1073
9435 1236
9440 1180
9445 1077
9450 1153
9455 1081
9460 1081
9465 1082
9470 1145
9475 1099
9480 1112
9485 1109
9490 1110
9495 1113
9500 1144
9505 1146
9510 1116
9515 1144
9520 1062
9525 1164
9530 1127
9535 1163
9540 1087
9545 1153
9550 1092
9555 1092
9560 1167
9565 1095
9570 1095
9575 1092
9580 1094
9585 1097
9590 1192
9595 1096
9600 1100
9605 1262
9610 1105
9615 1266
9620 1099
9625 1098
9630 1100
9635 1101
9640 1104
9645 1104
9650 1205
9655 1148
9660 1178
9665 1105
9670 1104
9675 1169
9680 1107
9685 1106
9690 1109
9695 1179
9700 1294
9705 1173
9710 1110
9715 1171
9720 1111
9725 1277
9730 1537
9735 1180
9740 1258
9745 1146
9750 1144
9755 1177
9760 1160
9765 1144
9770 1147
9775 1149
9780 1151
9785 1200
9790 1173
9795 1150
9800 1156
9805 1159
9810 1153
9815 1140
9820 1155
9825 1201
9830 1163
9835 1155
9840 1154
9845 1147
9850 1164
9855 1128
9860 1130
9865 1134
9870 1216
9875 1353
9880 1179
9885 1265
9890 1238
9895 1164
9900 1163
9905 1137
9910 1273
9915 1146
9920 1163
9925 1282
9930 1139
9935 1143
9940 1141
9945 1222
9950 1141
9955 1199
9960 1296
9965 1166
9970 1159
9975 1113
9980 1144
9985 1146
9990 1146
9995 1299
10000 1147
