5 0
10 0
15 0
20 0
25 1
30 1
35 1
40 1
45 2
50 2
55 2
60 3
65 3
70 3
75 3
80 4
85 4
90 4
95 4
100 5
105 5
110 5
115 6
120 6
125 6
130 6
135 7
140 7
145 7
150 8
155 8
160 9
165 9
170 10
175 10
180 10
185 11
190 11
195 11
200 12
205 12
210 12
215 12
220 13
225 13
230 14
235 14
240 14
245 15
250 15
255 15
260 16
265 17
270 17
275 18
280 17
285 18
290 18
295 19
300 19
305 20
310 20
315 21
320 21
325 21
330 21
335 22
340 23
345 23
350 23
355 24
360 25
365 24
370 25
375 25
380 26
385 27
390 26
395 26
400 27
405 28
410 29
415 29
420 30
425 30
430 30
435 30
440 31
445 32
450 32
455 33
460 33
465 34
470 33
475 34
480 34
485 35
490 36
495 36
500 36
505 37
510 37
515 38
520 38
525 38
530 39
535 39
540 40
545 41
550 41
555 41
560 42
565 42
570 43
575 43
580 44
585 44
590 44
595 46
600 47
605 46
610 47
615 47
620 48
625 48
630 49
635 49
640 49
645 50
650 49
655 51
660 52
665 52
670 53
675 53
680 53
685 54
690 54
695 54
700 55
705 56
710 56
715 56
720 56
725 58
730 58
735 59
740 59
745 59
750 60
755 61
760 60
765 61
770 61
775 62
780 64
785 121
790 81
795 64
800 65
805 65
810 66
815 66
820 66
825 67
830 67
835 69
840 68
845 70
850 70
855 70
860 90
865 126
870 73
875 71
880 73
885 73
890 74
895 74
900 75
905 76
910 75
915 76
920 76
925 77
930 78
935 78
940 80
945 79
950 80
955 80
960 81
965 82
970 81
975 82
980 82
985 83
990 84
995 84
1000 85
1005 85
1010 87
1015 86
1020 87
1025 87
1030 88
1035 89
1040 89
1045 90
1050 89
1055 91
1060 92
1065 92
1070 111
1075 129
1080 140
1085 118
1090 119
1095 118
1100 137
1105 99
1110 104
1115 118
1120 139
1125 123
1130 120
1135 122
1140 157
1145 123
1150 102
1155 105
1160 106
1165 105
1170 106
1175 106
1180 107
1185 107
1190 108
1195 109
1200 107
1205 110
1210 111
1215 132
1220 123
1225 112
1230 111
1235 113
1240 113
1245 114
1250 115
1255 116
1260 116
1265 117
1270 117
1275 118
1280 118
1285 119
1290 119
1295 120
1300 121
1305 120
1310 121
1315 121
1320 122
1325 123
1330 161
1335 124
1340 125
1345 126
1350 125
1355 125
1360 126
1365 128
1370 127
1375 128
1380 128
1385 130
1390 130
1395 129
1400 208
1405 153
1410 135
1415 134
1420 134
1425 135
1430 135
1435 136
1440 186
1445 137
1450 136
1455 136
1460 137
1465 138
1470 138
1475 139
1480 139
1485 141
1490 141
1495 141
1500 141
1505 143
1510 143
1515 144
1520 145
1525 145
1530 145
1535 146
1540 146
1545 147
1550 148
1555 147
1560 148
1565 150
1570 149
1575 150
1580 150
1585 151
1590 151
1595 152
1600 153
1605 153
1610 154
1615 154
1620 155
1625 156
1630 157
1635 158
1640 157
1645 159
1650 158
1655 159
1660 180
1665 178
1670 161
1675 162
1680 163
1685 163
1690 163
1695 165
1700 166
1705 165
1710 166
1715 167
1720 167
1725 169
1730 172
1735 170
1740 169
1745 169
1750 170
1755 171
1760 172
1765 171
1770 328
1775 173
1780 173
1785 174
1790 174
1795 175
1800 176
1805 177
1810 176
1815 220
1820 174
1825 179
1830 229
1835 176
1840 175
1845 176
1850 178
1855 178
1860 178
1865 178
1870 179
1875 179
1880 180
1885 181
1890 181
1895 183
1900 178
1905 182
1910 183
1915 183
1920 184
1925 185
1930 187
1935 266
1940 212
1945 322
1950 231
1955 302
1960 192
1965 191
1970 193
1975 315
1980 231
1985 195
1990 194
1995 196
2000 195
2005 195
2010 194
2015 196
2020 197
2025 197
2030 197
2035 198
2040 200
2045 200
2050 199
2055 199
2060 215
2065 205
2070 208
2075 209
2080 298
2085 209
2090 209
2095 210
2100 211
2105 212
2110 211
2115 212
2120 212
2125 214
2130 215
2135 216
2140 216
2145 215
2150 217
2155 217
2160 220
2165 238
2170 218
2175 220
2180 218
2185 223
2190 221
2195 220
2200 223
2205 223
2210 222
2215 223
2220 224
2225 224
2230 225
2235 226
2240 227
2245 227
2250 228
2255 228
2260 229
2265 230
2270 244
2275 225
2280 225
2285 225
2290 227
2295 226
2300 227
2305 229
2310 228
2315 230
2320 230
2325 230
2330 231
2335 231
2340 233
2345 233
2350 235
2355 233
2360 234
2365 235
2370 235
2375 237
2380 313
2385 272
2390 238
2395 238
2400 238
2405 239
2410 239
2415 324
2420 317
2425 242
2430 243
2435 242
2440 243
2445 316
2450 245
2455 244
2460 308
2465 253
2470 254
2475 253
2480 255
2485 255
2490 291
2495 257
2500 257
2505 258
2510 258
2515 259
2520 260
2525 261
2530 261
2535 261
2540 262
2545 260
2550 262
2555 264
2560 263
2565 283
2570 263
2575 265
2580 265
2585 265
2590 268
2595 270
2600 269
2605 269
2610 306
2615 270
2620 270
2625 270
2630 271
2635 280
2640 267
2645 267
2650 267
2655 269
2660 266
2665 269
2670 342
2675 270
2680 271
2685 270
2690 272
2695 271
2700 272
2705 274
2710 273
2715 273
2720 275
2725 277
2730 275
2735 277
2740 278
2745 334
2750 308
2755 278
2760 281
2765 280
2770 297
2775 339
2780 365
2785 358
2790 356
2795 300
2800 291
2805 294
2810 293
2815 293
2820 294
2825 294
2830 294
2835 296
2840 297
2845 297
2850 299
2855 298
2860 298
2865 299
2870 301
2875 351
2880 301
2885 302
2890 303
2895 302
2900 296
2905 301
2910 345
2915 306
2920 306
2925 304
2930 305
2935 303
2940 307
2945 308
2950 321
2955 303
2960 301
2965 303
2970 303
2975 303
2980 304
2985 306
2990 306
2995 307
3000 308
3005 308
3010 309
3015 310
3020 308
3025 312
3030 311
3035 311
3040 312
3045 312
3050 313
3055 315
3060 315
3065 315
3070 317
3075 373
3080 316
3085 424
3090 482
3095 396
3100 382
3105 372
3110 341
3115 342
3120 338
3125 342
3130 340
3135 340
3140 343
3145 342
3150 342
3155 344
3160 345
3165 346
3170 345
3175 345
3180 340
3185 348
3190 340
3195 349
3200 347
3205 349
3210 349
3215 352
3220 352
3225 352
3230 351
3235 353
3240 353
3245 352
3250 354
3255 355
3260 358
3265 357
3270 358
3275 358
3280 357
3285 360
3290 360
3295 361
3300 360
3305 362
3310 361
3315 364
3320 361
3325 364
3330 366
3335 365
3340 365
3345 364
3350 359
3355 368
3360 373
3365 359
3370 360
3375 361
3380 476
3385 361
3390 364
3395 363
3400 364
3405 365
3410 364
3415 365
3420 366
3425 387
3430 412
3435 360
3440 359
3445 370
3450 371
3455 371
3460 434
3465 422
3470 432
3475 387
3480 375
3485 413
3490 374
3495 375
3500 377
3505 379
3510 378
3515 377
3520 378
3525 380
3530 379
3535 381
3540 380
3545 382
3550 381
3555 381
3560 414
3565 383
3570 391
3575 413
3580 386
3585 422
3590 387
3595 388
3600 386
3605 389
3610 390
3615 427
3620 387
3625 391
3630 388
3635 392
3640 482
3645 395
3650 397
3655 469
3660 396
3665 396
3670 395
3675 397
3680 398
3685 397
3690 400
3695 398
3700 400
3705 399
3710 402
3715 401
3720 402
3725 403
3730 404
3735 405
3740 449
3745 404
3750 405
3755 407
3760 407
3765 407
3770 411
3775 439
3780 425
3785 410
3790 400
3795 411
3800 403
3805 413
3810 413
3815 414
3820 404
3825 417
3830 417
3835 426
3840 406
3845 409
3850 408
3855 409
3860 484
3865 408
3870 409
3875 410
3880 431
3885 516
3890 413
3895 413
3900 450
3905 415
3910 414
3915 415
3920 418
3925 417
3930 408
3935 418
3940 418
3945 419
3950 418
3955 420
3960 421
3965 420
3970 421
3975 440
3980 493
3985 424
3990 413
3995 417
4000 424
4005 425
4010 427
4015 429
4020 428
4025 428
4030 429
4035 471
4040 429
4045 430
4050 432
4055 485
4060 431
4065 433
4070 434
4075 434
4080 436
4085 435
4090 455
4095 475
4100 512
4105 438
4110 439
4115 527
4120 429
4125 440
4130 442
4135 442
4140 442
4145 441
4150 442
4155 444
4160 445
4165 444
4170 446
4175 446
4180 447
4185 448
4190 447
4195 449
4200 446
4205 525
4210 448
4215 451
4220 446
4225 451
4230 452
4235 454
4240 456
4245 454
4250 455
4255 454
4260 457
4265 455
4270 458
4275 457
4280 457
4285 460
4290 458
4295 460
4300 460
4305 533
4310 557
4315 494
4320 467
4325 463
4330 464
4335 528
4340 466
4345 467
4350 467
4355 467
4360 465
4365 490
4370 481
4375 478
4380 482
4385 517
4390 561
4395 526
4400 484
4405 487
4410 486
4415 522
4420 486
4425 487
4430 489
4435 489
4440 489
4445 491
4450 490
4455 490
4460 496
4465 481
4470 537
4475 481
4480 483
4485 483
4490 483
4495 484
4500 474
4505 485
4510 474
4515 488
4520 565
4525 489
4530 489
4535 487
4540 605
4545 490
4550 563
4555 491
4560 492
4565 492
4570 494
4575 492
4580 495
4585 493
4590 493
4595 493
4600 495
4605 497
4610 497
4615 497
4620 606
4625 499
4630 594
4635 502
4640 501
4645 502
4650 580
4655 503
4660 503
4665 503
4670 503
4675 505
4680 507
4685 505
4690 506
4695 581
4700 505
4705 509
4710 510
4715 541
4720 511
4725 510
4730 509
4735 615
4740 513
4745 512
4750 545
4755 511
4760 516
4765 516
4770 563
4775 551
4780 571
4785 516
4790 516
4795 517
4800 612
4805 519
4810 599
4815 521
4820 520
4825 523
4830 522
4835 524
4840 523
4845 523
4850 524
4855 524
4860 527
4865 528
4870 529
4875 528
4880 527
4885 548
4890 546
4895 530
4900 530
4905 602
4910 533
4915 532
4920 593
4925 552
4930 536
4935 536
4940 523
4945 536
4950 537
4955 538
4960 538
4965 536
4970 538
4975 576
4980 538
4985 541
4990 619
4995 609
5000 542
5005 545
5010 531
5015 544
5020 544
5025 544
5030 546
5035 663
5040 549
5045 549
5050 644
5055 605
5060 565
5065 565
5070 567
5075 568
5080 570
5085 613
5090 591
5095 569
5100 649
5105 585
5110 571
5115 575
5120 573
5125 572
5130 600
5135 601
5140 576
5145 576
5150 576
5155 576
5160 581
5165 594
5170 615
5175 578
5180 603
5185 566
5190 582
5195 582
5200 591
5205 596
5210 585
5215 584
5220 584
5225 586
5230 585
5235 586
5240 586
5245 632
5250 669
5255 727
5260 615
5265 572
5270 701
5275 575
5280 654
5285 632
5290 578
5295 579
5300 578
5305 579
5310 662
5315 652
5320 606
5325 599
5330 599
5335 637
5340 633
5345 705
5350 693
5355 635
5360 664
5365 633
5370 631
5375 633
5380 631
5385 656
5390 627
5395 639
5400 632
5405 628
5410 631
5415 646
5420 641
5425 673
5430 633
5435 632
5440 635
5445 639
5450 639
5455 644
5460 699
5465 633
5470 633
5475 641
5480 637
5485 687
5490 650
5495 652
5500 650
5505 653
5510 650
5515 665
5520 658
5525 641
5530 647
5535 643
5540 645
5545 644
5550 648
5555 656
5560 664
5565 665
5570 668
5575 668
5580 661
5585 653
5590 650
5595 656
5600 652
5605 658
5610 669
5615 653
5620 650
5625 655
5630 651
5635 652
5640 691
5645 652
5650 654
5655 657
5660 653
5665 653
5670 656
5675 657
5680 669
5685 677
5690 658
5695 663
5700 659
5705 659
5710 662
5715 662
5720 664
5725 665
5730 668
5735 665
5740 696
5745 765
5750 677
5755 667
5760 669
5765 670
5770 668
5775 670
5780 670
5785 670
5790 674
5795 671
5800 671
5805 675
5810 677
5815 676
5820 641
5825 658
5830 659
5835 657
5840 658
5845 660
5850 661
5855 697
5860 660
5865 698
5870 662
5875 660
5880 755
5885 668
5890 646
5895 648
5900 651
5905 650
5910 649
5915 652
5920 652
5925 652
5930 739
5935 704
5940 693
5945 757
5950 1094
5955 850
5960 849
5965 674
5970 675
5975 677
5980 676
5985 677
5990 678
5995 679
6000 761
6005 679
6010 681
6015 779
6020 760
6025 684
6030 682
6035 682
6040 751
6045 685
6050 686
6055 687
6060 685
6065 687
6070 692
6075 792
6080 766
6085 689
6090 694
6095 691
6100 693
6105 693
6110 721
6115 695
6120 694
6125 694
6130 694
6135 686
6140 784
6145 784
6150 696
6155 699
6160 804
6165 698
6170 683
6175 783
6180 769
6185 702
6190 702
6195 704
6200 705
6205 709
6210 705
6215 793
6220 705
6225 709
6230 706
6235 709
6240 709
6245 709
6250 692
6255 710
6260 739
6265 711
6270 711
6275 711
6280 714
6285 761
6290 733
6295 756
6300 774
6305 700
6310 697
6315 699
6320 698
6325 702
6330 702
6335 704
6340 701
6345 703
6350 704
6355 783
6360 704
6365 787
6370 781
6375 704
6380 701
6385 706
6390 707
6395 747
6400 745
6405 767
6410 728
6415 730
6420 749
6425 732
6430 802
6435 796
6440 732
6445 732
6450 735
6455 735
6460 735
6465 736
6470 738
6475 782
6480 756
6485 740
6490 908
6495 757
6500 720
6505 719
6510 724
6515 722
6520 721
6525 723
6530 724
6535 724
6540 725
6545 727
6550 730
6555 886
6560 730
6565 729
6570 813
6575 752
6580 749
6585 750
6590 748
6595 753
6600 733
6605 733
6610 735
6615 799
6620 735
6625 816
6630 740
6635 737
6640 739
6645 740
6650 739
6655 825
6660 740
6665 743
6670 743
6675 743
6680 931
6685 824
6690 806
6695 769
6700 798
6705 788
6710 771
6715 769
6720 886
6725 772
6730 777
6735 880
6740 1040
6745 771
6750 859
6755 775
6760 844
6765 776
6770 772
6775 777
6780 774
6785 774
6790 818
6795 775
6800 777
6805 781
6810 778
6815 924
6820 821
6825 863
6830 782
6835 781
6840 782
6845 782
6850 786
6855 782
6860 785
6865 785
6870 785
6875 811
6880 808
6885 830
6890 789
6895 791
6900 828
6905 824
6910 869
6915 831
6920 792
6925 793
6930 794
6935 841
6940 905
6945 792
6950 879
6955 796
6960 797
6965 826
6970 798
6975 802
6980 780
6985 804
6990 801
6995 803
7000 873
7005 805
7010 843
7015 802
7020 804
7025 805
7030 805
7035 805
7040 808
7045 810
7050 810
7055 812
7060 853
7065 837
7070 850
7075 917
7080 793
7085 793
7090 793
7095 795
7100 869
7105 797
7110 795
7115 795
7120 836
7125 878
7130 799
7135 799
7140 799
7145 798
7150 860
7155 869
7160 781
7165 802
7170 805
7175 805
7180 824
7185 869
7190 890
7195 993
7200 804
7205 807
7210 809
7215 809
7220 811
7225 810
7230 849
7235 810
7240 838
7245 880
7250 832
7255 834
7260 837
7265 835
7270 838
7275 837
7280 839
7285 837
7290 882
7295 875
7300 957
7305 908
7310 841
7315 952
7320 824
7325 820
7330 822
7335 821
7340 824
7345 826
7350 840
7355 846
7360 848
7365 887
7370 969
7375 850
7380 848
7385 849
7390 853
7395 849
7400 940
7405 854
7410 852
7415 854
7420 855
7425 857
7430 858
7435 945
7440 858
7445 857
7450 858
7455 861
7460 870
7465 841
7470 839
7475 841
7480 916
7485 903
7490 838
7495 844
7500 842
7505 843
7510 845
7515 842
7520 845
7525 958
7530 846
7535 842
7540 923
7545 846
7550 930
7555 844
7560 848
7565 934
7570 913
7575 872
7580 875
7585 875
7590 874
7595 918
7600 853
7605 876
7610 879
7615 881
7620 878
7625 883
7630 855
7635 857
7640 859
7645 856
7650 899
7655 1009
7660 860
7665 1024
7670 839
7675 864
7680 840
7685 862
7690 865
7695 865
7700 844
7705 866
7710 943
7715 895
7720 894
7725 894
7730 871
7735 871
7740 874
7745 874
7750 872
7755 876
7760 916
7765 872
7770 957
7775 878
7780 964
7785 875
7790 876
7795 878
7800 878
7805 914
7810 882
7815 884
7820 882
7825 1117
7830 1038
7835 892
7840 933
7845 910
7850 910
7855 908
7860 910
7865 910
7870 911
7875 916
7880 950
7885 911
7890 1066
7895 964
7900 893
7905 893
7910 1006
7915 891
7920 892
7925 892
7930 896
7935 974
7940 925
7945 1004
7950 933
7955 922
7960 920
7965 920
7970 923
7975 998
7980 925
7985 926
7990 947
7995 904
8000 1104
8005 905
8010 902
8015 904
8020 981
8025 910
8030 905
8035 906
8040 982
8045 909
8050 908
8055 907
8060 982
8065 935
8070 935
8075 908
8080 1027
8085 914
8090 984
8095 979
8100 915
8105 1085
8110 918
8115 917
8120 914
8125 934
8130 934
8135 921
8140 920
8145 919
8150 1000
8155 921
8160 922
8165 921
8170 901
8175 922
8180 967
8185 956
8190 926
8195 924
8200 926
8205 1078
8210 1090
8215 1067
8220 925
8225 967
8230 930
8235 931
8240 949
8245 989
8250 971
8255 1013
8260 960
8265 957
8270 962
8275 960
8280 962
8285 963
8290 956
8295 960
8300 965
8305 1002
8310 966
8315 990
8320 995
8325 970
8330 970
8335 968
8340 1080
8345 1013
8350 942
8355 945
8360 1004
8365 946
8370 951
8375 1139
8380 948
8385 966
8390 976
8395 975
8400 979
8405 986
8410 1024
8415 979
8420 1097
8425 977
8430 977
8435 979
8440 954
8445 959
8450 958
8455 1124
8460 1106
8465 957
8470 962
8475 958
8480 961
8485 964
8490 962
8495 961
8500 960
8505 963
8510 980
8515 1020
8520 964
8525 1111
8530 968
8535 972
8540 968
8545 971
8550 1117
8555 972
8560 973
8565 1175
8570 1070
8575 1065
8580 997
8585 1216
8590 1046
8595 1002
8600 1035
8605 1004
8610 1099
8615 1004
8620 1091
8625 1004
8630 1002
8635 1005
8640 981
8645 1006
8650 1006
8655 1010
8660 1040
8665 1009
8670 1011
8675 1011
8680 1008
8685 1012
8690 1066
8695 1012
8700 1014
8705 1015
8710 1049
8715 1260
8720 1199
8725 1451
8730 1251
8735 1161
8740 992
8745 995
8750 1124
8755 1070
8760 1078
8765 1044
8770 1082
8775 1023
8780 1025
8785 1023
8790 1024
8795 1132
8800 1064
8805 1054
8810 1067
8815 1056
8820 1084
8825 1057
8830 1057
8835 1057
8840 1075
8845 1056
8850 1035
8855 1120
8860 1034
8865 1034
8870 1083
8875 1036
8880 1035
8885 1037
8890 1039
8895 1031
8900 1042
8905 1161
8910 1064
8915 1043
8920 1043
8925 1047
8930 1043
8935 1037
8940 1019
8945 1137
8950 1002
8955 1020
8960 1019
8965 1019
8970 1022
8975 1023
8980 1022
8985 1022
8990 1044
8995 1106
9000 1171
9005 1025
9010 1029
9015 1091
9020 1027
9025 1130
9030 1060
9035 1060
9040 1129
9045 1051
9050 1058
9055 1061
9060 1058
9065 1057
9070 1052
9075 1075
9080 1070
9085 1078
9090 1037
9095 1163
9100 1037
9105 1041
9110 1038
9115 1038
9120 1038
9125 1044
9130 1088
9135 1119
9140 1047
9145 1041
9150 1043
9155 1042
9160 1044
9165 1047
9170 1043
9175 1119
9180 1046
9185 1125
9190 1135
9195 1122
9200 1049
9205 1051
9210 1054
9215 1052
9220 1048
9225 1050
9230 1170
9235 1093
9240 1052
9245 1058
9250 1056
9255 1133
9260 1127
9265 1056
9270 1056
9275 1134
9280 1063
9285 1172
9290 1072
9295 1090
9300 1089
9305 1092
9310 1091
9315 1088
9320 1087
9325 1127
9330 1136
9335 1088
9340 1102
9345 1067
9350 1067
9355 1072
9360 1068
9365 1186
9370 1377
9375 1122
9380 1128
9385 1136
9390 1105
9395 1102
9400 1103
9405 1147
9410 1102
9415 1140
9420 1108
9425 1103
9430 1146
9435 1109
9440 1215
9445 1109
9450 1110
9455 1141
9460 1137
9465 1256
9470 1133
9475 1114
9480 1115
9485 1115
9490 1110
9495 1149
9500 1111
9505 1196
9510 1099
9515 1118
9520 1118
9525 1117
9530 1118
9535 1120
9540 1137
9545 1100
9550 1254
9555 1259
9560 1280
9565 1161
9570 1154
9575 1152
9580 1153
9585 1153
9590 1156
9595 1159
9600 1160
9605 1160
9610 1159
9615 1161
9620 1156
9625 1150
9630 1134
9635 1225
9640 1135
9645 1216
9650 1134
9655 1135
9660 1133
9665 1213
9670 1139
9675 1195
9680 1326
9685 1142
9690 1137
9695 1139
9700 1137
9705 1149
9710 1116
9715 1230
9720 1223
9725 1113
9730 1284
9735 1115
9740 1118
9745 1191
9750 1142
9755 1149
9760 1149
9765 1190
9770 1203
9775 1152
9780 1150
9785 1154
9790 1260
9795 1121
9800 1127
9805 1126
9810 1211
9815 1248
9820 1126
9825 1125
9830 1125
9835 1164
9840 1128
9845 1206
9850 1212
9855 1130
9860 1241
9865 1131
9870 1208
9875 1133
9880 1135
9885 1195
9890 1245
9895 1210
9900 1138
9905 1322
9910 1169
9915 1169
9920 1166
9925 1171
9930 1168
9935 1190
9940 1170
9945 1148
9950 1174
9955 1143
9960 1219
9965 1144
9970 1215
9975 1145
9980 1221
9985 1148
9990 1273
9995 1149
10000 1370
