5 0
10 0
15 0
20 0
25 1
30 1
35 1
40 1
45 2
50 2
55 2
60 3
65 3
70 3
75 3
80 4
85 4
90 4
95 5
100 5
105 5
110 5
115 6
120 6
125 7
130 7
135 7
140 7
145 8
150 8
155 8
160 9
165 9
170 9
175 10
180 10
185 10
190 11
195 11
200 12
205 12
210 12
215 12
220 12
225 14
230 14
235 14
240 14
245 15
250 16
255 16
260 17
265 17
270 17
275 17
280 18
285 18
290 19
295 19
300 19
305 19
310 20
315 21
320 21
325 21
330 21
335 23
340 22
345 23
350 23
355 24
360 24
365 24
370 25
375 26
380 26
385 26
390 26
395 28
400 28
405 28
410 28
415 29
420 29
425 30
430 30
435 30
440 31
445 32
450 32
455 33
460 33
465 33
470 34
475 35
480 35
485 35
490 36
495 37
500 37
505 37
510 37
515 38
520 38
525 39
530 40
535 39
540 40
545 40
550 41
555 41
560 41
565 42
570 44
575 80
580 44
585 44
590 44
595 44
600 45
605 46
610 46
615 47
620 47
625 48
630 48
635 47
640 49
645 50
650 50
655 51
660 51
665 52
670 52
675 53
680 53
685 53
690 54
695 54
700 56
705 55
710 57
715 57
720 57
725 57
730 58
735 58
740 59
745 60
750 60
755 60
760 60
765 61
770 61
775 63
780 62
785 63
790 64
795 65
800 65
805 66
810 66
815 67
820 66
825 67
830 68
835 68
840 69
845 69
850 70
855 70
860 71
865 71
870 73
875 72
880 72
885 73
890 74
895 74
900 75
905 76
910 76
915 77
920 80
925 77
930 78
935 78
940 79
945 80
950 81
955 81
960 81
965 82
970 82
975 82
980 83
985 103
990 104
995 148
1000 89
1005 90
1010 89
1015 89
1020 88
1025 89
1030 89
1035 91
1040 90
1045 90
1050 92
1055 92
1060 92
1065 149
1070 103
1075 102
1080 102
1085 101
1090 101
1095 103
1100 103
1105 102
1110 104
1115 104
1120 106
1125 105
1130 106
1135 105
1140 106
1145 119
1150 103
1155 105
1160 105
1165 105
1170 106
1175 106
1180 130
1185 125
1190 108
1195 110
1200 109
1205 109
1210 109
1215 110
1220 109
1225 111
1230 113
1235 112
1240 113
1245 113
1250 114
1255 115
1260 114
1265 116
1270 116
1275 117
1280 116
1285 118
1290 140
1295 124
1300 126
1305 136
1310 121
1315 121
1320 120
1325 121
1330 122
1335 123
1340 124
1345 125
1350 125
1355 124
1360 125
1365 126
1370 127
1375 127
1380 129
1385 153
1390 151
1395 129
1400 130
1405 130
1410 131
1415 130
1420 133
1425 133
1430 133
1435 133
1440 135
1445 135
1450 136
1455 136
1460 137
1465 138
1470 139
1475 138
1480 140
1485 138
1490 141
1495 141
1500 140
1505 142
1510 159
1515 164
1520 143
1525 143
1530 144
1535 145
1540 146
1545 146
1550 165
1555 155
1560 167
1565 148
1570 150
1575 151
1580 151
1585 151
1590 153
1595 187
1600 152
1605 153
1610 154
1615 154
1620 154
1625 155
1630 157
1635 157
1640 156
1645 157
1650 158
1655 158
1660 159
1665 160
1670 160
1675 160
1680 162
1685 162
1690 163
1695 165
1700 164
1705 165
1710 165
1715 166
1720 165
1725 167
1730 234
1735 189
1740 172
1745 172
1750 243
1755 246
1760 211
1765 172
1770 190
1775 178
1780 178
1785 177
1790 179
1795 178
1800 181
1805 182
1810 180
1815 181
1820 183
1825 179
1830 184
1835 184
1840 186
1845 184
1850 187
1855 188
1860 188
1865 186
1870 188
1875 188
1880 190
1885 189
1890 191
1895 190
1900 191
1905 192
1910 193
1915 194
1920 193
1925 193
1930 195
1935 195
1940 198
1945 196
1950 198
1955 197
1960 198
1965 200
1970 202
1975 201
1980 202
1985 203
1990 201
1995 202
2000 203
2005 204
2010 214
2015 200
2020 200
2025 201
2030 202
2035 202
2040 203
2045 203
2050 238
2055 246
2060 227
2065 268
2070 235
2075 218
2080 218
2085 217
2090 217
2095 224
2100 217
2105 220
2110 221
2115 220
2120 227
2125 219
2130 221
2135 226
2140 227
2145 222
2150 227
2155 224
2160 225
2165 529
2170 527
2175 525
2180 396
2185 417
2190 527
2195 529
2200 530
2205 246
2210 486
2215 504
2220 508
2225 454
2230 237
2235 259
2240 510
2245 525
2250 522
2255 519
2260 421
2265 511
2270 455
2275 439
2280 442
2285 441
2290 444
2295 443
2300 445
2305 454
2310 534
2315 245
2320 245
2325 247
2330 244
2335 243
2340 245
2345 249
2350 248
2355 249
2360 248
2365 249
2370 248
2375 250
2380 250
2385 252
2390 252
2395 253
2400 255
2405 259
2410 259
2415 264
2420 286
2425 262
2430 261
2435 260
2440 260
2445 261
2450 261
2455 278
2460 260
2465 262
2470 264
2475 261
2480 263
2485 264
2490 261
2495 266
2500 265
2505 267
2510 266
2515 264
2520 265
2525 266
2530 267
2535 268
2540 262
2545 272
2550 274
2555 270
2560 270
2565 271
2570 273
2575 272
2580 271
2585 274
2590 272
2595 275
2600 275
2605 273
2610 275
2615 275
2620 350
2625 281
2630 278
2635 280
2640 280
2645 281
2650 281
2655 282
2660 274
2665 282
2670 277
2675 283
2680 285
2685 285
2690 286
2695 287
2700 287
2705 288
2710 290
2715 288
2720 289
2725 289
2730 290
2735 291
2740 292
2745 292
2750 291
2755 294
2760 293
2765 294
2770 307
2775 289
2780 290
2785 289
2790 291
2795 319
2800 291
2805 291
2810 377
2815 293
2820 294
2825 293
2830 295
2835 294
2840 294
2845 296
2850 296
2855 298
2860 298
2865 298
2870 298
2875 301
2880 345
2885 300
2890 301
2895 304
2900 302
2905 304
2910 304
2915 304
2920 305
2925 305
2930 308
2935 306
2940 423
2945 306
2950 310
2955 309
2960 311
2965 309
2970 335
2975 328
2980 313
2985 313
2990 313
2995 336
3000 315
3005 314
3010 316
3015 316
3020 317
3025 318
3030 319
3035 390
3040 320
3045 320
3050 321
3055 322
3060 321
3065 322
3070 323
3075 325
3080 315
3085 316
3090 318
3095 319
3100 318
3105 320
3110 323
3115 320
3120 319
3125 430
3130 337
3135 321
3140 322
3145 323
3150 323
3155 324
3160 326
3165 325
3170 326
3175 327
3180 328
3185 347
3190 388
3195 330
3200 329
3205 330
3210 330
3215 332
3220 331
3225 332
3230 332
3235 334
3240 334
3245 335
3250 336
3255 336
3260 384
3265 344
3270 345
3275 348
3280 348
3285 373
3290 390
3295 408
3300 413
3305 352
3310 353
3315 352
3320 388
3325 402
3330 455
3335 345
3340 452
3345 476
3350 427
3355 435
3360 393
3365 390
3370 394
3375 432
3380 361
3385 360
3390 362
3395 449
3400 362
3405 396
3410 443
3415 383
3420 367
3425 366
3430 365
3435 367
3440 365
3445 469
3450 422
3455 379
3460 380
3465 380
3470 381
3475 378
3480 381
3485 382
3490 383
3495 384
3500 385
3505 386
3510 383
3515 386
3520 387
3525 388
3530 390
3535 389
3540 391
3545 390
3550 390
3555 391
3560 391
3565 424
3570 391
3575 438
3580 385
3585 385
3590 384
3595 386
3600 385
3605 387
3610 388
3615 388
3620 389
3625 488
3630 450
3635 389
3640 390
3645 392
3650 505
3655 395
3660 394
3665 429
3670 393
3675 395
3680 396
3685 399
3690 397
3695 397
3700 468
3705 399
3710 399
3715 399
3720 432
3725 401
3730 401
3735 402
3740 440
3745 403
3750 406
3755 406
3760 404
3765 406
3770 406
3775 406
3780 409
3785 408
3790 410
3795 409
3800 410
3805 424
3810 548
3815 401
3820 443
3825 402
3830 405
3835 403
3840 406
3845 405
3850 405
3855 408
3860 407
3865 408
3870 406
3875 448
3880 442
3885 410
3890 523
3895 411
3900 454
3905 435
3910 462
3915 424
3920 427
3925 446
3930 478
3935 487
3940 427
3945 428
3950 429
3955 427
3960 431
3965 430
3970 430
3975 433
3980 433
3985 432
3990 433
3995 435
4000 512
4005 435
4010 438
4015 437
4020 447
4025 426
4030 428
4035 428
4040 427
4045 424
4050 664
4055 429
4060 430
4065 431
4070 432
4075 430
4080 432
4085 431
4090 433
4095 433
4100 433
4105 437
4110 437
4115 517
4120 472
4125 438
4130 439
4135 439
4140 440
4145 439
4150 441
4155 440
4160 442
4165 513
4170 456
4175 496
4180 458
4185 469
4190 447
4195 511
4200 458
4205 459
4210 460
4215 464
4220 452
4225 488
4230 451
4235 450
4240 452
4245 454
4250 454
4255 455
4260 454
4265 455
4270 494
4275 498
4280 455
4285 456
4290 455
4295 458
4300 459
4305 459
4310 460
4315 460
4320 482
4325 459
4330 463
4335 621
4340 463
4345 464
4350 462
4355 465
4360 466
4365 589
4370 464
4375 495
4380 500
4385 468
4390 468
4395 470
4400 471
4405 469
4410 539
4415 471
4420 472
4425 548
4430 505
4435 486
4440 524
4445 488
4450 538
4455 491
4460 490
4465 488
4470 491
4475 489
4480 534
4485 493
4490 494
4495 495
4500 496
4505 532
4510 498
4515 535
4520 497
4525 500
4530 506
4535 567
4540 520
4545 551
4550 501
4555 544
4560 503
4565 543
4570 504
4575 527
4580 506
4585 506
4590 507
4595 506
4600 510
4605 513
4610 563
4615 531
4620 510
4625 512
4630 512
4635 560
4640 513
4645 513
4650 513
4655 550
4660 514
4665 513
4670 518
4675 587
4680 503
4685 515
4690 520
4695 517
4700 518
4705 703
4710 572
4715 521
4720 559
4725 614
4730 579
4735 800
4740 530
4745 550
4750 542
4755 540
4760 548
4765 542
4770 542
4775 543
4780 541
4785 568
4790 546
4795 544
4800 540
4805 545
4810 545
4815 547
4820 548
4825 548
4830 547
4835 548
4840 549
4845 551
4850 551
4855 552
4860 552
4865 556
4870 562
4875 540
4880 540
4885 539
4890 579
4895 541
4900 543
4905 567
4910 566
4915 545
4920 588
4925 544
4930 546
4935 547
4940 549
4945 586
4950 548
4955 560
4960 633
4965 535
4970 538
4975 540
4980 538
4985 540
4990 539
4995 541
5000 542
5005 542
5010 543
5015 546
5020 543
5025 544
5030 545
5035 724
5040 546
5045 550
5050 548
5055 549
5060 547
5065 634
5070 628
5075 549
5080 549
5085 645
5090 584
5095 569
5100 568
5105 580
5110 557
5115 555
5120 651
5125 563
5130 558
5135 560
5140 558
5145 559
5150 561
5155 560
5160 560
5165 562
5170 556
5175 561
5180 560
5185 563
5190 565
5195 639
5200 567
5205 564
5210 660
5215 581
5220 583
5225 584
5230 584
5235 689
5240 569
5245 571
5250 571
5255 572
5260 664
5265 573
5270 574
5275 641
5280 624
5285 590
5290 594
5295 677
5300 592
5305 593
5310 593
5315 593
5320 593
5325 597
5330 635
5335 597
5340 597
5345 598
5350 597
5355 598
5360 599
5365 598
5370 600
5375 682
5380 681
5385 602
5390 603
5395 604
5400 604
5405 604
5410 605
5415 605
5420 607
5425 687
5430 606
5435 608
5440 613
5445 595
5450 597
5455 595
5460 673
5465 599
5470 597
5475 733
5480 598
5485 601
5490 599
5495 601
5500 600
5505 603
5510 604
5515 603
5520 603
5525 606
5530 608
5535 610
5540 782
5545 622
5550 642
5555 623
5560 629
5565 607
5570 608
5575 609
5580 612
5585 611
5590 748
5595 629
5600 630
5605 630
5610 614
5615 664
5620 671
5625 634
5630 632
5635 631
5640 734
5645 739
5650 634
5655 636
5660 655
5665 656
5670 638
5675 637
5680 640
5685 639
5690 621
5695 641
5700 702
5705 642
5710 642
5715 644
5720 649
5725 643
5730 646
5735 647
5740 648
5745 717
5750 647
5755 647
5760 649
5765 650
5770 651
5775 729
5780 652
5785 652
5790 652
5795 652
5800 652
5805 651
5810 653
5815 633
5820 637
5825 641
5830 639
5835 643
5840 625
5845 625
5850 640
5855 728
5860 662
5865 658
5870 668
5875 648
5880 647
5885 706
5890 675
5895 734
5900 665
5905 648
5910 651
5915 652
5920 650
5925 652
5930 735
5935 653
5940 654
5945 654
5950 655
5955 653
5960 655
5965 759
5970 667
5975 659
5980 678
5985 768
5990 660
5995 657
6000 700
6005 659
6010 733
6015 733
6020 692
6025 683
6030 681
6035 678
6040 683
6045 743
6050 683
6055 685
6060 685
6065 686
6070 685
6075 725
6080 688
6085 687
6090 686
6095 768
6100 692
6105 688
6110 820
6115 677
6120 674
6125 675
6130 675
6135 710
6140 675
6145 758
6150 675
6155 679
6160 659
6165 681
6170 682
6175 680
6180 675
6185 686
6190 788
6195 699
6200 683
6205 683
6210 683
6215 690
6220 714
6225 690
6230 688
6235 687
6240 689
6245 688
6250 689
6255 691
6260 690
6265 692
6270 694
6275 765
6280 695
6285 694
6290 733
6295 696
6300 696
6305 698
6310 701
6315 698
6320 828
6325 747
6330 761
6335 852
6340 1132
6345 879
6350 949
6355 729
6360 727
6365 724
6370 723
6375 727
6380 724
6385 770
6390 776
6395 763
6400 726
6405 876
6410 741
6415 749
6420 789
6425 751
6430 750
6435 753
6440 757
6445 754
6450 752
6455 751
6460 740
6465 757
6470 782
6475 738
6480 736
6485 778
6490 739
6495 774
6500 842
6505 738
6510 781
6515 777
6520 730
6525 770
6530 768
6535 773
6540 765
6545 764
6550 767
6555 766
6560 763
6565 768
6570 768
6575 768
6580 769
6585 771
6590 774
6595 821
6600 753
6605 753
6610 751
6615 795
6620 756
6625 757
6630 757
6635 755
6640 758
6645 760
6650 794
6655 794
6660 736
6665 740
6670 739
6675 744
6680 744
6685 782
6690 740
6695 743
6700 745
6705 746
6710 745
6715 932
6720 859
6725 764
6730 747
6735 746
6740 749
6745 747
6750 848
6755 750
6760 752
6765 755
6770 833
6775 756
6780 753
6785 779
6790 755
6795 756
6800 759
6805 759
6810 787
6815 820
6820 764
6825 797
6830 804
6835 778
6840 796
6845 763
6850 816
6855 766
6860 764
6865 763
6870 766
6875 765
6880 843
6885 768
6890 821
6895 842
6900 787
6905 789
6910 789
6915 793
6920 793
6925 789
6930 791
6935 796
6940 866
6945 799
6950 795
6955 798
6960 839
6965 778
6970 815
6975 775
6980 880
6985 778
6990 778
6995 781
7000 779
7005 857
7010 779
7015 786
7020 782
7025 783
7030 892
7035 788
7040 786
7045 785
7050 785
7055 789
7060 786
7065 791
7070 850
7075 789
7080 831
7085 791
7090 793
7095 842
7100 810
7105 952
7110 793
7115 795
7120 777
7125 799
7130 871
7135 885
7140 818
7145 819
7150 819
7155 809
7160 823
7165 824
7170 823
7175 825
7180 825
7185 820
7190 870
7195 830
7200 785
7205 806
7210 844
7215 827
7220 806
7225 991
7230 808
7235 871
7240 1047
7245 878
7250 960
7255 833
7260 1018
7265 1261
7270 1029
7275 974
7280 865
7285 838
7290 839
7295 949
7300 864
7305 863
7310 861
7315 866
7320 867
7325 869
7330 867
7335 902
7340 866
7345 873
7350 900
7355 847
7360 869
7365 845
7370 883
7375 943
7380 847
7385 853
7390 851
7395 851
7400 839
7405 852
7410 853
7415 954
7420 899
7425 938
7430 842
7435 859
7440 861
7445 859
7450 942
7455 897
7460 946
7465 860
7470 862
7475 918
7480 863
7485 859
7490 864
7495 866
7500 868
7505 909
7510 870
7515 906
7520 866
7525 869
7530 902
7535 869
7540 868
7545 868
7550 870
7555 868
7560 856
7565 987
7570 900
7575 852
7580 851
7585 853
7590 933
7595 858
7600 857
7605 854
7610 856
7615 855
7620 857
7625 857
7630 859
7635 858
7640 856
7645 934
7650 919
7655 881
7660 886
7665 885
7670 928
7675 864
7680 976
7685 866
7690 868
7695 865
7700 865
7705 950
7710 863
7715 864
7720 868
7725 916
7730 869
7735 857
7740 869
7745 874
7750 948
7755 873
7760 913
7765 944
7770 949
7775 875
7780 948
7785 877
7790 873
7795 989
7800 880
7805 879
7810 959
7815 955
7820 876
7825 881
7830 879
7835 881
7840 885
7845 883
7850 885
7855 887
7860 884
7865 886
7870 887
7875 960
7880 884
7885 928
7890 891
7895 889
7900 875
7905 1015
7910 1051
7915 892
7920 887
7925 895
7930 999
7935 900
7940 895
7945 898
7950 900
7955 897
7960 900
7965 897
7970 897
7975 897
7980 983
7985 973
7990 902
7995 902
8000 902
8005 904
8010 976
8015 1073
8020 905
8025 906
8030 986
8035 908
8040 1025
8045 933
8050 932
8055 933
8060 939
8065 937
8070 937
8075 936
8080 935
8085 936
8090 983
8095 939
8100 914
8105 941
8110 921
8115 939
8120 939
8125 1037
8130 940
8135 943
8140 954
8145 993
8150 919
8155 920
8160 921
8165 921
8170 920
8175 1030
8180 922
8185 964
8190 925
8195 924
8200 1001
8205 928
8210 926
8215 926
8220 927
8225 931
8230 1035
8235 931
8240 931
8245 931
8250 933
8255 1057
8260 931
8265 934
8270 934
8275 1020
8280 1021
8285 989
8290 1029
8295 960
8300 964
8305 1009
8310 962
8315 962
8320 960
8325 965
8330 966
8335 1022
8340 970
8345 944
8350 946
8355 1007
8360 942
8365 948
8370 1020
8375 947
8380 948
8385 930
8390 985
8395 952
8400 951
8405 951
8410 1074
8415 950
8420 949
8425 985
8430 952
8435 937
8440 1031
8445 955
8450 959
8455 957
8460 1031
8465 961
8470 958
8475 960
8480 960
8485 961
8490 962
8495 963
8500 960
8505 963
8510 964
8515 1110
8520 1161
8525 1205
8530 1193
8535 1443
8540 1112
8545 1022
8550 1024
8555 1024
8560 1022
8565 1025
8570 1019
8575 1057
8580 1025
8585 1027
8590 1024
8595 1027
8600 1025
8605 1030
8610 1025
8615 1025
8620 1040
8625 1008
8630 1001
8635 1094
8640 1005
8645 1024
8650 1008
8655 1090
8660 1009
8665 1014
8670 1062
8675 1047
8680 1081
8685 1050
8690 1010
8695 1009
8700 1014
8705 1043
8710 1013
8715 1013
8720 1016
8725 1053
8730 1042
8735 1135
8740 1018
8745 1018
8750 1053
8755 1037
8760 1052
8765 1022
8770 1021
8775 1059
8780 1011
8785 1026
8790 1021
8795 1023
8800 1025
8805 1075
8810 998
8815 1001
8820 995
8825 1059
8830 1087
8835 1056
8840 1004
8845 1006
8850 1028
8855 1067
8860 1252
8865 1236
8870 1081
8875 1151
8880 1281
8885 1290
8890 1101
8895 1068
8900 1066
8905 1062
8910 1085
8915 1063
8920 1125
8925 1069
8930 1068
8935 1070
8940 1074
8945 1045
8950 1071
8955 1075
8960 1069
8965 1080
8970 1071
8975 1073
8980 1052
8985 1085
8990 1062
8995 1052
9000 1052
9005 1049
9010 1054
9015 1098
9020 1051
9025 1050
9030 1053
9035 1062
9040 1055
9045 1057
9050 1070
9055 1082
9060 1224
9065 1220
9070 1073
9075 1064
9080 1184
9085 1154
9090 1062
9095 1059
9100 1098
9105 1059
9110 1145
9115 1065
9120 1061
9125 1062
9130 1110
9135 1068
9140 1040
9145 1071
9150 1128
9155 1066
9160 1073
9165 1070
9170 1111
9175 1153
9180 1075
9185 1074
9190 1194
9195 1156
9200 1163
9205 1076
9210 1079
9215 1070
9220 1115
9225 1077
9230 1079
9235 1080
9240 1077
9245 1045
9250 1056
9255 1133
9260 1054
9265 1058
9270 1102
9275 1053
9280 1140
9285 1058
9290 1061
9295 1208
9300 1131
9305 1131
9310 1059
9315 1145
9320 1063
9325 1060
9330 1105
9335 1089
9340 1229
9345 1144
9350 1145
9355 1138
9360 1147
9365 1103
9370 1142
9375 1103
9380 1104
9385 1174
9390 1101
9395 1105
9400 1141
9405 1154
9410 1156
9415 1105
9420 1134
9425 1113
9430 1077
9435 1075
9440 1075
9445 1143
9450 1190
9455 1082
9460 1077
9465 1078
9470 1085
9475 1183
9480 1082
9485 1085
9490 1081
9495 1172
9500 1082
9505 1087
9510 1087
9515 1087
9520 1190
9525 1091
9530 1089
9535 1089
9540 1171
9545 1086
9550 1092
9555 1091
9560 1168
9565 1122
9570 1135
9575 1097
9580 1095
9585 1164
9590 1097
9595 1099
9600 1102
9605 1139
9610 1100
9615 1098
9620 1174
9625 1370
9630 1388
9635 1131
9640 1526
9645 1621
9650 1351
9655 1131
9660 1241
9665 1133
9670 1178
9675 1139
9680 1137
9685 1137
9690 1137
9695 1138
9700 1171
9705 1139
9710 1178
9715 1193
9720 1276
9725 1143
9730 1145
9735 1201
9740 1143
9745 1181
9750 1148
9755 1202
9760 1150
9765 1174
9770 1187
9775 1198
9780 1149
9785 1148
9790 1149
9795 1160
9800 1213
9805 1148
9810 1153
9815 1151
9820 1155
9825 1281
9830 1241
9835 1229
9840 1339
9845 1127
9850 1128
9855 1237
9860 1148
9865 1253
9870 1160
9875 1198
9880 1160
9885 1211
9890 1162
9895 1212
9900 1197
9905 1166
9910 1216
9915 1171
9920 1279
9925 1216
9930 1259
9935 1206
9940 1192
9945 1232
9950 1204
9955 1198
9960 1207
9965 1235
9970 1206
9975 1212
9980 1207
9985 1211
9990 1230
9995 1206
10000 1231
