5 0
10 0
15 0
20 0
25 1
30 1
35 1
40 1
45 2
50 2
55 2
60 3
65 3
70 3
75 3
80 4
85 4
90 4
95 5
100 5
105 5
110 20
115 6
120 6
125 6
130 7
135 8
140 8
145 8
150 8
155 9
160 9
165 9
170 9
175 10
180 10
185 11
190 11
195 12
200 12
205 13
210 13
215 13
220 13
225 14
230 14
235 14
240 15
245 15
250 16
255 16
260 17
265 17
270 18
275 19
280 18
285 18
290 19
295 20
300 20
305 20
310 21
315 21
320 21
325 22
330 22
335 22
340 23
345 23
350 23
355 24
360 25
365 25
370 25
375 26
380 27
385 27
390 28
395 28
400 28
405 28
410 29
415 30
420 30
425 31
430 31
435 32
440 32
445 32
450 32
455 33
460 34
465 34
470 35
475 37
480 35
485 36
490 37
495 37
500 38
505 38
510 38
515 38
520 39
525 40
530 41
535 41
540 42
545 42
550 42
555 42
560 43
565 44
570 44
575 44
580 44
585 46
590 45
595 46
600 47
605 47
610 47
615 48
620 49
625 50
630 50
635 50
640 50
645 49
650 52
655 53
660 53
665 53
670 54
675 55
680 55
685 55
690 54
695 56
700 56
705 58
710 57
715 59
720 58
725 59
730 59
735 60
740 61
745 61
750 61
755 62
760 63
765 63
770 63
775 64
780 65
785 65
790 67
795 69
800 103
805 68
810 67
815 68
820 69
825 69
830 69
835 70
840 70
845 72
850 72
855 72
860 73
865 73
870 74
875 75
880 73
885 76
890 76
895 76
900 78
905 77
910 78
915 79
920 79
925 80
930 81
935 118
940 82
945 83
950 83
955 84
960 84
965 84
970 85
975 86
980 86
985 89
990 87
995 88
1000 88
1005 88
1010 89
1015 89
1020 103
1025 88
1030 88
1035 88
1040 90
1045 90
1050 91
1055 91
1060 112
1065 110
1070 105
1075 102
1080 102
1085 101
1090 102
1095 102
1100 103
1105 103
1110 104
1115 104
1120 105
1125 106
1130 106
1135 106
1140 107
1145 107
1150 108
1155 108
1160 109
1165 109
1170 110
1175 110
1180 110
1185 111
1190 111
1195 113
1200 115
1205 110
1210 111
1215 112
1220 112
1225 113
1230 113
1235 113
1240 114
1245 114
1250 115
1255 115
1260 116
1265 116
1270 117
1275 118
1280 118
1285 119
1290 119
1295 120
1300 121
1305 122
1310 122
1315 123
1320 123
1325 122
1330 123
1335 126
1340 125
1345 126
1350 125
1355 127
1360 126
1365 126
1370 127
1375 150
1380 147
1385 130
1390 131
1395 130
1400 132
1405 131
1410 132
1415 133
1420 130
1425 164
1430 167
1435 142
1440 174
1445 137
1450 138
1455 138
1460 139
1465 139
1470 138
1475 139
1480 141
1485 140
1490 141
1495 141
1500 143
1505 144
1510 145
1515 144
1520 145
1525 148
1530 147
1535 148
1540 145
1545 148
1550 148
1555 148
1560 148
1565 150
1570 146
1575 150
1580 151
1585 151
1590 152
1595 151
1600 153
1605 154
1610 151
1615 155
1620 155
1625 193
1630 156
1635 157
1640 184
1645 178
1650 180
1655 180
1660 159
1665 161
1670 161
1675 162
1680 163
1685 164
1690 165
1695 188
1700 181
1705 182
1710 171
1715 170
1720 171
1725 172
1730 172
1735 172
1740 169
1745 174
1750 175
1755 175
1760 175
1765 177
1770 177
1775 178
1780 178
1785 179
1790 180
1795 179
1800 179
1805 183
1810 182
1815 183
1820 183
1825 185
1830 185
1835 185
1840 186
1845 186
1850 187
1855 188
1860 187
1865 190
1870 189
1875 190
1880 190
1885 195
1890 214
1895 216
1900 213
1905 217
1910 220
1915 200
1920 198
1925 203
1930 271
1935 231
1940 200
1945 205
1950 204
1955 199
1960 202
1965 197
1970 200
1975 201
1980 202
1985 203
1990 203
1995 203
2000 204
2005 203
2010 205
2015 205
2020 206
2025 207
2030 211
2035 210
2040 210
2045 209
2050 209
2055 210
2060 210
2065 211
2070 211
2075 213
2080 213
2085 213
2090 215
2095 214
2100 214
2105 216
2110 216
2115 220
2120 217
2125 217
2130 218
2135 220
2140 221
2145 221
2150 252
2155 223
2160 222
2165 224
2170 226
2175 226
2180 226
2185 227
2190 227
2195 226
2200 228
2205 244
2210 246
2215 231
2220 231
2225 232
2230 233
2235 264
2240 235
2245 235
2250 236
2255 237
2260 236
2265 237
2270 237
2275 238
2280 242
2285 241
2290 238
2295 243
2300 246
2305 251
2310 242
2315 249
2320 254
2325 250
2330 248
2335 247
2340 248
2345 247
2350 249
2355 246
2360 249
2365 249
2370 253
2375 254
2380 255
2385 254
2390 248
2395 253
2400 249
2405 255
2410 262
2415 262
2420 258
2425 257
2430 265
2435 264
2440 267
2445 266
2450 263
2455 273
2460 263
2465 265
2470 270
2475 264
2480 305
2485 267
2490 269
2495 279
2500 298
2505 281
2510 270
2515 267
2520 267
2525 268
2530 269
2535 270
2540 271
2545 273
2550 271
2555 273
2560 273
2565 277
2570 275
2575 269
2580 271
2585 276
2590 277
2595 284
2600 276
2605 278
2610 280
2615 281
2620 325
2625 283
2630 278
2635 281
2640 281
2645 286
2650 283
2655 286
2660 282
2665 284
2670 294
2675 286
2680 288
2685 288
2690 286
2695 287
2700 281
2705 293
2710 288
2715 290
2720 327
2725 297
2730 296
2735 303
2740 295
2745 300
2750 298
2755 302
2760 373
2765 300
2770 301
2775 308
2780 298
2785 301
2790 299
2795 299
2800 301
2805 300
2810 301
2815 302
2820 304
2825 302
2830 304
2835 305
2840 304
2845 309
2850 312
2855 312
2860 311
2865 317
2870 318
2875 318
2880 311
2885 311
2890 310
2895 310
2900 316
2905 318
2910 318
2915 320
2920 315
2925 328
2930 307
2935 309
2940 340
2945 311
2950 311
2955 352
2960 314
2965 354
2970 312
2975 312
2980 312
2985 314
2990 333
2995 324
3000 323
3005 323
3010 325
3015 325
3020 327
3025 327
3030 376
3035 330
3040 329
3045 329
3050 359
3055 330
3060 330
3065 330
3070 379
3075 330
3080 336
3085 335
3090 336
3095 336
3100 336
3105 366
3110 335
3115 338
3120 338
3125 339
3130 346
3135 332
3140 333
3145 333
3150 333
3155 334
3160 373
3165 338
3170 334
3175 335
3180 337
3185 366
3190 384
3195 385
3200 338
3205 339
3210 340
3215 340
3220 340
3225 341
3230 342
3235 344
3240 344
3245 344
3250 346
3255 345
3260 347
3265 346
3270 348
3275 347
3280 348
3285 350
3290 350
3295 352
3300 362
3305 371
3310 353
3315 354
3320 355
3325 354
3330 355
3335 378
3340 375
3345 357
3350 359
3355 358
3360 443
3365 360
3370 360
3375 359
3380 353
3385 362
3390 361
3395 406
3400 400
3405 365
3410 398
3415 365
3420 366
3425 365
3430 369
3435 368
3440 368
3445 371
3450 370
3455 370
3460 369
3465 371
3470 372
3475 415
3480 374
3485 374
3490 374
3495 377
3500 376
3505 375
3510 377
3515 380
3520 387
3525 367
3530 369
3535 425
3540 371
3545 451
3550 402
3555 374
3560 372
3565 374
3570 373
3575 375
3580 376
3585 376
3590 378
3595 377
3600 432
3605 457
3610 378
3615 378
3620 421
3625 427
3630 382
3635 380
3640 400
3645 393
3650 394
3655 395
3660 393
3665 394
3670 396
3675 396
3680 400
3685 432
3690 474
3695 400
3700 399
3705 401
3710 402
3715 402
3720 402
3725 424
3730 420
3735 402
3740 406
3745 404
3750 436
3755 441
3760 419
3765 397
3770 396
3775 472
3780 397
3785 400
3790 400
3795 399
3800 400
3805 402
3810 400
3815 403
3820 403
3825 403
3830 403
3835 404
3840 406
3845 406
3850 482
3855 411
3860 409
3865 427
3870 500
3875 410
3880 411
3885 413
3890 412
3895 411
3900 413
3905 414
3910 413
3915 415
3920 487
3925 417
3930 417
3935 436
3940 418
3945 417
3950 408
3955 419
3960 419
3965 440
3970 563
3975 533
3980 435
3985 434
3990 436
3995 435
4000 437
4005 436
4010 437
4015 440
4020 436
4025 439
4030 439
4035 439
4040 440
4045 440
4050 442
4055 441
4060 442
4065 444
4070 445
4075 474
4080 471
4085 480
4090 446
4095 477
4100 465
4105 458
4110 442
4115 440
4120 440
4125 439
4130 439
4135 440
4140 439
4145 441
4150 442
4155 444
4160 445
4165 443
4170 444
4175 445
4180 446
4185 445
4190 530
4195 446
4200 447
4205 448
4210 449
4215 448
4220 450
4225 473
4230 487
4235 530
4240 452
4245 454
4250 452
4255 455
4260 454
4265 454
4270 457
4275 458
4280 457
4285 457
4290 460
4295 459
4300 540
4305 459
4310 462
4315 546
4320 481
4325 464
4330 537
4335 464
4340 464
4345 463
4350 464
4355 464
4360 469
4365 467
4370 467
4375 470
4380 581
4385 471
4390 468
4395 468
4400 470
4405 547
4410 484
4415 487
4420 485
4425 498
4430 473
4435 473
4440 475
4445 475
4450 477
4455 552
4460 479
4465 479
4470 551
4475 479
4480 558
4485 480
4490 482
4495 483
4500 483
4505 565
4510 539
4515 596
4520 609
4525 485
4530 488
4535 560
4540 488
4545 487
4550 487
4555 488
4560 490
4565 490
4570 491
4575 507
4580 506
4585 506
4590 506
4595 506
4600 508
4605 598
4610 509
4615 512
4620 509
4625 510
4630 511
4635 554
4640 511
4645 512
4650 512
4655 513
4660 513
4665 515
4670 507
4675 504
4680 503
4685 545
4690 535
4695 536
4700 560
4705 512
4710 564
4715 634
4720 496
4725 510
4730 507
4735 511
4740 512
4745 512
4750 499
4755 512
4760 538
4765 528
4770 517
4775 528
4780 517
4785 529
4790 530
4795 610
4800 531
4805 533
4810 519
4815 535
4820 536
4825 533
4830 538
4835 537
4840 537
4845 549
4850 521
4855 523
4860 605
4865 798
4870 696
4875 555
4880 558
4885 559
4890 554
4895 560
4900 577
4905 560
4910 561
4915 561
4920 547
4925 548
4930 562
4935 564
4940 578
4945 563
4950 563
4955 565
4960 568
4965 567
4970 566
4975 561
4980 567
4985 570
4990 568
4995 576
5000 656
5005 587
5010 579
5015 559
5020 636
5025 559
5030 559
5035 560
5040 561
5045 560
5050 599
5055 562
5060 635
5065 565
5070 564
5075 709
5080 567
5085 568
5090 568
5095 566
5100 570
5105 569
5110 568
5115 570
5120 571
5125 606
5130 609
5135 570
5140 571
5145 574
5150 620
5155 572
5160 574
5165 574
5170 576
5175 577
5180 576
5185 578
5190 628
5195 578
5200 578
5205 581
5210 621
5215 582
5220 583
5225 583
5230 584
5235 630
5240 585
5245 649
5250 606
5255 585
5260 560
5265 573
5270 574
5275 572
5280 572
5285 652
5290 575
5295 578
5300 637
5305 579
5310 580
5315 652
5320 657
5325 584
5330 717
5335 679
5340 597
5345 643
5350 835
5355 720
5360 889
5365 721
5370 603
5375 602
5380 600
5385 603
5390 679
5395 595
5400 675
5405 606
5410 604
5415 704
5420 609
5425 610
5430 610
5435 606
5440 612
5445 642
5450 611
5455 689
5460 657
5465 682
5470 699
5475 632
5480 631
5485 654
5490 633
5495 634
5500 634
5505 634
5510 635
5515 634
5520 636
5525 639
5530 637
5535 638
5540 639
5545 640
5550 624
5555 623
5560 770
5565 624
5570 649
5575 653
5580 629
5585 669
5590 712
5595 630
5600 629
5605 629
5610 628
5615 631
5620 629
5625 674
5630 686
5635 627
5640 632
5645 636
5650 699
5655 637
5660 638
5665 637
5670 638
5675 638
5680 639
5685 709
5690 642
5695 639
5700 716
5705 680
5710 643
5715 699
5720 643
5725 645
5730 644
5735 646
5740 645
5745 646
5750 647
5755 649
5760 633
5765 648
5770 648
5775 650
5780 724
5785 734
5790 652
5795 653
5800 654
5805 656
5810 652
5815 655
5820 659
5825 655
5830 658
5835 658
5840 642
5845 641
5850 645
5855 743
5860 662
5865 739
5870 660
5875 701
5880 676
5885 647
5890 646
5895 648
5900 648
5905 732
5910 670
5915 705
5920 671
5925 670
5930 751
5935 674
5940 669
5945 761
5950 672
5955 676
5960 672
5965 677
5970 675
5975 716
5980 695
5985 677
5990 675
5995 677
6000 722
6005 668
6010 678
6015 754
6020 680
6025 683
6030 682
6035 717
6040 721
6045 725
6050 684
6055 683
6060 684
6065 705
6070 692
6075 758
6080 686
6085 732
6090 688
6095 690
6100 688
6105 689
6110 681
6115 673
6120 674
6125 675
6130 679
6135 711
6140 748
6145 804
6150 679
6155 768
6160 736
6165 679
6170 682
6175 702
6180 698
6185 698
6190 699
6195 703
6200 704
6205 706
6210 702
6215 722
6220 719
6225 708
6230 706
6235 709
6240 756
6245 690
6250 692
6255 691
6260 692
6265 692
6270 839
6275 711
6280 712
6285 741
6290 758
6295 696
6300 857
6305 697
6310 729
6315 717
6320 719
6325 718
6330 721
6335 719
6340 718
6345 723
6350 722
6355 797
6360 723
6365 725
6370 759
6375 707
6380 706
6385 707
6390 706
6395 767
6400 708
6405 706
6410 691
6415 710
6420 772
6425 770
6430 794
6435 817
6440 761
6445 748
6450 755
6455 754
6460 755
6465 756
6470 758
6475 757
6480 758
6485 759
6490 802
6495 761
6500 758
6505 761
6510 762
6515 762
6520 762
6525 763
6530 765
6535 764
6540 766
6545 758
6550 767
6555 762
6560 780
6565 750
6570 795
6575 749
6580 747
6585 753
6590 751
6595 753
6600 753
6605 753
6610 753
6615 786
6620 756
6625 807
6630 758
6635 756
6640 759
6645 760
6650 758
6655 757
6660 760
6665 762
6670 763
6675 762
6680 798
6685 798
6690 816
6695 746
6700 869
6705 744
6710 743
6715 748
6720 748
6725 749
6730 748
6735 874
6740 818
6745 790
6750 833
6755 885
6760 884
6765 888
6770 769
6775 775
6780 771
6785 774
6790 772
6795 776
6800 777
6805 806
6810 801
6815 799
6820 809
6825 802
6830 805
6835 802
6840 803
6845 810
6850 804
6855 809
6860 805
6865 783
6870 783
6875 813
6880 898
6885 787
6890 789
6895 789
6900 788
6905 789
6910 792
6915 792
6920 791
6925 796
6930 794
6935 796
6940 794
6945 834
6950 796
6955 883
6960 794
6965 798
6970 800
6975 796
6980 809
6985 778
6990 779
6995 861
7000 800
7005 851
7010 781
7015 783
7020 783
7025 786
7030 786
7035 787
7040 786
7045 786
7050 824
7055 851
7060 790
7065 789
7070 971
7075 788
7080 1035
7085 831
7090 796
7095 810
7100 814
7105 815
7110 815
7115 820
7120 820
7125 818
7130 1018
7135 818
7140 866
7145 821
7150 822
7155 820
7160 801
7165 801
7170 800
7175 803
7180 802
7185 841
7190 885
7195 805
7200 1000
7205 806
7210 807
7215 809
7220 809
7225 807
7230 869
7235 812
7240 810
7245 813
7250 849
7255 888
7260 813
7265 884
7270 892
7275 815
7280 816
7285 819
7290 880
7295 819
7300 819
7305 820
7310 864
7315 972
7320 934
7325 837
7330 839
7335 910
7340 848
7345 847
7350 846
7355 864
7360 846
7365 848
7370 889
7375 911
7380 970
7385 1072
7390 937
7395 941
7400 957
7405 932
7410 929
7415 933
7420 936
7425 995
7430 866
7435 884
7440 958
7445 857
7450 862
7455 860
7460 862
7465 877
7470 865
7475 900
7480 862
7485 863
7490 865
7495 1015
7500 896
7505 931
7510 861
7515 868
7520 887
7525 900
7530 913
7535 866
7540 976
7545 918
7550 905
7555 875
7560 906
7565 872
7570 871
7575 877
7580 873
7585 908
7590 876
7595 875
7600 907
7605 999
7610 878
7615 877
7620 879
7625 877
7630 882
7635 883
7640 882
7645 906
7650 983
7655 915
7660 908
7665 886
7670 887
7675 888
7680 924
7685 887
7690 888
7695 888
7700 931
7705 890
7710 887
7715 935
7720 896
7725 894
7730 892
7735 895
7740 894
7745 961
7750 872
7755 986
7760 873
7765 1052
7770 877
7775 876
7780 877
7785 950
7790 965
7795 901
7800 901
7805 904
7810 938
7815 904
7820 904
7825 906
7830 978
7835 908
7840 909
7845 878
7850 884
7855 885
7860 961
7865 971
7870 889
7875 1015
7880 888
7885 1010
7890 892
7895 920
7900 915
7905 916
7910 962
7915 922
7920 975
7925 919
7930 919
7935 1023
7940 923
7945 917
7950 924
7955 923
7960 920
7965 926
7970 923
7975 954
7980 1011
7985 925
7990 924
7995 921
8000 902
8005 902
8010 908
8015 903
8020 904
8025 904
8030 1072
8035 909
8040 909
8045 908
8050 908
8055 913
8060 986
8065 911
8070 911
8075 910
8080 933
8085 995
8090 1054
8095 1044
8100 943
8105 939
8110 944
8115 941
8120 942
8125 944
8130 938
8135 1020
8140 946
8145 954
8150 923
8155 923
8160 922
8165 921
8170 1005
8175 923
8180 923
8185 926
8190 954
8195 1102
8200 927
8205 906
8210 930
8215 930
8220 929
8225 929
8230 925
8235 990
8240 1010
8245 925
8250 1008
8255 935
8260 933
8265 933
8270 938
8275 936
8280 973
8285 936
8290 1010
8295 1047
8300 1035
8305 1038
8310 1110
8315 1421
8320 1201
8325 986
8330 944
8335 940
8340 1051
8345 951
8350 969
8355 970
8360 971
8365 974
8370 1041
8375 1165
8380 1001
8385 1004
8390 1134
8395 1155
8400 976
8405 1013
8410 978
8415 977
8420 983
8425 980
8430 979
8435 980
8440 1019
8445 1017
8450 1011
8455 981
8460 1066
8465 981
8470 980
8475 986
8480 979
8485 960
8490 1074
8495 1151
8500 1007
8505 982
8510 963
8515 963
8520 966
8525 987
8530 995
8535 1025
8540 1079
8545 994
8550 995
8555 996
8560 994
8565 1033
8570 998
8575 989
8580 970
8585 975
8590 1053
8595 971
8600 1063
8605 976
8610 977
8615 977
8620 978
8625 978
8630 1055
8635 980
8640 1100
8645 982
8650 984
8655 983
8660 980
8665 982
8670 1080
8675 1018
8680 1053
8685 988
8690 1177
8695 1114
8700 1002
8705 1049
8710 1016
8715 1087
8720 1018
8725 1014
8730 1014
8735 1084
8740 1028
8745 1017
8750 1016
8755 1091
8760 1012
8765 993
8770 995
8775 990
8780 997
8785 999
8790 1052
8795 1194
8800 1000
8805 996
8810 1003
8815 1003
8820 1003
8825 1003
8830 998
8835 1077
8840 1006
8845 1098
8850 1039
8855 1029
8860 1021
8865 1010
8870 1006
8875 1009
8880 1066
8885 1076
8890 1012
8895 1157
8900 1012
8905 1012
8910 1012
8915 1010
8920 1015
8925 1063
8930 1039
8935 1093
8940 1014
8945 1017
8950 1020
8955 1018
8960 1229
8965 1148
8970 1018
8975 1024
8980 1079
8985 1114
8990 1190
8995 1049
9000 1047
9005 1074
9010 1090
9015 1050
9020 1053
9025 1098
9030 1075
9035 1052
9040 1053
9045 1054
9050 1060
9055 1077
9060 1056
9065 1056
9070 1060
9075 1134
9080 1034
9085 1106
9090 1109
9095 1107
9100 1034
9105 1035
9110 1036
9115 1075
9120 1036
9125 1111
9130 1200
9135 1039
9140 1041
9145 1042
9150 1039
9155 1042
9160 1042
9165 1043
9170 1114
9175 1045
9180 1236
9185 1066
9190 1048
9195 1051
9200 1122
9205 1123
9210 1053
9215 1106
9220 1053
9225 1054
9230 1049
9235 1052
9240 1054
9245 1051
9250 1170
9255 1282
9260 1053
9265 1124
9270 1190
9275 1056
9280 1058
9285 1060
9290 1055
9295 1090
9300 1174
9305 1091
9310 1145
9315 1123
9320 1092
9325 1091
9330 1142
9335 1094
9340 1091
9345 1095
9350 1095
9355 1173
9360 1213
9365 1095
9370 1218
9375 1101
9380 1099
9385 1101
9390 1096
9395 1100
9400 1125
9405 1213
9410 1100
9415 1104
9420 1110
9425 1109
9430 1073
9435 1074
9440 1077
9445 1118
9450 1148
9455 1116
9460 1080
9465 1078
9470 1156
9475 1080
9480 1083
9485 1084
9490 1159
9495 1122
9500 1082
9505 1087
9510 1090
9515 1090
9520 1084
9525 1089
9530 1085
9535 1225
9540 1090
9545 1215
9550 1089
9555 1090
9560 1090
9565 1169
9570 1093
9575 1093
9580 1114
9585 1130
9590 1096
9595 1096
9600 1098
9605 1099
9610 1171
9615 1105
9620 1101
9625 1177
9630 1174
9635 1234
9640 1129
9645 1131
9650 1131
9655 1129
9660 1133
9665 1134
9670 1181
9675 1145
9680 1105
9685 1107
9690 1106
9695 1104
9700 1111
9705 1109
9710 1138
9715 1131
9720 1111
9725 1284
9730 1114
9735 1266
9740 1130
9745 1111
9750 1117
9755 1192
9760 1234
9765 1170
9770 1149
9775 1151
9780 1152
9785 1148
9790 1149
9795 1152
9800 1156
9805 1196
9810 1242
9815 1124
9820 1121
9825 1122
9830 1124
9835 1125
9840 1132
9845 1162
9850 1235
9855 1126
9860 1129
9865 1131
9870 1131
9875 1133
9880 1132
9885 1135
9890 1135
9895 1227
9900 1259
9905 1141
9910 1135
9915 1133
9920 1138
9925 1211
9930 1138
9935 1255
9940 1142
9945 1217
9950 1140
9955 1140
9960 1143
9965 1144
9970 1219
9975 1146
9980 1233
9985 1315
9990 1145
9995 1256
10000 1148
