5 0
10 0
15 0
20 0
25 1
30 1
35 1
40 2
45 2
50 2
55 2
60 3
65 3
70 3
75 3
80 4
85 4
90 4
95 5
100 5
105 5
110 5
115 6
120 6
125 7
130 7
135 7
140 7
145 8
150 8
155 9
160 9
165 10
170 10
175 10
180 10
185 11
190 11
195 12
200 12
205 13
210 13
215 13
220 14
225 14
230 14
235 14
240 15
245 16
250 16
255 16
260 17
265 17
270 17
275 18
280 18
285 18
290 20
295 20
300 20
305 21
310 21
315 21
320 21
325 22
330 23
335 23
340 23
345 23
350 24
355 24
360 24
365 26
370 26
375 27
380 27
385 27
390 28
395 29
400 28
405 29
410 29
415 30
420 31
425 31
430 31
435 31
440 32
445 33
450 33
455 34
460 34
465 34
470 35
475 36
480 36
485 36
490 37
495 37
500 37
505 37
510 38
515 39
520 62
525 47
530 44
535 58
540 62
545 43
550 43
555 43
560 43
565 43
570 44
575 45
580 45
585 45
590 46
595 46
600 47
605 47
610 48
615 48
620 49
625 49
630 49
635 49
640 50
645 51
650 51
655 52
660 52
665 53
670 53
675 53
680 54
685 55
690 56
695 56
700 56
705 75
710 58
715 71
720 57
725 58
730 58
735 58
740 58
745 59
750 59
755 60
760 59
765 61
770 61
775 62
780 63
785 63
790 63
795 64
800 64
805 65
810 64
815 66
820 67
825 66
830 67
835 68
840 69
845 68
850 69
855 70
860 70
865 71
870 71
875 72
880 73
885 72
890 73
895 74
900 74
905 74
910 75
915 76
920 76
925 77
930 77
935 78
940 80
945 79
950 146
955 84
960 84
965 83
970 84
975 84
980 84
985 84
990 85
995 86
1000 85
1005 85
1010 86
1015 87
1020 86
1025 138
1030 104
1035 103
1040 111
1045 100
1050 99
1055 99
1060 100
1065 99
1070 100
1075 99
1080 100
1085 100
1090 100
1095 101
1100 101
1105 101
1110 102
1115 103
1120 103
1125 103
1130 105
1135 105
1140 105
1145 106
1150 107
1155 107
1160 107
1165 109
1170 125
1175 106
1180 107
1185 106
1190 107
1195 109
1200 109
1205 109
1210 110
1215 110
1220 111
1225 111
1230 112
1235 113
1240 112
1245 114
1250 114
1255 114
1260 115
1265 115
1270 116
1275 118
1280 118
1285 118
1290 118
1295 119
1300 120
1305 120
1310 121
1315 120
1320 120
1325 121
1330 123
1335 123
1340 123
1345 125
1350 125
1355 126
1360 126
1365 126
1370 127
1375 127
1380 129
1385 192
1390 133
1395 133
1400 133
1405 132
1410 132
1415 132
1420 133
1425 133
1430 134
1435 135
1440 135
1445 135
1450 138
1455 137
1460 137
1465 137
1470 138
1475 140
1480 140
1485 140
1490 140
1495 140
1500 139
1505 179
1510 142
1515 143
1520 183
1525 144
1530 146
1535 146
1540 146
1545 146
1550 148
1555 147
1560 148
1565 149
1570 149
1575 187
1580 151
1585 151
1590 152
1595 152
1600 152
1605 152
1610 153
1615 153
1620 155
1625 156
1630 155
1635 156
1640 154
1645 158
1650 159
1655 158
1660 159
1665 160
1670 158
1675 161
1680 162
1685 162
1690 187
1695 181
1700 164
1705 187
1710 178
1715 165
1720 166
1725 166
1730 167
1735 168
1740 168
1745 170
1750 198
1755 191
1760 171
1765 172
1770 172
1775 173
1780 173
1785 174
1790 174
1795 175
1800 174
1805 176
1810 177
1815 176
1820 177
1825 178
1830 178
1835 179
1840 180
1845 181
1850 181
1855 181
1860 203
1865 197
1870 189
1875 201
1880 328
1885 237
1890 181
1895 232
1900 183
1905 183
1910 183
1915 184
1920 183
1925 185
1930 186
1935 186
1940 258
1945 190
1950 189
1955 190
1960 190
1965 397
1970 222
1975 190
1980 191
1985 191
1990 193
1995 194
2000 194
2005 194
2010 195
2015 195
2020 196
2025 196
2030 196
2035 198
2040 199
2045 199
2050 198
2055 331
2060 234
2065 205
2070 207
2075 207
2080 209
2085 208
2090 209
2095 210
2100 212
2105 212
2110 211
2115 212
2120 212
2125 213
2130 213
2135 313
2140 294
2145 218
2150 285
2155 241
2160 226
2165 225
2170 226
2175 227
2180 228
2185 273
2190 230
2195 231
2200 231
2205 228
2210 231
2215 274
2220 247
2225 234
2230 239
2235 238
2240 239
2245 238
2250 236
2255 238
2260 242
2265 241
2270 242
2275 245
2280 242
2285 241
2290 243
2295 243
2300 242
2305 246
2310 245
2315 242
2320 243
2325 246
2330 247
2335 248
2340 245
2345 250
2350 249
2355 250
2360 249
2365 254
2370 258
2375 256
2380 260
2385 252
2390 268
2395 280
2400 285
2405 274
2410 271
2415 262
2420 265
2425 257
2430 279
2435 266
2440 261
2445 260
2450 262
2455 282
2460 263
2465 261
2470 261
2475 262
2480 262
2485 262
2490 262
2495 264
2500 265
2505 269
2510 267
2515 266
2520 268
2525 267
2530 268
2535 268
2540 270
2545 270
2550 270
2555 275
2560 276
2565 276
2570 293
2575 277
2580 276
2585 280
2590 286
2595 275
2600 277
2605 277
2610 273
2615 279
2620 280
2625 282
2630 280
2635 284
2640 280
2645 283
2650 278
2655 283
2660 284
2665 285
2670 284
2675 285
2680 285
2685 290
2690 299
2695 288
2700 291
2705 292
2710 293
2715 292
2720 296
2725 292
2730 292
2735 297
2740 294
2745 294
2750 295
2755 293
2760 294
2765 294
2770 296
2775 296
2780 300
2785 300
2790 301
2795 302
2800 305
2805 302
2810 302
2815 302
2820 297
2825 306
2830 304
2835 306
2840 304
2845 305
2850 300
2855 307
2860 308
2865 306
2870 309
2875 308
2880 308
2885 309
2890 303
2895 309
2900 315
2905 315
2910 316
2915 321
2920 315
2925 320
2930 323
2935 324
2940 321
2945 321
2950 323
2955 321
2960 322
2965 323
2970 325
2975 327
2980 329
2985 326
2990 324
2995 324
3000 324
3005 324
3010 325
3015 325
3020 327
3025 326
3030 327
3035 330
3040 330
3045 331
3050 381
3055 331
3060 333
3065 332
3070 331
3075 328
3080 331
3085 333
3090 360
3095 336
3100 338
3105 336
3110 336
3115 336
3120 339
3125 339
3130 338
3135 340
3140 343
3145 341
3150 342
3155 343
3160 343
3165 344
3170 343
3175 344
3180 346
3185 347
3190 348
3195 348
3200 350
3205 352
3210 351
3215 349
3220 383
3225 353
3230 352
3235 353
3240 352
3245 354
3250 353
3255 356
3260 356
3265 355
3270 358
3275 358
3280 357
3285 358
3290 360
3295 359
3300 360
3305 361
3310 360
3315 362
3320 361
3325 361
3330 364
3335 364
3340 364
3345 364
3350 364
3355 367
3360 366
3365 370
3370 368
3375 369
3380 369
3385 369
3390 373
3395 370
3400 372
3405 373
3410 373
3415 374
3420 375
3425 374
3430 377
3435 374
3440 377
3445 378
3450 388
3455 371
3460 371
3465 370
3470 477
3475 372
3480 372
3485 373
3490 443
3495 375
3500 376
3505 406
3510 376
3515 377
3520 376
3525 376
3530 377
3535 377
3540 377
3545 378
3550 382
3555 381
3560 496
3565 425
3570 434
3575 395
3580 425
3585 395
3590 396
3595 401
3600 398
3605 397
3610 400
3615 397
3620 400
3625 401
3630 402
3635 399
3640 402
3645 402
3650 404
3655 402
3660 406
3665 407
3670 405
3675 401
3680 408
3685 414
3690 428
3695 398
3700 398
3705 399
3710 399
3715 436
3720 464
3725 401
3730 403
3735 401
3740 477
3745 406
3750 406
3755 405
3760 406
3765 408
3770 408
3775 409
3780 408
3785 408
3790 410
3795 410
3800 411
3805 411
3810 412
3815 411
3820 411
3825 413
3830 415
3835 417
3840 436
3845 417
3850 416
3855 415
3860 418
3865 462
3870 418
3875 421
3880 421
3885 421
3890 421
3895 421
3900 422
3905 422
3910 439
3915 416
3920 413
3925 413
3930 543
3935 537
3940 456
3945 459
3950 491
3955 694
3960 567
3965 595
3970 569
3975 470
3980 527
3985 422
3990 421
3995 413
4000 448
4005 437
4010 474
4015 456
4020 483
4025 440
4030 476
4035 440
4040 484
4045 547
4050 445
4055 443
4060 444
4065 444
4070 443
4075 442
4080 445
4085 444
4090 466
4095 444
4100 460
4105 459
4110 459
4115 460
4120 462
4125 472
4130 464
4135 462
4140 463
4145 464
4150 467
4155 488
4160 493
4165 468
4170 466
4175 544
4180 469
4185 470
4190 469
4195 471
4200 486
4205 473
4210 472
4215 473
4220 474
4225 476
4230 477
4235 464
4240 476
4245 477
4250 477
4255 477
4260 486
4265 473
4270 480
4275 480
4280 481
4285 481
4290 480
4295 481
4300 489
4305 471
4310 471
4315 472
4320 471
4325 472
4330 472
4335 474
4340 476
4345 475
4350 478
4355 477
4360 477
4365 479
4370 480
4375 480
4380 480
4385 562
4390 484
4395 495
4400 543
4405 473
4410 470
4415 472
4420 471
4425 471
4430 473
4435 476
4440 475
4445 474
4450 477
4455 476
4460 476
4465 556
4470 544
4475 492
4480 493
4485 494
4490 537
4495 480
4500 483
4505 482
4510 484
4515 484
4520 525
4525 483
4530 486
4535 486
4540 488
4545 487
4550 486
4555 487
4560 488
4565 489
4570 490
4575 574
4580 493
4585 490
4590 579
4595 496
4600 497
4605 497
4610 494
4615 496
4620 498
4625 486
4630 573
4635 499
4640 498
4645 499
4650 499
4655 502
4660 500
4665 502
4670 503
4675 603
4680 556
4685 520
4690 505
4695 507
4700 537
4705 521
4710 515
4715 526
4720 546
4725 544
4730 510
4735 511
4740 512
4745 511
4750 511
4755 511
4760 511
4765 514
4770 610
4775 513
4780 602
4785 551
4790 532
4795 533
4800 569
4805 518
4810 522
4815 595
4820 523
4825 522
4830 523
4835 523
4840 524
4845 524
4850 523
4855 525
4860 546
4865 568
4870 527
4875 526
4880 529
4885 531
4890 548
4895 707
4900 563
4905 530
4910 530
4915 531
4920 532
4925 533
4930 535
4935 598
4940 534
4945 552
4950 550
4955 589
4960 551
4965 573
4970 575
4975 552
4980 553
4985 554
4990 556
4995 554
5000 558
5005 555
5010 578
5015 556
5020 556
5025 610
5030 560
5035 560
5040 564
5045 590
5050 562
5055 565
5060 563
5065 563
5070 562
5075 564
5080 565
5085 566
5090 566
5095 567
5100 603
5105 572
5110 598
5115 604
5120 577
5125 650
5130 674
5135 559
5140 656
5145 633
5150 560
5155 559
5160 621
5165 561
5170 564
5175 707
5180 564
5185 565
5190 585
5195 618
5200 580
5205 582
5210 581
5215 623
5220 581
5225 584
5230 584
5235 583
5240 585
5245 586
5250 589
5255 589
5260 626
5265 589
5270 587
5275 574
5280 575
5285 577
5290 576
5295 577
5300 616
5305 579
5310 595
5315 686
5320 579
5325 581
5330 582
5335 585
5340 584
5345 648
5350 600
5355 600
5360 614
5365 583
5370 583
5375 589
5380 644
5385 665
5390 587
5395 590
5400 591
5405 591
5410 590
5415 592
5420 592
5425 595
5430 594
5435 663
5440 596
5445 595
5450 596
5455 596
5460 596
5465 615
5470 756
5475 839
5480 633
5485 631
5490 636
5495 633
5500 634
5505 635
5510 637
5515 636
5520 639
5525 637
5530 638
5535 636
5540 639
5545 697
5550 638
5555 643
5560 645
5565 643
5570 644
5575 649
5580 629
5585 627
5590 615
5595 631
5600 614
5605 631
5610 632
5615 635
5620 621
5625 714
5630 633
5635 774
5640 634
5645 637
5650 639
5655 621
5660 622
5665 622
5670 688
5675 640
5680 639
5685 714
5690 624
5695 627
5700 696
5705 624
5710 624
5715 627
5720 628
5725 629
5730 631
5735 629
5740 632
5745 631
5750 674
5755 632
5760 633
5765 633
5770 635
5775 635
5780 711
5785 640
5790 743
5795 768
5800 698
5805 781
5810 638
5815 643
5820 638
5825 639
5830 643
5835 625
5840 627
5845 682
5850 644
5855 811
5860 687
5865 695
5870 683
5875 684
5880 689
5885 667
5890 673
5895 670
5900 671
5905 778
5910 868
5915 758
5920 820
5925 773
5930 691
5935 701
5940 689
5945 693
5950 692
5955 692
5960 691
5965 694
5970 695
5975 695
5980 695
5985 700
5990 695
5995 711
6000 694
6005 681
6010 680
6015 683
6020 760
6025 683
6030 701
6035 684
6040 685
6045 685
6050 686
6055 725
6060 669
6065 695
6070 765
6075 672
6080 885
6085 715
6090 688
6095 728
6100 676
6105 676
6110 675
6115 674
6120 677
6125 675
6130 678
6135 710
6140 802
6145 696
6150 698
6155 695
6160 696
6165 700
6170 700
6175 699
6180 737
6185 718
6190 702
6195 807
6200 702
6205 709
6210 742
6215 704
6220 796
6225 707
6230 705
6235 709
6240 708
6245 709
6250 711
6255 708
6260 711
6265 715
6270 732
6275 694
6280 768
6285 693
6290 696
6295 695
6300 695
6305 698
6310 699
6315 701
6320 698
6325 700
6330 699
6335 698
6340 702
6345 701
6350 722
6355 804
6360 724
6365 764
6370 724
6375 725
6380 725
6385 705
6390 710
6395 710
6400 710
6405 707
6410 713
6415 712
6420 788
6425 712
6430 716
6435 712
6440 714
6445 713
6450 715
6455 791
6460 715
6465 718
6470 794
6475 719
6480 718
6485 720
6490 916
6495 721
6500 878
6505 722
6510 704
6515 798
6520 721
6525 824
6530 778
6535 740
6540 743
6545 745
6550 783
6555 786
6560 744
6565 786
6570 748
6575 750
6580 748
6585 750
6590 746
6595 731
6600 731
6605 734
6610 732
6615 734
6620 737
6625 875
6630 719
6635 903
6640 737
6645 740
6650 738
6655 740
6660 740
6665 741
6670 742
6675 744
6680 738
6685 744
6690 819
6695 764
6700 768
6705 771
6710 746
6715 750
6720 837
6725 749
6730 805
6735 749
6740 750
6745 751
6750 866
6755 786
6760 755
6765 878
6770 754
6775 781
6780 772
6785 776
6790 777
6795 776
6800 776
6805 814
6810 775
6815 778
6820 865
6825 857
6830 810
6835 779
6840 762
6845 766
6850 761
6855 763
6860 764
6865 839
6870 768
6875 765
6880 765
6885 863
6890 788
6895 881
6900 768
6905 849
6910 771
6915 775
6920 774
6925 771
6930 772
6935 773
6940 772
6945 772
6950 867
6955 779
6960 777
6965 776
6970 777
6975 778
6980 780
6985 782
6990 827
6995 828
7000 782
7005 781
7010 881
7015 779
7020 913
7025 786
7030 786
7035 789
7040 786
7045 787
7050 787
7055 786
7060 788
7065 790
7070 786
7075 874
7080 931
7085 913
7090 956
7095 790
7100 869
7105 792
7110 792
7115 799
7120 954
7125 965
7130 859
7135 843
7140 890
7145 841
7150 860
7155 843
7160 843
7165 856
7170 843
7175 844
7180 845
7185 846
7190 853
7195 850
7200 847
7205 853
7210 850
7215 870
7220 850
7225 851
7230 832
7235 857
7240 846
7245 834
7250 903
7255 874
7260 927
7265 873
7270 951
7275 835
7280 835
7285 988
7290 947
7295 863
7300 861
7305 863
7310 865
7315 862
7320 863
7325 879
7330 867
7335 865
7340 867
7345 987
7350 984
7355 866
7360 848
7365 851
7370 847
7375 954
7380 850
7385 849
7390 852
7395 852
7400 850
7405 890
7410 851
7415 852
7420 852
7425 973
7430 857
7435 859
7440 857
7445 863
7450 894
7455 836
7460 835
7465 839
7470 839
7475 839
7480 920
7485 917
7490 995
7495 842
7500 842
7505 842
7510 881
7515 846
7520 843
7525 847
7530 845
7535 850
7540 1056
7545 901
7550 1019
7555 1231
7560 1155
7565 1110
7570 887
7575 872
7580 971
7585 943
7590 877
7595 970
7600 877
7605 901
7610 903
7615 903
7620 903
7625 906
7630 905
7635 935
7640 909
7645 912
7650 907
7655 911
7660 983
7665 887
7670 887
7675 887
7680 888
7685 889
7690 890
7695 890
7700 930
7705 1010
7710 895
7715 896
7720 892
7725 893
7730 897
7735 895
7740 895
7745 896
7750 1030
7755 940
7760 908
7765 877
7770 875
7775 877
7780 879
7785 875
7790 857
7795 880
7800 944
7805 882
7810 958
7815 920
7820 1016
7825 885
7830 882
7835 883
7840 884
7845 886
7850 927
7855 949
7860 960
7865 985
7870 911
7875 910
7880 913
7885 915
7890 914
7895 915
7900 963
7905 917
7910 919
7915 917
7920 1064
7925 913
7930 941
7935 928
7940 926
7945 898
7950 896
7955 897
7960 900
7965 899
7970 902
7975 1076
7980 902
7985 902
7990 904
7995 905
8000 905
8005 906
8010 905
8015 906
8020 905
8025 1055
8030 1004
8035 1090
8040 910
8045 965
8050 908
8055 915
8060 912
8065 913
8070 928
8075 982
8080 995
8085 1013
8090 938
8095 940
8100 941
8105 944
8110 942
8115 941
8120 941
8125 1045
8130 977
8135 997
8140 1031
8145 956
8150 923
8155 924
8160 997
8165 994
8170 960
8175 1088
8180 949
8185 986
8190 952
8195 950
8200 990
8205 954
8210 950
8215 953
8220 957
8225 933
8230 955
8235 1001
8240 993
8245 1019
8250 958
8255 962
8260 962
8265 971
8270 936
8275 935
8280 938
8285 939
8290 1016
8295 1020
8300 937
8305 940
8310 1017
8315 943
8320 941
8325 981
8330 944
8335 1096
8340 947
8345 1055
8350 1106
8355 948
8360 951
8365 986
8370 976
8375 974
8380 1025
8385 977
8390 974
8395 1016
8400 983
8405 976
8410 1040
8415 956
8420 953
8425 953
8430 959
8435 959
8440 959
8445 1014
8450 958
8455 1070
8460 1087
8465 962
8470 962
8475 963
8480 964
8485 961
8490 963
8495 985
8500 992
8505 963
8510 949
8515 965
8520 1042
8525 968
8530 970
8535 970
8540 970
8545 1042
8550 1047
8555 1135
8560 1274
8565 970
8570 970
8575 991
8580 974
8585 977
8590 976
8595 1082
8600 995
8605 979
8610 1170
8615 1029
8620 981
8625 953
8630 982
8635 1055
8640 1049
8645 1170
8650 1020
8655 1104
8660 1010
8665 1055
8670 1017
8675 1012
8680 1010
8685 1114
8690 1018
8695 1052
8700 1016
8705 1017
8710 1018
8715 1023
8720 1017
8725 1020
8730 1017
8735 1019
8740 1025
8745 1069
8750 1038
8755 1038
8760 1057
8765 996
8770 1000
8775 1001
8780 1062
8785 1000
8790 998
8795 1082
8800 998
8805 1006
8810 1001
8815 1001
8820 1003
8825 1045
8830 1004
8835 1006
8840 1003
8845 1099
8850 1090
8855 1009
8860 1008
8865 1008
8870 1008
8875 1122
8880 1007
8885 1012
8890 1012
8895 1101
8900 1011
8905 1017
8910 1016
8915 1014
8920 1018
8925 1018
8930 1017
8935 1016
8940 1036
8945 1131
8950 1144
8955 1021
8960 1020
8965 1018
8970 1020
8975 1022
8980 1020
8985 1087
8990 1098
8995 1044
9000 1022
9005 1024
9010 1028
9015 1026
9020 1027
9025 1028
9030 1025
9035 1138
9040 1105
9045 1172
9050 1029
9055 1032
9060 1031
9065 1032
9070 1035
9075 1032
9080 1110
9085 1105
9090 1104
9095 1104
9100 1038
9105 1134
9110 1145
9115 1097
9120 1066
9125 1068
9130 1067
9135 1121
9140 1130
9145 1069
9150 1146
9155 1074
9160 1074
9165 1077
9170 1076
9175 1069
9180 1117
9185 1057
9190 1076
9195 1078
9200 1078
9205 1076
9210 1079
9215 1115
9220 1081
9225 1117
9230 1083
9235 1134
9240 1110
9245 1061
9250 1110
9255 1056
9260 1056
9265 1058
9270 1059
9275 1218
9280 1146
9285 1092
9290 1091
9295 1089
9300 1091
9305 1088
9310 1092
9315 1093
9320 1168
9325 1245
9330 1068
9335 1067
9340 1068
9345 1067
9350 1071
9355 1068
9360 1142
9365 1155
9370 1186
9375 1073
9380 1072
9385 1150
9390 1072
9395 1073
9400 1073
9405 1076
9410 1150
9415 1077
9420 1182
9425 1150
9430 1151
9435 1081
9440 1079
9445 1076
9450 1118
9455 1161
9460 1081
9465 1082
9470 1140
9475 1138
9480 1083
9485 1085
9490 1084
9495 1087
9500 1134
9505 1086
9510 1190
9515 1088
9520 1088
9525 1091
9530 1162
9535 1214
9540 1120
9545 1195
9550 1118
9555 1124
9560 1191
9565 1125
9570 1124
9575 1205
9580 1115
9585 1098
9590 1172
9595 1098
9600 1254
9605 1218
9610 1102
9615 1100
9620 1128
9625 1130
9630 1135
9635 1169
9640 1152
9645 1135
9650 1131
9655 1138
9660 1144
9665 1109
9670 1181
9675 1109
9680 1181
9685 1235
9690 1110
9695 1112
9700 1110
9705 1146
9710 1192
9715 1356
9720 1226
9725 1187
9730 1115
9735 1114
9740 1117
9745 1155
9750 1183
9755 1149
9760 1147
9765 1192
9770 1150
9775 1239
9780 1151
9785 1127
9790 1121
9795 1124
9800 1127
9805 1126
9810 1272
9815 1126
9820 1129
9825 1129
9830 1101
9835 1128
9840 1129
9845 1215
9850 1131
9855 1209
9860 1271
9865 1264
9870 1351
9875 1680
9880 1430
9885 1164
9890 1261
9895 1138
9900 1165
9905 1166
9910 1170
9915 1207
9920 1201
9925 1169
9930 1197
9935 1280
9940 1306
9945 1193
9950 1256
9955 1174
9960 1173
9965 1176
9970 1174
9975 1212
9980 1169
9985 1337
9990 1180
9995 1148
10000 1222
