5 0
10 0
15 0
20 0
25 1
30 1
35 1
40 1
45 2
50 2
55 2
60 3
65 3
70 3
75 3
80 4
85 4
90 4
95 5
100 5
105 5
110 5
115 5
120 6
125 6
130 7
135 7
140 7
145 8
150 8
155 8
160 9
165 9
170 10
175 10
180 10
185 11
190 10
195 11
200 11
205 12
210 12
215 13
220 13
225 13
230 14
235 14
240 14
245 15
250 16
255 16
260 17
265 17
270 18
275 18
280 18
285 19
290 19
295 19
300 19
305 20
310 20
315 20
320 21
325 21
330 21
335 22
340 22
345 23
350 23
355 24
360 24
365 25
370 25
375 25
380 26
385 26
390 26
395 27
400 28
405 28
410 29
415 29
420 29
425 29
430 31
435 31
440 31
445 31
450 31
455 32
460 32
465 33
470 75
475 35
480 51
485 34
490 35
495 36
500 35
505 37
510 37
515 37
520 37
525 38
530 39
535 39
540 40
545 40
550 41
555 41
560 42
565 42
570 43
575 44
580 44
585 44
590 44
595 45
600 46
605 45
610 46
615 47
620 47
625 47
630 48
635 48
640 49
645 49
650 50
655 51
660 50
665 51
670 52
675 52
680 53
685 54
690 53
695 55
700 55
705 55
710 56
715 57
720 57
725 57
730 58
735 57
740 59
745 60
750 60
755 60
760 61
765 61
770 62
775 62
780 64
785 63
790 64
795 64
800 65
805 65
810 66
815 67
820 67
825 67
830 68
835 88
840 107
845 69
850 70
855 70
860 71
865 71
870 70
875 73
880 73
885 73
890 74
895 74
900 75
905 75
910 76
915 76
920 77
925 77
930 78
935 78
940 79
945 80
950 81
955 80
960 80
965 82
970 83
975 83
980 82
985 83
990 84
995 84
1000 85
1005 85
1010 86
1015 86
1020 86
1025 88
1030 88
1035 89
1040 89
1045 90
1050 90
1055 90
1060 90
1065 112
1070 102
1075 102
1080 135
1085 96
1090 96
1095 97
1100 98
1105 112
1110 100
1115 101
1120 101
1125 102
1130 103
1135 103
1140 104
1145 209
1150 169
1155 108
1160 107
1165 107
1170 105
1175 107
1180 108
1185 109
1190 109
1195 109
1200 110
1205 110
1210 111
1215 110
1220 112
1225 111
1230 110
1235 112
1240 114
1245 113
1250 114
1255 115
1260 113
1265 116
1270 116
1275 116
1280 118
1285 118
1290 119
1295 119
1300 120
1305 120
1310 120
1315 120
1320 160
1325 123
1330 122
1335 122
1340 124
1345 124
1350 125
1355 125
1360 126
1365 126
1370 126
1375 129
1380 128
1385 130
1390 129
1395 130
1400 131
1405 131
1410 133
1415 132
1420 133
1425 134
1430 134
1435 179
1440 135
1445 137
1450 136
1455 136
1460 137
1465 137
1470 137
1475 151
1480 137
1485 136
1490 136
1495 137
1500 137
1505 138
1510 139
1515 140
1520 139
1525 141
1530 141
1535 141
1540 142
1545 142
1550 143
1555 144
1560 145
1565 145
1570 145
1575 147
1580 145
1585 147
1590 148
1595 149
1600 149
1605 151
1610 149
1615 151
1620 151
1625 152
1630 152
1635 154
1640 153
1645 154
1650 179
1655 185
1660 212
1665 156
1670 156
1675 156
1680 157
1685 158
1690 159
1695 159
1700 159
1705 160
1710 160
1715 162
1720 162
1725 163
1730 162
1735 164
1740 164
1745 167
1750 164
1755 166
1760 166
1765 167
1770 167
1775 168
1780 168
1785 169
1790 169
1795 170
1800 170
1805 171
1810 172
1815 172
1820 173
1825 189
1830 262
1835 190
1840 175
1845 176
1850 176
1855 177
1860 177
1865 177
1870 179
1875 180
1880 180
1885 181
1890 179
1895 181
1900 181
1905 182
1910 183
1915 182
1920 184
1925 184
1930 184
1935 186
1940 265
1945 233
1950 187
1955 187
1960 188
1965 188
1970 190
1975 191
1980 190
1985 191
1990 191
1995 191
2000 195
2005 268
2010 210
2015 199
2020 201
2025 201
2030 203
2035 203
2040 203
2045 204
2050 204
2055 205
2060 205
2065 207
2070 206
2075 207
2080 206
2085 205
2090 251
2095 226
2100 209
2105 211
2110 210
2115 211
2120 212
2125 212
2130 215
2135 215
2140 215
2145 215
2150 216
2155 216
2160 217
2165 217
2170 239
2175 236
2180 220
2185 219
2190 302
2195 222
2200 222
2205 222
2210 222
2215 223
2220 260
2225 223
2230 225
2235 225
2240 225
2245 227
2250 227
2255 228
2260 229
2265 229
2270 231
2275 265
2280 230
2285 232
2290 231
2295 279
2300 249
2305 236
2310 237
2315 234
2320 235
2325 236
2330 238
2335 238
2340 238
2345 275
2350 234
2355 239
2360 235
2365 240
2370 241
2375 237
2380 283
2385 242
2390 244
2395 243
2400 245
2405 240
2410 246
2415 246
2420 248
2425 248
2430 246
2435 249
2440 249
2445 250
2450 250
2455 250
2460 251
2465 252
2470 254
2475 248
2480 276
2485 382
2490 251
2495 292
2500 256
2505 294
2510 257
2515 258
2520 255
2525 258
2530 259
2535 260
2540 260
2545 261
2550 260
2555 262
2560 257
2565 286
2570 351
2575 265
2580 259
2585 266
2590 260
2595 267
2600 262
2605 267
2610 269
2615 268
2620 269
2625 270
2630 290
2635 325
2640 272
2645 272
2650 274
2655 274
2660 275
2665 275
2670 364
2675 292
2680 277
2685 279
2690 279
2695 315
2700 356
2705 347
2710 326
2715 294
2720 293
2725 291
2730 297
2735 296
2740 304
2745 304
2750 301
2755 296
2760 301
2765 304
2770 335
2775 301
2780 303
2785 299
2790 305
2795 302
2800 299
2805 300
2810 301
2815 303
2820 304
2825 305
2830 305
2835 308
2840 312
2845 309
2850 304
2855 312
2860 309
2865 307
2870 307
2875 308
2880 308
2885 304
2890 317
2895 335
2900 327
2905 354
2910 358
2915 359
2920 327
2925 327
2930 318
2935 320
2940 321
2945 321
2950 318
2955 319
2960 319
2965 321
2970 320
2975 324
2980 347
2985 326
2990 334
2995 336
3000 332
3005 334
3010 330
3015 331
3020 330
3025 330
3030 344
3035 330
3040 413
3045 332
3050 333
3055 329
3060 339
3065 334
3070 332
3075 331
3080 333
3085 334
3090 336
3095 340
3100 337
3105 336
3110 337
3115 337
3120 336
3125 340
3130 339
3135 341
3140 342
3145 341
3150 343
3155 351
3160 344
3165 342
3170 344
3175 344
3180 347
3185 381
3190 347
3195 349
3200 348
3205 349
3210 352
3215 349
3220 350
3225 351
3230 353
3235 383
3240 354
3245 355
3250 357
3255 355
3260 355
3265 413
3270 360
3275 359
3280 357
3285 359
3290 358
3295 358
3300 351
3305 351
3310 351
3315 353
3320 385
3325 385
3330 354
3335 355
3340 354
3345 356
3350 356
3355 358
3360 359
3365 358
3370 432
3375 361
3380 360
3385 362
3390 360
3395 364
3400 363
3405 363
3410 363
3415 366
3420 365
3425 366
3430 367
3435 387
3440 388
3445 443
3450 370
3455 388
3460 452
3465 370
3470 372
3475 371
3480 373
3485 372
3490 374
3495 376
3500 374
3505 481
3510 376
3515 376
3520 378
3525 379
3530 379
3535 494
3540 378
3545 381
3550 382
3555 383
3560 383
3565 385
3570 383
3575 382
3580 385
3585 421
3590 385
3595 387
3600 386
3605 386
3610 388
3615 388
3620 391
3625 390
3630 392
3635 391
3640 394
3645 463
3650 390
3655 433
3660 429
3665 437
3670 437
3675 397
3680 398
3685 388
3690 396
3695 396
3700 400
3705 400
3710 432
3715 401
3720 401
3725 400
3730 401
3735 402
3740 402
3745 394
3750 405
3755 406
3760 405
3765 406
3770 408
3775 407
3780 487
3785 453
3790 408
3795 411
3800 414
3805 434
3810 411
3815 412
3820 415
3825 414
3830 456
3835 416
3840 415
3845 415
3850 415
3855 417
3860 417
3865 417
3870 419
3875 420
3880 419
3885 418
3890 421
3895 423
3900 424
3905 423
3910 423
3915 424
3920 423
3925 424
3930 427
3935 427
3940 427
3945 454
3950 485
3955 429
3960 430
3965 430
3970 429
3975 430
3980 430
3985 432
3990 435
3995 483
4000 422
4005 426
4010 424
4015 498
4020 425
4025 428
4030 425
4035 427
4040 428
4045 429
4050 430
4055 430
4060 430
4065 542
4070 433
4075 431
4080 431
4085 433
4090 436
4095 434
4100 435
4105 436
4110 437
4115 436
4120 438
4125 440
4130 440
4135 439
4140 439
4145 440
4150 441
4155 441
4160 441
4165 443
4170 443
4175 563
4180 444
4185 443
4190 435
4195 446
4200 447
4205 447
4210 448
4215 515
4220 451
4225 450
4230 449
4235 452
4240 570
4245 522
4250 465
4255 465
4260 468
4265 466
4270 509
4275 455
4280 476
4285 520
4290 456
4295 456
4300 458
4305 458
4310 486
4315 473
4320 473
4325 474
4330 473
4335 474
4340 475
4345 517
4350 476
4355 479
4360 515
4365 478
4370 477
4375 480
4380 480
4385 480
4390 507
4395 481
4400 482
4405 495
4410 476
4415 472
4420 471
4425 473
4430 589
4435 475
4440 474
4445 544
4450 478
4455 479
4460 477
4465 477
4470 477
4475 479
4480 479
4485 480
4490 563
4495 529
4500 523
4505 495
4510 498
4515 497
4520 484
4525 538
4530 498
4535 499
4540 497
4545 500
4550 499
4555 504
4560 490
4565 503
4570 501
4575 523
4580 529
4585 542
4590 525
4595 508
4600 513
4605 494
4610 602
4615 497
4620 495
4625 498
4630 496
4635 498
4640 488
4645 650
4650 502
4655 503
4660 487
4665 500
4670 561
4675 515
4680 550
4685 556
4690 553
4695 589
4700 520
4705 520
4710 520
4715 521
4720 522
4725 523
4730 525
4735 524
4740 525
4745 522
4750 525
4755 526
4760 526
4765 526
4770 537
4775 515
4780 558
4785 517
4790 517
4795 516
4800 519
4805 520
4810 520
4815 520
4820 520
4825 522
4830 519
4835 605
4840 519
4845 523
4850 523
4855 523
4860 524
4865 524
4870 525
4875 603
4880 528
4885 526
4890 529
4895 642
4900 602
4905 530
4910 531
4915 526
4920 573
4925 563
4930 546
4935 549
4940 551
4945 548
4950 553
4955 552
4960 552
4965 794
4970 586
4975 572
4980 572
4985 583
4990 630
4995 540
5000 541
5005 541
5010 581
5015 620
5020 543
5025 557
5030 561
5035 558
5040 559
5045 561
5050 593
5055 562
5060 565
5065 562
5070 568
5075 567
5080 567
5085 567
5090 564
5095 565
5100 566
5105 566
5110 577
5115 556
5120 556
5125 611
5130 639
5135 598
5140 558
5145 560
5150 558
5155 559
5160 560
5165 561
5170 562
5175 562
5180 562
5185 563
5190 698
5195 566
5200 565
5205 566
5210 569
5215 568
5220 568
5225 626
5230 604
5235 584
5240 585
5245 591
5250 574
5255 571
5260 573
5265 644
5270 575
5275 575
5280 575
5285 575
5290 574
5295 578
5300 579
5305 644
5310 650
5315 595
5320 595
5325 597
5330 582
5335 580
5340 582
5345 586
5350 585
5355 584
5360 709
5365 587
5370 587
5375 588
5380 587
5385 588
5390 589
5395 650
5400 590
5405 588
5410 592
5415 592
5420 590
5425 594
5430 595
5435 594
5440 595
5445 701
5450 719
5455 662
5460 697
5465 830
5470 758
5475 761
5480 680
5485 690
5490 634
5495 662
5500 619
5505 618
5510 675
5515 712
5520 619
5525 660
5530 619
5535 727
5540 622
5545 701
5550 622
5555 624
5560 624
5565 626
5570 655
5575 644
5580 642
5585 645
5590 646
5595 649
5600 646
5605 675
5610 648
5615 647
5620 646
5625 651
5630 650
5635 653
5640 703
5645 729
5650 636
5655 637
5660 720
5665 695
5670 637
5675 712
5680 641
5685 640
5690 662
5695 663
5700 645
5705 645
5710 643
5715 643
5720 680
5725 648
5730 684
5735 645
5740 648
5745 654
5750 648
5755 651
5760 650
5765 650
5770 652
5775 687
5780 652
5785 680
5790 653
5795 637
5800 639
5805 639
5810 639
5815 640
5820 777
5825 642
5830 639
5835 690
5840 660
5845 661
5850 698
5855 682
5860 662
5865 660
5870 661
5875 664
5880 663
5885 666
5890 668
5895 666
5900 665
5905 666
5910 668
5915 670
5920 669
5925 730
5930 639
5935 656
5940 653
5945 655
5950 654
5955 656
5960 659
5965 658
5970 812
5975 661
5980 661
5985 660
5990 663
5995 662
6000 704
6005 661
6010 663
6015 704
6020 699
6025 699
6030 739
6035 707
6040 762
6045 705
6050 668
6055 669
6060 669
6065 670
6070 707
6075 701
6080 671
6085 672
6090 673
6095 674
6100 672
6105 675
6110 677
6115 672
6120 718
6125 676
6130 793
6135 679
6140 678
6145 720
6150 716
6155 680
6160 718
6165 781
6170 681
6175 684
6180 685
6185 676
6190 755
6195 703
6200 705
6205 705
6210 703
6215 704
6220 751
6225 706
6230 706
6235 709
6240 715
6245 746
6250 752
6255 708
6260 834
6265 712
6270 714
6275 710
6280 714
6285 715
6290 760
6295 715
6300 718
6305 716
6310 714
6315 717
6320 719
6325 720
6330 729
6335 703
6340 702
6345 701
6350 777
6355 725
6360 765
6365 729
6370 705
6375 707
6380 708
6385 707
6390 706
6395 710
6400 807
6405 766
6410 709
6415 790
6420 728
6425 787
6430 716
6435 714
6440 714
6445 715
6450 719
6455 715
6460 736
6465 736
6470 737
6475 736
6480 741
6485 740
6490 739
6495 775
6500 724
6505 739
6510 740
6515 741
6520 744
6525 769
6530 726
6535 822
6540 746
6545 746
6550 784
6555 729
6560 747
6565 827
6570 729
6575 732
6580 729
6585 732
6590 729
6595 734
6600 736
6605 809
6610 737
6615 887
6620 787
6625 775
6630 734
6635 736
6640 738
6645 876
6650 757
6655 759
6660 814
6665 854
6670 761
6675 764
6680 890
6685 995
6690 795
6695 869
6700 766
6705 801
6710 787
6715 786
6720 789
6725 789
6730 788
6735 791
6740 787
6745 791
6750 792
6755 794
6760 807
6765 827
6770 778
6775 776
6780 865
6785 839
6790 783
6795 774
6800 774
6805 810
6810 778
6815 818
6820 892
6825 783
6830 783
6835 783
6840 783
6845 785
6850 785
6855 787
6860 835
6865 785
6870 785
6875 908
6880 789
6885 790
6890 786
6895 789
6900 786
6905 792
6910 790
6915 877
6920 793
6925 792
6930 795
6935 792
6940 833
6945 797
6950 796
6955 798
6960 799
6965 798
6970 798
6975 800
6980 837
6985 801
6990 799
6995 838
7000 947
7005 784
7010 784
7015 782
7020 784
7025 783
7030 862
7035 826
7040 937
7045 785
7050 789
7055 812
7060 809
7065 833
7070 849
7075 956
7080 861
7085 816
7090 818
7095 818
7100 812
7105 815
7110 818
7115 796
7120 799
7125 918
7130 798
7135 826
7140 801
7145 803
7150 801
7155 801
7160 976
7165 803
7170 881
7175 818
7180 802
7185 886
7190 803
7195 797
7200 805
7205 807
7210 786
7215 808
7220 785
7225 810
7230 810
7235 808
7240 792
7245 883
7250 829
7255 887
7260 817
7265 815
7270 873
7275 817
7280 904
7285 836
7290 878
7295 832
7300 892
7305 936
7310 818
7315 821
7320 821
7325 822
7330 822
7335 821
7340 990
7345 847
7350 958
7355 846
7360 849
7365 883
7370 850
7375 852
7380 875
7385 868
7390 888
7395 847
7400 951
7405 853
7410 853
7415 856
7420 855
7425 936
7430 853
7435 848
7440 858
7445 856
7450 832
7455 863
7460 837
7465 934
7470 838
7475 842
7480 916
7485 842
7490 843
7495 882
7500 842
7505 841
7510 847
7515 930
7520 845
7525 846
7530 921
7535 852
7540 918
7545 848
7550 848
7555 845
7560 850
7565 912
7570 843
7575 852
7580 827
7585 852
7590 852
7595 854
7600 933
7605 856
7610 858
7615 855
7620 838
7625 858
7630 859
7635 959
7640 860
7645 861
7650 941
7655 1015
7660 861
7665 953
7670 881
7675 887
7680 889
7685 885
7690 889
7695 890
7700 889
7705 891
7710 890
7715 969
7720 891
7725 858
7730 868
7735 872
7740 873
7745 964
7750 871
7755 875
7760 871
7765 874
7770 1029
7775 876
7780 878
7785 876
7790 875
7795 877
7800 878
7805 878
7810 988
7815 1112
7820 1158
7825 1148
7830 1144
7835 1242
7840 941
7845 938
7850 998
7855 910
7860 909
7865 913
7870 945
7875 926
7880 937
7885 938
7890 936
7895 935
7900 930
7905 947
7910 939
7915 939
7920 946
7925 939
7930 917
7935 935
7940 915
7945 919
7950 920
7955 920
7960 1011
7965 922
7970 923
7975 925
7980 976
7985 924
7990 923
7995 926
8000 922
8005 928
8010 916
8015 929
8020 1093
8025 927
8030 932
8035 969
8040 1071
8045 1101
8050 969
8055 935
8060 977
8065 1097
8070 939
8075 1021
8080 974
8085 1017
8090 984
8095 940
8100 1052
8105 939
8110 937
8115 941
8120 940
8125 948
8130 997
8135 989
8140 942
8145 943
8150 946
8155 996
8160 948
8165 947
8170 976
8175 951
8180 950
8185 951
8190 1028
8195 951
8200 989
8205 969
8210 953
8215 952
8220 957
8225 1009
8230 956
8235 954
8240 998
8245 932
8250 957
8255 956
8260 959
8265 948
8270 958
8275 987
8280 939
8285 1040
8290 977
8295 1051
8300 938
8305 937
8310 1002
8315 1012
8320 970
8325 967
8330 1074
8335 969
8340 1032
8345 1034
8350 970
8355 1012
8360 1009
8365 1049
8370 998
8375 1194
8380 1124
8385 1211
8390 1447
8395 1101
8400 1131
8405 992
8410 999
8415 978
8420 979
8425 1109
8430 1064
8435 981
8440 1009
8445 1004
8450 1011
8455 1003
8460 1012
8465 1045
8470 1011
8475 1025
8480 1008
8485 1018
8490 1048
8495 989
8500 993
8505 993
8510 989
8515 1074
8520 1037
8525 990
8530 993
8535 1029
8540 994
8545 1071
8550 1032
8555 995
8560 998
8565 1185
8570 996
8575 999
8580 999
8585 1034
8590 1000
8595 1000
8600 999
8605 1001
8610 1004
8615 1005
8620 1004
8625 1039
8630 1055
8635 1053
8640 980
8645 980
8650 981
8655 981
8660 985
8665 1087
8670 985
8675 982
8680 986
8685 1068
8690 991
8695 986
8700 983
8705 1082
8710 1059
8715 991
8720 990
8725 991
8730 992
8735 1121
8740 992
8745 991
8750 994
8755 999
8760 1040
8765 1109
8770 1027
8775 1001
8780 998
8785 1084
8790 999
8795 1000
8800 998
8805 1001
8810 1002
8815 1077
8820 1002
8825 1076
8830 1080
8835 1078
8840 1004
8845 1077
8850 978
8855 1081
8860 1006
8865 1076
8870 1037
8875 1036
8880 1035
8885 1037
8890 1077
8895 1036
8900 1037
8905 1037
8910 1111
8915 1089
8920 1076
8925 1016
8930 1046
8935 1014
8940 1017
8945 1015
8950 1136
8955 1058
8960 1117
8965 1022
8970 1015
8975 1023
8980 1097
8985 1055
8990 1020
8995 1023
9000 1022
9005 1023
9010 1021
9015 1145
9020 1102
9025 1099
9030 1028
9035 1031
9040 1032
9045 1025
9050 1045
9055 1226
9060 1033
9065 1034
9070 1032
9075 1108
9080 1036
9085 1117
9090 1069
9095 1063
9100 1063
9105 1063
9110 1065
9115 1063
9120 1102
9125 1068
9130 1064
9135 1122
9140 1040
9145 1043
9150 1164
9155 1044
9160 1045
9165 1044
9170 1126
9175 1047
9180 1046
9185 1046
9190 1047
9195 1108
9200 1098
9205 1046
9210 1049
9215 1135
9220 1052
9225 1120
9230 1052
9235 1140
9240 1056
9245 1199
9250 1056
9255 1058
9260 1123
9265 1127
9270 1119
9275 1122
9280 1087
9285 1086
9290 1089
9295 1089
9300 1125
9305 1130
9310 1126
9315 1063
9320 1131
9325 1068
9330 1066
9335 1205
9340 1066
9345 1065
9350 1068
9355 1110
9360 1086
9365 1071
9370 1067
9375 1207
9380 1086
9385 1073
9390 1071
9395 1075
9400 1226
9405 1159
9410 1077
9415 1076
9420 1075
9425 1283
9430 1075
9435 1098
9440 1108
9445 1101
9450 1110
9455 1109
9460 1108
9465 1109
9470 1152
9475 1114
9480 1108
9485 1075
9490 1162
9495 1130
9500 1407
9505 1275
9510 1156
9515 1158
9520 1147
9525 1149
9530 1147
9535 1157
9540 1151
9545 1154
9550 1151
9555 1152
9560 1157
9565 1204
9570 1124
9575 1128
9580 1175
9585 1102
9590 1129
9595 1129
9600 1131
9605 1190
9610 1102
9615 1098
9620 1104
9625 1183
9630 1107
9635 1143
9640 1106
9645 1107
9650 1196
9655 1176
9660 1107
9665 1209
9670 1108
9675 1108
9680 1149
9685 1109
9690 1112
9695 1207
9700 1112
9705 1114
9710 1213
9715 1113
9720 1188
9725 1190
9730 1110
9735 1118
9740 1117
9745 1128
9750 1119
9755 1196
9760 1121
9765 1120
9770 1119
9775 1121
9780 1280
9785 1124
9790 1123
9795 1121
9800 1199
9805 1236
9810 1152
9815 1156
9820 1153
9825 1210
9830 1194
9835 1230
9840 1158
9845 1253
9850 1165
9855 1130
9860 1170
9865 1169
9870 1311
9875 1131
9880 1154
9885 1214
9890 1164
9895 1167
9900 1168
9905 1165
9910 1169
9915 1216
9920 1167
9925 1168
9930 1219
9935 1145
9940 1141
9945 1142
9950 1146
9955 1271
9960 1144
9965 1147
9970 1218
9975 1148
9980 1146
9985 1144
9990 1228
9995 1151
10000 1153
