5 0
10 0
15 0
20 0
25 1
30 1
35 1
40 1
45 2
50 2
55 2
60 3
65 3
70 3
75 3
80 4
85 4
90 4
95 4
100 5
105 5
110 6
115 6
120 6
125 7
130 7
135 7
140 8
145 8
150 8
155 8
160 9
165 9
170 10
175 10
180 11
185 11
190 11
195 12
200 12
205 12
210 13
215 13
220 13
225 14
230 15
235 14
240 15
245 16
250 16
255 16
260 17
265 17
270 18
275 18
280 18
285 19
290 19
295 20
300 20
305 20
310 21
315 21
320 21
325 22
330 22
335 23
340 23
345 23
350 24
355 24
360 25
365 25
370 25
375 26
380 26
385 27
390 28
395 27
400 28
405 28
410 29
415 29
420 30
425 30
430 31
435 31
440 31
445 32
450 33
455 33
460 34
465 34
470 34
475 35
480 36
485 36
490 37
495 37
500 38
505 38
510 38
515 39
520 39
525 40
530 41
535 41
540 41
545 42
550 42
555 42
560 42
565 43
570 44
575 45
580 44
585 46
590 46
595 46
600 47
605 47
610 47
615 48
620 68
625 50
630 49
635 50
640 50
645 51
650 51
655 53
660 53
665 53
670 54
675 54
680 54
685 55
690 55
695 55
700 56
705 57
710 58
715 59
720 59
725 60
730 60
735 61
740 61
745 61
750 61
755 62
760 63
765 63
770 63
775 63
780 144
785 67
790 119
795 66
800 66
805 66
810 67
815 68
820 68
825 68
830 69
835 70
840 71
845 70
850 71
855 71
860 72
865 73
870 73
875 74
880 75
885 75
890 75
895 75
900 77
905 76
910 77
915 78
920 77
925 79
930 79
935 79
940 81
945 80
950 81
955 82
960 82
965 83
970 84
975 98
980 82
985 83
990 84
995 84
1000 86
1005 85
1010 86
1015 86
1020 87
1025 88
1030 89
1035 88
1040 87
1045 89
1050 90
1055 90
1060 143
1065 102
1070 131
1075 96
1080 96
1085 96
1090 96
1095 96
1100 96
1105 97
1110 97
1115 97
1120 98
1125 98
1130 98
1135 99
1140 99
1145 99
1150 100
1155 121
1160 154
1165 102
1170 102
1175 159
1180 119
1185 103
1190 105
1195 106
1200 172
1205 106
1210 107
1215 108
1220 107
1225 108
1230 109
1235 110
1240 108
1245 110
1250 111
1255 111
1260 114
1265 113
1270 114
1275 114
1280 115
1285 114
1290 116
1295 116
1300 116
1305 117
1310 117
1315 118
1320 119
1325 119
1330 120
1335 120
1340 121
1345 121
1350 122
1355 123
1360 122
1365 123
1370 124
1375 125
1380 125
1385 125
1390 128
1395 127
1400 128
1405 129
1410 128
1415 130
1420 130
1425 130
1430 131
1435 131
1440 131
1445 132
1450 133
1455 132
1460 133
1465 134
1470 135
1475 205
1480 137
1485 136
1490 137
1495 138
1500 139
1505 139
1510 139
1515 140
1520 140
1525 141
1530 141
1535 142
1540 143
1545 144
1550 143
1555 164
1560 179
1565 146
1570 145
1575 203
1580 150
1585 147
1590 147
1595 149
1600 151
1605 150
1610 151
1615 151
1620 151
1625 151
1630 153
1635 345
1640 236
1645 157
1650 156
1655 156
1660 157
1665 158
1670 157
1675 157
1680 158
1685 159
1690 178
1695 164
1700 164
1705 165
1710 165
1715 166
1720 167
1725 167
1730 167
1735 168
1740 169
1745 170
1750 169
1755 170
1760 171
1765 171
1770 171
1775 171
1780 173
1785 173
1790 214
1795 207
1800 177
1805 203
1810 218
1815 177
1820 178
1825 178
1830 180
1835 180
1840 181
1845 179
1850 181
1855 223
1860 181
1865 183
1870 184
1875 185
1880 185
1885 185
1890 185
1895 245
1900 191
1905 191
1910 191
1915 191
1920 190
1925 191
1930 212
1935 209
1940 193
1945 192
1950 194
1955 194
1960 194
1965 196
1970 197
1975 198
1980 198
1985 197
1990 198
1995 199
2000 200
2005 199
2010 199
2015 199
2020 196
2025 201
2030 221
2035 220
2040 202
2045 204
2050 244
2055 206
2060 206
2065 205
2070 206
2075 208
2080 208
2085 208
2090 245
2095 209
2100 251
2105 211
2110 212
2115 212
2120 212
2125 213
2130 214
2135 215
2140 233
2145 256
2150 219
2155 219
2160 218
2165 214
2170 219
2175 220
2180 220
2185 220
2190 222
2195 221
2200 222
2205 222
2210 222
2215 223
2220 224
2225 224
2230 224
2235 224
2240 226
2245 225
2250 225
2255 227
2260 231
2265 245
2270 228
2275 229
2280 230
2285 340
2290 269
2295 233
2300 279
2305 410
2310 304
2315 227
2320 228
2325 229
2330 229
2335 230
2340 233
2345 231
2350 231
2355 238
2360 239
2365 242
2370 241
2375 243
2380 311
2385 241
2390 244
2395 244
2400 245
2405 244
2410 245
2415 247
2420 247
2425 247
2430 248
2435 249
2440 249
2445 247
2450 423
2455 252
2460 253
2465 253
2470 254
2475 286
2480 274
2485 254
2490 256
2495 257
2500 257
2505 344
2510 263
2515 315
2520 311
2525 317
2530 272
2535 305
2540 282
2545 262
2550 263
2555 263
2560 264
2565 265
2570 265
2575 265
2580 268
2585 289
2590 283
2595 277
2600 281
2605 318
2610 282
2615 281
2620 286
2625 284
2630 282
2635 281
2640 281
2645 280
2650 281
2655 283
2660 283
2665 283
2670 285
2675 285
2680 287
2685 286
2690 289
2695 287
2700 291
2705 294
2710 298
2715 293
2720 295
2725 292
2730 296
2735 296
2740 300
2745 294
2750 295
2755 298
2760 296
2765 302
2770 299
2775 293
2780 296
2785 298
2790 298
2795 300
2800 299
2805 300
2810 305
2815 306
2820 306
2825 305
2830 305
2835 305
2840 304
2845 309
2850 307
2855 308
2860 311
2865 307
2870 307
2875 314
2880 305
2885 313
2890 311
2895 326
2900 314
2905 314
2910 313
2915 312
2920 319
2925 318
2930 319
2935 319
2940 321
2945 320
2950 321
2955 324
2960 323
2965 322
2970 323
2975 325
2980 320
2985 322
2990 326
2995 324
3000 338
3005 327
3010 326
3015 327
3020 327
3025 326
3030 326
3035 328
3040 338
3045 334
3050 331
3055 335
3060 337
3065 335
3070 335
3075 333
3080 363
3085 337
3090 337
3095 343
3100 336
3105 335
3110 336
3115 336
3120 337
3125 337
3130 339
3135 340
3140 341
3145 344
3150 342
3155 344
3160 342
3165 345
3170 343
3175 356
3180 344
3185 345
3190 346
3195 339
3200 346
3205 348
3210 433
3215 351
3220 349
3225 351
3230 350
3235 353
3240 353
3245 353
3250 353
3255 354
3260 355
3265 355
3270 354
3275 358
3280 357
3285 392
3290 359
3295 361
3300 359
3305 362
3310 360
3315 362
3320 361
3325 363
3330 364
3335 363
3340 363
3345 365
3350 365
3355 365
3360 367
3365 369
3370 368
3375 368
3380 371
3385 370
3390 383
3395 359
3400 361
3405 363
3410 363
3415 364
3420 468
3425 368
3430 405
3435 404
3440 367
3445 392
3450 382
3455 369
3460 370
3465 370
3470 373
3475 371
3480 370
3485 373
3490 373
3495 373
3500 374
3505 375
3510 375
3515 376
3520 366
3525 377
3530 379
3535 379
3540 416
3545 381
3550 379
3555 421
3560 381
3565 381
3570 381
3575 419
3580 383
3585 385
3590 422
3595 386
3600 384
3605 386
3610 387
3615 386
3620 388
3625 389
3630 390
3635 402
3640 379
3645 382
3650 382
3655 444
3660 395
3665 389
3670 428
3675 395
3680 433
3685 395
3690 397
3695 397
3700 399
3705 455
3710 388
3715 392
3720 390
3725 392
3730 393
3735 392
3740 393
3745 393
3750 394
3755 395
3760 396
3765 395
3770 397
3775 396
3780 397
3785 399
3790 399
3795 399
3800 399
3805 477
3810 404
3815 401
3820 402
3825 404
3830 405
3835 405
3840 405
3845 407
3850 409
3855 408
3860 482
3865 407
3870 399
3875 410
3880 406
3885 409
3890 411
3895 508
3900 412
3905 456
3910 414
3915 414
3920 415
3925 523
3930 415
3935 417
3940 417
3945 504
3950 490
3955 420
3960 420
3965 420
3970 420
3975 421
3980 425
3985 421
3990 423
3995 422
4000 425
4005 425
4010 424
4015 425
4020 497
4025 439
4030 440
4035 438
4040 467
4045 440
4050 441
4055 463
4060 430
4065 512
4070 434
4075 432
4080 519
4085 444
4090 446
4095 448
4100 447
4105 449
4110 494
4115 450
4120 450
4125 451
4130 450
4135 454
4140 454
4145 451
4150 497
4155 454
4160 455
4165 457
4170 578
4175 456
4180 455
4185 501
4190 444
4195 447
4200 448
4205 594
4210 448
4215 449
4220 450
4225 451
4230 452
4235 452
4240 453
4245 452
4250 453
4255 535
4260 455
4265 456
4270 456
4275 456
4280 456
4285 458
4290 457
4295 457
4300 458
4305 459
4310 461
4315 462
4320 461
4325 462
4330 461
4335 464
4340 464
4345 464
4350 465
4355 525
4360 502
4365 497
4370 517
4375 480
4380 527
4385 507
4390 488
4395 472
4400 544
4405 472
4410 550
4415 509
4420 472
4425 476
4430 475
4435 474
4440 476
4445 475
4450 554
4455 477
4460 497
4465 533
4470 479
4475 481
4480 507
4485 495
4490 495
4495 494
4500 496
4505 497
4510 496
4515 498
4520 546
4525 568
4530 582
4535 554
4540 704
4545 590
4550 582
4555 624
4560 527
4565 502
4570 581
4575 507
4580 506
4585 506
4590 543
4595 507
4600 510
4605 509
4610 506
4615 512
4620 507
4625 511
4630 511
4635 510
4640 541
4645 579
4650 534
4655 512
4660 513
4665 513
4670 514
4675 535
4680 567
4685 568
4690 517
4695 549
4700 631
4705 552
4710 520
4715 626
4720 522
4725 520
4730 522
4735 548
4740 540
4745 540
4750 538
4755 566
4760 541
4765 540
4770 543
4775 543
4780 543
4785 541
4790 543
4795 544
4800 555
4805 573
4810 546
4815 547
4820 548
4825 549
4830 572
4835 568
4840 573
4845 539
4850 539
4855 537
4860 540
4865 539
4870 539
4875 578
4880 588
4885 536
4890 629
4895 651
4900 544
4905 572
4910 557
4915 557
4920 570
4925 560
4930 561
4935 599
4940 562
4945 564
4950 565
4955 565
4960 565
4965 568
4970 568
4975 573
4980 568
4985 572
4990 568
4995 570
5000 570
5005 573
5010 572
5015 572
5020 574
5025 574
5030 574
5035 575
5040 574
5045 575
5050 578
5055 578
5060 576
5065 579
5070 585
5075 566
5080 565
5085 569
5090 569
5095 566
5100 569
5105 570
5110 587
5115 660
5120 572
5125 568
5130 572
5135 574
5140 572
5145 588
5150 582
5155 561
5160 561
5165 562
5170 561
5175 631
5180 668
5185 566
5190 564
5195 641
5200 578
5205 582
5210 583
5215 589
5220 570
5225 568
5230 569
5235 568
5240 568
5245 571
5250 570
5255 572
5260 572
5265 652
5270 607
5275 642
5280 585
5285 742
5290 575
5295 612
5300 576
5305 579
5310 578
5315 579
5320 582
5325 581
5330 618
5335 583
5340 582
5345 583
5350 657
5355 586
5360 586
5365 699
5370 586
5375 585
5380 670
5385 641
5390 605
5395 619
5400 590
5405 591
5410 591
5415 591
5420 589
5425 611
5430 595
5435 703
5440 596
5445 595
5450 718
5455 598
5460 599
5465 595
5470 597
5475 598
5480 599
5485 600
5490 600
5495 598
5500 600
5505 601
5510 673
5515 657
5520 619
5525 629
5530 605
5535 598
5540 606
5545 608
5550 608
5555 608
5560 608
5565 610
5570 610
5575 665
5580 673
5585 613
5590 613
5595 633
5600 704
5605 617
5610 613
5615 763
5620 633
5625 633
5630 632
5635 637
5640 634
5645 635
5650 636
5655 637
5660 638
5665 729
5670 636
5675 675
5680 640
5685 642
5690 649
5695 626
5700 736
5705 642
5710 680
5715 656
5720 627
5725 630
5730 628
5735 630
5740 631
5745 715
5750 813
5755 633
5760 717
5765 741
5770 653
5775 652
5780 650
5785 654
5790 655
5795 655
5800 655
5805 688
5810 656
5815 699
5820 657
5825 696
5830 659
5835 678
5840 643
5845 642
5850 645
5855 645
5860 681
5865 644
5870 645
5875 647
5880 646
5885 730
5890 649
5895 650
5900 650
5905 689
5910 649
5915 650
5920 821
5925 654
5930 656
5935 654
5940 655
5945 719
5950 677
5955 676
5960 687
5965 657
5970 658
5975 660
5980 723
5985 660
5990 662
5995 664
6000 661
6005 663
6010 664
6015 737
6020 648
6025 667
6030 665
6035 664
6040 704
6045 668
6050 666
6055 759
6060 668
6065 709
6070 710
6075 671
6080 669
6085 671
6090 671
6095 771
6100 672
6105 673
6110 744
6115 732
6120 692
6125 733
6130 695
6135 696
6140 698
6145 719
6150 696
6155 701
6160 684
6165 700
6170 698
6175 699
6180 706
6185 909
6190 685
6195 842
6200 684
6205 686
6210 835
6215 686
6220 688
6225 688
6230 794
6235 690
6240 688
6245 704
6250 709
6255 711
6260 714
6265 743
6270 712
6275 750
6280 714
6285 716
6290 715
6295 716
6300 718
6305 715
6310 717
6315 801
6320 719
6325 884
6330 989
6335 827
6340 742
6345 751
6350 741
6355 741
6360 744
6365 743
6370 743
6375 745
6380 745
6385 747
6390 748
6395 747
6400 747
6405 747
6410 751
6415 824
6420 749
6425 752
6430 751
6435 749
6440 753
6445 751
6450 758
6455 754
6460 752
6465 755
6470 756
6475 758
6480 792
6485 759
6490 757
6495 770
6500 779
6505 741
6510 742
6515 742
6520 741
6525 745
6530 744
6535 804
6540 745
6545 744
6550 744
6555 745
6560 749
6565 729
6570 751
6575 769
6580 752
6585 769
6590 771
6595 731
6600 814
6605 776
6610 820
6615 771
6620 757
6625 754
6630 759
6635 759
6640 757
6645 739
6650 759
6655 758
6660 758
6665 797
6670 762
6675 749
6680 763
6685 789
6690 744
6695 744
6700 746
6705 748
6710 748
6715 876
6720 748
6725 746
6730 823
6735 746
6740 752
6745 877
6750 793
6755 837
6760 778
6765 754
6770 753
6775 754
6780 753
6785 756
6790 756
6795 830
6800 792
6805 783
6810 777
6815 779
6820 779
6825 778
6830 783
6835 821
6840 782
6845 784
6850 781
6855 784
6860 824
6865 782
6870 766
6875 854
6880 767
6885 768
6890 767
6895 768
6900 770
6905 771
6910 847
6915 793
6920 807
6925 812
6930 772
6935 757
6940 773
6945 775
6950 774
6955 812
6960 778
6965 776
6970 779
6975 781
6980 778
6985 856
6990 804
6995 810
7000 858
7005 807
7010 784
7015 783
7020 785
7025 785
7030 821
7035 848
7040 785
7045 897
7050 862
7055 788
7060 789
7065 791
7070 789
7075 790
7080 793
7085 852
7090 795
7095 791
7100 794
7105 797
7110 798
7115 873
7120 795
7125 921
7130 796
7135 799
7140 799
7145 800
7150 802
7155 802
7160 802
7165 801
7170 800
7175 885
7180 803
7185 795
7190 883
7195 805
7200 802
7205 806
7210 825
7215 935
7220 841
7225 830
7230 850
7235 930
7240 835
7245 830
7250 930
7255 832
7260 836
7265 833
7270 835
7275 839
7280 837
7285 838
7290 838
7295 954
7300 839
7305 830
7310 842
7315 843
7320 841
7325 843
7330 839
7335 820
7340 823
7345 881
7350 824
7355 1007
7360 825
7365 894
7370 868
7375 828
7380 889
7385 851
7390 851
7395 851
7400 852
7405 853
7410 855
7415 910
7420 855
7425 857
7430 856
7435 928
7440 854
7445 858
7450 859
7455 855
7460 838
7465 860
7470 982
7475 862
7480 863
7485 948
7490 864
7495 865
7500 841
7505 842
7510 843
7515 844
7520 841
7525 850
7530 921
7535 848
7540 848
7545 846
7550 847
7555 847
7560 847
7565 851
7570 930
7575 851
7580 854
7585 852
7590 927
7595 854
7600 1085
7605 884
7610 879
7615 878
7620 877
7625 879
7630 883
7635 883
7640 885
7645 957
7650 881
7655 960
7660 864
7665 865
7670 865
7675 866
7680 863
7685 936
7690 865
7695 868
7700 864
7705 1019
7710 868
7715 986
7720 846
7725 872
7730 936
7735 980
7740 873
7745 870
7750 869
7755 874
7760 943
7765 907
7770 937
7775 900
7780 935
7785 898
7790 898
7795 901
7800 902
7805 1016
7810 946
7815 927
7820 907
7825 1032
7830 907
7835 907
7840 907
7845 904
7850 908
7855 1068
7860 1071
7865 954
7870 1186
7875 1100
7880 1024
7885 914
7890 914
7895 983
7900 917
7905 913
7910 916
7915 997
7920 914
7925 924
7930 1104
7935 960
7940 917
7945 1000
7950 917
7955 995
7960 943
7965 942
7970 979
7975 949
7980 947
7985 948
7990 948
7995 983
8000 954
8005 952
8010 954
8015 977
8020 1021
8025 930
8030 982
8035 965
8040 931
8045 934
8050 930
8055 932
8060 966
8065 980
8070 1009
8075 978
8080 934
8085 939
8090 935
8095 935
8100 971
8105 974
8110 940
8115 940
8120 944
8125 942
8130 943
8135 943
8140 1068
8145 942
8150 947
8155 949
8160 937
8165 920
8170 922
8175 920
8180 1002
8185 927
8190 1019
8195 925
8200 928
8205 930
8210 931
8215 930
8220 929
8225 995
8230 933
8235 995
8240 911
8245 1066
8250 935
8255 937
8260 935
8265 935
8270 938
8275 937
8280 957
8285 961
8290 975
8295 969
8300 943
8305 940
8310 939
8315 942
8320 939
8325 1029
8330 945
8335 944
8340 1016
8345 945
8350 1122
8355 1034
8360 947
8365 967
8370 991
8375 972
8380 972
8385 977
8390 991
8395 981
8400 1032
8405 1061
8410 954
8415 955
8420 955
8425 957
8430 960
8435 954
8440 954
8445 1038
8450 1025
8455 1092
8460 986
8465 988
8470 985
8475 988
8480 987
8485 989
8490 1041
8495 1030
8500 998
8505 967
8510 967
8515 965
8520 966
8525 965
8530 968
8535 970
8540 971
8545 1042
8550 970
8555 1131
8560 971
8565 970
8570 969
8575 972
8580 970
8585 1010
8590 1045
8595 1102
8600 1000
8605 1004
8610 1002
8615 1003
8620 1001
8625 1005
8630 1004
8635 1066
8640 1002
8645 1124
8650 1117
8655 1160
8660 981
8665 981
8670 982
8675 981
8680 984
8685 1025
8690 1135
8695 1056
8700 1011
8705 1016
8710 1015
8715 1030
8720 1048
8725 1012
8730 1015
8735 1027
8740 993
8745 1066
8750 995
8755 1125
8760 993
8765 996
8770 999
8775 996
8780 997
8785 998
8790 999
8795 1078
8800 1039
8805 1000
8810 1001
8815 1003
8820 1002
8825 1002
8830 1041
8835 1005
8840 1081
8845 1076
8850 1006
8855 1181
8860 1009
8865 1010
8870 1008
8875 1022
8880 1125
8885 1036
8890 1079
8895 1038
8900 1037
8905 1041
8910 1040
8915 1042
8920 1043
8925 1014
8930 1016
8935 1014
8940 1138
8945 1143
8950 1102
8955 1018
8960 1020
8965 1021
8970 1119
8975 1040
8980 1077
8985 1026
8990 1077
8995 1150
9000 1083
9005 1051
9010 1054
9015 1030
9020 1114
9025 1056
9030 1105
9035 1061
9040 1055
9045 1244
9050 1229
9055 1077
9060 1089
9065 1085
9070 1088
9075 1093
9080 1092
9085 1094
9090 1090
9095 1083
9100 1065
9105 1066
9110 1068
9115 1067
9120 1068
9125 1111
9130 1107
9135 1153
9140 1049
9145 1040
9150 1043
9155 1042
9160 1041
9165 1080
9170 1124
9175 1117
9180 1039
9185 1047
9190 1048
9195 1051
9200 1087
9205 1049
9210 1101
9215 1050
9220 1125
9225 1046
9230 1175
9235 1054
9240 1055
9245 1055
9250 1084
9255 1054
9260 1096
9265 1060
9270 1246
9275 1058
9280 1062
9285 1061
9290 1164
9295 1062
9300 1060
9305 1058
9310 1137
9315 1142
9320 1062
9325 1165
9330 1107
9335 1082
9340 1063
9345 1066
9350 1071
9355 1068
9360 1149
9365 1206
9370 1068
9375 1128
9380 1162
9385 1070
9390 1071
9395 1183
9400 1087
9405 1142
9410 1105
9415 1161
9420 1179
9425 1110
9430 1155
9435 1105
9440 1107
9445 1099
9450 1159
9455 1081
9460 1083
9465 1083
9470 1230
9475 1082
9480 1159
9485 1160
9490 1083
9495 1165
9500 1086
9505 1207
9510 1087
9515 1061
9520 1088
9525 1089
9530 1090
9535 1083
9540 1112
9545 1162
9550 1096
9555 1173
9560 1092
9565 1096
9570 1096
9575 1093
9580 1097
9585 1097
9590 1285
9595 1242
9600 1096
9605 1100
9610 1215
9615 1172
9620 1177
9625 1127
9630 1289
9635 1132
9640 1131
9645 1133
9650 1134
9655 1129
9660 1103
9665 1109
9670 1106
9675 1213
9680 1104
9685 1189
9690 1110
9695 1213
9700 1138
9705 1137
9710 1140
9715 1144
9720 1179
9725 1144
9730 1142
9735 1194
9740 1117
9745 1116
9750 1191
9755 1118
9760 1121
9765 1220
9770 1170
9775 1164
9780 1161
9785 1153
9790 1150
9795 1225
9800 1154
9805 1153
9810 1187
9815 1152
9820 1152
9825 1127
9830 1097
9835 1128
9840 1200
9845 1191
9850 1237
9855 1130
9860 1241
9865 1162
9870 1164
9875 1162
9880 1168
9885 1163
9890 1227
9895 1202
9900 1208
9905 1135
9910 1136
9915 1136
9920 1144
9925 1141
9930 1139
9935 1142
9940 1176
9945 1205
9950 1161
9955 1146
9960 1213
9965 1146
9970 1145
9975 1145
9980 1297
9985 1148
9990 1148
9995 1149
10000 1304
