5 0
10 0
15 0
20 0
25 1
30 1
35 1
40 1
45 2
50 2
55 2
60 2
65 3
70 3
75 3
80 4
85 4
90 4
95 5
100 5
105 5
110 6
115 6
120 6
125 6
130 7
135 7
140 8
145 8
150 8
155 8
160 9
165 9
170 10
175 10
180 10
185 11
190 11
195 11
200 12
205 12
210 13
215 13
220 14
225 14
230 13
235 14
240 15
245 15
250 16
255 16
260 17
265 17
270 17
275 18
280 18
285 18
290 19
295 19
300 19
305 20
310 21
315 20
320 21
325 22
330 22
335 22
340 22
345 23
350 23
355 24
360 24
365 25
370 25
375 25
380 26
385 26
390 25
395 26
400 27
405 27
410 28
415 29
420 29
425 30
430 30
435 31
440 30
445 31
450 32
455 32
460 32
465 33
470 34
475 34
480 35
485 35
490 35
495 36
500 36
505 37
510 37
515 38
520 39
525 39
530 58
535 41
540 64
545 98
550 44
555 42
560 44
565 44
570 44
575 44
580 44
585 45
590 45
595 46
600 66
605 72
610 52
615 91
620 49
625 49
630 49
635 49
640 50
645 50
650 50
655 51
660 52
665 51
670 52
675 53
680 53
685 54
690 54
695 55
700 55
705 55
710 56
715 56
720 58
725 57
730 58
735 58
740 59
745 60
750 58
755 61
760 61
765 62
770 63
775 63
780 63
785 63
790 64
795 65
800 66
805 65
810 66
815 66
820 66
825 67
830 68
835 68
840 69
845 69
850 89
855 108
860 73
865 72
870 74
875 74
880 90
885 73
890 74
895 75
900 74
905 76
910 75
915 76
920 78
925 78
930 78
935 78
940 79
945 135
950 97
955 80
960 80
965 81
970 82
975 82
980 81
985 83
990 84
995 84
1000 85
1005 86
1010 87
1015 87
1020 87
1025 87
1030 88
1035 88
1040 89
1045 90
1050 90
1055 154
1060 172
1065 102
1070 101
1075 100
1080 102
1085 101
1090 102
1095 102
1100 101
1105 104
1110 104
1115 105
1120 105
1125 105
1130 104
1135 105
1140 106
1145 107
1150 153
1155 112
1160 112
1165 112
1170 111
1175 112
1180 112
1185 112
1190 112
1195 113
1200 110
1205 110
1210 132
1215 119
1220 115
1225 112
1230 112
1235 112
1240 113
1245 114
1250 114
1255 115
1260 115
1265 116
1270 116
1275 117
1280 117
1285 118
1290 119
1295 119
1300 120
1305 119
1310 119
1315 121
1320 122
1325 122
1330 123
1335 148
1340 138
1345 125
1350 124
1355 125
1360 126
1365 126
1370 126
1375 128
1380 128
1385 129
1390 130
1395 129
1400 166
1405 131
1410 132
1415 131
1420 133
1425 131
1430 136
1435 134
1440 135
1445 135
1450 136
1455 136
1460 137
1465 137
1470 136
1475 139
1480 139
1485 141
1490 140
1495 141
1500 141
1505 142
1510 143
1515 142
1520 144
1525 145
1530 166
1535 146
1540 147
1545 147
1550 148
1555 149
1560 149
1565 150
1570 149
1575 149
1580 150
1585 151
1590 150
1595 153
1600 153
1605 155
1610 154
1615 155
1620 156
1625 156
1630 183
1635 171
1640 158
1645 158
1650 159
1655 159
1660 160
1665 160
1670 161
1675 196
1680 162
1685 164
1690 163
1695 165
1700 165
1705 165
1710 167
1715 166
1720 167
1725 167
1730 170
1735 168
1740 168
1745 170
1750 171
1755 171
1760 171
1765 172
1770 173
1775 173
1780 173
1785 175
1790 175
1795 176
1800 177
1805 177
1810 177
1815 177
1820 178
1825 199
1830 194
1835 181
1840 180
1845 181
1850 181
1855 181
1860 182
1865 211
1870 201
1875 184
1880 187
1885 186
1890 234
1895 186
1900 200
1905 183
1910 184
1915 183
1920 184
1925 207
1930 190
1935 282
1940 229
1945 194
1950 245
1955 286
1960 190
1965 190
1970 193
1975 190
1980 194
1985 193
1990 193
1995 193
2000 193
2005 194
2010 195
2015 196
2020 198
2025 197
2030 197
2035 198
2040 219
2045 361
2050 199
2055 200
2060 201
2065 240
2070 229
2075 202
2080 203
2085 203
2090 203
2095 222
2100 210
2105 210
2110 212
2115 212
2120 212
2125 287
2130 213
2135 215
2140 215
2145 215
2150 215
2155 216
2160 215
2165 218
2170 219
2175 218
2180 219
2185 221
2190 220
2195 222
2200 223
2205 258
2210 279
2215 224
2220 273
2225 238
2230 247
2235 228
2240 230
2245 229
2250 261
2255 230
2260 230
2265 232
2270 231
2275 232
2280 253
2285 252
2290 234
2295 263
2300 246
2305 248
2310 249
2315 259
2320 270
2325 246
2330 246
2335 252
2340 249
2345 249
2350 249
2355 248
2360 249
2365 246
2370 250
2375 249
2380 250
2385 250
2390 251
2395 253
2400 258
2405 254
2410 253
2415 257
2420 256
2425 258
2430 260
2435 266
2440 262
2445 259
2450 263
2455 288
2460 261
2465 260
2470 274
2475 268
2480 265
2485 264
2490 268
2495 265
2500 270
2505 268
2510 266
2515 266
2520 265
2525 266
2530 270
2535 269
2540 268
2545 268
2550 269
2555 271
2560 273
2565 272
2570 272
2575 272
2580 274
2585 283
2590 276
2595 278
2600 275
2605 273
2610 281
2615 281
2620 277
2625 280
2630 280
2635 312
2640 289
2645 284
2650 324
2655 286
2660 285
2665 286
2670 280
2675 291
2680 287
2685 286
2690 287
2695 288
2700 287
2705 291
2710 297
2715 288
2720 290
2725 291
2730 291
2735 295
2740 292
2745 293
2750 294
2755 295
2760 294
2765 297
2770 296
2775 298
2780 297
2785 299
2790 301
2795 300
2800 293
2805 301
2810 305
2815 306
2820 304
2825 302
2830 305
2835 305
2840 304
2845 306
2850 306
2855 309
2860 307
2865 309
2870 310
2875 309
2880 341
2885 314
2890 311
2895 314
2900 312
2905 315
2910 316
2915 313
2920 319
2925 319
2930 320
2935 324
2940 322
2945 321
2950 321
2955 324
2960 325
2965 324
2970 321
2975 331
2980 323
2985 324
2990 325
2995 323
3000 333
3005 325
3010 326
3015 327
3020 327
3025 328
3030 329
3035 331
3040 332
3045 330
3050 331
3055 333
3060 347
3065 344
3070 339
3075 341
3080 344
3085 340
3090 346
3095 341
3100 342
3105 361
3110 387
3115 343
3120 341
3125 347
3130 343
3135 341
3140 343
3145 341
3150 344
3155 343
3160 345
3165 345
3170 345
3175 346
3180 346
3185 346
3190 346
3195 351
3200 349
3205 348
3210 351
3215 352
3220 351
3225 353
3230 373
3235 354
3240 356
3245 356
3250 384
3255 357
3260 356
3265 400
3270 359
3275 358
3280 361
3285 359
3290 364
3295 360
3300 360
3305 362
3310 363
3315 363
3320 362
3325 363
3330 363
3335 365
3340 366
3345 368
3350 367
3355 366
3360 369
3365 369
3370 369
3375 371
3380 372
3385 373
3390 371
3395 374
3400 373
3405 374
3410 375
3415 375
3420 374
3425 376
3430 376
3435 377
3440 379
3445 378
3450 380
3455 378
3460 382
3465 381
3470 383
3475 394
3480 372
3485 376
3490 377
3495 375
3500 416
3505 375
3510 377
3515 377
3520 379
3525 381
3530 378
3535 456
3540 380
3545 380
3550 381
3555 430
3560 382
3565 385
3570 384
3575 385
3580 385
3585 386
3590 385
3595 386
3600 392
3605 379
3610 444
3615 442
3620 464
3625 455
3630 374
3635 380
3640 382
3645 383
3650 384
3655 435
3660 486
3665 386
3670 386
3675 387
3680 387
3685 388
3690 387
3695 389
3700 389
3705 389
3710 391
3715 403
3720 404
3725 415
3730 404
3735 434
3740 427
3745 406
3750 404
3755 407
3760 405
3765 407
3770 408
3775 409
3780 409
3785 452
3790 411
3795 411
3800 491
3805 457
3810 495
3815 414
3820 415
3825 415
3830 415
3835 415
3840 415
3845 415
3850 416
3855 417
3860 417
3865 421
3870 435
3875 419
3880 421
3885 421
3890 419
3895 457
3900 461
3905 423
3910 477
3915 623
3920 428
3925 461
3930 515
3935 438
3940 439
3945 440
3950 440
3955 441
3960 442
3965 442
3970 442
3975 445
3980 443
3985 444
3990 445
3995 444
4000 446
4005 447
4010 449
4015 451
4020 449
4025 451
4030 453
4035 452
4040 450
4045 452
4050 460
4055 454
4060 451
4065 455
4070 455
4075 456
4080 455
4085 457
4090 458
4095 461
4100 448
4105 459
4110 459
4115 463
4120 463
4125 461
4130 464
4135 516
4140 595
4145 654
4150 561
4155 529
4160 518
4165 458
4170 468
4175 466
4180 469
4185 494
4190 470
4195 470
4200 473
4205 471
4210 470
4215 474
4220 472
4225 474
4230 482
4235 476
4240 475
4245 477
4250 477
4255 478
4260 477
4265 479
4270 479
4275 478
4280 480
4285 512
4290 471
4295 480
4300 484
4305 484
4310 484
4315 485
4320 473
4325 474
4330 473
4335 545
4340 496
4345 476
4350 476
4355 478
4360 478
4365 481
4370 479
4375 480
4380 478
4385 479
4390 480
4395 482
4400 479
4405 484
4410 484
4415 482
4420 603
4425 471
4430 473
4435 554
4440 487
4445 488
4450 489
4455 490
4460 493
4465 478
4470 477
4475 480
4480 478
4485 478
4490 470
4495 481
4500 480
4505 482
4510 482
4515 561
4520 484
4525 589
4530 488
4535 488
4540 486
4545 487
4550 489
4555 486
4560 490
4565 491
4570 490
4575 492
4580 491
4585 574
4590 492
4595 493
4600 492
4605 493
4610 494
4615 497
4620 494
4625 582
4630 498
4635 497
4640 622
4645 498
4650 501
4655 502
4660 500
4665 569
4670 517
4675 516
4680 515
4685 564
4690 503
4695 503
4700 505
4705 506
4710 578
4715 592
4720 651
4725 509
4730 509
4735 509
4740 510
4745 512
4750 513
4755 510
4760 511
4765 552
4770 516
4775 515
4780 516
4785 516
4790 531
4795 531
4800 583
4805 532
4810 533
4815 592
4820 535
4825 569
4830 560
4835 536
4840 537
4845 575
4850 536
4855 538
4860 537
4865 567
4870 561
4875 554
4880 542
4885 544
4890 542
4895 545
4900 543
4905 616
4910 544
4915 544
4920 546
4925 585
4930 545
4935 549
4940 548
4945 549
4950 550
4955 550
4960 553
4965 538
4970 538
4975 539
4980 537
4985 538
4990 540
4995 583
5000 544
5005 545
5010 677
5015 543
5020 544
5025 546
5030 547
5035 546
5040 544
5045 547
5050 547
5055 549
5060 548
5065 598
5070 561
5075 565
5080 565
5085 687
5090 552
5095 553
5100 555
5105 553
5110 554
5115 554
5120 557
5125 555
5130 558
5135 558
5140 557
5145 558
5150 558
5155 563
5160 562
5165 562
5170 566
5175 639
5180 565
5185 563
5190 682
5195 565
5200 565
5205 564
5210 567
5215 567
5220 566
5225 571
5230 568
5235 567
5240 569
5245 570
5250 608
5255 571
5260 574
5265 792
5270 569
5275 577
5280 576
5285 577
5290 578
5295 578
5300 581
5305 660
5310 594
5315 613
5320 618
5325 596
5330 578
5335 580
5340 583
5345 604
5350 659
5355 585
5360 745
5365 586
5370 604
5375 603
5380 599
5385 601
5390 653
5395 604
5400 607
5405 646
5410 592
5415 606
5420 606
5425 610
5430 652
5435 610
5440 608
5445 611
5450 593
5455 597
5460 597
5465 669
5470 645
5475 615
5480 641
5485 869
5490 936
5495 726
5500 751
5505 690
5510 601
5515 665
5520 619
5525 618
5530 605
5535 623
5540 623
5545 623
5550 626
5555 698
5560 623
5565 626
5570 626
5575 767
5580 784
5585 629
5590 615
5595 629
5600 658
5605 715
5610 631
5615 631
5620 718
5625 632
5630 630
5635 634
5640 634
5645 672
5650 635
5655 674
5660 635
5665 699
5670 641
5675 640
5680 641
5685 668
5690 642
5695 642
5700 667
5705 736
5710 642
5715 644
5720 645
5725 644
5730 681
5735 646
5740 645
5745 644
5750 648
5755 646
5760 650
5765 648
5770 648
5775 697
5780 653
5785 654
5790 654
5795 655
5800 653
5805 654
5810 656
5815 655
5820 809
5825 738
5830 659
5835 679
5840 663
5845 661
5850 658
5855 658
5860 663
5865 662
5870 662
5875 701
5880 663
5885 720
5890 658
5895 665
5900 668
5905 664
5910 666
5915 667
5920 667
5925 669
5930 667
5935 671
5940 654
5945 673
5950 656
5955 655
5960 735
5965 657
5970 807
5975 658
5980 658
5985 658
5990 657
5995 660
6000 662
6005 661
6010 738
6015 662
6020 664
6025 667
6030 663
6035 740
6040 667
6045 667
6050 667
6055 670
6060 652
6065 668
6070 666
6075 705
6080 686
6085 703
6090 677
6095 793
6100 748
6105 729
6110 692
6115 781
6120 722
6125 675
6130 674
6135 678
6140 676
6145 680
6150 699
6155 696
6160 698
6165 698
6170 699
6175 700
6180 825
6185 827
6190 703
6195 703
6200 702
6205 704
6210 701
6215 718
6220 684
6225 688
6230 688
6235 692
6240 691
6245 692
6250 839
6255 692
6260 896
6265 691
6270 692
6275 694
6280 695
6285 698
6290 695
6295 695
6300 698
6305 696
6310 773
6315 755
6320 886
6325 775
6330 777
6335 852
6340 873
6345 782
6350 720
6355 724
6360 722
6365 724
6370 708
6375 725
6380 706
6385 809
6390 730
6395 815
6400 725
6405 728
6410 729
6415 734
6420 732
6425 770
6430 733
6435 732
6440 730
6445 732
6450 719
6455 778
6460 734
6465 736
6470 735
6475 738
6480 718
6485 721
6490 760
6495 721
6500 723
6505 777
6510 740
6515 756
6520 799
6525 723
6530 875
6535 823
6540 746
6545 786
6550 746
6555 782
6560 746
6565 749
6570 828
6575 750
6580 751
6585 830
6590 757
6595 766
6600 733
6605 733
6610 738
6615 736
6620 734
6625 734
6630 736
6635 740
6640 777
6645 816
6650 799
6655 802
6660 918
6665 776
6670 738
6675 741
6680 742
6685 743
6690 745
6695 746
6700 745
6705 745
6710 916
6715 746
6720 814
6725 753
6730 749
6735 741
6740 749
6745 750
6750 750
6755 752
6760 733
6765 827
6770 753
6775 754
6780 755
6785 827
6790 757
6795 917
6800 738
6805 823
6810 858
6815 758
6820 760
6825 762
6830 761
6835 758
6840 762
6845 830
6850 824
6855 789
6860 784
6865 788
6870 789
6875 788
6880 766
6885 790
6890 791
6895 789
6900 790
6905 792
6910 944
6915 757
6920 849
6925 773
6930 775
6935 771
6940 774
6945 775
6950 859
6955 812
6960 861
6965 797
6970 796
6975 915
6980 797
6985 831
6990 800
6995 907
7000 801
7005 855
7010 803
7015 806
7020 803
7025 804
7030 805
7035 808
7040 804
7045 895
7050 809
7055 806
7060 810
7065 797
7070 785
7075 812
7080 804
7085 789
7090 792
7095 793
7100 872
7105 792
7110 794
7115 867
7120 793
7125 799
7130 872
7135 796
7140 796
7145 799
7150 799
7155 798
7160 874
7165 845
7170 973
7175 804
7180 801
7185 802
7190 799
7195 806
7200 803
7205 882
7210 806
7215 806
7220 881
7225 830
7230 811
7235 807
7240 874
7245 810
7250 810
7255 809
7260 813
7265 892
7270 816
7275 816
7280 835
7285 801
7290 979
7295 816
7300 817
7305 818
7310 821
7315 822
7320 822
7325 821
7330 822
7335 821
7340 822
7345 882
7350 805
7355 880
7360 820
7365 825
7370 826
7375 825
7380 827
7385 1004
7390 963
7395 912
7400 972
7405 809
7410 966
7415 832
7420 865
7425 852
7430 853
7435 855
7440 835
7445 855
7450 901
7455 860
7460 893
7465 862
7470 863
7475 860
7480 860
7485 862
7490 860
7495 899
7500 864
7505 863
7510 864
7515 923
7520 870
7525 919
7530 843
7535 899
7540 924
7545 847
7550 844
7555 847
7560 847
7565 850
7570 935
7575 905
7580 858
7585 910
7590 854
7595 890
7600 855
7605 853
7610 930
7615 855
7620 855
7625 857
7630 858
7635 933
7640 946
7645 963
7650 915
7655 1430
7660 1134
7665 1071
7670 862
7675 864
7680 953
7685 891
7690 887
7695 887
7700 891
7705 889
7710 887
7715 891
7720 939
7725 1011
7730 869
7735 965
7740 975
7745 1033
7750 895
7755 895
7760 898
7765 896
7770 898
7775 931
7780 971
7785 899
7790 1044
7795 927
7800 902
7805 941
7810 905
7815 942
7820 945
7825 904
7830 905
7835 905
7840 1122
7845 945
7850 910
7855 992
7860 910
7865 908
7870 910
7875 910
7880 910
7885 949
7890 910
7895 916
7900 1056
7905 912
7910 951
7915 916
7920 917
7925 915
7930 917
7935 920
7940 950
7945 925
7950 952
7955 963
7960 1010
7965 923
7970 922
7975 924
7980 921
7985 930
7990 966
7995 969
8000 902
8005 1016
8010 924
8015 898
8020 904
8025 904
8030 980
8035 997
8040 933
8045 935
8050 983
8055 933
8060 963
8065 937
8070 1052
8075 932
8080 982
8085 939
8090 976
8095 939
8100 938
8105 938
8110 938
8115 1024
8120 943
8125 943
8130 942
8135 951
8140 941
8145 993
8150 920
8155 920
8160 918
8165 1005
8170 941
8175 997
8180 921
8185 923
8190 924
8195 925
8200 924
8205 925
8210 924
8215 928
8220 1001
8225 999
8230 926
8235 927
8240 930
8245 928
8250 932
8255 930
8260 932
8265 931
8270 1020
8275 1050
8280 986
8285 1063
8290 963
8295 961
8300 958
8305 1006
8310 1001
8315 964
8320 965
8325 999
8330 971
8335 966
8340 932
8345 943
8350 1015
8355 1017
8360 944
8365 944
8370 945
8375 946
8380 1284
8385 1201
8390 999
8395 998
8400 1003
8405 1000
8410 1000
8415 1003
8420 1003
8425 1052
8430 1012
8435 1006
8440 1003
8445 1007
8450 1008
8455 1010
8460 1007
8465 1009
8470 1008
8475 1056
8480 985
8485 1060
8490 983
8495 986
8500 990
8505 990
8510 987
8515 1017
8520 1024
8525 998
8530 995
8535 966
8540 967
8545 1303
8550 968
8555 968
8560 968
8565 1038
8570 1001
8575 1037
8580 1000
8585 1113
8590 1000
8595 1001
8600 1002
8605 1000
8610 1000
8615 1012
8620 996
8625 1082
8630 980
8635 980
8640 1235
8645 992
8650 981
8655 981
8660 982
8665 996
8670 1005
8675 1104
8680 1083
8685 1129
8690 1046
8695 1053
8700 1069
8705 1036
8710 1044
8715 1043
8720 1047
8725 1054
8730 1046
8735 1046
8740 1047
8745 1077
8750 1056
8755 1033
8760 1061
8765 1074
8770 1114
8775 1022
8780 1085
8785 1022
8790 1020
8795 1021
8800 1022
8805 1030
8810 1029
8815 1047
8820 1138
8825 1024
8830 1032
8835 1028
8840 1031
8845 1015
8850 1001
8855 1080
8860 1007
8865 1080
8870 1085
8875 1151
8880 1007
8885 1008
8890 1044
8895 1036
8900 1034
8905 1040
8910 1039
8915 1079
8920 1039
8925 1039
8930 1037
8935 1038
8940 1013
8945 1014
8950 1090
8955 1016
8960 1016
8965 1172
8970 1067
8975 1064
8980 1095
8985 1045
8990 1048
8995 1048
9000 1049
9005 1049
9010 1140
9015 1128
9020 1028
9025 1056
9030 1034
9035 1052
9040 1080
9045 1056
9050 1056
9055 1119
9060 1096
9065 1121
9070 1123
9075 1060
9080 1062
9085 1060
9090 1061
9095 1140
9100 1065
9105 1096
9110 1076
9115 1102
9120 1058
9125 1108
9130 1011
9135 1040
9140 1011
9145 1137
9150 1040
9155 1150
9160 1188
9165 1041
9170 1041
9175 1045
9180 1044
9185 1116
9190 1049
9195 1141
9200 1141
9205 1074
9210 1077
9215 1076
9220 1080
9225 1079
9230 1075
9235 1083
9240 1061
9245 1096
9250 1158
9255 1164
9260 1054
9265 1056
9270 1056
9275 1056
9280 1057
9285 1057
9290 1056
9295 1121
9300 1140
9305 1058
9310 1115
9315 1061
9320 1063
9325 1062
9330 1062
9335 1063
9340 1147
9345 1062
9350 1222
9355 1066
9360 1070
9365 1068
9370 1066
9375 1067
9380 1070
9385 1159
9390 1270
9395 1066
9400 1072
9405 1077
9410 1144
9415 1145
9420 1048
9425 1076
9430 1072
9435 1150
9440 1172
9445 1118
9450 1121
9455 1266
9460 1092
9465 1107
9470 1109
9475 1249
9480 1126
9485 1110
9490 1110
9495 1112
9500 1111
9505 1112
9510 1113
9515 1115
9520 1116
9525 1133
9530 1184
9535 1112
9540 1166
9545 1119
9550 1119
9555 1120
9560 1122
9565 1126
9570 1121
9575 1124
9580 1122
9585 1133
9590 1169
9595 1096
9600 1095
9605 1098
9610 1097
9615 1175
9620 1207
9625 1250
9630 1142
9635 1204
9640 1128
9645 1131
9650 1126
9655 1171
9660 1123
9665 1134
9670 1131
9675 1095
9680 1107
9685 1089
9690 1106
9695 1107
9700 1149
9705 1278
9710 1234
9715 1110
9720 1084
9725 1111
9730 1191
9735 1241
9740 1279
9745 1254
9750 1131
9755 1148
9760 1144
9765 1147
9770 1149
9775 1144
9780 1150
9785 1149
9790 1286
9795 1232
9800 1123
9805 1123
9810 1124
9815 1127
9820 1206
9825 1127
9830 1307
9835 1166
9840 1162
9845 1157
9850 1160
9855 1163
9860 1162
9865 1162
9870 1168
9875 1211
9880 1243
9885 1278
9890 1134
9895 1251
9900 1213
9905 1138
9910 1173
9915 1196
9920 1172
9925 1205
9930 1296
9935 1434
9940 1656
9945 1341
9950 1179
9955 1265
9960 1255
9965 1184
9970 1176
9975 1176
9980 1301
9985 1176
9990 1248
9995 1203
10000 1182
