5 0
10 0
15 0
20 0
25 1
30 1
35 1
40 1
45 2
50 2
55 2
60 2
65 3
70 3
75 3
80 4
85 4
90 4
95 5
100 5
105 5
110 6
115 6
120 6
125 7
130 6
135 7
140 7
145 70
150 29
155 10
160 29
165 26
170 29
175 11
180 11
185 12
190 12
195 12
200 13
205 13
210 15
215 13
220 15
225 20
230 18
235 16
240 17
245 17
250 26
255 25
260 21
265 20
270 19
275 19
280 19
285 20
290 20
295 37
300 20
305 21
310 20
315 21
320 36
325 23
330 45
335 27
340 26
345 26
350 26
355 27
360 26
365 51
370 46
375 29
380 44
385 28
390 43
395 30
400 30
405 30
410 30
415 31
420 31
425 32
430 32
435 32
440 32
445 33
450 33
455 33
460 34
465 35
470 35
475 36
480 36
485 37
490 38
495 38
500 38
505 39
510 39
515 40
520 39
525 41
530 42
535 49
540 50
545 49
550 48
555 50
560 53
565 55
570 52
575 51
580 55
585 50
590 54
595 50
600 55
605 53
610 55
615 53
620 50
625 51
630 52
635 53
640 53
645 83
650 54
655 54
660 55
665 55
670 55
675 55
680 56
685 57
690 57
695 57
700 56
705 58
710 58
715 59
720 60
725 60
730 61
735 62
740 62
745 62
750 63
755 64
760 64
765 65
770 65
775 66
780 66
785 67
790 67
795 67
800 68
805 69
810 69
815 69
820 70
825 71
830 71
835 72
840 72
845 72
850 74
855 74
860 74
865 74
870 76
875 76
880 76
885 77
890 78
895 75
900 76
905 77
910 78
915 79
920 79
925 79
930 95
935 82
940 82
945 84
950 83
955 85
960 85
965 86
970 87
975 87
980 88
985 88
990 88
995 90
1000 89
1005 93
1010 122
1015 96
1020 93
1025 93
1030 93
1035 95
1040 94
1045 95
1050 96
1055 110
1060 101
1065 101
1070 100
1075 101
1080 101
1085 101
1090 101
1095 101
1100 102
1105 102
1110 103
1115 102
1120 102
1125 103
1130 104
1135 105
1140 105
1145 106
1150 108
1155 107
1160 108
1165 108
1170 109
1175 110
1180 109
1185 110
1190 111
1195 112
1200 112
1205 112
1210 110
1215 113
1220 115
1225 115
1230 114
1235 115
1240 116
1245 116
1250 117
1255 118
1260 118
1265 118
1270 119
1275 121
1280 120
1285 121
1290 122
1295 124
1300 122
1305 124
1310 124
1315 125
1320 126
1325 127
1330 126
1335 128
1340 128
1345 128
1350 130
1355 129
1360 131
1365 130
1370 131
1375 131
1380 132
1385 133
1390 139
1395 134
1400 135
1405 134
1410 135
1415 137
1420 136
1425 137
1430 137
1435 139
1440 138
1445 139
1450 139
1455 167
1460 170
1465 146
1470 145
1475 144
1480 145
1485 145
1490 144
1495 145
1500 145
1505 146
1510 147
1515 147
1520 148
1525 149
1530 150
1535 149
1540 150
1545 151
1550 148
1555 151
1560 152
1565 152
1570 153
1575 153
1580 155
1585 155
1590 155
1595 157
1600 156
1605 157
1610 156
1615 159
1620 159
1625 159
1630 159
1635 160
1640 163
1645 162
1650 162
1655 162
1660 161
1665 163
1670 164
1675 164
1680 166
1685 166
1690 167
1695 167
1700 168
1705 171
1710 171
1715 168
1720 166
1725 171
1730 170
1735 171
1740 171
1745 177
1750 171
1755 175
1760 174
1765 176
1770 182
1775 174
1780 178
1785 177
1790 173
1795 178
1800 179
1805 180
1810 181
1815 181
1820 181
1825 181
1830 178
1835 181
1840 183
1845 184
1850 184
1855 185
1860 186
1865 183
1870 189
1875 189
1880 189
1885 189
1890 191
1895 191
1900 190
1905 192
1910 192
1915 193
1920 195
1925 192
1930 196
1935 196
1940 196
1945 195
1950 196
1955 196
1960 200
1965 198
1970 199
1975 200
1980 201
1985 200
1990 203
1995 201
2000 203
2005 204
2010 203
2015 203
2020 212
2025 201
2030 207
2035 207
2040 208
2045 208
2050 211
2055 212
2060 226
2065 211
2070 209
2075 213
2080 213
2085 213
2090 214
2095 213
2100 215
2105 214
2110 216
2115 217
2120 220
2125 223
2130 226
2135 222
2140 223
2145 222
2150 228
2155 364
2160 227
2165 481
2170 493
2175 523
2180 496
2185 495
2190 492
2195 496
2200 494
2205 493
2210 520
2215 422
2220 425
2225 426
2230 427
2235 429
2240 430
2245 430
2250 431
2255 432
2260 433
2265 436
2270 439
2275 449
2280 460
2285 351
2290 343
2295 347
2300 348
2305 346
2310 348
2315 385
2320 397
2325 349
2330 354
2335 353
2340 356
2345 353
2350 351
2355 352
2360 352
2365 351
2370 352
2375 352
2380 355
2385 362
2390 301
2395 300
2400 300
2405 302
2410 302
2415 303
2420 309
2425 304
2430 305
2435 304
2440 306
2445 335
2450 306
2455 309
2460 310
2465 311
2470 310
2475 309
2480 339
2485 312
2490 313
2495 312
2500 312
2505 312
2510 317
2515 324
2520 321
2525 321
2530 324
2535 336
2540 286
2545 289
2550 294
2555 287
2560 286
2565 289
2570 289
2575 290
2580 288
2585 305
2590 292
2595 293
2600 292
2605 291
2610 293
2615 293
2620 314
2625 298
2630 294
2635 297
2640 294
2645 298
2650 297
2655 307
2660 304
2665 298
2670 304
2675 306
2680 349
2685 305
2690 305
2695 303
2700 303
2705 304
2710 306
2715 309
2720 309
2725 309
2730 309
2735 311
2740 310
2745 307
2750 348
2755 321
2760 293
2765 292
2770 294
2775 297
2780 295
2785 294
2790 297
2795 297
2800 297
2805 298
2810 297
2815 299
2820 299
2825 300
2830 301
2835 304
2840 303
2845 335
2850 305
2855 304
2860 305
2865 307
2870 308
2875 309
2880 308
2885 308
2890 340
2895 309
2900 309
2905 311
2910 314
2915 310
2920 312
2925 314
2930 312
2935 315
2940 315
2945 368
2950 316
2955 319
2960 317
2965 317
2970 318
2975 318
2980 318
2985 320
2990 320
2995 339
3000 322
3005 323
3010 323
3015 324
3020 325
3025 324
3030 325
3035 325
3040 327
3045 328
3050 327
3055 328
3060 330
3065 334
3070 329
3075 331
3080 333
3085 333
3090 333
3095 337
3100 334
3105 335
3110 327
3115 328
3120 329
3125 329
3130 329
3135 330
3140 331
3145 332
3150 332
3155 334
3160 333
3165 334
3170 335
3175 333
3180 337
3185 335
3190 335
3195 337
3200 338
3205 337
3210 338
3215 362
3220 364
3225 341
3230 342
3235 341
3240 342
3245 422
3250 388
3255 338
3260 334
3265 335
3270 337
3275 377
3280 336
3285 339
3290 340
3295 340
3300 339
3305 341
3310 342
3315 342
3320 342
3325 343
3330 344
3335 345
3340 346
3345 373
3350 441
3355 347
3360 429
3365 385
3370 405
3375 429
3380 359
3385 360
3390 360
3395 360
3400 361
3405 363
3410 361
3415 362
3420 408
3425 363
3430 364
3435 365
3440 364
3445 365
3450 365
3455 367
3460 368
3465 371
3470 369
3475 372
3480 369
3485 370
3490 373
3495 417
3500 384
3505 363
3510 429
3515 383
3520 489
3525 367
3530 366
3535 368
3540 371
3545 370
3550 370
3555 370
3560 369
3565 446
3570 508
3575 374
3580 454
3585 373
3590 374
3595 374
3600 373
3605 376
3610 376
3615 378
3620 437
3625 388
3630 423
3635 418
3640 393
3645 391
3650 429
3655 394
3660 393
3665 393
3670 393
3675 393
3680 412
3685 395
3690 398
3695 397
3700 431
3705 397
3710 399
3715 400
3720 400
3725 401
3730 402
3735 402
3740 402
3745 404
3750 404
3755 406
3760 406
3765 498
3770 480
3775 407
3780 409
3785 397
3790 504
3795 430
3800 410
3805 410
3810 410
3815 413
3820 411
3825 412
3830 452
3835 413
3840 464
3845 453
3850 417
3855 418
3860 418
3865 434
3870 417
3875 418
3880 474
3885 485
3890 419
3895 457
3900 421
3905 420
3910 424
3915 425
3920 425
3925 424
3930 425
3935 427
3940 427
3945 428
3950 464
3955 430
3960 429
3965 430
3970 430
3975 431
3980 477
3985 431
3990 433
3995 433
4000 515
4005 434
4010 436
4015 435
4020 435
4025 435
4030 441
4035 439
4040 439
4045 441
4050 443
4055 440
4060 442
4065 440
4070 443
4075 443
4080 445
4085 445
4090 480
4095 445
4100 446
4105 451
4110 448
4115 449
4120 448
4125 449
4130 449
4135 450
4140 453
4145 453
4150 455
4155 452
4160 453
4165 455
4170 459
4175 445
4180 465
4185 476
4190 457
4195 457
4200 496
4205 507
4210 442
4215 446
4220 448
4225 555
4230 450
4235 451
4240 451
4245 453
4250 452
4255 455
4260 453
4265 454
4270 454
4275 454
4280 456
4285 457
4290 496
4295 459
4300 458
4305 459
4310 541
4315 460
4320 463
4325 463
4330 461
4335 460
4340 463
4345 463
4350 464
4355 465
4360 466
4365 464
4370 465
4375 467
4380 526
4385 468
4390 468
4395 469
4400 470
4405 473
4410 472
4415 532
4420 471
4425 473
4430 473
4435 520
4440 539
4445 464
4450 476
4455 549
4460 497
4465 524
4470 492
4475 495
4480 493
4485 492
4490 491
4495 496
4500 495
4505 494
4510 496
4515 497
4520 534
4525 497
4530 513
4535 517
4540 518
4545 500
4550 502
4555 538
4560 506
4565 490
4570 490
4575 491
4580 491
4585 491
4590 488
4595 492
4600 641
4605 581
4610 556
4615 637
4620 498
4625 497
4630 529
4635 614
4640 498
4645 520
4650 719
4655 724
4660 578
4665 591
4670 617
4675 518
4680 606
4685 515
4690 518
4695 562
4700 706
4705 520
4710 560
4715 523
4720 521
4725 611
4730 534
4735 537
4740 538
4745 536
4750 541
4755 539
4760 539
4765 540
4770 539
4775 544
4780 542
4785 546
4790 545
4795 546
4800 566
4805 564
4810 554
4815 551
4820 535
4825 533
4830 536
4835 535
4840 536
4845 539
4850 538
4855 636
4860 586
4865 537
4870 542
4875 542
4880 595
4885 546
4890 541
4895 579
4900 540
4905 546
4910 549
4915 546
4920 546
4925 545
4930 546
4935 548
4940 549
4945 546
4950 550
4955 552
4960 570
4965 570
4970 590
4975 551
4980 583
4985 557
4990 688
4995 555
5000 554
5005 557
5010 554
5015 557
5020 556
5025 557
5030 558
5035 557
5040 561
5045 561
5050 559
5055 562
5060 677
5065 572
5070 553
5075 551
5080 549
5085 609
5090 570
5095 551
5100 552
5105 552
5110 552
5115 556
5120 555
5125 621
5130 571
5135 606
5140 573
5145 601
5150 580
5155 552
5160 559
5165 751
5170 565
5175 561
5180 563
5185 560
5190 563
5195 562
5200 566
5205 567
5210 645
5215 568
5220 568
5225 566
5230 567
5235 651
5240 569
5245 656
5250 569
5255 571
5260 571
5265 572
5270 569
5275 573
5280 575
5285 641
5290 592
5295 591
5300 591
5305 596
5310 676
5315 595
5320 635
5325 597
5330 594
5335 716
5340 595
5345 597
5350 597
5355 620
5360 599
5365 599
5370 598
5375 604
5380 599
5385 601
5390 602
5395 604
5400 660
5405 604
5410 605
5415 607
5420 604
5425 605
5430 608
5435 608
5440 607
5445 611
5450 613
5455 611
5460 613
5465 610
5470 597
5475 598
5480 706
5485 681
5490 697
5495 599
5500 690
5505 603
5510 603
5515 605
5520 603
5525 603
5530 606
5535 606
5540 632
5545 623
5550 623
5555 660
5560 717
5565 664
5570 655
5575 866
5580 749
5585 645
5590 648
5595 646
5600 650
5605 647
5610 649
5615 650
5620 648
5625 647
5630 649
5635 652
5640 650
5645 649
5650 652
5655 659
5660 654
5665 655
5670 654
5675 655
5680 656
5685 640
5690 637
5695 638
5700 640
5705 642
5710 647
5715 680
5720 642
5725 642
5730 643
5735 646
5740 647
5745 647
5750 644
5755 655
5760 705
5765 631
5770 717
5775 634
5780 632
5785 634
5790 635
5795 749
5800 636
5805 636
5810 809
5815 638
5820 640
5825 653
5830 659
5835 658
5840 660
5845 660
5850 659
5855 704
5860 699
5865 662
5870 712
5875 663
5880 667
5885 665
5890 663
5895 668
5900 645
5905 647
5910 649
5915 649
5920 650
5925 652
5930 652
5935 654
5940 654
5945 739
5950 727
5955 654
5960 768
5965 656
5970 657
5975 657
5980 660
5985 661
5990 644
5995 725
6000 680
6005 682
6010 691
6015 663
6020 753
6025 664
6030 797
6035 728
6040 685
6045 686
6050 684
6055 688
6060 686
6065 685
6070 687
6075 686
6080 689
6085 688
6090 880
6095 695
6100 689
6105 818
6110 673
6115 676
6120 675
6125 676
6130 675
6135 679
6140 784
6145 680
6150 677
6155 681
6160 680
6165 799
6170 682
6175 674
6180 685
6185 684
6190 684
6195 683
6200 686
6205 686
6210 687
6215 688
6220 751
6225 750
6230 706
6235 757
6240 695
6245 675
6250 857
6255 695
6260 690
6265 693
6270 768
6275 693
6280 694
6285 694
6290 694
6295 697
6300 696
6305 812
6310 698
6315 877
6320 698
6325 700
6330 703
6335 701
6340 701
6345 704
6350 775
6355 703
6360 705
6365 705
6370 705
6375 933
6380 800
6385 747
6390 746
6395 708
6400 708
6405 707
6410 714
6415 712
6420 696
6425 711
6430 712
6435 739
6440 734
6445 804
6450 814
6455 736
6460 735
6465 811
6470 885
6475 766
6480 739
6485 740
6490 738
6495 739
6500 744
6505 739
6510 815
6515 781
6520 799
6525 798
6530 744
6535 774
6540 746
6545 744
6550 748
6555 747
6560 744
6565 779
6570 773
6575 842
6580 755
6585 732
6590 733
6595 734
6600 732
6605 731
6610 731
6615 717
6620 734
6625 739
6630 738
6635 802
6640 756
6645 833
6650 738
6655 875
6660 740
6665 745
6670 742
6675 814
6680 813
6685 776
6690 763
6695 767
6700 816
6705 787
6710 767
6715 764
6720 767
6725 770
6730 767
6735 765
6740 806
6745 772
6750 754
6755 753
6760 753
6765 752
6770 753
6775 834
6780 816
6785 882
6790 758
6795 758
6800 759
6805 755
6810 760
6815 760
6820 762
6825 894
6830 759
6835 910
6840 762
6845 765
6850 762
6855 823
6860 765
6865 767
6870 768
6875 765
6880 768
6885 766
6890 769
6895 769
6900 788
6905 801
6910 770
6915 952
6920 771
6925 773
6930 810
6935 771
6940 775
6945 775
6950 775
6955 778
6960 778
6965 865
6970 777
6975 866
6980 777
6985 834
6990 778
6995 780
7000 782
7005 783
7010 764
7015 785
7020 785
7025 785
7030 880
7035 786
7040 855
7045 826
7050 788
7055 788
7060 849
7065 786
7070 791
7075 788
7080 792
7085 859
7090 856
7095 792
7100 794
7105 793
7110 910
7115 811
7120 797
7125 797
7130 797
7135 796
7140 798
7145 894
7150 797
7155 864
7160 802
7165 907
7170 800
7175 803
7180 804
7185 804
7190 805
7195 808
7200 808
7205 807
7210 807
7215 926
7220 809
7225 809
7230 810
7235 831
7240 848
7245 811
7250 813
7255 812
7260 810
7265 926
7270 814
7275 927
7280 816
7285 838
7290 892
7295 817
7300 817
7305 821
7310 819
7315 819
7320 822
7325 821
7330 822
7335 905
7340 820
7345 826
7350 889
7355 847
7360 825
7365 828
7370 825
7375 827
7380 828
7385 827
7390 827
7395 912
7400 870
7405 834
7410 1007
7415 889
7420 832
7425 832
7430 835
7435 907
7440 836
7445 867
7450 864
7455 897
7460 860
7465 901
7470 862
7475 861
7480 864
7485 861
7490 863
7495 865
7500 863
7505 862
7510 845
7515 919
7520 844
7525 929
7530 848
7535 851
7540 850
7545 849
7550 848
7555 851
7560 847
7565 963
7570 934
7575 849
7580 841
7585 851
7590 851
7595 990
7600 853
7605 856
7610 851
7615 856
7620 872
7625 859
7630 932
7635 860
7640 985
7645 861
7650 859
7655 860
7660 858
7665 861
7670 938
7675 918
7680 865
7685 941
7690 866
7695 866
7700 869
7705 866
7710 908
7715 870
7720 870
7725 871
7730 924
7735 868
7740 871
7745 939
7750 853
7755 996
7760 876
7765 873
7770 873
7775 874
7780 874
7785 875
7790 952
7795 877
7800 960
7805 958
7810 982
7815 878
7820 975
7825 880
7830 905
7835 905
7840 882
7845 905
7850 910
7855 959
7860 896
7865 955
7870 906
7875 886
7880 887
7885 957
7890 890
7895 890
7900 867
7905 1102
7910 1119
7915 1065
7920 974
7925 1200
7930 1111
7935 1371
7940 919
7945 919
7950 1055
7955 965
7960 924
7965 1076
7970 951
7975 957
7980 925
7985 924
7990 925
7995 924
8000 925
8005 924
8010 1073
8015 958
8020 930
8025 930
8030 907
8035 932
8040 1044
8045 932
8050 930
8055 934
8060 934
8065 953
8070 937
8075 982
8080 936
8085 935
8090 941
8095 942
8100 938
8105 1009
8110 998
8115 957
8120 944
8125 941
8130 939
8135 938
8140 975
8145 945
8150 946
8155 945
8160 946
8165 953
8170 1087
8175 923
8180 1004
8185 926
8190 981
8195 930
8200 930
8205 931
8210 927
8215 997
8220 1000
8225 951
8230 957
8235 957
8240 958
8245 954
8250 957
8255 957
8260 960
8265 943
8270 938
8275 1064
8280 935
8285 1076
8290 937
8295 916
8300 1024
8305 1014
8310 1025
8315 967
8320 966
8325 1049
8330 968
8335 967
8340 960
8345 968
8350 968
8355 1058
8360 975
8365 948
8370 949
8375 993
8380 985
8385 968
8390 996
8395 952
8400 952
8405 952
8410 953
8415 952
8420 955
8425 957
8430 1146
8435 956
8440 955
8445 955
8450 958
8455 960
8460 935
8465 957
8470 959
8475 963
8480 1074
8485 964
8490 1080
8495 963
8500 963
8505 963
8510 963
8515 963
8520 963
8525 1039
8530 943
8535 1125
8540 970
8545 1069
8550 969
8555 1077
8560 998
8565 992
8570 996
8575 997
8580 1000
8585 1037
8590 998
8595 1098
8600 1090
8605 977
8610 1004
8615 1003
8620 1004
8625 1082
8630 1046
8635 1006
8640 991
8645 1008
8650 998
8655 981
8660 984
8665 985
8670 982
8675 984
8680 1030
8685 1103
8690 1005
8695 1028
8700 985
8705 987
8710 992
8715 991
8720 989
8725 991
8730 993
8735 1065
8740 989
8745 990
8750 993
8755 1035
8760 1032
8765 997
8770 999
8775 999
8780 1130
8785 1080
8790 1098
8795 1059
8800 1025
8805 1026
8810 1029
8815 1029
8820 1078
8825 1026
8830 1063
8835 1029
8840 1033
8845 1064
8850 1038
8855 1033
8860 1074
8865 1035
8870 1105
8875 1034
8880 1059
8885 1010
8890 1163
8895 1010
8900 1053
8905 1089
8910 991
8915 1015
8920 1007
8925 1044
8930 1081
8935 1045
8940 1046
8945 1042
8950 1046
8955 1048
8960 1031
8965 1048
8970 1052
8975 1102
8980 1009
8985 1106
8990 1025
8995 1023
9000 1027
9005 1026
9010 1027
9015 1063
9020 1027
9025 1143
9030 1029
9035 1029
9040 1028
9045 1030
9050 1032
9055 1031
9060 1032
9065 1280
9070 1409
9075 1544
9080 1108
9085 1192
9090 1093
9095 1093
9100 1100
9105 1093
9110 1095
9115 1103
9120 1096
9125 1097
9130 1097
9135 1100
9140 1094
9145 1085
9150 1113
9155 1159
9160 1099
9165 1075
9170 1165
9175 1077
9180 1078
9185 1079
9190 1073
9195 1117
9200 1079
9205 1164
9210 1077
9215 1082
9220 1080
9225 1129
9230 1115
9235 1053
9240 1056
9245 1055
9250 1056
9255 1139
9260 1081
9265 1099
9270 1057
9275 1057
9280 1059
9285 1137
9290 1063
9295 1056
9300 1128
9305 1060
9310 1060
9315 1061
9320 1064
9325 1063
9330 1139
9335 1065
9340 1068
9345 1129
9350 1071
9355 1166
9360 1071
9365 1070
9370 1072
9375 1068
9380 1070
9385 1069
9390 1145
9395 1158
9400 1218
9405 1074
9410 1076
9415 1075
9420 1079
9425 1075
9430 1080
9435 1155
9440 1116
9445 1052
9450 1153
9455 1074
9460 1081
9465 1083
9470 1080
9475 1081
9480 1158
9485 1159
9490 1082
9495 1084
9500 1083
9505 1084
9510 1168
9515 1087
9520 1087
9525 1090
9530 1165
9535 1091
9540 1295
9545 1092
9550 1168
9555 1170
9560 1093
9565 1095
9570 1173
9575 1160
9580 1126
9585 1128
9590 1129
9595 1125
9600 1201
9605 1101
9610 1131
9615 1131
9620 1201
9625 1101
9630 1185
9635 1102
9640 1105
9645 1146
9650 1105
9655 1202
9660 1125
9665 1179
9670 1109
9675 1106
9680 1110
9685 1112
9690 1108
9695 1108
9700 1112
9705 1114
9710 1186
9715 1117
9720 1224
9725 1109
9730 1157
9735 1205
9740 1117
9745 1158
9750 1148
9755 1185
9760 1228
9765 1148
9770 1223
9775 1156
9780 1150
9785 1150
9790 1148
9795 1278
9800 1157
9805 1262
9810 1153
9815 1160
9820 1165
9825 1157
9830 1159
9835 1160
9840 1202
9845 1212
9850 1165
9855 1165
9860 1159
9865 1161
9870 1200
9875 1168
9880 1108
9885 1386
9890 1266
9895 1139
9900 1140
9905 1172
9910 1168
9915 1165
9920 1168
9925 1251
9930 1173
9935 1235
9940 1171
9945 1165
9950 1144
9955 1145
9960 1272
9965 1144
9970 1304
9975 1232
9980 1146
9985 1183
9990 1179
9995 1180
10000 1178
