5 0
10 0
15 0
20 0
25 1
30 1
35 1
40 1
45 2
50 2
55 17
60 3
65 3
70 3
75 4
80 4
85 4
90 4
95 5
100 5
105 5
110 5
115 6
120 7
125 7
130 7
135 8
140 8
145 8
150 8
155 9
160 9
165 10
170 10
175 11
180 10
185 11
190 11
195 12
200 12
205 12
210 13
215 13
220 13
225 14
230 14
235 14
240 15
245 15
250 16
255 16
260 16
265 17
270 18
275 18
280 18
285 18
290 19
295 19
300 20
305 20
310 21
315 21
320 21
325 21
330 22
335 22
340 23
345 24
350 24
355 25
360 25
365 25
370 26
375 27
380 27
385 47
390 28
395 33
400 32
405 32
410 47
415 30
420 31
425 31
430 31
435 32
440 32
445 33
450 33
455 34
460 34
465 34
470 35
475 35
480 36
485 36
490 37
495 37
500 37
505 38
510 39
515 39
520 39
525 39
530 40
535 40
540 41
545 41
550 42
555 42
560 42
565 43
570 44
575 44
580 44
585 45
590 46
595 46
600 47
605 47
610 48
615 47
620 48
625 50
630 50
635 51
640 51
645 52
650 51
655 52
660 53
665 53
670 54
675 55
680 55
685 54
690 56
695 56
700 56
705 57
710 57
715 58
720 58
725 59
730 59
735 60
740 60
745 61
750 61
755 62
760 62
765 63
770 63
775 64
780 64
785 65
790 65
795 68
800 66
805 67
810 67
815 67
820 68
825 69
830 70
835 70
840 71
845 71
850 72
855 73
860 73
865 74
870 74
875 74
880 75
885 75
890 76
895 76
900 77
905 77
910 78
915 78
920 79
925 79
930 80
935 80
940 82
945 81
950 82
955 83
960 83
965 84
970 84
975 86
980 85
985 87
990 87
995 87
1000 88
1005 88
1010 88
1015 173
1020 94
1025 93
1030 94
1035 94
1040 93
1045 93
1050 95
1055 106
1060 106
1065 101
1070 100
1075 100
1080 100
1085 100
1090 101
1095 103
1100 102
1105 103
1110 104
1115 104
1120 104
1125 105
1130 104
1135 106
1140 106
1145 107
1150 107
1155 108
1160 108
1165 108
1170 109
1175 110
1180 110
1185 111
1190 112
1195 113
1200 126
1205 111
1210 111
1215 112
1220 111
1225 111
1230 113
1235 112
1240 114
1245 114
1250 114
1255 114
1260 115
1265 116
1270 116
1275 117
1280 117
1285 118
1290 118
1295 119
1300 118
1305 120
1310 121
1315 121
1320 121
1325 122
1330 123
1335 122
1340 123
1345 124
1350 125
1355 125
1360 148
1365 143
1370 126
1375 127
1380 128
1385 129
1390 149
1395 130
1400 130
1405 133
1410 131
1415 131
1420 152
1425 137
1430 133
1435 135
1440 134
1445 135
1450 136
1455 136
1460 137
1465 138
1470 139
1475 140
1480 140
1485 139
1490 184
1495 187
1500 163
1505 145
1510 145
1515 144
1520 145
1525 146
1530 145
1535 146
1540 148
1545 147
1550 147
1555 147
1560 150
1565 148
1570 149
1575 149
1580 150
1585 151
1590 151
1595 153
1600 152
1605 153
1610 153
1615 153
1620 154
1625 155
1630 154
1635 156
1640 157
1645 157
1650 157
1655 159
1660 160
1665 159
1670 161
1675 162
1680 162
1685 162
1690 163
1695 163
1700 164
1705 164
1710 165
1715 167
1720 166
1725 166
1730 168
1735 169
1740 206
1745 169
1750 169
1755 170
1760 171
1765 171
1770 171
1775 172
1780 250
1785 176
1790 177
1795 213
1800 277
1805 213
1810 177
1815 177
1820 178
1825 177
1830 178
1835 179
1840 180
1845 181
1850 181
1855 181
1860 182
1865 183
1870 183
1875 184
1880 181
1885 187
1890 186
1895 238
1900 188
1905 187
1910 188
1915 187
1920 189
1925 191
1930 190
1935 191
1940 191
1945 193
1950 192
1955 192
1960 193
1965 196
1970 195
1975 195
1980 196
1985 238
1990 213
1995 293
2000 200
2005 201
2010 203
2015 201
2020 202
2025 202
2030 205
2035 203
2040 241
2045 253
2050 205
2055 204
2060 206
2065 242
2070 262
2075 224
2080 267
2085 233
2090 247
2095 220
2100 218
2105 220
2110 220
2115 219
2120 222
2125 221
2130 223
2135 222
2140 223
2145 223
2150 224
2155 225
2160 231
2165 229
2170 257
2175 227
2180 229
2185 229
2190 231
2195 233
2200 229
2205 234
2210 231
2215 232
2220 231
2225 231
2230 231
2235 237
2240 235
2245 235
2250 236
2255 241
2260 243
2265 239
2270 238
2275 240
2280 240
2285 238
2290 240
2295 239
2300 240
2305 239
2310 241
2315 244
2320 245
2325 243
2330 244
2335 243
2340 246
2345 245
2350 245
2355 246
2360 252
2365 248
2370 251
2375 249
2380 251
2385 250
2390 251
2395 253
2400 253
2405 271
2410 255
2415 263
2420 261
2425 257
2430 262
2435 263
2440 268
2445 267
2450 257
2455 261
2460 264
2465 287
2470 279
2475 262
2480 261
2485 262
2490 263
2495 270
2500 270
2505 269
2510 266
2515 267
2520 269
2525 268
2530 268
2535 267
2540 267
2545 268
2550 268
2555 269
2560 270
2565 272
2570 277
2575 277
2580 274
2585 275
2590 275
2595 274
2600 275
2605 276
2610 275
2615 277
2620 278
2625 305
2630 282
2635 280
2640 280
2645 280
2650 282
2655 282
2660 282
2665 282
2670 283
2675 312
2680 285
2685 284
2690 285
2695 287
2700 285
2705 286
2710 288
2715 288
2720 289
2725 289
2730 290
2735 291
2740 291
2745 293
2750 295
2755 294
2760 328
2765 297
2770 296
2775 297
2780 296
2785 299
2790 298
2795 296
2800 301
2805 299
2810 302
2815 302
2820 301
2825 303
2830 304
2835 306
2840 305
2845 311
2850 297
2855 298
2860 298
2865 300
2870 298
2875 301
2880 301
2885 301
2890 302
2895 303
2900 303
2905 303
2910 303
2915 306
2920 305
2925 345
2930 307
2935 308
2940 308
2945 386
2950 357
2955 353
2960 355
2965 312
2970 310
2975 312
2980 314
2985 369
2990 357
2995 312
3000 343
3005 336
3010 332
3015 363
3020 317
3025 342
3030 359
3035 377
3040 398
3045 374
3050 368
3055 354
3060 414
3065 340
3070 324
3075 328
3080 324
3085 325
3090 382
3095 353
3100 327
3105 327
3110 328
3115 328
3120 353
3125 339
3130 338
3135 340
3140 342
3145 343
3150 340
3155 341
3160 345
3165 356
3170 344
3175 343
3180 345
3185 346
3190 346
3195 347
3200 353
3205 350
3210 349
3215 350
3220 350
3225 351
3230 352
3235 353
3240 352
3245 353
3250 345
3255 352
3260 354
3265 356
3270 356
3275 356
3280 358
3285 356
3290 357
3295 361
3300 360
3305 360
3310 362
3315 361
3320 363
3325 363
3330 364
3335 393
3340 362
3345 364
3350 358
3355 364
3360 366
3365 366
3370 367
3375 413
3380 370
3385 376
3390 361
3395 362
3400 417
3405 421
3410 365
3415 366
3420 357
3425 365
3430 383
3435 367
3440 406
3445 369
3450 368
3455 366
3460 367
3465 368
3470 371
3475 371
3480 375
3485 373
3490 373
3495 373
3500 378
3505 389
3510 366
3515 365
3520 366
3525 367
3530 368
3535 370
3540 445
3545 408
3550 370
3555 369
3560 373
3565 447
3570 373
3575 373
3580 373
3585 374
3590 375
3595 377
3600 379
3605 379
3610 397
3615 398
3620 380
3625 380
3630 382
3635 381
3640 537
3645 386
3650 385
3655 384
3660 384
3665 385
3670 376
3675 387
3680 387
3685 387
3690 377
3695 389
3700 387
3705 390
3710 379
3715 392
3720 390
3725 463
3730 393
3735 394
3740 497
3745 394
3750 394
3755 446
3760 435
3765 406
3770 406
3775 408
3780 408
3785 410
3790 409
3795 410
3800 424
3805 402
3810 401
3815 403
3820 403
3825 424
3830 455
3835 405
3840 405
3845 479
3850 405
3855 480
3860 521
3865 420
3870 422
3875 419
3880 444
3885 440
3890 420
3895 422
3900 422
3905 424
3910 424
3915 425
3920 427
3925 428
3930 427
3935 427
3940 429
3945 428
3950 418
3955 430
3960 449
3965 435
3970 439
3975 495
3980 412
3985 423
3990 441
3995 530
4000 421
4005 482
4010 437
4015 436
4020 437
4025 449
4030 425
4035 449
4040 446
4045 431
4050 429
4055 430
4060 430
4065 431
4070 580
4075 455
4080 445
4085 450
4090 485
4095 448
4100 449
4105 447
4110 508
4115 449
4120 487
4125 452
4130 450
4135 437
4140 451
4145 452
4150 454
4155 453
4160 455
4165 454
4170 495
4175 492
4180 492
4185 458
4190 459
4195 461
4200 460
4205 458
4210 460
4215 458
4220 461
4225 465
4230 464
4235 498
4240 464
4245 466
4250 467
4255 465
4260 464
4265 467
4270 468
4275 469
4280 462
4285 459
4290 459
4295 459
4300 511
4305 498
4310 462
4315 460
4320 461
4325 593
4330 463
4335 464
4340 553
4345 462
4350 502
4355 468
4360 465
4365 465
4370 467
4375 465
4380 468
4385 469
4390 469
4395 470
4400 520
4405 483
4410 501
4415 483
4420 530
4425 473
4430 473
4435 472
4440 476
4445 476
4450 477
4455 477
4460 477
4465 477
4470 479
4475 479
4480 480
4485 481
4490 481
4495 481
4500 483
4505 482
4510 597
4515 483
4520 481
4525 486
4530 571
4535 524
4540 487
4545 487
4550 488
4555 488
4560 490
4565 487
4570 489
4575 492
4580 491
4585 491
4590 492
4595 493
4600 493
4605 494
4610 514
4615 516
4620 498
4625 549
4630 525
4635 527
4640 525
4645 539
4650 515
4655 516
4660 516
4665 514
4670 570
4675 515
4680 517
4685 523
4690 522
4695 603
4700 506
4705 527
4710 599
4715 626
4720 508
4725 652
4730 511
4735 510
4740 509
4745 512
4750 538
4755 525
4760 525
4765 555
4770 528
4775 574
4780 528
4785 529
4790 530
4795 529
4800 529
4805 531
4810 534
4815 532
4820 569
4825 536
4830 535
4835 611
4840 535
4845 523
4850 537
4855 574
4860 540
4865 537
4870 539
4875 539
4880 540
4885 541
4890 535
4895 579
4900 544
4905 544
4910 650
4915 562
4920 583
4925 546
4930 547
4935 548
4940 548
4945 549
4950 549
4955 551
4960 550
4965 549
4970 551
4975 553
4980 554
4985 630
4990 554
4995 556
5000 557
5005 565
5010 542
5015 545
5020 545
5025 545
5030 546
5035 546
5040 548
5045 607
5050 561
5055 562
5060 564
5065 568
5070 568
5075 646
5080 698
5085 552
5090 727
5095 551
5100 553
5105 554
5110 629
5115 748
5120 605
5125 684
5130 597
5135 557
5140 558
5145 558
5150 561
5155 637
5160 560
5165 578
5170 578
5175 576
5180 660
5185 580
5190 580
5195 581
5200 578
5205 579
5210 580
5215 581
5220 580
5225 583
5230 584
5235 583
5240 624
5245 586
5250 587
5255 586
5260 747
5265 587
5270 590
5275 588
5280 588
5285 625
5290 594
5295 591
5300 589
5305 595
5310 593
5315 593
5320 594
5325 638
5330 806
5335 598
5340 595
5345 598
5350 598
5355 599
5360 635
5365 598
5370 599
5375 599
5380 601
5385 599
5390 602
5395 602
5400 603
5405 678
5410 589
5415 681
5420 771
5425 879
5430 735
5435 629
5440 626
5445 625
5450 626
5455 626
5460 699
5465 639
5470 627
5475 629
5480 631
5485 635
5490 634
5495 631
5500 635
5505 634
5510 635
5515 635
5520 638
5525 637
5530 636
5535 637
5540 640
5545 652
5550 622
5555 624
5560 713
5565 648
5570 643
5575 660
5580 627
5585 625
5590 626
5595 629
5600 629
5605 630
5610 677
5615 651
5620 637
5625 615
5630 601
5635 610
5640 676
5645 621
5650 621
5655 622
5660 622
5665 733
5670 623
5675 622
5680 625
5685 624
5690 610
5695 626
5700 624
5705 628
5710 630
5715 629
5720 764
5725 627
5730 629
5735 780
5740 630
5745 629
5750 632
5755 632
5760 631
5765 634
5770 634
5775 634
5780 635
5785 634
5790 706
5795 692
5800 653
5805 703
5810 638
5815 637
5820 638
5825 641
5830 623
5835 641
5840 628
5845 642
5850 645
5855 644
5860 642
5865 646
5870 690
5875 726
5880 632
5885 645
5890 776
5895 687
5900 721
5905 653
5910 649
5915 654
5920 652
5925 651
5930 653
5935 674
5940 674
5945 652
5950 769
5955 655
5960 659
5965 656
5970 725
5975 659
5980 701
5985 735
5990 689
5995 720
6000 688
6005 662
6010 661
6015 664
6020 682
6025 753
6030 652
6035 748
6040 701
6045 665
6050 688
6055 683
6060 684
6065 769
6070 686
6075 688
6080 691
6085 718
6090 692
6095 773
6100 688
6105 692
6110 675
6115 706
6120 676
6125 679
6130 678
6135 678
6140 677
6145 677
6150 678
6155 681
6160 678
6165 723
6170 717
6175 685
6180 764
6185 724
6190 703
6195 702
6200 742
6205 686
6210 760
6215 687
6220 686
6225 685
6230 688
6235 765
6240 804
6245 691
6250 692
6255 789
6260 709
6265 714
6270 723
6275 716
6280 731
6285 694
6290 695
6295 697
6300 698
6305 701
6310 772
6315 749
6320 739
6325 739
6330 719
6335 720
6340 721
6345 721
6350 721
6355 721
6360 725
6365 725
6370 726
6375 725
6380 797
6385 707
6390 708
6395 710
6400 708
6405 708
6410 709
6415 712
6420 710
6425 710
6430 713
6435 711
6440 713
6445 714
6450 792
6455 700
6460 754
6465 752
6470 718
6475 700
6480 791
6485 720
6490 720
6495 718
6500 719
6505 721
6510 722
6515 721
6520 739
6525 797
6530 860
6535 743
6540 745
6545 737
6550 708
6555 801
6560 729
6565 730
6570 730
6575 729
6580 759
6585 842
6590 783
6595 848
6600 794
6605 735
6610 735
6615 735
6620 733
6625 805
6630 738
6635 826
6640 759
6645 761
6650 840
6655 759
6660 782
6665 759
6670 760
6675 760
6680 763
6685 764
6690 784
6695 766
6700 766
6705 765
6710 764
6715 796
6720 768
6725 827
6730 823
6735 769
6740 768
6745 768
6750 772
6755 770
6760 770
6765 750
6770 754
6775 754
6780 875
6785 777
6790 794
6795 737
6800 757
6805 758
6810 758
6815 757
6820 760
6825 760
6830 762
6835 763
6840 761
6845 843
6850 800
6855 788
6860 787
6865 765
6870 765
6875 768
6880 766
6885 765
6890 769
6895 769
6900 770
6905 848
6910 919
6915 771
6920 773
6925 772
6930 832
6935 771
6940 848
6945 772
6950 776
6955 775
6960 854
6965 779
6970 799
6975 802
6980 779
6985 903
6990 783
6995 780
7000 781
7005 783
7010 783
7015 785
7020 784
7025 784
7030 785
7035 859
7040 785
7045 774
7050 787
7055 788
7060 791
7065 789
7070 790
7075 792
7080 792
7085 791
7090 794
7095 870
7100 924
7105 778
7110 903
7115 937
7120 857
7125 938
7130 818
7135 1044
7140 964
7145 995
7150 868
7155 894
7160 856
7165 841
7170 837
7175 846
7180 847
7185 877
7190 873
7195 847
7200 850
7205 872
7210 852
7215 851
7220 851
7225 887
7230 854
7235 854
7240 854
7245 853
7250 857
7255 855
7260 871
7265 857
7270 860
7275 858
7280 844
7285 860
7290 861
7295 879
7300 839
7305 842
7310 841
7315 839
7320 844
7325 840
7330 825
7335 848
7340 824
7345 941
7350 854
7355 906
7360 827
7365 883
7370 822
7375 831
7380 826
7385 827
7390 949
7395 850
7400 854
7405 839
7410 853
7415 850
7420 855
7425 853
7430 854
7435 856
7440 858
7445 864
7450 909
7455 836
7460 921
7465 913
7470 836
7475 838
7480 916
7485 840
7490 915
7495 839
7500 943
7505 918
7510 868
7515 866
7520 866
7525 868
7530 870
7535 865
7540 869
7545 870
7550 869
7555 870
7560 847
7565 967
7570 851
7575 984
7580 899
7585 852
7590 890
7595 853
7600 855
7605 855
7610 854
7615 856
7620 939
7625 858
7630 855
7635 933
7640 860
7645 861
7650 860
7655 857
7660 861
7665 905
7670 863
7675 861
7680 940
7685 863
7690 1025
7695 867
7700 866
7705 867
7710 870
7715 868
7720 869
7725 959
7730 869
7735 1071
7740 871
7745 930
7750 871
7755 873
7760 869
7765 872
7770 915
7775 898
7780 929
7785 898
7790 935
7795 895
7800 900
7805 965
7810 902
7815 903
7820 905
7825 886
7830 942
7835 882
7840 883
7845 883
7850 945
7855 923
7860 885
7865 889
7870 885
7875 890
7880 887
7885 890
7890 889
7895 888
7900 887
7905 970
7910 894
7915 1046
7920 897
7925 892
7930 891
7935 890
7940 899
7945 919
7950 1028
7955 896
7960 977
7965 902
7970 898
7975 897
7980 900
7985 905
7990 968
7995 978
8000 906
8005 903
8010 904
8015 1024
8020 906
8025 981
8030 909
8035 909
8040 908
8045 912
8050 907
8055 911
8060 913
8065 987
8070 998
8075 910
8080 917
8085 916
8090 915
8095 914
8100 916
8105 1039
8110 918
8115 917
8120 936
8125 1053
8130 981
8135 984
8140 918
8145 921
8150 922
8155 922
8160 923
8165 986
8170 998
8175 1000
8180 958
8185 951
8190 951
8195 952
8200 951
8205 952
8210 952
8215 955
8220 953
8225 1011
8230 1009
8235 1034
8240 975
8245 1013
8250 935
8255 934
8260 935
8265 934
8270 937
8275 970
8280 1004
8285 938
8290 940
8295 938
8300 942
8305 941
8310 941
8315 941
8320 943
8325 943
8330 946
8335 1056
8340 982
8345 1110
8350 943
8355 947
8360 948
8365 948
8370 972
8375 948
8380 948
8385 1018
8390 1035
8395 1044
8400 952
8405 954
8410 954
8415 954
8420 957
8425 1182
8430 1176
8435 1175
8440 983
8445 1051
8450 985
8455 958
8460 984
8465 986
8470 987
8475 984
8480 1023
8485 1064
8490 988
8495 990
8500 1004
8505 1037
8510 989
8515 1028
8520 991
8525 994
8530 1028
8535 1033
8540 994
8545 1088
8550 996
8555 998
8560 997
8565 996
8570 996
8575 996
8580 1000
8585 1052
8590 1001
8595 1003
8600 1003
8605 1001
8610 1005
8615 980
8620 979
8625 1018
8630 981
8635 1058
8640 960
8645 1115
8650 984
8655 981
8660 1022
8665 983
8670 986
8675 987
8680 984
8685 1053
8690 1014
8695 985
8700 989
8705 990
8710 990
8715 989
8720 992
8725 1145
8730 995
8735 1159
8740 1064
8745 1135
8750 1082
8755 1024
8760 1021
8765 1022
8770 1025
8775 1023
8780 1043
8785 1058
8790 1028
8795 1031
8800 1002
8805 1003
8810 1001
8815 1077
8820 1004
8825 1004
8830 1004
8835 1063
8840 1181
8845 1022
8850 1007
8855 1007
8860 1005
8865 1009
8870 1011
8875 1139
8880 1086
8885 1011
8890 1014
8895 1010
8900 1042
8905 1088
8910 1013
8915 1012
8920 1019
8925 1019
8930 1092
8935 998
8940 1111
8945 1019
8950 1017
8955 1019
8960 1099
8965 1021
8970 1040
8975 1132
8980 1141
8985 1164
8990 1020
8995 1025
9000 1023
9005 1027
9010 1023
9015 1029
9020 1026
9025 1069
9030 1029
9035 1196
9040 1029
9045 1030
9050 1031
9055 1030
9060 1031
9065 1036
9070 1035
9075 1111
9080 1186
9085 1121
9090 1108
9095 1037
9100 1118
9105 1163
9110 1093
9115 1067
9120 1140
9125 1065
9130 1189
9135 1106
9140 1070
9145 1069
9150 1072
9155 1072
9160 1073
9165 1109
9170 1072
9175 1078
9180 1075
9185 1076
9190 1078
9195 1162
9200 1062
9205 1051
9210 1047
9215 1091
9220 1052
9225 1247
9230 1053
9235 1089
9240 1054
9245 1054
9250 1055
9255 1058
9260 1117
9265 1058
9270 1057
9275 1053
9280 1063
9285 1060
9290 1061
9295 1056
9300 1062
9305 1176
9310 1110
9315 1140
9320 1063
9325 1068
9330 1085
9335 1093
9340 1099
9345 1098
9350 1098
9355 1140
9360 1100
9365 1097
9370 1101
9375 1152
9380 1073
9385 1073
9390 1073
9395 1073
9400 1183
9405 1075
9410 1173
9415 1246
9420 1103
9425 1104
9430 1107
9435 1106
9440 1108
9445 1111
9450 1106
9455 1128
9460 1109
9465 1079
9470 1081
9475 1237
9480 1085
9485 1086
9490 1126
9495 1162
9500 1199
9505 1116
9510 1111
9515 1114
9520 1196
9525 1118
9530 1116
9535 1198
9540 1172
9545 1120
9550 1393
9555 1196
9560 1459
9565 1409
9570 1216
9575 1200
9580 1181
9585 1121
9590 1128
9595 1127
9600 1127
9605 1248
9610 1264
9615 1206
9620 1231
9625 1167
9630 1163
9635 1166
9640 1163
9645 1166
9650 1167
9655 1166
9660 1182
9665 1134
9670 1224
9675 1177
9680 1280
9685 1135
9690 1173
9695 1139
9700 1142
9705 1141
9710 1117
9715 1165
9720 1145
9725 1180
9730 1146
9735 1144
9740 1151
9745 1192
9750 1117
9755 1285
9760 1117
9765 1116
9770 1119
9775 1117
9780 1122
9785 1118
9790 1204
9795 1127
9800 1129
9805 1125
9810 1126
9815 1202
9820 1126
9825 1200
9830 1117
9835 1200
9840 1130
9845 1331
9850 1129
9855 1128
9860 1128
9865 1131
9870 1196
9875 1133
9880 1186
9885 1135
9890 1134
9895 1158
9900 1167
9905 1173
9910 1140
9915 1136
9920 1181
9925 1219
9930 1306
9935 1142
9940 1143
9945 1141
9950 1179
9955 1143
9960 1144
9965 1222
9970 1241
9975 1148
9980 1143
9985 1148
9990 1146
9995 1273
10000 1210
