5 0
10 0
15 0
20 0
25 1
30 1
35 1
40 1
45 2
50 2
55 2
60 2
65 3
70 3
75 4
80 4
85 4
90 4
95 4
100 5
105 5
110 5
115 6
120 6
125 7
130 6
135 7
140 7
145 8
150 8
155 8
160 9
165 9
170 9
175 10
180 10
185 10
190 11
195 11
200 11
205 12
210 12
215 13
220 13
225 13
230 14
235 15
240 14
245 15
250 15
255 16
260 16
265 17
270 17
275 17
280 18
285 19
290 19
295 19
300 20
305 20
310 20
315 21
320 21
325 22
330 22
335 22
340 23
345 23
350 23
355 24
360 25
365 25
370 25
375 25
380 26
385 27
390 27
395 27
400 28
405 28
410 28
415 29
420 29
425 30
430 30
435 30
440 31
445 32
450 31
455 32
460 33
465 33
470 34
475 34
480 34
485 35
490 36
495 36
500 37
505 37
510 37
515 38
520 37
525 38
530 39
535 39
540 40
545 40
550 41
555 41
560 42
565 42
570 42
575 44
580 44
585 44
590 45
595 45
600 45
605 46
610 46
615 47
620 47
625 47
630 49
635 48
640 48
645 50
650 50
655 50
660 50
665 52
670 51
675 51
680 53
685 53
690 54
695 54
700 55
705 55
710 56
715 55
720 56
725 57
730 57
735 58
740 58
745 59
750 59
755 60
760 61
765 60
770 61
775 62
780 62
785 62
790 63
795 64
800 64
805 64
810 64
815 66
820 66
825 66
830 68
835 122
840 124
845 101
850 69
855 69
860 69
865 71
870 71
875 71
880 94
885 90
890 73
895 73
900 74
905 74
910 74
915 75
920 76
925 77
930 77
935 78
940 78
945 79
950 79
955 80
960 80
965 81
970 81
975 82
980 82
985 82
990 83
995 140
1000 115
1005 106
1010 101
1015 86
1020 86
1025 87
1030 109
1035 88
1040 89
1045 89
1050 90
1055 89
1060 91
1065 144
1070 106
1075 105
1080 101
1085 100
1090 101
1095 101
1100 102
1105 103
1110 103
1115 103
1120 103
1125 103
1130 104
1135 104
1140 107
1145 106
1150 106
1155 106
1160 107
1165 107
1170 106
1175 108
1180 109
1185 109
1190 110
1195 110
1200 112
1205 112
1210 112
1215 113
1220 117
1225 112
1230 114
1235 115
1240 116
1245 115
1250 115
1255 118
1260 117
1265 118
1270 118
1275 119
1280 120
1285 121
1290 121
1295 121
1300 123
1305 123
1310 127
1315 123
1320 139
1325 122
1330 122
1335 123
1340 164
1345 146
1350 127
1355 127
1360 127
1365 127
1370 127
1375 128
1380 128
1385 129
1390 130
1395 130
1400 130
1405 131
1410 131
1415 134
1420 134
1425 134
1430 133
1435 134
1440 135
1445 136
1450 136
1455 137
1460 136
1465 137
1470 139
1475 138
1480 139
1485 139
1490 141
1495 141
1500 141
1505 142
1510 143
1515 143
1520 144
1525 144
1530 145
1535 145
1540 146
1545 147
1550 148
1555 146
1560 147
1565 149
1570 148
1575 149
1580 150
1585 150
1590 151
1595 152
1600 153
1605 152
1610 152
1615 153
1620 154
1625 154
1630 156
1635 157
1640 156
1645 157
1650 158
1655 158
1660 199
1665 159
1670 159
1675 182
1680 175
1685 162
1690 161
1695 163
1700 163
1705 164
1710 164
1715 166
1720 166
1725 165
1730 166
1735 192
1740 186
1745 169
1750 171
1755 170
1760 170
1765 171
1770 171
1775 171
1780 173
1785 173
1790 174
1795 174
1800 174
1805 212
1810 177
1815 178
1820 178
1825 199
1830 263
1835 228
1840 182
1845 201
1850 192
1855 296
1860 182
1865 184
1870 183
1875 183
1880 184
1885 184
1890 185
1895 186
1900 187
1905 183
1910 189
1915 188
1920 189
1925 190
1930 189
1935 189
1940 191
1945 236
1950 223
1955 194
1960 193
1965 194
1970 195
1975 194
1980 196
1985 196
1990 197
1995 197
2000 197
2005 197
2010 198
2015 200
2020 199
2025 203
2030 203
2035 274
2040 202
2045 205
2050 203
2055 204
2060 205
2065 206
2070 207
2075 206
2080 206
2085 207
2090 207
2095 208
2100 210
2105 209
2110 210
2115 212
2120 284
2125 229
2130 235
2135 304
2140 238
2145 231
2150 225
2155 223
2160 230
2165 230
2170 263
2175 229
2180 227
2185 228
2190 231
2195 230
2200 230
2205 231
2210 245
2215 261
2220 235
2225 237
2230 233
2235 232
2240 263
2245 264
2250 264
2255 236
2260 239
2265 238
2270 239
2275 236
2280 236
2285 235
2290 238
2295 246
2300 242
2305 239
2310 244
2315 254
2320 249
2325 248
2330 252
2335 277
2340 264
2345 247
2350 248
2355 250
2360 250
2365 265
2370 250
2375 252
2380 251
2385 267
2390 253
2395 252
2400 252
2405 251
2410 256
2415 255
2420 256
2425 257
2430 260
2435 258
2440 260
2445 288
2450 275
2455 259
2460 261
2465 260
2470 260
2475 260
2480 264
2485 265
2490 265
2495 270
2500 272
2505 277
2510 271
2515 280
2520 273
2525 273
2530 270
2535 274
2540 271
2545 273
2550 270
2555 273
2560 301
2565 292
2570 276
2575 284
2580 295
2585 303
2590 278
2595 277
2600 279
2605 276
2610 279
2615 280
2620 275
2625 280
2630 281
2635 287
2640 306
2645 281
2650 283
2655 282
2660 282
2665 283
2670 285
2675 285
2680 287
2685 317
2690 288
2695 287
2700 288
2705 288
2710 290
2715 291
2720 331
2725 293
2730 292
2735 293
2740 305
2745 287
2750 293
2755 293
2760 295
2765 294
2770 297
2775 296
2780 298
2785 297
2790 300
2795 299
2800 328
2805 301
2810 298
2815 301
2820 301
2825 302
2830 304
2835 304
2840 304
2845 306
2850 307
2855 308
2860 311
2865 307
2870 306
2875 321
2880 320
2885 315
2890 310
2895 315
2900 311
2905 313
2910 311
2915 314
2920 315
2925 315
2930 316
2935 315
2940 317
2945 317
2950 318
2955 316
2960 318
2965 318
2970 322
2975 321
2980 321
2985 321
2990 321
2995 322
3000 323
3005 323
3010 325
3015 328
3020 326
3025 325
3030 329
3035 327
3040 330
3045 329
3050 322
3055 332
3060 330
3065 332
3070 332
3075 333
3080 334
3085 335
3090 334
3095 334
3100 335
3105 335
3110 335
3115 337
3120 337
3125 365
3130 348
3135 331
3140 332
3145 332
3150 333
3155 334
3160 334
3165 335
3170 336
3175 336
3180 335
3185 338
3190 414
3195 338
3200 341
3205 339
3210 340
3215 382
3220 394
3225 342
3230 341
3235 378
3240 344
3245 343
3250 344
3255 345
3260 347
3265 346
3270 346
3275 347
3280 348
3285 350
3290 351
3295 348
3300 351
3305 350
3310 343
3315 352
3320 352
3325 354
3330 390
3335 354
3340 355
3345 395
3350 356
3355 356
3360 393
3365 358
3370 360
3375 358
3380 359
3385 363
3390 363
3395 372
3400 353
3405 353
3410 354
3415 356
3420 356
3425 354
3430 358
3435 357
3440 348
3445 359
3450 358
3455 359
3460 358
3465 361
3470 439
3475 362
3480 361
3485 362
3490 364
3495 414
3500 397
3505 364
3510 365
3515 366
3520 368
3525 366
3530 368
3535 369
3540 369
3545 371
3550 370
3555 371
3560 372
3565 372
3570 374
3575 374
3580 374
3585 374
3590 373
3595 375
3600 395
3605 431
3610 378
3615 378
3620 451
3625 378
3630 413
3635 381
3640 380
3645 458
3650 382
3655 382
3660 382
3665 383
3670 384
3675 384
3680 386
3685 386
3690 448
3695 408
3700 395
3705 399
3710 398
3715 400
3720 402
3725 400
3730 436
3735 402
3740 454
3745 394
3750 413
3755 516
3760 482
3765 408
3770 407
3775 409
3780 408
3785 446
3790 444
3795 410
3800 410
3805 437
3810 447
3815 411
3820 413
3825 413
3830 416
3835 413
3840 415
3845 436
3850 418
3855 416
3860 416
3865 418
3870 418
3875 427
3880 410
3885 556
3890 411
3895 412
3900 412
3905 414
3910 415
3915 415
3920 414
3925 415
3930 415
3935 415
3940 416
3945 418
3950 417
3955 418
3960 456
3965 493
3970 552
3975 420
3980 420
3985 509
3990 446
3995 432
4000 435
4005 436
4010 434
4015 434
4020 437
4025 437
4030 440
4035 438
4040 442
4045 439
4050 439
4055 441
4060 481
4065 441
4070 445
4075 466
4080 443
4085 445
4090 450
4095 502
4100 453
4105 435
4110 509
4115 436
4120 427
4125 439
4130 439
4135 439
4140 476
4145 439
4150 430
4155 478
4160 443
4165 442
4170 445
4175 443
4180 514
4185 445
4190 521
4195 450
4200 447
4205 449
4210 539
4215 449
4220 450
4225 451
4230 452
4235 634
4240 450
4245 452
4250 455
4255 453
4260 453
4265 455
4270 455
4275 456
4280 531
4285 477
4290 509
4295 526
4300 471
4305 474
4310 472
4315 473
4320 473
4325 474
4330 476
4335 527
4340 478
4345 477
4350 477
4355 477
4360 478
4365 532
4370 481
4375 482
4380 482
4385 517
4390 488
4395 544
4400 472
4405 472
4410 471
4415 516
4420 512
4425 473
4430 478
4435 474
4440 476
4445 476
4450 476
4455 478
4460 479
4465 479
4470 481
4475 480
4480 479
4485 482
4490 482
4495 483
4500 597
4505 483
4510 484
4515 483
4520 485
4525 552
4530 503
4535 487
4540 488
4545 485
4550 488
4555 488
4560 489
4565 605
4570 569
4575 637
4580 505
4585 505
4590 504
4595 506
4600 541
4605 508
4610 508
4615 532
4620 560
4625 510
4630 510
4635 511
4640 512
4645 547
4650 535
4655 513
4660 515
4665 516
4670 514
4675 517
4680 517
4685 517
4690 516
4695 553
4700 518
4705 572
4710 560
4715 520
4720 575
4725 686
4730 631
4735 651
4740 607
4745 686
4750 539
4755 538
4760 540
4765 539
4770 540
4775 555
4780 543
4785 542
4790 544
4795 567
4800 556
4805 544
4810 547
4815 548
4820 556
4825 548
4830 550
4835 550
4840 551
4845 551
4850 550
4855 552
4860 553
4865 554
4870 554
4875 552
4880 553
4885 555
4890 556
4895 586
4900 556
4905 559
4910 558
4915 566
4920 546
4925 548
4930 590
4935 592
4940 547
4945 547
4950 551
4955 571
4960 553
4965 550
4970 552
4975 628
4980 553
4985 549
4990 553
4995 554
5000 555
5005 556
5010 553
5015 556
5020 559
5025 642
5030 557
5035 561
5040 560
5045 597
5050 560
5055 564
5060 560
5065 563
5070 564
5075 564
5080 566
5085 566
5090 554
5095 550
5100 554
5105 554
5110 553
5115 555
5120 555
5125 554
5130 555
5135 638
5140 599
5145 623
5150 598
5155 592
5160 576
5165 648
5170 575
5175 579
5180 579
5185 618
5190 580
5195 577
5200 581
5205 580
5210 580
5215 583
5220 618
5225 585
5230 584
5235 581
5240 584
5245 591
5250 557
5255 569
5260 557
5265 573
5270 561
5275 574
5280 746
5285 599
5290 592
5295 576
5300 578
5305 650
5310 577
5315 578
5320 599
5325 746
5330 596
5335 594
5340 597
5345 597
5350 599
5355 622
5360 614
5365 623
5370 611
5375 601
5380 601
5385 600
5390 636
5395 602
5400 619
5405 590
5410 591
5415 590
5420 592
5425 592
5430 593
5435 595
5440 593
5445 594
5450 594
5455 631
5460 597
5465 595
5470 617
5475 661
5480 597
5485 602
5490 744
5495 600
5500 664
5505 620
5510 616
5515 662
5520 604
5525 602
5530 603
5535 606
5540 605
5545 679
5550 608
5555 692
5560 626
5565 626
5570 627
5575 625
5580 627
5585 611
5590 626
5595 626
5600 630
5605 630
5610 630
5615 631
5620 631
5625 631
5630 646
5635 677
5640 620
5645 618
5650 741
5655 618
5660 620
5665 622
5670 621
5675 621
5680 624
5685 624
5690 626
5695 624
5700 778
5705 639
5710 646
5715 642
5720 642
5725 646
5730 643
5735 647
5740 646
5745 647
5750 649
5755 736
5760 646
5765 648
5770 650
5775 650
5780 649
5785 635
5790 753
5795 695
5800 636
5805 805
5810 638
5815 637
5820 639
5825 638
5830 638
5835 641
5840 642
5845 644
5850 644
5855 642
5860 646
5865 720
5870 629
5875 644
5880 647
5885 711
5890 656
5895 650
5900 650
5905 650
5910 776
5915 841
5920 676
5925 669
5930 671
5935 672
5940 710
5945 672
5950 674
5955 787
5960 673
5965 675
5970 671
5975 675
5980 676
5985 678
5990 747
5995 680
6000 678
6005 689
6010 682
6015 727
6020 663
6025 667
6030 663
6035 665
6040 667
6045 669
6050 666
6055 667
6060 668
6065 667
6070 670
6075 671
6080 672
6085 696
6090 716
6095 694
6100 717
6105 701
6110 676
6115 677
6120 674
6125 676
6130 677
6135 729
6140 722
6145 737
6150 709
6155 681
6160 759
6165 682
6170 683
6175 681
6180 719
6185 683
6190 675
6195 685
6200 689
6205 727
6210 727
6215 704
6220 744
6225 690
6230 801
6235 688
6240 688
6245 765
6250 709
6255 709
6260 780
6265 710
6270 712
6275 711
6280 715
6285 716
6290 716
6295 716
6300 787
6305 718
6310 717
6315 720
6320 718
6325 721
6330 702
6335 740
6340 700
6345 706
6350 704
6355 703
6360 736
6365 704
6370 747
6375 707
6380 707
6385 853
6390 707
6395 709
6400 708
6405 710
6410 712
6415 711
6420 711
6425 711
6430 714
6435 713
6440 828
6445 718
6450 776
6455 857
6460 787
6465 738
6470 736
6475 740
6480 736
6485 738
6490 720
6495 741
6500 742
6505 742
6510 840
6515 747
6520 866
6525 743
6530 747
6535 786
6540 746
6545 748
6550 748
6555 748
6560 786
6565 748
6570 752
6575 812
6580 749
6585 792
6590 838
6595 754
6600 754
6605 754
6610 756
6615 757
6620 757
6625 776
6630 796
6635 755
6640 803
6645 760
6650 821
6655 818
6660 761
6665 763
6670 742
6675 763
6680 764
6685 761
6690 766
6695 767
6700 763
6705 821
6710 747
6715 747
6720 750
6725 748
6730 750
6735 747
6740 752
6745 752
6750 807
6755 752
6760 751
6765 753
6770 828
6775 796
6780 827
6785 880
6790 758
6795 758
6800 756
6805 758
6810 758
6815 759
6820 758
6825 761
6830 760
6835 858
6840 759
6845 764
6850 764
6855 836
6860 763
6865 765
6870 764
6875 767
6880 842
6885 844
6890 790
6895 788
6900 872
6905 787
6910 859
6915 824
6920 789
6925 792
6930 796
6935 797
6940 794
6945 802
6950 775
6955 777
6960 813
6965 813
6970 779
6975 779
6980 778
6985 778
6990 778
6995 780
7000 783
7005 780
7010 866
7015 781
7020 823
7025 875
7030 859
7035 784
7040 997
7045 954
7050 788
7055 788
7060 806
7065 811
7070 848
7075 812
7080 845
7085 853
7090 889
7095 815
7100 816
7105 816
7110 817
7115 815
7120 818
7125 821
7130 821
7135 818
7140 822
7145 856
7150 823
7155 822
7160 870
7165 822
7170 803
7175 872
7180 804
7185 807
7190 802
7195 806
7200 887
7205 806
7210 868
7215 805
7220 807
7225 810
7230 809
7235 810
7240 811
7245 805
7250 954
7255 1036
7260 852
7265 834
7270 848
7275 812
7280 960
7285 816
7290 832
7295 837
7300 839
7305 846
7310 843
7315 843
7320 842
7325 960
7330 843
7335 845
7340 846
7345 846
7350 849
7355 850
7360 848
7365 850
7370 845
7375 850
7380 850
7385 890
7390 832
7395 890
7400 944
7405 832
7410 831
7415 827
7420 890
7425 834
7430 833
7435 915
7440 834
7445 955
7450 835
7455 896
7460 834
7465 837
7470 836
7475 920
7480 841
7485 842
7490 840
7495 842
7500 840
7505 883
7510 843
7515 967
7520 843
7525 881
7530 846
7535 927
7540 850
7545 846
7550 848
7555 846
7560 933
7565 850
7570 853
7575 849
7580 850
7585 852
7590 852
7595 851
7600 922
7605 853
7610 854
7615 859
7620 927
7625 877
7630 1020
7635 861
7640 859
7645 859
7650 863
7655 862
7660 863
7665 863
7670 863
7675 864
7680 928
7685 962
7690 868
7695 866
7700 866
7705 866
7710 1013
7715 868
7720 866
7725 870
7730 943
7735 969
7740 875
7745 1050
7750 873
7755 941
7760 872
7765 872
7770 874
7775 875
7780 905
7785 899
7790 934
7795 903
7800 904
7805 904
7810 905
7815 903
7820 905
7825 905
7830 912
7835 881
7840 880
7845 956
7850 969
7855 1081
7860 886
7865 887
7870 885
7875 887
7880 888
7885 1048
7890 1022
7895 891
7900 1003
7905 891
7910 892
7915 894
7920 894
7925 953
7930 889
7935 929
7940 914
7945 920
7950 921
7955 989
7960 1044
7965 1023
7970 1081
7975 966
7980 1074
7985 1381
7990 1233
7995 1123
8000 1077
8005 928
8010 1024
8015 928
8020 927
8025 968
8030 953
8035 957
8040 956
8045 959
8050 959
8055 961
8060 1037
8065 959
8070 963
8075 934
8080 1007
8085 1035
8090 933
8095 972
8100 935
8105 954
8110 941
8115 937
8120 938
8125 941
8130 942
8135 942
8140 941
8145 941
8150 942
8155 982
8160 948
8165 1030
8170 981
8175 922
8180 923
8185 923
8190 925
8195 924
8200 925
8205 1035
8210 971
8215 925
8220 1002
8225 927
8230 930
8235 928
8240 930
8245 931
8250 929
8255 932
8260 981
8265 1068
8270 937
8275 1093
8280 938
8285 939
8290 935
8295 991
8300 940
8305 939
8310 938
8315 1013
8320 943
8325 941
8330 917
8335 941
8340 944
8345 1072
8350 1047
8355 973
8360 946
8365 1005
8370 947
8375 1067
8380 949
8385 947
8390 944
8395 953
8400 949
8405 951
8410 951
8415 952
8420 1041
8425 951
8430 954
8435 954
8440 932
8445 955
8450 1025
8455 959
8460 1027
8465 1032
8470 1043
8475 959
8480 1119
8485 1061
8490 962
8495 962
8500 965
8505 964
8510 965
8515 997
8520 1032
8525 990
8530 974
8535 989
8540 994
8545 996
8550 994
8555 995
8560 1001
8565 975
8570 972
8575 1031
8580 972
8585 1020
8590 973
8595 976
8600 977
8605 975
8610 974
8615 977
8620 976
8625 1107
8630 982
8635 982
8640 981
8645 978
8650 980
8655 982
8660 982
8665 981
8670 1053
8675 1058
8680 986
8685 1081
8690 1082
8695 1061
8700 1045
8705 1026
8710 1016
8715 1015
8720 1017
8725 1058
8730 1018
8735 1019
8740 1018
8745 1017
8750 1021
8755 1226
8760 995
8765 994
8770 1148
8775 996
8780 1150
8785 996
8790 998
8795 1027
8800 1029
8805 1033
8810 1027
8815 1139
8820 1071
8825 1029
8830 1029
8835 1032
8840 1034
8845 1074
8850 1026
8855 1081
8860 1006
8865 1009
8870 1132
8875 1082
8880 1174
8885 1079
8890 1038
8895 1038
8900 1039
8905 1036
8910 1041
8915 1078
8920 1045
8925 1073
8930 1116
8935 1046
8940 1045
8945 1047
8950 1049
8955 1047
8960 1045
8965 1104
8970 1049
8975 1215
8980 1319
8985 1077
8990 1081
8995 1078
9000 1077
9005 1085
9010 1083
9015 1085
9020 1066
9025 1085
9030 1087
9035 1086
9040 1087
9045 1086
9050 1088
9055 1088
9060 1090
9065 1236
9070 1194
9075 1063
9080 1064
9085 1062
9090 1067
9095 1062
9100 1068
9105 1070
9110 1049
9115 1063
9120 1069
9125 1067
9130 1066
9135 1115
9140 1068
9145 1068
9150 1209
9155 1080
9160 1219
9165 1045
9170 1044
9175 1045
9180 1045
9185 1131
9190 1063
9195 1169
9200 1078
9205 1121
9210 1117
9215 1082
9220 1081
9225 1120
9230 1079
9235 1085
9240 1119
9245 1081
9250 1191
9255 1100
9260 1121
9265 1087
9270 1087
9275 1085
9280 1088
9285 1086
9290 1086
9295 1091
9300 1090
9305 1114
9310 1092
9315 1092
9320 1102
9325 1062
9330 1066
9335 1183
9340 1181
9345 1101
9350 1066
9355 1126
9360 1071
9365 1135
9370 1098
9375 1102
9380 1136
9385 1100
9390 1104
9395 1101
9400 1103
9405 1111
9410 1076
9415 1078
9420 1112
9425 1200
9430 1084
9435 1198
9440 1081
9445 1080
9450 1078
9455 1082
9460 1078
9465 1078
9470 1192
9475 1085
9480 1083
9485 1085
9490 1087
9495 1081
9500 1087
9505 1274
9510 1090
9515 1203
9520 1088
9525 1276
9530 1092
9535 1107
9540 1128
9545 1162
9550 1123
9555 1123
9560 1166
9565 1126
9570 1120
9575 1176
9580 1127
9585 1120
9590 1129
9595 1129
9600 1128
9605 1158
9610 1129
9615 1212
9620 1119
9625 1104
9630 1106
9635 1106
9640 1148
9645 1179
9650 1184
9655 1224
9660 1107
9665 1107
9670 1109
9675 1111
9680 1110
9685 1109
9690 1184
9695 1186
9700 1111
9705 1231
9710 1114
9715 1114
9720 1114
9725 1114
9730 1113
9735 1114
9740 1190
9745 1109
9750 1115
9755 1162
9760 1119
9765 1119
9770 1118
9775 1207
9780 1123
9785 1183
9790 1206
9795 1252
9800 1123
9805 1122
9810 1250
9815 1122
9820 1127
9825 1233
9830 1157
9835 1158
9840 1152
9845 1160
9850 1158
9855 1211
9860 1157
9865 1168
9870 1195
9875 1111
9880 1285
9885 1211
9890 1138
9895 1136
9900 1132
9905 1137
9910 1196
9915 1217
9920 1213
9925 1141
9930 1140
9935 1138
9940 1139
9945 1143
9950 1144
9955 1165
9960 1125
9965 1271
9970 1144
9975 1148
9980 1146
9985 1145
9990 1324
9995 1201
10000 1187
