5 0
10 0
15 0
20 0
25 1
30 1
35 1
40 1
45 2
50 2
55 2
60 3
65 3
70 3
75 3
80 4
85 4
90 5
95 5
100 5
105 5
110 6
115 6
120 7
125 7
130 7
135 7
140 8
145 8
150 9
155 9
160 10
165 10
170 10
175 10
180 11
185 11
190 11
195 12
200 13
205 13
210 13
215 13
220 14
225 14
230 14
235 15
240 16
245 16
250 17
255 17
260 17
265 18
270 18
275 19
280 19
285 19
290 19
295 20
300 20
305 21
310 22
315 21
320 22
325 23
330 23
335 24
340 24
345 25
350 25
355 25
360 26
365 27
370 27
375 27
380 27
385 28
390 29
395 29
400 29
405 29
410 30
415 31
420 31
425 31
430 32
435 32
440 33
445 33
450 34
455 34
460 35
465 36
470 36
475 37
480 37
485 37
490 37
495 38
500 38
505 39
510 40
515 40
520 40
525 40
530 42
535 42
540 43
545 43
550 43
555 44
560 44
565 45
570 44
575 46
580 46
585 46
590 47
595 47
600 48
605 48
610 49
615 52
620 58
625 57
630 54
635 51
640 53
645 53
650 53
655 54
660 54
665 55
670 55
675 55
680 56
685 56
690 57
695 57
700 57
705 58
710 58
715 59
720 58
725 60
730 60
735 62
740 63
745 62
750 63
755 63
760 64
765 63
770 65
775 65
780 66
785 67
790 66
795 67
800 68
805 68
810 69
815 69
820 70
825 70
830 71
835 72
840 72
845 73
850 73
855 73
860 74
865 74
870 74
875 75
880 76
885 77
890 77
895 77
900 78
905 79
910 79
915 80
920 81
925 80
930 82
935 81
940 83
945 83
950 85
955 84
960 84
965 86
970 85
975 86
980 88
985 87
990 86
995 88
1000 89
1005 90
1010 139
1015 99
1020 95
1025 94
1030 95
1035 96
1040 96
1045 96
1050 96
1055 99
1060 97
1065 97
1070 98
1075 99
1080 98
1085 100
1090 100
1095 100
1100 103
1105 104
1110 103
1115 103
1120 103
1125 104
1130 104
1135 105
1140 104
1145 106
1150 105
1155 109
1160 107
1165 108
1170 108
1175 109
1180 108
1185 110
1190 109
1195 111
1200 110
1205 111
1210 111
1215 113
1220 113
1225 114
1230 115
1235 116
1240 115
1245 117
1250 116
1255 118
1260 118
1265 117
1270 120
1275 120
1280 121
1285 121
1290 132
1295 119
1300 118
1305 120
1310 120
1315 122
1320 122
1325 122
1330 123
1335 123
1340 123
1345 125
1350 125
1355 126
1360 126
1365 126
1370 127
1375 127
1380 129
1385 129
1390 129
1395 130
1400 130
1405 134
1410 131
1415 132
1420 132
1425 154
1430 136
1435 151
1440 135
1445 172
1450 137
1455 136
1460 138
1465 138
1470 138
1475 139
1480 140
1485 140
1490 141
1495 142
1500 142
1505 142
1510 142
1515 144
1520 144
1525 144
1530 146
1535 146
1540 146
1545 147
1550 148
1555 148
1560 147
1565 149
1570 149
1575 150
1580 150
1585 152
1590 150
1595 153
1600 152
1605 154
1610 154
1615 154
1620 154
1625 155
1630 156
1635 156
1640 180
1645 174
1650 159
1655 159
1660 159
1665 160
1670 160
1675 163
1680 163
1685 158
1690 163
1695 164
1700 163
1705 164
1710 168
1715 162
1720 166
1725 164
1730 169
1735 168
1740 280
1745 223
1750 172
1755 173
1760 195
1765 191
1770 173
1775 173
1780 172
1785 173
1790 175
1795 244
1800 229
1805 177
1810 177
1815 177
1820 178
1825 180
1830 180
1835 180
1840 181
1845 182
1850 182
1855 219
1860 218
1865 183
1870 184
1875 185
1880 184
1885 185
1890 186
1895 187
1900 188
1905 188
1910 188
1915 188
1920 189
1925 190
1930 189
1935 192
1940 192
1945 195
1950 252
1955 194
1960 194
1965 194
1970 195
1975 198
1980 198
1985 197
1990 197
1995 232
2000 199
2005 200
2010 199
2015 200
2020 200
2025 202
2030 206
2035 224
2040 279
2045 222
2050 492
2055 233
2060 270
2065 218
2070 217
2075 219
2080 250
2085 219
2090 217
2095 217
2100 220
2105 220
2110 219
2115 219
2120 221
2125 223
2130 224
2135 225
2140 224
2145 223
2150 287
2155 522
2160 524
2165 523
2170 521
2175 527
2180 526
2185 523
2190 566
2195 331
2200 327
2205 328
2210 328
2215 329
2220 331
2225 349
2230 516
2235 521
2240 542
2245 513
2250 509
2255 488
2260 435
2265 435
2270 437
2275 439
2280 440
2285 550
2290 441
2295 437
2300 456
2305 445
2310 449
2315 448
2320 450
2325 348
2330 350
2335 349
2340 369
2345 405
2350 406
2355 392
2360 386
2365 353
2370 354
2375 357
2380 355
2385 355
2390 362
2395 361
2400 363
2405 387
2410 368
2415 366
2420 372
2425 311
2430 328
2435 335
2440 309
2445 310
2450 352
2455 327
2460 351
2465 355
2470 359
2475 336
2480 316
2485 324
2490 315
2495 315
2500 314
2505 316
2510 317
2515 319
2520 320
2525 317
2530 316
2535 323
2540 320
2545 319
2550 324
2555 322
2560 322
2565 313
2570 311
2575 284
2580 290
2585 291
2590 290
2595 291
2600 293
2605 293
2610 291
2615 296
2620 293
2625 295
2630 296
2635 296
2640 296
2645 295
2650 296
2655 298
2660 298
2665 299
2670 301
2675 300
2680 301
2685 302
2690 305
2695 331
2700 303
2705 304
2710 307
2715 307
2720 316
2725 308
2730 309
2735 311
2740 309
2745 310
2750 315
2755 310
2760 312
2765 312
2770 312
2775 313
2780 313
2785 327
2790 299
2795 297
2800 300
2805 299
2810 300
2815 300
2820 301
2825 301
2830 304
2835 305
2840 303
2845 304
2850 304
2855 306
2860 306
2865 306
2870 309
2875 309
2880 309
2885 313
2890 321
2895 303
2900 303
2905 305
2910 304
2915 305
2920 306
2925 306
2930 307
2935 307
2940 308
2945 308
2950 310
2955 310
2960 311
2965 310
2970 340
2975 332
2980 312
2985 313
2990 313
2995 314
3000 315
3005 315
3010 315
3015 318
3020 315
3025 318
3030 319
3035 320
3040 365
3045 320
3050 322
3055 323
3060 324
3065 322
3070 419
3075 326
3080 325
3085 326
3090 326
3095 326
3100 328
3105 327
3110 361
3115 329
3120 329
3125 330
3130 330
3135 331
3140 332
3145 337
3150 332
3155 334
3160 334
3165 333
3170 337
3175 336
3180 346
3185 328
3190 419
3195 329
3200 330
3205 330
3210 392
3215 333
3220 333
3225 377
3230 362
3235 343
3240 345
3245 346
3250 343
3255 346
3260 346
3265 347
3270 347
3275 347
3280 349
3285 360
3290 342
3295 340
3300 343
3305 343
3310 344
3315 346
3320 344
3325 345
3330 405
3335 346
3340 346
3345 497
3350 349
3355 368
3360 388
3365 351
3370 350
3375 351
3380 352
3385 353
3390 353
3395 355
3400 354
3405 354
3410 355
3415 354
3420 355
3425 356
3430 357
3435 396
3440 360
3445 358
3450 361
3455 360
3460 361
3465 362
3470 452
3475 363
3480 362
3485 365
3490 366
3495 365
3500 365
3505 366
3510 366
3515 369
3520 367
3525 370
3530 370
3535 370
3540 372
3545 372
3550 364
3555 374
3560 370
3565 373
3570 366
3575 374
3580 376
3585 376
3590 377
3595 376
3600 378
3605 460
3610 379
3615 380
3620 371
3625 381
3630 470
3635 383
3640 381
3645 382
3650 458
3655 450
3660 395
3665 396
3670 395
3675 395
3680 397
3685 399
3690 399
3695 400
3700 408
3705 390
3710 390
3715 389
3720 516
3725 444
3730 411
3735 395
3740 395
3745 468
3750 394
3755 397
3760 396
3765 398
3770 398
3775 398
3780 399
3785 457
3790 401
3795 400
3800 400
3805 422
3810 415
3815 412
3820 415
3825 413
3830 415
3835 417
3840 418
3845 417
3850 460
3855 418
3860 418
3865 419
3870 410
3875 524
3880 412
3885 423
3890 424
3895 423
3900 424
3905 424
3910 425
3915 430
3920 415
3925 416
3930 415
3935 414
3940 418
3945 418
3950 418
3955 419
3960 467
3965 491
3970 419
3975 423
3980 422
3985 609
3990 423
3995 424
4000 497
4005 425
4010 424
4015 427
4020 515
4025 439
4030 440
4035 475
4040 440
4045 440
4050 440
4055 440
4060 445
4065 442
4070 443
4075 444
4080 484
4085 447
4090 446
4095 448
4100 572
4105 450
4110 449
4115 450
4120 450
4125 450
4130 451
4135 452
4140 453
4145 453
4150 452
4155 454
4160 456
4165 456
4170 456
4175 460
4180 456
4185 456
4190 483
4195 459
4200 460
4205 459
4210 460
4215 464
4220 463
4225 460
4230 464
4235 451
4240 453
4245 451
4250 452
4255 455
4260 454
4265 452
4270 515
4275 468
4280 458
4285 459
4290 459
4295 526
4300 470
4305 471
4310 472
4315 498
4320 505
4325 461
4330 463
4335 464
4340 464
4345 462
4350 465
4355 548
4360 466
4365 465
4370 467
4375 468
4380 467
4385 470
4390 470
4395 470
4400 533
4405 473
4410 471
4415 513
4420 473
4425 473
4430 476
4435 475
4440 475
4445 475
4450 476
4455 477
4460 479
4465 478
4470 479
4475 479
4480 480
4485 481
4490 483
4495 483
4500 518
4505 543
4510 512
4515 515
4520 517
4525 529
4530 503
4535 531
4540 516
4545 500
4550 503
4555 501
4560 503
4565 508
4570 509
4575 562
4580 541
4585 494
4590 495
4595 494
4600 492
4605 641
4610 587
4615 521
4620 509
4625 509
4630 549
4635 513
4640 512
4645 513
4650 515
4655 516
4660 518
4665 516
4670 515
4675 518
4680 519
4685 517
4690 516
4695 552
4700 563
4705 520
4710 519
4715 521
4720 569
4725 523
4730 524
4735 522
4740 523
4745 525
4750 525
4755 526
4760 527
4765 574
4770 525
4775 529
4780 528
4785 529
4790 521
4795 579
4800 531
4805 535
4810 533
4815 535
4820 533
4825 535
4830 537
4835 534
4840 538
4845 539
4850 538
4855 539
4860 539
4865 539
4870 539
4875 539
4880 549
4885 603
4890 530
4895 529
4900 532
4905 618
4910 546
4915 545
4920 546
4925 550
4930 535
4935 534
4940 535
4945 535
4950 593
4955 551
4960 553
4965 580
4970 560
4975 538
4980 599
4985 539
4990 541
4995 579
5000 629
5005 613
5010 579
5015 542
5020 542
5025 542
5030 545
5035 544
5040 546
5045 547
5050 547
5055 568
5060 565
5065 577
5070 593
5075 551
5080 553
5085 623
5090 553
5095 589
5100 555
5105 553
5110 555
5115 555
5120 555
5125 557
5130 555
5135 557
5140 558
5145 560
5150 559
5155 588
5160 666
5165 639
5170 561
5175 649
5180 635
5185 580
5190 652
5195 703
5200 676
5205 688
5210 652
5215 618
5220 587
5225 582
5230 617
5235 705
5240 589
5245 687
5250 661
5255 572
5260 629
5265 590
5270 588
5275 589
5280 587
5285 612
5290 609
5295 607
5300 609
5305 613
5310 624
5315 676
5320 615
5325 643
5330 612
5335 611
5340 636
5345 614
5350 617
5355 614
5360 625
5365 601
5370 596
5375 602
5380 603
5385 603
5390 605
5395 678
5400 607
5405 607
5410 608
5415 675
5420 607
5425 609
5430 608
5435 610
5440 610
5445 645
5450 706
5455 610
5460 612
5465 613
5470 645
5475 692
5480 614
5485 613
5490 613
5495 667
5500 616
5505 604
5510 620
5515 615
5520 620
5525 618
5530 619
5535 621
5540 620
5545 621
5550 625
5555 622
5560 664
5565 627
5570 644
5575 650
5580 625
5585 628
5590 653
5595 612
5600 611
5605 614
5610 613
5615 615
5620 618
5625 693
5630 617
5635 695
5640 619
5645 616
5650 619
5655 617
5660 619
5665 621
5670 622
5675 620
5680 621
5685 621
5690 697
5695 625
5700 662
5705 627
5710 625
5715 703
5720 627
5725 626
5730 712
5735 648
5740 629
5745 631
5750 630
5755 630
5760 632
5765 633
5770 692
5775 652
5780 734
5785 660
5790 671
5795 695
5800 636
5805 629
5810 637
5815 639
5820 639
5825 640
5830 641
5835 717
5840 659
5845 675
5850 642
5855 674
5860 640
5865 644
5870 740
5875 644
5880 645
5885 771
5890 646
5895 725
5900 726
5905 688
5910 687
5915 693
5920 650
5925 652
5930 649
5935 651
5940 653
5945 713
5950 682
5955 671
5960 673
5965 700
5970 674
5975 677
5980 674
5985 677
5990 677
5995 717
6000 680
6005 677
6010 676
6015 679
6020 717
6025 664
6030 664
6035 751
6040 664
6045 666
6050 669
6055 666
6060 669
6065 668
6070 671
6075 669
6080 668
6085 670
6090 765
6095 707
6100 672
6105 750
6110 695
6115 687
6120 694
6125 677
6130 675
6135 678
6140 681
6145 678
6150 661
6155 790
6160 699
6165 738
6170 701
6175 699
6180 779
6185 701
6190 700
6195 700
6200 703
6205 684
6210 702
6215 700
6220 702
6225 691
6230 688
6235 776
6240 689
6245 691
6250 692
6255 689
6260 756
6265 710
6270 711
6275 722
6280 696
6285 696
6290 697
6295 695
6300 759
6305 715
6310 735
6315 701
6320 865
6325 700
6330 700
6335 700
6340 701
6345 700
6350 844
6355 719
6360 804
6365 724
6370 724
6375 766
6380 726
6385 719
6390 725
6395 725
6400 727
6405 729
6410 762
6415 757
6420 727
6425 731
6430 741
6435 717
6440 715
6445 825
6450 714
6455 714
6460 827
6465 719
6470 871
6475 718
6480 716
6485 748
6490 738
6495 740
6500 741
6505 743
6510 787
6515 740
6520 738
6525 744
6530 742
6535 745
6540 745
6545 750
6550 728
6555 728
6560 727
6565 730
6570 769
6575 857
6580 828
6585 731
6590 772
6595 773
6600 733
6605 734
6610 766
6615 751
6620 753
6625 758
6630 755
6635 757
6640 758
6645 885
6650 761
6655 760
6660 758
6665 761
6670 800
6675 742
6680 739
6685 744
6690 743
6695 742
6700 820
6705 744
6710 846
6715 744
6720 746
6725 836
6730 825
6735 749
6740 750
6745 749
6750 751
6755 752
6760 750
6765 753
6770 753
6775 775
6780 776
6785 752
6790 752
6795 756
6800 1018
6805 758
6810 760
6815 755
6820 761
6825 760
6830 761
6835 970
6840 998
6845 806
6850 802
6855 806
6860 802
6865 806
6870 807
6875 883
6880 878
6885 821
6890 801
6895 814
6900 850
6905 810
6910 856
6915 795
6920 818
6925 795
6930 790
6935 796
6940 813
6945 793
6950 868
6955 795
6960 797
6965 828
6970 777
6975 845
6980 777
6985 781
6990 779
6995 779
7000 779
7005 783
7010 818
7015 929
7020 784
7025 952
7030 806
7035 847
7040 803
7045 805
7050 808
7055 807
7060 810
7065 809
7070 923
7075 811
7080 809
7085 969
7090 790
7095 793
7100 933
7105 791
7110 794
7115 797
7120 794
7125 794
7130 797
7135 874
7140 822
7145 819
7150 869
7155 877
7160 820
7165 823
7170 820
7175 825
7180 824
7185 825
7190 825
7195 885
7200 805
7205 807
7210 886
7215 844
7220 936
7225 805
7230 806
7235 809
7240 812
7245 811
7250 788
7255 858
7260 812
7265 812
7270 893
7275 815
7280 854
7285 815
7290 815
7295 817
7300 818
7305 820
7310 892
7315 816
7320 821
7325 818
7330 895
7335 823
7340 908
7345 885
7350 820
7355 826
7360 821
7365 822
7370 823
7375 824
7380 828
7385 827
7390 907
7395 827
7400 828
7405 826
7410 828
7415 827
7420 830
7425 829
7430 830
7435 834
7440 869
7445 833
7450 991
7455 951
7460 945
7465 895
7470 837
7475 839
7480 867
7485 863
7490 863
7495 862
7500 995
7505 874
7510 866
7515 868
7520 867
7525 863
7530 867
7535 862
7540 846
7545 846
7550 866
7555 947
7560 854
7565 916
7570 846
7575 953
7580 851
7585 945
7590 875
7595 875
7600 911
7605 878
7610 875
7615 874
7620 963
7625 878
7630 883
7635 880
7640 879
7645 857
7650 861
7655 863
7660 865
7665 959
7670 895
7675 863
7680 936
7685 864
7690 1031
7695 900
7700 887
7705 889
7710 887
7715 889
7720 893
7725 890
7730 927
7735 932
7740 892
7745 904
7750 873
7755 872
7760 1035
7765 916
7770 875
7775 873
7780 969
7785 875
7790 953
7795 881
7800 950
7805 900
7810 901
7815 918
7820 901
7825 903
7830 904
7835 905
7840 903
7845 906
7850 987
7855 909
7860 908
7865 910
7870 911
7875 911
7880 907
7885 908
7890 888
7895 913
7900 914
7905 889
7910 890
7915 1002
7920 892
7925 891
7930 893
7935 892
7940 895
7945 894
7950 893
7955 916
7960 935
7965 886
7970 899
7975 901
7980 894
7985 899
7990 971
7995 902
8000 902
8005 903
8010 903
8015 974
8020 902
8025 1068
8030 979
8035 906
8040 907
8045 906
8050 907
8055 908
8060 908
8065 1071
8070 908
8075 912
8080 909
8085 908
8090 908
8095 950
8100 989
8105 983
8110 914
8115 913
8120 994
8125 917
8130 1006
8135 947
8140 913
8145 917
8150 919
8155 920
8160 950
8165 997
8170 922
8175 997
8180 919
8185 1005
8190 925
8195 922
8200 926
8205 924
8210 956
8215 948
8220 952
8225 955
8230 1043
8235 1096
8240 1151
8245 1041
8250 1137
8255 1245
8260 1045
8265 1012
8270 958
8275 1044
8280 1021
8285 958
8290 960
8295 960
8300 962
8305 994
8310 963
8315 1094
8320 966
8325 1122
8330 965
8335 1114
8340 1002
8345 1012
8350 991
8355 997
8360 993
8365 994
8370 998
8375 1001
8380 1021
8385 998
8390 1000
8395 989
8400 1089
8405 972
8410 976
8415 972
8420 1031
8425 1022
8430 979
8435 1154
8440 981
8445 979
8450 980
8455 983
8460 1053
8465 980
8470 982
8475 1024
8480 1021
8485 983
8490 995
8495 1015
8500 961
8505 962
8510 966
8515 1061
8520 966
8525 1038
8530 962
8535 1050
8540 1341
8545 1109
8550 1034
8555 1291
8560 1266
8565 969
8570 1052
8575 1046
8580 1011
8585 995
8590 998
8595 999
8600 996
8605 985
8610 1000
8615 996
8620 1005
8625 1001
8630 1114
8635 1003
8640 1003
8645 1004
8650 1005
8655 1006
8660 1008
8665 1061
8670 1053
8675 1006
8680 1009
8685 1009
8690 1010
8695 1013
8700 1012
8705 1035
8710 1013
8715 1016
8720 1077
8725 976
8730 1111
8735 988
8740 990
8745 990
8750 991
8755 1116
8760 993
8765 1024
8770 1058
8775 1020
8780 1021
8785 1099
8790 1025
8795 1043
8800 1025
8805 1025
8810 1027
8815 1100
8820 1078
8825 999
8830 1142
8835 1034
8840 1001
8845 1019
8850 1003
8855 1019
8860 1034
8865 1104
8870 1031
8875 1036
8880 1030
8885 1105
8890 1060
8895 1037
8900 1037
8905 1010
8910 1037
8915 1066
8920 1039
8925 1116
8930 1041
8935 1065
8940 1045
8945 1048
8950 1014
8955 1014
8960 1016
8965 1076
8970 1016
8975 1060
8980 1018
8985 1023
8990 1116
8995 1041
9000 1019
9005 1024
9010 1045
9015 1105
9020 1082
9025 1030
9030 1105
9035 1120
9040 1060
9045 1055
9050 1058
9055 1122
9060 1098
9065 1055
9070 1034
9075 1063
9080 1064
9085 1033
9090 1035
9095 1035
9100 1184
9105 1112
9110 1039
9115 1165
9120 1036
9125 1038
9130 1042
9135 1043
9140 1042
9145 1042
9150 1042
9155 1111
9160 1181
9165 1042
9170 1046
9175 1046
9180 1044
9185 1044
9190 1049
9195 1122
9200 1123
9205 1048
9210 1176
9215 1051
9220 1051
9225 1054
9230 1052
9235 1052
9240 1054
9245 1093
9250 1129
9255 1130
9260 1053
9265 1056
9270 1055
9275 1061
9280 1061
9285 1060
9290 1057
9295 1134
9300 1157
9305 1184
9310 1062
9315 1062
9320 1067
9325 1064
9330 1123
9335 1064
9340 1085
9345 1285
9350 1095
9355 1096
9360 1096
9365 1098
9370 1223
9375 1230
9380 1130
9385 1129
9390 1135
9395 1152
9400 1132
9405 1134
9410 1134
9415 1130
9420 1132
9425 1131
9430 1178
9435 1110
9440 1105
9445 1107
9450 1104
9455 1081
9460 1109
9465 1145
9470 1143
9475 1157
9480 1172
9485 1201
9490 1086
9495 1084
9500 1084
9505 1087
9510 1088
9515 1087
9520 1162
9525 1119
9530 1089
9535 1090
9540 1090
9545 1092
9550 1149
9555 1092
9560 1094
9565 1160
9570 1235
9575 1172
9580 1094
9585 1099
9590 1097
9595 1101
9600 1137
9605 1126
9610 1150
9615 1107
9620 1131
9625 1131
9630 1131
9635 1209
9640 1131
9645 1102
9650 1143
9655 1259
9660 1139
9665 1228
9670 1109
9675 1239
9680 1205
9685 1136
9690 1137
9695 1140
9700 1199
9705 1141
9710 1141
9715 1140
9720 1150
9725 1114
9730 1113
9735 1115
9740 1223
9745 1261
9750 1164
9755 1151
9760 1118
9765 1133
9770 1148
9775 1148
9780 1145
9785 1137
9790 1170
9795 1163
9800 1150
9805 1152
9810 1154
9815 1225
9820 1153
9825 1154
9830 1191
9835 1157
9840 1248
9845 1159
9850 1160
9855 1161
9860 1206
9865 1167
9870 1164
9875 1203
9880 1319
9885 1184
9890 1166
9895 1164
9900 1163
9905 1171
9910 1167
9915 1207
9920 1169
9925 1236
9930 1140
9935 1140
9940 1139
9945 1210
9950 1183
9955 1141
9960 1201
9965 1144
9970 1146
9975 1146
9980 1223
9985 1316
9990 1291
9995 1273
10000 1491
