5 0
10 0
15 0
20 0
25 1
30 1
35 1
40 1
45 2
50 2
55 2
60 3
65 3
70 3
75 3
80 3
85 4
90 4
95 5
100 5
105 5
110 5
115 6
120 6
125 6
130 7
135 7
140 7
145 7
150 8
155 8
160 8
165 9
170 9
175 10
180 10
185 10
190 11
195 11
200 12
205 12
210 12
215 12
220 13
225 13
230 14
235 14
240 15
245 15
250 15
255 16
260 16
265 17
270 17
275 18
280 19
285 19
290 18
295 19
300 20
305 20
310 21
315 21
320 21
325 21
330 22
335 22
340 23
345 23
350 24
355 24
360 24
365 24
370 25
375 25
380 26
385 27
390 27
395 27
400 27
405 28
410 29
415 29
420 30
425 30
430 31
435 31
440 31
445 32
450 32
455 33
460 34
465 33
470 34
475 34
480 35
485 35
490 36
495 36
500 36
505 37
510 38
515 38
520 39
525 39
530 39
535 40
540 40
545 41
550 40
555 42
560 42
565 43
570 43
575 43
580 44
585 44
590 45
595 44
600 46
605 46
610 46
615 47
620 48
625 48
630 48
635 49
640 49
645 50
650 50
655 51
660 52
665 51
670 52
675 53
680 53
685 54
690 54
695 54
700 54
705 55
710 56
715 56
720 57
725 57
730 58
735 59
740 58
745 59
750 60
755 61
760 62
765 62
770 62
775 62
780 64
785 64
790 64
795 64
800 66
805 66
810 66
815 66
820 67
825 67
830 67
835 68
840 69
845 69
850 70
855 71
860 72
865 72
870 92
875 133
880 73
885 74
890 73
895 74
900 74
905 75
910 76
915 77
920 77
925 77
930 77
935 78
940 78
945 79
950 80
955 81
960 81
965 80
970 84
975 82
980 83
985 125
990 107
995 101
1000 85
1005 86
1010 87
1015 86
1020 87
1025 88
1030 88
1035 88
1040 89
1045 90
1050 90
1055 90
1060 92
1065 158
1070 101
1075 101
1080 102
1085 102
1090 101
1095 102
1100 102
1105 102
1110 104
1115 103
1120 102
1125 104
1130 103
1135 105
1140 106
1145 106
1150 107
1155 108
1160 108
1165 109
1170 108
1175 110
1180 110
1185 110
1190 111
1195 112
1200 112
1205 112
1210 124
1215 110
1220 111
1225 110
1230 112
1235 112
1240 113
1245 112
1250 114
1255 114
1260 115
1265 115
1270 115
1275 116
1280 116
1285 117
1290 118
1295 117
1300 120
1305 119
1310 121
1315 143
1320 121
1325 121
1330 140
1335 143
1340 124
1345 123
1350 122
1355 124
1360 122
1365 126
1370 126
1375 128
1380 128
1385 127
1390 129
1395 128
1400 130
1405 131
1410 132
1415 131
1420 133
1425 133
1430 131
1435 134
1440 138
1445 135
1450 136
1455 156
1460 156
1465 138
1470 138
1475 138
1480 139
1485 140
1490 140
1495 141
1500 141
1505 140
1510 143
1515 142
1520 144
1525 141
1530 144
1535 145
1540 146
1545 146
1550 169
1555 165
1560 149
1565 148
1570 148
1575 149
1580 149
1585 152
1590 152
1595 151
1600 153
1605 153
1610 154
1615 155
1620 155
1625 156
1630 155
1635 156
1640 156
1645 157
1650 158
1655 158
1660 160
1665 179
1670 180
1675 160
1680 161
1685 162
1690 162
1695 165
1700 164
1705 165
1710 165
1715 166
1720 166
1725 188
1730 175
1735 185
1740 170
1745 168
1750 170
1755 189
1760 210
1765 188
1770 171
1775 172
1780 173
1785 174
1790 172
1795 175
1800 198
1805 185
1810 196
1815 177
1820 219
1825 214
1830 178
1835 179
1840 179
1845 179
1850 218
1855 181
1860 182
1865 183
1870 182
1875 183
1880 183
1885 184
1890 185
1895 185
1900 184
1905 186
1910 187
1915 227
1920 220
1925 188
1930 189
1935 226
1940 191
1945 190
1950 213
1955 245
1960 192
1965 193
1970 197
1975 194
1980 196
1985 197
1990 195
1995 218
2000 275
2005 216
2010 198
2015 200
2020 199
2025 200
2030 220
2035 219
2040 202
2045 201
2050 202
2055 203
2060 204
2065 204
2070 205
2075 204
2080 206
2085 248
2090 249
2095 228
2100 257
2105 214
2110 230
2115 210
2120 213
2125 212
2130 212
2135 211
2140 216
2145 214
2150 214
2155 215
2160 239
2165 235
2170 248
2175 252
2180 258
2185 232
2190 229
2195 228
2200 245
2205 246
2210 234
2215 230
2220 235
2225 234
2230 239
2235 237
2240 233
2245 235
2250 235
2255 234
2260 234
2265 233
2270 234
2275 234
2280 235
2285 238
2290 236
2295 237
2300 239
2305 240
2310 250
2315 242
2320 240
2325 244
2330 248
2335 249
2340 249
2345 245
2350 250
2355 259
2360 246
2365 249
2370 248
2375 249
2380 256
2385 252
2390 254
2395 253
2400 261
2405 289
2410 284
2415 275
2420 255
2425 258
2430 256
2435 254
2440 256
2445 256
2450 256
2455 258
2460 259
2465 259
2470 259
2475 260
2480 262
2485 262
2490 265
2495 266
2500 265
2505 265
2510 265
2515 267
2520 267
2525 266
2530 267
2535 268
2540 269
2545 267
2550 289
2555 272
2560 271
2565 272
2570 272
2575 274
2580 272
2585 273
2590 273
2595 274
2600 274
2605 309
2610 283
2615 278
2620 282
2625 284
2630 280
2635 284
2640 285
2645 286
2650 285
2655 280
2660 284
2665 285
2670 287
2675 284
2680 284
2685 284
2690 285
2695 286
2700 287
2705 287
2710 288
2715 294
2720 290
2725 290
2730 291
2735 291
2740 294
2745 302
2750 300
2755 297
2760 300
2765 303
2770 297
2775 301
2780 300
2785 299
2790 301
2795 298
2800 303
2805 305
2810 304
2815 309
2820 308
2825 306
2830 304
2835 305
2840 307
2845 306
2850 305
2855 306
2860 307
2865 309
2870 308
2875 321
2880 304
2885 311
2890 310
2895 311
2900 310
2905 360
2910 318
2915 313
2920 315
2925 313
2930 340
2935 319
2940 316
2945 316
2950 317
2955 316
2960 318
2965 318
2970 318
2975 319
2980 325
2985 320
2990 320
2995 320
3000 322
3005 323
3010 323
3015 324
3020 325
3025 328
3030 365
3035 329
3040 328
3045 328
3050 327
3055 332
3060 330
3065 330
3070 331
3075 332
3080 331
3085 334
3090 334
3095 333
3100 334
3105 335
3110 336
3115 336
3120 341
3125 337
3130 338
3135 339
3140 340
3145 340
3150 339
3155 342
3160 341
3165 344
3170 345
3175 345
3180 345
3185 348
3190 346
3195 347
3200 347
3205 341
3210 347
3215 349
3220 350
3225 350
3230 350
3235 351
3240 351
3245 351
3250 353
3255 352
3260 354
3265 346
3270 355
3275 347
3280 346
3285 349
3290 348
3295 349
3300 349
3305 352
3310 351
3315 351
3320 371
3325 353
3330 353
3335 353
3340 356
3345 402
3350 358
3355 358
3360 358
3365 359
3370 359
3375 358
3380 361
3385 360
3390 361
3395 361
3400 360
3405 371
3410 354
3415 354
3420 354
3425 356
3430 357
3435 478
3440 358
3445 432
3450 360
3455 361
3460 416
3465 361
3470 360
3475 419
3480 383
3485 440
3490 362
3495 364
3500 404
3505 392
3510 374
3515 368
3520 378
3525 377
3530 378
3535 379
3540 378
3545 379
3550 380
3555 384
3560 381
3565 382
3570 383
3575 383
3580 383
3585 385
3590 421
3595 387
3600 377
3605 387
3610 388
3615 389
3620 388
3625 388
3630 390
3635 393
3640 391
3645 406
3650 382
3655 382
3660 386
3665 384
3670 386
3675 385
3680 605
3685 461
3690 543
3695 406
3700 551
3705 389
3710 481
3715 391
3720 391
3725 391
3730 432
3735 467
3740 393
3745 394
3750 394
3755 496
3760 406
3765 443
3770 447
3775 408
3780 408
3785 410
3790 406
3795 410
3800 410
3805 411
3810 411
3815 412
3820 412
3825 415
3830 455
3835 416
3840 415
3845 416
3850 416
3855 416
3860 418
3865 420
3870 417
3875 421
3880 419
3885 420
3890 421
3895 422
3900 463
3905 423
3910 424
3915 422
3920 425
3925 427
3930 426
3935 428
3940 457
3945 471
3950 430
3955 430
3960 430
3965 429
3970 512
3975 433
3980 432
3985 433
3990 435
3995 433
4000 436
4005 433
4010 434
4015 439
4020 439
4025 437
4030 440
4035 439
4040 441
4045 442
4050 442
4055 477
4060 524
4065 443
4070 444
4075 560
4080 456
4085 434
4090 435
4095 434
4100 436
4105 485
4110 470
4115 463
4120 463
4125 463
4130 452
4135 470
4140 453
4145 453
4150 454
4155 455
4160 456
4165 476
4170 518
4175 458
4180 455
4185 457
4190 520
4195 458
4200 461
4205 476
4210 462
4215 499
4220 464
4225 461
4230 461
4235 464
4240 500
4245 466
4250 466
4255 483
4260 504
4265 468
4270 489
4275 484
4280 482
4285 488
4290 485
4295 488
4300 493
4305 491
4310 473
4315 473
4320 473
4325 474
4330 473
4335 474
4340 478
4345 476
4350 476
4355 479
4360 478
4365 478
4370 479
4375 518
4380 478
4385 464
4390 470
4395 527
4400 539
4405 471
4410 473
4415 474
4420 475
4425 474
4430 475
4435 473
4440 476
4445 540
4450 494
4455 478
4460 475
4465 479
4470 478
4475 479
4480 632
4485 480
4490 482
4495 474
4500 484
4505 482
4510 486
4515 475
4520 486
4525 487
4530 487
4535 488
4540 524
4545 568
4550 489
4555 490
4560 478
4565 477
4570 490
4575 561
4580 545
4585 492
4590 506
4595 518
4600 632
4605 497
4610 495
4615 497
4620 498
4625 588
4630 532
4635 543
4640 512
4645 513
4650 514
4655 522
4660 560
4665 553
4670 515
4675 628
4680 516
4685 516
4690 601
4695 520
4700 519
4705 520
4710 520
4715 521
4720 523
4725 525
4730 523
4735 556
4740 523
4745 597
4750 525
4755 528
4760 526
4765 566
4770 574
4775 530
4780 531
4785 607
4790 535
4795 532
4800 530
4805 532
4810 530
4815 532
4820 534
4825 604
4830 536
4835 537
4840 537
4845 535
4850 539
4855 538
4860 585
4865 541
4870 540
4875 543
4880 540
4885 541
4890 542
4895 545
4900 545
4905 543
4910 545
4915 546
4920 552
4925 533
4930 533
4935 533
4940 534
4945 534
4950 536
4955 620
4960 613
4965 552
4970 597
4975 553
4980 565
4985 543
4990 540
4995 540
5000 542
5005 542
5010 542
5015 605
5020 572
5025 546
5030 618
5035 544
5040 566
5045 680
5050 546
5055 549
5060 551
5065 552
5070 535
5075 551
5080 551
5085 553
5090 551
5095 553
5100 550
5105 555
5110 555
5115 555
5120 557
5125 558
5130 695
5135 560
5140 559
5145 559
5150 657
5155 560
5160 595
5165 581
5170 608
5175 563
5180 630
5185 579
5190 577
5195 581
5200 742
5205 692
5210 598
5215 730
5220 569
5225 569
5230 569
5235 570
5240 570
5245 669
5250 657
5255 586
5260 753
5265 809
5270 678
5275 688
5280 636
5285 591
5290 658
5295 730
5300 635
5305 682
5310 598
5315 642
5320 611
5325 611
5330 614
5335 614
5340 612
5345 614
5350 618
5355 618
5360 617
5365 618
5370 652
5375 617
5380 618
5385 615
5390 628
5395 633
5400 604
5405 603
5410 607
5415 608
5420 606
5425 608
5430 650
5435 627
5440 610
5445 610
5450 683
5455 614
5460 613
5465 679
5470 633
5475 616
5480 616
5485 638
5490 635
5495 618
5500 657
5505 654
5510 619
5515 619
5520 620
5525 698
5530 689
5535 622
5540 659
5545 623
5550 623
5555 624
5560 623
5565 627
5570 628
5575 710
5580 626
5585 626
5590 629
5595 629
5600 632
5605 633
5610 632
5615 643
5620 651
5625 846
5630 618
5635 617
5640 616
5645 616
5650 617
5655 697
5660 620
5665 620
5670 644
5675 757
5680 623
5685 738
5690 652
5695 641
5700 643
5705 642
5710 641
5715 681
5720 676
5725 646
5730 646
5735 645
5740 649
5745 646
5750 649
5755 651
5760 659
5765 712
5770 622
5775 634
5780 786
5785 637
5790 637
5795 634
5800 636
5805 639
5810 637
5815 720
5820 673
5825 679
5830 698
5835 639
5840 725
5845 642
5850 647
5855 642
5860 642
5865 646
5870 644
5875 648
5880 646
5885 752
5890 662
5895 664
5900 727
5905 647
5910 650
5915 724
5920 745
5925 650
5930 830
5935 652
5940 652
5945 653
5950 655
5955 653
5960 658
5965 659
5970 660
5975 693
5980 659
5985 661
5990 829
5995 661
6000 661
6005 661
6010 662
6015 663
6020 662
6025 739
6030 663
6035 664
6040 666
6045 666
6050 663
6055 666
6060 706
6065 742
6070 669
6075 690
6080 744
6085 671
6090 674
6095 670
6100 673
6105 673
6110 672
6115 674
6120 721
6125 714
6130 694
6135 750
6140 678
6145 680
6150 750
6155 679
6160 680
6165 735
6170 679
6175 681
6180 680
6185 682
6190 712
6195 684
6200 683
6205 758
6210 725
6215 705
6220 842
6225 687
6230 758
6235 690
6240 688
6245 744
6250 706
6255 707
6260 710
6265 706
6270 709
6275 709
6280 714
6285 711
6290 753
6295 712
6300 757
6305 749
6310 792
6315 697
6320 696
6325 698
6330 701
6335 697
6340 698
6345 701
6350 821
6355 703
6360 810
6365 773
6370 701
6375 730
6380 724
6385 723
6390 815
6395 728
6400 725
6405 728
6410 729
6415 767
6420 729
6425 750
6430 731
6435 732
6440 730
6445 714
6450 711
6455 718
6460 714
6465 717
6470 714
6475 720
6480 719
6485 802
6490 719
6495 719
6500 867
6505 723
6510 722
6515 722
6520 721
6525 724
6530 720
6535 879
6540 723
6545 724
6550 766
6555 724
6560 730
6565 731
6570 729
6575 790
6580 730
6585 729
6590 805
6595 731
6600 732
6605 732
6610 733
6615 735
6620 814
6625 736
6630 738
6635 824
6640 736
6645 737
6650 739
6655 740
6660 816
6665 740
6670 743
6675 777
6680 726
6685 826
6690 801
6695 744
6700 743
6705 744
6710 747
6715 745
6720 744
6725 746
6730 748
6735 767
6740 785
6745 807
6750 753
6755 833
6760 820
6765 916
6770 754
6775 754
6780 758
6785 755
6790 738
6795 755
6800 737
6805 757
6810 738
6815 797
6820 819
6825 760
6830 759
6835 761
6840 763
6845 744
6850 763
6855 763
6860 800
6865 767
6870 839
6875 921
6880 784
6885 790
6890 769
6895 882
6900 846
6905 913
6910 790
6915 771
6920 771
6925 771
6930 774
6935 799
6940 798
6945 884
6950 796
6955 797
6960 798
6965 795
6970 796
6975 796
6980 799
6985 840
6990 798
6995 797
7000 855
7005 951
7010 785
7015 784
7020 938
7025 783
7030 785
7035 840
7040 783
7045 788
7050 786
7055 787
7060 788
7065 788
7070 873
7075 791
7080 791
7085 793
7090 794
7095 793
7100 793
7105 792
7110 793
7115 794
7120 796
7125 796
7130 872
7135 799
7140 799
7145 872
7150 801
7155 801
7160 801
7165 803
7170 802
7175 803
7180 882
7185 805
7190 802
7195 907
7200 1000
7205 808
7210 809
7215 806
7220 807
7225 833
7230 829
7235 830
7240 831
7245 833
7250 835
7255 873
7260 835
7265 1003
7270 835
7275 831
7280 844
7285 814
7290 818
7295 854
7300 818
7305 818
7310 818
7315 893
7320 885
7325 820
7330 864
7335 856
7340 823
7345 827
7350 825
7355 928
7360 823
7365 824
7370 825
7375 898
7380 823
7385 940
7390 827
7395 843
7400 851
7405 853
7410 898
7415 851
7420 857
7425 853
7430 893
7435 853
7440 898
7445 893
7450 850
7455 834
7460 838
7465 858
7470 839
7475 839
7480 839
7485 835
7490 895
7495 832
7500 863
7505 864
7510 842
7515 900
7520 844
7525 844
7530 841
7535 843
7540 845
7545 850
7550 926
7555 848
7560 848
7565 849
7570 850
7575 852
7580 850
7585 850
7590 854
7595 852
7600 930
7605 851
7610 926
7615 1019
7620 938
7625 853
7630 857
7635 858
7640 859
7645 859
7650 856
7655 860
7660 857
7665 978
7670 859
7675 858
7680 862
7685 861
7690 861
7695 865
7700 865
7705 910
7710 867
7715 868
7720 868
7725 943
7730 867
7735 999
7740 872
7745 872
7750 874
7755 931
7760 869
7765 870
7770 873
7775 876
7780 950
7785 853
7790 982
7795 920
7800 966
7805 878
7810 878
7815 877
7820 879
7825 976
7830 904
7835 978
7840 907
7845 972
7850 940
7855 907
7860 909
7865 907
7870 944
7875 910
7880 908
7885 911
7890 984
7895 911
7900 910
7905 913
7910 914
7915 914
7920 915
7925 914
7930 916
7935 892
7940 891
7945 970
7950 897
7955 997
7960 896
7965 894
7970 977
7975 899
7980 1041
7985 923
7990 923
7995 924
8000 964
8005 923
8010 923
8015 923
8020 922
8025 964
8030 926
8035 929
8040 928
8045 928
8050 969
8055 1013
8060 935
8065 988
8070 933
8075 934
8080 943
8085 911
8090 912
8095 915
8100 1026
8105 1064
8110 911
8115 899
8120 913
8125 915
8130 916
8135 916
8140 1003
8145 993
8150 919
8155 920
8160 994
8165 920
8170 1100
8175 925
8180 938
8185 947
8190 947
8195 949
8200 949
8205 995
8210 947
8215 988
8220 953
8225 952
8230 955
8235 1002
8240 927
8245 928
8250 929
8255 931
8260 1102
8265 1151
8270 1018
8275 1074
8280 959
8285 959
8290 958
8295 1070
8300 1000
8305 1185
8310 1677
8315 1334
8320 992
8325 988
8330 986
8335 994
8340 993
8345 993
8350 995
8355 997
8360 999
8365 1031
8370 1041
8375 968
8380 1134
8385 1078
8390 1021
8395 973
8400 1135
8405 1055
8410 974
8415 1150
8420 975
8425 976
8430 978
8435 981
8440 1012
8445 1005
8450 1016
8455 1094
8460 1038
8465 1072
8470 981
8475 985
8480 986
8485 1006
8490 986
8495 988
8500 984
8505 1035
8510 988
8515 987
8520 989
8525 989
8530 987
8535 1018
8540 992
8545 993
8550 1001
8555 1100
8560 972
8565 1118
8570 971
8575 1042
8580 969
8585 970
8590 1044
8595 972
8600 975
8605 1053
8610 974
8615 971
8620 1088
8625 975
8630 979
8635 977
8640 976
8645 978
8650 979
8655 997
8660 1028
8665 1005
8670 992
8675 986
8680 1058
8685 980
8690 982
8695 985
8700 986
8705 1043
8710 1027
8715 1020
8720 1020
8725 961
8730 985
8735 1069
8740 989
8745 992
8750 993
8755 988
8760 1154
8765 1039
8770 1029
8775 994
8780 996
8785 998
8790 1072
8795 997
8800 994
8805 1017
8810 1083
8815 1001
8820 999
8825 1001
8830 998
8835 1005
8840 1004
8845 1006
8850 1004
8855 1044
8860 1007
8865 1249
8870 1004
8875 1003
8880 1007
8885 1009
8890 1005
8895 1030
8900 1104
8905 1099
8910 1051
8915 1008
8920 1015
8925 1071
8930 1015
8935 1150
8940 1013
8945 1016
8950 1016
8955 1099
8960 993
8965 1155
8970 1022
8975 1014
8980 991
8985 1021
8990 1022
8995 1019
9000 1020
9005 1085
9010 1024
9015 1024
9020 1110
9025 1105
9030 1026
9035 1027
9040 1026
9045 1142
9050 1103
9055 1102
9060 1174
9065 1056
9070 1058
9075 1057
9080 1060
9085 1057
9090 1063
9095 1061
9100 1083
9105 1061
9110 1090
9115 1034
9120 1038
9125 1072
9130 1042
9135 1077
9140 1040
9145 1189
9150 1039
9155 1177
9160 1043
9165 1042
9170 1044
9175 1044
9180 1044
9185 1041
9190 1048
9195 1063
9200 1179
9205 1048
9210 1044
9215 1050
9220 1087
9225 1047
9230 1052
9235 1052
9240 1138
9245 1047
9250 1187
9255 1053
9260 1127
9265 1093
9270 1056
9275 1054
9280 1055
9285 1125
9290 1080
9295 1130
9300 1061
9305 1057
9310 1155
9315 1088
9320 1059
9325 1144
9330 1429
9335 1129
9340 1125
9345 1120
9350 1123
9355 1125
9360 1127
9365 1124
9370 1125
9375 1138
9380 1124
9385 1127
9390 1124
9395 1187
9400 1130
9405 1126
9410 1128
9415 1129
9420 1169
9425 1133
9430 1143
9435 1132
9440 1135
9445 1128
9450 1131
9455 1175
9460 1109
9465 1144
9470 1144
9475 1109
9480 1110
9485 1176
9490 1113
9495 1110
9500 1111
9505 1094
9510 1139
9515 1114
9520 1235
9525 1113
9530 1114
9535 1101
9540 1088
9545 1086
9550 1092
9555 1163
9560 1188
9565 1092
9570 1090
9575 1093
9580 1094
9585 1162
9590 1092
9595 1095
9600 1203
9605 1205
9610 1252
9615 1095
9620 1179
9625 1126
9630 1127
9635 1131
9640 1132
9645 1169
9650 1128
9655 1129
9660 1097
9665 1102
9670 1104
9675 1102
9680 1104
9685 1143
9690 1184
9695 1199
9700 1217
9705 1105
9710 1112
9715 1106
9720 1108
9725 1116
9730 1109
9735 1192
9740 1116
9745 1115
9750 1111
9755 1172
9760 1113
9765 1115
9770 1113
9775 1209
9780 1196
9785 1354
9790 1114
9795 1121
9800 1155
9805 1119
9810 1119
9815 1121
9820 1197
9825 1126
9830 1123
9835 1125
9840 1124
9845 1124
9850 1126
9855 1126
9860 1129
9865 1177
9870 1133
9875 1211
9880 1131
9885 1320
9890 1254
9895 1127
9900 1201
9905 1129
9910 1221
9915 1191
9920 1263
9925 1164
9930 1170
9935 1167
9940 1170
9945 1168
9950 1259
9955 1138
9960 1215
9965 1142
9970 1144
9975 1142
9980 1144
9985 1145
9990 1266
9995 1196
10000 1175
