5 0
10 0
15 0
20 0
25 1
30 1
35 1
40 1
45 2
50 2
55 2
60 2
65 3
70 3
75 3
80 4
85 4
90 4
95 5
100 5
105 5
110 6
115 6
120 6
125 7
130 26
135 24
140 8
145 8
150 8
155 9
160 9
165 9
170 9
175 10
180 11
185 10
190 11
195 11
200 12
205 12
210 12
215 13
220 13
225 13
230 14
235 15
240 15
245 15
250 15
255 16
260 16
265 17
270 17
275 18
280 18
285 18
290 19
295 19
300 19
305 20
310 20
315 21
320 21
325 41
330 23
335 23
340 24
345 40
350 24
355 24
360 25
365 25
370 25
375 26
380 26
385 27
390 27
395 28
400 28
405 28
410 29
415 29
420 29
425 30
430 30
435 31
440 32
445 32
450 32
455 33
460 33
465 34
470 34
475 34
480 35
485 35
490 36
495 36
500 37
505 37
510 37
515 38
520 39
525 39
530 39
535 39
540 40
545 41
550 41
555 41
560 42
565 43
570 43
575 63
580 75
585 47
590 64
595 63
600 46
605 46
610 47
615 48
620 47
625 48
630 48
635 48
640 50
645 50
650 52
655 51
660 51
665 51
670 52
675 53
680 53
685 54
690 54
695 55
700 56
705 55
710 56
715 57
720 57
725 57
730 58
735 58
740 59
745 60
750 60
755 61
760 61
765 61
770 61
775 61
780 63
785 63
790 64
795 64
800 65
805 65
810 65
815 66
820 67
825 68
830 68
835 68
840 69
845 69
850 70
855 71
860 70
865 72
870 73
875 72
880 72
885 73
890 74
895 73
900 74
905 75
910 75
915 76
920 77
925 77
930 78
935 78
940 78
945 79
950 80
955 80
960 79
965 81
970 82
975 82
980 81
985 84
990 82
995 85
1000 85
1005 86
1010 86
1015 87
1020 87
1025 88
1030 88
1035 89
1040 89
1045 90
1050 109
1055 133
1060 100
1065 132
1070 95
1075 95
1080 96
1085 95
1090 97
1095 96
1100 116
1105 138
1110 97
1115 98
1120 99
1125 99
1130 100
1135 99
1140 100
1145 101
1150 102
1155 101
1160 103
1165 103
1170 103
1175 104
1180 104
1185 105
1190 105
1195 105
1200 106
1205 106
1210 128
1215 141
1220 108
1225 108
1230 108
1235 109
1240 108
1245 110
1250 111
1255 112
1260 111
1265 112
1270 113
1275 114
1280 114
1285 112
1290 115
1295 115
1300 117
1305 117
1310 117
1315 119
1320 116
1325 119
1330 117
1335 120
1340 119
1345 120
1350 122
1355 123
1360 123
1365 121
1370 122
1375 122
1380 124
1385 125
1390 126
1395 127
1400 127
1405 127
1410 128
1415 129
1420 129
1425 129
1430 203
1435 131
1440 131
1445 132
1450 134
1455 134
1460 131
1465 135
1470 136
1475 134
1480 135
1485 137
1490 138
1495 138
1500 158
1505 213
1510 140
1515 141
1520 140
1525 141
1530 144
1535 143
1540 143
1545 144
1550 144
1555 145
1560 142
1565 201
1570 185
1575 147
1580 148
1585 148
1590 149
1595 148
1600 149
1605 151
1610 150
1615 151
1620 151
1625 152
1630 152
1635 153
1640 154
1645 153
1650 156
1655 155
1660 156
1665 156
1670 155
1675 157
1680 158
1685 158
1690 159
1695 158
1700 160
1705 161
1710 162
1715 162
1720 159
1725 163
1730 163
1735 164
1740 165
1745 166
1750 162
1755 166
1760 166
1765 168
1770 167
1775 169
1780 169
1785 169
1790 166
1795 171
1800 170
1805 172
1810 280
1815 173
1820 173
1825 174
1830 169
1835 175
1840 171
1845 178
1850 176
1855 177
1860 174
1865 180
1870 180
1875 179
1880 180
1885 181
1890 177
1895 182
1900 181
1905 183
1910 183
1915 184
1920 185
1925 184
1930 186
1935 182
1940 187
1945 188
1950 188
1955 188
1960 185
1965 188
1970 233
1975 244
1980 191
1985 193
1990 192
1995 193
2000 188
2005 194
2010 190
2015 195
2020 197
2025 196
2030 192
2035 197
2040 198
2045 198
2050 199
2055 199
2060 200
2065 200
2070 298
2075 202
2080 202
2085 204
2090 203
2095 204
2100 203
2105 205
2110 201
2115 310
2120 210
2125 210
2130 211
2135 210
2140 210
2145 212
2150 212
2155 285
2160 211
2165 213
2170 213
2175 213
2180 214
2185 216
2190 291
2195 215
2200 215
2205 216
2210 217
2215 217
2220 218
2225 217
2230 218
2235 220
2240 221
2245 220
2250 222
2255 222
2260 238
2265 227
2270 228
2275 230
2280 231
2285 230
2290 386
2295 236
2300 236
2305 235
2310 271
2315 292
2320 239
2325 237
2330 280
2335 277
2340 239
2345 240
2350 261
2355 256
2360 235
2365 241
2370 242
2375 243
2380 243
2385 245
2390 245
2395 244
2400 244
2405 246
2410 247
2415 248
2420 247
2425 249
2430 244
2435 250
2440 249
2445 251
2450 252
2455 251
2460 251
2465 252
2470 294
2475 330
2480 278
2485 277
2490 256
2495 255
2500 257
2505 257
2510 259
2515 259
2520 292
2525 278
2530 262
2535 260
2540 263
2545 263
2550 263
2555 263
2560 264
2565 266
2570 290
2575 275
2580 273
2585 276
2590 280
2595 286
2600 269
2605 270
2610 290
2615 287
2620 292
2625 279
2630 281
2635 279
2640 281
2645 281
2650 281
2655 276
2660 283
2665 289
2670 284
2675 286
2680 287
2685 289
2690 288
2695 293
2700 281
2705 288
2710 289
2715 289
2720 290
2725 290
2730 284
2735 292
2740 293
2745 292
2750 293
2755 293
2760 291
2765 294
2770 297
2775 295
2780 308
2785 290
2790 283
2795 290
2800 293
2805 291
2810 294
2815 313
2820 332
2825 296
2830 296
2835 334
2840 297
2845 299
2850 302
2855 316
2860 300
2865 367
2870 354
2875 453
2880 318
2885 388
2890 316
2895 314
2900 314
2905 347
2910 329
2915 307
2920 309
2925 323
2930 320
2935 324
2940 322
2945 324
2950 324
2955 325
2960 322
2965 328
2970 330
2975 323
2980 315
2985 327
2990 325
2995 326
3000 361
3005 329
3010 328
3015 326
3020 330
3025 330
3030 330
3035 332
3040 336
3045 333
3050 335
3055 338
3060 342
3065 338
3070 334
3075 336
3080 337
3085 339
3090 340
3095 343
3100 340
3105 340
3110 338
3115 342
3120 343
3125 344
3130 347
3135 343
3140 349
3145 345
3150 343
3155 345
3160 373
3165 345
3170 345
3175 348
3180 356
3185 349
3190 348
3195 348
3200 348
3205 370
3210 351
3215 353
3220 355
3225 353
3230 355
3235 354
3240 353
3245 354
3250 355
3255 356
3260 356
3265 358
3270 369
3275 358
3280 359
3285 358
3290 369
3295 364
3300 363
3305 361
3310 366
3315 367
3320 364
3325 367
3330 362
3335 363
3340 366
3345 367
3350 367
3355 368
3360 368
3365 368
3370 370
3375 368
3380 372
3385 381
3390 380
3395 376
3400 379
3405 378
3410 374
3415 379
3420 401
3425 377
3430 426
3435 381
3440 378
3445 369
3450 379
3455 379
3460 379
3465 383
3470 381
3475 385
3480 383
3485 384
3490 382
3495 384
3500 385
3505 384
3510 385
3515 387
3520 387
3525 388
3530 410
3535 424
3540 389
3545 392
3550 391
3555 389
3560 391
3565 393
3570 395
3575 399
3580 384
3585 384
3590 384
3595 387
3600 386
3605 425
3610 388
3615 390
3620 388
3625 390
3630 425
3635 389
3640 390
3645 391
3650 390
3655 391
3660 436
3665 394
3670 395
3675 397
3680 396
3685 480
3690 398
3695 399
3700 399
3705 400
3710 401
3715 403
3720 400
3725 402
3730 403
3735 404
3740 403
3745 403
3750 406
3755 403
3760 472
3765 467
3770 408
3775 454
3780 434
3785 409
3790 413
3795 481
3800 400
3805 409
3810 413
3815 413
3820 414
3825 415
3830 403
3835 417
3840 416
3845 451
3850 416
3855 418
3860 410
3865 419
3870 409
3875 420
3880 423
3885 420
3890 462
3895 422
3900 461
3905 424
3910 477
3915 425
3920 427
3925 495
3930 428
3935 428
3940 430
3945 428
3950 419
3955 429
3960 432
3965 431
3970 431
3975 467
3980 522
3985 517
3990 483
3995 478
4000 433
4005 465
4010 514
4015 555
4020 495
4025 508
4030 528
4035 440
4040 441
4045 440
4050 441
4055 440
4060 441
4065 443
4070 445
4075 444
4080 445
4085 447
4090 446
4095 445
4100 447
4105 452
4110 451
4115 518
4120 451
4125 451
4130 449
4135 610
4140 569
4145 481
4150 452
4155 456
4160 474
4165 478
4170 455
4175 456
4180 534
4185 459
4190 458
4195 461
4200 462
4205 461
4210 461
4215 504
4220 530
4225 473
4230 463
4235 498
4240 466
4245 466
4250 468
4255 468
4260 467
4265 503
4270 466
4275 470
4280 491
4285 469
4290 470
4295 470
4300 470
4305 473
4310 556
4315 502
4320 542
4325 475
4330 514
4335 509
4340 562
4345 478
4350 475
4355 479
4360 481
4365 479
4370 483
4375 481
4380 482
4385 484
4390 529
4395 526
4400 483
4405 484
4410 486
4415 486
4420 520
4425 489
4430 488
4435 528
4440 488
4445 489
4450 490
4455 492
4460 490
4465 491
4470 495
4475 494
4480 493
4485 495
4490 495
4495 495
4500 494
4505 496
4510 495
4515 497
4520 523
4525 499
4530 499
4535 500
4540 561
4545 558
4550 503
4555 501
4560 500
4565 502
4570 504
4575 504
4580 507
4585 507
4590 509
4595 495
4600 495
4605 495
4610 497
4615 496
4620 563
4625 511
4630 602
4635 502
4640 529
4645 500
4650 501
4655 499
4660 502
4665 503
4670 502
4675 503
4680 506
4685 504
4690 506
4695 507
4700 508
4705 508
4710 507
4715 508
4720 584
4725 511
4730 510
4735 651
4740 588
4745 513
4750 513
4755 594
4760 515
4765 552
4770 539
4775 527
4780 531
4785 530
4790 530
4795 532
4800 572
4805 534
4810 576
4815 535
4820 535
4825 526
4830 536
4835 537
4840 654
4845 537
4850 540
4855 574
4860 541
4865 538
4870 541
4875 542
4880 543
4885 544
4890 543
4895 545
4900 546
4905 634
4910 547
4915 545
4920 602
4925 548
4930 535
4935 549
4940 557
4945 537
4950 535
4955 538
4960 538
4965 540
4970 539
4975 539
4980 578
4985 542
4990 544
4995 617
5000 606
5005 599
5010 561
5015 560
5020 560
5025 561
5030 562
5035 561
5040 565
5045 563
5050 567
5055 607
5060 570
5065 625
5070 587
5075 551
5080 607
5085 572
5090 684
5095 595
5100 628
5105 573
5110 570
5115 574
5120 573
5125 573
5130 575
5135 573
5140 578
5145 575
5150 577
5155 574
5160 618
5165 616
5170 578
5175 599
5180 625
5185 579
5190 581
5195 580
5200 619
5205 584
5210 582
5215 584
5220 585
5225 585
5230 586
5235 586
5240 624
5245 588
5250 633
5255 588
5260 590
5265 644
5270 657
5275 591
5280 593
5285 604
5290 576
5295 650
5300 577
5305 580
5310 579
5315 614
5320 580
5325 585
5330 580
5335 665
5340 584
5345 584
5350 585
5355 585
5360 586
5365 587
5370 586
5375 585
5380 585
5385 587
5390 587
5395 591
5400 590
5405 593
5410 592
5415 594
5420 662
5425 594
5430 593
5435 679
5440 689
5445 595
5450 596
5455 597
5460 597
5465 666
5470 615
5475 613
5480 630
5485 600
5490 599
5495 602
5500 620
5505 640
5510 604
5515 593
5520 604
5525 606
5530 604
5535 605
5540 604
5545 608
5550 607
5555 609
5560 610
5565 610
5570 610
5575 613
5580 611
5585 754
5590 614
5595 612
5600 750
5605 615
5610 615
5615 619
5620 621
5625 617
5630 618
5635 617
5640 620
5645 708
5650 691
5655 650
5660 638
5665 676
5670 640
5675 637
5680 642
5685 640
5690 639
5695 643
5700 641
5705 643
5710 642
5715 673
5720 644
5725 646
5730 646
5735 650
5740 649
5745 647
5750 649
5755 717
5760 667
5765 650
5770 649
5775 652
5780 652
5785 653
5790 654
5795 655
5800 654
5805 637
5810 641
5815 640
5820 753
5825 644
5830 632
5835 715
5840 643
5845 644
5850 643
5855 721
5860 646
5865 647
5870 645
5875 649
5880 648
5885 648
5890 650
5895 724
5900 650
5905 651
5910 818
5915 651
5920 653
5925 688
5930 655
5935 654
5940 656
5945 655
5950 655
5955 655
5960 679
5965 694
5970 716
5975 676
5980 679
5985 660
5990 661
5995 659
6000 661
6005 663
6010 665
6015 681
6020 663
6025 715
6030 699
6035 684
6040 697
6045 730
6050 659
6055 669
6060 880
6065 816
6070 849
6075 742
6080 715
6085 706
6090 709
6095 711
6100 710
6105 710
6110 711
6115 711
6120 711
6125 717
6130 745
6135 718
6140 727
6145 697
6150 696
6155 699
6160 702
6165 701
6170 699
6175 701
6180 701
6185 793
6190 704
6195 725
6200 727
6205 702
6210 708
6215 778
6220 689
6225 762
6230 690
6235 689
6240 690
6245 690
6250 691
6255 845
6260 691
6265 693
6270 692
6275 693
6280 692
6285 694
6290 773
6295 698
6300 764
6305 698
6310 734
6315 740
6320 702
6325 782
6330 702
6335 723
6340 771
6345 721
6350 720
6355 721
6360 725
6365 721
6370 725
6375 724
6380 725
6385 775
6390 726
6395 770
6400 728
6405 734
6410 764
6415 730
6420 728
6425 772
6430 716
6435 711
6440 712
6445 717
6450 794
6455 716
6460 797
6465 716
6470 716
6475 844
6480 719
6485 719
6490 721
6495 916
6500 738
6505 743
6510 751
6515 722
6520 726
6525 724
6530 811
6535 744
6540 746
6545 743
6550 747
6555 746
6560 745
6565 749
6570 829
6575 750
6580 749
6585 752
6590 753
6595 808
6600 736
6605 731
6610 900
6615 735
6620 738
6625 735
6630 738
6635 737
6640 737
6645 739
6650 740
6655 742
6660 799
6665 778
6670 743
6675 745
6680 810
6685 763
6690 763
6695 771
6700 749
6705 745
6710 747
6715 745
6720 825
6725 748
6730 869
6735 754
6740 878
6745 752
6750 752
6755 754
6760 750
6765 756
6770 755
6775 756
6780 826
6785 756
6790 757
6795 876
6800 827
6805 775
6810 826
6815 761
6820 760
6825 758
6830 820
6835 782
6840 785
6845 787
6850 785
6855 873
6860 786
6865 787
6870 869
6875 784
6880 788
6885 786
6890 791
6895 792
6900 795
6905 773
6910 774
6915 772
6920 869
6925 771
6930 777
6935 894
6940 777
6945 832
6950 777
6955 834
6960 774
6965 846
6970 777
6975 781
6980 781
6985 918
6990 781
6995 939
7000 785
7005 785
7010 781
7015 860
7020 806
7025 806
7030 806
7035 811
7040 808
7045 847
7050 812
7055 808
7060 808
7065 811
7070 812
7075 816
7080 795
7085 794
7090 792
7095 792
7100 965
7105 866
7110 795
7115 794
7120 921
7125 797
7130 798
7135 817
7140 819
7145 1070
7150 866
7155 825
7160 822
7165 895
7170 826
7175 829
7180 826
7185 827
7190 827
7195 830
7200 815
7205 828
7210 827
7215 938
7220 863
7225 1074
7230 1002
7235 964
7240 848
7245 1056
7250 1013
7255 921
7260 835
7265 838
7270 835
7275 838
7280 966
7285 838
7290 869
7295 854
7300 860
7305 861
7310 864
7315 864
7320 864
7325 864
7330 868
7335 868
7340 869
7345 870
7350 945
7355 847
7360 850
7365 844
7370 849
7375 846
7380 849
7385 849
7390 852
7395 887
7400 847
7405 851
7410 831
7415 831
7420 831
7425 831
7430 834
7435 834
7440 835
7445 837
7450 838
7455 906
7460 834
7465 838
7470 980
7475 838
7480 843
7485 840
7490 843
7495 844
7500 862
7505 860
7510 841
7515 1042
7520 847
7525 844
7530 850
7535 847
7540 848
7545 877
7550 851
7555 850
7560 1047
7565 1003
7570 918
7575 978
7580 959
7585 1298
7590 1092
7595 877
7600 878
7605 876
7610 881
7615 878
7620 880
7625 996
7630 1073
7635 921
7640 909
7645 959
7650 882
7655 881
7660 882
7665 901
7670 913
7675 909
7680 917
7685 914
7690 923
7695 914
7700 925
7705 917
7710 917
7715 916
7720 909
7725 993
7730 979
7735 892
7740 901
7745 895
7750 889
7755 897
7760 897
7765 895
7770 899
7775 933
7780 902
7785 903
7790 943
7795 938
7800 983
7805 902
7810 903
7815 906
7820 903
7825 907
7830 904
7835 906
7840 907
7845 949
7850 985
7855 906
7860 909
7865 910
7870 905
7875 910
7880 888
7885 962
7890 891
7895 893
7900 968
7905 892
7910 1002
7915 893
7920 894
7925 892
7930 971
7935 895
7940 897
7945 895
7950 896
7955 957
7960 899
7965 902
7970 896
7975 899
7980 900
7985 898
7990 902
7995 983
8000 927
8005 920
8010 958
8015 906
8020 1068
8025 984
8030 944
8035 926
8040 934
8045 952
8050 937
8055 932
8060 954
8065 936
8070 933
8075 937
8080 911
8085 1105
8090 912
8095 915
8100 914
8105 912
8110 916
8115 994
8120 920
8125 1075
8130 952
8135 944
8140 943
8145 946
8150 943
8155 989
8160 994
8165 948
8170 983
8175 931
8180 940
8185 996
8190 924
8195 922
8200 1006
8205 943
8210 928
8215 929
8220 997
8225 928
8230 1015
8235 931
8240 1072
8245 1003
8250 932
8255 1052
8260 933
8265 935
8270 1049
8275 994
8280 959
8285 996
8290 958
8295 963
8300 967
8305 1005
8310 962
8315 967
8320 969
8325 1003
8330 966
8335 1070
8340 969
8345 973
8350 972
8355 970
8360 971
8365 972
8370 974
8375 1022
8380 948
8385 1026
8390 949
8395 1026
8400 949
8405 948
8410 987
8415 951
8420 951
8425 954
8430 1049
8435 998
8440 1036
8445 955
8450 953
8455 957
8460 960
8465 961
8470 957
8475 962
8480 1128
8485 966
8490 960
8495 964
8500 996
8505 1027
8510 963
8515 984
8520 1036
8525 995
8530 1043
8535 1016
8540 1110
8545 995
8550 996
8555 997
8560 1002
8565 998
8570 996
8575 1037
8580 1024
8585 1046
8590 1023
8595 1002
8600 1004
8605 1002
8610 1003
8615 1000
8620 1003
8625 1006
8630 1079
8635 1026
8640 1127
8645 1006
8650 1007
8655 1013
8660 983
8665 984
8670 985
8675 982
8680 1129
8685 987
8690 985
8695 987
8700 986
8705 989
8710 988
8715 1026
8720 992
8725 1026
8730 1068
8735 1032
8740 1046
8745 994
8750 996
8755 995
8760 1070
8765 995
8770 996
8775 998
8780 1209
8785 996
8790 1000
8795 1185
8800 1134
8805 1029
8810 1028
8815 1026
8820 1029
8825 1035
8830 1050
8835 1173
8840 1030
8845 1034
8850 1035
8855 1034
8860 1036
8865 1040
8870 1036
8875 1147
8880 1194
8885 1050
8890 1075
8895 1069
8900 1071
8905 1070
8910 1069
8915 1069
8920 1073
8925 1070
8930 1198
8935 1153
8940 1091
8945 1046
8950 1047
8955 1049
8960 1049
8965 1047
8970 1135
8975 1047
8980 1047
8985 1051
8990 1054
8995 1055
9000 1053
9005 1053
9010 1052
9015 1094
9020 1051
9025 1133
9030 1029
9035 1098
9040 1029
9045 1029
9050 1029
9055 1035
9060 1032
9065 1109
9070 1009
9075 1036
9080 1116
9085 1103
9090 1035
9095 1121
9100 1037
9105 1038
9110 1113
9115 1035
9120 1222
9125 1040
9130 1041
9135 1041
9140 1042
9145 1042
9150 1043
9155 1046
9160 1123
9165 1127
9170 1049
9175 1044
9180 1047
9185 1045
9190 1046
9195 1088
9200 1051
9205 1184
9210 1050
9215 1212
9220 1053
9225 1053
9230 1053
9235 1052
9240 1055
9245 1054
9250 1054
9255 1134
9260 1047
9265 1059
9270 1144
9275 1061
9280 1062
9285 1059
9290 1058
9295 1062
9300 1119
9305 1276
9310 1195
9315 1067
9320 1065
9325 1065
9330 1146
9335 1094
9340 1095
9345 1182
9350 1096
9355 1097
9360 1097
9365 1100
9370 1109
9375 1072
9380 1073
9385 1073
9390 1228
9395 1074
9400 1180
9405 1138
9410 1075
9415 1183
9420 1104
9425 1106
9430 1152
9435 1146
9440 1104
9445 1145
9450 1241
9455 1108
9460 1108
9465 1111
9470 1162
9475 1114
9480 1155
9485 1160
9490 1188
9495 1149
9500 1115
9505 1116
9510 1117
9515 1122
9520 1152
9525 1156
9530 1119
9535 1120
9540 1116
9545 1090
9550 1152
9555 1091
9560 1063
9565 1095
9570 1155
9575 1098
9580 1316
9585 1095
9590 1096
9595 1100
9600 1173
9605 1098
9610 1096
9615 1245
9620 1141
9625 1140
9630 1102
9635 1101
9640 1103
9645 1100
9650 1106
9655 1104
9660 1201
9665 1108
9670 1243
9675 1106
9680 1107
9685 1107
9690 1110
9695 1112
9700 1110
9705 1206
9710 1115
9715 1109
9720 1112
9725 1112
9730 1113
9735 1115
9740 1187
9745 1114
9750 1192
9755 1120
9760 1250
9765 1119
9770 1115
9775 1179
9780 1118
9785 1160
9790 1121
9795 1195
9800 1127
9805 1122
9810 1249
9815 1128
9820 1128
9825 1131
9830 1219
9835 1123
9840 1202
9845 1228
9850 1108
9855 1126
9860 1131
9865 1132
9870 1128
9875 1270
9880 1327
9885 1264
9890 1327
9895 1565
9900 1402
9905 1136
9910 1201
9915 1202
9920 1256
9925 1197
9930 1226
9935 1204
9940 1201
9945 1211
9950 1206
9955 1216
9960 1260
9965 1202
9970 1206
9975 1239
9980 1208
9985 1221
9990 1266
9995 1178
10000 1184
