5 0
10 0
15 0
20 0
25 1
30 1
35 1
40 1
45 2
50 2
55 2
60 3
65 3
70 3
75 3
80 3
85 4
90 4
95 4
100 5
105 5
110 6
115 6
120 6
125 6
130 7
135 7
140 7
145 8
150 8
155 8
160 9
165 9
170 9
175 10
180 10
185 11
190 11
195 11
200 11
205 12
210 13
215 13
220 13
225 13
230 14
235 14
240 14
245 15
250 15
255 15
260 16
265 16
270 17
275 17
280 17
285 18
290 19
295 19
300 19
305 20
310 20
315 21
320 21
325 22
330 22
335 22
340 22
345 23
350 23
355 24
360 24
365 25
370 25
375 26
380 26
385 26
390 27
395 27
400 28
405 28
410 28
415 29
420 30
425 30
430 30
435 30
440 31
445 31
450 32
455 33
460 32
465 34
470 34
475 34
480 34
485 35
490 36
495 36
500 37
505 37
510 37
515 39
520 39
525 39
530 40
535 40
540 40
545 41
550 41
555 42
560 42
565 43
570 42
575 43
580 44
585 45
590 68
595 48
600 47
605 62
610 47
615 47
620 47
625 48
630 48
635 49
640 49
645 50
650 51
655 52
660 51
665 52
670 52
675 52
680 53
685 54
690 80
695 73
700 53
705 55
710 55
715 56
720 57
725 57
730 57
735 58
740 78
745 80
750 75
755 61
760 62
765 63
770 63
775 78
780 62
785 63
790 64
795 63
800 65
805 65
810 65
815 66
820 66
825 67
830 66
835 68
840 66
845 88
850 105
855 71
860 71
865 71
870 90
875 134
880 76
885 89
890 74
895 74
900 75
905 75
910 76
915 76
920 76
925 77
930 77
935 78
940 78
945 79
950 80
955 80
960 81
965 81
970 81
975 82
980 83
985 83
990 82
995 84
1000 85
1005 85
1010 86
1015 86
1020 87
1025 88
1030 87
1035 89
1040 89
1045 91
1050 90
1055 90
1060 139
1065 106
1070 101
1075 101
1080 101
1085 101
1090 100
1095 102
1100 102
1105 103
1110 103
1115 104
1120 103
1125 105
1130 105
1135 105
1140 106
1145 107
1150 107
1155 107
1160 108
1165 107
1170 109
1175 109
1180 110
1185 110
1190 111
1195 113
1200 112
1205 127
1210 110
1215 111
1220 111
1225 113
1230 110
1235 112
1240 114
1245 115
1250 115
1255 114
1260 135
1265 180
1270 120
1275 119
1280 120
1285 119
1290 119
1295 120
1300 120
1305 120
1310 122
1315 124
1320 123
1325 123
1330 123
1335 124
1340 124
1345 125
1350 125
1355 126
1360 126
1365 126
1370 128
1375 128
1380 129
1385 130
1390 129
1395 131
1400 132
1405 132
1410 132
1415 133
1420 133
1425 135
1430 135
1435 135
1440 150
1445 136
1450 136
1455 138
1460 138
1465 137
1470 136
1475 139
1480 138
1485 161
1490 162
1495 141
1500 141
1505 142
1510 143
1515 143
1520 145
1525 144
1530 168
1535 188
1540 166
1545 174
1550 172
1555 175
1560 171
1565 166
1570 168
1575 152
1580 152
1585 152
1590 152
1595 153
1600 175
1605 174
1610 162
1615 163
1620 163
1625 176
1630 157
1635 158
1640 158
1645 159
1650 160
1655 163
1660 196
1665 187
1670 185
1675 239
1680 204
1685 176
1690 189
1695 180
1700 185
1705 182
1710 188
1715 182
1720 208
1725 167
1730 168
1735 168
1740 170
1745 170
1750 170
1755 171
1760 171
1765 172
1770 172
1775 172
1780 173
1785 174
1790 187
1795 179
1800 180
1805 181
1810 181
1815 181
1820 183
1825 183
1830 182
1835 184
1840 186
1845 186
1850 185
1855 190
1860 188
1865 188
1870 185
1875 190
1880 190
1885 191
1890 190
1895 191
1900 191
1905 193
1910 193
1915 194
1920 195
1925 196
1930 194
1935 196
1940 197
1945 197
1950 201
1955 203
1960 200
1965 199
1970 201
1975 202
1980 202
1985 202
1990 203
1995 203
2000 204
2005 204
2010 205
2015 205
2020 223
2025 210
2030 210
2035 210
2040 211
2045 210
2050 211
2055 211
2060 213
2065 212
2070 212
2075 213
2080 214
2085 213
2090 215
2095 227
2100 216
2105 217
2110 216
2115 218
2120 218
2125 218
2130 213
2135 220
2140 243
2145 224
2150 225
2155 236
2160 227
2165 226
2170 225
2175 225
2180 226
2185 226
2190 227
2195 229
2200 229
2205 230
2210 231
2215 232
2220 230
2225 235
2230 233
2235 234
2240 234
2245 237
2250 237
2255 240
2260 238
2265 241
2270 239
2275 238
2280 237
2285 238
2290 239
2295 238
2300 241
2305 243
2310 240
2315 240
2320 244
2325 254
2330 244
2335 244
2340 247
2345 246
2350 248
2355 251
2360 251
2365 256
2370 256
2375 253
2380 253
2385 256
2390 257
2395 253
2400 259
2405 254
2410 256
2415 256
2420 256
2425 260
2430 257
2435 259
2440 258
2445 257
2450 259
2455 301
2460 259
2465 260
2470 261
2475 263
2480 266
2485 264
2490 267
2495 266
2500 265
2505 266
2510 266
2515 267
2520 267
2525 265
2530 267
2535 272
2540 268
2545 269
2550 263
2555 269
2560 272
2565 283
2570 275
2575 274
2580 274
2585 274
2590 275
2595 275
2600 276
2605 276
2610 279
2615 286
2620 279
2625 281
2630 281
2635 282
2640 282
2645 284
2650 286
2655 283
2660 286
2665 285
2670 287
2675 328
2680 286
2685 285
2690 286
2695 288
2700 287
2705 287
2710 288
2715 289
2720 290
2725 290
2730 294
2735 292
2740 301
2745 300
2750 295
2755 297
2760 301
2765 303
2770 298
2775 298
2780 299
2785 300
2790 330
2795 300
2800 301
2805 304
2810 304
2815 301
2820 303
2825 303
2830 303
2835 303
2840 306
2845 305
2850 307
2855 305
2860 305
2865 306
2870 307
2875 322
2880 308
2885 312
2890 310
2895 310
2900 312
2905 311
2910 314
2915 313
2920 314
2925 336
2930 317
2935 317
2940 316
2945 316
2950 316
2955 319
2960 319
2965 320
2970 312
2975 313
2980 320
2985 320
2990 321
2995 323
3000 323
3005 323
3010 324
3015 324
3020 326
3025 327
3030 325
3035 327
3040 321
3045 330
3050 330
3055 329
3060 331
3065 332
3070 332
3075 333
3080 333
3085 335
3090 336
3095 336
3100 335
3105 335
3110 337
3115 337
3120 339
3125 338
3130 340
3135 340
3140 341
3145 341
3150 342
3155 343
3160 372
3165 343
3170 344
3175 342
3180 353
3185 346
3190 356
3195 339
3200 330
3205 341
3210 339
3215 340
3220 339
3225 341
3230 342
3235 344
3240 345
3245 346
3250 337
3255 346
3260 346
3265 347
3270 345
3275 397
3280 348
3285 349
3290 350
3295 389
3300 351
3305 352
3310 353
3315 351
3320 390
3325 355
3330 356
3335 355
3340 355
3345 357
3350 357
3355 356
3360 358
3365 359
3370 359
3375 359
3380 360
3385 361
3390 360
3395 400
3400 354
3405 363
3410 364
3415 364
3420 366
3425 365
3430 367
3435 405
3440 364
3445 368
3450 371
3455 377
3460 488
3465 363
3470 362
3475 365
3480 363
3485 364
3490 364
3495 364
3500 367
3505 367
3510 366
3515 367
3520 369
3525 368
3530 368
3535 369
3540 372
3545 371
3550 447
3555 371
3560 373
3565 470
3570 375
3575 374
3580 376
3585 378
3590 378
3595 376
3600 376
3605 377
3610 379
3615 454
3620 389
3625 391
3630 393
3635 422
3640 394
3645 383
3650 383
3655 383
3660 382
3665 385
3670 386
3675 387
3680 387
3685 388
3690 379
3695 491
3700 391
3705 390
3710 391
3715 391
3720 489
3725 390
3730 393
3735 396
3740 394
3745 394
3750 396
3755 396
3760 395
3765 396
3770 400
3775 399
3780 399
3785 398
3790 401
3795 402
3800 402
3805 402
3810 402
3815 403
3820 479
3825 404
3830 405
3835 407
3840 481
3845 407
3850 442
3855 408
3860 408
3865 409
3870 408
3875 409
3880 448
3885 410
3890 411
3895 414
3900 414
3905 414
3910 452
3915 431
3920 479
3925 427
3930 430
3935 452
3940 426
3945 430
3950 432
3955 434
3960 521
3965 432
3970 432
3975 434
3980 433
3985 436
3990 435
3995 435
4000 435
4005 436
4010 436
4015 438
4020 439
4025 441
4030 439
4035 441
4040 492
4045 448
4050 511
4055 432
4060 432
4065 435
4070 453
4075 471
4080 434
4085 434
4090 435
4095 435
4100 437
4105 439
4110 438
4115 474
4120 438
4125 440
4130 439
4135 439
4140 443
4145 443
4150 574
4155 444
4160 518
4165 455
4170 458
4175 456
4180 477
4185 510
4190 449
4195 448
4200 447
4205 450
4210 452
4215 450
4220 450
4225 440
4230 451
4235 453
4240 473
4245 466
4250 577
4255 465
4260 470
4265 467
4270 552
4275 469
4280 470
4285 470
4290 469
4295 471
4300 472
4305 474
4310 474
4315 473
4320 473
4325 475
4330 507
4335 489
4340 465
4345 466
4350 465
4355 467
4360 466
4365 469
4370 532
4375 547
4380 472
4385 470
4390 469
4395 562
4400 470
4405 474
4410 538
4415 484
4420 487
4425 487
4430 519
4435 522
4440 489
4445 491
4450 489
4455 489
4460 492
4465 481
4470 493
4475 524
4480 493
4485 495
4490 493
4495 496
4500 495
4505 498
4510 498
4515 498
4520 500
4525 500
4530 506
4535 686
4540 491
4545 492
4550 490
4555 490
4560 490
4565 491
4570 490
4575 566
4580 480
4585 493
4590 496
4595 569
4600 498
4605 495
4610 497
4615 497
4620 501
4625 500
4630 497
4635 498
4640 500
4645 502
4650 544
4655 532
4660 502
4665 503
4670 505
4675 600
4680 522
4685 539
4690 535
4695 548
4700 521
4705 524
4710 524
4715 522
4720 552
4725 548
4730 528
4735 564
4740 544
4745 546
4750 536
4755 550
4760 528
4765 527
4770 567
4775 682
4780 662
4785 704
4790 669
4795 544
4800 546
4805 547
4810 552
4815 548
4820 550
4825 548
4830 552
4835 552
4840 553
4845 547
4850 552
4855 575
4860 555
4865 556
4870 552
4875 558
4880 610
4885 650
4890 566
4895 544
4900 544
4905 545
4910 546
4915 548
4920 548
4925 548
4930 548
4935 549
4940 553
4945 622
4950 550
4955 553
4960 639
4965 572
4970 542
4975 537
4980 541
4985 541
4990 540
4995 540
5000 541
5005 541
5010 546
5015 544
5020 583
5025 547
5030 547
5035 647
5040 548
5045 550
5050 550
5055 548
5060 551
5065 552
5070 551
5075 552
5080 540
5085 553
5090 552
5095 553
5100 555
5105 613
5110 573
5115 558
5120 557
5125 612
5130 553
5135 560
5140 722
5145 561
5150 562
5155 561
5160 560
5165 563
5170 622
5175 578
5180 579
5185 580
5190 628
5195 566
5200 565
5205 565
5210 703
5215 583
5220 586
5225 583
5230 584
5235 585
5240 584
5245 586
5250 588
5255 589
5260 590
5265 638
5270 591
5275 591
5280 635
5285 613
5290 608
5295 648
5300 671
5305 580
5310 779
5315 579
5320 582
5325 580
5330 582
5335 584
5340 585
5345 584
5350 584
5355 585
5360 585
5365 585
5370 587
5375 665
5380 666
5385 588
5390 587
5395 590
5400 592
5405 591
5410 590
5415 595
5420 594
5425 596
5430 594
5435 597
5440 595
5445 597
5450 594
5455 598
5460 627
5465 687
5470 600
5475 712
5480 602
5485 674
5490 673
5495 684
5500 761
5505 685
5510 602
5515 604
5520 612
5525 622
5530 621
5535 660
5540 665
5545 627
5550 625
5555 627
5560 625
5565 628
5570 625
5575 629
5580 628
5585 628
5590 626
5595 631
5600 631
5605 629
5610 633
5615 630
5620 693
5625 632
5630 633
5635 727
5640 633
5645 635
5650 638
5655 710
5660 640
5665 676
5670 638
5675 664
5680 680
5685 661
5690 644
5695 673
5700 643
5705 642
5710 644
5715 643
5720 647
5725 645
5730 646
5735 647
5740 648
5745 630
5750 633
5755 634
5760 633
5765 664
5770 637
5775 718
5780 636
5785 638
5790 801
5795 636
5800 638
5805 639
5810 637
5815 639
5820 641
5825 640
5830 643
5835 721
5840 644
5845 663
5850 752
5855 644
5860 783
5865 645
5870 647
5875 646
5880 645
5885 674
5890 668
5895 668
5900 965
5905 689
5910 667
5915 671
5920 721
5925 671
5930 674
5935 735
5940 673
5945 675
5950 673
5955 674
5960 674
5965 674
5970 675
5975 677
5980 677
5985 677
5990 681
5995 716
6000 682
6005 681
6010 683
6015 725
6020 685
6025 681
6030 704
6035 684
6040 666
6045 669
6050 667
6055 671
6060 745
6065 670
6070 746
6075 672
6080 672
6085 798
6090 672
6095 672
6100 802
6105 675
6110 676
6115 675
6120 676
6125 677
6130 676
6135 677
6140 770
6145 680
6150 831
6155 700
6160 736
6165 701
6170 702
6175 738
6180 701
6185 746
6190 703
6195 705
6200 705
6205 703
6210 786
6215 706
6220 707
6225 795
6230 706
6235 708
6240 710
6245 709
6250 710
6255 712
6260 709
6265 711
6270 712
6275 714
6280 762
6285 716
6290 775
6295 715
6300 719
6305 728
6310 696
6315 703
6320 700
6325 700
6330 729
6335 699
6340 702
6345 762
6350 764
6355 726
6360 729
6365 843
6370 705
6375 709
6380 708
6385 709
6390 712
6395 799
6400 711
6405 711
6410 713
6415 712
6420 791
6425 713
6430 709
6435 713
6440 714
6445 717
6450 716
6455 718
6460 718
6465 717
6470 721
6475 721
6480 717
6485 722
6490 794
6495 801
6500 721
6505 840
6510 722
6515 779
6520 726
6525 707
6530 727
6535 727
6540 729
6545 727
6550 731
6555 786
6560 853
6565 806
6570 730
6575 729
6580 734
6585 735
6590 736
6595 811
6600 735
6605 734
6610 737
6615 814
6620 739
6625 902
6630 726
6635 787
6640 779
6645 741
6650 740
6655 740
6660 744
6665 742
6670 759
6675 910
6680 855
6685 788
6690 813
6695 810
6700 848
6705 1136
6710 1026
6715 953
6720 783
6725 789
6730 791
6735 792
6740 796
6745 797
6750 793
6755 794
6760 830
6765 826
6770 797
6775 800
6780 806
6785 798
6790 798
6795 800
6800 801
6805 805
6810 806
6815 804
6820 803
6825 806
6830 804
6835 807
6840 803
6845 832
6850 786
6855 784
6860 785
6865 787
6870 903
6875 788
6880 787
6885 896
6890 789
6895 793
6900 786
6905 791
6910 792
6915 795
6920 811
6925 798
6930 800
6935 843
6940 797
6945 832
6950 799
6955 832
6960 793
6965 774
6970 780
6975 781
6980 783
6985 800
6990 817
6995 857
7000 782
7005 781
7010 881
7015 785
7020 786
7025 784
7030 787
7035 785
7040 785
7045 787
7050 792
7055 785
7060 870
7065 793
7070 800
7075 792
7080 791
7085 792
7090 792
7095 796
7100 795
7105 789
7110 795
7115 798
7120 859
7125 852
7130 799
7135 921
7140 796
7145 803
7150 801
7155 802
7160 802
7165 801
7170 803
7175 825
7180 828
7185 876
7190 808
7195 839
7200 808
7205 807
7210 806
7215 807
7220 884
7225 809
7230 805
7235 846
7240 812
7245 906
7250 830
7255 914
7260 931
7265 869
7270 1163
7275 969
7280 865
7285 862
7290 865
7295 864
7300 857
7305 864
7310 853
7315 866
7320 864
7325 864
7330 866
7335 867
7340 870
7345 868
7350 847
7355 880
7360 835
7365 850
7370 928
7375 850
7380 852
7385 853
7390 947
7395 853
7400 854
7405 853
7410 867
7415 833
7420 935
7425 827
7430 965
7435 906
7440 833
7445 835
7450 837
7455 840
7460 836
7465 857
7470 860
7475 896
7480 864
7485 895
7490 963
7495 863
7500 865
7505 867
7510 900
7515 867
7520 898
7525 844
7530 869
7535 909
7540 870
7545 870
7550 872
7555 869
7560 872
7565 871
7570 875
7575 875
7580 851
7585 853
7590 979
7595 873
7600 855
7605 916
7610 859
7615 856
7620 855
7625 857
7630 859
7635 975
7640 929
7645 860
7650 939
7655 934
7660 861
7665 863
7670 861
7675 864
7680 866
7685 865
7690 866
7695 867
7700 868
7705 996
7710 870
7715 965
7720 901
7725 871
7730 870
7735 943
7740 867
7745 872
7750 873
7755 873
7760 895
7765 909
7770 910
7775 875
7780 873
7785 897
7790 910
7795 877
7800 953
7805 877
7810 880
7815 880
7820 966
7825 880
7830 974
7835 881
7840 885
7845 961
7850 884
7855 887
7860 887
7865 885
7870 885
7875 954
7880 866
7885 985
7890 890
7895 871
7900 889
7905 892
7910 892
7915 895
7920 897
7925 893
7930 973
7935 899
7940 973
7945 907
7950 984
7955 916
7960 914
7965 899
7970 897
7975 1048
7980 902
7985 968
7990 901
7995 906
8000 904
8005 973
8010 904
8015 906
8020 906
8025 903
8030 908
8035 1008
8040 983
8045 983
8050 1039
8055 1059
8060 906
8065 910
8070 909
8075 915
8080 911
8085 956
8090 951
8095 1018
8100 928
8105 940
8110 942
8115 942
8120 938
8125 1065
8130 943
8135 946
8140 944
8145 995
8150 1024
8155 1160
8160 955
8165 925
8170 1000
8175 923
8180 922
8185 926
8190 928
8195 1014
8200 951
8205 954
8210 954
8215 956
8220 956
8225 952
8230 955
8235 957
8240 955
8245 957
8250 1083
8255 931
8260 1015
8265 932
8270 939
8275 937
8280 935
8285 1014
8290 936
8295 1042
8300 1010
8305 1005
8310 1093
8315 1006
8320 966
8325 967
8330 968
8335 968
8340 956
8345 944
8350 1016
8355 1097
8360 945
8365 1073
8370 950
8375 950
8380 947
8385 951
8390 951
8395 1006
8400 952
8405 1027
8410 950
8415 956
8420 1026
8425 1040
8430 955
8435 954
8440 957
8445 958
8450 956
8455 1036
8460 961
8465 1059
8470 1010
8475 960
8480 1069
8485 960
8490 961
8495 965
8500 1017
8505 983
8510 981
8515 964
8520 969
8525 1038
8530 969
8535 1041
8540 968
8545 969
8550 975
8555 970
8560 1050
8565 1049
8570 1133
8575 971
8580 972
8585 973
8590 972
8595 974
8600 975
8605 1049
8610 1052
8615 978
8620 980
8625 978
8630 980
8635 981
8640 984
8645 983
8650 1276
8655 983
8660 1055
8665 1062
8670 1109
8675 1012
8680 1009
8685 1014
8690 1012
8695 1015
8700 1014
8705 1018
8710 1053
8715 1043
8720 1025
8725 992
8730 992
8735 992
8740 1057
8745 995
8750 994
8755 996
8760 1064
8765 1034
8770 1043
8775 1028
8780 1025
8785 1023
8790 1025
8795 1026
8800 1028
8805 1068
8810 1026
8815 1022
8820 1002
8825 1003
8830 1007
8835 1080
8840 1009
8845 1006
8850 1006
8855 1099
8860 1009
8865 1153
8870 1005
8875 1009
8880 1085
8885 1010
8890 1010
8895 1012
8900 1011
8905 1123
8910 1017
8915 1058
8920 1016
8925 1019
8930 1018
8935 1018
8940 1020
8945 1023
8950 1021
8955 1142
8960 1097
8965 1184
8970 1022
8975 1024
8980 998
8985 1106
8990 1026
8995 1114
9000 1094
9005 1026
9010 1030
9015 1054
9020 1055
9025 1056
9030 1056
9035 1055
9040 1056
9045 1092
9050 1097
9055 1060
9060 1177
9065 1061
9070 1061
9075 1065
9080 1058
9085 1063
9090 1040
9095 1099
9100 1097
9105 1012
9110 1115
9115 1042
9120 1040
9125 1039
9130 1076
9135 1113
9140 1044
9145 1192
9150 1046
9155 1227
9160 1045
9165 1043
9170 1043
9175 1077
9180 1074
9185 1072
9190 1114
9195 1079
9200 1078
9205 1077
9210 1080
9215 1081
9220 1082
9225 1155
9230 1228
9235 1164
9240 1305
9245 1273
9250 1581
9255 1435
9260 1088
9265 1087
9270 1081
9275 1150
9280 1122
9285 1174
9290 1088
9295 1183
9300 1090
9305 1188
9310 1087
9315 1089
9320 1176
9325 1097
9330 1146
9335 1092
9340 1114
9345 1093
9350 1089
9355 1094
9360 1183
9365 1098
9370 1098
9375 1140
9380 1100
9385 1099
9390 1101
9395 1120
9400 1106
9405 1100
9410 1103
9415 1146
9420 1205
9425 1147
9430 1103
9435 1105
9440 1104
9445 1080
9450 1145
9455 1110
9460 1105
9465 1126
9470 1083
9475 1085
9480 1080
9485 1082
9490 1089
9495 1086
9500 1086
9505 1164
9510 1087
9515 1231
9520 1087
9525 1087
9530 1091
9535 1091
9540 1169
9545 1089
9550 1169
9555 1136
9560 1122
9565 1121
9570 1117
9575 1122
9580 1124
9585 1170
9590 1126
9595 1163
9600 1099
9605 1250
9610 1099
9615 1100
9620 1179
9625 1104
9630 1162
9635 1198
9640 1168
9645 1116
9650 1134
9655 1134
9660 1133
9665 1134
9670 1138
9675 1138
9680 1125
9685 1308
9690 1273
9695 1108
9700 1112
9705 1110
9710 1111
9715 1111
9720 1134
9725 1187
9730 1141
9735 1145
9740 1143
9745 1146
9750 1185
9755 1147
9760 1204
9765 1118
9770 1235
9775 1122
9780 1262
9785 1120
9790 1124
9795 1126
9800 1123
9805 1121
9810 1126
9815 1190
9820 1129
9825 1126
9830 1207
9835 1128
9840 1128
9845 1201
9850 1130
9855 1132
9860 1229
9865 1216
9870 1244
9875 1136
9880 1135
9885 1134
9890 1135
9895 1134
9900 1287
9905 1218
9910 1137
9915 1139
9920 1140
9925 1139
9930 1139
9935 1143
9940 1139
9945 1239
9950 1144
9955 1252
9960 1144
9965 1148
9970 1144
9975 1142
9980 1146
9985 1190
9990 1220
9995 1171
10000 1147
