5 0
10 0
15 0
20 0
25 1
30 1
35 1
40 1
45 2
50 2
55 2
60 3
65 3
70 3
75 3
80 4
85 4
90 4
95 5
100 5
105 5
110 5
115 6
120 6
125 7
130 7
135 7
140 8
145 8
150 8
155 9
160 9
165 9
170 10
175 10
180 11
185 11
190 11
195 12
200 12
205 12
210 13
215 13
220 13
225 14
230 15
235 14
240 15
245 16
250 16
255 16
260 17
265 17
270 17
275 18
280 19
285 19
290 19
295 20
300 20
305 20
310 21
315 21
320 22
325 22
330 22
335 22
340 23
345 24
350 24
355 25
360 25
365 26
370 26
375 27
380 27
385 28
390 28
395 28
400 28
405 28
410 29
415 30
420 30
425 31
430 31
435 32
440 32
445 32
450 32
455 32
460 34
465 34
470 54
475 36
480 37
485 53
490 36
495 37
500 37
505 38
510 38
515 39
520 39
525 40
530 40
535 41
540 41
545 42
550 43
555 43
560 44
565 43
570 44
575 45
580 44
585 46
590 46
595 46
600 47
605 47
610 48
615 48
620 49
625 49
630 49
635 51
640 50
645 51
650 52
655 53
660 80
665 53
670 53
675 54
680 55
685 55
690 56
695 56
700 57
705 57
710 58
715 57
720 58
725 59
730 78
735 61
740 61
745 61
750 62
755 62
760 62
765 63
770 64
775 64
780 64
785 65
790 66
795 66
800 67
805 68
810 68
815 68
820 68
825 69
830 99
835 87
840 70
845 71
850 71
855 72
860 72
865 73
870 74
875 74
880 75
885 75
890 75
895 76
900 75
905 76
910 77
915 78
920 79
925 79
930 79
935 80
940 80
945 81
950 81
955 82
960 83
965 84
970 82
975 84
980 84
985 85
990 84
995 87
1000 85
1005 88
1010 86
1015 88
1020 90
1025 90
1030 91
1035 91
1040 91
1045 92
1050 93
1055 96
1060 169
1065 97
1070 113
1075 95
1080 95
1085 96
1090 96
1095 97
1100 97
1105 98
1110 99
1115 99
1120 99
1125 100
1130 101
1135 102
1140 101
1145 102
1150 102
1155 104
1160 103
1165 105
1170 105
1175 127
1180 124
1185 108
1190 108
1195 108
1200 108
1205 109
1210 110
1215 110
1220 111
1225 111
1230 112
1235 111
1240 113
1245 113
1250 114
1255 114
1260 138
1265 115
1270 116
1275 117
1280 116
1285 117
1290 118
1295 120
1300 118
1305 120
1310 120
1315 121
1320 121
1325 121
1330 124
1335 146
1340 133
1345 143
1350 124
1355 126
1360 127
1365 127
1370 127
1375 127
1380 128
1385 127
1390 128
1395 131
1400 130
1405 131
1410 131
1415 132
1420 133
1425 133
1430 134
1435 134
1440 172
1445 135
1450 135
1455 136
1460 136
1465 137
1470 137
1475 139
1480 136
1485 139
1490 140
1495 141
1500 141
1505 141
1510 142
1515 142
1520 144
1525 144
1530 145
1535 145
1540 146
1545 145
1550 147
1555 147
1560 147
1565 148
1570 149
1575 149
1580 149
1585 150
1590 150
1595 152
1600 191
1605 153
1610 175
1615 172
1620 154
1625 154
1630 155
1635 155
1640 156
1645 157
1650 158
1655 158
1660 159
1665 159
1670 160
1675 161
1680 162
1685 161
1690 163
1695 161
1700 164
1705 164
1710 163
1715 164
1720 164
1725 167
1730 167
1735 166
1740 168
1745 168
1750 169
1755 168
1760 170
1765 171
1770 171
1775 171
1780 171
1785 172
1790 173
1795 174
1800 175
1805 176
1810 176
1815 177
1820 178
1825 178
1830 178
1835 180
1840 180
1845 180
1850 235
1855 277
1860 183
1865 184
1870 234
1875 179
1880 178
1885 242
1890 207
1895 181
1900 181
1905 181
1910 182
1915 182
1920 184
1925 186
1930 185
1935 186
1940 210
1945 251
1950 191
1955 190
1960 191
1965 191
1970 210
1975 246
1980 297
1985 193
1990 192
1995 194
2000 212
2005 247
2010 194
2015 196
2020 196
2025 196
2030 196
2035 197
2040 213
2045 205
2050 204
2055 204
2060 225
2065 239
2070 206
2075 207
2080 206
2085 207
2090 204
2095 209
2100 210
2105 210
2110 210
2115 211
2120 212
2125 212
2130 305
2135 216
2140 218
2145 271
2150 234
2155 239
2160 324
2165 262
2170 234
2175 226
2180 227
2185 230
2190 229
2195 229
2200 228
2205 231
2210 231
2215 234
2220 232
2225 231
2230 233
2235 235
2240 240
2245 249
2250 237
2255 267
2260 235
2265 237
2270 238
2275 239
2280 236
2285 238
2290 240
2295 239
2300 240
2305 242
2310 242
2315 241
2320 244
2325 247
2330 255
2335 250
2340 247
2345 249
2350 249
2355 245
2360 246
2365 251
2370 280
2375 251
2380 251
2385 253
2390 252
2395 247
2400 255
2405 255
2410 255
2415 254
2420 255
2425 254
2430 255
2435 260
2440 258
2445 257
2450 257
2455 259
2460 259
2465 261
2470 262
2475 263
2480 267
2485 267
2490 261
2495 266
2500 270
2505 272
2510 279
2515 269
2520 271
2525 270
2530 281
2535 273
2540 274
2545 272
2550 274
2555 277
2560 277
2565 276
2570 278
2575 273
2580 274
2585 275
2590 277
2595 277
2600 275
2605 274
2610 276
2615 281
2620 280
2625 278
2630 278
2635 279
2640 279
2645 281
2650 280
2655 282
2660 292
2665 285
2670 284
2675 285
2680 287
2685 301
2690 289
2695 291
2700 288
2705 290
2710 288
2715 290
2720 292
2725 362
2730 289
2735 293
2740 293
2745 293
2750 295
2755 295
2760 296
2765 295
2770 295
2775 296
2780 298
2785 298
2790 297
2795 300
2800 299
2805 300
2810 301
2815 300
2820 302
2825 327
2830 302
2835 302
2840 304
2845 304
2850 305
2855 305
2860 309
2865 307
2870 308
2875 311
2880 310
2885 308
2890 309
2895 309
2900 312
2905 310
2910 316
2915 304
2920 305
2925 306
2930 306
2935 307
2940 344
2945 309
2950 308
2955 310
2960 310
2965 309
2970 312
2975 311
2980 312
2985 313
2990 315
2995 314
3000 315
3005 315
3010 317
3015 316
3020 320
3025 317
3030 346
3035 319
3040 312
3045 321
3050 382
3055 340
3060 323
3065 323
3070 323
3075 329
3080 323
3085 324
3090 372
3095 326
3100 326
3105 326
3110 327
3115 328
3120 328
3125 347
3130 330
3135 331
3140 329
3145 331
3150 331
3155 331
3160 333
3165 333
3170 371
3175 416
3180 332
3185 336
3190 358
3195 353
3200 339
3205 340
3210 339
3215 340
3220 340
3225 340
3230 342
3235 342
3240 342
3245 344
3250 343
3255 344
3260 344
3265 379
3270 345
3275 349
3280 350
3285 348
3290 349
3295 350
3300 350
3305 349
3310 351
3315 393
3320 353
3325 355
3330 366
3335 347
3340 435
3345 381
3350 348
3355 348
3360 349
3365 349
3370 348
3375 351
3380 350
3385 352
3390 351
3395 353
3400 352
3405 353
3410 354
3415 355
3420 354
3425 355
3430 356
3435 357
3440 358
3445 357
3450 357
3455 462
3460 362
3465 361
3470 352
3475 363
3480 363
3485 361
3490 362
3495 364
3500 363
3505 363
3510 356
3515 367
3520 366
3525 359
3530 368
3535 370
3540 370
3545 370
3550 370
3555 420
3560 381
3565 381
3570 380
3575 385
3580 384
3585 405
3590 398
3595 403
3600 407
3605 465
3610 444
3615 465
3620 380
3625 380
3630 400
3635 436
3640 380
3645 382
3650 385
3655 383
3660 383
3665 383
3670 385
3675 385
3680 388
3685 385
3690 387
3695 389
3700 388
3705 407
3710 399
3715 487
3720 400
3725 401
3730 403
3735 501
3740 404
3745 403
3750 404
3755 454
3760 404
3765 406
3770 407
3775 408
3780 407
3785 410
3790 410
3795 411
3800 409
3805 410
3810 409
3815 483
3820 414
3825 413
3830 414
3835 454
3840 416
3845 416
3850 416
3855 492
3860 427
3865 420
3870 420
3875 418
3880 420
3885 420
3890 420
3895 423
3900 424
3905 424
3910 424
3915 425
3920 426
3925 426
3930 458
3935 428
3940 427
3945 428
3950 466
3955 430
3960 430
3965 431
3970 430
3975 434
3980 432
3985 431
3990 434
3995 433
4000 435
4005 437
4010 437
4015 435
4020 544
4025 439
4030 440
4035 448
4040 428
4045 429
4050 430
4055 432
4060 430
4065 504
4070 444
4075 446
4080 446
4085 472
4090 510
4095 435
4100 438
4105 436
4110 438
4115 438
4120 438
4125 438
4130 439
4135 515
4140 443
4145 440
4150 444
4155 442
4160 443
4165 444
4170 443
4175 504
4180 446
4185 446
4190 448
4195 449
4200 449
4205 448
4210 445
4215 450
4220 449
4225 449
4230 522
4235 450
4240 454
4245 452
4250 452
4255 452
4260 456
4265 444
4270 454
4275 454
4280 457
4285 575
4290 458
4295 460
4300 458
4305 560
4310 483
4315 463
4320 462
4325 559
4330 464
4335 464
4340 503
4345 502
4350 476
4355 477
4360 479
4365 564
4370 481
4375 482
4380 480
4385 481
4390 571
4395 549
4400 484
4405 477
4410 484
4415 521
4420 488
4425 487
4430 489
4435 490
4440 493
4445 476
4450 477
4455 478
4460 476
4465 479
4470 481
4475 477
4480 481
4485 569
4490 565
4495 645
4500 483
4505 501
4510 642
4515 485
4520 483
4525 486
4530 503
4535 499
4540 500
4545 500
4550 501
4555 502
4560 505
4565 502
4570 543
4575 504
4580 492
4585 561
4590 505
4595 507
4600 510
4605 508
4610 510
4615 509
4620 497
4625 510
4630 510
4635 511
4640 501
4645 511
4650 512
4655 513
4660 514
4665 515
4670 516
4675 551
4680 519
4685 558
4690 549
4695 520
4700 508
4705 553
4710 519
4715 543
4720 538
4725 537
4730 537
4735 538
4740 553
4745 528
4750 583
4755 559
4760 512
4765 514
4770 593
4775 559
4780 558
4785 518
4790 517
4795 516
4800 612
4805 694
4810 571
4815 535
4820 579
4825 785
4830 659
4835 647
4840 632
4845 613
4850 536
4855 640
4860 539
4865 540
4870 540
4875 625
4880 609
4885 598
4890 582
4895 545
4900 544
4905 576
4910 565
4915 546
4920 544
4925 545
4930 549
4935 549
4940 550
4945 660
4950 548
4955 565
4960 563
4965 566
4970 566
4975 565
4980 566
4985 567
4990 599
4995 569
5000 572
5005 570
5010 570
5015 574
5020 573
5025 571
5030 610
5035 588
5040 560
5045 559
5050 680
5055 561
5060 564
5065 562
5070 562
5075 564
5080 565
5085 567
5090 567
5095 568
5100 567
5105 568
5110 567
5115 609
5120 607
5125 571
5130 573
5135 570
5140 573
5145 617
5150 572
5155 576
5160 576
5165 575
5170 575
5175 577
5180 577
5185 578
5190 601
5195 573
5200 617
5205 614
5210 581
5215 582
5220 581
5225 623
5230 583
5235 569
5240 582
5245 582
5250 587
5255 589
5260 586
5265 660
5270 590
5275 583
5280 592
5285 620
5290 644
5295 578
5300 579
5305 580
5310 580
5315 578
5320 579
5325 581
5330 580
5335 581
5340 581
5345 584
5350 582
5355 582
5360 587
5365 585
5370 586
5375 608
5380 620
5385 590
5390 585
5395 713
5400 602
5405 604
5410 618
5415 588
5420 590
5425 591
5430 591
5435 594
5440 593
5445 594
5450 615
5455 608
5460 649
5465 621
5470 597
5475 633
5480 597
5485 598
5490 597
5495 599
5500 599
5505 602
5510 602
5515 600
5520 602
5525 603
5530 604
5535 603
5540 605
5545 670
5550 605
5555 607
5560 695
5565 606
5570 610
5575 681
5580 628
5585 624
5590 646
5595 631
5600 614
5605 651
5610 614
5615 613
5620 610
5625 790
5630 613
5635 619
5640 618
5645 616
5650 619
5655 617
5660 619
5665 606
5670 620
5675 620
5680 621
5685 625
5690 681
5695 623
5700 621
5705 697
5710 628
5715 625
5720 736
5725 626
5730 628
5735 629
5740 628
5745 630
5750 632
5755 632
5760 631
5765 632
5770 629
5775 634
5780 687
5785 672
5790 652
5795 655
5800 659
5805 636
5810 634
5815 639
5820 710
5825 638
5830 704
5835 658
5840 681
5845 699
5850 718
5855 643
5860 766
5865 632
5870 647
5875 754
5880 646
5885 666
5890 662
5895 718
5900 665
5905 666
5910 665
5915 666
5920 669
5925 669
5930 671
5935 709
5940 667
5945 729
5950 669
5955 695
5960 678
5965 656
5970 657
5975 655
5980 656
5985 654
5990 659
5995 661
6000 741
6005 709
6010 680
6015 665
6020 795
6025 731
6030 682
6035 681
6040 681
6045 682
6050 684
6055 686
6060 722
6065 684
6070 686
6075 687
6080 731
6085 688
6090 689
6095 687
6100 672
6105 674
6110 673
6115 674
6120 813
6125 747
6130 676
6135 677
6140 675
6145 680
6150 753
6155 677
6160 679
6165 803
6170 882
6175 900
6180 719
6185 722
6190 719
6195 723
6200 717
6205 721
6210 723
6215 840
6220 923
6225 723
6230 740
6235 744
6240 724
6245 727
6250 708
6255 728
6260 736
6265 729
6270 730
6275 732
6280 731
6285 743
6290 718
6295 738
6300 739
6305 731
6310 736
6315 736
6320 737
6325 738
6330 738
6335 739
6340 737
6345 736
6350 740
6355 747
6360 720
6365 719
6370 722
6375 722
6380 724
6385 798
6390 831
6395 807
6400 756
6405 728
6410 725
6415 759
6420 748
6425 752
6430 747
6435 852
6440 749
6445 751
6450 753
6455 749
6460 784
6465 738
6470 751
6475 761
6480 735
6485 736
6490 726
6495 739
6500 739
6505 739
6510 738
6515 740
6520 742
6525 742
6530 741
6535 744
6540 745
6545 746
6550 747
6555 748
6560 746
6565 782
6570 888
6575 750
6580 747
6585 748
6590 802
6595 788
6600 780
6605 752
6610 752
6615 754
6620 798
6625 751
6630 755
6635 754
6640 755
6645 756
6650 756
6655 756
6660 788
6665 742
6670 742
6675 742
6680 819
6685 741
6690 823
6695 897
6700 884
6705 743
6710 746
6715 744
6720 747
6725 773
6730 767
6735 768
6740 770
6745 768
6750 768
6755 850
6760 806
6765 771
6770 772
6775 773
6780 773
6785 777
6790 755
6795 754
6800 875
6805 819
6810 780
6815 818
6820 786
6825 779
6830 826
6835 781
6840 781
6845 786
6850 782
6855 783
6860 822
6865 783
6870 785
6875 788
6880 825
6885 786
6890 790
6895 791
6900 787
6905 792
6910 845
6915 832
6920 799
6925 814
6930 771
6935 775
6940 777
6945 849
6950 803
6955 873
6960 775
6965 808
6970 798
6975 800
6980 798
6985 800
6990 800
6995 798
7000 879
7005 889
7010 804
7015 806
7020 812
7025 784
7030 784
7035 783
7040 788
7045 789
7050 784
7055 788
7060 777
7065 933
7070 846
7075 789
7080 920
7085 792
7090 794
7095 834
7100 792
7105 792
7110 794
7115 796
7120 794
7125 798
7130 871
7135 800
7140 863
7145 798
7150 798
7155 800
7160 798
7165 801
7170 805
7175 842
7180 803
7185 804
7190 865
7195 863
7200 806
7205 892
7210 806
7215 806
7220 807
7225 808
7230 807
7235 846
7240 805
7245 912
7250 814
7255 912
7260 816
7265 815
7270 889
7275 818
7280 815
7285 816
7290 817
7295 816
7300 813
7305 817
7310 893
7315 845
7320 807
7325 948
7330 821
7335 1006
7340 823
7345 823
7350 824
7355 823
7360 827
7365 848
7370 847
7375 894
7380 889
7385 852
7390 853
7395 901
7400 850
7405 851
7410 854
7415 855
7420 866
7425 868
7430 908
7435 908
7440 834
7445 939
7450 834
7455 837
7460 839
7465 838
7470 835
7475 916
7480 891
7485 871
7490 954
7495 994
7500 993
7505 882
7510 975
7515 841
7520 843
7525 846
7530 880
7535 865
7540 866
7545 907
7550 871
7555 889
7560 866
7565 928
7570 871
7575 872
7580 874
7585 876
7590 875
7595 875
7600 875
7605 953
7610 972
7615 880
7620 878
7625 879
7630 881
7635 879
7640 859
7645 860
7650 861
7655 897
7660 940
7665 864
7670 987
7675 860
7680 862
7685 864
7690 861
7695 888
7700 888
7705 867
7710 945
7715 936
7720 870
7725 870
7730 941
7735 871
7740 946
7745 871
7750 869
7755 870
7760 948
7765 910
7770 871
7775 951
7780 859
7785 1006
7790 879
7795 878
7800 876
7805 913
7810 879
7815 877
7820 881
7825 877
7830 1089
7835 1025
7840 931
7845 988
7850 975
7855 1056
7860 909
7865 909
7870 944
7875 910
7880 1056
7885 911
7890 972
7895 944
7900 934
7905 940
7910 937
7915 938
7920 933
7925 942
7930 939
7935 940
7940 944
7945 950
7950 918
7955 922
7960 924
7965 923
7970 919
7975 922
7980 926
7985 926
7990 968
7995 1000
8000 1012
8005 906
8010 1077
8015 932
8020 1371
8025 1348
8030 1146
8035 941
8040 981
8045 1075
8050 931
8055 932
8060 955
8065 936
8070 931
8075 934
8080 936
8085 937
8090 938
8095 937
8100 1032
8105 988
8110 1004
8115 939
8120 942
8125 944
8130 1038
8135 1057
8140 973
8145 967
8150 970
8155 970
8160 975
8165 971
8170 973
8175 973
8180 976
8185 973
8190 989
8195 952
8200 1064
8205 953
8210 956
8215 950
8220 953
8225 995
8230 953
8235 954
8240 929
8245 1014
8250 972
8255 931
8260 934
8265 936
8270 936
8275 938
8280 973
8285 937
8290 1030
8295 1036
8300 941
8305 1055
8310 939
8315 942
8320 983
8325 942
8330 989
8335 963
8340 1006
8345 971
8350 999
8355 995
8360 970
8365 971
8370 972
8375 973
8380 980
8385 948
8390 996
8395 982
8400 1104
8405 949
8410 1076
8415 954
8420 953
8425 954
8430 956
8435 955
8440 955
8445 958
8450 1061
8455 954
8460 1089
8465 958
8470 961
8475 961
8480 962
8485 980
8490 980
8495 1064
8500 1003
8505 1022
8510 1025
8515 997
8520 1043
8525 997
8530 1065
8535 992
8540 997
8545 994
8550 1017
8555 995
8560 1122
8565 995
8570 995
8575 996
8580 999
8585 996
8590 1001
8595 999
8600 1001
8605 1182
8610 1062
8615 1032
8620 1047
8625 1064
8630 1120
8635 1128
8640 1035
8645 1071
8650 1028
8655 1093
8660 1093
8665 1175
8670 1011
8675 1011
8680 1014
8685 1011
8690 1012
8695 1120
8700 1010
8705 1151
8710 1073
8715 1044
8720 1041
8725 1043
8730 1044
8735 1047
8740 1034
8745 1050
8750 1055
8755 1024
8760 1018
8765 1021
8770 1058
8775 1022
8780 1020
8785 1024
8790 1094
8795 1077
8800 1002
8805 1103
8810 1001
8815 1001
8820 1001
8825 1001
8830 1089
8835 1003
8840 1002
8845 1081
8850 1006
8855 1007
8860 1009
8865 1008
8870 1009
8875 983
8880 1010
8885 1011
8890 986
8895 1129
8900 1186
8905 1046
8910 1013
8915 1019
8920 1012
8925 1017
8930 1036
8935 1040
8940 1089
8945 1045
8950 1048
8955 1043
8960 1046
8965 1048
8970 1051
8975 1049
8980 1089
8985 1025
8990 1104
8995 1151
9000 1152
9005 1027
9010 1112
9015 1128
9020 1182
9025 1171
9030 1058
9035 1097
9040 1058
9045 1094
9050 1058
9055 1058
9060 1060
9065 1061
9070 1061
9075 1079
9080 1103
9085 1060
9090 1166
9095 1065
9100 1066
9105 1066
9110 1073
9115 1040
9120 1041
9125 1039
9130 1194
9135 1099
9140 1042
9145 1111
9150 1044
9155 1115
9160 1046
9165 1049
9170 1046
9175 1131
9180 1087
9185 1209
9190 1048
9195 1047
9200 1049
9205 1051
9210 1054
9215 1126
9220 1051
9225 1113
9230 1113
9235 1053
9240 1054
9245 1055
9250 1054
9255 1057
9260 1056
9265 1056
9270 1137
9275 1057
9280 1217
9285 1060
9290 1059
9295 1062
9300 1059
9305 1066
9310 1141
9315 1139
9320 1066
9325 1068
9330 1063
9335 1067
9340 1067
9345 1064
9350 1065
9355 1067
9360 1069
9365 1259
9370 1252
9375 1107
9380 1102
9385 1100
9390 1104
9395 1102
9400 1106
9405 1102
9410 1121
9415 1092
9420 1076
9425 1076
9430 1079
9435 1191
9440 1150
9445 1080
9450 1080
9455 1201
9460 1113
9465 1211
9470 1111
9475 1112
9480 1115
9485 1113
9490 1150
9495 1113
9500 1162
9505 1077
9510 1089
9515 1086
9520 1089
9525 1092
9530 1117
9535 1089
9540 1090
9545 1207
9550 1094
9555 1258
9560 1094
9565 1093
9570 1097
9575 1097
9580 1181
9585 1182
9590 1166
9595 1135
9600 1126
9605 1129
9610 1132
9615 1166
9620 1135
9625 1136
9630 1122
9635 1179
9640 1105
9645 1220
9650 1106
9655 1179
9660 1107
9665 1107
9670 1108
9675 1108
9680 1201
9685 1097
9690 1228
9695 1108
9700 1113
9705 1111
9710 1116
9715 1116
9720 1203
9725 1193
9730 1198
9735 1153
9740 1194
9745 1201
9750 1116
9755 1151
9760 1147
9765 1167
9770 1147
9775 1154
9780 1150
9785 1153
9790 1151
9795 1220
9800 1126
9805 1181
9810 1204
9815 1127
9820 1256
9825 1127
9830 1185
9835 1453
9840 1161
9845 1157
9850 1159
9855 1202
9860 1253
9865 1179
9870 1166
9875 1160
9880 1164
9885 1164
9890 1164
9895 1211
9900 1168
9905 1276
9910 1166
9915 1170
9920 1172
9925 1174
9930 1205
9935 1170
9940 1215
9945 1156
9950 1177
9955 1152
9960 1143
9965 1145
9970 1222
9975 1146
9980 1223
9985 1252
9990 1322
9995 1240
10000 1180
