5 0
10 0
15 0
20 0
25 1
30 1
35 1
40 1
45 2
50 2
55 2
60 2
65 3
70 3
75 4
80 4
85 4
90 4
95 5
100 5
105 6
110 6
115 6
120 6
125 7
130 7
135 8
140 8
145 8
150 8
155 9
160 9
165 9
170 10
175 10
180 11
185 10
190 11
195 11
200 12
205 12
210 13
215 13
220 13
225 14
230 14
235 15
240 15
245 16
250 16
255 16
260 17
265 17
270 17
275 18
280 19
285 19
290 20
295 20
300 20
305 20
310 21
315 21
320 22
325 22
330 22
335 23
340 23
345 23
350 23
355 25
360 25
365 25
370 25
375 26
380 26
385 28
390 28
395 28
400 29
405 29
410 30
415 30
420 30
425 31
430 31
435 32
440 32
445 32
450 33
455 33
460 35
465 35
470 36
475 35
480 36
485 36
490 37
495 37
500 38
505 37
510 38
515 39
520 39
525 40
530 40
535 41
540 42
545 42
550 43
555 43
560 43
565 44
570 44
575 45
580 45
585 151
590 101
595 78
600 50
605 50
610 50
615 48
620 50
625 50
630 51
635 51
640 52
645 52
650 53
655 52
660 53
665 53
670 53
675 54
680 54
685 54
690 55
695 56
700 57
705 57
710 56
715 58
720 59
725 59
730 59
735 59
740 59
745 61
750 61
755 62
760 62
765 63
770 63
775 64
780 64
785 64
790 66
795 102
800 67
805 67
810 67
815 68
820 89
825 95
830 69
835 70
840 111
845 73
850 74
855 92
860 72
865 73
870 73
875 74
880 74
885 75
890 76
895 76
900 75
905 77
910 75
915 78
920 77
925 79
930 79
935 80
940 110
945 81
950 83
955 82
960 83
965 84
970 84
975 85
980 84
985 88
990 86
995 87
1000 88
1005 88
1010 87
1015 89
1020 140
1025 102
1030 99
1035 97
1040 97
1045 97
1050 97
1055 98
1060 98
1065 99
1070 100
1075 100
1080 99
1085 100
1090 101
1095 101
1100 101
1105 103
1110 103
1115 104
1120 104
1125 104
1130 105
1135 106
1140 106
1145 106
1150 106
1155 107
1160 121
1165 143
1170 127
1175 110
1180 109
1185 109
1190 109
1195 110
1200 111
1205 111
1210 111
1215 111
1220 112
1225 131
1230 126
1235 126
1240 114
1245 122
1250 120
1255 116
1260 116
1265 116
1270 116
1275 117
1280 117
1285 118
1290 119
1295 119
1300 120
1305 120
1310 121
1315 121
1320 122
1325 121
1330 122
1335 123
1340 124
1345 124
1350 124
1355 125
1360 139
1365 129
1370 131
1375 132
1380 131
1385 133
1390 130
1395 133
1400 135
1405 135
1410 135
1415 137
1420 135
1425 137
1430 138
1435 137
1440 165
1445 140
1450 141
1455 141
1460 142
1465 142
1470 143
1475 143
1480 144
1485 144
1490 144
1495 146
1500 147
1505 146
1510 147
1515 148
1520 149
1525 149
1530 150
1535 151
1540 165
1545 157
1550 156
1555 155
1560 155
1565 155
1570 155
1575 156
1580 156
1585 156
1590 156
1595 158
1600 157
1605 159
1610 159
1615 158
1620 160
1625 160
1630 161
1635 162
1640 162
1645 163
1650 164
1655 164
1660 168
1665 178
1670 161
1675 221
1680 202
1685 162
1690 163
1695 164
1700 165
1705 164
1710 189
1715 205
1720 184
1725 166
1730 168
1735 168
1740 169
1745 170
1750 170
1755 171
1760 172
1765 173
1770 172
1775 172
1780 173
1785 174
1790 174
1795 174
1800 177
1805 176
1810 179
1815 180
1820 217
1825 272
1830 272
1835 182
1840 182
1845 249
1850 238
1855 183
1860 185
1865 244
1870 202
1875 186
1880 185
1885 187
1890 185
1895 186
1900 187
1905 186
1910 208
1915 196
1920 197
1925 197
1930 199
1935 220
1940 198
1945 198
1950 199
1955 199
1960 199
1965 199
1970 202
1975 202
1980 201
1985 204
1990 203
1995 203
2000 203
2005 204
2010 206
2015 208
2020 208
2025 207
2030 203
2035 207
2040 208
2045 210
2050 210
2055 214
2060 213
2065 212
2070 213
2075 213
2080 213
2085 213
2090 214
2095 215
2100 218
2105 216
2110 217
2115 217
2120 251
2125 224
2130 222
2135 221
2140 222
2145 222
2150 223
2155 224
2160 224
2165 225
2170 225
2175 226
2180 226
2185 228
2190 229
2195 234
2200 234
2205 232
2210 230
2215 233
2220 235
2225 233
2230 238
2235 235
2240 234
2245 233
2250 234
2255 233
2260 237
2265 235
2270 236
2275 249
2280 239
2285 240
2290 239
2295 239
2300 242
2305 236
2310 242
2315 273
2320 245
2325 244
2330 246
2335 252
2340 249
2345 251
2350 249
2355 250
2360 253
2365 250
2370 251
2375 249
2380 251
2385 249
2390 251
2395 254
2400 252
2405 254
2410 257
2415 254
2420 254
2425 253
2430 255
2435 257
2440 255
2445 257
2450 257
2455 260
2460 258
2465 261
2470 260
2475 263
2480 264
2485 265
2490 265
2495 264
2500 265
2505 266
2510 266
2515 266
2520 266
2525 261
2530 269
2535 269
2540 268
2545 368
2550 273
2555 272
2560 272
2565 272
2570 271
2575 272
2580 273
2585 274
2590 274
2595 275
2600 278
2605 283
2610 276
2615 279
2620 279
2625 279
2630 281
2635 281
2640 281
2645 323
2650 283
2655 283
2660 283
2665 284
2670 283
2675 285
2680 306
2685 288
2690 287
2695 286
2700 289
2705 288
2710 291
2715 294
2720 320
2725 291
2730 289
2735 297
2740 294
2745 294
2750 294
2755 295
2760 296
2765 295
2770 295
2775 296
2780 296
2785 297
2790 297
2795 298
2800 300
2805 300
2810 302
2815 306
2820 298
2825 311
2830 312
2835 305
2840 307
2845 312
2850 321
2855 310
2860 309
2865 308
2870 302
2875 311
2880 311
2885 308
2890 314
2895 314
2900 311
2905 310
2910 310
2915 312
2920 313
2925 314
2930 314
2935 315
2940 318
2945 315
2950 317
2955 317
2960 317
2965 318
2970 332
2975 325
2980 320
2985 322
2990 323
2995 322
3000 324
3005 364
3010 328
3015 327
3020 326
3025 327
3030 327
3035 328
3040 329
3045 331
3050 328
3055 330
3060 333
3065 333
3070 332
3075 333
3080 334
3085 334
3090 336
3095 336
3100 337
3105 336
3110 338
3115 336
3120 339
3125 343
3130 340
3135 339
3140 340
3145 351
3150 342
3155 344
3160 345
3165 345
3170 343
3175 346
3180 345
3185 346
3190 347
3195 347
3200 348
3205 349
3210 349
3215 349
3220 349
3225 351
3230 352
3235 351
3240 353
3245 353
3250 363
3255 346
3260 345
3265 346
3270 348
3275 348
3280 349
3285 348
3290 347
3295 413
3300 368
3305 353
3310 353
3315 353
3320 353
3325 353
3330 397
3335 384
3340 354
3345 355
3350 354
3355 355
3360 358
3365 359
3370 357
3375 359
3380 395
3385 376
3390 361
3395 352
3400 353
3405 493
3410 354
3415 410
3420 356
3425 359
3430 348
3435 357
3440 419
3445 409
3450 360
3455 359
3460 361
3465 362
3470 354
3475 362
3480 364
3485 365
3490 363
3495 365
3500 460
3505 383
3510 375
3515 498
3520 379
3525 378
3530 378
3535 401
3540 396
3545 381
3550 382
3555 381
3560 382
3565 505
3570 385
3575 383
3580 383
3585 386
3590 378
3595 385
3600 387
3605 389
3610 427
3615 389
3620 429
3625 390
3630 380
3635 393
3640 393
3645 394
3650 393
3655 395
3660 385
3665 431
3670 395
3675 397
3680 400
3685 399
3690 401
3695 399
3700 399
3705 399
3710 402
3715 401
3720 403
3725 401
3730 405
3735 403
3740 418
3745 395
3750 432
3755 397
3760 397
3765 399
3770 397
3775 400
3780 400
3785 425
3790 470
3795 398
3800 438
3805 403
3810 483
3815 480
3820 403
3825 405
3830 486
3835 404
3840 405
3845 408
3850 408
3855 429
3860 419
3865 421
3870 420
3875 419
3880 422
3885 421
3890 423
3895 423
3900 425
3905 446
3910 439
3915 438
3920 439
3925 439
3930 440
3935 448
3940 427
3945 429
3950 430
3955 431
3960 466
3965 431
3970 430
3975 431
3980 434
3985 437
3990 433
3995 434
4000 436
4005 435
4010 436
4015 439
4020 442
4025 439
4030 443
4035 478
4040 443
4045 575
4050 445
4055 443
4060 569
4065 446
4070 444
4075 446
4080 445
4085 445
4090 445
4095 449
4100 449
4105 447
4110 447
4115 451
4120 450
4125 450
4130 522
4135 452
4140 452
4145 453
4150 452
4155 454
4160 456
4165 455
4170 466
4175 445
4180 444
4185 445
4190 446
4195 522
4200 446
4205 448
4210 450
4215 449
4220 449
4225 449
4230 451
4235 450
4240 517
4245 464
4250 468
4255 467
4260 490
4265 511
4270 534
4275 524
4280 499
4285 470
4290 472
4295 470
4300 473
4305 473
4310 478
4315 471
4320 473
4325 474
4330 475
4335 474
4340 475
4345 594
4350 477
4355 477
4360 479
4365 478
4370 498
4375 480
4380 479
4385 483
4390 499
4395 506
4400 484
4405 486
4410 484
4415 521
4420 475
4425 487
4430 485
4435 487
4440 491
4445 524
4450 489
4455 489
4460 491
4465 587
4470 539
4475 477
4480 479
4485 483
4490 481
4495 481
4500 481
4505 485
4510 483
4515 483
4520 484
4525 485
4530 485
4535 486
4540 487
4545 486
4550 586
4555 489
4560 492
4565 489
4570 491
4575 492
4580 492
4585 494
4590 494
4595 567
4600 492
4605 493
4610 495
4615 497
4620 583
4625 497
4630 500
4635 572
4640 498
4645 583
4650 530
4655 532
4660 531
4665 550
4670 534
4675 518
4680 518
4685 519
4690 518
4695 520
4700 519
4705 520
4710 522
4715 525
4720 525
4725 570
4730 521
4735 523
4740 597
4745 563
4750 498
4755 548
4760 512
4765 513
4770 515
4775 514
4780 515
4785 574
4790 533
4795 604
4800 518
4805 591
4810 517
4815 518
4820 521
4825 521
4830 547
4835 579
4840 536
4845 536
4850 536
4855 658
4860 591
4865 581
4870 540
4875 536
4880 542
4885 579
4890 542
4895 543
4900 544
4905 543
4910 542
4915 547
4920 545
4925 621
4930 548
4935 548
4940 550
4945 536
4950 548
4955 551
4960 549
4965 550
4970 552
4975 553
4980 552
4985 557
4990 556
4995 556
5000 549
5005 616
5010 542
5015 609
5020 603
5025 543
5030 626
5035 592
5040 545
5045 549
5050 547
5055 546
5060 547
5065 550
5070 549
5075 547
5080 627
5085 634
5090 552
5095 551
5100 552
5105 704
5110 553
5115 593
5120 555
5125 556
5130 555
5135 558
5140 557
5145 629
5150 573
5155 572
5160 588
5165 587
5170 575
5175 617
5180 595
5185 578
5190 613
5195 578
5200 579
5205 643
5210 635
5215 582
5220 581
5225 582
5230 580
5235 585
5240 583
5245 584
5250 586
5255 585
5260 588
5265 589
5270 590
5275 699
5280 606
5285 590
5290 591
5295 591
5300 591
5305 593
5310 594
5315 595
5320 607
5325 581
5330 580
5335 582
5340 583
5345 583
5350 584
5355 584
5360 658
5365 621
5370 587
5375 714
5380 589
5385 588
5390 587
5395 590
5400 589
5405 590
5410 653
5415 608
5420 607
5425 609
5430 599
5435 671
5440 668
5445 630
5450 595
5455 657
5460 612
5465 641
5470 617
5475 651
5480 614
5485 664
5490 616
5495 617
5500 617
5505 617
5510 619
5515 620
5520 699
5525 619
5530 621
5535 621
5540 680
5545 623
5550 634
5555 607
5560 593
5565 608
5570 610
5575 614
5580 595
5585 613
5590 613
5595 613
5600 614
5605 714
5610 615
5615 641
5620 644
5625 688
5630 686
5635 616
5640 619
5645 616
5650 621
5655 623
5660 622
5665 622
5670 620
5675 698
5680 702
5685 627
5690 754
5695 763
5700 640
5705 759
5710 643
5715 702
5720 661
5725 646
5730 647
5735 699
5740 649
5745 648
5750 648
5755 721
5760 652
5765 652
5770 711
5775 651
5780 650
5785 656
5790 655
5795 653
5800 656
5805 653
5810 703
5815 656
5820 658
5825 658
5830 693
5835 682
5840 757
5845 746
5850 769
5855 733
5860 812
5865 833
5870 766
5875 776
5880 727
5885 791
5890 680
5895 686
5900 697
5905 666
5910 706
5915 691
5920 1024
5925 973
5930 977
5935 980
5940 983
5945 983
5950 980
5955 972
5960 827
5965 829
5970 860
5975 832
5980 831
5985 835
5990 830
5995 832
6000 830
6005 835
6010 834
6015 777
6020 738
6025 743
6030 742
6035 758
6040 747
6045 745
6050 747
6055 747
6060 747
6065 747
6070 747
6075 751
6080 752
6085 749
6090 796
6095 754
6100 743
6105 732
6110 733
6115 678
6120 677
6125 677
6130 677
6135 679
6140 679
6145 810
6150 795
6155 681
6160 851
6165 683
6170 681
6175 819
6180 683
6185 682
6190 684
6195 763
6200 684
6205 701
6210 706
6215 754
6220 707
6225 708
6230 738
6235 708
6240 692
6245 711
6250 712
6255 760
6260 692
6265 713
6270 749
6275 713
6280 714
6285 714
6290 717
6295 716
6300 800
6305 717
6310 718
6315 889
6320 808
6325 719
6330 722
6335 720
6340 719
6345 721
6350 724
6355 726
6360 876
6365 764
6370 923
6375 1178
6380 912
6385 907
6390 727
6395 727
6400 727
6405 729
6410 731
6415 728
6420 730
6425 834
6430 739
6435 737
6440 776
6445 850
6450 765
6455 738
6460 767
6465 825
6470 785
6475 769
6480 741
6485 809
6490 812
6495 742
6500 739
6505 739
6510 741
6515 745
6520 742
6525 745
6530 744
6535 746
6540 744
6545 775
6550 745
6555 880
6560 750
6565 747
6570 890
6575 796
6580 751
6585 750
6590 752
6595 752
6600 753
6605 788
6610 753
6615 788
6620 812
6625 756
6630 759
6635 762
6640 757
6645 759
6650 759
6655 780
6660 761
6665 800
6670 761
6675 761
6680 765
6685 810
6690 763
6695 806
6700 813
6705 767
6710 769
6715 768
6720 767
6725 770
6730 771
6735 770
6740 776
6745 773
6750 839
6755 776
6760 770
6765 758
6770 755
6775 754
6780 773
6785 759
6790 756
6795 758
6800 760
6805 758
6810 760
6815 834
6820 762
6825 763
6830 915
6835 762
6840 763
6845 763
6850 766
6855 765
6860 767
6865 838
6870 767
6875 816
6880 848
6885 768
6890 811
6895 789
6900 790
6905 789
6910 772
6915 771
6920 773
6925 776
6930 774
6935 775
6940 777
6945 852
6950 779
6955 820
6960 794
6965 779
6970 777
6975 783
6980 781
6985 779
6990 781
6995 781
7000 864
7005 784
7010 847
7015 784
7020 785
7025 785
7030 790
7035 788
7040 786
7045 786
7050 791
7055 791
7060 793
7065 789
7070 902
7075 839
7080 791
7085 893
7090 791
7095 795
7100 794
7105 794
7110 797
7115 794
7120 816
7125 831
7130 858
7135 949
7140 799
7145 875
7150 802
7155 801
7160 800
7165 899
7170 823
7175 817
7180 903
7185 829
7190 901
7195 826
7200 829
7205 924
7210 831
7215 831
7220 830
7225 831
7230 870
7235 831
7240 830
7245 832
7250 877
7255 879
7260 837
7265 835
7270 835
7275 839
7280 875
7285 869
7290 819
7295 817
7300 818
7305 821
7310 883
7315 818
7320 821
7325 949
7330 824
7335 823
7340 824
7345 825
7350 824
7355 826
7360 825
7365 828
7370 846
7375 863
7380 867
7385 829
7390 830
7395 828
7400 830
7405 887
7410 831
7415 832
7420 829
7425 833
7430 897
7435 1086
7440 921
7445 886
7450 886
7455 882
7460 885
7465 887
7470 888
7475 889
7480 887
7485 887
7490 911
7495 888
7500 888
7505 896
7510 868
7515 866
7520 973
7525 868
7530 869
7535 869
7540 866
7545 907
7550 850
7555 950
7560 869
7565 848
7570 929
7575 854
7580 854
7585 858
7590 853
7595 855
7600 856
7605 915
7610 861
7615 959
7620 1018
7625 1021
7630 859
7635 860
7640 861
7645 863
7650 900
7655 864
7660 1036
7665 893
7670 974
7675 888
7680 923
7685 889
7690 1002
7695 888
7700 890
7705 892
7710 890
7715 1003
7720 895
7725 893
7730 893
7735 895
7740 894
7745 892
7750 897
7755 874
7760 874
7765 901
7770 963
7775 884
7780 986
7785 898
7790 899
7795 975
7800 895
7805 902
7810 943
7815 898
7820 941
7825 945
7830 884
7835 903
7840 907
7845 906
7850 908
7855 909
7860 909
7865 909
7870 911
7875 908
7880 960
7885 893
7890 1050
7895 892
7900 895
7905 887
7910 893
7915 893
7920 894
7925 895
7930 894
7935 969
7940 897
7945 920
7950 898
7955 898
7960 894
7965 1127
7970 961
7975 924
7980 903
7985 926
7990 1018
7995 928
8000 970
8005 929
8010 930
8015 930
8020 930
8025 941
8030 906
8035 909
8040 905
8045 984
8050 885
8055 911
8060 910
8065 950
8070 912
8075 911
8080 990
8085 913
8090 911
8095 914
8100 985
8105 915
8110 990
8115 915
8120 920
8125 920
8130 896
8135 918
8140 919
8145 922
8150 921
8155 1084
8160 923
8165 923
8170 926
8175 923
8180 922
8185 924
8190 927
8195 926
8200 1084
8205 1032
8210 926
8215 1026
8220 927
8225 928
8230 942
8235 954
8240 958
8245 956
8250 1033
8255 955
8260 1040
8265 962
8270 961
8275 962
8280 951
8285 935
8290 936
8295 955
8300 949
8305 1077
8310 1016
8315 1012
8320 1112
8325 1036
8330 966
8335 968
8340 968
8345 972
8350 973
8355 972
8360 1010
8365 970
8370 973
8375 974
8380 946
8385 951
8390 948
8395 953
8400 952
8405 950
8410 950
8415 1030
8420 953
8425 1106
8430 956
8435 955
8440 954
8445 953
8450 958
8455 960
8460 1091
8465 1075
8470 1010
8475 992
8480 1074
8485 1032
8490 958
8495 962
8500 963
8505 963
8510 961
8515 1167
8520 1000
8525 1082
8530 991
8535 995
8540 997
8545 1041
8550 994
8555 996
8560 1054
8565 1090
8570 999
8575 974
8580 1000
8585 997
8590 1000
8595 1000
8600 997
8605 1002
8610 1061
8615 1071
8620 1094
8625 1107
8630 978
8635 978
8640 982
8645 981
8650 980
8655 985
8660 1015
8665 1057
8670 1010
8675 1011
8680 1061
8685 1010
8690 1012
8695 1013
8700 1071
8705 1019
8710 989
8715 1052
8720 989
8725 1152
8730 993
8735 990
8740 991
8745 992
8750 973
8755 990
8760 994
8765 1073
8770 998
8775 996
8780 1057
8785 999
8790 1072
8795 1078
8800 996
8805 1076
8810 998
8815 1064
8820 1002
8825 1166
8830 1000
8835 1002
8840 1001
8845 1006
8850 1006
8855 1078
8860 1229
8865 1011
8870 1007
8875 1007
8880 1011
8885 1012
8890 1010
8895 1012
8900 1009
8905 1013
8910 1098
8915 1014
8920 1119
8925 1015
8930 1018
8935 1016
8940 1018
8945 1019
8950 1235
8955 1019
8960 1132
8965 1020
8970 1020
8975 1020
8980 1019
8985 1018
8990 1019
8995 1022
9000 1025
9005 996
9010 1098
9015 1122
9020 1327
9025 1641
9030 1466
9035 1056
9040 1055
9045 1058
9050 1101
9055 1053
9060 1055
9065 1117
9070 1099
9075 1063
9080 1152
9085 1059
9090 1062
9095 1130
9100 1063
9105 1140
9110 1062
9115 1063
9120 1068
9125 1095
9130 1145
9135 1065
9140 1152
9145 1242
9150 1170
9155 1294
9160 1441
9165 1100
9170 1102
9175 1100
9180 1110
9185 1116
9190 1106
9195 1109
9200 1184
9205 1084
9210 1108
9215 1107
9220 1107
9225 1111
9230 1110
9235 1110
9240 1104
9245 1110
9250 1112
9255 1093
9260 1114
9265 1113
9270 1112
9275 1168
9280 1087
9285 1185
9290 1083
9295 1089
9300 1091
9305 1090
9310 1090
9315 1104
9320 1127
9325 1192
9330 1063
9335 1061
9340 1144
9345 1063
9350 1066
9355 1067
9360 1072
9365 1170
9370 1110
9375 1198
9380 1147
9385 1144
9390 1074
9395 1071
9400 1151
9405 1104
9410 1185
9415 1104
9420 1103
9425 1107
9430 1107
9435 1107
9440 1105
9445 1170
9450 1120
9455 1150
9460 1220
9465 1238
9470 1081
9475 1157
9480 1083
9485 1099
9490 1113
9495 1113
9500 1219
9505 1116
9510 1114
9515 1114
9520 1116
9525 1116
9530 1112
9535 1092
9540 1087
9545 1165
9550 1166
9555 1260
9560 1092
9565 1095
9570 1121
9575 1156
9580 1127
9585 1200
9590 1211
9595 1202
9600 1129
9605 1165
9610 1130
9615 1126
9620 1163
9625 1132
9630 1132
9635 1173
9640 1134
9645 1215
9650 1103
9655 1170
9660 1136
9665 1175
9670 1136
9675 1139
9680 1181
9685 1137
9690 1139
9695 1136
9700 1153
9705 1113
9710 1111
9715 1113
9720 1180
9725 1134
9730 1294
9735 1120
9740 1112
9745 1113
9750 1118
9755 1118
9760 1119
9765 1237
9770 1122
9775 1118
9780 1292
9785 1120
9790 1121
9795 1123
9800 1123
9805 1162
9810 1250
9815 1124
9820 1255
9825 1126
9830 1123
9835 1130
9840 1130
9845 1202
9850 1202
9855 1292
9860 1205
9865 1160
9870 1163
9875 1163
9880 1163
9885 1161
9890 1163
9895 1170
9900 1239
9905 1328
9910 1139
9915 1352
9920 1187
9925 1142
9930 1213
9935 1140
9940 1292
9945 1172
9950 1171
9955 1170
9960 1175
9965 1207
9970 1192
9975 1175
9980 1215
9985 1156
9990 1311
9995 1178
10000 1150
