5 0
10 0
15 0
20 0
25 1
30 1
35 1
40 1
45 2
50 2
55 2
60 3
65 3
70 3
75 3
80 4
85 4
90 5
95 5
100 5
105 5
110 6
115 6
120 7
125 7
130 7
135 7
140 8
145 8
150 8
155 9
160 9
165 9
170 10
175 10
180 11
185 11
190 11
195 11
200 11
205 12
210 13
215 13
220 14
225 14
230 14
235 15
240 15
245 15
250 16
255 15
260 16
265 17
270 17
275 18
280 18
285 19
290 19
295 20
300 20
305 21
310 21
315 21
320 21
325 22
330 22
335 23
340 23
345 23
350 24
355 25
360 26
365 26
370 26
375 27
380 28
385 27
390 27
395 28
400 28
405 29
410 29
415 30
420 30
425 31
430 31
435 31
440 32
445 32
450 33
455 33
460 34
465 34
470 35
475 35
480 35
485 36
490 37
495 37
500 37
505 38
510 37
515 39
520 39
525 39
530 40
535 41
540 42
545 42
550 42
555 43
560 44
565 57
570 43
575 44
580 44
585 44
590 45
595 46
600 46
605 46
610 47
615 47
620 48
625 48
630 49
635 49
640 49
645 50
650 51
655 51
660 51
665 52
670 52
675 52
680 53
685 53
690 54
695 55
700 55
705 55
710 56
715 57
720 57
725 57
730 58
735 58
740 58
745 58
750 58
755 60
760 80
765 95
770 62
775 62
780 62
785 63
790 63
795 64
800 65
805 65
810 65
815 66
820 66
825 67
830 68
835 68
840 69
845 69
850 70
855 69
860 70
865 71
870 70
875 72
880 74
885 74
890 74
895 74
900 75
905 76
910 76
915 76
920 76
925 77
930 77
935 97
940 177
945 113
950 81
955 80
960 80
965 82
970 82
975 82
980 83
985 84
990 84
995 84
1000 85
1005 85
1010 85
1015 155
1020 105
1025 97
1030 132
1035 93
1040 91
1045 92
1050 92
1055 92
1060 93
1065 94
1070 94
1075 94
1080 94
1085 95
1090 95
1095 96
1100 96
1105 97
1110 97
1115 98
1120 98
1125 99
1130 99
1135 100
1140 99
1145 101
1150 100
1155 115
1160 105
1165 105
1170 121
1175 105
1180 107
1185 107
1190 108
1195 108
1200 108
1205 109
1210 110
1215 111
1220 109
1225 111
1230 112
1235 112
1240 112
1245 113
1250 111
1255 115
1260 114
1265 115
1270 116
1275 116
1280 113
1285 117
1290 117
1295 119
1300 119
1305 120
1310 121
1315 142
1320 125
1325 139
1330 120
1335 123
1340 123
1345 124
1350 124
1355 125
1360 127
1365 126
1370 127
1375 126
1380 190
1385 133
1390 133
1395 130
1400 133
1405 132
1410 132
1415 131
1420 134
1425 134
1430 134
1435 135
1440 135
1445 136
1450 137
1455 137
1460 137
1465 138
1470 138
1475 139
1480 139
1485 141
1490 141
1495 141
1500 143
1505 143
1510 143
1515 153
1520 139
1525 140
1530 141
1535 141
1540 142
1545 142
1550 144
1555 143
1560 144
1565 142
1570 147
1575 146
1580 146
1585 147
1590 148
1595 147
1600 198
1605 221
1610 151
1615 151
1620 152
1625 151
1630 153
1635 153
1640 153
1645 154
1650 156
1655 155
1660 156
1665 156
1670 157
1675 158
1680 157
1685 158
1690 158
1695 160
1700 160
1705 179
1710 225
1715 179
1720 254
1725 163
1730 164
1735 164
1740 164
1745 183
1750 238
1755 199
1760 167
1765 168
1770 168
1775 169
1780 170
1785 169
1790 229
1795 175
1800 175
1805 176
1810 176
1815 176
1820 178
1825 179
1830 179
1835 180
1840 181
1845 181
1850 182
1855 182
1860 183
1865 182
1870 185
1875 184
1880 185
1885 186
1890 185
1895 187
1900 187
1905 188
1910 189
1915 191
1920 189
1925 190
1930 191
1935 192
1940 192
1945 191
1950 194
1955 193
1960 194
1965 195
1970 232
1975 197
1980 277
1985 236
1990 199
1995 198
2000 199
2005 201
2010 200
2015 201
2020 203
2025 201
2030 202
2035 204
2040 203
2045 203
2050 205
2055 209
2060 207
2065 207
2070 207
2075 210
2080 208
2085 208
2090 209
2095 210
2100 211
2105 211
2110 213
2115 213
2120 208
2125 217
2130 215
2135 217
2140 215
2145 216
2150 215
2155 217
2160 217
2165 218
2170 217
2175 218
2180 218
2185 220
2190 221
2195 221
2200 223
2205 261
2210 226
2215 225
2220 224
2225 224
2230 225
2235 308
2240 228
2245 231
2250 223
2255 223
2260 224
2265 225
2270 225
2275 226
2280 225
2285 227
2290 225
2295 228
2300 228
2305 229
2310 230
2315 231
2320 231
2325 231
2330 232
2335 232
2340 232
2345 233
2350 234
2355 234
2360 235
2365 235
2370 255
2375 254
2380 237
2385 313
2390 239
2395 240
2400 239
2405 277
2410 286
2415 343
2420 306
2425 243
2430 241
2435 243
2440 245
2445 245
2450 244
2455 246
2460 245
2465 246
2470 247
2475 248
2480 248
2485 248
2490 250
2495 250
2500 250
2505 251
2510 250
2515 251
2520 251
2525 253
2530 254
2535 254
2540 254
2545 254
2550 255
2555 256
2560 258
2565 257
2570 257
2575 259
2580 258
2585 261
2590 261
2595 336
2600 262
2605 318
2610 265
2615 263
2620 265
2625 264
2630 354
2635 264
2640 267
2645 266
2650 268
2655 267
2660 268
2665 269
2670 270
2675 271
2680 271
2685 273
2690 272
2695 350
2700 274
2705 274
2710 274
2715 276
2720 275
2725 276
2730 278
2735 278
2740 272
2745 278
2750 340
2755 285
2760 287
2765 289
2770 289
2775 359
2780 386
2785 333
2790 345
2795 304
2800 303
2805 300
2810 299
2815 302
2820 312
2825 295
2830 332
2835 316
2840 341
2845 306
2850 343
2855 326
2860 300
2865 300
2870 310
2875 385
2880 301
2885 302
2890 304
2895 305
2900 304
2905 304
2910 305
2915 340
2920 308
2925 325
2930 317
2935 317
2940 320
2945 318
2950 318
2955 318
2960 328
2965 320
2970 314
2975 324
2980 314
2985 324
2990 321
2995 324
3000 325
3005 325
3010 325
3015 325
3020 328
3025 328
3030 331
3035 329
3040 321
3045 329
3050 331
3055 331
3060 331
3065 334
3070 345
3075 325
3080 326
3085 325
3090 367
3095 329
3100 330
3105 330
3110 328
3115 331
3120 330
3125 330
3130 332
3135 331
3140 332
3145 374
3150 351
3155 333
3160 335
3165 335
3170 337
3175 336
3180 337
3185 338
3190 339
3195 338
3200 340
3205 340
3210 341
3215 342
3220 341
3225 342
3230 343
3235 381
3240 347
3245 343
3250 344
3255 347
3260 403
3265 349
3270 348
3275 349
3280 348
3285 350
3290 350
3295 352
3300 352
3305 351
3310 353
3315 352
3320 346
3325 354
3330 355
3335 355
3340 356
3345 358
3350 346
3355 401
3360 417
3365 349
3370 350
3375 425
3380 351
3385 353
3390 353
3395 353
3400 353
3405 354
3410 354
3415 353
3420 356
3425 358
3430 358
3435 356
3440 352
3445 360
3450 361
3455 440
3460 362
3465 436
3470 378
3475 372
3480 374
3485 372
3490 366
3495 375
3500 376
3505 377
3510 377
3515 400
3520 377
3525 378
3530 457
3535 398
3540 379
3545 380
3550 380
3555 382
3560 383
3565 383
3570 382
3575 384
3580 384
3585 384
3590 385
3595 392
3600 378
3605 414
3610 378
3615 371
3620 377
3625 454
3630 383
3635 381
3640 516
3645 386
3650 447
3655 383
3660 385
3665 384
3670 524
3675 387
3680 387
3685 387
3690 388
3695 389
3700 389
3705 390
3710 392
3715 390
3720 390
3725 393
3730 393
3735 393
3740 393
3745 394
3750 395
3755 395
3760 415
3765 614
3770 437
3775 400
3780 531
3785 398
3790 401
3795 398
3800 402
3805 402
3810 404
3815 403
3820 404
3825 426
3830 413
3835 434
3840 416
3845 417
3850 416
3855 467
3860 418
3865 420
3870 419
3875 422
3880 424
3885 422
3890 422
3895 416
3900 422
3905 424
3910 426
3915 426
3920 426
3925 425
3930 427
3935 435
3940 417
3945 417
3950 417
3955 421
3960 418
3965 420
3970 420
3975 420
3980 422
3985 421
3990 421
3995 425
4000 464
4005 420
4010 536
4015 480
4020 464
4025 430
4030 429
4035 428
4040 504
4045 430
4050 431
4055 432
4060 430
4065 434
4070 433
4075 433
4080 468
4085 434
4090 434
4095 436
4100 436
4105 437
4110 438
4115 518
4120 438
4125 438
4130 437
4135 442
4140 440
4145 440
4150 555
4155 444
4160 448
4165 444
4170 445
4175 447
4180 445
4185 448
4190 445
4195 440
4200 448
4205 448
4210 452
4215 449
4220 451
4225 573
4230 450
4235 452
4240 526
4245 454
4250 454
4255 453
4260 486
4265 454
4270 455
4275 457
4280 456
4285 457
4290 457
4295 459
4300 460
4305 460
4310 460
4315 462
4320 461
4325 561
4330 566
4335 464
4340 465
4345 464
4350 465
4355 465
4360 465
4365 466
4370 466
4375 468
4380 535
4385 470
4390 469
4395 469
4400 469
4405 592
4410 472
4415 474
4420 474
4425 473
4430 476
4435 513
4440 478
4445 476
4450 570
4455 476
4460 478
4465 480
4470 480
4475 482
4480 565
4485 480
4490 481
4495 481
4500 482
4505 483
4510 483
4515 482
4520 557
4525 553
4530 486
4535 559
4540 557
4545 500
4550 502
4555 502
4560 501
4565 504
4570 504
4575 506
4580 504
4585 504
4590 509
4595 506
4600 507
4605 508
4610 506
4615 508
4620 509
4625 509
4630 501
4635 560
4640 500
4645 503
4650 638
4655 501
4660 501
4665 500
4670 503
4675 543
4680 504
4685 504
4690 506
4695 504
4700 506
4705 505
4710 508
4715 508
4720 549
4725 508
4730 528
4735 564
4740 510
4745 511
4750 512
4755 511
4760 511
4765 513
4770 513
4775 513
4780 515
4785 514
4790 572
4795 515
4800 516
4805 516
4810 518
4815 519
4820 521
4825 523
4830 674
4835 528
4840 622
4845 559
4850 523
4855 523
4860 523
4865 618
4870 527
4875 525
4880 528
4885 527
4890 529
4895 527
4900 528
4905 553
4910 546
4915 546
4920 670
4925 546
4930 548
4935 547
4940 549
4945 550
4950 552
4955 551
4960 541
4965 601
4970 551
4975 555
4980 555
4985 555
4990 589
4995 559
5000 555
5005 558
5010 594
5015 557
5020 559
5025 648
5030 560
5035 559
5040 560
5045 563
5050 561
5055 563
5060 563
5065 564
5070 563
5075 589
5080 578
5085 566
5090 553
5095 554
5100 626
5105 555
5110 555
5115 555
5120 557
5125 556
5130 557
5135 558
5140 596
5145 559
5150 557
5155 559
5160 562
5165 561
5170 562
5175 611
5180 563
5185 603
5190 566
5195 640
5200 737
5205 565
5210 567
5215 565
5220 568
5225 567
5230 567
5235 585
5240 586
5245 585
5250 584
5255 586
5260 590
5265 591
5270 588
5275 606
5280 664
5285 591
5290 593
5295 592
5300 591
5305 592
5310 594
5315 600
5320 580
5325 582
5330 581
5335 583
5340 580
5345 662
5350 581
5355 673
5360 577
5365 586
5370 682
5375 645
5380 589
5385 589
5390 654
5395 602
5400 664
5405 680
5410 709
5415 606
5420 607
5425 606
5430 713
5435 649
5440 611
5445 614
5450 608
5455 612
5460 614
5465 599
5470 614
5475 620
5480 613
5485 615
5490 617
5495 616
5500 612
5505 618
5510 617
5515 641
5520 697
5525 622
5530 703
5535 623
5540 620
5545 622
5550 623
5555 622
5560 623
5565 626
5570 625
5575 627
5580 630
5585 627
5590 627
5595 721
5600 630
5605 630
5610 631
5615 634
5620 630
5625 633
5630 633
5635 632
5640 635
5645 637
5650 639
5655 635
5660 822
5665 896
5670 735
5675 623
5680 623
5685 787
5690 661
5695 727
5700 643
5705 644
5710 644
5715 643
5720 788
5725 645
5730 645
5735 647
5740 647
5745 694
5750 742
5755 734
5760 686
5765 705
5770 676
5775 655
5780 746
5785 737
5790 654
5795 656
5800 655
5805 723
5810 683
5815 670
5820 714
5825 691
5830 762
5835 678
5840 679
5845 681
5850 680
5855 685
5860 684
5865 689
5870 684
5875 682
5880 682
5885 688
5890 709
5895 691
5900 710
5905 929
5910 873
5915 1062
5920 720
5925 691
5930 695
5935 788
5940 704
5945 694
5950 748
5955 697
5960 699
5965 706
5970 692
5975 703
5980 694
5985 731
5990 705
5995 720
6000 712
6005 708
6010 707
6015 704
6020 706
6025 713
6030 715
6035 703
6040 709
6045 707
6050 710
6055 707
6060 707
6065 703
6070 709
6075 712
6080 708
6085 709
6090 710
6095 722
6100 712
6105 736
6110 713
6115 713
6120 713
6125 714
6130 716
6135 713
6140 715
6145 731
6150 723
6155 730
6160 729
6165 706
6170 718
6175 734
6180 721
6185 722
6190 742
6195 740
6200 737
6205 723
6210 734
6215 724
6220 742
6225 727
6230 728
6235 733
6240 733
6245 767
6250 733
6255 734
6260 728
6265 733
6270 732
6275 735
6280 731
6285 734
6290 734
6295 736
6300 737
6305 738
6310 737
6315 739
6320 738
6325 753
6330 739
6335 740
6340 744
6345 793
6350 722
6355 724
6360 723
6365 726
6370 769
6375 729
6380 808
6385 727
6390 728
6395 728
6400 729
6405 727
6410 730
6415 765
6420 730
6425 769
6430 732
6435 775
6440 768
6445 735
6450 733
6455 735
6460 735
6465 748
6470 720
6475 754
6480 719
6485 722
6490 724
6495 781
6500 841
6505 834
6510 723
6515 862
6520 724
6525 727
6530 754
6535 748
6540 748
6545 807
6550 746
6555 749
6560 897
6565 750
6570 794
6575 743
6580 752
6585 752
6590 760
6595 733
6600 734
6605 734
6610 736
6615 736
6620 736
6625 737
6630 740
6635 1073
6640 1040
6645 908
6650 793
6655 786
6660 784
6665 784
6670 782
6675 785
6680 785
6685 785
6690 783
6695 787
6700 789
6705 785
6710 785
6715 764
6720 769
6725 771
6730 769
6735 771
6740 770
6745 774
6750 758
6755 776
6760 816
6765 774
6770 901
6775 755
6780 755
6785 757
6790 759
6795 756
6800 757
6805 761
6810 763
6815 761
6820 758
6825 863
6830 763
6835 764
6840 761
6845 762
6850 766
6855 828
6860 811
6865 787
6870 786
6875 787
6880 828
6885 769
6890 849
6895 768
6900 902
6905 1087
6910 770
6915 772
6920 772
6925 774
6930 777
6935 774
6940 775
6945 774
6950 833
6955 816
6960 784
6965 800
6970 799
6975 797
6980 798
6985 803
6990 802
6995 801
7000 847
7005 918
7010 968
7015 1000
7020 954
7025 899
7030 836
7035 835
7040 832
7045 842
7050 920
7055 812
7060 839
7065 834
7070 833
7075 836
7080 864
7085 836
7090 835
7095 837
7100 836
7105 838
7110 843
7115 847
7120 818
7125 820
7130 854
7135 821
7140 966
7145 822
7150 819
7155 824
7160 823
7165 824
7170 858
7175 803
7180 802
7185 806
7190 960
7195 807
7200 807
7205 807
7210 806
7215 897
7220 833
7225 829
7230 829
7235 833
7240 830
7245 811
7250 882
7255 861
7260 942
7265 837
7270 856
7275 864
7280 847
7285 915
7290 838
7295 839
7300 819
7305 841
7310 907
7315 844
7320 842
7325 842
7330 844
7335 847
7340 848
7345 859
7350 823
7355 826
7360 823
7365 827
7370 886
7375 863
7380 991
7385 832
7390 829
7395 828
7400 832
7405 831
7410 834
7415 863
7420 875
7425 861
7430 900
7435 856
7440 857
7445 874
7450 901
7455 907
7460 914
7465 838
7470 896
7475 840
7480 841
7485 880
7490 856
7495 961
7500 921
7505 872
7510 865
7515 864
7520 867
7525 870
7530 869
7535 868
7540 873
7545 950
7550 906
7555 873
7560 909
7565 851
7570 924
7575 852
7580 856
7585 946
7590 879
7595 875
7600 917
7605 915
7610 1041
7615 878
7620 881
7625 924
7630 881
7635 882
7640 882
7645 876
7650 882
7655 885
7660 912
7665 887
7670 987
7675 922
7680 865
7685 866
7690 867
7695 868
7700 843
7705 917
7710 872
7715 923
7720 909
7725 922
7730 872
7735 872
7740 872
7745 875
7750 871
7755 874
7760 877
7765 874
7770 956
7775 875
7780 877
7785 878
7790 956
7795 900
7800 910
7805 880
7810 884
7815 959
7820 906
7825 988
7830 1033
7835 1049
7840 883
7845 884
7850 884
7855 883
7860 890
7865 888
7870 886
7875 887
7880 970
7885 892
7890 890
7895 892
7900 893
7905 894
7910 895
7915 895
7920 895
7925 894
7930 897
7935 896
7940 963
7945 1038
7950 899
7955 964
7960 921
7965 959
7970 921
7975 901
7980 899
7985 934
7990 921
7995 965
8000 1039
8005 903
8010 905
8015 905
8020 968
8025 920
8030 907
8035 907
8040 908
8045 1075
8050 890
8055 1040
8060 910
8065 912
8070 912
8075 911
8080 962
8085 932
8090 926
8095 972
8100 1035
8105 918
8110 915
8115 913
8120 917
8125 918
8130 919
8135 921
8140 919
8145 918
8150 922
8155 1037
8160 921
8165 1041
8170 920
8175 924
8180 925
8185 926
8190 925
8195 948
8200 1010
8205 928
8210 1017
8215 954
8220 953
8225 931
8230 930
8235 931
8240 931
8245 934
8250 933
8255 1109
8260 1017
8265 933
8270 1075
8275 936
8280 1037
8285 962
8290 961
8295 962
8300 1072
8305 967
8310 1003
8315 965
8320 1005
8325 1005
8330 959
8335 943
8340 999
8345 1152
8350 944
8355 1056
8360 966
8365 1043
8370 1092
8375 974
8380 970
8385 975
8390 973
8395 976
8400 1018
8405 978
8410 974
8415 1015
8420 981
8425 979
8430 973
8435 977
8440 1018
8445 1016
8450 983
8455 1015
8460 986
8465 1014
8470 1081
8475 1001
8480 960
8485 962
8490 962
8495 963
8500 1001
8505 964
8510 961
8515 1045
8520 958
8525 969
8530 969
8535 968
8540 971
8545 1043
8550 1043
8555 969
8560 969
8565 1013
8570 1008
8575 1140
8580 1098
8585 974
8590 973
8595 975
8600 1055
8605 1002
8610 1016
8615 1143
8620 995
8625 1005
8630 1004
8635 1051
8640 1007
8645 1012
8650 1003
8655 1082
8660 1008
8665 1045
8670 1133
8675 1124
8680 1089
8685 1533
8690 1352
8695 1068
8700 1013
8705 1059
8710 1123
8715 1017
8720 1014
8725 1016
8730 1057
8735 1019
8740 1079
8745 1020
8750 1083
8755 1147
8760 1055
8765 1070
8770 1083
8775 1021
8780 1044
8785 1060
8790 1021
8795 1026
8800 1001
8805 1100
8810 1078
8815 1007
8820 1031
8825 1031
8830 1128
8835 1074
8840 1035
8845 1031
8850 1081
8855 1034
8860 1163
8865 1108
8870 1032
8875 1036
8880 1036
8885 1033
8890 1033
8895 1037
8900 1115
8905 1044
8910 1042
8915 1039
8920 1042
8925 1036
8930 1016
8935 1016
8940 1016
8945 1019
8950 1098
8955 1158
8960 1018
8965 1020
8970 1023
8975 1020
8980 1021
8985 1024
8990 1026
8995 1140
9000 1026
9005 1024
9010 1025
9015 1164
9020 1061
9025 1008
9030 1029
9035 1030
9040 1053
9045 1109
9050 1093
9055 1032
9060 1017
9065 1038
9070 1112
9075 1065
9080 1056
9085 1027
9090 1057
9095 1051
9100 1037
9105 1041
9110 1043
9115 1038
9120 1040
9125 1040
9130 1073
9135 1102
9140 1242
9145 1359
9150 1167
9155 1072
9160 1071
9165 1076
9170 1076
9175 1072
9180 1072
9185 1147
9190 1116
9195 1074
9200 1115
9205 1079
9210 1078
9215 1078
9220 1080
9225 1152
9230 1083
9235 1155
9240 1147
9245 1084
9250 1083
9255 1083
9260 1083
9265 1086
9270 1085
9275 1087
9280 1114
9285 1062
9290 1059
9295 1033
9300 1062
9305 1223
9310 1062
9315 1064
9320 1066
9325 1140
9330 1178
9335 1064
9340 1066
9345 1102
9350 1070
9355 1070
9360 1105
9365 1070
9370 1159
9375 1073
9380 1069
9385 1069
9390 1072
9395 1076
9400 1073
9405 1077
9410 1076
9415 1148
9420 1279
9425 1151
9430 1106
9435 1108
9440 1249
9445 1357
9450 1140
9455 1274
9460 1347
9465 1239
9470 1112
9475 1113
9480 1115
9485 1116
9490 1155
9495 1148
9500 1173
9505 1168
9510 1140
9515 1139
9520 1151
9525 1147
9530 1149
9535 1156
9540 1122
9545 1155
9550 1137
9555 1163
9560 1122
9565 1124
9570 1170
9575 1122
9580 1127
9585 1124
9590 1155
9595 1130
9600 1179
9605 1126
9610 1130
9615 1099
9620 1099
9625 1099
9630 1166
9635 1181
9640 1204
9645 1176
9650 1104
9655 1175
9660 1105
9665 1105
9670 1105
9675 1108
9680 1222
9685 1165
9690 1125
9695 1112
9700 1111
9705 1109
9710 1113
9715 1113
9720 1115
9725 1283
9730 1114
9735 1114
9740 1115
9745 1116
9750 1115
9755 1118
9760 1119
9765 1235
9770 1188
9775 1201
9780 1148
9785 1276
9790 1170
9795 1155
9800 1155
9805 1152
9810 1151
9815 1193
9820 1157
9825 1155
9830 1158
9835 1155
9840 1156
9845 1159
9850 1197
9855 1198
9860 1174
9865 1264
9870 1131
9875 1134
9880 1132
9885 1133
9890 1137
9895 1137
9900 1243
9905 1160
9910 1170
9915 1170
9920 1169
9925 1278
9930 1167
9935 1168
9940 1174
9945 1197
9950 1240
9955 1142
9960 1288
9965 1143
9970 1181
9975 1145
9980 1145
9985 1229
9990 1213
9995 1147
10000 1229
