5 0
10 0
15 0
20 0
25 1
30 1
35 1
40 2
45 2
50 2
55 2
60 3
65 3
70 3
75 4
80 4
85 4
90 4
95 5
100 5
105 5
110 6
115 6
120 6
125 7
130 7
135 39
140 8
145 8
150 8
155 9
160 9
165 10
170 10
175 10
180 11
185 11
190 12
195 12
200 12
205 29
210 13
215 13
220 13
225 14
230 14
235 15
240 15
245 16
250 15
255 16
260 16
265 17
270 18
275 18
280 18
285 19
290 20
295 20
300 20
305 20
310 21
315 21
320 22
325 22
330 23
335 23
340 23
345 24
350 24
355 25
360 25
365 25
370 25
375 26
380 26
385 28
390 27
395 27
400 34
405 29
410 29
415 29
420 30
425 30
430 31
435 31
440 32
445 32
450 32
455 32
460 34
465 34
470 34
475 35
480 35
485 36
490 36
495 37
500 38
505 38
510 38
515 39
520 38
525 40
530 40
535 40
540 74
545 98
550 42
555 43
560 43
565 44
570 44
575 44
580 45
585 46
590 46
595 46
600 46
605 47
610 48
615 47
620 49
625 49
630 50
635 50
640 50
645 51
650 52
655 53
660 73
665 70
670 54
675 88
680 55
685 55
690 56
695 57
700 57
705 57
710 58
715 58
720 58
725 59
730 60
735 61
740 62
745 62
750 62
755 63
760 63
765 63
770 64
775 64
780 65
785 66
790 83
795 69
800 69
805 69
810 70
815 70
820 71
825 71
830 72
835 72
840 73
845 73
850 74
855 75
860 75
865 75
870 75
875 76
880 76
885 77
890 78
895 78
900 78
905 78
910 80
915 81
920 81
925 81
930 88
935 82
940 83
945 84
950 86
955 85
960 86
965 86
970 87
975 87
980 86
985 88
990 89
995 90
1000 90
1005 90
1010 92
1015 91
1020 92
1025 93
1030 93
1035 94
1040 110
1045 102
1050 95
1055 97
1060 96
1065 97
1070 97
1075 98
1080 98
1085 98
1090 100
1095 105
1100 101
1105 101
1110 102
1115 103
1120 102
1125 103
1130 105
1135 104
1140 105
1145 106
1150 106
1155 106
1160 107
1165 108
1170 108
1175 109
1180 110
1185 110
1190 110
1195 112
1200 112
1205 112
1210 113
1215 113
1220 115
1225 114
1230 115
1235 116
1240 114
1245 116
1250 117
1255 117
1260 116
1265 119
1270 117
1275 122
1280 118
1285 120
1290 121
1295 122
1300 123
1305 124
1310 124
1315 124
1320 124
1325 125
1330 141
1335 134
1340 132
1345 132
1350 131
1355 132
1360 131
1365 131
1370 132
1375 133
1380 133
1385 134
1390 134
1395 133
1400 134
1405 135
1410 137
1415 136
1420 137
1425 138
1430 138
1435 138
1440 138
1445 168
1450 140
1455 140
1460 141
1465 142
1470 142
1475 142
1480 143
1485 143
1490 144
1495 145
1500 145
1505 146
1510 144
1515 146
1520 147
1525 148
1530 150
1535 150
1540 150
1545 151
1550 151
1555 153
1560 150
1565 154
1570 153
1575 154
1580 154
1585 155
1590 156
1595 157
1600 156
1605 158
1610 154
1615 158
1620 159
1625 160
1630 161
1635 162
1640 162
1645 161
1650 163
1655 164
1660 164
1665 164
1670 161
1675 166
1680 163
1685 166
1690 187
1695 172
1700 173
1705 172
1710 172
1715 173
1720 173
1725 172
1730 172
1735 173
1740 173
1745 175
1750 174
1755 176
1760 175
1765 176
1770 176
1775 178
1780 178
1785 179
1790 179
1795 179
1800 181
1805 181
1810 183
1815 182
1820 184
1825 185
1830 185
1835 185
1840 192
1845 186
1850 187
1855 187
1860 188
1865 189
1870 188
1875 190
1880 186
1885 191
1890 191
1895 191
1900 193
1905 193
1910 195
1915 194
1920 194
1925 195
1930 198
1935 194
1940 200
1945 197
1950 200
1955 200
1960 200
1965 199
1970 200
1975 255
1980 202
1985 204
1990 200
1995 205
2000 205
2005 205
2010 205
2015 225
2020 214
2025 209
2030 211
2035 211
2040 211
2045 211
2050 211
2055 211
2060 211
2065 212
2070 214
2075 214
2080 226
2085 211
2090 209
2095 210
2100 328
2105 249
2110 231
2115 268
2120 252
2125 253
2130 216
2135 254
2140 218
2145 217
2150 218
2155 219
2160 219
2165 219
2170 220
2175 241
2180 249
2185 222
2190 232
2195 235
2200 268
2205 231
2210 231
2215 318
2220 307
2225 512
2230 517
2235 300
2240 514
2245 511
2250 517
2255 513
2260 514
2265 514
2270 533
2275 442
2280 473
2285 447
2290 446
2295 447
2300 446
2305 449
2310 449
2315 457
2320 453
2325 451
2330 468
2335 460
2340 396
2345 355
2350 351
2355 360
2360 356
2365 357
2370 358
2375 357
2380 376
2385 359
2390 402
2395 378
2400 368
2405 372
2410 364
2415 363
2420 363
2425 373
2430 362
2435 365
2440 374
2445 308
2450 310
2455 312
2460 310
2465 312
2470 314
2475 314
2480 315
2485 315
2490 315
2495 318
2500 345
2505 321
2510 319
2515 318
2520 320
2525 324
2530 321
2535 321
2540 321
2545 372
2550 323
2555 318
2560 325
2565 324
2570 324
2575 326
2580 325
2585 330
2590 292
2595 292
2600 295
2605 293
2610 286
2615 295
2620 296
2625 295
2630 297
2635 295
2640 295
2645 296
2650 291
2655 299
2660 299
2665 300
2670 301
2675 301
2680 304
2685 303
2690 305
2695 308
2700 306
2705 351
2710 307
2715 313
2720 310
2725 308
2730 308
2735 316
2740 314
2745 313
2750 312
2755 310
2760 311
2765 328
2770 312
2775 313
2780 312
2785 315
2790 316
2795 317
2800 318
2805 332
2810 293
2815 379
2820 307
2825 309
2830 308
2835 306
2840 305
2845 309
2850 324
2855 344
2860 327
2865 339
2870 299
2875 299
2880 301
2885 300
2890 301
2895 303
2900 302
2905 304
2910 305
2915 320
2920 314
2925 316
2930 314
2935 317
2940 330
2945 327
2950 322
2955 334
2960 319
2965 328
2970 326
2975 329
2980 328
2985 326
2990 325
2995 327
3000 324
3005 329
3010 328
3015 329
3020 327
3025 328
3030 329
3035 328
3040 328
3045 329
3050 339
3055 330
3060 335
3065 331
3070 333
3075 336
3080 333
3085 334
3090 335
3095 337
3100 338
3105 338
3110 336
3115 368
3120 340
3125 340
3130 340
3135 341
3140 334
3145 343
3150 343
3155 342
3160 344
3165 344
3170 345
3175 344
3180 346
3185 348
3190 346
3195 346
3200 348
3205 349
3210 350
3215 351
3220 353
3225 352
3230 352
3235 352
3240 353
3245 356
3250 355
3255 353
3260 354
3265 356
3270 357
3275 358
3280 357
3285 358
3290 357
3295 358
3300 361
3305 362
3310 362
3315 361
3320 364
3325 363
3330 380
3335 452
3340 356
3345 358
3350 358
3355 358
3360 358
3365 357
3370 358
3375 361
3380 360
3385 360
3390 363
3395 362
3400 362
3405 363
3410 413
3415 365
3420 366
3425 367
3430 368
3435 369
3440 368
3445 460
3450 408
3455 389
3460 393
3465 370
3470 390
3475 372
3480 372
3485 373
3490 373
3495 376
3500 375
3505 376
3510 376
3515 377
3520 378
3525 378
3530 378
3535 378
3540 378
3545 379
3550 373
3555 382
3560 381
3565 383
3570 382
3575 381
3580 393
3585 377
3590 375
3595 376
3600 508
3605 378
3610 377
3615 380
3620 380
3625 381
3630 380
3635 381
3640 380
3645 381
3650 380
3655 384
3660 385
3665 384
3670 385
3675 383
3680 387
3685 387
3690 388
3695 389
3700 388
3705 532
3710 392
3715 392
3720 393
3725 392
3730 391
3735 393
3740 394
3745 438
3750 425
3755 405
3760 407
3765 406
3770 407
3775 414
3780 400
3785 400
3790 399
3795 401
3800 401
3805 402
3810 402
3815 402
3820 403
3825 434
3830 442
3835 415
3840 415
3845 451
3850 463
3855 419
3860 408
3865 407
3870 410
3875 411
3880 400
3885 411
3890 411
3895 412
3900 411
3905 413
3910 414
3915 415
3920 414
3925 415
3930 416
3935 417
3940 419
3945 449
3950 460
3955 419
3960 420
3965 420
3970 422
3975 421
3980 421
3985 423
3990 424
3995 425
4000 425
4005 427
4010 502
4015 426
4020 428
4025 429
4030 428
4035 429
4040 474
4045 505
4050 431
4055 433
4060 460
4065 606
4070 498
4075 554
4080 490
4085 459
4090 460
4095 459
4100 460
4105 463
4110 462
4115 461
4120 461
4125 463
4130 465
4135 489
4140 466
4145 467
4150 464
4155 467
4160 454
4165 477
4170 470
4175 472
4180 470
4185 472
4190 473
4195 471
4200 478
4205 473
4210 472
4215 474
4220 477
4225 477
4230 476
4235 492
4240 465
4245 464
4250 466
4255 466
4260 466
4265 587
4270 542
4275 526
4280 540
4285 472
4290 598
4295 474
4300 474
4305 508
4310 601
4315 526
4320 509
4325 475
4330 501
4335 503
4340 492
4345 490
4350 491
4355 493
4360 496
4365 495
4370 528
4375 500
4380 489
4385 506
4390 502
4395 498
4400 486
4405 500
4410 487
4415 489
4420 500
4425 501
4430 500
4435 502
4440 507
4445 501
4450 505
4455 504
4460 507
4465 535
4470 552
4475 507
4480 508
4485 511
4490 517
4495 511
4500 510
4505 508
4510 511
4515 514
4520 507
4525 515
4530 517
4535 513
4540 516
4545 517
4550 521
4555 559
4560 516
4565 562
4570 519
4575 518
4580 520
4585 520
4590 519
4595 523
4600 522
4605 523
4610 523
4615 524
4620 525
4625 527
4630 525
4635 527
4640 525
4645 527
4650 528
4655 528
4660 530
4665 529
4670 530
4675 531
4680 529
4685 533
4690 534
4695 538
4700 519
4705 521
4710 524
4715 524
4720 541
4725 622
4730 523
4735 579
4740 528
4745 527
4750 526
4755 565
4760 529
4765 558
4770 528
4775 528
4780 531
4785 533
4790 529
4795 531
4800 532
4805 536
4810 536
4815 536
4820 535
4825 536
4830 537
4835 538
4840 537
4845 539
4850 575
4855 538
4860 541
4865 561
4870 566
4875 545
4880 545
4885 543
4890 543
4895 545
4900 598
4905 547
4910 533
4915 547
4920 544
4925 546
4930 549
4935 551
4940 629
4945 551
4950 553
4955 573
4960 538
4965 538
4970 614
4975 541
4980 540
4985 540
4990 541
4995 544
5000 543
5005 544
5010 546
5015 545
5020 546
5025 548
5030 621
5035 622
5040 548
5045 549
5050 637
5055 548
5060 552
5065 613
5070 551
5075 552
5080 553
5085 553
5090 627
5095 554
5100 555
5105 752
5110 557
5115 555
5120 668
5125 573
5130 605
5135 575
5140 576
5145 574
5150 577
5155 578
5160 575
5165 577
5170 579
5175 578
5180 621
5185 579
5190 581
5195 580
5200 596
5205 650
5210 570
5215 569
5220 708
5225 616
5230 586
5235 586
5240 589
5245 586
5250 587
5255 608
5260 625
5265 702
5270 594
5275 629
5280 593
5285 655
5290 594
5295 596
5300 595
5305 594
5310 624
5315 599
5320 598
5325 599
5330 636
5335 600
5340 600
5345 598
5350 713
5355 644
5360 624
5365 724
5370 620
5375 649
5380 687
5385 658
5390 604
5395 606
5400 605
5405 605
5410 607
5415 610
5420 609
5425 670
5430 609
5435 612
5440 612
5445 721
5450 612
5455 613
5460 613
5465 614
5470 616
5475 613
5480 614
5485 616
5490 620
5495 618
5500 622
5505 614
5510 666
5515 668
5520 605
5525 676
5530 610
5535 609
5540 690
5545 686
5550 608
5555 693
5560 623
5565 626
5570 642
5575 613
5580 643
5585 629
5590 631
5595 630
5600 631
5605 754
5610 631
5615 629
5620 635
5625 633
5630 634
5635 635
5640 635
5645 636
5650 651
5655 620
5660 714
5665 640
5670 640
5675 646
5680 676
5685 641
5690 627
5695 666
5700 718
5705 626
5710 626
5715 691
5720 698
5725 679
5730 646
5735 648
5740 685
5745 648
5750 649
5755 637
5760 689
5765 651
5770 652
5775 648
5780 654
5785 653
5790 654
5795 653
5800 638
5805 638
5810 640
5815 752
5820 657
5825 661
5830 669
5835 737
5840 645
5845 644
5850 773
5855 644
5860 644
5865 751
5870 708
5875 665
5880 664
5885 664
5890 663
5895 746
5900 669
5905 665
5910 714
5915 668
5920 658
5925 671
5930 671
5935 675
5940 656
5945 741
5950 658
5955 730
5960 658
5965 658
5970 658
5975 660
5980 660
5985 724
5990 650
5995 663
6000 787
6005 736
6010 663
6015 663
6020 664
6025 667
6030 665
6035 746
6040 685
6045 688
6050 697
6055 733
6060 668
6065 671
6070 741
6075 674
6080 672
6085 675
6090 674
6095 779
6100 816
6105 693
6110 675
6115 677
6120 804
6125 788
6130 680
6135 776
6140 801
6145 702
6150 699
6155 795
6160 740
6165 699
6170 700
6175 756
6180 736
6185 704
6190 704
6195 737
6200 707
6205 704
6210 786
6215 707
6220 707
6225 797
6230 872
6235 777
6240 709
6245 759
6250 789
6255 711
6260 819
6265 764
6270 730
6275 754
6280 755
6285 732
6290 734
6295 734
6300 759
6305 736
6310 737
6315 762
6320 736
6325 743
6330 740
6335 755
6340 746
6345 745
6350 968
6355 1157
6360 886
6365 760
6370 745
6375 747
6380 747
6385 826
6390 745
6395 750
6400 805
6405 775
6410 751
6415 754
6420 770
6425 751
6430 734
6435 771
6440 753
6445 748
6450 782
6455 758
6460 756
6465 756
6470 778
6475 758
6480 759
6485 787
6490 765
6495 759
6500 763
6505 780
6510 768
6515 785
6520 765
6525 774
6530 810
6535 769
6540 786
6545 770
6550 768
6555 772
6560 773
6565 774
6570 769
6575 782
6580 779
6585 774
6590 776
6595 779
6600 773
6605 775
6610 789
6615 778
6620 775
6625 775
6630 795
6635 785
6640 795
6645 859
6650 758
6655 819
6660 843
6665 762
6670 844
6675 829
6680 787
6685 821
6690 784
6695 788
6700 787
6705 810
6710 791
6715 790
6720 815
6725 793
6730 794
6735 794
6740 793
6745 771
6750 773
6755 815
6760 772
6765 774
6770 795
6775 825
6780 778
6785 875
6790 854
6795 778
6800 793
6805 824
6810 803
6815 804
6820 820
6825 802
6830 807
6835 790
6840 822
6845 805
6850 807
6855 809
6860 802
6865 784
6870 858
6875 785
6880 790
6885 788
6890 820
6895 863
6900 799
6905 820
6910 885
6915 793
6920 852
6925 791
6930 793
6935 794
6940 841
6945 827
6950 797
6955 914
6960 837
6965 799
6970 872
6975 828
6980 821
6985 839
6990 832
6995 827
7000 822
7005 845
7010 825
7015 859
7020 848
7025 829
7030 861
7035 845
7040 829
7045 817
7050 832
7055 819
7060 833
7065 830
7070 859
7075 834
7080 831
7085 851
7090 835
7095 835
7100 862
7105 837
7110 836
7115 838
7120 890
7125 843
7130 842
7135 852
7140 844
7145 839
7150 908
7155 822
7160 824
7165 820
7170 823
7175 825
7180 822
7185 823
7190 826
7195 825
7200 869
7205 827
7210 880
7215 830
7220 831
7225 883
7230 833
7235 832
7240 880
7245 834
7250 813
7255 895
7260 927
7265 812
7270 940
7275 814
7280 818
7285 816
7290 880
7295 817
7300 818
7305 818
7310 819
7315 843
7320 872
7325 821
7330 819
7335 822
7340 824
7345 824
7350 821
7355 823
7360 823
7365 827
7370 825
7375 877
7380 906
7385 831
7390 912
7395 902
7400 829
7405 829
7410 832
7415 834
7420 832
7425 833
7430 894
7435 904
7440 913
7445 837
7450 836
7455 838
7460 838
7465 836
7470 840
7475 839
7480 839
7485 840
7490 955
7495 906
7500 843
7505 861
7510 863
7515 841
7520 846
7525 913
7530 888
7535 975
7540 986
7545 870
7550 871
7555 876
7560 852
7565 872
7570 872
7575 875
7580 872
7585 876
7590 852
7595 857
7600 857
7605 855
7610 973
7615 884
7620 926
7625 888
7630 989
7635 859
7640 859
7645 858
7650 859
7655 859
7660 859
7665 882
7670 1144
7675 1036
7680 1009
7685 863
7690 880
7695 889
7700 890
7705 891
7710 888
7715 888
7720 925
7725 896
7730 904
7735 1040
7740 895
7745 896
7750 896
7755 896
7760 1010
7765 894
7770 903
7775 991
7780 900
7785 957
7790 877
7795 930
7800 901
7805 901
7810 900
7815 905
7820 950
7825 902
7830 949
7835 896
7840 922
7845 937
7850 884
7855 886
7860 887
7865 886
7870 889
7875 961
7880 887
7885 1085
7890 889
7895 892
7900 895
7905 889
7910 891
7915 892
7920 970
7925 949
7930 894
7935 893
7940 953
7945 1001
7950 937
7955 937
7960 972
7965 898
7970 896
7975 897
7980 901
7985 899
7990 899
7995 978
8000 903
8005 904
8010 904
8015 941
8020 948
8025 906
8030 906
8035 907
8040 904
8045 938
8050 1026
8055 948
8060 1015
8065 937
8070 934
8075 934
8080 935
8085 936
8090 934
8095 974
8100 940
8105 1004
8110 916
8115 915
8120 917
8125 914
8130 1039
8135 918
8140 919
8145 919
8150 906
8155 918
8160 997
8165 921
8170 1031
8175 925
8180 921
8185 991
8190 924
8195 999
8200 926
8205 1069
8210 982
8215 953
8220 952
8225 954
8230 952
8235 953
8240 958
8245 956
8250 970
8255 935
8260 949
8265 956
8270 966
8275 1067
8280 933
8285 939
8290 937
8295 937
8300 1048
8305 941
8310 944
8315 1118
8320 935
8325 922
8330 942
8335 939
8340 942
8345 942
8350 939
8355 1060
8360 948
8365 987
8370 988
8375 949
8380 1137
8385 952
8390 947
8395 947
8400 950
8405 951
8410 951
8415 951
8420 1067
8425 1006
8430 955
8435 955
8440 958
8445 958
8450 955
8455 957
8460 957
8465 959
8470 962
8475 1111
8480 979
8485 1035
8490 962
8495 964
8500 964
8505 965
8510 1094
8515 966
8520 966
8525 1044
8530 967
8535 1045
8540 965
8545 1043
8550 1036
8555 968
8560 967
8565 1008
8570 970
8575 1089
8580 972
8585 1079
8590 974
8595 973
8600 974
8605 976
8610 974
8615 978
8620 973
8625 1094
8630 980
8635 978
8640 978
8645 978
8650 980
8655 981
8660 981
8665 981
8670 1124
8675 1053
8680 984
8685 1081
8690 1068
8695 1109
8700 989
8705 986
8710 988
8715 1026
8720 989
8725 1063
8730 989
8735 993
8740 989
8745 994
8750 1025
8755 1029
8760 968
8765 1035
8770 991
8775 1071
8780 1070
8785 1113
8790 999
8795 999
8800 1004
8805 1130
8810 1000
8815 1004
8820 1001
8825 1297
8830 1019
8835 1028
8840 1031
8845 1029
8850 1027
8855 1029
8860 1032
8865 1029
8870 1026
8875 1039
8880 1098
8885 1035
8890 1035
8895 1074
8900 1175
8905 1088
8910 1040
8915 1044
8920 1132
8925 1044
8930 1043
8935 1083
8940 1044
8945 1080
8950 1085
8955 1046
8960 1046
8965 1080
8970 1126
8975 1194
8980 1220
8985 1673
8990 1507
8995 1072
9000 1050
9005 1053
9010 1091
9015 1147
9020 1132
9025 1141
9030 1056
9035 1055
9040 1058
9045 1055
9050 1055
9055 1129
9060 1058
9065 1097
9070 1193
9075 1062
9080 1063
9085 1062
9090 1104
9095 1108
9100 1103
9105 1066
9110 1207
9115 1067
9120 1068
9125 1068
9130 1069
9135 1071
9140 1069
9145 1064
9150 1124
9155 1198
9160 1068
9165 1073
9170 1071
9175 1073
9180 1459
9185 1296
9190 1126
9195 1110
9200 1108
9205 1106
9210 1108
9215 1108
9220 1112
9225 1107
9230 1109
9235 1109
9240 1114
9245 1117
9250 1113
9255 1186
9260 1085
9265 1086
9270 1110
9275 1144
9280 1128
9285 1088
9290 1086
9295 1086
9300 1089
9305 1085
9310 1088
9315 1090
9320 1092
9325 1111
9330 1154
9335 1233
9340 1092
9345 1093
9350 1094
9355 1097
9360 1096
9365 1093
9370 1099
9375 1136
9380 1102
9385 1100
9390 1097
9395 1174
9400 1098
9405 1101
9410 1100
9415 1101
9420 1172
9425 1238
9430 1093
9435 1079
9440 1076
9445 1079
9450 1078
9455 1164
9460 1084
9465 1160
9470 1085
9475 1084
9480 1084
9485 1085
9490 1155
9495 1086
9500 1083
9505 1084
9510 1145
9515 1088
9520 1172
9525 1092
9530 1217
9535 1090
9540 1164
9545 1093
9550 1090
9555 1178
9560 1093
9565 1089
9570 1097
9575 1094
9580 1091
9585 1235
9590 1135
9595 1096
9600 1161
9605 1095
9610 1205
9615 1100
9620 1155
9625 1101
9630 1106
9635 1100
9640 1249
9645 1155
9650 1103
9655 1134
9660 1133
9665 1133
9670 1135
9675 1137
9680 1138
9685 1109
9690 1169
9695 1112
9700 1282
9705 1109
9710 1084
9715 1110
9720 1110
9725 1110
9730 1114
9735 1236
9740 1186
9745 1112
9750 1119
9755 1115
9760 1118
9765 1120
9770 1200
9775 1194
9780 1196
9785 1204
9790 1197
9795 1171
9800 1120
9805 1151
9810 1172
9815 1157
9820 1192
9825 1153
9830 1157
9835 1197
9840 1159
9845 1197
9850 1207
9855 1128
9860 1134
9865 1212
9870 1732
9875 1195
9880 1194
9885 1193
9890 1195
9895 1198
9900 1196
9905 1193
9910 1196
9915 1203
9920 1199
9925 1183
9930 1170
9935 1170
9940 1168
9945 1222
9950 1172
9955 1434
9960 1167
9965 1172
9970 1176
9975 1177
9980 1173
9985 1177
9990 1265
9995 1176
10000 1278
