5 0
10 0
15 0
20 0
25 1
30 1
35 1
40 2
45 2
50 2
55 2
60 2
65 3
70 3
75 3
80 4
85 4
90 4
95 5
100 5
105 5
110 5
115 6
120 6
125 6
130 7
135 7
140 7
145 8
150 8
155 8
160 9
165 9
170 10
175 10
180 11
185 11
190 11
195 12
200 12
205 12
210 13
215 13
220 13
225 14
230 14
235 14
240 14
245 15
250 15
255 16
260 16
265 16
270 17
275 18
280 18
285 18
290 19
295 19
300 19
305 19
310 20
315 21
320 21
325 21
330 21
335 21
340 22
345 23
350 23
355 24
360 25
365 25
370 26
375 26
380 26
385 26
390 27
395 27
400 28
405 28
410 28
415 29
420 29
425 30
430 30
435 31
440 31
445 32
450 32
455 33
460 33
465 33
470 33
475 34
480 34
485 35
490 36
495 36
500 36
505 37
510 37
515 38
520 38
525 38
530 40
535 40
540 40
545 41
550 40
555 41
560 42
565 42
570 41
575 43
580 43
585 44
590 45
595 45
600 45
605 45
610 46
615 47
620 47
625 49
630 48
635 50
640 48
645 51
650 50
655 50
660 50
665 52
670 53
675 52
680 72
685 75
690 73
695 57
700 92
705 56
710 56
715 56
720 57
725 57
730 57
735 73
740 61
745 61
750 62
755 62
760 63
765 63
770 63
775 64
780 65
785 65
790 66
795 66
800 66
805 67
810 68
815 88
820 85
825 69
830 70
835 71
840 71
845 72
850 72
855 73
860 73
865 74
870 74
875 74
880 75
885 76
890 77
895 75
900 76
905 77
910 85
915 96
920 79
925 79
930 79
935 80
940 81
945 82
950 82
955 83
960 82
965 84
970 84
975 85
980 85
985 85
990 86
995 87
1000 88
1005 87
1010 88
1015 89
1020 134
1025 95
1030 109
1035 90
1040 92
1045 91
1050 92
1055 93
1060 93
1065 95
1070 95
1075 95
1080 96
1085 97
1090 97
1095 97
1100 97
1105 97
1110 99
1115 99
1120 100
1125 100
1130 101
1135 102
1140 101
1145 103
1150 103
1155 104
1160 140
1165 105
1170 105
1175 106
1180 106
1185 107
1190 108
1195 108
1200 109
1205 109
1210 109
1215 110
1220 109
1225 146
1230 111
1235 113
1240 114
1245 114
1250 115
1255 114
1260 115
1265 116
1270 117
1275 117
1280 117
1285 117
1290 118
1295 119
1300 120
1305 121
1310 158
1315 119
1320 122
1325 123
1330 122
1335 123
1340 124
1345 125
1350 126
1355 126
1360 127
1365 126
1370 128
1375 128
1380 128
1385 129
1390 129
1395 130
1400 131
1405 131
1410 132
1415 133
1420 135
1425 134
1430 134
1435 135
1440 135
1445 136
1450 136
1455 137
1460 138
1465 139
1470 138
1475 139
1480 140
1485 140
1490 140
1495 142
1500 142
1505 141
1510 143
1515 144
1520 144
1525 145
1530 146
1535 147
1540 146
1545 148
1550 148
1555 147
1560 149
1565 150
1570 149
1575 150
1580 147
1585 147
1590 148
1595 149
1600 150
1605 151
1610 229
1615 152
1620 151
1625 152
1630 153
1635 153
1640 153
1645 155
1650 196
1655 192
1660 157
1665 156
1670 158
1675 157
1680 158
1685 159
1690 159
1695 200
1700 211
1705 161
1710 160
1715 161
1720 162
1725 163
1730 162
1735 163
1740 164
1745 165
1750 165
1755 243
1760 166
1765 167
1770 168
1775 169
1780 169
1785 170
1790 170
1795 169
1800 171
1805 172
1810 171
1815 172
1820 175
1825 172
1830 175
1835 175
1840 174
1845 198
1850 176
1855 178
1860 178
1865 178
1870 179
1875 178
1880 180
1885 180
1890 181
1895 182
1900 182
1905 182
1910 183
1915 184
1920 184
1925 185
1930 257
1935 186
1940 186
1945 186
1950 188
1955 190
1960 208
1965 242
1970 189
1975 191
1980 192
1985 192
1990 192
1995 192
2000 194
2005 193
2010 194
2015 196
2020 195
2025 195
2030 197
2035 198
2040 198
2045 199
2050 199
2055 200
2060 200
2065 201
2070 201
2075 202
2080 201
2085 339
2090 203
2095 204
2100 204
2105 205
2110 205
2115 205
2120 206
2125 207
2130 207
2135 208
2140 207
2145 210
2150 209
2155 211
2160 210
2165 211
2170 291
2175 213
2180 285
2185 215
2190 215
2195 216
2200 309
2205 216
2210 215
2215 215
2220 217
2225 219
2230 217
2235 217
2240 219
2245 220
2250 220
2255 221
2260 221
2265 222
2270 224
2275 223
2280 223
2285 225
2290 226
2295 225
2300 226
2305 226
2310 272
2315 266
2320 228
2325 229
2330 229
2335 229
2340 229
2345 230
2350 233
2355 232
2360 231
2365 234
2370 311
2375 237
2380 333
2385 238
2390 240
2395 238
2400 238
2405 240
2410 239
2415 240
2420 240
2425 242
2430 241
2435 241
2440 243
2445 242
2450 244
2455 244
2460 245
2465 244
2470 245
2475 246
2480 324
2485 252
2490 253
2495 253
2500 288
2505 258
2510 257
2515 257
2520 258
2525 258
2530 261
2535 258
2540 259
2545 260
2550 261
2555 262
2560 262
2565 266
2570 264
2575 304
2580 264
2585 266
2590 266
2595 266
2600 266
2605 326
2610 268
2615 269
2620 270
2625 270
2630 270
2635 273
2640 273
2645 273
2650 272
2655 285
2660 267
2665 268
2670 267
2675 273
2680 268
2685 275
2690 288
2695 271
2700 330
2705 270
2710 274
2715 273
2720 275
2725 275
2730 276
2735 276
2740 277
2745 277
2750 278
2755 346
2760 280
2765 278
2770 280
2775 280
2780 280
2785 280
2790 282
2795 281
2800 284
2805 283
2810 284
2815 285
2820 286
2825 287
2830 285
2835 287
2840 288
2845 289
2850 288
2855 287
2860 291
2865 290
2870 292
2875 291
2880 296
2885 327
2890 295
2895 368
2900 295
2905 294
2910 295
2915 296
2920 298
2925 371
2930 299
2935 299
2940 299
2945 300
2950 387
2955 300
2960 302
2965 301
2970 302
2975 317
2980 312
2985 313
2990 313
2995 315
3000 314
3005 315
3010 317
3015 315
3020 316
3025 318
3030 318
3035 318
3040 319
3045 322
3050 320
3055 401
3060 321
3065 360
3070 324
3075 324
3080 363
3085 324
3090 326
3095 322
3100 451
3105 365
3110 330
3115 509
3120 328
3125 323
3130 330
3135 330
3140 332
3145 331
3150 332
3155 331
3160 334
3165 335
3170 372
3175 335
3180 335
3185 337
3190 338
3195 337
3200 338
3205 339
3210 339
3215 341
3220 340
3225 412
3230 343
3235 339
3240 343
3245 416
3250 366
3255 347
3260 347
3265 347
3270 347
3275 346
3280 347
3285 347
3290 349
3295 350
3300 351
3305 371
3310 406
3315 424
3320 459
3325 384
3330 356
3335 355
3340 421
3345 384
3350 357
3355 357
3360 398
3365 358
3370 359
3375 361
3380 383
3385 369
3390 371
3395 373
3400 375
3405 374
3410 374
3415 374
3420 378
3425 375
3430 376
3435 375
3440 378
3445 401
3450 377
3455 380
3460 380
3465 382
3470 380
3475 381
3480 380
3485 384
3490 382
3495 389
3500 384
3505 391
3510 396
3515 430
3520 377
3525 377
3530 380
3535 379
3540 380
3545 379
3550 378
3555 380
3560 382
3565 383
3570 383
3575 384
3580 384
3585 385
3590 432
3595 425
3600 385
3605 425
3610 387
3615 388
3620 463
3625 391
3630 390
3635 392
3640 392
3645 392
3650 393
3655 395
3660 394
3665 397
3670 395
3675 396
3680 396
3685 396
3690 396
3695 400
3700 398
3705 398
3710 401
3715 435
3720 402
3725 403
3730 401
3735 404
3740 403
3745 481
3750 409
3755 491
3760 432
3765 481
3770 399
3775 397
3780 400
3785 400
3790 398
3795 400
3800 565
3805 400
3810 475
3815 403
3820 401
3825 402
3830 405
3835 404
3840 582
3845 405
3850 431
3855 418
3860 450
3865 420
3870 419
3875 420
3880 459
3885 498
3890 505
3895 445
3900 447
3905 449
3910 490
3915 425
3920 428
3925 427
3930 448
3935 451
3940 444
3945 446
3950 447
3955 452
3960 443
3965 444
3970 443
3975 461
3980 444
3985 447
3990 452
3995 450
4000 445
4005 450
4010 448
4015 449
4020 450
4025 450
4030 451
4035 455
4040 484
4045 457
4050 454
4055 455
4060 454
4065 458
4070 460
4075 475
4080 466
4085 477
4090 467
4095 469
4100 493
4105 464
4110 499
4115 478
4120 469
4125 465
4130 507
4135 563
4140 531
4145 530
4150 539
4155 474
4160 469
4165 470
4170 473
4175 474
4180 484
4185 470
4190 469
4195 475
4200 472
4205 473
4210 474
4215 476
4220 476
4225 478
4230 475
4235 475
4240 475
4245 490
4250 478
4255 485
4260 494
4265 483
4270 484
4275 489
4280 486
4285 528
4290 484
4295 484
4300 486
4305 486
4310 485
4315 486
4320 489
4325 484
4330 487
4335 488
4340 488
4345 490
4350 491
4355 491
4360 493
4365 495
4370 500
4375 502
4380 499
4385 498
4390 496
4395 495
4400 511
4405 498
4410 497
4415 497
4420 497
4425 499
4430 509
4435 498
4440 499
4445 507
4450 498
4455 501
4460 503
4465 502
4470 502
4475 531
4480 504
4485 507
4490 505
4495 507
4500 507
4505 523
4510 522
4515 515
4520 520
4525 531
4530 518
4535 526
4540 548
4545 520
4550 522
4555 516
4560 517
4565 521
4570 516
4575 518
4580 517
4585 517
4590 520
4595 528
4600 521
4605 523
4610 521
4615 522
4620 528
4625 523
4630 541
4635 526
4640 525
4645 526
4650 526
4655 528
4660 527
4665 528
4670 528
4675 530
4680 532
4685 522
4690 532
4695 531
4700 535
4705 532
4710 535
4715 535
4720 535
4725 536
4730 536
4735 537
4740 539
4745 538
4750 540
4755 541
4760 539
4765 537
4770 545
4775 541
4780 542
4785 580
4790 544
4795 547
4800 531
4805 532
4810 529
4815 531
4820 533
4825 569
4830 534
4835 534
4840 534
4845 576
4850 540
4855 536
4860 576
4865 540
4870 541
4875 541
4880 541
4885 545
4890 563
4895 558
4900 542
4905 541
4910 546
4915 532
4920 567
4925 611
4930 532
4935 532
4940 534
4945 561
4950 536
4955 600
4960 537
4965 632
4970 558
4975 537
4980 538
4985 617
4990 552
4995 552
5000 557
5005 592
5010 555
5015 543
5020 571
5025 545
5030 699
5035 546
5040 591
5045 563
5050 577
5055 563
5060 561
5065 564
5070 565
5075 564
5080 567
5085 567
5090 602
5095 566
5100 569
5105 568
5110 568
5115 569
5120 572
5125 571
5130 683
5135 653
5140 639
5145 598
5150 597
5155 595
5160 591
5165 593
5170 594
5175 592
5180 594
5185 595
5190 595
5195 583
5200 598
5205 598
5210 597
5215 609
5220 599
5225 600
5230 602
5235 600
5240 602
5245 601
5250 602
5255 602
5260 605
5265 601
5270 605
5275 605
5280 608
5285 620
5290 592
5295 668
5300 593
5305 591
5310 769
5315 596
5320 598
5325 600
5330 599
5335 597
5340 600
5345 601
5350 599
5355 598
5360 599
5365 600
5370 601
5375 603
5380 708
5385 605
5390 604
5395 604
5400 640
5405 604
5410 606
5415 608
5420 608
5425 608
5430 611
5435 611
5440 621
5445 594
5450 594
5455 597
5460 690
5465 644
5470 632
5475 641
5480 618
5485 614
5490 617
5495 630
5500 597
5505 602
5510 605
5515 602
5520 606
5525 646
5530 605
5535 641
5540 649
5545 609
5550 608
5555 607
5560 680
5565 608
5570 646
5575 610
5580 611
5585 611
5590 613
5595 613
5600 614
5605 614
5610 683
5615 617
5620 651
5625 677
5630 725
5635 697
5640 633
5645 651
5650 619
5655 620
5660 619
5665 622
5670 619
5675 680
5680 754
5685 625
5690 627
5695 625
5700 763
5705 628
5710 626
5715 628
5720 627
5725 626
5730 629
5735 629
5740 631
5745 631
5750 630
5755 631
5760 633
5765 633
5770 632
5775 653
5780 735
5785 651
5790 693
5795 662
5800 635
5805 639
5810 638
5815 714
5820 641
5825 639
5830 640
5835 642
5840 644
5845 642
5850 642
5855 717
5860 644
5865 645
5870 646
5875 647
5880 682
5885 646
5890 707
5895 666
5900 773
5905 653
5910 689
5915 652
5920 652
5925 651
5930 729
5935 655
5940 778
5945 654
5950 717
5955 675
5960 672
5965 676
5970 676
5975 676
5980 676
5985 676
5990 678
5995 680
6000 677
6005 718
6010 759
6015 680
6020 682
6025 681
6030 681
6035 685
6040 705
6045 685
6050 682
6055 685
6060 685
6065 688
6070 688
6075 753
6080 692
6085 711
6090 717
6095 676
6100 673
6105 673
6110 676
6115 676
6120 674
6125 677
6130 675
6135 678
6140 742
6145 695
6150 733
6155 707
6160 720
6165 713
6170 681
6175 753
6180 681
6185 685
6190 684
6195 684
6200 685
6205 685
6210 685
6215 690
6220 766
6225 688
6230 773
6235 758
6240 690
6245 691
6250 690
6255 691
6260 693
6265 693
6270 768
6275 692
6280 697
6285 767
6290 787
6295 714
6300 754
6305 714
6310 714
6315 719
6320 717
6325 716
6330 702
6335 720
6340 724
6345 721
6350 716
6355 723
6360 800
6365 702
6370 742
6375 742
6380 706
6385 708
6390 705
6395 709
6400 708
6405 786
6410 707
6415 710
6420 713
6425 713
6430 774
6435 714
6440 715
6445 715
6450 716
6455 719
6460 720
6465 716
6470 782
6475 739
6480 736
6485 730
6490 720
6495 769
6500 802
6505 721
6510 846
6515 721
6520 719
6525 807
6530 724
6535 726
6540 728
6545 726
6550 726
6555 709
6560 713
6565 727
6570 806
6575 752
6580 752
6585 810
6590 770
6595 730
6600 734
6605 806
6610 773
6615 789
6620 831
6625 736
6630 737
6635 847
6640 742
6645 872
6650 740
6655 739
6660 741
6665 743
6670 742
6675 740
6680 747
6685 748
6690 745
6695 744
6700 820
6705 747
6710 747
6715 826
6720 751
6725 803
6730 748
6735 749
6740 750
6745 742
6750 749
6755 750
6760 754
6765 773
6770 792
6775 813
6780 793
6785 776
6790 786
6795 757
6800 757
6805 758
6810 760
6815 758
6820 759
6825 762
6830 850
6835 800
6840 766
6845 763
6850 761
6855 765
6860 763
6865 788
6870 874
6875 768
6880 846
6885 771
6890 840
6895 847
6900 768
6905 840
6910 790
6915 794
6920 834
6925 792
6930 832
6935 794
6940 795
6945 798
6950 795
6955 837
6960 840
6965 796
6970 797
6975 800
6980 799
6985 813
6990 780
6995 780
7000 782
7005 780
7010 781
7015 787
7020 859
7025 788
7030 843
7035 803
7040 786
7045 784
7050 789
7055 790
7060 789
7065 790
7070 790
7075 829
7080 858
7085 853
7090 793
7095 851
7100 793
7105 793
7110 873
7115 795
7120 795
7125 796
7130 799
7135 893
7140 799
7145 877
7150 801
7155 956
7160 801
7165 864
7170 856
7175 801
7180 799
7185 803
7190 889
7195 923
7200 835
7205 840
7210 888
7215 807
7220 826
7225 860
7230 830
7235 831
7240 917
7245 914
7250 836
7255 861
7260 833
7265 919
7270 837
7275 939
7280 838
7285 835
7290 836
7295 838
7300 837
7305 845
7310 836
7315 844
7320 908
7325 893
7330 821
7335 824
7340 823
7345 958
7350 846
7355 897
7360 823
7365 826
7370 829
7375 827
7380 825
7385 904
7390 929
7395 878
7400 829
7405 830
7410 830
7415 831
7420 830
7425 833
7430 832
7435 834
7440 834
7445 919
7450 838
7455 837
7460 914
7465 837
7470 836
7475 840
7480 839
7485 837
7490 897
7495 841
7500 882
7505 844
7510 969
7515 844
7520 844
7525 844
7530 842
7535 845
7540 843
7545 848
7550 851
7555 847
7560 931
7565 849
7570 851
7575 851
7580 851
7585 856
7590 852
7595 855
7600 928
7605 853
7610 990
7615 855
7620 974
7625 1060
7630 856
7635 857
7640 859
7645 860
7650 881
7655 962
7660 885
7665 1199
7670 1378
7675 1167
7680 889
7685 887
7690 889
7695 888
7700 979
7705 966
7710 933
7715 973
7720 956
7725 890
7730 973
7735 894
7740 926
7745 947
7750 918
7755 924
7760 920
7765 918
7770 922
7775 926
7780 925
7785 925
7790 922
7795 945
7800 900
7805 904
7810 902
7815 904
7820 904
7825 905
7830 994
7835 948
7840 971
7845 910
7850 906
7855 907
7860 907
7865 964
7870 930
7875 910
7880 915
7885 958
7890 916
7895 915
7900 910
7905 891
7910 891
7915 891
7920 892
7925 892
7930 888
7935 891
7940 973
7945 898
7950 1018
7955 896
7960 937
7965 897
7970 897
7975 899
7980 900
7985 901
7990 961
7995 997
8000 998
8005 906
8010 905
8015 904
8020 903
8025 907
8030 902
8035 909
8040 903
8045 908
8050 989
8055 948
8060 1084
8065 938
8070 932
8075 945
8080 888
8085 911
8090 913
8095 933
8100 915
8105 992
8110 1004
8115 915
8120 918
8125 915
8130 917
8135 916
8140 990
8145 918
8150 918
8155 922
8160 1093
8165 1026
8170 924
8175 1001
8180 925
8185 925
8190 924
8195 926
8200 924
8205 1010
8210 1053
8215 929
8220 931
8225 961
8230 929
8235 929
8240 1004
8245 1015
8250 931
8255 1025
8260 956
8265 1161
8270 1081
8275 962
8280 997
8285 961
8290 959
8295 965
8300 964
8305 965
8310 966
8315 1006
8320 966
8325 967
8330 969
8335 968
8340 946
8345 970
8350 965
8355 965
8360 1019
8365 1048
8370 972
8375 1124
8380 971
8385 968
8390 975
8395 975
8400 975
8405 976
8410 1031
8415 1061
8420 977
8425 974
8430 976
8435 980
8440 1014
8445 991
8450 956
8455 960
8460 959
8465 958
8470 1022
8475 1072
8480 1034
8485 959
8490 963
8495 962
8500 964
8505 1028
8510 966
8515 961
8520 1048
8525 1093
8530 1173
8535 1036
8540 1026
8545 999
8550 1078
8555 995
8560 998
8565 1000
8570 1070
8575 1082
8580 999
8585 1000
8590 1002
8595 1002
8600 1001
8605 1042
8610 1041
8615 1004
8620 1097
8625 1008
8630 1004
8635 1003
8640 1010
8645 1004
8650 1006
8655 1041
8660 1010
8665 1013
8670 1157
8675 1128
8680 1012
8685 1011
8690 1012
8695 1006
8700 1014
8705 1014
8710 1017
8715 1043
8720 1016
8725 1052
8730 1020
8735 1019
8740 1017
8745 1022
8750 1068
8755 1021
8760 1016
8765 1057
8770 1053
8775 1151
8780 1026
8785 1024
8790 1034
8795 1000
8800 1039
8805 1037
8810 1001
8815 1040
8820 1006
8825 1007
8830 979
8835 1081
8840 1082
8845 1005
8850 1006
8855 1005
8860 1005
8865 1048
8870 1141
8875 1082
8880 1008
8885 1013
8890 1087
8895 1008
8900 1013
8905 1017
8910 1218
8915 1016
8920 1018
8925 1017
8930 1015
8935 1019
8940 1050
8945 1020
8950 1019
8955 1055
8960 1183
8965 1021
8970 1135
8975 1024
8980 1023
8985 1021
8990 1024
8995 1093
9000 1023
9005 1029
9010 1107
9015 1023
9020 1026
9025 1029
9030 1030
9035 1178
9040 1034
9045 1031
9050 1171
9055 1103
9060 1088
9065 1237
9070 1025
9075 1033
9080 1036
9085 1035
9090 1144
9095 1064
9100 1064
9105 1104
9110 1066
9115 1104
9120 1106
9125 1066
9130 1068
9135 1152
9140 1039
9145 1044
9150 1146
9155 1166
9160 1044
9165 1118
9170 1046
9175 1139
9180 1074
9185 1076
9190 1079
9195 1073
9200 1117
9205 1078
9210 1147
9215 1058
9220 1075
9225 1134
9230 1051
9235 1054
9240 1053
9245 1159
9250 1193
9255 1058
9260 1060
9265 1059
9270 1060
9275 1138
9280 1055
9285 1132
9290 1143
9295 1061
9300 1060
9305 1064
9310 1061
9315 1065
9320 1065
9325 1063
9330 1066
9335 1150
9340 1070
9345 1158
9350 1065
9355 1065
9360 1068
9365 1070
9370 1073
9375 1201
9380 1213
9385 1176
9390 1146
9395 1110
9400 1104
9405 1142
9410 1104
9415 1106
9420 1104
9425 1144
9430 1105
9435 1195
9440 1118
9445 1103
9450 1078
9455 1080
9460 1084
9465 1079
9470 1121
9475 1221
9480 1086
9485 1085
9490 1088
9495 1085
9500 1125
9505 1088
9510 1089
9515 1089
9520 1152
9525 1217
9530 1086
9535 1094
9540 1092
9545 1091
9550 1170
9555 1093
9560 1093
9565 1177
9570 1185
9575 1097
9580 1172
9585 1098
9590 1096
9595 1099
9600 1172
9605 1209
9610 1175
9615 1229
9620 1103
9625 1103
9630 1104
9635 1102
9640 1334
9645 1322
9650 1244
9655 1184
9660 1133
9665 1131
9670 1136
9675 1131
9680 1138
9685 1140
9690 1186
9695 1180
9700 1226
9705 1164
9710 1144
9715 1143
9720 1141
9725 1141
9730 1134
9735 1117
9740 1169
9745 1095
9750 1118
9755 1113
9760 1117
9765 1119
9770 1119
9775 1116
9780 1221
9785 1228
9790 1225
9795 1123
9800 1121
9805 1123
9810 1143
9815 1158
9820 1207
9825 1187
9830 1158
9835 1161
9840 1159
9845 1161
9850 1158
9855 1131
9860 1119
9865 1166
9870 1216
9875 1132
9880 1219
9885 1137
9890 1135
9895 1136
9900 1215
9905 1135
9910 1135
9915 1256
9920 1139
9925 1292
9930 1142
9935 1175
9940 1300
9945 1369
9950 1794
9955 1600
9960 1293
9965 1173
9970 1175
9975 1215
9980 1210
9985 1325
9990 1177
9995 1355
10000 1175
