5 0
10 0
15 0
20 0
25 1
30 1
35 1
40 1
45 2
50 2
55 3
60 3
65 3
70 3
75 3
80 4
85 4
90 4
95 5
100 5
105 5
110 5
115 6
120 6
125 7
130 7
135 7
140 7
145 8
150 8
155 9
160 9
165 9
170 10
175 10
180 10
185 11
190 11
195 12
200 12
205 12
210 13
215 13
220 13
225 14
230 14
235 14
240 15
245 15
250 16
255 16
260 16
265 17
270 17
275 18
280 18
285 19
290 19
295 20
300 20
305 20
310 21
315 21
320 21
325 22
330 23
335 22
340 24
345 25
350 23
355 24
360 24
365 25
370 26
375 26
380 27
385 27
390 27
395 28
400 28
405 28
410 29
415 29
420 30
425 30
430 31
435 32
440 32
445 32
450 33
455 33
460 34
465 34
470 34
475 35
480 35
485 36
490 36
495 37
500 38
505 38
510 38
515 39
520 40
525 40
530 41
535 42
540 41
545 42
550 42
555 42
560 42
565 43
570 44
575 44
580 44
585 45
590 46
595 46
600 46
605 48
610 48
615 48
620 49
625 50
630 51
635 51
640 51
645 52
650 52
655 53
660 53
665 53
670 54
675 54
680 54
685 55
690 54
695 56
700 56
705 57
710 58
715 57
720 58
725 58
730 60
735 59
740 61
745 61
750 62
755 62
760 63
765 63
770 64
775 64
780 64
785 64
790 64
795 67
800 66
805 67
810 68
815 69
820 69
825 70
830 70
835 71
840 70
845 71
850 72
855 71
860 73
865 72
870 73
875 73
880 74
885 74
890 75
895 75
900 77
905 77
910 76
915 91
920 77
925 77
930 78
935 79
940 78
945 79
950 79
955 81
960 82
965 81
970 82
975 83
980 84
985 83
990 82
995 84
1000 86
1005 86
1010 85
1015 87
1020 109
1025 122
1030 86
1035 158
1040 97
1045 96
1050 111
1055 113
1060 113
1065 130
1070 94
1075 99
1080 111
1085 126
1090 109
1095 118
1100 170
1105 152
1110 136
1115 101
1120 100
1125 100
1130 120
1135 117
1140 103
1145 104
1150 105
1155 104
1160 104
1165 105
1170 104
1175 107
1180 104
1185 159
1190 162
1195 105
1200 106
1205 106
1210 104
1215 107
1220 108
1225 109
1230 107
1235 109
1240 110
1245 110
1250 110
1255 112
1260 110
1265 112
1270 113
1275 114
1280 111
1285 115
1290 116
1295 116
1300 116
1305 117
1310 118
1315 117
1320 150
1325 119
1330 120
1335 137
1340 123
1345 125
1350 124
1355 126
1360 127
1365 125
1370 127
1375 127
1380 129
1385 128
1390 131
1395 130
1400 131
1405 131
1410 132
1415 134
1420 133
1425 156
1430 151
1435 135
1440 136
1445 136
1450 137
1455 136
1460 138
1465 139
1470 139
1475 139
1480 140
1485 140
1490 141
1495 141
1500 143
1505 142
1510 143
1515 143
1520 145
1525 145
1530 146
1535 147
1540 145
1545 148
1550 146
1555 147
1560 148
1565 149
1570 150
1575 150
1580 150
1585 151
1590 151
1595 153
1600 153
1605 154
1610 154
1615 154
1620 155
1625 156
1630 156
1635 157
1640 158
1645 157
1650 158
1655 159
1660 160
1665 159
1670 160
1675 161
1680 161
1685 163
1690 163
1695 236
1700 176
1705 187
1710 189
1715 196
1720 187
1725 170
1730 169
1735 170
1740 239
1745 169
1750 170
1755 170
1760 171
1765 175
1770 173
1775 175
1780 238
1785 194
1790 175
1795 176
1800 175
1805 177
1810 177
1815 282
1820 179
1825 179
1830 178
1835 178
1840 176
1845 179
1850 180
1855 182
1860 183
1865 183
1870 183
1875 184
1880 185
1885 184
1890 186
1895 187
1900 187
1905 187
1910 187
1915 188
1920 189
1925 189
1930 189
1935 191
1940 192
1945 190
1950 192
1955 237
1960 194
1965 195
1970 194
1975 195
1980 197
1985 196
1990 197
1995 198
2000 234
2005 199
2010 200
2015 199
2020 285
2025 204
2030 203
2035 204
2040 204
2045 204
2050 203
2055 204
2060 204
2065 206
2070 207
2075 206
2080 208
2085 208
2090 208
2095 210
2100 210
2105 210
2110 209
2115 212
2120 211
2125 213
2130 214
2135 213
2140 214
2145 215
2150 215
2155 216
2160 254
2165 218
2170 217
2175 218
2180 218
2185 218
2190 221
2195 256
2200 220
2205 221
2210 223
2215 222
2220 223
2225 261
2230 224
2235 226
2240 226
2245 226
2250 227
2255 293
2260 290
2265 230
2270 231
2275 231
2280 231
2285 232
2290 232
2295 233
2300 231
2305 233
2310 233
2315 235
2320 236
2325 236
2330 243
2335 232
2340 230
2345 232
2350 233
2355 233
2360 233
2365 235
2370 236
2375 287
2380 407
2385 331
2390 236
2395 237
2400 238
2405 238
2410 239
2415 238
2420 294
2425 316
2430 243
2435 241
2440 243
2445 244
2450 245
2455 244
2460 244
2465 244
2470 245
2475 246
2480 247
2485 247
2490 246
2495 248
2500 249
2505 250
2510 266
2515 257
2520 258
2525 258
2530 331
2535 295
2540 258
2545 260
2550 262
2555 262
2560 262
2565 263
2570 263
2575 263
2580 265
2585 266
2590 266
2595 267
2600 266
2605 269
2610 269
2615 308
2620 267
2625 270
2630 271
2635 271
2640 270
2645 345
2650 274
2655 274
2660 276
2665 276
2670 275
2675 277
2680 285
2685 269
2690 271
2695 271
2700 271
2705 273
2710 273
2715 273
2720 274
2725 273
2730 275
2735 275
2740 276
2745 354
2750 277
2755 277
2760 277
2765 279
2770 279
2775 279
2780 281
2785 282
2790 301
2795 340
2800 283
2805 283
2810 341
2815 283
2820 362
2825 284
2830 285
2835 287
2840 432
2845 297
2850 295
2855 296
2860 297
2865 297
2870 300
2875 299
2880 299
2885 301
2890 301
2895 302
2900 301
2905 304
2910 302
2915 304
2920 305
2925 304
2930 306
2935 307
2940 308
2945 307
2950 308
2955 344
2960 309
2965 310
2970 313
2975 311
2980 372
2985 315
2990 316
2995 320
3000 306
3005 308
3010 309
3015 307
3020 308
3025 308
3030 309
3035 309
3040 311
3045 314
3050 311
3055 311
3060 313
3065 314
3070 316
3075 314
3080 315
3085 316
3090 316
3095 316
3100 317
3105 318
3110 318
3115 393
3120 320
3125 320
3130 319
3135 320
3140 318
3145 323
3150 322
3155 322
3160 324
3165 325
3170 323
3175 326
3180 325
3185 391
3190 355
3195 328
3200 327
3205 329
3210 403
3215 331
3220 330
3225 331
3230 332
3235 333
3240 325
3245 333
3250 335
3255 335
3260 336
3265 415
3270 338
3275 338
3280 339
3285 544
3290 372
3295 388
3300 351
3305 388
3310 385
3315 368
3320 368
3325 386
3330 357
3335 394
3340 356
3345 357
3350 359
3355 416
3360 468
3365 377
3370 382
3375 359
3380 360
3385 363
3390 382
3395 399
3400 496
3405 368
3410 444
3415 402
3420 368
3425 452
3430 366
3435 364
3440 395
3445 367
3450 368
3455 367
3460 370
3465 371
3470 370
3475 373
3480 373
3485 372
3490 372
3495 408
3500 373
3505 393
3510 391
3515 396
3520 376
3525 390
3530 388
3535 388
3540 444
3545 391
3550 389
3555 389
3560 391
3565 393
3570 393
3575 392
3580 394
3585 395
3590 394
3595 396
3600 394
3605 396
3610 401
3615 398
3620 397
3625 400
3630 398
3635 400
3640 411
3645 390
3650 426
3655 387
3660 393
3665 392
3670 394
3675 396
3680 444
3685 397
3690 515
3695 395
3700 398
3705 398
3710 399
3715 399
3720 401
3725 399
3730 401
3735 403
3740 399
3745 403
3750 402
3755 417
3760 394
3765 395
3770 415
3775 456
3780 397
3785 399
3790 504
3795 397
3800 398
3805 399
3810 475
3815 400
3820 401
3825 400
3830 474
3835 403
3840 403
3845 404
3850 404
3855 405
3860 405
3865 406
3870 407
3875 408
3880 408
3885 408
3890 408
3895 491
3900 411
3905 412
3910 412
3915 413
3920 412
3925 415
3930 414
3935 414
3940 416
3945 418
3950 417
3955 417
3960 419
3965 419
3970 419
3975 421
3980 494
3985 420
3990 422
3995 423
4000 421
4005 423
4010 487
4015 489
4020 527
4025 470
4030 465
4035 428
4040 429
4045 428
4050 427
4055 430
4060 431
4065 430
4070 499
4075 430
4080 432
4085 501
4090 447
4095 518
4100 489
4105 447
4110 449
4115 451
4120 542
4125 450
4130 452
4135 451
4140 448
4145 451
4150 453
4155 453
4160 454
4165 454
4170 453
4175 454
4180 456
4185 455
4190 466
4195 445
4200 483
4205 447
4210 448
4215 450
4220 449
4225 485
4230 555
4235 450
4240 452
4245 494
4250 499
4255 456
4260 454
4265 452
4270 456
4275 455
4280 456
4285 454
4290 454
4295 456
4300 458
4305 459
4310 458
4315 459
4320 460
4325 462
4330 461
4335 561
4340 544
4345 463
4350 462
4355 464
4360 465
4365 468
4370 467
4375 468
4380 470
4385 466
4390 468
4395 528
4400 487
4405 468
4410 471
4415 470
4420 472
4425 471
4430 476
4435 475
4440 475
4445 552
4450 475
4455 478
4460 613
4465 479
4470 477
4475 477
4480 481
4485 480
4490 480
4495 480
4500 481
4505 482
4510 482
4515 483
4520 485
4525 484
4530 502
4535 486
4540 488
4545 568
4550 489
4555 492
4560 489
4565 487
4570 579
4575 491
4580 567
4585 492
4590 491
4595 494
4600 494
4605 496
4610 492
4615 495
4620 496
4625 497
4630 496
4635 497
4640 498
4645 541
4650 500
4655 500
4660 595
4665 501
4670 502
4675 503
4680 501
4685 542
4690 493
4695 503
4700 494
4705 581
4710 494
4715 508
4720 508
4725 509
4730 509
4735 512
4740 508
4745 590
4750 509
4755 512
4760 512
4765 514
4770 513
4775 515
4780 517
4785 514
4790 514
4795 517
4800 601
4805 519
4810 594
4815 519
4820 519
4825 521
4830 520
4835 520
4840 705
4845 522
4850 608
4855 584
4860 538
4865 538
4870 539
4875 540
4880 540
4885 539
4890 541
4895 543
4900 543
4905 543
4910 546
4915 545
4920 547
4925 547
4930 578
4935 549
4940 560
4945 533
4950 537
4955 534
4960 534
4965 683
4970 631
4975 601
4980 565
4985 537
4990 538
4995 541
5000 542
5005 539
5010 645
5015 544
5020 777
5025 562
5030 663
5035 560
5040 602
5045 561
5050 597
5055 561
5060 563
5065 563
5070 564
5075 562
5080 565
5085 565
5090 567
5095 567
5100 567
5105 627
5110 571
5115 626
5120 569
5125 573
5130 610
5135 592
5140 588
5145 593
5150 592
5155 593
5160 595
5165 592
5170 590
5175 592
5180 597
5185 593
5190 600
5195 600
5200 599
5205 606
5210 604
5215 597
5220 599
5225 600
5230 585
5235 600
5240 599
5245 601
5250 602
5255 602
5260 606
5265 604
5270 608
5275 613
5280 612
5285 606
5290 608
5295 608
5300 609
5305 609
5310 614
5315 608
5320 610
5325 610
5330 611
5335 614
5340 615
5345 612
5350 615
5355 618
5360 614
5365 616
5370 630
5375 713
5380 642
5385 630
5390 625
5395 641
5400 631
5405 648
5410 675
5415 634
5420 787
5425 856
5430 797
5435 718
5440 637
5445 638
5450 644
5455 631
5460 659
5465 649
5470 634
5475 641
5480 652
5485 659
5490 634
5495 633
5500 639
5505 635
5510 636
5515 641
5520 638
5525 639
5530 641
5535 657
5540 645
5545 645
5550 652
5555 653
5560 650
5565 647
5570 656
5575 655
5580 657
5585 650
5590 656
5595 657
5600 652
5605 649
5610 652
5615 650
5620 647
5625 702
5630 681
5635 669
5640 659
5645 661
5650 652
5655 646
5660 653
5665 715
5670 656
5675 656
5680 657
5685 656
5690 666
5695 641
5700 712
5705 641
5710 643
5715 660
5720 644
5725 643
5730 682
5735 647
5740 666
5745 652
5750 648
5755 648
5760 646
5765 707
5770 665
5775 649
5780 640
5785 650
5790 689
5795 692
5800 652
5805 778
5810 690
5815 725
5820 655
5825 655
5830 657
5835 658
5840 664
5845 656
5850 661
5855 663
5860 662
5865 661
5870 663
5875 661
5880 741
5885 667
5890 663
5895 661
5900 665
5905 666
5910 667
5915 666
5920 653
5925 668
5930 686
5935 701
5940 671
5945 672
5950 672
5955 735
5960 679
5965 743
5970 674
5975 675
5980 674
5985 715
5990 677
5995 675
6000 677
6005 676
6010 680
6015 679
6020 679
6025 743
6030 697
6035 787
6040 690
6045 665
6050 666
6055 665
6060 669
6065 667
6070 668
6075 737
6080 668
6085 668
6090 742
6095 671
6100 740
6105 707
6110 862
6115 674
6120 673
6125 672
6130 677
6135 677
6140 675
6145 742
6150 695
6155 678
6160 677
6165 680
6170 756
6175 699
6180 689
6185 703
6190 684
6195 683
6200 718
6205 703
6210 703
6215 703
6220 685
6225 689
6230 688
6235 687
6240 687
6245 725
6250 692
6255 811
6260 803
6265 693
6270 693
6275 757
6280 714
6285 714
6290 714
6295 714
6300 716
6305 720
6310 723
6315 815
6320 719
6325 722
6330 721
6335 720
6340 720
6345 721
6350 724
6355 720
6360 720
6365 722
6370 723
6375 723
6380 707
6385 812
6390 745
6395 749
6400 728
6405 764
6410 728
6415 861
6420 813
6425 709
6430 711
6435 772
6440 731
6445 734
6450 815
6455 736
6460 735
6465 733
6470 735
6475 737
6480 736
6485 737
6490 773
6495 781
6500 740
6505 820
6510 726
6515 782
6520 733
6525 775
6530 759
6535 741
6540 742
6545 743
6550 742
6555 745
6560 775
6565 729
6570 727
6575 730
6580 729
6585 841
6590 805
6595 731
6600 733
6605 812
6610 755
6615 754
6620 754
6625 754
6630 794
6635 738
6640 734
6645 737
6650 853
6655 737
6660 894
6665 787
6670 762
6675 762
6680 759
6685 761
6690 764
6695 764
6700 762
6705 763
6710 812
6715 906
6720 801
6725 772
6730 808
6735 770
6740 769
6745 769
6750 805
6755 772
6760 818
6765 785
6770 863
6775 821
6780 756
6785 855
6790 852
6795 755
6800 753
6805 770
6810 778
6815 852
6820 776
6825 818
6830 760
6835 783
6840 825
6845 775
6850 782
6855 783
6860 785
6865 783
6870 787
6875 787
6880 786
6885 826
6890 835
6895 878
6900 817
6905 817
6910 901
6915 927
6920 842
6925 832
6930 838
6935 834
6940 843
6945 829
6950 837
6955 847
6960 820
6965 832
6970 827
6975 829
6980 845
6985 930
6990 1047
6995 835
7000 837
7005 836
7010 837
7015 847
7020 868
7025 884
7030 868
7035 864
7040 837
7045 833
7050 832
7055 844
7060 846
7065 837
7070 859
7075 846
7080 852
7085 836
7090 839
7095 904
7100 882
7105 832
7110 850
7115 852
7120 844
7125 844
7130 840
7135 849
7140 841
7145 889
7150 833
7155 842
7160 846
7165 845
7170 844
7175 873
7180 857
7185 852
7190 881
7195 854
7200 847
7205 865
7210 847
7215 847
7220 851
7225 853
7230 855
7235 848
7240 852
7245 853
7250 847
7255 854
7260 838
7265 882
7270 833
7275 837
7280 860
7285 924
7290 883
7295 838
7300 840
7305 830
7310 878
7315 872
7320 839
7325 845
7330 842
7335 843
7340 845
7345 845
7350 845
7355 875
7360 862
7365 878
7370 921
7375 904
7380 911
7385 878
7390 885
7395 854
7400 1055
7405 1114
7410 999
7415 879
7420 882
7425 880
7430 881
7435 882
7440 883
7445 892
7450 881
7455 881
7460 883
7465 1006
7470 1027
7475 972
7480 1084
7485 908
7490 1064
7495 992
7500 902
7505 866
7510 873
7515 879
7520 895
7525 891
7530 890
7535 908
7540 891
7545 896
7550 893
7555 898
7560 898
7565 897
7570 898
7575 896
7580 899
7585 901
7590 947
7595 890
7600 912
7605 902
7610 901
7615 904
7620 903
7625 906
7630 893
7635 909
7640 910
7645 906
7650 909
7655 950
7660 904
7665 909
7670 916
7675 887
7680 886
7685 891
7690 890
7695 892
7700 1027
7705 893
7710 950
7715 891
7720 891
7725 893
7730 892
7735 932
7740 895
7745 892
7750 892
7755 897
7760 974
7765 928
7770 896
7775 897
7780 870
7785 875
7790 882
7795 877
7800 878
7805 877
7810 873
7815 1036
7820 878
7825 1005
7830 900
7835 881
7840 922
7845 883
7850 884
7855 886
7860 887
7865 886
7870 959
7875 879
7880 889
7885 892
7890 890
7895 891
7900 931
7905 890
7910 890
7915 893
7920 891
7925 961
7930 954
7935 975
7940 893
7945 938
7950 941
7955 1068
7960 900
7965 900
7970 897
7975 897
7980 982
7985 936
7990 923
7995 925
8000 924
8005 927
8010 926
8015 927
8020 924
8025 927
8030 1035
8035 966
8040 947
8045 953
8050 909
8055 908
8060 1128
8065 1018
8070 911
8075 995
8080 987
8085 1005
8090 941
8095 941
8100 942
8105 936
8110 941
8115 941
8120 942
8125 943
8130 945
8135 940
8140 1021
8145 946
8150 975
8155 947
8160 997
8165 948
8170 944
8175 944
8180 966
8185 924
8190 945
8195 943
8200 927
8205 929
8210 931
8215 927
8220 1001
8225 931
8230 932
8235 932
8240 933
8245 1002
8250 933
8255 1072
8260 934
8265 937
8270 935
8275 934
8280 937
8285 935
8290 1021
8295 939
8300 995
8305 940
8310 938
8315 939
8320 1020
8325 1019
8330 1031
8335 967
8340 968
8345 1083
8350 1130
8355 1112
8360 1516
8365 1416
8370 1058
8375 1209
8380 1040
8385 962
8390 1093
8395 973
8400 973
8405 976
8410 978
8415 982
8420 1005
8425 981
8430 1119
8435 981
8440 1062
8445 984
8450 1173
8455 982
8460 985
8465 985
8470 1124
8475 1080
8480 1314
8485 1045
8490 1065
8495 1071
8500 1097
8505 1046
8510 1042
8515 1020
8520 1035
8525 1027
8530 1047
8535 1073
8540 1063
8545 1030
8550 1026
8555 1025
8560 1024
8565 1038
8570 1033
8575 1035
8580 1036
8585 1073
8590 1050
8595 1052
8600 1050
8605 1042
8610 1046
8615 1030
8620 1047
8625 1045
8630 1043
8635 1056
8640 1060
8645 1018
8650 1034
8655 1036
8660 1033
8665 1038
8670 1037
8675 1049
8680 1055
8685 1070
8690 1042
8695 1067
8700 1044
8705 1048
8710 1049
8715 1044
8720 1043
8725 1047
8730 1077
8735 1058
8740 1097
8745 1045
8750 1047
8755 1085
8760 1051
8765 1069
8770 1060
8775 1065
8780 1056
8785 1053
8790 1056
8795 1054
8800 1054
8805 1053
8810 1059
8815 1057
8820 1057
8825 1112
8830 1109
8835 1178
8840 1032
8845 1157
8850 1074
8855 1401
8860 1059
8865 1135
8870 1076
8875 1067
8880 1112
8885 1063
8890 1064
8895 1074
8900 1069
8905 1054
8910 1068
8915 1092
8920 1094
8925 1152
8930 1118
8935 1092
8940 1091
8945 1074
8950 1072
8955 1048
8960 1081
8965 1077
8970 1076
8975 1078
8980 1104
8985 1070
8990 1075
8995 1076
9000 1079
9005 1083
9010 1066
9015 1127
9020 1081
9025 1073
9030 1086
9035 1094
9040 1079
9045 1065
9050 1094
9055 1129
9060 1241
9065 1114
9070 1061
9075 1060
9080 1112
9085 1091
9090 1089
9095 1094
9100 1101
9105 1093
9110 1104
9115 1092
9120 1093
9125 1100
9130 1068
9135 1454
9140 1069
9145 1092
9150 1095
9155 1077
9160 1075
9165 1110
9170 1078
9175 1111
9180 1121
9185 1077
9190 1125
9195 1262
9200 1148
9205 1076
9210 1078
9215 1111
9220 1167
9225 1129
9230 1076
9235 1082
9240 1234
9245 1084
9250 1083
9255 1086
9260 1116
9265 1084
9270 1117
9275 1088
9280 1086
9285 1128
9290 1210
9295 1087
9300 1089
9305 1091
9310 1090
9315 1087
9320 1093
9325 1203
9330 1137
9335 1094
9340 1082
9345 1066
9350 1068
9355 1066
9360 1212
9365 1105
9370 1067
9375 1150
9380 1136
9385 1105
9390 1072
9395 1077
9400 1077
9405 1079
9410 1116
9415 1079
9420 1266
9425 1081
9430 1076
9435 1233
9440 1080
9445 1083
9450 1079
9455 1081
9460 1163
9465 1121
9470 1121
9475 1230
9480 1084
9485 1072
9490 1084
9495 1086
9500 1086
9505 1088
9510 1295
9515 1226
9520 1259
9525 1086
9530 1165
9535 1089
9540 1091
9545 1092
9550 1113
9555 1180
9560 1111
9565 1264
9570 1122
9575 1124
9580 1120
9585 1120
9590 1124
9595 1124
9600 1168
9605 1115
9610 1129
9615 1133
9620 1128
9625 1131
9630 1202
9635 1131
9640 1133
9645 1161
9650 1225
9655 1134
9660 1134
9665 1135
9670 1134
9675 1138
9680 1145
9685 1105
9690 1185
9695 1108
9700 1108
9705 1108
9710 1111
9715 1114
9720 1358
9725 1261
9730 1317
9735 1200
9740 1304
9745 1332
9750 1317
9755 1282
9760 1194
9765 1200
9770 1239
9775 1218
9780 1244
9785 1180
9790 1181
9795 1181
9800 1185
9805 1186
9810 1188
9815 1171
9820 1266
9825 1185
9830 1188
9835 1188
9840 1188
9845 1190
9850 1192
9855 1232
9860 1200
9865 1199
9870 1209
9875 1166
9880 1163
9885 1167
9890 1203
9895 1163
9900 1274
9905 1295
9910 1169
9915 1168
9920 1170
9925 1169
9930 1317
9935 1171
9940 1209
9945 1168
9950 1170
9955 1172
9960 1174
9965 1169
9970 1211
9975 1174
9980 1173
9985 1195
9990 1341
9995 1178
10000 1177
