0 0
5 0
10 0
15 0.02
20 0.02
25 0.16
30 1.02
35 1.08
40 1.24
45 2.08
50 2.26
55 3.14
60 3.84
65 4.24
70 5.18
75 5.98
80 6.52
85 7.44
90 8.96
95 9.56
100 10.88
105 12.72
110 13.18
115 13.92
120 16.22
125 16.52
130 18.24
135 19.06
140 20.82
145 22.06
150 24.52
155 25.16
160 27.04
165 29.5
170 31.62
175 32.78
180 34.14
185 36.08
190 38.74
195 40.64
200 42.58
205 43.76
210 46.86
215 50.36
220 51.74
225 55.16
230 56.18
235 59.6
240 62.26
245 63.92
250 68.22
255 69.66
260 71.82
265 75.06
270 75.4
275 80.38
280 81.72
285 84.74
290 86.2
295 89.5
300 93.8
305 94.72
310 99.82
315 102.38
320 104.46
325 108.2
330 111.82
335 114.7
340 118.8
345 127.02
350 127.98
355 131.86
360 138.44
365 138.94
370 141.56
375 144.96
380 149.94
385 153.04
390 158.34
395 161.3
400 165.06
405 169.3
410 171.34
415 177.52
420 182.16
425 187.72
430 193.42
435 194.48
440 201.24
445 202.22
450 209.1
455 211.98
460 216.24
465 217.66
470 221.94
475 228.88
480 234.88
485 239.68
490 246.48
495 250.08
500 256.02
505 256.36
510 265.02
515 273.78
520 273.02
525 281
530 296.32
535 290.7
540 291.62
545 298.78
550 302.78
555 318.06
560 315.26
565 320.04
570 329.98
575 338.62
580 341.56
585 347.92
590 357.34
595 362.14
600 364.12
605 371.6
610 421.42
615 386.92
620 390.58
625 397.46
630 400.8
635 411.98
640 420.54
645 424.92
650 434.76
655 432.82
660 439.34
665 447.58
670 452.66
675 456.34
680 467.24
685 471.3
690 479.18
695 485.74
700 489.18
705 497.46
710 505.46
715 511.38
720 536.04
725 534.84
730 535.42
735 543.8
740 548.92
745 555.22
750 570.98
755 565.24
760 582.72
765 586.5
770 599.22
775 621.76
780 618.52
785 618.9
790 636.3
795 635.06
800 646.78
805 662.86
810 665.1
815 668.9
820 676.84
825 689.48
830 696.42
835 708.8
840 718.28
845 720.8
850 724.08
855 725.48
860 740.48
865 750.98
870 761.46
875 775.12
880 774.96
885 781.78
890 786.64
895 803.82
900 809.76
905 818.58
910 832.84
915 838.78
920 848.34
925 862.88
930 864.2
935 877.52
940 893.2
945 895.52
950 916.34
955 914.02
960 925.28
965 938.66
970 939.34
975 951.36
980 969.38
985 978.88
990 982.2
995 988.34
1000 997.02
1005 1008.28
1010 1015.94
1015 1036.86
1020 1039.88
1025 1061.84
1030 1076.62
1035 1077.62
1040 1090
1045 1094.74
1050 1100.2
1055 1108.7
1060 1122.64
1065 1152.4
1070 1156.08
1075 1165.32
1080 1169.88
1085 1187.92
1090 1181.82
1095 1203.6
1100 1214.74
1105 1234.98
1110 1241.56
1115 1250.1
1120 1262.52
1125 1271.84
1130 1289.4
1135 1307.24
1140 1299.92
1145 1322.12
1150 1336.78
1155 1368.36
1160 1402.58
1165 1393.6
1170 1372.72
1175 1396.24
1180 1406.46
1185 1441.4
1190 1452.2
1195 1437
1200 1458.06
1205 1458.98
1210 1487.92
1215 1502.3
1220 1517.48
1225 1530.22
1230 1527.84
1235 1536.16
1240 1562.36
1245 1573.24
1250 1582.4
1255 1584.94
1260 1595.76
1265 1622.1
1270 1623.58
1275 1648.42
1280 1654.38
1285 1657.08
1290 1683.98
1295 1684.64
1300 1716.04
1305 1701.12
1310 1735.44
1315 1742.32
1320 1761.72
1325 1772.12
1330 1804.4
1335 1818
1340 1821.6
1345 1841.12
1350 1826.2
1355 1854.46
1360 1864.92
1365 1874.04
1370 1896.8
1375 1971.28
1380 1917.66
1385 1933.64
1390 1926.18
1395 1968.38
1400 1974.46
1405 1982.94
1410 1981.94
1415 2005.84
1420 2035.24
1425 2048.44
1430 2055.12
1435 2062.94
1440 2105.32
1445 2138.92
1450 2113.9
1455 2127.12
1460 2142.14
1465 2192.06
1470 2194.24
1475 2186.74
1480 2219.8
1485 2200.1
1490 2244.82
1495 2268.74
1500 2296.66
1505 2299.22
1510 2290.76
1515 2312.1
1520 2327.8
1525 2354.62
1530 2354.88
1535 2372.24
1540 2405.84
1545 2403.56
1550 2437.12
1555 2428.64
1560 2512.4
1565 2468.66
1570 2493.3
1575 2503.36
1580 2543.24
1585 2545.76
1590 2569.64
1595 2591.94
1600 2612.76
1605 2641.56
1610 2614.48
1615 2638.22
1620 2636.08
1625 2662.24
1630 2663.86
1635 2685.44
1640 2710.54
1645 2769.4
1650 2766.34
1655 2757.68
1660 2782.4
1665 2781.54
1670 2797.74
1675 2843.5
1680 2877.26
1685 2847.78
1690 2856
1695 2881.04
1700 2943.18
1705 2903.72
1710 2927.24
1715 2982.96
1720 2970.9
1725 2977.62
1730 2984.34
1735 3013.86
1740 3029.16
1745 3050.76
1750 3119.14
1755 3072.46
1760 3095.12
1765 3143.92
1770 3178.5
1775 3156.9
1780 3214.04
1785 3181.74
1790 3210.24
1795 3236.62
1800 3249.68
1805 3284.48
1810 3306.2
1815 3314.48
1820 3305.14
1825 3346.02
1830 3322.02
1835 3384.2
1840 3389.78
1845 3391.6
1850 3426.54
1855 3424.56
1860 3462.96
1865 3449.26
1870 3449.38
1875 3513.04
1880 3573.54
1885 3555.56
1890 3559.32
1895 3574.78
1900 3566.32
1905 3590.98
1910 3646.18
1915 3659.8
1920 3691.62
1925 3725.88
1930 3739.34
1935 3737.02
1940 3805.4
1945 3782.84
1950 3791.74
1955 3823.8
1960 3815.08
1965 3849.94
1970 3906.88
1975 3906.4
1980 3924.08
1985 3943.06
1990 3948.94
1995 4030.84
2000 4005.96
