0 0
5 0
10 0
15 0.02
20 0.8
25 1.24
30 1.2
35 2.1
40 2.32
45 3.2
50 3.92
55 4.62
60 5.28
65 7.04
70 7.32
75 7.96
80 8.92
85 10.12
90 11.06
95 12.52
100 14.96
105 15.18
110 15.94
115 17.52
120 18.64
125 20.62
130 21.6
135 23.9
140 25.68
145 26.3
150 28.24
155 30.52
160 31.88
165 34.46
170 35.9
175 37.56
180 39.14
185 40.98
190 44.76
195 46.4
200 47.82
205 50.18
210 53.84
215 55.74
220 57.9
225 62.02
230 64.24
235 66.22
240 69.26
245 70.96
250 73.94
255 77.3
260 80.48
265 83
270 82.94
275 87.28
280 89
285 91.92
290 95.86
295 101.24
300 100.92
305 106.04
310 107.96
315 113.66
320 113.78
325 117
330 124.72
335 123.2
340 132.78
345 138.8
350 141.26
355 144.84
360 151.04
365 151.28
370 156.38
375 158.82
380 166.82
385 168.44
390 172.7
395 174.9
400 177.96
405 180.22
410 186.66
415 191.14
420 195.32
425 203.68
430 207.94
435 210.02
440 209.68
445 223.2
450 221.6
455 226.16
460 229.18
465 233.88
470 241.7
475 247.36
480 257.2
485 256.62
490 260.56
495 265.68
500 267.32
505 278.72
510 282.9
515 282.2
520 292.26
525 301.02
530 301.38
535 310.22
540 314.4
545 315.94
550 321.64
555 331.2
560 338.26
565 341.02
570 351.58
575 355.68
580 362.94
585 367.3
590 378.12
595 378.34
600 389.52
605 393.46
610 398.3
615 401.78
620 407.1
625 419.24
630 421.36
635 433.82
640 436.68
645 446.2
650 449.34
655 455.3
660 459.5
665 468.7
670 470.94
675 479.22
680 490.14
685 495.9
690 504.08
695 510.92
700 521.38
705 522.26
710 530.2
715 543.86
720 559.9
725 555.66
730 564.08
735 570.64
740 570.64
745 587.94
750 589.34
755 600.14
760 601.96
765 620.08
770 630.78
775 629.44
780 635.48
785 645.1
790 654.2
795 672.4
800 669.28
805 684.14
810 684.2
815 695.22
820 708.06
825 711.9
830 718.9
835 732.92
840 728.72
845 741.6
850 755.36
855 767.14
860 771.62
865 773
870 788.7
875 800.36
880 799.3
885 807.04
890 828.62
895 827.36
900 845.48
905 851.2
910 858.5
915 861.8
920 883.84
925 897.9
930 901.6
935 906.64
940 916.72
945 930.7
950 941.68
955 946.2
960 950.76
965 965.28
970 977.6
975 997.88
980 999.28
985 1013.24
990 1007.68
995 1021.02
1000 1054.78
1005 1058.6
1010 1049.84
1015 1066.66
1020 1074.76
1025 1096.5
1030 1109.26
1035 1115.02
1040 1112.94
1045 1124.6
1050 1137.04
1055 1157.94
1060 1152.14
1065 1167.38
1070 1188.86
1075 1202.46
1080 1222.54
1085 1217.94
1090 1243.92
1095 1236.02
1100 1249.86
1105 1259.64
1110 1286.48
1115 1291.76
1120 1291.36
1125 1306.74
1130 1358.68
1135 1346.14
1140 1355.4
1145 1369.36
1150 1380.88
1155 1379.5
1160 1434.32
1165 1412.42
1170 1426.3
1175 1431.04
1180 1480.82
1185 1455.94
1190 1486.14
1195 1474.76
1200 1502.46
1205 1509.92
1210 1520.2
1215 1552.88
1220 1560.86
1225 1585.18
1230 1577.64
1235 1573.3
1240 1596.24
1245 1623.16
1250 1614.34
1255 1631.46
1260 1648
1265 1654.56
1270 1661.54
1275 1675.54
1280 1691.94
1285 1706.38
1290 1728.28
1295 1736.66
1300 1730.76
1305 1771.88
1310 1773.72
1315 1791.88
1320 1811.2
1325 1828.06
1330 1852.02
1335 1863.06
1340 1873.74
1345 1863.18
1350 1897.48
1355 1904.3
1360 1900.24
1365 1928.64
1370 1935.4
1375 1953.5
1380 1976.22
1385 1973.62
1390 1983.7
1395 2037.08
1400 2023.3
1405 2029.18
1410 2044.72
1415 2067
1420 2079.64
1425 2086.76
1430 2106.06
1435 2154.7
1440 2150.38
1445 2140
1450 2161.24
1455 2170
1460 2211.32
1465 2223.68
1470 2230.24
1475 2237.54
1480 2264.68
1485 2257.02
1490 2283.18
1495 2304.22
1500 2363.84
1505 2349.02
1510 2337.8
1515 2368.54
1520 2378.66
1525 2393
1530 2408.76
1535 2451.58
1540 2450.66
1545 2471.78
1550 2491.68
1555 2517.82
1560 2506.8
1565 2523.34
1570 2551.56
1575 2583.9
1580 2581.1
1585 2596.42
1590 2609.08
1595 2617.22
1600 2653.8
1605 2636.42
1610 2674.86
1615 2715.86
1620 2702.58
1625 2709.36
1630 2725.42
1635 2749.2
1640 2783.46
1645 2917.54
1650 2828.08
1655 2842.4
1660 2866.9
1665 2905.44
1670 2899.58
1675 2933.72
1680 2941.68
1685 2932.12
1690 2929.42
1695 2954.86
1700 2950.12
1705 2961.82
1710 2989.68
1715 3001.52
1720 2998.8
1725 3047.18
1730 3065.06
1735 3103.32
1740 3089.74
1745 3099.64
1750 3140.98
1755 3149.38
1760 3171.68
1765 3274.96
1770 3224.22
1775 3227.26
1780 3240.4
1785 3250.42
1790 3284.02
1795 3300.88
1800 3324.58
1805 3387.14
1810 3341.48
1815 3366.86
1820 3394.14
1825 3395.82
1830 3414.22
1835 3435.3
1840 3429.16
1845 3462.5
1850 3473.24
1855 3506.06
1860 3494.6
1865 3542.22
1870 3543.32
1875 3659.56
1880 3622.04
1885 3620.08
1890 3605.04
1895 3658.24
1900 3676.5
1905 3668
1910 3712.66
1915 3787.26
1920 3755.44
1925 3799.3
1930 3821.24
1935 3840.54
1940 3828.92
1945 3882.34
1950 3901
1955 3847.8
1960 3881
1965 3936.84
1970 3931.38
1975 3977.74
1980 4046.76
1985 4022.6
1990 4094.46
1995 4065.08
2000 4088.38
