0 0
5 0
10 0
15 0
20 1
25 1
30 1
35 2
40 2
45 3
50 4
55 4
60 5
65 6
70 7
75 8
80 9
85 9
90 10
95 11
100 31
105 16
110 17
115 17
120 20
125 19
130 21
135 22
140 24
145 25
150 27
155 29
160 31
165 31
170 34
175 36
180 38
185 40
190 42
195 44
200 46
205 48
210 48
215 51
220 55
225 57
230 59
235 62
240 64
245 67
250 70
255 72
260 75
265 78
270 81
275 79
280 84
285 90
290 93
295 96
300 99
305 102
310 105
315 108
320 111
325 115
330 110
335 122
340 126
345 129
350 134
355 137
360 140
365 144
370 148
375 156
380 156
385 185
390 156
395 167
400 171
405 177
410 182
415 188
420 206
425 257
430 197
435 201
440 206
445 210
450 215
455 220
460 223
465 230
470 234
475 239
480 289
485 345
490 276
495 282
500 265
505 269
510 275
515 281
520 285
525 323
530 296
535 301
540 306
545 313
550 320
555 324
560 328
565 334
570 342
575 347
580 354
585 355
590 364
595 370
600 365
605 462
610 387
615 365
620 399
625 406
630 412
635 418
640 434
645 431
650 437
655 416
660 450
665 439
670 493
675 499
680 476
685 485
690 492
695 499
700 507
705 516
710 509
715 528
720 501
725 555
730 549
735 556
740 564
745 570
750 578
755 577
760 547
765 602
770 659
775 629
780 625
785 632
790 640
795 588
800 657
805 625
810 675
815 685
820 690
825 701
830 705
835 715
840 738
845 736
850 740
855 748
860 761
865 778
870 774
875 785
880 849
885 800
890 811
895 827
900 827
905 836
910 844
915 853
920 863
925 872
930 881
935 922
940 934
945 910
950 923
955 929
960 966
965 947
970 959
975 967
980 976
985 987
990 1004
995 1014
1000 1030
1005 1135
1010 1042
1015 1110
1020 1057
1025 1070
1030 1088
1035 1093
1040 1124
1045 1109
1050 1119
1055 1141
1060 1154
1065 1150
1070 1161
1075 1172
1080 1185
1085 1196
1090 1322
1095 1220
1100 1228
1105 1243
1110 1269
1115 1264
1120 1269
1125 1282
1130 1293
1135 1307
1140 1312
1145 1301
1150 1500
1155 1367
1160 1339
1165 1394
1170 1316
1175 1352
1180 1407
1185 1390
1190 1431
1195 1449
1200 1456
1205 1472
1210 1487
1215 1494
1220 1546
1225 1515
1230 1550
1235 1551
1240 1565
1245 1574
1250 1577
1255 1576
1260 1610
1265 1603
1270 1696
1275 1695
1280 1758
1285 1662
1290 1716
1295 1795
1300 1767
1305 1723
1310 1773
1315 1850
1320 1779
1325 1852
1330 1868
1335 1830
1340 2108
1345 1964
1350 1885
1355 2069
1360 2132
1365 1948
1370 1906
1375 1945
1380 2273
1385 1962
1390 2126
1395 1979
1400 1993
1405 1989
1410 2020
1415 2021
1420 2026
1425 2086
1430 2059
1435 2067
1440 2089
1445 2104
1450 2121
1455 2145
1460 2162
1465 2173
1470 2190
1475 2219
1480 2217
1485 2221
1490 2235
1495 2260
1500 2268
1505 2315
1510 2310
1515 2321
1520 2336
1525 2559
1530 2375
1535 2725
1540 2397
1545 2439
1550 2430
1555 2492
1560 2542
1565 2471
1570 2588
1575 2723
1580 2532
1585 2632
1590 2538
1595 2578
1600 2568
1605 2588
1610 2596
1615 2614
1620 2636
1625 2648
1630 2692
1635 2804
1640 3166
1645 2963
1650 3257
1655 2892
1660 3328
1665 5612
1670 3399
1675 3171
1680 2827
1685 3178
1690 2858
1695 3346
1700 2958
1705 3024
1710 3132
1715 3124
1720 3274
1725 2988
1730 3420
1735 3021
1740 3175
1745 3082
1750 3401
1755 3571
1760 3105
1765 3375
1770 3158
1775 3241
1780 3208
1785 3100
1790 3154
1795 3056
1800 3245
1805 3304
1810 3575
1815 3428
1820 3473
1825 3490
1830 3418
1835 3379
1840 3392
1845 3345
1850 3426
1855 3530
1860 3865
1865 3554
1870 3625
1875 3679
1880 3643
1885 3852
1890 3607
1895 3699
1900 4093
1905 3670
1910 3920
1915 4396
1920 4013
1925 3756
1930 3993
1935 4192
1940 3821
1945 3830
1950 4087
1955 3893
1960 3738
1965 4058
1970 4236
1975 3907
1980 4034
1985 4300
1990 4259
1995 4187
2000 4053
