0 0
5 0
10 0
15 0
20 0
25 0
30 1
35 1
40 1
45 2
50 2
55 3
60 4
65 4
70 5
75 6
80 7
85 7
90 8
95 9
100 10
105 11
110 12
115 13
120 15
125 16
130 17
135 19
140 20
145 21
150 23
155 24
160 29
165 27
170 29
175 31
180 33
185 34
190 36
195 38
200 40
205 42
210 44
215 47
220 48
225 51
230 53
235 55
240 58
245 60
250 63
255 65
260 68
265 70
270 73
275 76
280 82
285 82
290 84
295 87
300 90
305 93
310 97
315 99
320 103
325 106
330 109
335 112
340 116
345 121
350 124
355 126
360 146
365 133
370 138
375 142
380 149
385 153
390 172
395 164
400 181
405 165
410 190
415 171
420 176
425 179
430 183
435 188
440 192
445 209
450 201
455 210
460 215
465 215
470 219
475 224
480 228
485 233
490 238
495 243
500 248
505 253
510 258
515 384
520 268
525 273
530 279
535 283
540 288
545 295
550 300
555 311
560 311
565 315
570 322
575 328
580 335
585 363
590 382
595 394
600 357
605 366
610 371
615 374
620 380
625 386
630 392
635 398
640 404
645 439
650 419
655 422
660 598
665 487
670 472
675 438
680 444
685 451
690 529
695 476
700 483
705 491
710 497
715 506
720 517
725 518
730 525
735 532
740 540
745 546
750 554
755 567
760 684
765 621
770 835
775 576
780 583
785 591
790 598
795 606
800 613
805 622
810 738
815 638
820 644
825 652
830 698
835 668
840 676
845 684
850 745
855 720
860 745
865 735
870 745
875 790
880 741
885 939
890 760
895 783
900 797
905 808
910 816
915 827
920 946
925 840
930 911
935 861
940 875
945 901
950 1031
955 1048
960 924
965 941
970 938
975 965
980 1113
985 1090
990 1082
995 969
1000 1045
1005 1094
1010 1003
1015 1019
1020 1067
1025 1157
1030 1082
1035 1054
1040 1147
1045 1096
1050 1218
1055 1117
1060 1429
1065 1215
1070 1281
1075 1358
1080 1312
1085 1307
1090 1434
1095 1352
1100 1357
1105 1257
1110 1268
1115 1376
1120 1330
1125 1210
1130 1434
1135 1265
1140 1279
1145 1289
1150 1389
1155 1717
1160 3946
1165 1905
1170 1421
1175 1353
1180 1433
1185 1513
1190 1390
1195 1400
1200 1413
1205 1433
1210 1439
1215 1447
1220 1622
1225 1517
1230 1487
1235 1492
1240 1542
1245 1525
1250 1534
1255 1771
1260 1559
1265 1608
1270 1599
1275 1621
1280 1624
1285 1643
1290 1659
1295 1648
1300 1672
1305 1708
1310 1685
1315 1702
1320 1727
1325 1725
1330 1760
1335 1755
1340 1799
1345 1779
1350 1789
1355 1807
1360 1817
1365 1824
1370 2011
1375 1856
1380 1873
1385 1889
1390 1893
1395 1966
1400 1924
1405 1935
1410 1990
1415 1971
1420 2001
1425 2019
1430 2127
1435 2188
1440 2088
1445 2048
1450 2325
1455 2074
1460 2092
1465 2155
1470 2121
1475 2321
1480 2143
1485 2161
1490 2275
1495 2192
1500 2542
1505 2198
1510 2286
1515 2262
1520 2262
1525 2451
1530 2296
1535 2544
1540 2311
1545 2451
1550 2358
1555 2333
1560 2567
1565 2401
1570 2642
1575 2507
1580 2513
1585 2459
1590 2638
1595 2838
1600 3110
1605 2635
1610 2706
1615 2543
1620 2609
1625 2599
1630 2645
1635 2614
1640 2667
1645 4248
1650 4047
1655 2972
1660 3639
1665 2730
1670 2947
1675 2931
1680 3282
1685 3112
1690 2837
1695 2942
1700 2840
1705 2912
1710 2869
1715 3051
1720 2925
1725 2923
1730 3087
1735 2957
1740 3046
1745 2978
1750 3007
1755 3104
1760 3033
1765 3216
1770 3083
1775 3176
1780 3101
1785 3133
1790 3161
1795 3178
1800 3234
1805 3198
1810 3246
1815 3245
1820 3242
1825 3478
1830 3319
1835 3329
1840 3346
1845 3419
1850 3572
1855 3471
1860 3401
1865 3487
1870 3469
1875 3730
1880 3525
1885 3557
1890 3684
1895 3633
1900 3580
1905 3680
1910 3584
1915 3729
1920 3656
1925 3629
1930 3644
1935 3663
1940 3769
1945 3672
1950 3935
1955 3788
1960 3757
1965 3779
1970 3945
1975 3845
1980 3842
1985 3863
1990 3911
1995 3952
2000 3914
