0 0
5 0
10 0
15 0
20 0
25 1
30 1
35 2
40 2
45 3
50 4
55 4
60 5
65 6
70 7
75 8
80 9
85 9
90 10
95 12
100 12
105 15
110 15
115 17
120 18
125 19
130 20
135 22
140 23
145 25
150 27
155 29
160 30
165 32
170 34
175 36
180 38
185 40
190 41
195 44
200 46
205 48
210 50
215 50
220 55
225 58
230 60
235 63
240 65
245 68
250 71
255 74
260 77
265 78
270 81
275 84
280 88
285 90
290 87
295 90
300 93
305 103
310 105
315 109
320 112
325 116
330 113
335 123
340 126
345 130
350 133
355 137
360 141
365 144
370 148
375 153
380 159
385 161
390 165
395 169
400 164
405 177
410 182
415 185
420 189
425 193
430 198
435 202
440 207
445 211
450 215
455 220
460 224
465 229
470 234
475 238
480 245
485 249
490 254
495 259
500 263
505 272
510 277
515 280
520 379
525 290
530 295
535 301
540 306
545 313
550 317
555 323
560 329
565 334
570 339
575 346
580 343
585 349
590 390
595 382
600 386
605 426
610 449
615 384
620 371
625 407
630 413
635 419
640 425
645 432
650 438
655 445
660 461
665 537
670 453
675 459
680 466
685 467
690 480
695 486
700 493
705 499
710 508
715 513
720 478
725 600
730 503
735 542
740 514
745 557
750 564
755 571
760 579
765 683
770 723
775 666
780 649
785 718
790 743
795 668
800 706
805 681
810 696
815 688
820 711
825 700
830 710
835 715
840 723
845 739
850 805
855 800
860 766
865 823
870 782
875 786
880 799
885 801
890 811
895 818
900 831
905 836
910 846
915 855
920 863
925 874
930 883
935 893
940 905
945 944
950 923
955 937
960 913
965 924
970 910
975 1010
980 928
985 938
990 970
995 981
1000 990
1005 1324
1010 1072
1015 995
1020 1031
1025 1041
1030 1248
1035 1003
1040 1100
1045 1074
1050 1121
1055 1160
1060 1142
1065 1152
1070 1192
1075 1172
1080 1438
1085 1162
1090 1173
1095 1185
1100 1195
1105 1245
1110 1216
1115 1461
1120 1276
1125 1421
1130 1390
1135 1305
1140 1321
1145 1398
1150 1341
1155 1350
1160 1376
1165 1382
1170 1387
1175 1398
1180 1462
1185 1429
1190 1431
1195 1441
1200 1455
1205 1466
1210 1529
1215 1742
1220 1670
1225 1710
1230 1791
1235 1716
1240 1625
1245 1760
1250 1862
1255 1671
1260 1705
1265 1843
1270 1630
1275 1879
1280 1863
1285 1742
1290 1744
1295 1632
1300 1850
1305 1928
1310 1754
1315 1850
1320 2075
1325 1869
1330 1860
1335 1908
1340 1904
1345 1836
1350 1843
1355 1849
1360 1923
1365 1882
1370 1892
1375 1929
1380 1932
1385 2057
1390 2052
1395 1971
1400 1978
1405 1992
1410 2007
1415 2029
1420 2031
1425 2050
1430 2074
1435 2080
1440 2005
1445 2109
1450 2122
1455 2141
1460 2146
1465 2163
1470 2161
1475 2195
1480 2200
1485 2213
1490 2227
1495 2250
1500 2267
1505 2273
1510 2289
1515 2849
1520 2315
1525 2353
1530 2482
1535 2364
1540 2378
1545 2395
1550 2437
1555 2572
1560 2448
1565 2503
1570 2471
1575 2725
1580 2618
1585 2526
1590 2533
1595 2513
1600 2397
1605 2513
1610 2594
1615 2747
1620 2660
1625 2645
1630 2716
1635 2606
1640 2699
1645 2687
1650 2636
1655 2929
1660 2909
1665 2807
1670 2963
1675 2900
1680 2833
1685 3165
1690 3030
1695 2967
1700 2947
1705 3082
1710 2928
1715 2965
1720 2959
1725 2987
1730 3022
1735 3014
1740 3036
1745 3086
1750 3064
1755 3139
1760 3239
1765 3138
1770 3259
1775 3170
1780 3183
1785 3215
1790 3207
1795 3161
1800 3239
1805 3260
1810 3188
1815 3289
1820 3497
1825 3275
1830 3389
1835 3274
1840 3291
1845 3724
1850 3328
1855 3346
1860 3363
1865 3384
1870 3725
1875 3793
1880 4227
1885 3553
1890 3570
1895 3599
1900 3632
1905 3513
1910 3690
1915 3772
1920 3705
1925 3696
1930 3735
1935 3736
1940 3756
1945 4327
1950 3811
1955 3812
1960 4078
1965 3923
1970 3733
1975 3824
1980 4112
1985 3823
1990 3986
1995 4134
2000 3957
