0 0
5 0
10 0
15 0
20 1
25 1
30 2
35 3
40 3
45 4
50 4
55 5
60 6
65 8
70 8
75 10
80 10
85 12
90 13
95 14
100 16
105 17
110 19
115 20
120 19
125 24
130 25
135 27
140 29
145 33
150 33
155 35
160 37
165 40
170 43
175 46
180 46
185 48
190 42
195 51
200 61
205 57
210 59
215 62
220 64
225 69
230 69
235 69
240 73
245 75
250 77
255 82
260 121
265 78
270 77
275 82
280 81
285 90
290 93
295 96
300 100
305 103
310 104
315 110
320 113
325 113
330 120
335 123
340 127
345 130
350 135
355 137
360 140
365 144
370 143
375 152
380 155
385 159
390 169
395 168
400 177
405 179
410 184
415 188
420 220
425 199
430 198
435 204
440 210
445 247
450 216
455 237
460 227
465 229
470 234
475 239
480 244
485 248
490 253
495 258
500 263
505 269
510 313
515 281
520 288
525 355
530 356
535 300
540 307
545 316
550 317
555 322
560 358
565 305
570 348
575 346
580 353
585 357
590 363
595 374
600 385
605 438
610 395
615 397
620 416
625 423
630 413
635 434
640 425
645 450
650 438
655 445
660 455
665 460
670 494
675 472
680 480
685 508
690 492
695 567
700 506
705 514
710 522
715 534
720 618
725 579
730 550
735 557
740 564
745 573
750 581
755 589
760 601
765 651
770 633
775 627
780 643
785 665
790 640
795 650
800 655
805 669
810 675
815 642
820 759
825 697
830 706
835 719
840 722
845 776
850 789
855 748
860 761
865 764
870 774
875 786
880 836
885 840
890 807
895 818
900 827
905 835
910 801
915 870
920 863
925 871
930 882
935 872
940 901
945 934
950 918
955 928
960 942
965 951
970 956
975 966
980 976
985 989
990 995
995 1009
1000 1020
1005 1043
1010 1050
1015 1049
1020 1058
1025 1074
1030 1079
1035 1089
1040 1160
1045 1109
1050 1119
1055 1135
1060 1139
1065 1153
1070 1161
1075 1233
1080 1183
1085 1193
1090 1204
1095 1215
1100 1227
1105 1237
1110 1254
1115 1259
1120 1389
1125 1282
1130 1340
1135 1304
1140 1323
1145 1327
1150 1337
1155 1350
1160 1365
1165 1433
1170 1483
1175 1468
1180 1448
1185 1436
1190 1558
1195 1483
1200 1457
1205 1622
1210 1545
1215 1513
1220 1537
1225 1755
1230 1577
1235 1539
1240 1568
1245 1698
1250 1622
1255 1633
1260 1661
1265 1615
1270 1675
1275 1794
1280 1687
1285 1682
1290 1788
1295 1729
1300 1703
1305 1761
1310 1826
1315 1772
1320 1886
1325 1911
1330 1871
1335 2088
1340 2060
1345 1910
1350 1946
1355 2049
1360 2131
1365 1902
1370 1895
1375 2193
1380 1944
1385 2027
1390 1943
1395 1957
1400 2005
1405 1987
1410 2002
1415 2012
1420 2028
1425 2038
1430 2055
1435 2038
1440 2088
1445 2102
1450 2160
1455 2141
1460 2170
1465 2157
1470 2169
1475 2129
1480 2347
1485 2240
1490 2228
1495 2243
1500 2258
1505 2286
1510 2325
1515 2321
1520 2319
1525 2333
1530 2354
1535 2368
1540 2711
1545 2506
1550 2483
1555 2512
1560 2442
1565 2458
1570 2474
1575 2498
1580 2512
1585 2550
1590 2552
1595 2582
1600 2633
1605 2609
1610 2613
1615 2623
1620 2672
1625 2664
1630 2678
1635 2730
1640 2816
1645 2922
1650 3404
1655 3383
1660 3350
1665 3516
1670 3275
1675 3172
1680 3513
1685 3331
1690 3579
1695 3312
1700 2937
1705 3288
1710 2954
1715 3254
1720 3158
1725 3373
1730 3363
1735 3499
1740 3622
1745 3306
1750 3694
1755 3437
1760 3522
1765 3906
1770 3194
1775 3150
1780 3169
1785 3183
1790 3190
1795 3283
1800 3701
1805 3267
1810 3306
1815 3342
1820 3329
1825 3824
1830 3399
1835 3420
1840 3408
1845 3445
1850 3482
1855 3625
1860 3455
1865 3492
1870 3647
1875 3511
1880 3421
1885 3589
1890 3564
1895 3784
1900 3641
1905 3564
1910 3943
1915 3668
1920 3781
1925 3983
1930 4205
1935 3893
1940 3780
1945 3778
1950 3846
1955 3858
1960 3860
1965 3888
1970 4012
1975 3980
1980 3988
1985 4069
1990 4407
1995 4059
2000 4000
