0 0
5 0
10 0
15 0
20 1
25 1
30 1
35 2
40 2
45 3
50 4
55 4
60 5
65 6
70 7
75 8
80 9
85 10
90 11
95 12
100 13
105 14
110 16
115 17
120 18
125 19
130 21
135 23
140 32
145 26
150 26
155 29
160 31
165 32
170 34
175 36
180 38
185 40
190 48
195 44
200 46
205 47
210 49
215 53
220 55
225 55
230 60
235 63
240 66
245 67
250 70
255 74
260 76
265 79
270 81
275 84
280 83
285 90
290 93
295 96
300 98
305 103
310 106
315 108
320 113
325 116
330 119
335 122
340 126
345 129
350 133
355 136
360 141
365 145
370 151
375 152
380 174
385 160
390 163
395 168
400 174
405 177
410 180
415 184
420 174
425 192
430 197
435 204
440 207
445 211
450 217
455 220
460 226
465 230
470 234
475 238
480 245
485 245
490 255
495 259
500 265
505 270
510 276
515 280
520 287
525 292
530 300
535 303
540 308
545 314
550 331
555 334
560 329
565 334
570 340
575 345
580 352
585 357
590 365
595 371
600 407
605 382
610 423
615 394
620 400
625 405
630 412
635 420
640 429
645 432
650 438
655 445
660 451
665 458
670 464
675 636
680 466
685 510
690 480
695 485
700 528
705 499
710 507
715 558
720 522
725 528
730 703
735 542
740 565
745 571
750 579
755 586
760 595
765 602
770 594
775 600
780 609
785 617
790 624
795 632
800 640
805 648
810 656
815 663
820 894
825 702
830 745
835 681
840 686
845 741
850 719
855 728
860 745
865 751
870 960
875 763
880 793
885 780
890 886
895 866
900 813
905 826
910 847
915 853
920 862
925 1076
930 858
935 941
940 915
945 886
950 894
955 1018
960 992
965 949
970 973
975 981
980 981
985 1000
990 1134
995 1017
1000 1030
1005 1035
1010 1047
1015 1048
1020 1058
1025 1081
1030 1050
1035 1167
1040 1072
1045 1112
1050 1126
1055 1131
1060 1165
1065 1159
1070 1172
1075 1177
1080 1185
1085 1205
1090 1212
1095 1224
1100 1296
1105 1286
1110 1256
1115 1291
1120 1279
1125 1298
1130 1392
1135 1307
1140 1319
1145 1330
1150 1379
1155 1358
1160 1364
1165 1404
1170 1392
1175 1520
1180 1383
1185 1513
1190 1865
1195 1656
1200 1645
1205 1610
1210 1738
1215 1696
1220 1652
1225 1755
1230 1541
1235 1550
1240 1662
1245 1588
1250 1668
1255 1771
1260 1614
1265 1626
1270 1636
1275 1747
1280 1800
1285 1722
1290 1903
1295 1966
1300 1807
1305 1734
1310 1742
1315 1743
1320 1783
1325 1773
1330 1811
1335 1802
1340 1816
1345 1842
1350 1838
1355 1874
1360 1862
1365 2118
1370 1959
1375 2102
1380 1978
1385 1960
1390 1981
1395 2075
1400 1970
1405 2012
1410 2002
1415 2020
1420 2040
1425 2043
1430 2065
1435 2157
1440 2084
1445 2109
1450 2112
1455 2177
1460 2324
1465 2231
1470 2199
1475 2193
1480 2200
1485 2200
1490 2312
1495 2265
1500 2301
1505 2289
1510 2291
1515 2316
1520 2396
1525 2396
1530 2424
1535 2363
1540 2378
1545 2395
1550 2409
1555 2429
1560 2443
1565 2732
1570 2442
1575 2564
1580 2609
1585 2451
1590 2743
1595 2559
1600 2626
1605 2588
1610 2638
1615 2616
1620 2770
1625 2544
1630 2665
1635 2677
1640 2706
1645 2714
1650 2736
1655 2743
1660 3119
1665 2800
1670 2849
1675 2886
1680 3182
1685 2846
1690 2897
1695 2874
1700 2921
1705 2902
1710 3063
1715 3161
1720 2974
1725 3050
1730 3032
1735 3224
1740 3045
1745 3097
1750 3068
1755 3001
1760 3015
1765 3102
1770 3288
1775 3102
1780 3286
1785 3100
1790 3243
1795 3172
1800 3299
1805 3284
1810 3274
1815 3292
1820 3287
1825 3318
1830 3631
1835 3364
1840 3291
1845 3361
1850 3380
1855 3572
1860 2901
1865 3477
1870 3501
1875 3511
1880 3437
1885 3392
1890 3648
1895 3820
1900 3981
1905 3924
1910 3653
1915 3664
1920 3680
1925 3718
1930 3975
1935 3735
1940 3711
1945 3825
1950 3827
1955 3749
1960 3884
1965 3748
1970 3905
1975 3920
1980 3980
1985 3960
1990 4151
1995 4030
2000 4097
