0 0
5 0
10 0
15 0
20 0
25 0
30 1
35 1
40 2
45 2
50 3
55 3
60 4
65 4
70 5
75 6
80 7
85 8
90 8
95 9
100 11
105 13
110 15
115 14
120 15
125 16
130 18
135 19
140 20
145 22
150 23
155 25
160 27
165 28
170 31
175 32
180 34
185 35
190 38
195 44
200 41
205 50
210 49
215 47
220 54
225 56
230 54
235 57
240 59
245 61
250 67
255 66
260 91
265 71
270 82
275 100
280 95
285 95
290 85
295 88
300 91
305 97
310 120
315 101
320 104
325 107
330 136
335 142
340 131
345 135
350 139
355 141
360 149
365 138
370 146
375 151
380 153
385 158
390 180
395 166
400 169
405 175
410 178
415 183
420 186
425 191
430 196
435 200
440 205
445 209
450 214
455 290
460 212
465 217
470 223
475 303
480 247
485 234
490 240
495 245
500 256
505 253
510 259
515 265
520 269
525 275
530 279
535 284
540 290
545 295
550 301
555 338
560 312
565 318
570 399
575 349
580 333
585 340
590 348
595 352
600 353
605 363
610 369
615 375
620 381
625 394
630 393
635 405
640 467
645 423
650 419
655 425
660 462
665 439
670 445
675 451
680 457
685 465
690 473
695 481
700 525
705 493
710 495
715 536
720 513
725 521
730 529
735 534
740 543
745 554
750 643
755 564
760 595
765 582
770 586
775 593
780 601
785 611
790 687
795 720
800 633
805 660
810 661
815 663
820 668
825 675
830 686
835 732
840 696
845 745
850 712
855 724
860 759
865 740
870 817
875 757
880 765
885 775
890 782
895 800
900 834
905 840
910 815
915 831
920 843
925 861
930 871
935 892
940 850
945 881
950 900
955 902
960 909
965 998
970 930
975 949
980 946
985 965
990 963
995 1081
1000 1004
1005 987
1010 1038
1015 1016
1020 1191
1025 1037
1030 1168
1035 1132
1040 1171
1045 1301
1050 1213
1055 1116
1060 1138
1065 1183
1070 1202
1075 1237
1080 1203
1085 1168
1090 1216
1095 1347
1100 1191
1105 1204
1110 1213
1115 1226
1120 1267
1125 1244
1130 1296
1135 1271
1140 1282
1145 1377
1150 1314
1155 1322
1160 1365
1165 1352
1170 1348
1175 1379
1180 1371
1185 1407
1190 1403
1195 1431
1200 1438
1205 1479
1210 1476
1215 1463
1220 1540
1225 1490
1230 1492
1235 1542
1240 1544
1245 1565
1250 1544
1255 1595
1260 1559
1265 1578
1270 1601
1275 1599
1280 1611
1285 1637
1290 1642
1295 1670
1300 1713
1305 1674
1310 1688
1315 1708
1320 1728
1325 1724
1330 1738
1335 1778
1340 1766
1345 1779
1350 1809
1355 1817
1360 1822
1365 1849
1370 1885
1375 1856
1380 1936
1385 2274
1390 2027
1395 1914
1400 2031
1405 2071
1410 2209
1415 1988
1420 2008
1425 2042
1430 2031
1435 2023
1440 2037
1445 2139
1450 2100
1455 2101
1460 2093
1465 2111
1470 2191
1475 2144
1480 2223
1485 2188
1490 2182
1495 2231
1500 2377
1505 2296
1510 2244
1515 2256
1520 2279
1525 2417
1530 2354
1535 2345
1540 2346
1545 2374
1550 2362
1555 2385
1560 2583
1565 2411
1570 2462
1575 2523
1580 2602
1585 2576
1590 2597
1595 2623
1600 2672
1605 2581
1610 2595
1615 2561
1620 2614
1625 2592
1630 2621
1635 2627
1640 2657
1645 2675
1650 2728
1655 2734
1660 2775
1665 2825
1670 2915
1675 2791
1680 2979
1685 2828
1690 3034
1695 2856
1700 2938
1705 2860
1710 2962
1715 2888
1720 2904
1725 2932
1730 2966
1735 3045
1740 3086
1745 3076
1750 3014
1755 3188
1760 3040
1765 3062
1770 3185
1775 3201
1780 3128
1785 3141
1790 3311
1795 3179
1800 3302
1805 3208
1810 3227
1815 3430
1820 3282
1825 3379
1830 3325
1835 3343
1840 3440
1845 3328
1850 3508
1855 3482
1860 3394
1865 3439
1870 3483
1875 3444
1880 3488
1885 3535
1890 3522
1895 3798
1900 3585
1905 3564
1910 3586
1915 3623
1920 3637
1925 3659
1930 4040
1935 3672
1940 3699
1945 3695
1950 3772
1955 3787
1960 3806
1965 3792
1970 3821
1975 4191
1980 3977
1985 4010
1990 3892
1995 3974
2000 4006
