0 0
5 0
10 0
15 0
20 1
25 1
30 2
35 2
40 3
45 4
50 4
55 5
60 6
65 7
70 8
75 9
80 10
85 11
90 13
95 14
100 15
105 17
110 18
115 20
120 22
125 23
130 25
135 27
140 29
145 30
150 33
155 34
160 36
165 38
170 41
175 43
180 45
185 48
190 50
195 52
200 55
205 58
210 60
215 63
220 66
225 68
230 72
235 74
240 80
245 81
250 84
255 87
260 90
265 93
270 92
275 100
280 104
285 108
290 111
295 118
300 122
305 126
310 130
315 131
320 119
325 123
330 124
335 128
340 133
345 136
350 140
355 143
360 154
365 152
370 156
375 159
380 163
385 168
390 172
395 176
400 180
405 185
410 189
415 194
420 191
425 203
430 208
435 234
440 218
445 222
450 227
455 232
460 218
465 222
470 227
475 243
480 293
485 241
490 283
495 269
500 256
505 268
510 272
515 278
520 283
525 265
530 294
535 301
540 354
545 311
550 317
555 315
560 320
565 324
570 332
575 337
580 342
585 455
590 355
595 360
600 365
605 371
610 377
615 413
620 390
625 395
630 404
635 408
640 414
645 432
650 460
655 444
660 450
665 428
670 467
675 471
680 571
685 512
690 551
695 486
700 492
705 500
710 555
715 532
720 632
725 597
730 599
735 567
740 568
745 576
750 581
755 594
760 594
765 601
770 608
775 617
780 637
785 633
790 595
795 760
800 661
805 705
810 674
815 682
820 689
825 698
830 706
835 711
840 723
845 732
850 739
855 807
860 758
865 732
870 775
875 796
880 792
885 818
890 882
895 819
900 873
905 849
910 874
915 873
920 872
925 967
930 979
935 947
940 906
945 951
950 966
955 955
960 995
965 971
970 964
975 970
980 977
985 985
990 1032
995 1009
1000 1045
1005 1069
1010 1049
1015 1127
1020 1059
1025 1018
1030 1095
1035 1062
1040 1099
1045 1133
1050 1118
1055 1218
1060 1142
1065 1190
1070 1172
1075 1171
1080 1185
1085 1197
1090 1200
1095 1215
1100 1269
1105 1238
1110 1280
1115 1265
1120 1272
1125 1281
1130 1293
1135 1303
1140 1352
1145 1324
1150 1343
1155 1360
1160 1377
1165 1373
1170 1385
1175 1401
1180 1414
1185 1441
1190 1493
1195 1451
1200 1549
1205 1477
1210 1555
1215 1503
1220 1502
1225 1518
1230 1538
1235 1701
1240 1647
1245 1616
1250 1602
1255 1724
1260 1647
1265 1641
1270 1631
1275 1709
1280 1657
1285 1694
1290 1677
1295 1693
1300 1770
1305 1720
1310 1769
1315 1765
1320 1890
1325 1790
1330 1799
1335 1810
1340 1816
1345 1918
1350 1845
1355 1745
1360 1945
1365 1889
1370 1896
1375 1973
1380 2037
1385 1931
1390 2152
1395 2047
1400 2017
1405 1987
1410 2000
1415 2029
1420 2154
1425 2047
1430 2224
1435 2527
1440 2112
1445 2145
1450 2136
1455 2241
1460 2151
1465 2288
1470 2205
1475 2255
1480 2211
1485 2298
1490 2239
1495 2261
1500 2383
1505 2370
1510 2396
1515 2314
1520 2352
1525 2352
1530 2367
1535 2592
1540 2390
1545 2426
1550 2567
1555 2494
1560 2461
1565 2468
1570 2541
1575 2534
1580 2738
1585 2683
1590 2588
1595 2550
1600 2570
1605 2618
1610 2597
1615 2615
1620 2631
1625 2647
1630 2638
1635 2683
1640 2703
1645 2734
1650 2743
1655 2764
1660 2792
1665 2783
1670 2820
1675 2809
1680 2822
1685 2841
1690 2945
1695 2851
1700 3115
1705 2990
1710 3019
1715 2942
1720 2960
1725 2975
1730 3087
1735 3013
1740 3056
1745 2869
1750 3200
1755 3162
1760 3381
1765 3209
1770 3361
1775 3245
1780 3262
1785 3258
1790 3216
1795 3549
1800 3326
1805 3279
1810 3351
1815 3292
1820 3782
1825 3327
1830 3349
1835 3366
1840 3460
1845 3427
1850 3424
1855 3447
1860 3540
1865 3518
1870 3497
1875 3690
1880 3688
1885 3866
1890 3629
1895 3533
1900 3817
1905 4105
1910 3726
1915 3735
1920 3718
1925 3855
1930 3727
1935 3733
1940 3785
1945 3801
1950 3861
1955 3870
1960 3859
1965 3972
1970 3868
1975 3967
1980 3910
1985 4534
1990 3965
1995 4406
2000 4015
