0 0
5 0
10 0
15 0
20 0
25 0
30 1
35 1
40 1
45 2
50 2
55 3
60 3
65 4
70 5
75 5
80 6
85 7
90 8
95 9
100 10
105 11
110 12
115 13
120 14
125 15
130 16
135 17
140 19
145 20
150 21
155 23
160 24
165 26
170 28
175 29
180 31
185 33
190 35
195 36
200 38
205 40
210 42
215 44
220 46
225 48
230 50
235 53
240 55
245 108
250 60
255 62
260 64
265 67
270 69
275 72
280 75
285 77
290 79
295 82
300 85
305 88
310 91
315 94
320 97
325 100
330 103
335 106
340 109
345 113
350 184
355 119
360 122
365 126
370 129
375 133
380 156
385 149
390 171
395 155
400 190
405 164
410 176
415 173
420 202
425 226
430 179
435 183
440 194
445 197
450 205
455 206
460 210
465 215
470 220
475 224
480 229
485 234
490 238
495 242
500 249
505 253
510 260
515 265
520 269
525 273
530 281
535 283
540 289
545 294
550 301
555 305
560 310
565 317
570 323
575 332
580 333
585 340
590 344
595 353
600 356
605 361
610 367
615 374
620 380
625 386
630 395
635 414
640 404
645 411
650 418
655 423
660 429
665 437
670 442
675 449
680 457
685 463
690 495
695 559
700 512
705 493
710 499
715 509
720 516
725 526
730 545
735 535
740 542
745 549
750 610
755 563
760 574
765 577
770 586
775 698
780 583
785 671
790 598
795 605
800 642
805 638
810 648
815 656
820 662
825 669
830 680
835 686
840 695
845 701
850 715
855 770
860 752
865 759
870 744
875 770
880 762
885 772
890 785
895 788
900 818
905 805
910 813
915 823
920 835
925 852
930 850
935 859
940 870
945 878
950 943
955 872
960 882
965 1157
970 965
975 934
980 1057
985 993
990 967
995 973
1000 983
1005 1030
1010 1036
1015 1013
1020 1025
1025 1034
1030 1042
1035 1109
1040 1198
1045 1076
1050 1083
1055 1150
1060 1107
1065 1139
1070 1124
1075 1134
1080 1155
1085 1189
1090 1173
1095 1180
1100 1192
1105 1275
1110 1326
1115 1205
1120 1240
1125 1246
1130 1328
1135 1277
1140 1308
1145 1299
1150 1352
1155 1309
1160 1320
1165 1333
1170 1378
1175 1358
1180 1483
1185 1474
1190 1614
1195 1409
1200 1437
1205 1454
1210 1436
1215 1451
1220 1520
1225 1555
1230 1486
1235 1501
1240 1534
1245 1580
1250 1539
1255 1551
1260 1558
1265 1569
1270 1589
1275 1606
1280 1666
1285 1622
1290 1709
1295 1708
1300 1688
1305 1696
1310 1717
1315 1696
1320 1728
1325 1704
1330 1688
1335 1746
1340 1767
1345 1851
1350 1740
1355 1816
1360 1817
1365 1828
1370 1846
1375 1902
1380 1865
1385 1916
1390 1962
1395 1931
1400 1952
1405 1950
1410 1949
1415 2054
1420 1975
1425 2017
1430 2004
1435 2029
1440 2044
1445 2048
1450 2060
1455 2107
1460 2089
1465 2104
1470 2116
1475 2132
1480 2410
1485 2103
1490 2305
1495 2399
1500 2233
1505 2336
1510 2232
1515 2285
1520 2426
1525 2540
1530 2472
1535 2485
1540 2521
1545 2353
1550 2515
1555 2503
1560 2457
1565 2476
1570 2590
1575 2501
1580 2676
1585 2463
1590 2579
1595 2537
1600 2560
1605 2539
1610 2566
1615 2592
1620 2571
1625 2612
1630 2628
1635 2658
1640 2664
1645 3065
1650 2963
1655 2789
1660 2758
1665 2793
1670 2840
1675 3074
1680 2766
1685 2785
1690 2819
1695 2811
1700 3161
1705 2853
1710 2918
1715 2878
1720 3003
1725 2913
1730 2988
1735 2983
1740 3085
1745 2980
1750 3015
1755 3101
1760 3029
1765 3366
1770 3028
1775 3204
1780 3125
1785 3132
1790 3236
1795 3344
1800 3293
1805 3189
1810 3230
1815 3322
1820 3242
1825 3343
1830 3317
1835 3336
1840 3517
1845 3330
1850 3364
1855 3341
1860 3375
1865 3509
1870 3329
1875 3508
1880 3613
1885 3384
1890 3402
1895 3515
1900 3541
1905 3440
1910 3473
1915 3617
1920 3687
1925 3528
1930 3752
1935 4039
1940 4200
1945 3700
1950 3741
1955 3965
1960 3755
1965 3729
1970 3928
1975 3715
1980 3839
1985 4113
1990 3986
1995 3829
2000 3844
