0 0
5 0
10 0
15 0
20 1
25 1
30 1
35 2
40 2
45 3
50 4
55 4
60 5
65 6
70 7
75 8
80 9
85 10
90 11
95 12
100 12
105 14
110 15
115 16
120 18
125 19
130 20
135 22
140 24
145 25
150 27
155 28
160 30
165 32
170 34
175 36
180 38
185 39
190 42
195 44
200 46
205 48
210 50
215 52
220 55
225 58
230 56
235 60
240 65
245 67
250 70
255 72
260 75
265 74
270 81
275 113
280 87
285 90
290 92
295 96
300 98
305 102
310 104
315 108
320 105
325 115
330 125
335 122
340 127
345 120
350 133
355 156
360 173
365 145
370 150
375 155
380 157
385 158
390 192
395 200
400 208
405 203
410 192
415 184
420 189
425 192
430 197
435 201
440 203
445 242
450 235
455 221
460 226
465 228
470 234
475 238
480 243
485 247
490 270
495 258
500 264
505 274
510 283
515 302
520 284
525 290
530 295
535 301
540 305
545 311
550 318
555 330
560 328
565 335
570 339
575 346
580 351
585 359
590 372
595 410
600 435
605 387
610 388
615 393
620 365
625 406
630 412
635 418
640 424
645 431
650 437
655 460
660 524
665 630
670 452
675 459
680 466
685 506
690 504
695 501
700 535
705 512
710 520
715 538
720 595
725 542
730 549
735 557
740 565
745 573
750 607
755 571
760 767
765 620
770 593
775 600
780 607
785 616
790 625
795 661
800 640
805 757
810 845
815 664
820 671
825 713
830 687
835 723
840 704
845 757
850 966
855 747
860 731
865 766
870 790
875 763
880 866
885 881
890 828
895 818
900 830
905 865
910 848
915 867
920 863
925 872
930 911
935 903
940 919
945 1129
950 1108
955 944
960 944
965 952
970 987
975 1359
980 1138
985 1137
990 1061
995 1009
1000 1152
1005 1156
1010 1043
1015 1199
1020 1203
1025 1264
1030 1191
1035 1248
1040 1100
1045 1191
1050 1087
1055 1137
1060 1162
1065 1292
1070 1280
1075 1266
1080 1351
1085 1374
1090 2217
1095 1482
1100 1230
1105 1267
1110 1301
1115 1268
1120 1328
1125 1325
1130 1354
1135 1306
1140 1320
1145 1345
1150 1453
1155 1349
1160 3010
1165 1481
1170 1430
1175 1415
1180 1601
1185 1384
1190 1436
1195 1360
1200 1501
1205 1468
1210 1450
1215 1733
1220 1736
1225 1520
1230 1606
1235 1628
1240 1558
1245 1569
1250 1581
1255 1626
1260 1602
1265 1616
1270 1618
1275 1644
1280 1678
1285 1739
1290 1700
1295 1707
1300 1734
1305 1751
1310 1735
1315 1751
1320 1777
1325 1773
1330 1782
1335 1912
1340 1845
1345 1849
1350 1928
1355 1854
1360 1857
1365 2033
1370 1886
1375 1986
1380 1957
1385 1931
1390 1941
1395 1969
1400 1975
1405 1998
1410 2020
1415 2177
1420 2099
1425 2155
1430 2111
1435 2161
1440 2085
1445 2112
1450 2115
1455 2157
1460 2192
1465 2160
1470 2171
1475 2183
1480 2234
1485 2195
1490 2230
1495 2403
1500 2199
1505 2279
1510 2477
1515 2305
1520 2511
1525 2333
1530 2552
1535 2390
1540 2318
1545 2438
1550 2407
1555 2828
1560 2447
1565 2625
1570 2490
1575 2854
1580 2508
1585 2696
1590 2585
1595 2617
1600 2602
1605 2585
1610 2629
1615 2611
1620 2607
1625 2663
1630 2777
1635 2684
1640 3117
1645 9395
1650 3362
1655 3075
1660 2936
1665 2821
1670 3145
1675 2870
1680 4341
1685 3072
1690 2949
1695 2882
1700 3079
1705 2933
1710 3119
1715 3082
1720 2960
1725 3012
1730 2997
1735 3101
1740 3056
1745 3088
1750 3102
1755 3099
1760 3105
1765 3122
1770 3182
1775 3178
1780 3229
1785 3185
1790 3200
1795 3324
1800 3273
1805 3427
1810 3276
1815 3362
1820 3309
1825 3351
1830 3468
1835 3377
1840 3445
1845 3898
1850 3512
1855 3507
1860 3497
1865 3480
1870 3677
1875 3639
1880 3555
1885 3726
1890 3589
1895 3611
1900 3725
1905 3673
1910 4000
1915 3669
1920 3677
1925 3696
1930 3727
1935 3699
1940 3726
1945 3949
1950 3792
1955 3842
1960 3842
1965 4040
1970 3917
1975 3921
1980 4003
1985 3929
1990 3953
1995 3848
2000 4005
