0 0
5 0
10 0
15 0
20 1
25 1
30 1
35 2
40 2
45 3
50 4
55 4
60 5
65 6
70 7
75 7
80 8
85 9
90 10
95 14
100 13
105 14
110 15
115 16
120 18
125 18
130 21
135 22
140 23
145 25
150 27
155 28
160 30
165 33
170 34
175 36
180 39
185 40
190 42
195 48
200 49
205 48
210 77
215 97
220 56
225 95
230 84
235 63
240 64
245 85
250 105
255 107
260 75
265 78
270 80
275 83
280 86
285 117
290 92
295 96
300 101
305 125
310 108
315 138
320 105
325 116
330 118
335 122
340 126
345 143
350 151
355 140
360 140
365 170
370 152
375 152
380 174
385 147
390 193
395 197
400 187
405 177
410 204
415 220
420 226
425 213
430 208
435 266
440 207
445 212
450 216
455 237
460 248
465 268
470 279
475 247
480 244
485 249
490 320
495 259
500 263
505 280
510 273
515 289
520 285
525 308
530 295
535 363
540 343
545 311
550 358
555 337
560 339
565 334
570 361
575 431
580 360
585 359
590 366
595 440
600 433
605 410
610 410
615 412
620 471
625 488
630 445
635 468
640 533
645 494
650 486
655 512
660 524
665 542
670 502
675 473
680 545
685 554
690 561
695 549
700 581
705 544
710 602
715 686
720 597
725 590
730 588
735 658
740 552
745 581
750 614
755 691
760 605
765 657
770 696
775 751
780 597
785 643
790 669
795 673
800 826
805 865
810 808
815 782
820 690
825 720
830 820
835 722
840 724
845 732
850 784
855 748
860 829
865 772
870 792
875 783
880 791
885 849
890 827
895 850
900 926
905 945
910 910
915 966
920 961
925 1010
930 936
935 910
940 963
945 930
950 1049
955 1070
960 978
965 1011
970 974
975 1102
980 978
985 983
990 1000
995 1135
1000 1065
1005 1029
1010 1035
1015 1049
1020 1057
1025 1075
1030 1078
1035 1088
1040 1097
1045 1108
1050 1119
1055 1132
1060 1140
1065 1150
1070 1161
1075 1182
1080 1185
1085 1195
1090 1215
1095 1268
1100 1225
1105 1286
1110 1225
1115 1420
1120 1225
1125 1325
1130 1297
1135 1315
1140 1343
1145 1394
1150 1405
1155 1447
1160 1389
1165 1444
1170 1389
1175 1430
1180 1439
1185 1447
1190 1454
1195 1442
1200 1455
1205 1476
1210 1481
1215 1499
1220 1511
1225 1549
1230 1600
1235 1542
1240 1554
1245 1562
1250 1577
1255 1598
1260 1600
1265 1663
1270 1626
1275 1638
1280 1665
1285 1694
1290 1695
1295 1702
1300 1704
1305 1803
1310 1743
1315 1743
1320 1912
1325 1774
1330 1787
1335 1889
1340 1808
1345 1821
1350 1954
1355 1851
1360 1862
1365 2012
1370 1902
1375 1902
1380 1917
1385 1926
1390 1950
1395 1957
1400 1975
1405 1995
1410 2000
1415 2066
1420 2134
1425 2111
1430 2070
1435 2076
1440 2156
1445 2110
1450 2111
1455 2130
1460 2296
1465 2192
1470 2168
1475 2189
1480 2212
1485 2231
1490 2267
1495 2286
1500 2399
1505 2312
1510 2327
1515 2318
1520 2348
1525 2335
1530 2353
1535 2325
1540 2503
1545 2444
1550 2375
1555 2500
1560 2491
1565 2795
1570 3080
1575 2916
1580 3029
1585 3041
1590 2882
1595 3225
1600 3021
1605 2907
1610 3198
1615 3977
1620 3142
1625 3060
1630 3273
1635 3013
1640 3042
1645 3044
1650 2941
1655 2744
1660 2791
1665 2798
1670 3075
1675 3325
1680 2901
1685 2998
1690 2878
1695 2886
1700 2851
1705 3076
1710 2929
1715 2943
1720 3032
1725 2952
1730 3096
1735 3464
1740 3555
1745 3387
1750 3122
1755 3135
1760 3100
1765 7972
1770 4489
1775 3818
1780 3485
1785 3267
1790 3229
1795 3259
1800 3856
1805 3692
1810 3290
1815 3317
1820 3478
1825 3373
1830 3556
1835 3395
1840 3379
1845 3475
1850 3416
1855 3443
1860 3568
1865 3482
1870 3490
1875 3512
1880 3534
1885 3578
1890 3579
1895 3609
1900 3751
1905 3635
1910 3653
1915 3870
1920 3721
1925 3721
1930 3863
1935 3765
1940 3768
1945 4067
1950 4049
1955 4090
1960 3848
1965 3991
1970 4000
1975 4347
1980 4275
1985 4154
1990 4320
1995 3976
2000 4216
