0 0
5 0
10 0
15 0
20 1
25 1
30 1
35 2
40 2
45 3
50 4
55 4
60 5
65 6
70 7
75 8
80 9
85 10
90 11
95 12
100 13
105 14
110 15
115 17
120 18
125 19
130 21
135 47
140 35
145 26
150 34
155 29
160 31
165 32
170 38
175 36
180 39
185 41
190 43
195 68
200 45
205 49
210 51
215 53
220 56
225 55
230 61
235 62
240 65
245 68
250 70
255 73
260 76
265 79
270 77
275 79
280 87
285 97
290 88
295 96
300 99
305 97
310 106
315 109
320 112
325 118
330 119
335 122
340 126
345 159
350 133
355 138
360 138
365 145
370 148
375 152
380 156
385 160
390 164
395 168
400 172
405 180
410 274
415 187
420 235
425 186
430 198
435 231
440 208
445 229
450 218
455 221
460 225
465 230
470 312
475 248
480 256
485 252
490 259
495 299
500 267
505 306
510 275
515 309
520 308
525 335
530 299
535 302
540 307
545 311
550 316
555 323
560 329
565 354
570 339
575 344
580 340
585 357
590 365
595 386
600 428
605 384
610 404
615 381
620 365
625 422
630 413
635 456
640 437
645 432
650 438
655 445
660 450
665 465
670 498
675 471
680 503
685 485
690 491
695 499
700 506
705 514
710 520
715 527
720 536
725 560
730 547
735 557
740 563
745 563
750 596
755 588
760 601
765 641
770 611
775 618
780 625
785 644
790 640
795 650
800 639
805 671
810 672
815 742
820 692
825 696
830 708
835 714
840 725
845 716
850 744
855 749
860 865
865 806
870 836
875 817
880 845
885 793
890 815
895 893
900 891
905 964
910 960
915 845
920 881
925 877
930 924
935 892
940 968
945 1016
950 1029
955 945
960 957
965 955
970 969
975 1058
980 1081
985 1002
990 1084
995 1009
1000 1036
1005 1122
1010 1050
1015 1048
1020 1065
1025 1112
1030 1087
1035 1115
1040 1115
1045 1109
1050 1134
1055 1204
1060 1140
1065 1158
1070 1162
1075 1220
1080 1194
1085 1182
1090 1260
1095 1233
1100 1231
1105 1249
1110 1253
1115 1293
1120 1319
1125 1290
1130 1293
1135 1395
1140 1373
1145 1356
1150 1350
1155 1353
1160 1418
1165 1432
1170 1398
1175 1401
1180 1430
1185 1419
1190 1793
1195 1513
1200 1549
1205 1470
1210 1564
1215 1650
1220 1759
1225 1568
1230 1529
1235 1604
1240 1552
1245 1564
1250 1577
1255 1597
1260 1613
1265 1616
1270 1744
1275 1639
1280 1664
1285 1731
1290 1677
1295 1693
1300 1706
1305 1734
1310 1861
1315 1741
1320 1759
1325 1832
1330 1781
1335 1795
1340 1873
1345 1821
1350 1838
1355 1917
1360 1866
1365 1893
1370 1889
1375 1901
1380 2179
1385 1937
1390 1969
1395 1958
1400 1972
1405 2074
1410 2116
1415 2053
1420 2038
1425 2039
1430 2124
1435 2071
1440 2101
1445 2166
1450 2161
1455 2142
1460 2144
1465 2153
1470 2184
1475 2229
1480 2289
1485 2227
1490 2231
1495 2241
1500 2296
1505 2296
1510 2295
1515 2301
1520 2334
1525 2341
1530 2376
1535 2406
1540 2432
1545 2486
1550 2367
1555 2445
1560 2448
1565 2472
1570 2737
1575 2480
1580 2521
1585 2532
1590 2584
1595 2664
1600 2632
1605 2649
1610 2693
1615 2698
1620 2715
1625 2732
1630 2756
1635 2778
1640 2805
1645 2792
1650 2832
1655 2833
1660 2904
1665 2775
1670 2858
1675 2883
1680 2850
1685 2854
1690 2876
1695 2899
1700 2893
1705 2909
1710 2942
1715 2943
1720 2962
1725 2981
1730 3069
1735 3034
1740 3093
1745 3093
1750 3066
1755 3086
1760 3097
1765 3121
1770 3166
1775 3157
1780 3214
1785 3184
1790 3220
1795 3298
1800 3348
1805 3440
1810 3271
1815 3298
1820 3380
1825 3333
1830 3343
1835 3361
1840 3403
1845 3435
1850 3469
1855 3445
1860 3362
1865 3757
1870 3487
1875 3467
1880 3555
1885 3550
1890 3568
1895 3587
1900 3618
1905 3603
1910 3896
1915 3507
1920 3672
1925 3808
1930 3721
1935 3826
1940 3839
1945 3864
1950 3775
1955 3824
1960 3834
1965 4406
1970 3877
1975 3920
1980 3907
1985 3939
1990 4241
1995 3778
2000 4011
