0 0
5 0
10 0
15 0
20 0
25 0
30 1
35 1
40 2
45 2
50 3
55 3
60 4
65 4
70 5
75 6
80 8
85 9
90 10
95 11
100 12
105 14
110 13
115 14
120 15
125 16
130 18
135 19
140 20
145 22
150 23
155 25
160 30
165 32
170 30
175 31
180 33
185 35
190 37
195 39
200 41
205 43
210 55
215 47
220 52
225 59
230 54
235 57
240 72
245 61
250 64
255 67
260 80
265 77
270 73
275 77
280 81
285 83
290 86
295 90
300 91
305 94
310 97
315 100
320 104
325 107
330 110
335 113
340 116
345 121
350 139
355 145
360 135
365 134
370 143
375 142
380 154
385 151
390 181
395 171
400 161
405 165
410 168
415 175
420 221
425 204
430 262
435 193
440 195
445 198
450 207
455 209
460 213
465 220
470 224
475 228
480 248
485 277
490 256
495 275
500 276
505 276
510 259
515 264
520 269
525 274
530 328
535 309
540 295
545 300
550 301
555 307
560 313
565 317
570 323
575 336
580 363
585 342
590 347
595 354
600 376
605 387
610 413
615 424
620 432
625 448
630 463
635 486
640 431
645 441
650 420
655 425
660 431
665 472
670 447
675 458
680 459
685 464
690 473
695 479
700 486
705 516
710 506
715 564
720 531
725 522
730 541
735 578
740 555
745 580
750 558
755 564
760 570
765 606
770 594
775 599
780 602
785 685
790 631
795 624
800 635
805 786
810 656
815 658
820 666
825 829
830 692
835 689
840 695
845 715
850 713
855 723
860 757
865 739
870 757
875 763
880 763
885 773
890 792
895 917
900 825
905 884
910 844
915 825
920 839
925 1006
930 854
935 912
940 989
945 883
950 1017
955 1036
960 910
965 951
970 944
975 956
980 1023
985 1098
990 1102
995 1079
1000 1011
1005 994
1010 1121
1015 1094
1020 1108
1025 1166
1030 1254
1035 1061
1040 1100
1045 1078
1050 1172
1055 1122
1060 1107
1065 1227
1070 1141
1075 1164
1080 1167
1085 1183
1090 1179
1095 1182
1100 1242
1105 1201
1110 1245
1115 1226
1120 1554
1125 1253
1130 1360
1135 1422
1140 1292
1145 1300
1150 1320
1155 1419
1160 1325
1165 1382
1170 1392
1175 1357
1180 1369
1185 1382
1190 1477
1195 1401
1200 1418
1205 1500
1210 1442
1215 1508
1220 1499
1225 1497
1230 1531
1235 1583
1240 1625
1245 1615
1250 1571
1255 1511
1260 1682
1265 1696
1270 1596
1275 1608
1280 1729
1285 1656
1290 1655
1295 1993
1300 1859
1305 1923
1310 1828
1315 1735
1320 1745
1325 1977
1330 2051
1335 1809
1340 1790
1345 1978
1350 1811
1355 1828
1360 2013
1365 1847
1370 1850
1375 2124
1380 2224
1385 1891
1390 1931
1395 1923
1400 2051
1405 2002
1410 1959
1415 2017
1420 2125
1425 2010
1430 2227
1435 2040
1440 2188
1445 2157
1450 2191
1455 2203
1460 2145
1465 2258
1470 2515
1475 2330
1480 2339
1485 2287
1490 2281
1495 2406
1500 2382
1505 2251
1510 2384
1515 2253
1520 2292
1525 2442
1530 2509
1535 2355
1540 2372
1545 2365
1550 2606
1555 2515
1560 2495
1565 2847
1570 2668
1575 2792
1580 2764
1585 2511
1590 2816
1595 2712
1600 2753
1605 2764
1610 2571
1615 2824
1620 2692
1625 2732
1630 2631
1635 2745
1640 2659
1645 2655
1650 2758
1655 2994
1660 3032
1665 2949
1670 2753
1675 2839
1680 2883
1685 2843
1690 2838
1695 2849
1700 2859
1705 2958
1710 3080
1715 2886
1720 3009
1725 3355
1730 3099
1735 2980
1740 3169
1745 3213
1750 3061
1755 3079
1760 3864
1765 3177
1770 3092
1775 3141
1780 3714
1785 3148
1790 3228
1795 3221
1800 3284
1805 3462
1810 3684
1815 3659
1820 3440
1825 3300
1830 3771
1835 3724
1840 3653
1845 3769
1850 3774
1855 4533
1860 3761
1865 3462
1870 3508
1875 3548
1880 3728
1885 3687
1890 3553
1895 3708
1900 3550
1905 3672
1910 3971
1915 3642
1920 3658
1925 3660
1930 3661
1935 3802
1940 3710
1945 3740
1950 3971
1955 3813
1960 3822
1965 3796
1970 3856
1975 3853
1980 3881
1985 4062
1990 4472
1995 4583
2000 4283
