0 0
5 0
10 0
15 0
20 0
25 0
30 1
35 1
40 2
45 2
50 2
55 3
60 4
65 4
70 5
75 5
80 6
85 8
90 8
95 11
100 10
105 13
110 15
115 13
120 14
125 16
130 17
135 19
140 20
145 21
150 23
155 24
160 26
165 27
170 30
175 31
180 33
185 35
190 37
195 39
200 40
205 56
210 66
215 95
220 49
225 51
230 54
235 56
240 59
245 61
250 71
255 65
260 67
265 77
270 102
275 78
280 102
285 99
290 84
295 87
300 90
305 94
310 104
315 99
320 103
325 105
330 110
335 122
340 127
345 133
350 136
355 141
360 147
365 186
370 137
375 148
380 152
385 156
390 202
395 164
400 168
405 173
410 177
415 181
420 186
425 189
430 194
435 199
440 203
445 208
450 212
455 218
460 232
465 215
470 220
475 280
480 228
485 233
490 238
495 243
500 247
505 253
510 278
515 263
520 268
525 273
530 278
535 285
540 288
545 294
550 299
555 318
560 310
565 318
570 355
575 352
580 333
585 338
590 345
595 359
600 356
605 361
610 368
615 374
620 379
625 386
630 394
635 399
640 433
645 438
650 417
655 424
660 510
665 442
670 443
675 450
680 457
685 463
690 475
695 476
700 590
705 532
710 498
715 541
720 514
725 518
730 526
735 532
740 594
745 550
750 563
755 585
760 569
765 611
770 584
775 590
780 599
785 645
790 616
795 645
800 631
805 678
810 647
815 656
820 667
825 779
830 689
835 772
840 694
845 708
850 711
855 720
860 735
865 736
870 748
875 768
880 762
885 770
890 779
895 788
900 803
905 824
910 816
915 825
920 833
925 842
930 850
935 1039
940 1030
945 957
950 864
955 925
960 905
965 919
970 923
975 952
980 943
985 956
990 965
995 1068
1000 985
1005 992
1010 997
1015 1012
1020 1045
1025 1037
1030 1194
1035 1153
1040 1205
1045 1272
1050 1234
1055 1120
1060 1142
1065 1183
1070 1247
1075 1148
1080 1152
1085 1196
1090 1188
1095 1288
1100 1193
1105 1216
1110 1217
1115 1224
1120 1275
1125 1253
1130 1257
1135 1264
1140 1335
1145 1281
1150 1313
1155 1364
1160 1432
1165 1330
1170 1352
1175 1354
1180 1385
1185 1380
1190 1390
1195 1404
1200 1414
1205 1431
1210 1443
1215 1456
1220 1582
1225 1481
1230 1515
1235 1498
1240 1509
1245 1517
1250 1566
1255 1577
1260 1560
1265 1590
1270 1592
1275 1593
1280 1620
1285 1657
1290 1630
1295 1644
1300 1658
1305 1684
1310 1690
1315 1694
1320 1722
1325 1738
1330 1736
1335 1771
1340 1761
1345 1773
1350 1803
1355 1819
1360 1810
1365 1857
1370 1839
1375 1852
1380 2106
1385 2102
1390 1954
1395 2046
1400 1957
1405 2051
1410 2014
1415 1993
1420 2200
1425 1995
1430 2004
1435 2088
1440 2071
1445 2117
1450 2073
1455 2127
1460 2092
1465 2144
1470 2157
1475 2137
1480 2147
1485 2164
1490 2258
1495 2278
1500 2203
1505 2221
1510 2257
1515 2279
1520 2286
1525 2316
1530 2340
1535 2358
1540 2331
1545 2348
1550 2378
1555 2369
1560 2429
1565 2496
1570 2500
1575 2524
1580 2494
1585 2477
1590 2522
1595 2479
1600 2564
1605 2547
1610 2588
1615 2568
1620 2571
1625 2607
1630 2638
1635 2650
1640 2667
1645 2655
1650 2673
1655 2686
1660 2726
1665 2741
1670 2774
1675 2780
1680 2770
1685 2803
1690 2814
1695 2836
1700 3112
1705 2920
1710 2916
1715 2920
1720 3009
1725 2915
1730 3074
1735 2951
1740 2964
1745 2983
1750 3061
1755 3141
1760 3067
1765 3176
1770 3075
1775 3129
1780 3221
1785 3199
1790 3188
1795 3172
1800 3318
1805 3212
1810 3252
1815 3232
1820 3256
1825 3519
1830 3273
1835 3344
1840 3350
1845 3345
1850 3608
1855 3397
1860 3403
1865 3515
1870 3422
1875 3454
1880 3512
1885 3485
1890 3595
1895 3924
1900 3535
1905 3583
1910 3612
1915 3599
1920 3653
1925 3751
1930 3653
1935 3685
1940 3790
1945 3707
1950 3723
1955 3817
1960 3770
1965 3784
1970 3857
1975 4078
1980 3916
1985 4086
1990 4140
1995 4014
2000 3958
