0 0
5 0
10 0
15 0
20 0
25 0
30 1
35 1
40 1
45 2
50 2
55 3
60 4
65 4
70 5
75 6
80 6
85 7
90 8
95 9
100 10
105 11
110 12
115 13
120 14
125 15
130 17
135 18
140 19
145 21
150 22
155 23
160 25
165 27
170 28
175 30
180 31
185 33
190 35
195 37
200 39
205 41
210 43
215 45
220 47
225 49
230 51
235 53
240 56
245 58
250 60
255 63
260 65
265 68
270 70
275 73
280 75
285 78
290 81
295 83
300 86
305 89
310 94
315 95
320 98
325 101
330 104
335 107
340 111
345 135
350 117
355 120
360 184
365 127
370 130
375 134
380 180
385 149
390 170
395 156
400 166
405 168
410 168
415 173
420 232
425 181
430 181
435 185
440 205
445 198
450 203
455 207
460 213
465 216
470 225
475 254
480 230
485 239
490 241
495 244
500 281
505 254
510 261
515 269
520 271
525 364
530 303
535 286
540 290
545 296
550 304
555 307
560 309
565 318
570 326
575 329
580 335
585 371
590 346
595 354
600 357
605 363
610 369
615 379
620 382
625 387
630 412
635 400
640 407
645 412
650 418
655 425
660 435
665 440
670 444
675 451
680 458
685 464
690 627
695 567
700 488
705 493
710 500
715 508
720 521
725 535
730 530
735 536
740 548
745 551
750 558
755 566
760 574
765 592
770 724
775 715
780 584
785 624
790 602
795 691
800 638
805 639
810 653
815 659
820 666
825 672
830 684
835 687
840 702
845 705
850 718
855 819
860 732
865 741
870 746
875 757
880 765
885 796
890 792
895 826
900 798
905 808
910 815
915 832
920 893
925 846
930 854
935 863
940 871
945 880
950 867
955 876
960 886
965 948
970 927
975 939
980 1003
985 960
990 966
995 979
1000 1014
1005 1036
1010 1040
1015 1018
1020 1031
1025 1037
1030 1051
1035 1183
1040 1203
1045 1075
1050 1085
1055 1203
1060 1146
1065 1125
1070 1128
1075 1160
1080 1192
1085 1163
1090 1171
1095 1181
1100 1195
1105 1284
1110 1317
1115 1226
1120 1233
1125 1274
1130 1258
1135 1276
1140 1306
1145 1300
1150 1307
1155 1313
1160 1323
1165 1343
1170 1348
1175 1361
1180 1349
1185 1495
1190 1403
1195 1413
1200 1423
1205 1456
1210 1439
1215 1455
1220 1468
1225 1538
1230 1498
1235 1505
1240 1561
1245 1528
1250 1531
1255 1551
1260 1561
1265 1584
1270 1587
1275 1628
1280 1668
1285 1624
1290 1647
1295 1655
1300 1666
1305 1687
1310 1759
1315 1697
1320 1717
1325 1965
1330 1834
1335 1751
1340 1801
1345 1810
1350 1778
1355 1830
1360 1853
1365 1828
1370 1885
1375 1867
1380 1872
1385 1986
1390 1904
1395 1908
1400 1962
1405 1957
1410 1952
1415 2036
1420 1981
1425 2035
1430 2022
1435 2023
1440 2108
1445 2048
1450 2064
1455 2088
1460 2094
1465 2148
1470 2121
1475 2498
1480 2115
1485 2108
1490 2454
1495 2269
1500 2238
1505 2237
1510 2267
1515 2350
1520 2399
1525 2596
1530 2670
1535 2620
1540 2371
1545 2558
1550 2562
1555 2704
1560 2542
1565 2435
1570 2499
1575 2447
1580 2634
1585 2473
1590 2595
1595 2498
1600 2656
1605 2532
1610 2646
1615 2579
1620 2873
1625 2633
1630 2643
1635 2635
1640 2688
1645 2967
1650 2709
1655 2712
1660 2758
1665 2724
1670 2864
1675 2781
1680 2941
1685 2784
1690 2939
1695 2818
1700 3003
1705 2856
1710 2966
1715 2911
1720 2919
1725 2945
1730 2950
1735 2964
1740 3038
1745 3141
1750 3007
1755 3390
1760 3064
1765 3133
1770 3051
1775 3119
1780 3200
1785 3129
1790 3400
1795 3267
1800 3204
1805 3313
1810 3218
1815 3304
1820 3274
1825 3283
1830 3369
1835 3310
1840 3409
1845 3338
1850 3372
1855 3452
1860 3299
1865 3436
1870 3607
1875 3352
1880 3401
1885 3388
1890 3565
1895 3597
1900 3554
1905 3582
1910 3716
1915 3609
1920 3688
1925 3757
1930 3646
1935 3983
1940 3725
1945 3855
1950 3771
1955 3860
1960 3765
1965 3685
1970 3824
1975 3745
1980 3739
1985 3919
1990 3966
1995 3901
2000 3814
