0 0
5 0
10 0
15 0
20 0
25 0
30 1
35 1
40 2
45 2
50 4
55 3
60 4
65 4
70 5
75 6
80 7
85 8
90 8
95 9
100 10
105 12
110 13
115 14
120 15
125 16
130 18
135 19
140 20
145 22
150 24
155 27
160 27
165 45
170 38
175 32
180 42
185 92
190 37
195 40
200 68
205 48
210 58
215 47
220 89
225 57
230 57
235 94
240 71
245 63
250 64
255 73
260 84
265 72
270 79
275 89
280 83
285 84
290 94
295 99
300 92
305 97
310 97
315 100
320 121
325 107
330 109
335 113
340 116
345 138
350 139
355 138
360 150
365 164
370 141
375 141
380 149
385 150
390 154
395 160
400 162
405 165
410 169
415 173
420 177
425 213
430 210
435 193
440 193
445 198
450 203
455 212
460 223
465 217
470 237
475 227
480 276
485 238
490 239
495 244
500 282
505 274
510 262
515 266
520 269
525 274
530 329
535 320
540 312
545 296
550 301
555 311
560 326
565 372
570 351
575 329
580 334
585 345
590 345
595 352
600 357
605 363
610 370
615 384
620 406
625 490
630 394
635 438
640 421
645 415
650 419
655 425
660 433
665 434
670 475
675 453
680 463
685 518
690 472
695 487
700 486
705 492
710 499
715 506
720 669
725 521
730 532
735 552
740 560
745 576
750 558
755 565
760 585
765 578
770 594
775 685
780 675
785 651
790 620
795 625
800 632
805 642
810 653
815 663
820 754
825 756
830 679
835 689
840 698
845 765
850 713
855 727
860 759
865 861
870 741
875 755
880 845
885 778
890 791
895 791
900 941
905 840
910 816
915 827
920 841
925 945
930 920
935 861
940 883
945 882
950 895
955 903
960 967
965 917
970 953
975 930
980 951
985 972
990 966
995 977
1000 995
1005 1001
1010 1159
1015 1109
1020 1037
1025 1038
1030 1053
1035 1199
1040 1146
1045 1079
1050 1089
1055 1107
1060 1267
1065 1119
1070 1128
1075 1136
1080 1160
1085 1172
1090 1170
1095 1212
1100 1202
1105 1414
1110 1366
1115 1367
1120 1604
1125 1374
1130 1489
1135 1287
1140 1286
1145 1504
1150 1303
1155 1351
1160 1414
1165 1491
1170 1347
1175 1367
1180 1378
1185 1518
1190 1590
1195 1410
1200 1491
1205 1458
1210 1449
1215 1463
1220 1485
1225 1492
1230 1515
1235 1625
1240 1518
1245 1532
1250 1541
1255 1548
1260 1561
1265 1581
1270 1628
1275 1604
1280 1702
1285 1701
1290 1648
1295 1676
1300 1667
1305 1753
1310 1720
1315 1715
1320 1896
1325 1776
1330 1817
1335 1890
1340 1824
1345 2056
1350 1914
1355 2005
1360 1854
1365 2050
1370 1858
1375 1972
1380 1907
1385 1923
1390 2048
1395 1933
1400 1934
1405 2141
1410 1957
1415 1987
1420 2120
1425 2120
1430 2164
1435 2035
1440 2062
1445 2276
1450 2135
1455 2277
1460 2214
1465 2306
1470 2135
1475 2148
1480 2342
1485 2190
1490 2495
1495 2208
1500 2291
1505 2262
1510 2253
1515 2441
1520 2348
1525 2620
1530 2625
1535 2369
1540 2457
1545 2355
1550 2399
1555 2398
1560 2514
1565 2478
1570 2509
1575 2515
1580 2538
1585 2745
1590 2525
1595 2517
1600 2692
1605 2565
1610 2576
1615 2627
1620 2913
1625 2887
1630 2660
1635 2646
1640 2668
1645 2685
1650 2698
1655 3466
1660 2947
1665 3192
1670 2802
1675 2762
1680 2823
1685 2820
1690 2882
1695 2870
1700 2897
1705 2878
1710 2952
1715 2906
1720 2903
1725 2930
1730 2858
1735 2875
1740 2955
1745 3251
1750 3020
1755 3164
1760 3045
1765 3053
1770 3070
1775 3113
1780 3271
1785 3207
1790 3270
1795 3162
1800 3283
1805 3444
1810 3218
1815 3321
1820 3257
1825 3307
1830 3315
1835 3340
1840 3324
1845 3336
1850 3383
1855 3518
1860 3598
1865 3503
1870 3435
1875 3421
1880 3521
1885 3723
1890 3512
1895 3531
1900 3583
1905 3567
1910 3588
1915 3613
1920 3646
1925 3692
1930 3685
1935 3707
1940 3744
1945 3911
1950 3894
1955 3837
1960 3800
1965 3941
1970 3854
1975 3961
1980 4014
1985 4424
1990 3996
1995 4034
2000 3994
