0 0
5 0
10 0
15 0
20 1
25 1
30 1
35 2
40 2
45 3
50 4
55 21
60 5
65 5
70 6
75 7
80 8
85 9
90 10
95 12
100 12
105 14
110 15
115 16
120 17
125 19
130 21
135 21
140 23
145 25
150 26
155 27
160 29
165 32
170 34
175 35
180 38
185 39
190 61
195 41
200 46
205 47
210 49
215 48
220 54
225 58
230 60
235 63
240 65
245 68
250 70
255 73
260 75
265 79
270 75
275 84
280 81
285 87
290 93
295 88
300 99
305 102
310 100
315 108
320 112
325 115
330 111
335 122
340 126
345 130
350 153
355 137
360 141
365 142
370 149
375 152
380 152
385 160
390 164
395 166
400 162
405 177
410 181
415 186
420 184
425 193
430 256
435 202
440 207
445 246
450 215
455 244
460 227
465 230
470 243
475 244
480 265
485 250
490 263
495 259
500 264
505 269
510 275
515 279
520 284
525 287
530 300
535 303
540 307
545 313
550 318
555 352
560 329
565 336
570 340
575 349
580 351
585 358
590 370
595 371
600 377
605 381
610 391
615 397
620 401
625 407
630 416
635 420
640 426
645 434
650 440
655 446
660 452
665 459
670 467
675 476
680 477
685 489
690 494
695 502
700 506
705 516
710 522
715 533
720 542
725 543
730 561
735 558
740 565
745 572
750 581
755 635
760 598
765 618
770 606
775 620
780 635
785 616
790 645
795 650
800 661
805 672
810 658
815 684
820 697
825 707
830 781
835 738
840 729
845 732
850 743
855 758
860 797
865 795
870 777
875 814
880 796
885 800
890 841
895 855
900 882
905 838
910 849
915 857
920 894
925 970
930 928
935 893
940 905
945 911
950 956
955 939
960 1029
965 950
970 959
975 1000
980 992
985 1032
990 1001
995 1026
1000 1019
1005 1072
1010 1039
1015 1122
1020 1114
1025 1069
1030 1079
1035 1092
1040 1122
1045 1151
1050 1120
1055 1131
1060 1161
1065 1281
1070 1160
1075 1174
1080 1262
1085 1224
1090 1292
1095 1217
1100 1182
1105 1238
1110 1326
1115 1274
1120 1331
1125 1372
1130 1417
1135 1304
1140 1530
1145 1383
1150 1434
1155 1377
1160 1398
1165 1420
1170 1445
1175 1395
1180 1406
1185 1448
1190 1429
1195 1412
1200 1457
1205 1578
1210 1479
1215 1658
1220 1583
1225 1551
1230 1529
1235 1540
1240 1632
1245 1564
1250 1642
1255 1647
1260 1607
1265 1619
1270 1626
1275 1710
1280 1679
1285 1684
1290 1798
1295 1691
1300 1735
1305 1718
1310 1730
1315 1783
1320 1755
1325 1767
1330 1852
1335 1797
1340 1808
1345 1847
1350 1833
1355 1845
1360 1974
1365 1880
1370 1888
1375 1901
1380 1956
1385 1936
1390 1944
1395 2023
1400 2005
1405 1983
1410 2004
1415 2069
1420 2028
1425 2027
1430 2006
1435 2119
1440 2121
1445 2168
1450 2190
1455 2158
1460 2238
1465 2482
1470 2213
1475 2278
1480 2206
1485 2279
1490 2250
1495 2373
1500 4300
1505 2406
1510 2343
1515 2374
1520 2520
1525 2332
1530 2506
1535 2363
1540 2397
1545 2403
1550 2478
1555 2588
1560 2566
1565 2457
1570 2471
1575 2485
1580 2502
1585 2439
1590 2550
1595 2547
1600 2570
1605 2622
1610 2598
1615 2616
1620 2636
1625 2855
1630 2802
1635 2711
1640 2913
1645 2711
1650 2884
1655 2742
1660 3038
1665 2751
1670 2989
1675 2821
1680 2937
1685 2844
1690 2985
1695 2901
1700 2999
1705 3040
1710 2977
1715 3000
1720 2965
1725 3007
1730 2931
1735 3045
1740 3026
1745 3088
1750 3105
1755 3268
1760 3188
1765 3116
1770 3105
1775 3556
1780 3468
1785 3223
1790 3363
1795 3565
1800 3261
1805 3642
1810 3507
1815 3416
1820 3289
1825 3602
1830 3356
1835 3598
1840 3655
1845 3380
1850 3419
1855 3435
1860 3562
1865 3638
1870 3494
1875 3576
1880 3640
1885 3592
1890 3602
1895 3691
1900 3671
1905 3624
1910 3733
1915 3734
1920 3848
1925 3886
1930 3759
1935 3825
1940 3925
1945 3809
1950 3880
1955 4110
1960 3961
1965 3888
1970 4002
1975 4395
1980 3897
1985 3990
1990 6239
1995 4641
2000 4692
