0 0
5 0
10 0
15 0
20 1
25 1
30 2
35 2
40 3
45 4
50 5
55 5
60 6
65 7
70 9
75 10
80 10
85 12
90 13
95 15
100 16
105 17
110 19
115 20
120 22
125 24
130 24
135 22
140 24
145 30
150 29
155 34
160 37
165 32
170 38
175 40
180 40
185 41
190 58
195 45
200 44
205 47
210 51
215 53
220 56
225 64
230 76
235 77
240 66
245 68
250 71
255 91
260 105
265 91
270 81
275 92
280 96
285 93
290 117
295 114
300 122
305 129
310 132
315 137
320 132
325 141
330 285
335 154
340 169
345 145
350 143
355 139
360 145
365 169
370 148
375 163
380 178
385 160
390 168
395 198
400 199
405 206
410 181
415 186
420 190
425 209
430 226
435 222
440 229
445 231
450 235
455 253
460 225
465 230
470 235
475 283
480 324
485 320
490 299
495 340
500 265
505 314
510 322
515 280
520 330
525 332
530 301
535 369
540 339
545 351
550 359
555 396
560 403
565 325
570 331
575 338
580 357
585 365
590 354
595 361
600 367
605 373
610 401
615 416
620 401
625 412
630 440
635 496
640 415
645 420
650 439
655 488
660 452
665 458
670 465
675 482
680 506
685 510
690 504
695 502
700 535
705 515
710 521
715 530
720 537
725 543
730 558
735 565
740 625
745 574
750 580
755 591
760 596
765 605
770 632
775 718
780 630
785 622
790 642
795 649
800 695
805 666
810 676
815 682
820 779
825 691
830 707
835 725
840 803
845 767
850 849
855 749
860 863
865 752
870 779
875 821
880 795
885 896
890 815
895 841
900 832
905 839
910 942
915 857
920 888
925 968
930 896
935 892
940 918
945 916
950 930
955 1086
960 945
965 973
970 963
975 983
980 980
985 988
990 1002
995 1046
1000 1021
1005 1053
1010 1134
1015 1048
1020 1065
1025 1078
1030 1108
1035 1102
1040 1105
1045 1183
1050 1123
1055 1177
1060 1247
1065 1153
1070 1178
1075 1175
1080 1315
1085 1295
1090 1206
1095 1219
1100 1234
1105 1377
1110 1253
1115 1272
1120 1274
1125 1430
1130 1344
1135 1327
1140 1317
1145 1473
1150 1502
1155 1444
1160 1363
1165 1385
1170 1395
1175 1397
1180 1465
1185 1408
1190 1439
1195 1444
1200 1454
1205 1545
1210 1495
1215 1491
1220 1509
1225 1525
1230 1556
1235 1538
1240 1558
1245 1564
1250 1577
1255 1588
1260 1668
1265 1808
1270 1580
1275 1603
1280 1607
1285 1621
1290 1672
1295 1663
1300 1704
1305 1716
1310 1910
1315 1730
1320 1773
1325 1835
1330 1862
1335 1780
1340 2001
1345 1894
1350 1839
1355 1960
1360 1899
1365 1875
1370 2039
1375 1908
1380 1917
1385 2015
1390 1962
1395 1989
1400 2007
1405 1985
1410 2065
1415 2033
1420 2038
1425 2159
1430 2163
1435 2073
1440 2097
1445 2128
1450 2230
1455 2173
1460 2144
1465 2219
1470 2174
1475 2289
1480 2330
1485 2222
1490 2134
1495 2241
1500 2308
1505 2355
1510 2288
1515 2458
1520 2316
1525 2375
1530 2375
1535 2446
1540 2377
1545 2397
1550 2413
1555 2428
1560 2491
1565 2219
1570 2601
1575 2532
1580 2540
1585 2535
1590 2536
1595 2566
1600 2563
1605 2579
1610 2598
1615 2620
1620 2648
1625 2783
1630 2692
1635 3006
1640 2701
1645 2754
1650 2725
1655 2745
1660 2761
1665 2776
1670 2791
1675 2808
1680 2824
1685 3019
1690 3183
1695 3184
1700 3118
1705 2996
1710 3066
1715 2982
1720 3031
1725 3061
1730 3060
1735 3112
1740 3028
1745 3092
1750 3059
1755 3084
1760 3098
1765 3115
1770 3222
1775 3171
1780 3444
1785 3196
1790 3220
1795 3220
1800 3293
1805 3476
1810 3281
1815 3299
1820 3307
1825 3359
1830 3458
1835 3361
1840 3412
1845 3451
1850 3662
1855 3578
1860 3452
1865 3520
1870 3579
1875 3477
1880 3588
1885 3577
1890 3561
1895 3702
1900 3833
1905 3615
1910 3643
1915 3653
1920 3759
1925 3806
1930 3826
1935 3986
1940 3868
1945 3879
1950 3829
1955 3937
1960 3987
1965 3897
1970 3880
1975 3979
1980 4019
1985 4791
1990 4176
1995 4198
2000 4050
