0 0
5 0
10 0
15 0
20 0
25 0
30 1
35 1
40 1
45 2
50 2
55 3
60 4
65 4
70 5
75 6
80 6
85 7
90 8
95 9
100 10
105 11
110 12
115 13
120 15
125 16
130 17
135 18
140 20
145 21
150 23
155 24
160 26
165 27
170 29
175 31
180 33
185 34
190 36
195 38
200 41
205 42
210 44
215 46
220 49
225 51
230 53
235 56
240 58
245 60
250 63
255 65
260 68
265 71
270 73
275 76
280 85
285 82
290 84
295 87
300 90
305 93
310 96
315 99
320 102
325 106
330 108
335 112
340 115
345 119
350 124
355 126
360 129
365 133
370 136
375 141
380 147
385 150
390 152
395 156
400 160
405 164
410 168
415 171
420 176
425 181
430 184
435 189
440 194
445 197
450 201
455 205
460 210
465 215
470 220
475 225
480 228
485 232
490 240
495 242
500 247
505 253
510 260
515 268
520 268
525 277
530 279
535 284
540 288
545 293
550 298
555 324
560 311
565 315
570 321
575 327
580 333
585 329
590 334
595 340
600 362
605 391
610 406
615 400
620 370
625 386
630 392
635 401
640 403
645 411
650 420
655 423
660 430
665 424
670 431
675 438
680 444
685 490
690 458
695 463
700 470
705 476
710 490
715 490
720 601
725 594
730 551
735 518
740 527
745 532
750 539
755 547
760 589
765 562
770 571
775 638
780 601
785 609
790 638
795 660
800 612
805 723
810 853
815 657
820 702
825 671
830 692
835 713
840 718
845 705
850 718
855 754
860 728
865 841
870 823
875 748
880 761
885 770
890 780
895 787
900 798
905 833
910 814
915 826
920 835
925 841
930 854
935 859
940 868
945 984
950 891
955 918
960 883
965 890
970 901
975 923
980 930
985 903
990 950
995 946
1000 957
1005 965
1010 951
1015 1062
1020 1046
1025 1004
1030 1239
1035 1119
1040 1062
1045 1072
1050 1082
1055 1100
1060 1104
1065 1134
1070 1124
1075 1134
1080 1143
1085 1128
1090 1137
1095 1146
1100 1156
1105 1522
1110 1176
1115 1259
1120 1274
1125 1341
1130 1363
1135 1314
1140 1278
1145 1292
1150 1401
1155 1330
1160 1349
1165 1334
1170 1346
1175 1355
1180 1377
1185 1391
1190 1391
1195 1410
1200 1438
1205 1432
1210 1435
1215 1714
1220 1604
1225 1725
1230 1612
1235 1709
1240 1792
1245 1568
1250 1733
1255 1877
1260 1756
1265 1640
1270 1628
1275 1603
1280 1818
1285 1785
1290 1662
1295 1652
1300 1665
1305 1773
1310 1682
1315 1650
1320 1852
1325 1841
1330 1853
1335 1925
1340 1765
1345 1903
1350 1791
1355 1806
1360 1817
1365 1830
1370 1844
1375 1861
1380 1894
1385 1900
1390 2082
1395 1980
1400 1927
1405 1954
1410 1956
1415 1966
1420 1986
1425 1995
1430 2008
1435 2027
1440 2041
1445 2056
1450 2062
1455 2078
1460 2148
1465 2110
1470 2126
1475 2137
1480 2156
1485 2192
1490 2178
1495 2192
1500 2204
1505 2236
1510 2236
1515 2247
1520 2323
1525 2280
1530 2311
1535 2309
1540 2351
1545 2360
1550 2354
1555 2443
1560 2410
1565 2449
1570 2419
1575 2458
1580 2441
1585 2459
1590 2494
1595 2511
1600 2770
1605 2453
1610 2470
1615 2464
1620 2504
1625 2590
1630 2647
1635 2548
1640 2564
1645 2652
1650 2665
1655 2616
1660 3017
1665 2720
1670 2739
1675 2865
1680 3040
1685 2854
1690 3043
1695 2933
1700 3008
1705 2921
1710 2875
1715 2937
1720 2964
1725 2924
1730 2944
1735 2981
1740 2962
1745 2990
1750 3073
1755 3151
1760 3114
1765 3378
1770 3313
1775 3373
1780 3120
1785 3130
1790 3184
1795 3153
1800 3170
1805 3189
1810 3204
1815 3471
1820 3241
1825 3620
1830 3192
1835 3208
1840 3640
1845 3313
1850 3298
1855 3465
1860 3333
1865 3620
1870 3372
1875 3459
1880 3725
1885 3895
1890 3523
1895 3554
1900 3564
1905 3548
1910 3570
1915 3649
1920 3613
1925 3653
1930 3664
1935 3709
1940 3688
1945 3700
1950 3716
1955 3977
1960 3782
1965 3916
1970 3983
1975 3713
1980 3856
1985 3765
1990 3884
1995 3948
2000 3794
