0 0
5 0
10 0
15 0
20 0
25 0
30 1
35 1
40 2
45 2
50 3
55 3
60 4
65 4
70 5
75 6
80 7
85 8
90 8
95 10
100 10
105 12
110 13
115 14
120 15
125 16
130 18
135 19
140 20
145 22
150 23
155 25
160 26
165 28
170 30
175 32
180 33
185 35
190 37
195 39
200 41
205 43
210 45
215 47
220 49
225 52
230 54
235 56
240 59
245 61
250 64
255 66
260 68
265 71
270 74
275 77
280 80
285 84
290 84
295 88
300 92
305 94
310 97
315 100
320 103
325 107
330 110
335 113
340 116
345 120
350 150
355 127
360 131
365 134
370 137
375 141
380 145
385 149
390 153
395 156
400 160
405 164
410 170
415 173
420 176
425 181
430 180
435 184
440 188
445 193
450 197
455 201
460 205
465 211
470 215
475 219
480 224
485 228
490 233
495 238
500 242
505 247
510 252
515 257
520 262
525 267
530 272
535 277
540 282
545 287
550 293
555 298
560 303
565 301
570 353
575 312
580 317
585 323
590 364
595 333
600 339
605 344
610 350
615 380
620 362
625 368
630 412
635 379
640 422
645 392
650 397
655 403
660 409
665 416
670 422
675 428
680 435
685 442
690 447
695 454
700 460
705 467
710 473
715 480
720 503
725 520
730 513
735 520
740 527
745 534
750 544
755 554
760 542
765 548
770 556
775 563
780 570
785 577
790 586
795 815
800 600
805 608
810 615
815 622
820 630
825 637
830 646
835 652
840 695
845 669
850 675
855 684
860 710
865 793
870 765
875 857
880 816
885 780
890 817
895 789
900 800
905 809
910 816
915 826
920 865
925 823
930 830
935 839
940 873
945 880
950 888
955 902
960 909
965 929
970 932
975 936
980 1068
985 951
990 965
995 1066
1000 997
1005 1019
1010 1015
1015 1015
1020 1075
1025 1036
1030 1049
1035 1059
1040 1064
1045 1107
1050 1089
1055 1096
1060 1105
1065 1117
1070 1181
1075 1137
1080 1244
1085 1158
1090 1169
1095 1179
1100 1192
1105 1203
1110 1230
1115 1293
1120 1233
1125 1306
1130 1255
1135 1331
1140 1278
1145 1290
1150 1301
1155 1312
1160 1321
1165 1335
1170 1346
1175 1357
1180 1370
1185 1389
1190 1392
1195 1871
1200 1428
1205 1451
1210 1438
1215 1459
1220 1463
1225 1477
1230 1651
1235 1509
1240 1623
1245 1599
1250 1565
1255 1575
1260 1579
1265 1755
1270 1585
1275 1600
1280 1641
1285 1696
1290 1717
1295 1650
1300 1641
1305 2010
1310 1641
1315 1653
1320 1771
1325 1735
1330 1875
1335 1810
1340 1780
1345 1780
1350 1848
1355 1819
1360 1823
1365 1832
1370 1855
1375 1861
1380 1876
1385 1912
1390 2018
1395 2047
1400 1948
1405 1970
1410 1980
1415 1997
1420 1990
1425 2021
1430 2013
1435 2030
1440 2042
1445 2104
1450 2084
1455 2087
1460 2098
1465 2179
1470 2236
1475 2263
1480 2203
1485 2162
1490 2375
1495 2205
1500 2283
1505 2294
1510 2235
1515 2278
1520 2266
1525 2325
1530 2306
1535 2375
1540 2404
1545 2460
1550 2421
1555 2374
1560 2480
1565 2401
1570 2498
1575 2476
1580 2460
1585 2473
1590 2558
1595 2668
1600 2578
1605 2634
1610 2624
1615 2640
1620 2658
1625 2600
1630 2655
1635 2551
1640 2570
1645 2516
1650 2536
1655 2574
1660 2664
1665 2648
1670 2732
1675 2738
1680 2790
1685 2867
1690 2971
1695 3057
1700 2897
1705 2883
1710 2956
1715 2934
1720 2939
1725 2988
1730 2961
1735 2948
1740 2926
1745 2908
1750 2911
1755 2906
1760 2917
1765 2896
1770 3030
1775 2928
1780 2964
1785 3123
1790 3028
1795 3032
1800 3050
1805 3029
1810 3045
1815 3099
1820 3261
1825 3143
1830 3148
1835 3129
1840 3277
1845 3381
1850 3933
1855 3371
1860 3431
1865 3316
1870 3374
1875 3973
1880 3497
1885 3554
1890 4178
1895 3373
1900 3566
1905 4157
1910 3580
1915 4455
1920 3935
1925 4168
1930 4552
1935 4349
1940 4550
1945 3952
1950 4072
1955 4007
1960 3942
1965 4432
1970 4464
1975 3897
1980 3869
1985 3875
1990 4440
1995 4052
2000 4002
