0 0
5 0
10 0
15 0
20 0
25 0
30 1
35 1
40 1
45 2
50 2
55 3
60 3
65 4
70 5
75 6
80 6
85 7
90 8
95 9
100 10
105 11
110 12
115 13
120 14
125 15
130 17
135 18
140 19
145 20
150 22
155 24
160 25
165 27
170 28
175 30
180 32
185 33
190 35
195 37
200 39
205 41
210 43
215 45
220 47
225 49
230 51
235 53
240 56
245 58
250 60
255 63
260 65
265 68
270 70
275 73
280 75
285 78
290 103
295 84
300 86
305 88
310 128
315 95
320 98
325 101
330 104
335 107
340 111
345 130
350 117
355 120
360 124
365 130
370 130
375 133
380 138
385 217
390 144
395 148
400 152
405 156
410 160
415 164
420 184
425 171
430 175
435 218
440 184
445 188
450 197
455 202
460 207
465 210
470 215
475 219
480 224
485 228
490 233
495 238
500 242
505 248
510 252
515 257
520 271
525 260
530 265
535 270
540 276
545 280
550 285
555 291
560 296
565 301
570 306
575 312
580 317
585 322
590 328
595 333
600 339
605 344
610 350
615 356
620 397
625 367
630 373
635 380
640 385
645 429
650 397
655 404
660 409
665 415
670 480
675 428
680 435
685 440
690 448
695 453
700 460
705 467
710 473
715 479
720 487
725 492
730 500
735 506
740 514
745 520
750 527
755 613
760 583
765 619
770 773
775 564
780 570
785 578
790 657
795 654
800 615
805 623
810 648
815 661
820 706
825 672
830 707
835 709
840 704
845 714
850 778
855 723
860 732
865 748
870 747
875 760
880 763
885 772
890 781
895 790
900 799
905 786
910 794
915 803
920 812
925 822
930 829
935 839
940 848
945 835
950 843
955 853
960 861
965 991
970 986
975 978
980 1037
985 991
990 966
995 980
1000 1065
1005 995
1010 1009
1015 1013
1020 1028
1025 1037
1030 1018
1035 1120
1040 1066
1045 1078
1050 1087
1055 1133
1060 1076
1065 1087
1070 1136
1075 1106
1080 1153
1085 1126
1090 1138
1095 1148
1100 1159
1105 1169
1110 1180
1115 1266
1120 1201
1125 1242
1130 1190
1135 1201
1140 1305
1145 1576
1150 1329
1155 1345
1160 1324
1165 1338
1170 1360
1175 1350
1180 1369
1185 1382
1190 1394
1195 1403
1200 1417
1205 1427
1210 1403
1215 1448
1220 1425
1225 1472
1230 1448
1235 1541
1240 1432
1245 1444
1250 1456
1255 1466
1260 1758
1265 1617
1270 1584
1275 1686
1280 1797
1285 1809
1290 1835
1295 1822
1300 1722
1305 1950
1310 1728
1315 1802
1320 1926
1325 1772
1330 1789
1335 1793
1340 1776
1345 1788
1350 1817
1355 1856
1360 1815
1365 2063
1370 6266
1375 2094
1380 2311
1385 2198
1390 2017
1395 2277
1400 2239
1405 2294
1410 2068
1415 2300
1420 2362
1425 2906
1430 3059
1435 2850
1440 3712
1445 2292
1450 2496
1455 2304
1460 2632
1465 2444
1470 2471
1475 2304
1480 2410
1485 2525
1490 3039
1495 2871
1500 2622
1505 2631
1510 2650
1515 2666
1520 2585
1525 2611
1530 2642
1535 2670
1540 2859
1545 2643
1550 2580
1555 2400
1560 2733
1565 2476
1570 2749
1575 2490
1580 2781
1585 2651
1590 2698
1595 2789
1600 2811
1605 2677
1610 2814
1615 2857
1620 2753
1625 2638
1630 3102
1635 2969
1640 2717
1645 2780
1650 3017
1655 3020
1660 2700
1665 2811
1670 2919
1675 7087
1680 3936
1685 3341
1690 2995
1695 3139
1700 3103
1705 3302
1710 3211
1715 3148
1720 3213
1725 3319
1730 2975
1735 3293
1740 3426
1745 3309
1750 3095
1755 3412
1760 3237
1765 3400
1770 3091
1775 3286
1780 3257
1785 3124
1790 3314
1795 3196
1800 3190
1805 3195
1810 3222
1815 3599
1820 3251
1825 3275
1830 3298
1835 3403
1840 3444
1845 3338
1850 3360
1855 3597
1860 3402
1865 3478
1870 3427
1875 3445
1880 3450
1885 3490
1890 3511
1895 3643
1900 3539
1905 3573
1910 3649
1915 3615
1920 3619
1925 3687
1930 3676
1935 3699
1940 3664
1945 3893
1950 3827
1955 3942
1960 3823
1965 3796
1970 3930
1975 3973
1980 3826
1985 4093
1990 3891
1995 4177
2000 3893
