0 0
5 0
10 0
15 0
20 1
25 1
30 1
35 2
40 2
45 3
50 3
55 4
60 5
65 6
70 7
75 7
80 9
85 10
90 10
95 11
100 13
105 14
110 15
115 16
120 17
125 19
130 20
135 23
140 23
145 26
150 27
155 29
160 31
165 33
170 34
175 36
180 39
185 41
190 46
195 45
200 46
205 46
210 48
215 52
220 52
225 54
230 59
235 67
240 64
245 63
250 70
255 72
260 75
265 77
270 76
275 83
280 87
285 89
290 93
295 96
300 98
305 102
310 105
315 111
320 112
325 115
330 120
335 124
340 137
345 150
350 157
355 158
360 180
365 164
370 185
375 173
380 197
385 184
390 190
395 193
400 174
405 201
410 216
415 236
420 218
425 223
430 233
435 238
440 218
445 240
450 274
455 256
460 261
465 251
470 282
475 241
480 246
485 250
490 298
495 268
500 270
505 321
510 295
515 290
520 284
525 324
530 326
535 302
540 329
545 363
550 372
555 353
560 369
565 388
570 464
575 396
580 421
585 431
590 459
595 445
600 396
605 444
610 373
615 395
620 446
625 412
630 440
635 451
640 442
645 505
650 439
655 445
660 453
665 459
670 467
675 474
680 513
685 491
690 551
695 511
700 518
705 514
710 521
715 531
720 539
725 546
730 555
735 617
740 637
745 664
750 712
755 588
760 599
765 653
770 620
775 664
780 634
785 662
790 708
795 662
800 657
805 667
810 675
815 681
820 696
825 711
830 699
835 716
840 724
845 736
850 769
855 755
860 794
865 789
870 778
875 805
880 781
885 750
890 850
895 827
900 843
905 837
910 849
915 856
920 866
925 910
930 954
935 892
940 924
945 1014
950 949
955 944
960 982
965 966
970 978
975 969
980 1017
985 1045
990 988
995 1021
1000 1019
1005 1057
1010 1078
1015 1110
1020 1057
1025 1087
1030 1098
1035 1210
1040 1166
1045 1139
1050 1127
1055 1132
1060 1181
1065 1153
1070 1163
1075 1175
1080 1217
1085 1244
1090 1204
1095 1217
1100 1244
1105 1240
1110 1250
1115 1259
1120 1298
1125 1219
1130 1293
1135 1306
1140 1316
1145 1326
1150 1372
1155 1349
1160 1362
1165 1373
1170 1422
1175 1396
1180 1429
1185 1476
1190 1510
1195 1446
1200 1456
1205 1565
1210 1504
1215 1490
1220 1531
1225 1577
1230 1487
1235 1500
1240 1510
1245 1817
1250 1609
1255 1546
1260 1721
1265 1613
1270 1633
1275 1637
1280 1702
1285 1663
1290 1703
1295 1730
1300 1704
1305 1764
1310 1734
1315 1744
1320 1756
1325 1734
1330 1822
1335 1794
1340 1809
1345 1836
1350 1838
1355 1862
1360 1860
1365 1879
1370 2180
1375 1918
1380 1920
1385 2010
1390 1948
1395 1959
1400 2181
1405 1933
1410 2034
1415 2087
1420 1957
1425 2047
1430 2054
1435 2070
1440 2129
1445 2098
1450 2141
1455 2175
1460 2142
1465 2170
1470 2173
1475 2217
1480 2246
1485 2145
1490 2244
1495 2247
1500 2243
1505 2493
1510 2289
1515 2503
1520 2362
1525 2341
1530 2385
1535 2362
1540 2426
1545 2445
1550 2697
1555 2507
1560 2798
1565 2458
1570 2552
1575 2501
1580 2474
1585 2526
1590 2546
1595 2556
1600 2919
1605 2587
1610 2598
1615 2620
1620 2664
1625 2636
1630 2666
1635 2834
1640 2712
1645 2734
1650 2729
1655 2768
1660 2758
1665 2786
1670 3463
1675 2832
1680 2842
1685 2848
1690 2866
1695 2879
1700 2896
1705 2910
1710 2939
1715 3092
1720 2976
1725 2997
1730 3003
1735 3011
1740 3057
1745 3072
1750 3065
1755 3240
1760 3341
1765 3118
1770 2928
1775 3008
1780 3722
1785 3256
1790 3152
1795 3171
1800 3193
1805 3162
1810 3104
1815 3266
1820 3403
1825 3535
1830 3393
1835 3384
1840 3448
1845 3467
1850 3444
1855 3451
1860 3489
1865 3503
1870 3492
1875 3526
1880 3569
1885 3552
1890 3471
1895 3627
1900 3576
1905 3473
1910 3453
1915 3672
1920 3528
1925 3548
1930 3614
1935 3656
1940 3722
1945 3755
1950 3567
1955 3749
1960 3884
1965 3752
1970 3787
1975 3870
1980 3890
1985 3878
1990 3915
1995 3980
2000 4267
