0 0
5 0
10 0
15 0
20 0
25 1
30 1
35 1
40 2
45 3
50 3
55 4
60 5
65 5
70 6
75 7
80 8
85 9
90 10
95 10
100 12
105 13
110 15
115 16
120 17
125 19
130 21
135 22
140 24
145 25
150 27
155 29
160 32
165 33
170 34
175 37
180 38
185 40
190 37
195 45
200 41
205 47
210 51
215 52
220 80
225 73
230 63
235 60
240 63
245 80
250 68
255 72
260 86
265 80
270 73
275 77
280 80
285 82
290 85
295 88
300 91
305 95
310 98
315 100
320 105
325 107
330 110
335 116
340 117
345 121
350 124
355 127
360 130
365 133
370 138
375 142
380 148
385 175
390 151
395 158
400 165
405 167
410 171
415 214
420 177
425 193
430 186
435 191
440 228
445 230
450 204
455 299
460 224
465 218
470 239
475 225
480 230
485 235
490 239
495 244
500 249
505 254
510 263
515 268
520 276
525 290
530 305
535 285
540 291
545 318
550 302
555 306
560 312
565 318
570 402
575 329
580 334
585 339
590 346
595 354
600 365
605 384
610 413
615 376
620 382
625 387
630 394
635 456
640 422
645 421
650 419
655 425
660 445
665 449
670 460
675 451
680 458
685 481
690 473
695 482
700 486
705 491
710 500
715 512
720 541
725 559
730 527
735 556
740 541
745 549
750 556
755 565
760 582
765 581
770 594
775 594
780 601
785 611
790 619
795 625
800 633
805 643
810 650
815 674
820 668
825 698
830 679
835 689
840 698
845 718
850 781
855 720
860 763
865 738
870 748
875 755
880 770
885 859
890 782
895 804
900 799
905 809
910 817
915 831
920 881
925 843
930 854
935 867
940 891
945 885
950 901
955 903
960 911
965 925
970 930
975 950
980 947
985 959
990 966
995 974
1000 1007
1005 995
1010 1014
1015 1027
1020 1027
1025 1067
1030 1044
1035 1057
1040 1102
1045 1076
1050 1087
1055 1099
1060 1119
1065 1152
1070 1126
1075 1137
1080 1148
1085 1166
1090 1174
1095 1181
1100 1281
1105 1200
1110 1232
1115 1220
1120 1236
1125 1253
1130 1258
1135 1270
1140 1277
1145 1295
1150 1302
1155 1314
1160 1323
1165 1343
1170 1353
1175 1361
1180 1374
1185 1392
1190 1402
1195 1510
1200 1430
1205 1437
1210 1501
1215 1450
1220 1467
1225 1494
1230 1493
1235 1540
1240 1533
1245 1584
1250 1539
1255 1612
1260 1793
1265 1610
1270 1587
1275 1624
1280 1690
1285 1696
1290 1657
1295 1733
1300 1746
1305 1771
1310 1782
1315 1774
1320 1786
1325 1840
1330 1958
1335 1970
1340 1820
1345 1792
1350 2024
1355 1823
1360 1920
1365 1866
1370 1854
1375 1977
1380 1872
1385 1900
1390 1947
1395 1917
1400 1932
1405 1939
1410 1960
1415 1972
1420 1979
1425 2001
1430 2012
1435 2029
1440 2041
1445 2053
1450 2068
1455 2094
1460 2098
1465 2106
1470 2127
1475 2190
1480 2148
1485 2164
1490 2180
1495 2204
1500 2252
1505 2258
1510 2232
1515 2294
1520 2271
1525 2286
1530 2309
1535 2323
1540 2582
1545 2319
1550 2356
1555 2377
1560 2386
1565 2409
1570 2431
1575 2473
1580 2452
1585 2494
1590 2489
1595 2543
1600 2533
1605 2557
1610 2555
1615 2679
1620 2621
1625 2614
1630 2628
1635 2634
1640 3338
1645 2991
1650 2910
1655 3152
1660 3545
1665 3696
1670 3229
1675 3300
1680 3475
1685 3227
1690 3308
1695 3251
1700 2930
1705 3186
1710 2982
1715 3048
1720 2949
1725 3138
1730 3216
1735 3309
1740 3217
1745 3438
1750 3246
1755 3286
1760 3445
1765 3888
1770 3339
1775 3128
1780 3109
1785 3125
1790 3198
1795 3145
1800 3586
1805 3220
1810 3628
1815 3235
1820 3380
1825 3856
1830 3323
1835 3551
1840 3427
1845 3346
1850 3427
1855 3408
1860 3410
1865 3661
1870 3438
1875 3447
1880 3815
1885 3462
1890 3422
1895 3714
1900 3480
1905 3558
1910 3697
1915 3602
1920 3642
1925 4123
1930 3705
1935 3789
1940 3754
1945 3871
1950 3755
1955 3746
1960 3954
1965 3795
1970 4073
1975 4342
1980 3929
1985 3950
1990 4149
1995 4205
2000 3962
