0 0
5 0
10 0
15 0
20 0
25 1
30 1
35 1
40 2
45 2
50 3
55 3
60 4
65 5
70 6
75 6
80 7
85 8
90 10
95 11
100 10
105 22
110 14
115 13
120 15
125 16
130 17
135 18
140 20
145 21
150 23
155 24
160 26
165 27
170 30
175 31
180 33
185 35
190 37
195 39
200 40
205 45
210 52
215 46
220 49
225 54
230 53
235 56
240 58
245 60
250 63
255 69
260 77
265 91
270 73
275 76
280 79
285 81
290 86
295 87
300 90
305 94
310 96
315 99
320 102
325 106
330 109
335 112
340 116
345 125
350 122
355 126
360 129
365 133
370 139
375 140
380 144
385 148
390 151
395 155
400 159
405 163
410 167
415 170
420 176
425 180
430 184
435 208
440 193
445 196
450 206
455 209
460 210
465 215
470 220
475 234
480 230
485 233
490 237
495 244
500 248
505 254
510 257
515 263
520 268
525 273
530 277
535 317
540 288
545 293
550 299
555 305
560 310
565 316
570 320
575 326
580 333
585 338
590 344
595 354
600 357
605 362
610 370
615 373
620 379
625 385
630 396
635 401
640 410
645 416
650 432
655 482
660 430
665 437
670 443
675 450
680 457
685 462
690 469
695 522
700 511
705 477
710 486
715 491
720 672
725 557
730 525
735 534
740 539
745 547
750 583
755 562
760 572
765 630
770 589
775 593
780 692
785 608
790 652
795 635
800 646
805 642
810 665
815 636
820 694
825 653
830 715
835 687
840 694
845 703
850 711
855 737
860 734
865 741
870 745
875 756
880 761
885 770
890 780
895 788
900 801
905 880
910 815
915 822
920 831
925 841
930 848
935 860
940 920
945 979
950 936
955 873
960 881
965 891
970 900
975 910
980 1045
985 1008
990 994
995 973
1000 981
1005 996
1010 1029
1015 1011
1020 1064
1025 1082
1030 1070
1035 1079
1040 1067
1045 1079
1050 1084
1055 1093
1060 1136
1065 1260
1070 1161
1075 1142
1080 1146
1085 1156
1090 1284
1095 1187
1100 1194
1105 1211
1110 1210
1115 1222
1120 1353
1125 1247
1130 1283
1135 1275
1140 1299
1145 1286
1150 1303
1155 1318
1160 1385
1165 1334
1170 1397
1175 1365
1180 1444
1185 1381
1190 1417
1195 1420
1200 1436
1205 1430
1210 1444
1215 1463
1220 1464
1225 1474
1230 1487
1235 1525
1240 1515
1245 1534
1250 1552
1255 1548
1260 1558
1265 1574
1270 1644
1275 1781
1280 1624
1285 1719
1290 1636
1295 1667
1300 1730
1305 1680
1310 1741
1315 1694
1320 1720
1325 1773
1330 1741
1335 1758
1340 1819
1345 1773
1350 1814
1355 1812
1360 1816
1365 1825
1370 1839
1375 1803
1380 1817
1385 1831
1390 1843
1395 1893
1400 1929
1405 1963
1410 1953
1415 1985
1420 2317
1425 2126
1430 2072
1435 2056
1440 2047
1445 2066
1450 2069
1455 2085
1460 2092
1465 2109
1470 2117
1475 2193
1480 2153
1485 2160
1490 2190
1495 2188
1500 2251
1505 2216
1510 2468
1515 2226
1520 2203
1525 2215
1530 2235
1535 2453
1540 2671
1545 2450
1550 2379
1555 2401
1560 2385
1565 2413
1570 2550
1575 2457
1580 2445
1585 2462
1590 2508
1595 2498
1600 2741
1605 2459
1610 2473
1615 2482
1620 2499
1625 2518
1630 2533
1635 2587
1640 2566
1645 2639
1650 2595
1655 2733
1660 2664
1665 2826
1670 2780
1675 2750
1680 2727
1685 2774
1690 2836
1695 2858
1700 3001
1705 2851
1710 2894
1715 2879
1720 3152
1725 2836
1730 3194
1735 2986
1740 2972
1745 2982
1750 3063
1755 3024
1760 3044
1765 3064
1770 3149
1775 3140
1780 3125
1785 3130
1790 3090
1795 3541
1800 3205
1805 3190
1810 3216
1815 3246
1820 3246
1825 3263
1830 3302
1835 3336
1840 3392
1845 3401
1850 3373
1855 3367
1860 3431
1865 3401
1870 3446
1875 3440
1880 3446
1885 3449
1890 3571
1895 3458
1900 3500
1905 3579
1910 3511
1915 3554
1920 3585
1925 3439
1930 3548
1935 3675
1940 4533
1945 3708
1950 3674
1955 3744
1960 3728
1965 3677
1970 3696
1975 3939
1980 3908
1985 3865
1990 3899
1995 3988
2000 3942
