0 0
5 0
10 0
15 0
20 1
25 1
30 1
35 2
40 2
45 3
50 4
55 4
60 5
65 6
70 7
75 8
80 8
85 9
90 10
95 12
100 12
105 14
110 15
115 16
120 18
125 20
130 21
135 22
140 25
145 26
150 27
155 29
160 30
165 32
170 34
175 34
180 38
185 37
190 41
195 42
200 46
205 48
210 50
215 50
220 58
225 59
230 60
235 66
240 65
245 67
250 70
255 73
260 76
265 79
270 82
275 85
280 94
285 84
290 93
295 97
300 99
305 103
310 106
315 146
320 113
325 117
330 120
335 124
340 142
345 130
350 133
355 138
360 141
365 145
370 148
375 152
380 156
385 161
390 164
395 169
400 184
405 175
410 181
415 184
420 188
425 192
430 233
435 207
440 206
445 215
450 216
455 221
460 219
465 245
470 234
475 239
480 274
485 277
490 254
495 259
500 263
505 270
510 275
515 311
520 285
525 291
530 296
535 274
540 325
545 311
550 324
555 351
560 334
565 354
570 355
575 348
580 352
585 357
590 362
595 369
600 375
605 380
610 419
615 394
620 401
625 456
630 420
635 420
640 441
645 432
650 439
655 448
660 452
665 458
670 466
675 474
680 529
685 485
690 516
695 504
700 512
705 517
710 521
715 528
720 536
725 543
730 549
735 557
740 602
745 574
750 579
755 586
760 600
765 604
770 614
775 620
780 625
785 657
790 642
795 648
800 673
805 664
810 675
815 681
820 694
825 706
830 723
835 716
840 739
845 732
850 752
855 748
860 763
865 776
870 777
875 788
880 791
885 801
890 808
895 818
900 860
905 837
910 845
915 855
920 882
925 873
930 883
935 942
940 901
945 912
950 922
955 934
960 937
965 997
970 1025
975 969
980 980
985 991
990 1034
995 1007
1000 1060
1005 1119
1010 1037
1015 1047
1020 1048
1025 1069
1030 1128
1035 1089
1040 1096
1045 1166
1050 1125
1055 1187
1060 1139
1065 1194
1070 1245
1075 1191
1080 1182
1085 1136
1090 1234
1095 1233
1100 1303
1105 1239
1110 1304
1115 1303
1120 1275
1125 1281
1130 1239
1135 1362
1140 1315
1145 1325
1150 1337
1155 1384
1160 1280
1165 1371
1170 1390
1175 1460
1180 1503
1185 1566
1190 1530
1195 1448
1200 1586
1205 1524
1210 1555
1215 1609
1220 1589
1225 1552
1230 1529
1235 1542
1240 1672
1245 1586
1250 1642
1255 1622
1260 1608
1265 1617
1270 1635
1275 1660
1280 1651
1285 1670
1290 1897
1295 1666
1300 1721
1305 1780
1310 1729
1315 1828
1320 1838
1325 1770
1330 2029
1335 2116
1340 1810
1345 1841
1350 1956
1355 1911
1360 1871
1365 1913
1370 1888
1375 1908
1380 1962
1385 1962
1390 1962
1395 1976
1400 1974
1405 2026
1410 1996
1415 2250
1420 2126
1425 2054
1430 2117
1435 2073
1440 2082
1445 2125
1450 2121
1455 2125
1460 2476
1465 2241
1470 2205
1475 2186
1480 2197
1485 2268
1490 2238
1495 2263
1500 2265
1505 2285
1510 2305
1515 2304
1520 2316
1525 2295
1530 2355
1535 2540
1540 2377
1545 2393
1550 2324
1555 2483
1560 2438
1565 2617
1570 2476
1575 2457
1580 2527
1585 2516
1590 2568
1595 2547
1600 2829
1605 2583
1610 2626
1615 2678
1620 2676
1625 2651
1630 2674
1635 2685
1640 2726
1645 2714
1650 2733
1655 2749
1660 2762
1665 2809
1670 2795
1675 2799
1680 2860
1685 2847
1690 3167
1695 3155
1700 3059
1705 2951
1710 3209
1715 2948
1720 3005
1725 3010
1730 3042
1735 3344
1740 3196
1745 2995
1750 3187
1755 3092
1760 3123
1765 3141
1770 3239
1775 3284
1780 3200
1785 3187
1790 3324
1795 3239
1800 3241
1805 3256
1810 3236
1815 3340
1820 3223
1825 3310
1830 3293
1835 3339
1840 3410
1845 3400
1850 3416
1855 3628
1860 3396
1865 3556
1870 3395
1875 3349
1880 3726
1885 3548
1890 3560
1895 3876
1900 3507
1905 3734
1910 3661
1915 3600
1920 3655
1925 3667
1930 3814
1935 3877
1940 3769
1945 3722
1950 3795
1955 3816
1960 3839
1965 3826
1970 3976
1975 3905
1980 4340
1985 3934
1990 4030
1995 3995
2000 3953
