0 0
5 0
10 0
15 0
20 0
25 1
30 1
35 1
40 2
45 2
50 3
55 3
60 4
65 4
70 5
75 6
80 7
85 8
90 8
95 9
100 11
105 13
110 14
115 15
120 17
125 18
130 19
135 21
140 23
145 24
150 26
155 28
160 31
165 28
170 30
175 31
180 38
185 39
190 39
195 44
200 47
205 49
210 52
215 55
220 55
225 59
230 79
235 66
240 67
245 72
250 75
255 78
260 90
265 74
270 74
275 77
280 80
285 83
290 84
295 107
300 91
305 95
310 98
315 147
320 103
325 107
330 110
335 113
340 140
345 132
350 123
355 157
360 147
365 133
370 139
375 142
380 160
385 156
390 152
395 156
400 160
405 164
410 169
415 170
420 178
425 181
430 213
435 189
440 196
445 199
450 203
455 208
460 212
465 218
470 221
475 227
480 231
485 252
490 297
495 263
500 249
505 256
510 296
515 276
520 285
525 277
530 304
535 286
540 301
545 306
550 302
555 306
560 311
565 317
570 323
575 331
580 335
585 337
590 346
595 353
600 357
605 363
610 370
615 381
620 389
625 392
630 395
635 400
640 444
645 413
650 424
655 430
660 432
665 438
670 445
675 452
680 461
685 465
690 472
695 477
700 499
705 496
710 516
715 505
720 514
725 521
730 530
735 535
740 543
745 550
750 566
755 565
760 627
765 581
770 586
775 595
780 602
785 609
790 616
795 633
800 635
805 641
810 662
815 662
820 664
825 673
830 681
835 688
840 696
845 706
850 723
855 725
860 731
865 739
870 746
875 939
880 877
885 802
890 887
895 792
900 800
905 807
910 818
915 827
920 833
925 845
930 851
935 839
940 1064
945 1029
950 921
955 898
960 909
965 918
970 1155
975 967
980 920
985 930
990 964
995 975
1000 987
1005 994
1010 1057
1015 1028
1020 999
1025 1041
1030 1009
1035 1124
1040 1072
1045 1046
1050 1121
1055 1096
1060 1107
1065 1117
1070 1125
1075 1143
1080 1148
1085 1160
1090 1171
1095 1147
1100 1203
1105 1170
1110 1182
1115 1192
1120 1271
1125 1212
1130 1222
1135 1201
1140 1212
1145 1260
1150 1407
1155 1314
1160 1323
1165 1366
1170 1349
1175 1359
1180 1397
1185 1390
1190 1420
1195 1552
1200 1473
1205 1437
1210 1474
1215 1537
1220 1481
1225 1480
1230 1488
1235 1505
1240 1546
1245 1678
1250 1571
1255 1644
1260 1672
1265 1606
1270 1592
1275 1755
1280 1646
1285 1624
1290 1645
1295 1654
1300 1660
1305 1690
1310 1755
1315 1699
1320 1715
1325 1750
1330 1739
1335 1752
1340 1797
1345 1780
1350 1818
1355 1840
1360 1822
1365 1830
1370 1909
1375 1859
1380 1869
1385 1904
1390 1897
1395 1912
1400 1960
1405 1939
1410 1952
1415 1970
1420 1979
1425 2004
1430 2011
1435 2063
1440 2106
1445 2051
1450 2078
1455 2083
1460 2095
1465 2243
1470 2125
1475 2137
1480 2093
1485 2161
1490 2388
1495 2203
1500 2215
1505 2262
1510 2177
1515 2683
1520 2250
1525 2331
1530 2296
1535 2297
1540 2289
1545 2372
1550 2943
1555 2377
1560 2505
1565 2408
1570 2553
1575 2443
1580 2476
1585 2646
1590 2493
1595 2504
1600 2545
1605 2578
1610 2559
1615 2792
1620 2585
1625 2765
1630 2613
1635 2683
1640 2641
1645 2784
1650 2680
1655 2792
1660 2707
1665 2843
1670 2736
1675 3052
1680 2693
1685 3068
1690 2830
1695 2747
1700 2794
1705 2775
1710 2792
1715 2887
1720 2850
1725 2892
1730 2781
1735 3024
1740 2974
1745 2940
1750 3017
1755 2973
1760 2911
1765 2971
1770 3026
1775 3005
1780 2947
1785 3092
1790 3272
1795 3159
1800 3087
1805 3028
1810 3116
1815 3375
1820 3430
1825 3277
1830 3309
1835 3309
1840 3329
1845 3345
1850 3370
1855 3374
1860 3403
1865 3457
1870 3468
1875 3490
1880 3678
1885 4273
1890 3530
1895 3616
1900 3644
1905 4042
1910 3696
1915 3626
1920 3663
1925 3771
1930 3861
1935 3674
1940 3714
1945 3725
1950 3782
1955 3803
1960 3823
1965 3785
1970 4056
1975 3929
1980 3851
1985 3909
1990 3868
1995 3733
2000 3752
