0 0
5 0
10 0
15 0
20 1
25 1
30 1
35 2
40 2
45 3
50 4
55 4
60 5
65 6
70 7
75 8
80 8
85 9
90 10
95 11
100 13
105 13
110 15
115 16
120 17
125 19
130 20
135 22
140 23
145 25
150 27
155 29
160 30
165 31
170 34
175 36
180 38
185 39
190 42
195 43
200 46
205 48
210 51
215 53
220 54
225 58
230 56
235 62
240 65
245 68
250 70
255 73
260 72
265 78
270 81
275 84
280 87
285 90
290 93
295 97
300 101
305 103
310 105
315 102
320 112
325 115
330 111
335 122
340 125
345 128
350 133
355 136
360 128
365 144
370 147
375 137
380 141
385 160
390 163
395 151
400 172
405 175
410 180
415 183
420 170
425 200
430 192
435 195
440 180
445 184
450 209
455 214
460 218
465 223
470 228
475 217
480 213
485 241
490 228
495 254
500 257
505 262
510 238
515 242
520 252
525 281
530 255
535 291
540 296
545 270
550 309
555 313
560 332
565 314
570 351
575 328
580 333
585 316
590 344
595 350
600 356
605 362
610 367
615 333
620 338
625 386
630 391
635 398
640 403
645 411
650 416
655 422
660 428
665 435
670 502
675 506
680 411
685 459
690 467
695 473
700 481
705 487
710 529
715 500
720 508
725 529
730 535
735 542
740 550
745 689
750 563
755 556
760 564
765 571
770 753
775 585
780 594
785 600
790 607
795 613
800 550
805 630
810 637
815 830
820 654
825 736
830 669
835 769
840 688
845 693
850 699
855 861
860 945
865 744
870 753
875 864
880 790
885 785
890 851
895 819
900 827
905 952
910 846
915 854
920 1064
925 933
930 861
935 1133
940 900
945 908
950 959
955 932
960 938
965 1032
970 960
975 966
980 976
985 988
990 996
995 1006
1000 1023
1005 1090
1010 1039
1015 1047
1020 1067
1025 1072
1030 1086
1035 1087
1040 1097
1045 1142
1050 1120
1055 1175
1060 1140
1065 1149
1070 1169
1075 1173
1080 1154
1085 1219
1090 1240
1095 1214
1100 1225
1105 1235
1110 1195
1115 1263
1120 1270
1125 1278
1130 1290
1135 1334
1140 1314
1145 1432
1150 1338
1155 1446
1160 1359
1165 1443
1170 1382
1175 1534
1180 1406
1185 1485
1190 1464
1195 1457
1200 1464
1205 1465
1210 1475
1215 1518
1220 1562
1225 1514
1230 1682
1235 1540
1240 1559
1245 1692
1250 1603
1255 1673
1260 1627
1265 1614
1270 1653
1275 1642
1280 1696
1285 1671
1290 1694
1295 1804
1300 1656
1305 1661
1310 1836
1315 1801
1320 1758
1325 1830
1330 1817
1335 1809
1340 1827
1345 1822
1350 1926
1355 1854
1360 1865
1365 1878
1370 1892
1375 1906
1380 1933
1385 2122
1390 2119
1395 2115
1400 1985
1405 2004
1410 2007
1415 2041
1420 2028
1425 2044
1430 2059
1435 2075
1440 2110
1445 2101
1450 2190
1455 2185
1460 2170
1465 2203
1470 2263
1475 2299
1480 2394
1485 2233
1490 2317
1495 2272
1500 2344
1505 2273
1510 2433
1515 2438
1520 2225
1525 2360
1530 2375
1535 2295
1540 2356
1545 2400
1550 2509
1555 2447
1560 2495
1565 2481
1570 2470
1575 2486
1580 2583
1585 2519
1590 2531
1595 2550
1600 2564
1605 2580
1610 2596
1615 2612
1620 2676
1625 2645
1630 2628
1635 2758
1640 2731
1645 2703
1650 2749
1655 2958
1660 2997
1665 3041
1670 2838
1675 2823
1680 2832
1685 2938
1690 3044
1695 2966
1700 3033
1705 3021
1710 2926
1715 2943
1720 2963
1725 3139
1730 3003
1735 3017
1740 2919
1745 2962
1750 2906
1755 2975
1760 2935
1765 3023
1770 3004
1775 2986
1780 3294
1785 3045
1790 3039
1795 3125
1800 3146
1805 3170
1810 3102
1815 3155
1820 3138
1825 3387
1830 3245
1835 3263
1840 3242
1845 3296
1850 3806
1855 3486
1860 3404
1865 4075
1870 3460
1875 3508
1880 3702
1885 3460
1890 3510
1895 4026
1900 3607
1905 3587
1910 4104
1915 5620
1920 4185
1925 4720
1930 4630
1935 4824
1940 4494
1945 3868
1950 4013
1955 4515
1960 4004
1965 4491
1970 4163
1975 3992
1980 3914
1985 3928
1990 3979
1995 4089
2000 3990
