0 0
5 0
10 0
15 0
20 0
25 0
30 1
35 1
40 1
45 2
50 2
55 3
60 4
65 4
70 5
75 6
80 6
85 7
90 8
95 9
100 10
105 11
110 12
115 13
120 14
125 16
130 17
135 18
140 20
145 21
150 23
155 24
160 26
165 27
170 29
175 31
180 33
185 35
190 36
195 38
200 41
205 43
210 44
215 47
220 49
225 51
230 53
235 57
240 58
245 60
250 62
255 75
260 68
265 70
270 73
275 76
280 78
285 81
290 84
295 87
300 90
305 93
310 96
315 99
320 102
325 105
330 108
335 112
340 115
345 119
350 122
355 126
360 150
365 133
370 136
375 141
380 147
385 155
390 152
395 162
400 160
405 165
410 169
415 195
420 175
425 202
430 194
435 218
440 220
445 299
450 219
455 205
460 239
465 234
470 230
475 262
480 255
485 248
490 261
495 244
500 303
505 254
510 259
515 287
520 277
525 275
530 300
535 323
540 310
545 327
550 301
555 376
560 314
565 341
570 321
575 329
580 336
585 433
590 351
595 395
600 361
605 407
610 418
615 419
620 427
625 438
630 447
635 474
640 532
645 476
650 454
655 423
660 430
665 441
670 451
675 454
680 456
685 466
690 478
695 480
700 486
705 490
710 507
715 505
720 513
725 518
730 529
735 539
740 544
745 564
750 634
755 571
760 616
765 590
770 582
775 600
780 642
785 702
790 728
795 647
800 677
805 958
810 654
815 743
820 733
825 797
830 758
835 704
840 757
845 773
850 732
855 733
860 794
865 763
870 835
875 756
880 764
885 793
890 778
895 798
900 896
905 833
910 889
915 863
920 913
925 953
930 850
935 860
940 932
945 878
950 889
955 898
960 908
965 916
970 924
975 937
980 961
985 958
990 964
995 975
1000 991
1005 996
1010 1005
1015 1251
1020 1067
1025 1034
1030 1085
1035 1055
1040 1062
1045 1071
1050 1082
1055 1113
1060 1073
1065 1084
1070 1111
1075 1176
1080 1113
1085 1164
1090 1138
1095 1274
1100 1197
1105 1208
1110 1213
1115 1223
1120 1237
1125 1277
1130 1253
1135 1266
1140 1273
1145 1306
1150 1310
1155 1312
1160 1320
1165 1369
1170 1341
1175 1352
1180 1365
1185 1342
1190 1388
1195 1363
1200 1413
1205 1625
1210 1449
1215 1467
1220 1462
1225 1433
1230 1444
1235 1462
1240 1693
1245 1479
1250 1564
1255 1545
1260 1566
1265 1660
1270 1539
1275 1809
1280 1523
1285 1576
1290 1588
1295 1601
1300 1612
1305 1689
1310 1637
1315 1923
1320 1795
1325 1758
1330 1787
1335 1750
1340 1761
1345 1816
1350 1790
1355 1798
1360 1944
1365 1827
1370 1848
1375 1920
1380 2066
1385 1879
1390 1900
1395 2028
1400 1922
1405 1962
1410 1954
1415 2059
1420 1975
1425 1991
1430 2004
1435 2152
1440 2031
1445 2045
1450 2064
1455 2150
1460 2089
1465 2100
1470 2144
1475 2138
1480 2207
1485 2160
1490 2179
1495 2188
1500 2252
1505 2235
1510 2270
1515 2272
1520 2268
1525 2283
1530 2292
1535 2295
1540 2362
1545 2387
1550 2397
1555 2368
1560 2387
1565 2405
1570 2413
1575 2429
1580 2445
1585 2459
1590 2515
1595 2781
1600 2616
1605 2599
1610 2535
1615 2591
1620 2598
1625 2789
1630 2788
1635 2650
1640 2643
1645 2836
1650 2695
1655 2778
1660 2752
1665 2855
1670 2841
1675 2832
1680 2854
1685 2852
1690 2881
1695 2881
1700 2838
1705 2856
1710 2906
1715 2884
1720 2894
1725 2922
1730 2979
1735 2993
1740 3020
1745 3046
1750 3001
1755 3021
1760 3037
1765 3046
1770 3127
1775 3157
1780 3217
1785 3134
1790 3230
1795 3152
1800 3257
1805 3276
1810 3321
1815 3572
1820 3253
1825 3341
1830 3287
1835 3323
1840 3321
1845 3374
1850 3375
1855 3371
1860 3589
1865 3536
1870 3437
1875 3444
1880 3897
1885 3538
1890 3552
1895 3521
1900 3600
1905 3596
1910 3677
1915 3986
1920 3807
1925 3688
1930 3666
1935 3660
1940 3700
1945 3697
1950 3737
1955 3745
1960 3754
1965 3687
1970 4292
1975 3849
1980 3838
1985 3839
1990 3771
1995 3801
2000 3826
