0 0
5 0
10 0
15 0
20 1
25 1
30 1
35 2
40 2
45 3
50 3
55 4
60 5
65 6
70 6
75 8
80 8
85 9
90 10
95 12
100 12
105 14
110 14
115 16
120 17
125 19
130 20
135 21
140 23
145 25
150 27
155 28
160 29
165 32
170 33
175 35
180 35
185 39
190 41
195 43
200 45
205 47
210 49
215 48
220 53
225 109
230 110
235 96
240 63
245 65
250 68
255 71
260 73
265 76
270 73
275 101
280 84
285 110
290 90
295 147
300 96
305 99
310 102
315 105
320 108
325 111
330 114
335 111
340 115
345 125
350 129
355 134
360 140
365 144
370 148
375 172
380 184
385 159
390 163
395 176
400 190
405 178
410 180
415 221
420 189
425 212
430 206
435 201
440 206
445 211
450 216
455 232
460 225
465 231
470 234
475 241
480 247
485 249
490 247
495 273
500 263
505 270
510 283
515 280
520 296
525 324
530 334
535 311
540 334
545 312
550 319
555 323
560 374
565 355
570 403
575 358
580 431
585 404
590 398
595 371
600 377
605 382
610 390
615 397
620 401
625 408
630 439
635 423
640 427
645 433
650 438
655 407
660 452
665 459
670 469
675 475
680 479
685 511
690 493
695 501
700 507
705 515
710 508
715 529
720 535
725 545
730 552
735 561
740 592
745 601
750 598
755 588
760 594
765 604
770 611
775 618
780 625
785 659
790 642
795 639
800 657
805 665
810 673
815 680
820 692
825 732
830 708
835 715
840 722
845 664
850 739
855 770
860 758
865 768
870 774
875 783
880 807
885 781
890 1006
895 796
900 826
905 838
910 847
915 853
920 840
925 1049
930 897
935 867
940 920
945 886
950 897
955 905
960 890
965 971
970 908
975 991
980 953
985 981
990 1003
995 979
1000 990
1005 998
1010 1009
1015 1096
1020 1024
1025 1040
1030 1090
1035 1075
1040 1098
1045 1110
1050 1121
1055 1099
1060 1111
1065 1122
1070 1163
1075 1172
1080 1143
1085 1246
1090 1206
1095 1252
1100 1225
1105 1249
1110 1248
1115 1261
1120 1270
1125 1283
1130 1301
1135 1309
1140 1336
1145 1327
1150 1388
1155 1378
1160 1335
1165 1377
1170 1385
1175 1474
1180 1640
1185 1528
1190 1760
1195 1717
1200 1473
1205 1469
1210 1636
1215 1497
1220 1540
1225 1518
1230 1565
1235 1540
1240 1554
1245 1893
1250 1596
1255 1614
1260 1712
1265 1614
1270 1694
1275 1767
1280 1670
1285 1664
1290 1679
1295 1699
1300 1703
1305 1751
1310 1961
1315 2009
1320 1979
1325 2034
1330 1905
1335 1914
1340 1816
1345 1942
1350 1855
1355 2230
1360 2104
1365 2020
1370 1881
1375 2218
1380 2065
1385 2248
1390 2083
1395 2148
1400 2186
1405 2042
1410 2037
1415 2171
1420 2029
1425 2185
1430 2059
1435 2072
1440 2098
1445 2094
1450 2148
1455 2184
1460 2141
1465 2156
1470 2170
1475 2241
1480 2235
1485 2236
1490 2231
1495 2244
1500 2354
1505 2432
1510 2335
1515 2318
1520 2320
1525 2340
1530 2348
1535 2442
1540 2511
1545 2857
1550 2588
1555 2810
1560 2711
1565 2591
1570 2660
1575 2708
1580 2518
1585 2887
1590 2561
1595 2853
1600 2573
1605 2946
1610 2834
1615 2807
1620 2608
1625 2855
1630 2670
1635 2904
1640 2705
1645 2953
1650 2738
1655 3010
1660 2765
1665 2876
1670 2806
1675 2862
1680 2835
1685 2933
1690 2896
1695 2945
1700 2915
1705 2888
1710 2956
1715 2944
1720 2978
1725 3011
1730 2997
1735 3011
1740 3028
1745 3102
1750 3071
1755 3027
1760 3148
1765 3113
1770 3155
1775 3151
1780 3189
1785 3224
1790 3246
1795 3220
1800 3239
1805 3274
1810 3566
1815 3306
1820 3308
1825 3594
1830 3423
1835 3315
1840 3468
1845 3577
1850 3724
1855 3838
1860 3484
1865 3666
1870 3822
1875 3882
1880 4401
1885 4331
1890 4089
1895 3675
1900 3716
1905 3676
1910 4026
1915 3858
1920 3739
1925 3740
1930 3729
1935 3849
1940 4159
1945 3718
1950 3867
1955 3808
1960 3832
1965 3781
1970 3837
1975 3784
1980 3845
1985 3755
1990 3745
1995 3838
2000 3676
