0 0
5 0
10 0
15 0
20 0
25 0
30 1
35 1
40 2
45 2
50 3
55 3
60 4
65 4
70 5
75 6
80 7
85 8
90 8
95 9
100 10
105 12
110 13
115 14
120 15
125 16
130 18
135 19
140 20
145 22
150 23
155 25
160 26
165 28
170 30
175 31
180 33
185 35
190 37
195 39
200 41
205 42
210 45
215 47
220 49
225 58
230 54
235 56
240 59
245 61
250 64
255 66
260 69
265 71
270 74
275 77
280 79
285 82
290 91
295 88
300 91
305 96
310 97
315 100
320 105
325 107
330 110
335 113
340 116
345 119
350 123
355 127
360 130
365 134
370 139
375 148
380 147
385 149
390 153
395 157
400 173
405 164
410 168
415 173
420 177
425 180
430 184
435 189
440 208
445 198
450 202
455 206
460 211
465 216
470 221
475 227
480 230
485 243
490 233
495 238
500 243
505 296
510 275
515 265
520 295
525 267
530 272
535 278
540 282
545 305
550 301
555 306
560 313
565 317
570 322
575 328
580 334
585 339
590 346
595 351
600 358
605 392
610 369
615 376
620 382
625 394
630 394
635 467
640 461
645 413
650 431
655 442
660 445
665 442
670 495
675 452
680 458
685 488
690 471
695 478
700 486
705 503
710 498
715 542
720 514
725 528
730 590
735 549
740 606
745 621
750 563
755 569
760 577
765 584
770 594
775 596
780 603
785 612
790 621
795 628
800 638
805 647
810 651
815 658
820 667
825 667
830 683
835 688
840 696
845 718
850 720
855 725
860 747
865 744
870 748
875 758
880 764
885 776
890 789
895 790
900 799
905 807
910 820
915 824
920 853
925 844
930 864
935 890
940 868
945 930
950 901
955 908
960 909
965 920
970 929
975 937
980 948
985 956
990 965
995 975
1000 985
1005 1036
1010 1008
1015 1013
1020 1025
1025 1034
1030 1017
1035 1027
1040 1038
1045 1119
1050 1056
1055 1066
1060 1129
1065 1102
1070 1247
1075 1138
1080 1199
1085 1152
1090 1172
1095 1180
1100 1192
1105 1229
1110 1257
1115 1249
1120 1245
1125 1255
1130 1258
1135 1259
1140 1283
1145 1298
1150 1294
1155 1312
1160 1323
1165 1412
1170 1308
1175 1374
1180 1435
1185 1344
1190 1393
1195 1414
1200 1432
1205 1453
1210 1609
1215 1463
1220 1471
1225 1492
1230 1515
1235 1509
1240 1524
1245 1647
1250 1600
1255 1552
1260 1588
1265 1626
1270 1747
1275 1605
1280 1708
1285 1661
1290 1749
1295 1836
1300 1851
1305 1983
1310 1894
1315 1949
1320 1916
1325 1769
1330 1836
1335 1807
1340 1825
1345 1817
1350 1809
1355 1831
1360 1820
1365 2089
1370 1876
1375 1901
1380 1927
1385 1911
1390 1906
1395 2029
1400 1986
1405 1944
1410 2192
1415 1973
1420 2014
1425 2037
1430 2009
1435 2098
1440 2040
1445 2039
1450 2076
1455 2077
1460 2184
1465 2125
1470 2129
1475 2140
1480 2150
1485 2235
1490 2187
1495 2216
1500 2154
1505 2228
1510 2266
1515 2261
1520 2386
1525 2425
1530 2324
1535 2509
1540 2325
1545 2344
1550 2364
1555 2443
1560 2395
1565 2466
1570 2419
1575 2447
1580 2889
1585 2673
1590 2772
1595 2761
1600 2873
1605 3195
1610 2792
1615 2879
1620 2668
1625 2708
1630 2635
1635 2631
1640 2647
1645 2672
1650 2702
1655 2714
1660 2813
1665 2748
1670 2760
1675 2824
1680 2823
1685 2993
1690 2852
1695 2898
1700 2841
1705 3026
1710 2895
1715 3027
1720 2905
1725 2932
1730 2964
1735 2972
1740 2977
1745 3025
1750 3050
1755 3037
1760 3114
1765 3040
1770 3095
1775 3086
1780 3062
1785 3372
1790 3149
1795 3439
1800 3168
1805 3363
1810 3268
1815 3340
1820 3297
1825 3354
1830 3347
1835 3372
1840 3325
1845 3470
1850 3378
1855 3466
1860 3548
1865 3474
1870 3477
1875 3491
1880 3537
1885 3516
1890 3541
1895 3526
1900 3535
1905 3597
1910 3606
1915 3825
1920 3779
1925 3639
1930 3680
1935 3689
1940 3692
1945 3770
1950 3796
1955 3747
1960 3898
1965 3865
1970 3812
1975 3916
1980 3854
1985 3979
1990 3904
1995 3916
2000 4390
