0 0
5 0
10 0
15 0
20 0
25 1
30 1
35 2
40 2
45 3
50 3
55 4
60 5
65 5
70 6
75 7
80 8
85 9
90 10
95 11
100 12
105 14
110 15
115 16
120 17
125 19
130 20
135 21
140 23
145 24
150 26
155 28
160 30
165 32
170 32
175 33
180 37
185 39
190 41
195 43
200 45
205 47
210 49
215 51
220 53
225 53
230 56
235 61
240 63
245 65
250 69
255 70
260 69
265 72
270 79
275 81
280 85
285 87
290 87
295 93
300 97
305 99
310 103
315 103
320 109
325 112
330 116
335 119
340 122
345 173
350 128
355 129
360 124
365 136
370 140
375 144
380 147
385 151
390 208
395 180
400 162
405 158
410 171
415 175
420 179
425 240
430 188
435 191
440 181
445 285
450 206
455 214
460 218
465 223
470 262
475 266
480 236
485 225
490 246
495 306
500 259
505 279
510 325
515 292
520 287
525 294
530 296
535 339
540 309
545 295
550 321
555 328
560 332
565 336
570 343
575 348
580 371
585 368
590 365
595 369
600 378
605 382
610 389
615 412
620 401
625 503
630 413
635 419
640 425
645 432
650 439
655 445
660 452
665 490
670 467
675 472
680 479
685 486
690 493
695 504
700 512
705 513
710 521
715 528
720 542
725 529
730 535
735 542
740 549
745 556
750 598
755 570
760 578
765 587
770 594
775 601
780 592
785 600
790 684
795 678
800 624
805 648
810 638
815 718
820 654
825 719
830 668
835 714
840 723
845 693
850 736
855 764
860 724
865 780
870 754
875 868
880 770
885 779
890 787
895 798
900 785
905 904
910 925
915 924
920 840
925 887
930 858
935 868
940 965
945 864
950 873
955 909
960 914
965 924
970 933
975 956
980 928
985 993
990 946
995 955
1000 1022
1005 1089
1010 1009
1015 1175
1020 1107
1025 1115
1030 1194
1035 1173
1040 1152
1045 1192
1050 1198
1055 1131
1060 1145
1065 1155
1070 1162
1075 1178
1080 1185
1085 1196
1090 1203
1095 1201
1100 1230
1105 1243
1110 1183
1115 1193
1120 1239
1125 1212
1130 1261
1135 1309
1140 1279
1145 1290
1150 1654
1155 1362
1160 1362
1165 1374
1170 1453
1175 1399
1180 1432
1185 1346
1190 1433
1195 1476
1200 1457
1205 1482
1210 1520
1215 1521
1220 1611
1225 1626
1230 1531
1235 1543
1240 1575
1245 1572
1250 1605
1255 1751
1260 1605
1265 1620
1270 1640
1275 1643
1280 1687
1285 1672
1290 1701
1295 1694
1300 1702
1305 1778
1310 1731
1315 1799
1320 1755
1325 1803
1330 1782
1335 1810
1340 1886
1345 1828
1350 1863
1355 1929
1360 1864
1365 1904
1370 1953
1375 1913
1380 1944
1385 1982
1390 1943
1395 1971
1400 2031
1405 1985
1410 2008
1415 2012
1420 2026
1425 2158
1430 2068
1435 2096
1440 2315
1445 2127
1450 2120
1455 2125
1460 2156
1465 2294
1470 2173
1475 2183
1480 2365
1485 2155
1490 2440
1495 2277
1500 2379
1505 2355
1510 2291
1515 2314
1520 2329
1525 2419
1530 2393
1535 2389
1540 2387
1545 2396
1550 2380
1555 2425
1560 2514
1565 2458
1570 2487
1575 2486
1580 2584
1585 2521
1590 2563
1595 2567
1600 2611
1605 2587
1610 2522
1615 2695
1620 2634
1625 2709
1630 2665
1635 2731
1640 2699
1645 2935
1650 2738
1655 2907
1660 2761
1665 2821
1670 2821
1675 2873
1680 2758
1685 2897
1690 2862
1695 2934
1700 2889
1705 2904
1710 2952
1715 2931
1720 2986
1725 2983
1730 2997
1735 3010
1740 3038
1745 3045
1750 3091
1755 3079
1760 3156
1765 3118
1770 3142
1775 3261
1780 3167
1785 3505
1790 3243
1795 3296
1800 3631
1805 3177
1810 3460
1815 3312
1820 3386
1825 3432
1830 3352
1835 3404
1840 3417
1845 3230
1850 3438
1855 3449
1860 3517
1865 3501
1870 3474
1875 3702
1880 3676
1885 3219
1890 3588
1895 3604
1900 3604
1905 3791
1910 3639
1915 3686
1920 3729
1925 3627
1930 3750
1935 3902
1940 3790
1945 3792
1950 3841
1955 3843
1960 3840
1965 3917
1970 3881
1975 3902
1980 3913
1985 3981
1990 4019
1995 3979
2000 4084
