0 0
5 0
10 0
15 0
20 1
25 1
30 1
35 2
40 3
45 3
50 4
55 4
60 5
65 6
70 7
75 8
80 8
85 9
90 10
95 12
100 12
105 14
110 15
115 16
120 18
125 20
130 21
135 22
140 23
145 25
150 27
155 28
160 30
165 37
170 41
175 36
180 41
185 47
190 42
195 44
200 46
205 49
210 51
215 53
220 55
225 54
230 59
235 63
240 61
245 67
250 70
255 72
260 75
265 74
270 80
275 84
280 87
285 90
290 93
295 96
300 100
305 102
310 106
315 109
320 113
325 116
330 122
335 118
340 126
345 193
350 132
355 150
360 149
365 143
370 155
375 163
380 156
385 159
390 175
395 167
400 160
405 176
410 173
415 182
420 187
425 218
430 210
435 212
440 238
445 247
450 218
455 219
460 206
465 229
470 233
475 244
480 263
485 268
490 253
495 260
500 264
505 310
510 293
515 279
520 288
525 290
530 296
535 304
540 305
545 310
550 316
555 321
560 303
565 333
570 311
575 504
580 377
585 347
590 355
595 361
600 405
605 370
610 414
615 409
620 402
625 408
630 373
635 418
640 431
645 433
650 438
655 449
660 453
665 457
670 494
675 471
680 478
685 562
690 585
695 500
700 554
705 511
710 556
715 527
720 548
725 555
730 511
735 554
740 567
745 577
750 592
755 677
760 594
765 651
770 723
775 622
780 644
785 668
790 763
795 653
800 721
805 674
810 680
815 720
820 793
825 782
830 746
835 717
840 744
845 823
850 844
855 837
860 848
865 792
870 862
875 912
880 796
885 853
890 834
895 915
900 804
905 881
910 891
915 946
920 1033
925 1024
930 1023
935 899
940 937
945 912
950 928
955 955
960 972
965 992
970 1139
975 1161
980 1078
985 1071
990 1067
995 1009
1000 1147
1005 1029
1010 1081
1015 1103
1020 1100
1025 1114
1030 1132
1035 1010
1040 1101
1045 1107
1050 1353
1055 1101
1060 1194
1065 1195
1070 1200
1075 1171
1080 1180
1085 1191
1090 1206
1095 1329
1100 1229
1105 1266
1110 2092
1115 1522
1120 1423
1125 1504
1130 1320
1135 1365
1140 1321
1145 1414
1150 1344
1155 1573
1160 1396
1165 1571
1170 1500
1175 1397
1180 1428
1185 1440
1190 1374
1195 1460
1200 1424
1205 1467
1210 1503
1215 1595
1220 1507
1225 1549
1230 1538
1235 1597
1240 1586
1245 1575
1250 1608
1255 1590
1260 1613
1265 1627
1270 1653
1275 1787
1280 1957
1285 1770
1290 1703
1295 1690
1300 1702
1305 1843
1310 1736
1315 1745
1320 1768
1325 1853
1330 1768
1335 1857
1340 1808
1345 1819
1350 1853
1355 1846
1360 1860
1365 2112
1370 1887
1375 1901
1380 2040
1385 1940
1390 1983
1395 1957
1400 1986
1405 2000
1410 2004
1415 2025
1420 2089
1425 2112
1430 2032
1435 2074
1440 2210
1445 2155
1450 2367
1455 2132
1460 2212
1465 2240
1470 2227
1475 2186
1480 2204
1485 2417
1490 2253
1495 2388
1500 2454
1505 2288
1510 2299
1515 2299
1520 2334
1525 2350
1530 2424
1535 2698
1540 2486
1545 2572
1550 2441
1555 2435
1560 2442
1565 2406
1570 2564
1575 2631
1580 2545
1585 2523
1590 2604
1595 2561
1600 2732
1605 2665
1610 2620
1615 2662
1620 2830
1625 2710
1630 2815
1635 2725
1640 2800
1645 2764
1650 2667
1655 2805
1660 2839
1665 2864
1670 2854
1675 3112
1680 2986
1685 2890
1690 2878
1695 2885
1700 2980
1705 3066
1710 3002
1715 3069
1720 2963
1725 2983
1730 2994
1735 3012
1740 3201
1745 3090
1750 3127
1755 3185
1760 3151
1765 3162
1770 3169
1775 3328
1780 3225
1785 3194
1790 3546
1795 3235
1800 3493
1805 3344
1810 3387
1815 3577
1820 3448
1825 3699
1830 3356
1835 3951
1840 3742
1845 3499
1850 3350
1855 3744
1860 3763
1865 3536
1870 3937
1875 3522
1880 3626
1885 3820
1890 3584
1895 3830
1900 3803
1905 3624
1910 3726
1915 3710
1920 3695
1925 3868
1930 3891
1935 3933
1940 4008
1945 4405
1950 4294
1955 3996
1960 3846
1965 3917
1970 3965
1975 3896
1980 3970
1985 3937
1990 3990
1995 3967
2000 3998
