0 0
5 0
10 0
15 0
20 0
25 0
30 1
35 1
40 1
45 2
50 2
55 3
60 4
65 4
70 5
75 6
80 6
85 7
90 8
95 9
100 10
105 11
110 12
115 13
120 15
125 16
130 17
135 18
140 20
145 21
150 23
155 24
160 26
165 27
170 29
175 32
180 48
185 35
190 38
195 38
200 69
205 43
210 45
215 46
220 49
225 51
230 53
235 56
240 58
245 60
250 63
255 65
260 68
265 71
270 73
275 76
280 79
285 81
290 84
295 88
300 91
305 94
310 98
315 100
320 103
325 106
330 110
335 112
340 116
345 165
350 128
355 126
360 129
365 144
370 136
375 142
380 144
385 147
390 153
395 155
400 159
405 163
410 167
415 171
420 175
425 180
430 184
435 207
440 222
445 211
450 212
455 206
460 210
465 214
470 219
475 224
480 234
485 286
490 255
495 243
500 248
505 263
510 262
515 269
520 267
525 293
530 306
535 309
540 289
545 295
550 299
555 304
560 309
565 315
570 321
575 351
580 392
585 329
590 371
595 344
600 347
605 371
610 389
615 404
620 380
625 385
630 391
635 402
640 405
645 490
650 418
655 424
660 433
665 499
670 444
675 505
680 457
685 482
690 500
695 488
700 507
705 491
710 497
715 547
720 512
725 562
730 527
735 533
740 540
745 552
750 599
755 547
760 600
765 578
770 589
775 670
780 671
785 650
790 719
795 659
800 631
805 645
810 647
815 654
820 663
825 761
830 764
835 825
840 698
845 814
850 879
855 725
860 931
865 845
870 794
875 881
880 866
885 798
890 878
895 793
900 818
905 807
910 815
915 908
920 908
925 910
930 963
935 929
940 872
945 912
950 961
955 902
960 920
965 1010
970 934
975 1010
980 1016
985 979
990 978
995 1009
1000 985
1005 1028
1010 1004
1015 1023
1020 1022
1025 1123
1030 1122
1035 1125
1040 1114
1045 1081
1050 1082
1055 1125
1060 1073
1065 1212
1070 1270
1075 1326
1080 1150
1085 1155
1090 1170
1095 1177
1100 1198
1105 1208
1110 1315
1115 1626
1120 1431
1125 1352
1130 1428
1135 1315
1140 1294
1145 1300
1150 1460
1155 1441
1160 1466
1165 1575
1170 1498
1175 1373
1180 1375
1185 1422
1190 1400
1195 1412
1200 1414
1205 1464
1210 1632
1215 1506
1220 1542
1225 1552
1230 1488
1235 1503
1240 1701
1245 1614
1250 1603
1255 1547
1260 1568
1265 1575
1270 1757
1275 1662
1280 1861
1285 1915
1290 1679
1295 1643
1300 1662
1305 1674
1310 1750
1315 1713
1320 1802
1325 1814
1330 1757
1335 1756
1340 1797
1345 1776
1350 1789
1355 1853
1360 1813
1365 1825
1370 1840
1375 1876
1380 1881
1385 1882
1390 1946
1395 1954
1400 1943
1405 1938
1410 2035
1415 1965
1420 2024
1425 2076
1430 2156
1435 2174
1440 2032
1445 2047
1450 2190
1455 2265
1460 2110
1465 2125
1470 2125
1475 2174
1480 2237
1485 2172
1490 2413
1495 2259
1500 2387
1505 2259
1510 2285
1515 2370
1520 2272
1525 2287
1530 2296
1535 2321
1540 2449
1545 2374
1550 2526
1555 2438
1560 2513
1565 2464
1570 2432
1575 2527
1580 2457
1585 2463
1590 2586
1595 2497
1600 2494
1605 2632
1610 2539
1615 2565
1620 2599
1625 2663
1630 2733
1635 2641
1640 2657
1645 2692
1650 2692
1655 2684
1660 2703
1665 2791
1670 2737
1675 2778
1680 2935
1685 3034
1690 3005
1695 2850
1700 2986
1705 2890
1710 2947
1715 2902
1720 3516
1725 2948
1730 2934
1735 2975
1740 3242
1745 3112
1750 3015
1755 3057
1760 3127
1765 3053
1770 3200
1775 3157
1780 3124
1785 3124
1790 3482
1795 3212
1800 3282
1805 3598
1810 3213
1815 3338
1820 3326
1825 3269
1830 3280
1835 3378
1840 3467
1845 3421
1850 3720
1855 3487
1860 3668
1865 3567
1870 3516
1875 3541
1880 3693
1885 3597
1890 4154
1895 3563
1900 3577
1905 3657
1910 3728
1915 3594
1920 3638
1925 4170
1930 3764
1935 3821
1940 3761
1945 3869
1950 3852
1955 3992
1960 3864
1965 3861
1970 3840
1975 3845
1980 3928
1985 3856
1990 3945
1995 3891
2000 3969
