0 0
5 0
10 0
15 0
20 0
25 0
30 1
35 1
40 1
45 2
50 2
55 3
60 4
65 4
70 5
75 5
80 6
85 7
90 8
95 9
100 10
105 11
110 12
115 13
120 15
125 16
130 17
135 18
140 20
145 21
150 23
155 24
160 26
165 27
170 49
175 31
180 33
185 34
190 37
195 45
200 40
205 43
210 45
215 47
220 49
225 51
230 53
235 55
240 58
245 60
250 62
255 65
260 68
265 70
270 73
275 76
280 78
285 81
290 84
295 87
300 90
305 93
310 96
315 99
320 102
325 106
330 109
335 112
340 116
345 149
350 122
355 141
360 147
365 143
370 137
375 143
380 146
385 155
390 154
395 170
400 160
405 165
410 168
415 186
420 211
425 197
430 203
435 188
440 193
445 200
450 203
455 207
460 214
465 215
470 219
475 227
480 247
485 234
490 238
495 246
500 265
505 255
510 268
515 271
520 308
525 333
530 386
535 306
540 289
545 300
550 306
555 318
560 311
565 319
570 419
575 339
580 333
585 340
590 346
595 351
600 411
605 362
610 368
615 375
620 381
625 386
630 392
635 401
640 453
645 412
650 433
655 430
660 489
665 483
670 513
675 457
680 457
685 464
690 471
695 478
700 483
705 491
710 501
715 528
720 607
725 541
730 545
735 553
740 542
745 588
750 555
755 564
760 601
765 611
770 589
775 592
780 599
785 617
790 627
795 623
800 637
805 650
810 666
815 685
820 675
825 671
830 707
835 692
840 715
845 756
850 713
855 721
860 727
865 738
870 746
875 757
880 771
885 770
890 779
895 792
900 797
905 808
910 832
915 863
920 833
925 843
930 851
935 863
940 870
945 887
950 905
955 897
960 910
965 917
970 930
975 952
980 949
985 957
990 970
995 975
1000 991
1005 999
1010 1001
1015 1013
1020 1032
1025 1054
1030 1117
1035 1057
1040 1079
1045 1074
1050 1087
1055 1092
1060 1104
1065 1124
1070 1126
1075 1157
1080 1150
1085 1159
1090 1167
1095 1176
1100 1188
1105 1198
1110 1210
1115 1223
1120 1240
1125 1260
1130 1258
1135 1269
1140 1276
1145 1405
1150 1298
1155 1308
1160 1337
1165 1335
1170 1344
1175 1354
1180 1369
1185 1383
1190 1389
1195 1468
1200 1412
1205 1434
1210 1490
1215 1447
1220 1603
1225 1472
1230 1486
1235 1511
1240 1531
1245 1522
1250 1534
1255 1594
1260 1561
1265 1595
1270 1582
1275 1669
1280 1652
1285 1626
1290 1635
1295 1705
1300 1660
1305 1674
1310 1723
1315 1761
1320 1744
1325 1765
1330 1739
1335 1789
1340 1803
1345 1775
1350 1786
1355 1860
1360 1853
1365 1855
1370 1857
1375 1855
1380 1869
1385 1883
1390 1902
1395 1922
1400 1932
1405 1956
1410 1951
1415 2107
1420 1925
1425 1981
1430 1983
1435 2036
1440 2036
1445 2045
1450 2216
1455 2086
1460 2099
1465 2190
1470 2133
1475 2150
1480 2148
1485 2197
1490 2243
1495 2190
1500 2218
1505 2208
1510 2234
1515 2256
1520 2262
1525 2296
1530 2370
1535 2310
1540 2325
1545 2336
1550 2403
1555 2372
1560 2476
1565 2410
1570 2505
1575 2497
1580 2783
1585 2869
1590 2515
1595 2504
1600 2571
1605 2569
1610 2601
1615 2605
1620 2808
1625 2976
1630 2747
1635 2694
1640 2748
1645 2714
1650 2703
1655 2732
1660 2706
1665 2747
1670 2767
1675 2790
1680 2804
1685 2801
1690 2800
1695 2812
1700 2830
1705 2854
1710 2866
1715 3063
1720 2905
1725 2926
1730 3043
1735 2955
1740 2973
1745 3002
1750 2998
1755 3052
1760 3092
1765 3086
1770 3098
1775 3166
1780 3110
1785 3120
1790 3176
1795 3256
1800 3335
1805 3187
1810 3222
1815 3319
1820 3258
1825 3294
1830 3323
1835 3432
1840 3438
1845 3331
1850 3337
1855 3390
1860 3466
1865 3430
1870 3436
1875 3571
1880 3484
1885 3487
1890 3531
1895 3589
1900 3551
1905 3598
1910 3569
1915 3590
1920 3625
1925 3633
1930 3662
1935 3695
1940 3688
1945 3714
1950 3745
1955 3887
1960 3924
1965 4091
1970 4537
1975 4106
1980 3833
1985 4170
1990 3872
1995 4021
2000 3966
