0 0
5 0
10 0
15 0
20 0
25 0
30 1
35 1
40 1
45 2
50 2
55 3
60 4
65 4
70 5
75 6
80 6
85 7
90 8
95 9
100 10
105 11
110 14
115 22
120 61
125 18
130 18
135 18
140 28
145 21
150 22
155 24
160 26
165 28
170 29
175 31
180 33
185 35
190 37
195 38
200 40
205 42
210 44
215 47
220 49
225 51
230 53
235 55
240 58
245 60
250 63
255 65
260 67
265 70
270 73
275 76
280 79
285 81
290 84
295 87
300 90
305 93
310 96
315 99
320 102
325 106
330 108
335 128
340 124
345 119
350 122
355 126
360 164
365 133
370 136
375 141
380 159
385 148
390 160
395 156
400 159
405 177
410 167
415 175
420 175
425 212
430 192
435 188
440 194
445 196
450 202
455 206
460 210
465 214
470 220
475 224
480 229
485 278
490 246
495 248
500 278
505 253
510 257
515 262
520 268
525 272
530 371
535 284
540 288
545 294
550 300
555 304
560 310
565 316
570 323
575 327
580 334
585 341
590 347
595 359
600 381
605 362
610 401
615 386
620 378
625 406
630 393
635 398
640 404
645 410
650 418
655 426
660 431
665 436
670 443
675 450
680 455
685 463
690 470
695 477
700 516
705 490
710 496
715 504
720 512
725 519
730 527
735 532
740 540
745 546
750 560
755 562
760 570
765 577
770 585
775 592
780 598
785 607
790 615
795 622
800 631
805 644
810 646
815 656
820 663
825 671
830 678
835 706
840 703
845 703
850 712
855 731
860 737
865 735
870 745
875 753
880 774
885 774
890 783
895 790
900 802
905 845
910 815
915 825
920 861
925 842
930 852
935 860
940 868
945 882
950 887
955 899
960 905
965 908
970 929
975 934
980 946
985 953
990 963
995 996
1000 986
1005 991
1010 1031
1015 1015
1020 1071
1025 1038
1030 1045
1035 1053
1040 1067
1045 1073
1050 1081
1055 1098
1060 1101
1065 1128
1070 1143
1075 1134
1080 1148
1085 1153
1090 1168
1095 1217
1100 1190
1105 1226
1110 1305
1115 1255
1120 1231
1125 1256
1130 1252
1135 1268
1140 1276
1145 1292
1150 1305
1155 1386
1160 1323
1165 1332
1170 1341
1175 1356
1180 1365
1185 1406
1190 1387
1195 1398
1200 1444
1205 1465
1210 1437
1215 1530
1220 1466
1225 1480
1230 1489
1235 1514
1240 1514
1245 1520
1250 1600
1255 1546
1260 1562
1265 1577
1270 1583
1275 1903
1280 1605
1285 1631
1290 1646
1295 1643
1300 1771
1305 1658
1310 1695
1315 1819
1320 1925
1325 1734
1330 1827
1335 1814
1340 1806
1345 2169
1350 1846
1355 1920
1360 2157
1365 2255
1370 1919
1375 1939
1380 1971
1385 2001
1390 2049
1395 2061
1400 1999
1405 1942
1410 1957
1415 1974
1420 1982
1425 2043
1430 2033
1435 2021
1440 2030
1445 2048
1450 2083
1455 2089
1460 2111
1465 2153
1470 2124
1475 2131
1480 2162
1485 2172
1490 2197
1495 2210
1500 2215
1505 2224
1510 2252
1515 2291
1520 2296
1525 2304
1530 2319
1535 2423
1540 2561
1545 2432
1550 2381
1555 2379
1560 2577
1565 2405
1570 2425
1575 2434
1580 2459
1585 2477
1590 2510
1595 2558
1600 2648
1605 2676
1610 2665
1615 2661
1620 2765
1625 2640
1630 2736
1635 2777
1640 2896
1645 3180
1650 2785
1655 3134
1660 2710
1665 2922
1670 3389
1675 2870
1680 2938
1685 2784
1690 2873
1695 2834
1700 3426
1705 2954
1710 2865
1715 3427
1720 2892
1725 3142
1730 2936
1735 3027
1740 3121
1745 3108
1750 3414
1755 3043
1760 3405
1765 3085
1770 3237
1775 3111
1780 3102
1785 3074
1790 3054
1795 3066
1800 3147
1805 3660
1810 3565
1815 3371
1820 3273
1825 3451
1830 3375
1835 3379
1840 3348
1845 3348
1850 3358
1855 3385
1860 3486
1865 3409
1870 3691
1875 4067
1880 3905
1885 3519
1890 3749
1895 3851
1900 3565
1905 3694
1910 4315
1915 3721
1920 3967
1925 4003
1930 3721
1935 3726
1940 4181
1945 3889
1950 3748
1955 3793
1960 4022
1965 3825
1970 3825
1975 3982
1980 4192
1985 3910
1990 4064
1995 4510
2000 4184
