0 0
5 0
10 0
15 0
20 0
25 1
30 1
35 1
40 2
45 3
50 3
55 3
60 4
65 5
70 5
75 6
80 7
85 9
90 13
95 9
100 11
105 13
110 14
115 13
120 15
125 16
130 27
135 21
140 23
145 24
150 26
155 28
160 30
165 32
170 33
175 33
180 37
185 56
190 84
195 45
200 46
205 48
210 51
215 53
220 56
225 58
230 61
235 64
240 79
245 69
250 71
255 72
260 81
265 84
270 88
275 92
280 89
285 92
290 84
295 101
300 99
305 103
310 114
315 119
320 104
325 106
330 109
335 112
340 116
345 119
350 122
355 127
360 130
365 133
370 137
375 155
380 149
385 165
390 167
395 233
400 179
405 210
410 173
415 172
420 178
425 193
430 197
435 207
440 236
445 197
450 220
455 238
460 219
465 215
470 231
475 224
480 229
485 233
490 258
495 271
500 289
505 253
510 265
515 264
520 268
525 273
530 279
535 283
540 288
545 295
550 301
555 312
560 318
565 345
570 324
575 386
580 340
585 380
590 346
595 351
600 360
605 363
610 368
615 390
620 401
625 426
630 391
635 400
640 404
645 412
650 442
655 424
660 431
665 438
670 444
675 453
680 518
685 464
690 470
695 480
700 483
705 489
710 513
715 504
720 512
725 518
730 526
735 519
740 524
745 533
750 539
755 546
760 583
765 602
770 584
775 593
780 605
785 606
790 621
795 622
800 636
805 650
810 692
815 653
820 664
825 674
830 677
835 686
840 737
845 741
850 711
855 718
860 743
865 735
870 744
875 759
880 761
885 788
890 779
895 791
900 797
905 806
910 880
915 823
920 831
925 938
930 851
935 860
940 933
945 937
950 1070
955 996
960 906
965 913
970 925
975 937
980 1009
985 965
990 964
995 979
1000 1140
1005 1024
1010 1067
1015 1010
1020 1025
1025 1066
1030 1042
1035 1077
1040 1076
1045 1252
1050 1084
1055 1093
1060 1097
1065 1114
1070 1251
1075 1137
1080 1319
1085 1163
1090 1171
1095 1194
1100 1223
1105 1201
1110 1229
1115 1305
1120 1341
1125 1242
1130 1251
1135 1269
1140 1336
1145 1296
1150 1445
1155 1317
1160 1345
1165 1335
1170 1334
1175 1574
1180 1529
1185 1377
1190 1426
1195 1408
1200 1494
1205 1429
1210 1524
1215 1603
1220 1462
1225 1474
1230 1479
1235 1645
1240 1510
1245 1758
1250 1553
1255 1537
1260 1568
1265 1640
1270 1692
1275 1602
1280 1607
1285 1694
1290 1633
1295 1651
1300 1818
1305 1674
1310 1680
1315 1723
1320 1708
1325 1747
1330 1736
1335 1758
1340 1873
1345 1908
1350 1879
1355 1807
1360 1840
1365 1835
1370 1842
1375 2513
1380 1882
1385 1881
1390 1898
1395 2000
1400 1930
1405 2006
1410 1981
1415 2013
1420 1978
1425 1989
1430 2008
1435 2073
1440 2043
1445 2238
1450 2065
1455 2131
1460 2380
1465 2153
1470 2418
1475 2198
1480 2617
1485 2195
1490 2249
1495 2356
1500 2273
1505 2524
1510 2239
1515 2318
1520 2356
1525 2479
1530 2398
1535 2385
1540 2456
1545 2371
1550 2391
1555 2399
1560 2418
1565 2444
1570 2444
1575 2462
1580 2460
1585 2652
1590 2603
1595 2758
1600 2841
1605 2806
1610 2637
1615 2874
1620 2753
1625 2764
1630 2682
1635 2711
1640 2692
1645 2719
1650 2724
1655 2798
1660 2748
1665 3079
1670 3020
1675 3248
1680 2761
1685 2885
1690 2802
1695 2828
1700 2833
1705 2845
1710 2862
1715 2948
1720 2947
1725 3065
1730 3005
1735 2956
1740 2994
1745 3048
1750 3055
1755 3260
1760 3047
1765 3129
1770 3072
1775 3144
1780 3115
1785 3181
1790 3434
1795 3471
1800 3668
1805 3250
1810 3211
1815 3294
1820 3316
1825 3277
1830 3330
1835 3301
1840 3332
1845 3381
1850 3384
1855 3369
1860 3429
1865 3440
1870 3427
1875 3476
1880 3505
1885 3480
1890 3494
1895 3579
1900 3532
1905 3538
1910 3627
1915 3588
1920 3622
1925 3740
1930 3654
1935 3700
1940 3840
1945 3801
1950 3743
1955 3768
1960 3802
1965 3803
1970 3800
1975 4049
1980 3833
1985 4066
1990 3926
1995 3941
2000 3918
