0 0
5 0
10 0
15 0
20 0
25 0
30 1
35 1
40 1
45 2
50 2
55 3
60 4
65 4
70 5
75 6
80 6
85 7
90 8
95 9
100 12
105 15
110 12
115 14
120 17
125 18
130 18
135 18
140 21
145 21
150 23
155 24
160 26
165 28
170 29
175 31
180 33
185 35
190 37
195 38
200 41
205 42
210 44
215 47
220 50
225 53
230 58
235 60
240 58
245 60
250 63
255 65
260 68
265 71
270 78
275 92
280 86
285 98
290 84
295 87
300 89
305 93
310 96
315 100
320 103
325 105
330 111
335 113
340 118
345 134
350 130
355 144
360 149
365 133
370 139
375 142
380 144
385 150
390 164
395 155
400 160
405 163
410 167
415 171
420 176
425 180
430 185
435 188
440 193
445 196
450 201
455 206
460 213
465 215
470 219
475 224
480 230
485 238
490 242
495 243
500 258
505 253
510 258
515 263
520 268
525 276
530 277
535 282
540 289
545 295
550 300
555 305
560 312
565 317
570 322
575 328
580 338
585 339
590 345
595 352
600 356
605 361
610 367
615 384
620 378
625 386
630 393
635 398
640 404
645 427
650 444
655 423
660 431
665 440
670 443
675 462
680 459
685 463
690 496
695 477
700 483
705 514
710 498
715 504
720 511
725 519
730 524
735 532
740 539
745 547
750 553
755 628
760 570
765 576
770 584
775 591
780 602
785 607
790 615
795 625
800 789
805 676
810 647
815 655
820 710
825 671
830 679
835 687
840 852
845 704
850 712
855 735
860 729
865 737
870 747
875 781
880 760
885 771
890 816
895 789
900 796
905 806
910 840
915 824
920 832
925 842
930 850
935 860
940 909
945 876
950 885
955 896
960 906
965 914
970 925
975 937
980 945
985 956
990 972
995 981
1000 985
1005 1023
1010 1003
1015 1014
1020 1050
1025 1116
1030 1045
1035 1057
1040 1061
1045 1121
1050 1128
1055 1094
1060 1108
1065 1118
1070 1124
1075 1312
1080 1246
1085 1163
1090 1220
1095 1265
1100 1302
1105 1203
1110 1211
1115 1224
1120 1284
1125 1258
1130 1347
1135 1954
1140 1412
1145 1426
1150 1480
1155 1552
1160 1526
1165 1533
1170 1494
1175 1645
1180 1668
1185 1931
1190 1632
1195 1454
1200 1420
1205 1426
1210 1466
1215 1527
1220 1461
1225 1476
1230 1542
1235 1504
1240 1541
1245 1530
1250 1554
1255 1548
1260 1579
1265 1624
1270 1585
1275 1618
1280 1629
1285 1621
1290 1797
1295 1661
1300 1661
1305 1757
1310 1685
1315 1729
1320 1713
1325 1726
1330 1758
1335 2667
1340 1778
1345 1798
1350 1794
1355 1799
1360 1819
1365 1921
1370 1899
1375 1853
1380 1945
1385 1922
1390 1895
1395 2130
1400 1974
1405 1934
1410 1963
1415 2044
1420 2116
1425 2171
1430 2008
1435 2051
1440 2123
1445 2066
1450 2113
1455 2081
1460 2191
1465 2181
1470 2173
1475 2175
1480 2150
1485 2204
1490 2259
1495 2187
1500 2223
1505 2221
1510 2296
1515 2316
1520 2309
1525 2302
1530 2292
1535 2336
1540 2354
1545 2338
1550 2352
1555 2398
1560 2398
1565 2396
1570 2418
1575 2622
1580 2493
1585 2550
1590 2638
1595 2590
1600 3127
1605 2598
1610 2693
1615 2769
1620 2741
1625 2808
1630 2798
1635 2693
1640 2714
1645 2761
1650 2768
1655 2769
1660 2737
1665 2749
1670 2752
1675 2747
1680 2766
1685 2787
1690 2834
1695 2819
1700 2892
1705 2854
1710 2970
1715 2886
1720 3018
1725 2912
1730 3002
1735 2956
1740 3012
1745 2936
1750 3003
1755 3032
1760 2991
1765 3095
1770 3154
1775 3111
1780 3053
1785 3072
1790 3108
1795 3119
1800 3187
1805 3145
1810 3225
1815 3185
1820 3357
1825 3753
1830 3191
1835 3928
1840 3353
1845 3330
1850 3276
1855 3370
1860 3701
1865 3432
1870 3415
1875 3425
1880 3512
1885 3389
1890 3316
1895 3485
1900 3508
1905 3659
1910 3621
1915 3660
1920 3613
1925 3741
1930 3642
1935 3669
1940 3829
1945 3711
1950 3786
1955 3746
1960 3767
1965 3924
1970 3814
1975 3948
1980 3834
1985 3888
1990 3877
1995 4037
2000 3846
