0 0
5 0
10 0
15 0
20 0
25 0
30 1
35 1
40 1
45 2
50 2
55 3
60 3
65 4
70 5
75 6
80 6
85 7
90 8
95 9
100 10
105 11
110 12
115 13
120 15
125 16
130 17
135 18
140 20
145 21
150 23
155 24
160 26
165 28
170 29
175 31
180 32
185 35
190 36
195 39
200 40
205 43
210 44
215 47
220 49
225 58
230 53
235 55
240 58
245 60
250 72
255 65
260 68
265 70
270 73
275 75
280 79
285 81
290 84
295 87
300 93
305 94
310 96
315 99
320 102
325 105
330 109
335 112
340 115
345 119
350 122
355 125
360 129
365 133
370 139
375 144
380 144
385 147
390 151
395 156
400 160
405 163
410 167
415 170
420 175
425 179
430 184
435 188
440 192
445 197
450 201
455 205
460 210
465 214
470 219
475 224
480 228
485 233
490 232
495 236
500 241
505 246
510 283
515 262
520 261
525 302
530 273
535 276
540 281
545 309
550 299
555 305
560 310
565 316
570 321
575 326
580 333
585 338
590 344
595 359
600 355
605 363
610 368
615 374
620 379
625 393
630 391
635 420
640 469
645 411
650 419
655 424
660 431
665 440
670 459
675 449
680 456
685 464
690 469
695 476
700 483
705 490
710 498
715 504
720 511
725 521
730 603
735 606
740 607
745 594
750 556
755 564
760 572
765 580
770 589
775 594
780 603
785 607
790 615
795 623
800 632
805 639
810 648
815 656
820 663
825 671
830 682
835 688
840 694
845 702
850 713
855 720
860 728
865 739
870 748
875 759
880 763
885 783
890 783
895 788
900 797
905 808
910 814
915 823
920 834
925 842
930 856
935 863
940 873
945 883
950 892
955 908
960 913
965 916
970 924
975 934
980 945
985 954
990 961
995 975
1000 982
1005 992
1010 1004
1015 1012
1020 1023
1025 1032
1030 1015
1035 1095
1040 1034
1045 1042
1050 1053
1055 1064
1060 1104
1065 1123
1070 1339
1075 1199
1080 1146
1085 1148
1090 1165
1095 1171
1100 1187
1105 1222
1110 1209
1115 1237
1120 1280
1125 1254
1130 1255
1135 1268
1140 1275
1145 1339
1150 1306
1155 1308
1160 1323
1165 1328
1170 1383
1175 1348
1180 1589
1185 1379
1190 1393
1195 1409
1200 1422
1205 1439
1210 1604
1215 1545
1220 1469
1225 1476
1230 1563
1235 1501
1240 1515
1245 1627
1250 1539
1255 1559
1260 1571
1265 1689
1270 1750
1275 1625
1280 1629
1285 1672
1290 1673
1295 1829
1300 1899
1305 1993
1310 1960
1315 1841
1320 1889
1325 1943
1330 1882
1335 1924
1340 1817
1345 1778
1350 1790
1355 1938
1360 1924
1365 1901
1370 1869
1375 1894
1380 1898
1385 1884
1390 1944
1395 1974
1400 1961
1405 1950
1410 2047
1415 1971
1420 1981
1425 2030
1430 2010
1435 2024
1440 2034
1445 2049
1450 2137
1455 2074
1460 2123
1465 3335
1470 2137
1475 2180
1480 2149
1485 2171
1490 2173
1495 2192
1500 2661
1505 2238
1510 2336
1515 2313
1520 2274
1525 2337
1530 2312
1535 2487
1540 2320
1545 2378
1550 2370
1555 2399
1560 2431
1565 2401
1570 2414
1575 2427
1580 2660
1585 2939
1590 3146
1595 2949
1600 2583
1605 2608
1610 2847
1615 2743
1620 2611
1625 2928
1630 2636
1635 2618
1640 2698
1645 2695
1650 2728
1655 2750
1660 2718
1665 2727
1670 2750
1675 2747
1680 2797
1685 2781
1690 2844
1695 2819
1700 2839
1705 2851
1710 2881
1715 2959
1720 3102
1725 3099
1730 2972
1735 3065
1740 2964
1745 2983
1750 3213
1755 3053
1760 3075
1765 3047
1770 3159
1775 3083
1780 3248
1785 3087
1790 3135
1795 3274
1800 3083
1805 3499
1810 3220
1815 3280
1820 3377
1825 3397
1830 3386
1835 3347
1840 3328
1845 3445
1850 3364
1855 3417
1860 3392
1865 3429
1870 3539
1875 3452
1880 3459
1885 3785
1890 3565
1895 3521
1900 3519
1905 3514
1910 3600
1915 3847
1920 3792
1925 3631
1930 3839
1935 3692
1940 3683
1945 3793
1950 3739
1955 3740
1960 3862
1965 3845
1970 3858
1975 3906
1980 3874
1985 3895
1990 3885
1995 4033
2000 3930
