0 0
5 0
10 0
15 0
20 0
25 0
30 1
35 1
40 1
45 2
50 2
55 3
60 3
65 4
70 4
75 5
80 6
85 7
90 8
95 8
100 10
105 11
110 12
115 13
120 14
125 15
130 16
135 17
140 19
145 20
150 41
155 23
160 25
165 69
170 28
175 29
180 31
185 33
190 34
195 36
200 38
205 40
210 42
215 44
220 46
225 48
230 72
235 52
240 55
245 57
250 60
255 62
260 64
265 67
270 69
275 72
280 75
285 77
290 80
295 82
300 85
305 88
310 91
315 94
320 97
325 100
330 103
335 106
340 109
345 112
350 116
355 119
360 122
365 143
370 129
375 133
380 136
385 140
390 144
395 147
400 151
405 155
410 159
415 162
420 166
425 170
430 174
435 178
440 182
445 186
450 191
455 194
460 199
465 209
470 208
475 212
480 278
485 221
490 226
495 230
500 235
505 240
510 244
515 336
520 253
525 258
530 362
535 269
540 281
545 286
550 291
555 362
560 302
565 307
570 313
575 318
580 325
585 330
590 334
595 430
600 346
605 353
610 358
615 364
620 370
625 375
630 464
635 388
640 394
645 400
650 473
655 412
660 451
665 501
670 449
675 454
680 459
685 467
690 472
695 480
700 485
705 489
710 497
715 504
720 510
725 519
730 526
735 534
740 539
745 547
750 557
755 562
760 569
765 589
770 569
775 576
780 585
785 590
790 597
795 605
800 613
805 621
810 629
815 637
820 710
825 635
830 643
835 713
840 756
845 705
850 717
855 722
860 690
865 718
870 941
875 733
880 770
885 751
890 830
895 805
900 775
905 784
910 809
915 781
920 788
925 798
930 806
935 948
940 1040
945 1047
950 960
955 973
960 958
965 918
970 931
975 961
980 985
985 1013
990 967
995 971
1000 982
1005 992
1010 1008
1015 1071
1020 1022
1025 1032
1030 1039
1035 1052
1040 1062
1045 1043
1050 1093
1055 1100
1060 1074
1065 1120
1070 1127
1075 1102
1080 1225
1085 1266
1090 1170
1095 1183
1100 1187
1105 1207
1110 1210
1115 1222
1120 1232
1125 1255
1130 1265
1135 1269
1140 1299
1145 1287
1150 1300
1155 1333
1160 1342
1165 1332
1170 1345
1175 1364
1180 1411
1185 1379
1190 1390
1195 1544
1200 1414
1205 1422
1210 1426
1215 1446
1220 1666
1225 1606
1230 1498
1235 1510
1240 1521
1245 1534
1250 1531
1255 1543
1260 1560
1265 1569
1270 1583
1275 1594
1280 1607
1285 1622
1290 1633
1295 1645
1300 1752
1305 1669
1310 1682
1315 1697
1320 1708
1325 1722
1330 1733
1335 1755
1340 1997
1345 1787
1350 1819
1355 1818
1360 1824
1365 1840
1370 1933
1375 1876
1380 1911
1385 1987
1390 1860
1395 2180
1400 2348
1405 2056
1410 2202
1415 2039
1420 1984
1425 1989
1430 2005
1435 2065
1440 2031
1445 2047
1450 2007
1455 2110
1460 2089
1465 2198
1470 2173
1475 2151
1480 2387
1485 2102
1490 2172
1495 2199
1500 2210
1505 2392
1510 2278
1515 2261
1520 2267
1525 2306
1530 2295
1535 2318
1540 2529
1545 2690
1550 2454
1555 2612
1560 2485
1565 2422
1570 2442
1575 2437
1580 2464
1585 2488
1590 2477
1595 2489
1600 2506
1605 2534
1610 2579
1615 2655
1620 3016
1625 2619
1630 2718
1635 3144
1640 2795
1645 2677
1650 2672
1655 2829
1660 2709
1665 2759
1670 2744
1675 2755
1680 2767
1685 2782
1690 2831
1695 2821
1700 2834
1705 2877
1710 2871
1715 2974
1720 2998
1725 3004
1730 2948
1735 2943
1740 2887
1745 2902
1750 2991
1755 2941
1760 2946
1765 3513
1770 3274
1775 3050
1780 3098
1785 3118
1790 3409
1795 3600
1800 3667
1805 4003
1810 3609
1815 3690
1820 3650
1825 3761
1830 3602
1835 3465
1840 3700
1845 3466
1850 3376
1855 3543
1860 3433
1865 3443
1870 3422
1875 3443
1880 3691
1885 3485
1890 3519
1895 3646
1900 3549
1905 3576
1910 3985
1915 3863
1920 4028
1925 4475
1930 4232
1935 4291
1940 4498
1945 4328
1950 4151
1955 3883
1960 3979
1965 4041
1970 4189
1975 4539
1980 4308
1985 4059
1990 3919
1995 4025
2000 4147
