0 0
5 0
10 0
15 0
20 0
25 0
30 1
35 20
40 18
45 2
50 2
55 3
60 4
65 4
70 5
75 6
80 6
85 7
90 8
95 9
100 10
105 11
110 12
115 13
120 15
125 16
130 17
135 38
140 20
145 21
150 23
155 24
160 26
165 27
170 29
175 31
180 32
185 34
190 36
195 38
200 40
205 42
210 44
215 46
220 48
225 50
230 53
235 55
240 57
245 59
250 79
255 136
260 71
265 74
270 72
275 126
280 77
285 80
290 83
295 86
300 89
305 91
310 94
315 98
320 101
325 104
330 107
335 110
340 149
345 117
350 120
355 163
360 149
365 185
370 135
375 137
380 141
385 145
390 149
395 153
400 157
405 177
410 171
415 175
420 179
425 181
430 186
435 201
440 194
445 197
450 202
455 206
460 212
465 216
470 222
475 226
480 230
485 235
490 239
495 244
500 249
505 254
510 259
515 264
520 269
525 274
530 281
535 286
540 290
545 307
550 293
555 298
560 338
565 309
570 314
575 320
580 326
585 367
590 336
595 379
600 364
605 404
610 378
615 379
620 439
625 475
630 449
635 400
640 407
645 414
650 421
655 455
660 434
665 439
670 452
675 452
680 458
685 466
690 472
695 482
700 486
705 496
710 507
715 518
720 554
725 521
730 640
735 539
740 543
745 577
750 561
755 569
760 571
765 578
770 586
775 628
780 603
785 609
790 617
795 625
800 632
805 640
810 647
815 668
820 695
825 655
830 662
835 670
840 813
845 688
850 694
855 920
860 712
865 740
870 747
875 756
880 763
885 752
890 760
895 878
900 778
905 786
910 796
915 890
920 845
925 890
930 898
935 986
940 980
945 910
950 891
955 988
960 911
965 925
970 931
975 939
980 1060
985 959
990 969
995 976
1000 1013
1005 995
1010 1021
1015 1015
1020 1027
1025 1034
1030 1049
1035 1101
1040 1074
1045 1076
1050 1088
1055 1095
1060 1443
1065 1087
1070 1168
1075 1107
1080 1117
1085 1165
1090 1236
1095 1315
1100 1230
1105 1213
1110 1230
1115 1256
1120 1236
1125 1246
1130 1254
1135 1268
1140 1277
1145 1289
1150 1341
1155 1313
1160 1430
1165 1400
1170 1365
1175 1359
1180 1370
1185 1346
1190 1432
1195 1367
1200 1377
1205 1391
1210 1618
1215 1496
1220 1536
1225 1535
1230 1490
1235 1502
1240 1513
1245 1604
1250 1548
1255 1559
1260 1620
1265 1588
1270 1663
1275 1602
1280 1676
1285 1659
1290 1661
1295 1649
1300 1673
1305 1765
1310 1693
1315 1703
1320 1758
1325 1818
1330 1774
1335 1914
1340 1986
1345 2056
1350 1860
1355 1814
1360 1829
1365 1880
1370 1936
1375 1956
1380 1934
1385 1891
1390 1943
1395 1913
1400 1925
1405 2084
1410 2009
1415 1971
1420 1990
1425 2025
1430 2034
1435 2095
1440 2043
1445 2049
1450 2329
1455 2129
1460 2125
1465 2106
1470 2140
1475 2165
1480 2150
1485 2164
1490 2188
1495 2286
1500 2213
1505 2228
1510 2237
1515 2251
1520 2749
1525 2315
1530 2319
1535 2251
1540 2267
1545 2280
1550 2521
1555 2317
1560 2606
1565 2720
1570 2828
1575 2602
1580 2713
1585 2472
1590 2483
1595 2583
1600 2533
1605 2567
1610 2570
1615 2565
1620 2591
1625 2604
1630 2627
1635 2641
1640 2636
1645 2664
1650 2669
1655 2673
1660 2661
1665 2644
1670 2663
1675 2823
1680 2804
1685 2785
1690 2881
1695 2781
1700 2786
1705 2850
1710 2876
1715 2885
1720 3188
1725 2874
1730 2931
1735 2897
1740 2927
1745 2964
1750 2849
1755 2943
1760 2955
1765 3117
1770 3030
1775 3302
1780 3206
1785 3091
1790 3505
1795 3188
1800 3499
1805 3416
1810 3281
1815 3251
1820 3258
1825 3284
1830 3300
1835 3393
1840 3343
1845 3333
1850 3411
1855 3379
1860 3400
1865 3443
1870 3441
1875 3463
1880 3486
1885 3511
1890 3638
1895 3556
1900 3578
1905 3605
1910 3597
1915 3596
1920 3774
1925 3534
1930 3521
1935 3833
1940 3725
1945 3790
1950 3749
1955 3855
1960 3792
1965 3787
1970 3857
1975 3840
1980 3848
1985 3927
1990 3926
1995 4068
2000 4021
