0 0
5 0
10 0
15 0
20 0
25 0
30 1
35 1
40 1
45 2
50 2
55 3
60 4
65 4
70 5
75 6
80 6
85 7
90 8
95 9
100 10
105 11
110 12
115 13
120 14
125 16
130 17
135 18
140 20
145 21
150 23
155 24
160 26
165 27
170 29
175 31
180 33
185 36
190 36
195 38
200 40
205 42
210 44
215 47
220 60
225 51
230 53
235 69
240 58
245 60
250 79
255 65
260 68
265 72
270 73
275 76
280 79
285 82
290 85
295 88
300 134
305 93
310 96
315 99
320 103
325 105
330 109
335 112
340 117
345 118
350 122
355 126
360 128
365 133
370 136
375 140
380 144
385 147
390 151
395 155
400 159
405 163
410 167
415 171
420 175
425 180
430 184
435 192
440 193
445 228
450 202
455 205
460 210
465 215
470 218
475 223
480 231
485 235
490 252
495 242
500 247
505 252
510 257
515 263
520 267
525 273
530 279
535 283
540 289
545 294
550 323
555 327
560 310
565 316
570 319
575 327
580 334
585 346
590 344
595 349
600 357
605 362
610 368
615 374
620 379
625 433
630 391
635 398
640 406
645 445
650 431
655 459
660 432
665 438
670 444
675 449
680 457
685 464
690 469
695 476
700 483
705 492
710 499
715 549
720 532
725 519
730 525
735 533
740 554
745 547
750 554
755 562
760 683
765 576
770 587
775 591
780 601
785 606
790 616
795 647
800 634
805 658
810 646
815 654
820 662
825 670
830 678
835 685
840 697
845 702
850 711
855 719
860 740
865 737
870 745
875 758
880 842
885 775
890 780
895 817
900 796
905 806
910 816
915 825
920 834
925 848
930 850
935 866
940 918
945 879
950 887
955 896
960 906
965 915
970 901
975 911
980 1024
985 987
990 991
995 972
1000 989
1005 997
1010 1002
1015 1012
1020 1026
1025 1144
1030 1092
1035 1079
1040 1064
1045 1096
1050 1086
1055 1124
1060 1141
1065 1121
1070 1123
1075 1142
1080 1153
1085 1184
1090 1173
1095 1248
1100 1188
1105 1198
1110 1207
1115 1298
1120 1245
1125 1244
1130 1254
1135 1318
1140 1335
1145 1291
1150 1297
1155 1313
1160 1520
1165 1382
1170 1483
1175 1401
1180 1429
1185 1537
1190 1518
1195 1793
1200 1429
1205 1466
1210 1468
1215 1603
1220 1548
1225 1471
1230 1489
1235 1685
1240 1507
1245 1598
1250 1537
1255 1545
1260 1555
1265 1582
1270 1627
1275 1592
1280 1669
1285 1641
1290 1621
1295 1770
1300 1868
1305 1670
1310 1783
1315 1893
1320 1801
1325 1751
1330 2054
1335 1787
1340 1812
1345 2020
1350 1816
1355 1934
1360 2067
1365 1890
1370 1960
1375 1950
1380 1885
1385 2046
1390 1970
1395 1914
1400 2163
1405 1953
1410 1991
1415 2164
1420 1991
1425 2135
1430 2094
1435 2071
1440 2244
1445 2089
1450 2120
1455 2155
1460 2117
1465 2426
1470 2123
1475 2418
1480 2395
1485 2215
1490 2309
1495 2265
1500 2554
1505 2224
1510 2250
1515 2548
1520 2280
1525 2537
1530 2300
1535 2362
1540 2596
1545 2484
1550 2511
1555 2489
1560 2611
1565 2417
1570 2514
1575 2428
1580 3012
1585 2582
1590 2804
1595 2496
1600 2718
1605 2559
1610 2729
1615 2598
1620 2633
1625 2591
1630 2642
1635 2671
1640 2667
1645 2682
1650 2684
1655 2691
1660 2744
1665 2927
1670 2769
1675 2804
1680 2927
1685 2881
1690 2837
1695 2855
1700 2826
1705 2867
1710 2924
1715 2909
1720 2902
1725 2923
1730 2941
1735 2974
1740 2986
1745 3108
1750 3026
1755 3010
1760 3033
1765 3045
1770 3103
1775 3142
1780 3124
1785 3150
1790 3126
1795 3107
1800 3175
1805 3231
1810 3261
1815 3229
1820 3225
1825 3318
1830 3574
1835 3698
1840 3428
1845 3345
1850 3381
1855 3493
1860 3394
1865 3629
1870 3464
1875 3457
1880 3564
1885 3509
1890 3511
1895 3574
1900 3540
1905 3491
1910 3920
1915 3589
1920 3709
1925 3685
1930 3748
1935 3743
1940 3722
1945 3727
1950 3886
1955 3762
1960 3815
1965 3804
1970 3819
1975 3863
1980 3864
1985 3889
1990 3927
1995 3888
2000 3806
