0 0
5 0
10 0
15 0
20 0
25 1
30 1
35 1
40 2
45 2
50 3
55 4
60 4
65 5
70 6
75 7
80 8
85 9
90 10
95 11
100 12
105 32
110 23
115 15
120 17
125 18
130 20
135 22
140 23
145 25
150 27
155 28
160 32
165 32
170 34
175 36
180 38
185 40
190 66
195 46
200 40
205 44
210 49
215 51
220 54
225 54
230 58
235 60
240 69
245 66
250 63
255 70
260 72
265 97
270 73
275 76
280 78
285 81
290 84
295 87
300 90
305 94
310 97
315 100
320 103
325 106
330 109
335 115
340 116
345 119
350 122
355 126
360 129
365 133
370 137
375 140
380 144
385 151
390 152
395 156
400 162
405 167
410 169
415 174
420 176
425 209
430 218
435 189
440 194
445 199
450 206
455 226
460 230
465 215
470 219
475 224
480 250
485 233
490 238
495 243
500 247
505 253
510 260
515 263
520 272
525 277
530 343
535 283
540 288
545 295
550 300
555 305
560 311
565 316
570 324
575 349
580 333
585 338
590 344
595 352
600 362
605 376
610 375
615 379
620 380
625 386
630 391
635 413
640 416
645 411
650 416
655 423
660 431
665 444
670 570
675 465
680 455
685 480
690 470
695 477
700 483
705 491
710 497
715 506
720 534
725 623
730 526
735 534
740 539
745 546
750 555
755 564
760 576
765 601
770 641
775 598
780 599
785 611
790 629
795 625
800 632
805 638
810 684
815 709
820 726
825 709
830 677
835 686
840 693
845 724
850 743
855 721
860 728
865 736
870 749
875 756
880 768
885 817
890 778
895 794
900 796
905 807
910 814
915 826
920 902
925 847
930 850
935 859
940 870
945 884
950 898
955 909
960 949
965 917
970 923
975 935
980 943
985 978
990 964
995 969
1000 984
1005 996
1010 1012
1015 1015
1020 1025
1025 1032
1030 1106
1035 1053
1040 1063
1045 1099
1050 1082
1055 1153
1060 1102
1065 1112
1070 1125
1075 1138
1080 1145
1085 1168
1090 1246
1095 1178
1100 1186
1105 1228
1110 1207
1115 1219
1120 1233
1125 1249
1130 1252
1135 1283
1140 1284
1145 1353
1150 1297
1155 1339
1160 1319
1165 1363
1170 1351
1175 1430
1180 1394
1185 1379
1190 1426
1195 1406
1200 1418
1205 1452
1210 1659
1215 1452
1220 1507
1225 1493
1230 1531
1235 1519
1240 1543
1245 1649
1250 1548
1255 1545
1260 1574
1265 1706
1270 1633
1275 1626
1280 1635
1285 1641
1290 1684
1295 1766
1300 1659
1305 1676
1310 1963
1315 1710
1320 1730
1325 1980
1330 2033
1335 1961
1340 2005
1345 2005
1350 2150
1355 1831
1360 2118
1365 1861
1370 1900
1375 1954
1380 1895
1385 1885
1390 1915
1395 1911
1400 1957
1405 1933
1410 1951
1415 1975
1420 1978
1425 1999
1430 2092
1435 2038
1440 2034
1445 2049
1450 2063
1455 2081
1460 2106
1465 2102
1470 2172
1475 2170
1480 2148
1485 2160
1490 2174
1495 2217
1500 2205
1505 2218
1510 2233
1515 2249
1520 2267
1525 2290
1530 2314
1535 2307
1540 2320
1545 2319
1550 2358
1555 2375
1560 2386
1565 2443
1570 2451
1575 2522
1580 2557
1585 2612
1590 2493
1595 2511
1600 2617
1605 2553
1610 2564
1615 2570
1620 2583
1625 2598
1630 2603
1635 2662
1640 3161
1645 3461
1650 2806
1655 3302
1660 3276
1665 3184
1670 3207
1675 3120
1680 3043
1685 3157
1690 3329
1695 3201
1700 3183
1705 3029
1710 3217
1715 3066
1720 2908
1725 3086
1730 2990
1735 3062
1740 3234
1745 3449
1750 3351
1755 3258
1760 3422
1765 3505
1770 3526
1775 3143
1780 3130
1785 3146
1790 3120
1795 3072
1800 3090
1805 3247
1810 3705
1815 3266
1820 3347
1825 3402
1830 3579
1835 3559
1840 3388
1845 3525
1850 3402
1855 3367
1860 3389
1865 3469
1870 3422
1875 3483
1880 3478
1885 3495
1890 3610
1895 3514
1900 3519
1905 3740
1910 3600
1915 3607
1920 4152
1925 3807
1930 4034
1935 3844
1940 3894
1945 3774
1950 3755
1955 3794
1960 3740
1965 3825
1970 4034
1975 4266
1980 3833
1985 3930
1990 3988
1995 4498
2000 3930
