0 0
5 0
10 0
15 0
20 0
25 1
30 1
35 2
40 2
45 2
50 3
55 4
60 4
65 5
70 6
75 7
80 7
85 9
90 10
95 11
100 12
105 14
110 14
115 16
120 17
125 18
130 19
135 18
140 20
145 21
150 26
155 27
160 29
165 30
170 29
175 34
180 38
185 35
190 36
195 38
200 41
205 42
210 45
215 47
220 51
225 51
230 65
235 76
240 71
245 69
250 67
255 65
260 85
265 84
270 73
275 76
280 90
285 93
290 84
295 113
300 103
305 104
310 96
315 104
320 120
325 129
330 124
335 122
340 151
345 134
350 136
355 134
360 138
365 147
370 156
375 141
380 144
385 171
390 151
395 156
400 158
405 178
410 185
415 171
420 175
425 193
430 200
435 209
440 208
445 200
450 229
455 236
460 211
465 225
470 221
475 227
480 286
485 247
490 266
495 277
500 282
505 254
510 290
515 323
520 274
525 290
530 311
535 289
540 333
545 311
550 300
555 317
560 387
565 331
570 313
575 338
580 358
585 329
590 444
595 341
600 346
605 387
610 401
615 396
620 392
625 386
630 398
635 449
640 394
645 400
650 561
655 428
660 439
665 438
670 445
675 454
680 465
685 466
690 470
695 497
700 484
705 523
710 497
715 504
720 511
725 519
730 531
735 537
740 587
745 555
750 555
755 562
760 572
765 576
770 585
775 687
780 600
785 614
790 685
795 622
800 632
805 669
810 648
815 656
820 671
825 675
830 704
835 703
840 709
845 709
850 765
855 760
860 742
865 778
870 753
875 827
880 815
885 779
890 790
895 900
900 831
905 808
910 820
915 832
920 835
925 878
930 856
935 908
940 873
945 883
950 902
955 959
960 1004
965 922
970 932
975 952
980 965
985 1062
990 970
995 975
1000 982
1005 994
1010 1032
1015 1025
1020 1023
1025 1065
1030 1044
1035 1083
1040 1080
1045 1074
1050 1083
1055 1097
1060 1120
1065 1143
1070 1127
1075 1142
1080 1147
1085 1249
1090 1166
1095 1243
1100 1189
1105 1222
1110 1362
1115 1252
1120 1234
1125 1256
1130 1477
1135 1264
1140 1279
1145 1290
1150 1456
1155 1386
1160 1352
1165 1415
1170 1348
1175 1428
1180 1365
1185 1378
1190 1470
1195 1404
1200 1413
1205 1424
1210 1461
1215 1519
1220 1458
1225 1508
1230 1475
1235 1499
1240 1550
1245 1613
1250 1560
1255 1546
1260 1561
1265 1526
1270 1542
1275 1552
1280 1742
1285 1709
1290 1590
1295 1605
1300 1709
1305 1672
1310 1685
1315 1825
1320 1763
1325 1731
1330 1878
1335 1750
1340 1769
1345 1829
1350 1786
1355 1866
1360 1865
1365 1889
1370 1846
1375 1869
1380 1897
1385 1887
1390 1898
1395 1908
1400 1996
1405 1949
1410 1949
1415 2106
1420 2058
1425 2008
1430 2076
1435 2022
1440 2108
1445 2054
1450 2064
1455 2208
1460 2140
1465 2183
1470 2127
1475 2142
1480 2304
1485 2163
1490 2215
1495 2250
1500 2234
1505 2342
1510 2232
1515 2311
1520 2377
1525 2281
1530 2292
1535 2314
1540 2362
1545 2458
1550 2430
1555 2408
1560 2384
1565 2403
1570 2414
1575 2456
1580 2483
1585 2613
1590 2477
1595 2590
1600 2537
1605 2541
1610 2593
1615 2558
1620 2607
1625 2597
1630 2639
1635 2645
1640 2717
1645 2653
1650 2776
1655 2685
1660 2778
1665 2739
1670 2779
1675 2757
1680 2794
1685 2787
1690 3158
1695 3212
1700 2845
1705 2942
1710 2913
1715 2962
1720 3549
1725 2916
1730 2976
1735 2943
1740 2970
1745 2980
1750 3007
1755 3022
1760 3061
1765 3082
1770 3106
1775 3135
1780 3098
1785 3122
1790 3141
1795 3222
1800 3215
1805 3189
1810 3312
1815 3233
1820 3343
1825 3309
1830 3277
1835 3374
1840 3361
1845 3363
1850 3414
1855 3398
1860 3473
1865 3430
1870 3451
1875 3450
1880 3464
1885 3877
1890 3545
1895 3518
1900 3817
1905 3686
1910 3529
1915 3681
1920 3655
1925 3850
1930 3745
1935 3811
1940 3833
1945 3754
1950 3780
1955 3873
1960 3827
1965 3868
1970 3852
1975 3828
1980 3901
1985 3877
1990 4239
1995 4140
2000 4205
