0 0
5 0
10 0
15 1
20 1
25 1
30 2
35 3
40 4
45 5
50 6
55 7
60 8
65 10
70 11
75 13
80 15
85 16
90 18
95 20
100 22
105 25
110 27
115 30
120 32
125 35
130 38
135 41
140 44
145 47
150 50
155 53
160 57
165 60
170 64
175 58
180 61
185 64
190 68
195 71
200 75
205 79
210 82
215 87
220 90
225 94
230 98
235 102
240 108
245 112
250 192
255 121
260 126
265 131
270 136
275 145
280 112
285 116
290 122
295 124
300 128
305 133
310 137
315 142
320 146
325 151
330 156
335 162
340 165
345 169
350 175
355 180
360 184
365 158
370 163
375 167
380 171
385 176
390 181
395 186
400 189
405 195
410 200
415 204
420 210
425 214
430 220
435 226
440 258
445 227
450 214
455 217
460 222
465 226
470 231
475 237
480 241
485 246
490 252
495 256
500 261
505 267
510 272
515 278
520 282
525 288
530 293
535 311
540 281
545 347
550 291
555 297
560 302
565 307
570 313
575 319
580 323
585 330
590 358
595 432
600 356
605 362
610 368
615 374
620 369
625 376
630 384
635 390
640 394
645 399
650 406
655 413
660 477
665 424
670 431
675 438
680 480
685 450
690 457
695 486
700 509
705 476
710 528
715 491
720 498
725 505
730 512
735 609
740 539
745 546
750 553
755 561
760 569
765 591
770 568
775 576
780 584
785 591
790 599
795 590
800 598
805 604
810 613
815 620
820 628
825 636
830 752
835 650
840 659
845 665
850 675
855 683
860 690
865 771
870 720
875 814
880 723
885 731
890 796
895 747
900 754
905 764
910 1003
915 800
920 809
925 818
930 827
935 837
940 846
945 935
950 864
955 871
960 881
965 889
970 877
975 1001
980 895
985 904
990 913
995 922
1000 936
1005 942
1010 952
1015 959
1020 970
1025 1016
1030 989
1035 997
1040 1007
1045 1018
1050 1027
1055 1036
1060 1051
1065 1130
1070 1094
1075 1104
1080 1177
1085 1125
1090 1171
1095 1167
1100 1156
1105 1201
1110 1147
1115 1264
1120 1226
1125 1253
1130 1218
1135 1231
1140 1278
1145 1351
1150 1273
1155 1274
1160 1284
1165 1691
1170 1306
1175 1318
1180 1336
1185 1668
1190 1388
1195 1398
1200 1378
1205 1501
1210 1399
1215 1409
1220 1420
1225 1432
1230 1553
1235 1463
1240 1918
1245 1520
1250 1531
1255 1538
1260 1575
1265 1561
1270 1539
1275 1879
1280 1565
1285 1576
1290 1588
1295 1637
1300 1655
1305 1625
1310 1637
1315 1608
1320 1618
1325 1633
1330 1665
1335 1742
1340 1912
1345 1783
1350 1792
1355 1804
1360 1816
1365 1830
1370 1840
1375 1860
1380 1870
1385 1890
1390 1896
1395 1914
1400 1924
1405 1940
1410 1959
1415 2154
1420 2218
1425 2245
1430 2140
1435 2044
1440 2136
1445 2056
1450 2100
1455 2070
1460 2087
1465 2105
1470 2119
1475 2139
1480 2087
1485 2102
1490 2134
1495 2194
1500 2090
1505 2104
1510 2172
1515 2133
1520 2239
1525 2157
1530 2295
1535 2265
1540 2203
1545 2219
1550 2337
1555 2452
1560 2260
1565 2292
1570 2289
1575 2420
1580 2319
1585 2333
1590 2347
1595 2364
1600 2377
1605 2578
1610 2443
1615 2424
1620 2437
1625 2547
1630 2587
1635 2748
1640 2635
1645 2652
1650 2665
1655 2684
1660 2697
1665 2719
1670 2732
1675 3360
1680 2795
1685 2789
1690 2798
1695 2846
1700 2881
1705 2849
1710 2868
1715 2877
1720 2905
1725 2917
1730 2930
1735 2948
1740 2970
1745 2980
1750 3000
1755 3016
1760 3044
1765 3048
1770 2983
1775 2927
1780 2943
1785 3029
1790 3008
1795 3345
1800 3231
1805 3411
1810 3231
1815 3262
1820 3165
1825 3168
1830 3194
1835 3242
1840 3210
1845 3368
1850 3257
1855 3192
1860 3211
1865 3227
1870 3351
1875 3346
1880 3276
1885 3445
1890 3315
1895 3440
1900 3422
1905 3402
1910 3586
1915 3538
1920 3499
1925 3439
1930 3492
1935 3476
1940 3529
1945 3507
1950 3597
1955 3806
1960 4020
1965 3823
1970 3810
1975 3861
1980 3956
1985 3899
1990 3928
1995 3957
2000 4074
