0 0
5 0
10 0
15 0
20 0
25 0
30 1
35 1
40 1
45 2
50 2
55 3
60 4
65 4
70 5
75 6
80 6
85 7
90 8
95 9
100 10
105 11
110 12
115 15
120 17
125 16
130 17
135 18
140 20
145 21
150 20
155 24
160 26
165 27
170 28
175 31
180 33
185 35
190 37
195 38
200 41
205 42
210 45
215 46
220 49
225 51
230 53
235 57
240 58
245 60
250 63
255 65
260 68
265 70
270 73
275 76
280 79
285 82
290 85
295 115
300 90
305 94
310 117
315 99
320 103
325 106
330 118
335 112
340 133
345 119
350 129
355 127
360 130
365 132
370 137
375 139
380 144
385 147
390 151
395 155
400 160
405 163
410 167
415 171
420 175
425 179
430 183
435 187
440 192
445 196
450 201
455 205
460 211
465 215
470 221
475 223
480 228
485 254
490 238
495 243
500 247
505 253
510 257
515 262
520 267
525 298
530 278
535 285
540 289
545 294
550 299
555 305
560 310
565 323
570 343
575 326
580 332
585 352
590 345
595 349
600 356
605 361
610 367
615 374
620 379
625 385
630 391
635 398
640 406
645 410
650 417
655 485
660 429
665 436
670 443
675 450
680 457
685 500
690 470
695 478
700 485
705 490
710 496
715 504
720 511
725 517
730 527
735 534
740 540
745 548
750 557
755 562
760 570
765 576
770 585
775 591
780 599
785 607
790 632
795 624
800 664
805 733
810 655
815 653
820 663
825 710
830 683
835 688
840 694
845 702
850 712
855 721
860 729
865 736
870 749
875 805
880 847
885 770
890 780
895 826
900 828
905 823
910 847
915 833
920 833
925 840
930 849
935 860
940 946
945 892
950 886
955 915
960 908
965 916
970 1008
975 940
980 989
985 955
990 963
995 974
1000 994
1005 1043
1010 1003
1015 1017
1020 1023
1025 1111
1030 1065
1035 1052
1040 1106
1045 1073
1050 1152
1055 1103
1060 1103
1065 1289
1070 1192
1075 1250
1080 1180
1085 1297
1090 1133
1095 1271
1100 1366
1105 1263
1110 1213
1115 1397
1120 1250
1125 1254
1130 1333
1135 1327
1140 1287
1145 1287
1150 1298
1155 1311
1160 1326
1165 1330
1170 1343
1175 1355
1180 1371
1185 1375
1190 1394
1195 1434
1200 1438
1205 1431
1210 1471
1215 1515
1220 1559
1225 1483
1230 1483
1235 1502
1240 1511
1245 1519
1250 1552
1255 1595
1260 1589
1265 1566
1270 1586
1275 1595
1280 1608
1285 1654
1290 1718
1295 1672
1300 1700
1305 1693
1310 1705
1315 1700
1320 1717
1325 1722
1330 1735
1335 1785
1340 1792
1345 1793
1350 1842
1355 1881
1360 1817
1365 1851
1370 1937
1375 1860
1380 1950
1385 1949
1390 1900
1395 2016
1400 1926
1405 1943
1410 2032
1415 1963
1420 2051
1425 2116
1430 2023
1435 2083
1440 2303
1445 2239
1450 2365
1455 2189
1460 2169
1465 2116
1470 2133
1475 2168
1480 2155
1485 2179
1490 2177
1495 2508
1500 2239
1505 2264
1510 2248
1515 2255
1520 2338
1525 2306
1530 2299
1535 2370
1540 2320
1545 2342
1550 2381
1555 2418
1560 2392
1565 2448
1570 2485
1575 2466
1580 2441
1585 2472
1590 2656
1595 2750
1600 2623
1605 3034
1610 2998
1615 2850
1620 2665
1625 2662
1630 2603
1635 2617
1640 2846
1645 2691
1650 2967
1655 2764
1660 2772
1665 2754
1670 2737
1675 2751
1680 2819
1685 2784
1690 2806
1695 2813
1700 2868
1705 2887
1710 2877
1715 2926
1720 2902
1725 3079
1730 2940
1735 3009
1740 2977
1745 2984
1750 3018
1755 3042
1760 3098
1765 3120
1770 3182
1775 3230
1780 3180
1785 3117
1790 3148
1795 3199
1800 3227
1805 3266
1810 3256
1815 3217
1820 3313
1825 3272
1830 3306
1835 3241
1840 3343
1845 3442
1850 3350
1855 3430
1860 3384
1865 3401
1870 3475
1875 3465
1880 3584
1885 3581
1890 3496
1895 3511
1900 3831
1905 3569
1910 3593
1915 3672
1920 3604
1925 3570
1930 3833
1935 3667
1940 3738
1945 3807
1950 3757
1955 3775
1960 3899
1965 3884
1970 3812
1975 3860
1980 3941
1985 3954
1990 3969
1995 4062
2000 4322
