0 0
5 0
10 0
15 0
20 0
25 0
30 1
35 1
40 2
45 2
50 2
55 3
60 4
65 4
70 5
75 6
80 7
85 7
90 25
95 9
100 10
105 11
110 12
115 13
120 14
125 16
130 17
135 18
140 20
145 21
150 23
155 24
160 26
165 27
170 29
175 31
180 33
185 34
190 36
195 38
200 40
205 42
210 44
215 46
220 48
225 50
230 52
235 55
240 57
245 59
250 62
255 78
260 65
265 68
270 70
275 73
280 75
285 78
290 100
295 84
300 86
305 89
310 92
315 95
320 98
325 155
330 104
335 107
340 110
345 113
350 117
355 160
360 127
365 162
370 131
375 216
380 159
385 143
390 153
395 168
400 193
405 160
410 219
415 177
420 179
425 181
430 186
435 184
440 189
445 237
450 203
455 269
460 220
465 210
470 221
475 225
480 230
485 235
490 251
495 245
500 250
505 255
510 260
515 264
520 298
525 274
530 282
535 286
540 296
545 296
550 346
555 308
560 313
565 319
570 322
575 329
580 334
585 341
590 644
595 365
600 357
605 373
610 370
615 375
620 383
625 389
630 404
635 402
640 416
645 413
650 421
655 426
660 432
665 439
670 453
675 453
680 469
685 465
690 471
695 482
700 486
705 493
710 500
715 506
720 513
725 535
730 528
735 535
740 541
745 549
750 556
755 563
760 571
765 583
770 644
775 642
780 605
785 610
790 616
795 625
800 635
805 670
810 647
815 658
820 668
825 675
830 684
835 690
840 696
845 732
850 808
855 719
860 730
865 721
870 727
875 735
880 744
885 772
890 761
895 905
900 829
905 951
910 775
915 805
920 858
925 821
930 868
935 864
940 870
945 880
950 882
955 875
960 883
965 979
970 944
975 913
980 961
985 930
990 917
995 979
1000 1086
1005 944
1010 1037
1015 1037
1020 974
1025 981
1030 990
1035 1000
1040 1046
1045 1020
1050 1028
1055 1038
1060 1049
1065 1095
1070 1069
1075 1078
1080 1235
1085 1209
1090 1137
1095 1148
1100 1373
1105 1219
1110 1332
1115 1252
1120 1238
1125 1300
1130 1317
1135 1267
1140 1282
1145 1291
1150 1332
1155 1346
1160 1346
1165 1353
1170 1369
1175 1433
1180 1363
1185 1381
1190 1426
1195 1411
1200 1416
1205 1456
1210 1486
1215 1455
1220 1464
1225 1477
1230 1533
1235 1505
1240 1511
1245 1529
1250 1537
1255 1550
1260 1551
1265 1616
1270 1593
1275 1614
1280 1658
1285 1622
1290 1636
1295 1649
1300 1724
1305 1672
1310 1675
1315 1721
1320 1741
1325 1735
1330 1908
1335 1754
1340 1763
1345 1777
1350 2093
1355 1825
1360 1817
1365 1888
1370 1842
1375 1868
1380 1927
1385 1954
1390 1951
1395 1915
1400 1987
1405 1983
1410 1967
1415 1972
1420 2226
1425 2012
1430 2075
1435 2035
1440 2082
1445 2086
1450 2081
1455 2128
1460 2104
1465 2116
1470 2237
1475 2149
1480 2227
1485 2168
1490 2201
1495 2219
1500 2216
1505 2280
1510 2257
1515 2280
1520 2353
1525 2285
1530 2352
1535 2320
1540 2453
1545 2368
1550 2398
1555 2384
1560 2529
1565 2427
1570 2456
1575 2438
1580 2456
1585 2544
1590 2485
1595 2799
1600 2610
1605 2629
1610 2599
1615 2659
1620 2586
1625 2653
1630 2606
1635 2652
1640 2638
1645 2673
1650 2680
1655 2687
1660 2716
1665 2721
1670 2752
1675 2761
1680 2775
1685 2818
1690 2967
1695 2860
1700 2832
1705 2895
1710 2872
1715 2947
1720 3076
1725 3071
1730 2939
1735 3225
1740 3223
1745 3361
1750 3576
1755 3485
1760 3461
1765 3467
1770 3503
1775 3463
1780 3507
1785 3845
1790 3248
1795 3171
1800 3177
1805 3230
1810 3208
1815 3225
1820 3199
1825 3323
1830 3312
1835 3165
1840 3232
1845 3405
1850 3480
1855 3393
1860 3393
1865 3319
1870 3416
1875 3516
1880 3850
1885 3542
1890 3501
1895 3486
1900 3427
1905 3480
1910 3545
1915 3479
1920 3589
1925 3614
1930 3500
1935 3574
1940 3690
1945 3551
1950 3627
1955 3711
1960 3642
1965 4154
1970 3936
1975 3834
1980 3818
1985 3886
1990 3820
1995 3889
2000 3832
