0 0
5 0
10 0
15 0
20 0
25 0
30 1
35 1
40 2
45 2
50 3
55 3
60 4
65 4
70 5
75 6
80 7
85 8
90 8
95 9
100 11
105 11
110 13
115 14
120 15
125 16
130 18
135 19
140 20
145 22
150 23
155 25
160 26
165 28
170 30
175 32
180 33
185 35
190 37
195 39
200 41
205 43
210 45
215 47
220 50
225 52
230 54
235 56
240 59
245 61
250 64
255 66
260 69
265 71
270 74
275 104
280 78
285 84
290 119
295 91
300 89
305 91
310 94
315 97
320 101
325 104
330 107
335 110
340 113
345 117
350 120
355 159
360 125
365 178
370 155
375 181
380 174
385 187
390 153
395 200
400 166
405 189
410 193
415 226
420 230
425 184
430 221
435 217
440 202
445 206
450 230
455 242
460 248
465 234
470 226
475 223
480 230
485 236
490 237
495 244
500 264
505 254
510 265
515 264
520 271
525 285
530 280
535 285
540 292
545 297
550 301
555 308
560 312
565 318
570 323
575 329
580 334
585 340
590 345
595 352
600 357
605 365
610 369
615 376
620 381
625 388
630 394
635 400
640 406
645 412
650 419
655 425
660 432
665 439
670 448
675 468
680 458
685 464
690 471
695 466
700 474
705 479
710 531
715 492
720 499
725 677
730 513
735 519
740 530
745 553
750 542
755 548
760 556
765 563
770 596
775 754
780 648
785 610
790 617
795 624
800 634
805 640
810 631
815 743
820 682
825 735
830 765
835 706
840 714
845 722
850 889
855 718
860 760
865 739
870 748
875 757
880 766
885 773
890 785
895 794
900 802
905 818
910 816
915 826
920 872
925 843
930 856
935 867
940 872
945 880
950 903
955 903
960 946
965 913
970 930
975 946
980 991
985 957
990 973
995 992
1000 988
1005 1011
1010 1033
1015 1019
1020 1040
1025 1045
1030 1044
1035 1058
1040 1064
1045 1074
1050 1084
1055 1100
1060 1113
1065 1118
1070 1127
1075 1167
1080 1117
1085 1168
1090 1139
1095 1149
1100 1159
1105 1300
1110 1150
1115 1160
1120 1207
1125 1182
1130 1266
1135 1234
1140 1244
1145 1324
1150 1414
1155 1376
1160 1334
1165 1405
1170 1368
1175 1387
1180 1373
1185 1412
1190 1411
1195 1412
1200 1423
1205 1432
1210 1449
1215 1454
1220 1472
1225 1491
1230 1545
1235 1538
1240 1537
1245 1563
1250 1540
1255 1586
1260 1659
1265 1826
1270 1664
1275 1662
1280 1616
1285 2180
1290 1846
1295 1864
1300 1852
1305 1796
1310 1877
1315 1898
1320 1903
1325 1930
1330 1772
1335 1815
1340 1766
1345 1809
1350 1861
1355 1966
1360 1825
1365 1849
1370 1847
1375 1961
1380 1871
1385 1874
1390 1927
1395 2194
1400 1985
1405 1942
1410 1957
1415 1975
1420 1988
1425 2000
1430 2008
1435 2024
1440 2158
1445 2055
1450 2075
1455 2084
1460 2123
1465 2122
1470 2135
1475 2137
1480 2176
1485 2197
1490 2246
1495 2198
1500 2247
1505 2223
1510 2238
1515 2241
1520 2264
1525 2412
1530 2239
1535 2493
1540 2270
1545 2335
1550 2363
1555 2375
1560 2392
1565 2501
1570 2695
1575 2434
1580 2418
1585 2401
1590 2413
1595 2421
1600 2480
1605 2880
1610 2558
1615 2560
1620 2601
1625 2588
1630 2608
1635 2629
1640 2637
1645 2884
1650 2675
1655 2761
1660 2560
1665 2906
1670 2932
1675 3086
1680 2769
1685 2995
1690 2723
1695 3005
1700 2993
1705 3022
1710 2978
1715 2920
1720 2902
1725 2917
1730 2933
1735 2968
1740 2971
1745 3119
1750 3003
1755 3087
1760 3135
1765 3063
1770 3079
1775 3099
1780 3115
1785 3138
1790 3149
1795 3158
1800 3192
1805 3235
1810 3291
1815 3297
1820 3275
1825 3272
1830 3281
1835 3241
1840 3574
1845 3378
1850 3265
1855 3282
1860 3574
1865 3685
1870 3429
1875 3450
1880 3636
1885 3430
1890 3420
1895 3719
1900 3942
1905 3654
1910 3644
1915 4043
1920 3636
1925 3692
1930 3673
1935 3671
1940 3719
1945 3708
1950 3691
1955 4004
1960 3662
1965 3724
1970 3777
1975 3757
1980 3772
1985 4042
1990 3910
1995 3900
2000 3859
