0 0
5 0
10 0
15 0
20 0
25 0
30 1
35 1
40 2
45 2
50 3
55 3
60 4
65 4
70 5
75 6
80 7
85 7
90 9
95 9
100 10
105 12
110 13
115 14
120 15
125 16
130 18
135 19
140 20
145 22
150 23
155 25
160 26
165 28
170 30
175 32
180 33
185 35
190 37
195 39
200 41
205 43
210 45
215 47
220 50
225 52
230 54
235 59
240 59
245 62
250 64
255 66
260 69
265 71
270 75
275 78
280 80
285 83
290 86
295 89
300 92
305 94
310 122
315 100
320 104
325 107
330 110
335 113
340 116
345 120
350 123
355 127
360 129
365 134
370 138
375 141
380 145
385 149
390 153
395 156
400 161
405 164
410 168
415 173
420 176
425 181
430 185
435 189
440 193
445 198
450 203
455 207
460 211
465 217
470 222
475 253
480 230
485 234
490 239
495 248
500 288
505 251
510 259
515 264
520 269
525 275
530 280
535 285
540 290
545 295
550 301
555 317
560 326
565 311
570 446
575 320
580 326
585 331
590 468
595 343
600 407
605 363
610 368
615 375
620 381
625 387
630 393
635 402
640 426
645 425
650 408
655 504
660 491
665 494
670 499
675 455
680 457
685 464
690 474
695 482
700 481
705 493
710 524
715 506
720 513
725 572
730 531
735 537
740 546
745 552
750 556
755 564
760 608
765 579
770 586
775 596
780 630
785 613
790 648
795 628
800 632
805 694
810 709
815 672
820 677
825 675
830 680
835 714
840 716
845 708
850 713
855 722
860 730
865 771
870 782
875 760
880 818
885 773
890 783
895 789
900 801
905 845
910 829
915 824
920 838
925 844
930 852
935 894
940 877
945 889
950 891
955 899
960 909
965 986
970 928
975 943
980 948
985 986
990 1043
995 1004
1000 991
1005 994
1010 1006
1015 1015
1020 1132
1025 1042
1030 1044
1035 1057
1040 1065
1045 1097
1050 1088
1055 1094
1060 1113
1065 1117
1070 1150
1075 1152
1080 1147
1085 1158
1090 1174
1095 1201
1100 1196
1105 1211
1110 1258
1115 1286
1120 1354
1125 1290
1130 1360
1135 1489
1140 1327
1145 1299
1150 1366
1155 1473
1160 1344
1165 1380
1170 1349
1175 1715
1180 1425
1185 1373
1190 1422
1195 1434
1200 1429
1205 1500
1210 1611
1215 1651
1220 1479
1225 1477
1230 1560
1235 1505
1240 1655
1245 1544
1250 1550
1255 1548
1260 1562
1265 1652
1270 1593
1275 1640
1280 1625
1285 1679
1290 1640
1295 1663
1300 1670
1305 1676
1310 1691
1315 1744
1320 1712
1325 1756
1330 1799
1335 1756
1340 1791
1345 1779
1350 1791
1355 1837
1360 1879
1365 1832
1370 1890
1375 1908
1380 1870
1385 1964
1390 1935
1395 1961
1400 1932
1405 2071
1410 1941
1415 1987
1420 1989
1425 2052
1430 2185
1435 2032
1440 2045
1445 2088
1450 2076
1455 2090
1460 2099
1465 2148
1470 2266
1475 2228
1480 2256
1485 2188
1490 2209
1495 2408
1500 2289
1505 2329
1510 2324
1515 2254
1520 2240
1525 2287
1530 2528
1535 2328
1540 2458
1545 2445
1550 2428
1555 2429
1560 2390
1565 2421
1570 2507
1575 2491
1580 2451
1585 2682
1590 2486
1595 2749
1600 2521
1605 2707
1610 2548
1615 2572
1620 2639
1625 2611
1630 2656
1635 2684
1640 2672
1645 3040
1650 2871
1655 2888
1660 2715
1665 2829
1670 2736
1675 2823
1680 2787
1685 2878
1690 2902
1695 2838
1700 2873
1705 2946
1710 2944
1715 2925
1720 2918
1725 3011
1730 2982
1735 2976
1740 3043
1745 3042
1750 3027
1755 3094
1760 3083
1765 3079
1770 3105
1775 3149
1780 3144
1785 3190
1790 3156
1795 3195
1800 3186
1805 3219
1810 3445
1815 3237
1820 3278
1825 3276
1830 3322
1835 3483
1840 3320
1845 3391
1850 3404
1855 3389
1860 3415
1865 3471
1870 3758
1875 3480
1880 3490
1885 3560
1890 3614
1895 3568
1900 3562
1905 3590
1910 3637
1915 3676
1920 3694
1925 3733
1930 3689
1935 3781
1940 3729
1945 3713
1950 3843
1955 3754
1960 3793
1965 3857
1970 3834
1975 3873
1980 3868
1985 3987
1990 3899
1995 3960
2000 3963
