0 0
5 0
10 0
15 1
20 1
25 1
30 2
35 3
40 4
45 5
50 6
55 7
60 9
65 10
70 12
75 13
80 15
85 17
90 19
95 21
100 23
105 26
110 65
115 31
120 34
125 36
130 39
135 42
140 45
145 48
150 51
155 54
160 58
165 61
170 65
175 59
180 62
185 65
190 69
195 73
200 76
205 80
210 84
215 88
220 92
225 96
230 100
235 105
240 109
245 113
250 121
255 123
260 128
265 132
270 137
275 109
280 113
285 117
290 121
295 125
300 130
305 134
310 138
315 153
320 147
325 152
330 157
335 162
340 196
345 171
350 188
355 181
360 179
365 160
370 164
375 169
380 173
385 178
390 182
395 187
400 192
405 196
410 202
415 206
420 211
425 216
430 221
435 226
440 231
445 209
450 214
455 219
460 223
465 228
470 233
475 238
480 243
485 249
490 253
495 259
500 263
505 268
510 274
515 280
520 285
525 290
530 296
535 279
540 282
545 288
550 293
555 298
560 303
565 309
570 314
575 320
580 325
585 331
590 563
595 502
600 358
605 363
610 369
615 382
620 371
625 377
630 383
635 389
640 434
645 402
650 408
655 414
660 420
665 427
670 433
675 439
680 446
685 453
690 458
695 519
700 472
705 479
710 486
715 536
720 499
725 659
730 513
735 543
740 542
745 548
750 556
755 563
760 570
765 563
770 570
775 578
780 621
785 593
790 603
795 592
800 601
805 680
810 687
815 622
820 629
825 638
830 645
835 652
840 660
845 668
850 677
855 685
860 691
865 701
870 709
875 778
880 719
885 732
890 741
895 749
900 757
905 766
910 930
915 804
920 812
925 820
930 828
935 839
940 933
945 860
950 866
955 869
960 884
965 893
970 880
975 927
980 899
985 906
990 916
995 925
1000 934
1005 944
1010 954
1015 963
1020 973
1025 982
1030 1063
1035 1000
1040 1010
1045 1021
1050 1100
1055 1112
1060 1049
1065 1061
1070 1098
1075 1107
1080 1118
1085 1128
1090 1139
1095 1168
1100 1160
1105 1194
1110 1222
1115 1282
1120 1230
1125 1223
1130 1222
1135 1233
1140 1306
1145 1707
1150 1265
1155 1278
1160 1289
1165 1429
1170 1312
1175 1472
1180 1333
1185 1391
1190 1394
1195 1406
1200 1450
1205 1412
1210 1437
1215 1448
1220 1736
1225 1437
1230 1487
1235 1460
1240 1558
1245 1524
1250 1548
1255 1628
1260 1556
1265 1532
1270 1544
1275 1711
1280 1569
1285 1578
1290 2051
1295 1651
1300 1661
1305 1664
1310 1645
1315 1612
1320 1698
1325 1635
1330 1867
1335 1850
1340 1796
1345 1778
1350 1798
1355 1816
1360 1824
1365 1846
1370 1847
1375 1861
1380 1881
1385 1915
1390 1901
1395 1918
1400 1928
1405 1943
1410 1969
1415 2186
1420 2266
1425 2281
1430 2027
1435 2049
1440 2121
1445 2055
1450 2078
1455 2078
1460 2090
1465 2106
1470 2119
1475 2137
1480 2128
1485 2094
1490 2166
1495 2080
1500 2129
1505 2110
1510 2234
1515 2134
1520 2257
1525 2199
1530 2186
1535 2195
1540 2205
1545 2222
1550 2369
1555 2252
1560 2340
1565 2351
1570 2366
1575 2308
1580 2357
1585 2530
1590 2424
1595 2404
1600 2494
1605 2433
1610 2448
1615 2426
1620 2443
1625 2459
1630 2508
1635 3133
1640 2638
1645 2668
1650 3002
1655 2688
1660 2700
1665 2728
1670 2805
1675 3039
1680 2776
1685 2836
1690 2807
1695 2824
1700 2846
1705 2854
1710 2867
1715 2883
1720 2909
1725 2917
1730 2933
1735 2964
1740 2971
1745 2999
1750 3003
1755 3251
1760 3035
1765 3053
1770 2988
1775 2967
1780 2948
1785 2996
1790 2978
1795 3195
1800 3098
1805 3195
1810 3160
1815 3144
1820 3242
1825 3134
1830 3208
1835 3133
1840 3146
1845 3352
1850 3283
1855 3235
1860 3363
1865 3307
1870 3337
1875 3336
1880 3275
1885 3292
1890 3355
1895 3339
1900 3356
1905 3371
1910 3430
1915 3380
1920 3597
1925 3478
1930 3498
1935 3514
1940 3570
1945 3589
1950 3675
1955 3926
1960 3933
1965 3806
1970 3818
1975 3834
1980 4128
1985 3918
1990 3902
1995 3957
2000 3940
