0 0
5 0
10 0
15 0
20 0
25 0
30 1
35 1
40 1
45 2
50 3
55 3
60 4
65 4
70 5
75 6
80 6
85 7
90 8
95 9
100 10
105 19
110 12
115 14
120 15
125 16
130 17
135 19
140 20
145 21
150 23
155 27
160 26
165 28
170 44
175 34
180 33
185 35
190 36
195 48
200 40
205 42
210 44
215 56
220 65
225 95
230 53
235 100
240 90
245 86
250 64
255 72
260 69
265 92
270 80
275 95
280 79
285 99
290 94
295 94
300 90
305 99
310 96
315 100
320 106
325 106
330 109
335 111
340 115
345 119
350 154
355 139
360 145
365 136
370 147
375 140
380 152
385 161
390 153
395 162
400 160
405 164
410 168
415 171
420 183
425 214
430 185
435 188
440 193
445 197
450 201
455 211
460 221
465 215
470 223
475 225
480 252
485 235
490 238
495 267
500 248
505 253
510 263
515 264
520 269
525 272
530 279
535 328
540 302
545 296
550 325
555 309
560 357
565 317
570 416
575 333
580 333
585 339
590 344
595 352
600 355
605 361
610 396
615 389
620 381
625 423
630 392
635 429
640 486
645 410
650 416
655 423
660 444
665 437
670 528
675 450
680 459
685 502
690 470
695 510
700 492
705 490
710 499
715 515
720 512
725 608
730 528
735 585
740 541
745 611
750 554
755 562
760 569
765 576
770 604
775 1145
780 729
785 612
790 704
795 622
800 630
805 651
810 669
815 662
820 684
825 671
830 723
835 687
840 694
845 704
850 710
855 727
860 763
865 789
870 744
875 755
880 761
885 771
890 786
895 802
900 916
905 805
910 815
915 836
920 837
925 933
930 850
935 861
940 868
945 900
950 893
955 972
960 923
965 915
970 924
975 937
980 945
985 1094
990 968
995 971
1000 1042
1005 1010
1010 1076
1015 1097
1020 1033
1025 1117
1030 1041
1035 1066
1040 1151
1045 1071
1050 1201
1055 1094
1060 1142
1065 1245
1070 1124
1075 1140
1080 1153
1085 1202
1090 1182
1095 1227
1100 1202
1105 1241
1110 1326
1115 1239
1120 1345
1125 1294
1130 1366
1135 1356
1140 1277
1145 1422
1150 1390
1155 1377
1160 1326
1165 1454
1170 1361
1175 1356
1180 1368
1185 1638
1190 1566
1195 1405
1200 1421
1205 1459
1210 1464
1215 1455
1220 1518
1225 1493
1230 1498
1235 1610
1240 1511
1245 1559
1250 1538
1255 1551
1260 1557
1265 1570
1270 1584
1275 1598
1280 1716
1285 1710
1290 1656
1295 1761
1300 1674
1305 1701
1310 1726
1315 1699
1320 1731
1325 1815
1330 1769
1335 2078
1340 2007
1345 2084
1350 2031
1355 2063
1360 1975
1365 1939
1370 1843
1375 1926
1380 2046
1385 1916
1390 1924
1395 1947
1400 1961
1405 2183
1410 1969
1415 1982
1420 2134
1425 1983
1430 2034
1435 2038
1440 2124
1445 2315
1450 2171
1455 2239
1460 2091
1465 2115
1470 2212
1475 2134
1480 2395
1485 2216
1490 2195
1495 2189
1500 2306
1505 2453
1510 2263
1515 2455
1520 2295
1525 2537
1530 2363
1535 2332
1540 2421
1545 2357
1550 2490
1555 2462
1560 2419
1565 2709
1570 2525
1575 2508
1580 2453
1585 2566
1590 2677
1595 2678
1600 2613
1605 2619
1610 2565
1615 2538
1620 2648
1625 2749
1630 2668
1635 2624
1640 2660
1645 2679
1650 2713
1655 2959
1660 3092
1665 3170
1670 2832
1675 2790
1680 2864
1685 2801
1690 2799
1695 2813
1700 2835
1705 2851
1710 3003
1715 3172
1720 2901
1725 2929
1730 2852
1735 2867
1740 2964
1745 2927
1750 2980
1755 3029
1760 3057
1765 3090
1770 3068
1775 3082
1780 3100
1785 3036
1790 3063
1795 3168
1800 3420
1805 3263
1810 3236
1815 3269
1820 3299
1825 3263
1830 3296
1835 3574
1840 3388
1845 3362
1850 3348
1855 3379
1860 3633
1865 3581
1870 3466
1875 3527
1880 3459
1885 3475
1890 3570
1895 3517
1900 3532
1905 3587
1910 3585
1915 3585
1920 3633
1925 3645
1930 3645
1935 3663
1940 3734
1945 3795
1950 3783
1955 3861
1960 3868
1965 3829
1970 3955
1975 3841
1980 4400
1985 3922
1990 4305
1995 3966
2000 4246
