0 0
5 0
10 0
15 0
20 0
25 0
30 1
35 1
40 1
45 2
50 2
55 3
60 4
65 4
70 5
75 6
80 6
85 7
90 8
95 9
100 10
105 11
110 12
115 13
120 15
125 16
130 17
135 24
140 20
145 21
150 23
155 24
160 26
165 31
170 43
175 31
180 33
185 35
190 38
195 39
200 40
205 42
210 44
215 46
220 52
225 51
230 53
235 56
240 58
245 61
250 63
255 89
260 68
265 70
270 73
275 75
280 78
285 81
290 84
295 87
300 90
305 93
310 96
315 99
320 102
325 111
330 109
335 121
340 118
345 120
350 122
355 125
360 129
365 134
370 137
375 140
380 143
385 148
390 151
395 155
400 159
405 164
410 196
415 227
420 199
425 187
430 204
435 189
440 197
445 197
450 205
455 206
460 209
465 214
470 219
475 253
480 236
485 233
490 239
495 244
500 253
505 276
510 258
515 268
520 279
525 308
530 305
535 286
540 289
545 297
550 299
555 317
560 309
565 320
570 322
575 330
580 333
585 339
590 344
595 352
600 357
605 439
610 448
615 432
620 380
625 386
630 391
635 398
640 409
645 411
650 419
655 423
660 430
665 437
670 447
675 457
680 459
685 464
690 470
695 506
700 483
705 489
710 497
715 504
720 511
725 523
730 525
735 536
740 539
745 557
750 563
755 568
760 570
765 592
770 607
775 594
780 600
785 611
790 641
795 653
800 632
805 647
810 674
815 658
820 692
825 670
830 710
835 689
840 696
845 708
850 711
855 745
860 906
865 843
870 859
875 782
880 799
885 795
890 846
895 857
900 845
905 828
910 914
915 895
920 835
925 841
930 851
935 870
940 957
945 945
950 1017
955 920
960 916
965 1041
970 988
975 994
980 1030
985 955
990 990
995 1069
1000 981
1005 998
1010 1020
1015 1031
1020 1023
1025 1037
1030 1047
1035 1061
1040 1069
1045 1081
1050 1088
1055 1094
1060 1141
1065 1116
1070 1139
1075 1138
1080 1232
1085 1159
1090 1177
1095 1188
1100 1191
1105 1323
1110 1267
1115 1281
1120 1233
1125 1321
1130 1253
1135 1265
1140 1277
1145 1340
1150 1301
1155 1314
1160 1328
1165 1434
1170 1352
1175 1385
1180 1368
1185 1456
1190 1389
1195 1474
1200 1412
1205 1443
1210 1449
1215 1452
1220 1532
1225 1601
1230 1606
1235 1497
1240 1514
1245 1543
1250 1536
1255 1591
1260 1555
1265 1689
1270 1604
1275 1639
1280 1658
1285 1627
1290 1697
1295 1642
1300 1665
1305 1739
1310 1682
1315 1697
1320 1783
1325 1726
1330 1738
1335 1839
1340 1760
1345 1776
1350 1800
1355 1799
1360 1820
1365 1892
1370 1841
1375 1856
1380 1907
1385 2066
1390 1911
1395 1912
1400 1962
1405 1955
1410 2013
1415 1980
1420 1991
1425 1995
1430 2039
1435 2195
1440 2076
1445 2122
1450 2066
1455 2075
1460 2089
1465 2106
1470 2127
1475 2136
1480 2149
1485 2278
1490 2252
1495 2193
1500 2245
1505 2221
1510 2236
1515 2346
1520 2281
1525 2298
1530 2302
1535 2319
1540 2327
1545 2385
1550 2381
1555 2414
1560 2460
1565 2433
1570 2567
1575 2536
1580 2453
1585 2458
1590 2479
1595 2498
1600 2520
1605 2533
1610 2628
1615 2554
1620 2572
1625 2607
1630 2615
1635 2638
1640 2654
1645 2659
1650 2681
1655 2720
1660 2708
1665 2727
1670 2781
1675 2790
1680 2768
1685 2793
1690 2799
1695 2811
1700 2830
1705 2858
1710 2870
1715 2890
1720 2903
1725 2920
1730 2958
1735 2975
1740 2961
1745 2983
1750 3060
1755 3012
1760 3042
1765 3071
1770 3177
1775 3075
1780 3168
1785 3169
1790 3144
1795 3244
1800 3426
1805 3286
1810 3346
1815 3279
1820 3325
1825 3267
1830 3279
1835 3335
1840 3316
1845 3332
1850 3368
1855 3384
1860 3691
1865 3381
1870 3420
1875 3475
1880 3556
1885 3509
1890 3510
1895 3538
1900 3567
1905 3463
1910 3474
1915 3770
1920 3628
1925 3624
1930 3667
1935 3853
1940 3683
1945 3728
1950 3818
1955 3877
1960 3777
1965 3783
1970 3827
1975 3813
1980 4269
1985 3831
1990 3877
1995 3886
2000 4016
