0 0
5 0
10 0
15 0
20 0
25 0
30 1
35 1
40 1
45 2
50 2
55 3
60 4
65 4
70 5
75 6
80 6
85 7
90 8
95 9
100 10
105 11
110 12
115 13
120 15
125 16
130 17
135 18
140 20
145 21
150 23
155 24
160 26
165 27
170 29
175 31
180 33
185 34
190 36
195 38
200 40
205 42
210 44
215 47
220 49
225 51
230 53
235 55
240 58
245 60
250 63
255 65
260 68
265 71
270 73
275 76
280 79
285 118
290 84
295 89
300 88
305 91
310 93
315 96
320 99
325 103
330 106
335 109
340 112
345 144
350 119
355 143
360 141
365 183
370 194
375 158
380 163
385 148
390 157
395 182
400 173
405 191
410 191
415 205
420 186
425 195
430 189
435 206
440 202
445 201
450 210
455 242
460 230
465 215
470 221
475 225
480 228
485 234
490 237
495 243
500 258
505 256
510 260
515 275
520 297
525 272
530 279
535 285
540 292
545 296
550 300
555 324
560 311
565 314
570 321
575 328
580 333
585 338
590 344
595 371
600 356
605 362
610 368
615 376
620 381
625 385
630 395
635 398
640 404
645 414
650 417
655 424
660 429
665 436
670 445
675 452
680 455
685 466
690 470
695 464
700 470
705 477
710 518
715 491
720 585
725 505
730 512
735 519
740 525
745 534
750 541
755 545
760 554
765 562
770 569
775 717
780 666
785 607
790 613
795 625
800 630
805 638
810 629
815 877
820 649
825 998
830 676
835 770
840 678
845 793
850 755
855 719
860 729
865 772
870 746
875 753
880 763
885 800
890 800
895 822
900 798
905 810
910 817
915 826
920 833
925 842
930 877
935 860
940 871
945 878
950 928
955 922
960 948
965 916
970 934
975 997
980 966
985 956
990 970
995 998
1000 1005
1005 993
1010 1049
1015 1012
1020 1028
1025 1033
1030 1042
1035 1054
1040 1062
1045 1075
1050 1083
1055 1098
1060 1104
1065 1114
1070 1124
1075 1134
1080 1135
1085 1346
1090 1137
1095 1183
1100 1193
1105 1166
1110 1147
1115 1160
1120 1168
1125 1178
1130 1405
1135 1232
1140 1241
1145 1252
1150 1307
1155 1397
1160 1360
1165 1336
1170 1355
1175 1358
1180 1367
1185 1380
1190 1392
1195 1415
1200 1421
1205 1427
1210 1444
1215 1491
1220 1464
1225 1502
1230 1577
1235 1659
1240 1513
1245 1554
1250 1556
1255 1554
1260 1625
1265 1624
1270 1727
1275 1646
1280 1623
1285 1634
1290 1905
1295 1845
1300 1932
1305 1882
1310 1842
1315 1922
1320 1818
1325 1912
1330 1800
1335 1715
1340 1743
1345 1774
1350 1843
1355 1844
1360 1829
1365 1834
1370 1891
1375 1872
1380 1871
1385 1886
1390 1892
1395 1854
1400 2181
1405 1954
1410 1983
1415 1966
1420 2043
1425 1992
1430 2009
1435 2018
1440 2039
1445 2052
1450 2082
1455 2081
1460 2093
1465 2110
1470 2121
1475 2140
1480 2157
1485 2177
1490 2205
1495 2216
1500 2210
1505 2219
1510 2259
1515 2251
1520 2265
1525 2346
1530 2462
1535 2245
1540 2415
1545 2313
1550 2359
1555 2374
1560 2589
1565 2528
1570 2385
1575 2427
1580 2437
1585 2504
1590 2444
1595 2467
1600 2413
1605 2883
1610 2611
1615 2577
1620 2572
1625 2593
1630 2607
1635 2617
1640 2629
1645 2606
1650 2597
1655 2609
1660 2635
1665 2643
1670 2770
1675 2841
1680 2710
1685 2778
1690 2840
1695 2743
1700 3240
1705 3244
1710 2893
1715 2932
1720 2898
1725 2910
1730 2929
1735 2944
1740 2963
1745 2937
1750 3003
1755 3267
1760 3230
1765 3072
1770 3107
1775 3094
1780 3116
1785 3119
1790 3138
1795 3157
1800 3193
1805 3300
1810 3338
1815 3260
1820 3256
1825 3271
1830 3277
1835 3291
1840 3225
1845 3286
1850 3530
1855 3316
1860 3290
1865 3496
1870 3374
1875 3450
1880 3416
1885 3384
1890 3676
1895 3508
1900 3494
1905 3594
1910 3623
1915 3794
1920 3788
1925 3693
1930 3653
1935 3747
1940 3687
1945 3732
1950 3673
1955 3640
1960 3731
1965 3824
1970 4008
1975 3789
1980 3768
1985 4437
1990 3872
1995 3900
2000 3886
