0 0
5 0
10 0
15 0
20 0
25 0
30 1
35 1
40 1
45 2
50 2
55 3
60 4
65 4
70 5
75 5
80 6
85 7
90 8
95 9
100 10
105 11
110 12
115 13
120 14
125 15
130 17
135 18
140 19
145 21
150 35
155 24
160 26
165 58
170 28
175 30
180 32
185 33
190 35
195 37
200 39
205 41
210 43
215 45
220 47
225 49
230 68
235 53
240 56
245 58
250 60
255 63
260 65
265 68
270 70
275 73
280 76
285 78
290 81
295 83
300 86
305 89
310 92
315 95
320 98
325 101
330 104
335 107
340 111
345 114
350 117
355 120
360 195
365 128
370 131
375 134
380 138
385 141
390 145
395 148
400 222
405 156
410 160
415 164
420 167
425 172
430 175
435 180
440 184
445 188
450 192
455 196
460 201
465 210
470 209
475 214
480 218
485 222
490 264
495 232
500 236
505 241
510 246
515 251
520 275
525 260
530 266
535 290
540 282
545 290
550 296
555 357
560 301
565 309
570 314
575 320
580 346
585 332
590 373
595 342
600 416
605 354
610 360
615 365
620 371
625 379
630 385
635 389
640 395
645 403
650 489
655 486
660 480
665 441
670 445
675 453
680 463
685 467
690 481
695 484
700 492
705 492
710 500
715 505
720 513
725 520
730 527
735 546
740 541
745 549
750 558
755 564
760 572
765 563
770 572
775 579
780 585
785 593
790 600
795 607
800 616
805 623
810 630
815 639
820 630
825 638
830 645
835 707
840 698
845 710
850 719
855 738
860 694
865 758
870 727
875 735
880 743
885 753
890 761
895 806
900 777
905 784
910 775
915 856
920 792
925 800
930 846
935 902
940 907
945 974
950 932
955 950
960 1003
965 918
970 1011
975 944
980 947
985 960
990 975
995 976
1000 987
1005 1024
1010 1055
1015 1049
1020 1024
1025 1036
1030 1073
1035 1055
1040 1073
1045 1197
1050 1059
1055 1066
1060 1076
1065 1130
1070 1097
1075 1128
1080 1369
1085 1162
1090 1179
1095 1178
1100 1183
1105 1203
1110 1214
1115 1222
1120 1237
1125 1281
1130 1312
1135 1285
1140 1280
1145 1293
1150 1301
1155 1307
1160 1328
1165 1335
1170 1374
1175 1367
1180 1375
1185 1382
1190 1401
1195 1544
1200 1415
1205 1428
1210 1401
1215 1556
1220 1669
1225 1487
1230 1500
1235 1505
1240 1520
1245 1537
1250 1536
1255 1549
1260 1559
1265 1572
1270 1659
1275 1597
1280 1613
1285 1650
1290 1640
1295 1646
1300 1661
1305 1673
1310 1694
1315 1698
1320 1715
1325 1723
1330 1741
1335 1704
1340 2140
1345 1797
1350 1803
1355 1815
1360 1859
1365 1872
1370 1889
1375 1924
1380 1938
1385 1905
1390 1973
1395 2182
1400 2185
1405 1941
1410 2136
1415 1987
1420 2065
1425 1992
1430 2034
1435 2025
1440 2073
1445 2052
1450 2009
1455 2117
1460 2132
1465 2161
1470 2140
1475 2141
1480 2100
1485 2495
1490 2231
1495 2206
1500 2208
1505 2231
1510 2281
1515 2257
1520 2292
1525 2290
1530 2295
1535 2323
1540 2354
1545 2433
1550 2404
1555 2519
1560 2460
1565 2510
1570 2521
1575 2516
1580 2458
1585 2483
1590 2477
1595 2498
1600 2515
1605 2537
1610 2552
1615 2605
1620 2709
1625 2601
1630 2671
1635 2896
1640 2666
1645 2665
1650 2706
1655 2702
1660 2714
1665 2789
1670 2745
1675 2746
1680 2774
1685 2791
1690 2892
1695 2892
1700 2912
1705 2984
1710 2923
1715 2891
1720 2909
1725 2922
1730 2943
1735 2959
1740 2887
1745 3143
1750 3040
1755 3037
1760 3233
1765 3080
1770 3108
1775 3089
1780 3156
1785 3202
1790 3404
1795 3645
1800 4066
1805 3752
1810 3541
1815 3567
1820 3709
1825 3814
1830 3291
1835 3403
1840 3632
1845 3429
1850 3449
1855 3604
1860 3390
1865 3456
1870 3486
1875 3504
1880 3476
1885 3502
1890 3567
1895 3535
1900 3551
1905 3699
1910 4507
1915 4041
1920 4686
1925 4797
1930 4283
1935 4449
1940 4360
1945 4554
1950 4158
1955 3885
1960 3771
1965 3884
1970 4037
1975 4522
1980 4082
1985 4131
1990 4155
1995 3928
2000 5198
