0 0
5 0
10 0
15 0
20 1
25 1
30 1
35 2
40 2
45 3
50 4
55 5
60 5
65 6
70 7
75 8
80 8
85 10
90 10
95 11
100 12
105 14
110 15
115 16
120 18
125 19
130 21
135 22
140 24
145 24
150 27
155 28
160 30
165 32
170 34
175 36
180 38
185 40
190 45
195 44
200 47
205 57
210 51
215 53
220 55
225 60
230 60
235 59
240 65
245 66
250 70
255 73
260 76
265 74
270 82
275 85
280 89
285 91
290 94
295 96
300 100
305 104
310 99
315 109
320 113
325 115
330 118
335 113
340 126
345 129
350 133
355 136
360 140
365 143
370 148
375 155
380 158
385 159
390 164
395 168
400 173
405 176
410 180
415 183
420 176
425 193
430 198
435 201
440 206
445 210
450 215
455 219
460 225
465 229
470 235
475 239
480 245
485 241
490 248
495 253
500 256
505 396
510 287
515 353
520 338
525 282
530 287
535 293
540 297
545 311
550 313
555 321
560 327
565 333
570 339
575 345
580 322
585 354
590 377
595 368
600 375
605 382
610 387
615 392
620 398
625 405
630 412
635 490
640 424
645 433
650 497
655 432
660 488
665 476
670 464
675 471
680 477
685 484
690 491
695 499
700 505
705 511
710 519
715 617
720 536
725 540
730 584
735 615
740 639
745 528
750 581
755 586
760 595
765 605
770 609
775 617
780 647
785 634
790 643
795 652
800 634
805 682
810 673
815 683
820 689
825 700
830 713
835 715
840 680
845 739
850 740
855 748
860 757
865 787
870 774
875 785
880 856
885 802
890 833
895 817
900 826
905 836
910 843
915 870
920 817
925 872
930 900
935 893
940 907
945 944
950 920
955 927
960 940
965 948
970 872
975 982
980 984
985 987
990 999
995 1008
1000 1016
1005 997
1010 972
1015 1046
1020 1059
1025 1068
1030 1290
1035 1096
1040 1068
1045 1051
1050 1090
1055 1112
1060 1091
1065 1119
1070 1506
1075 1171
1080 1227
1085 1213
1090 1203
1095 1214
1100 1226
1105 1188
1110 1298
1115 1343
1120 1273
1125 1283
1130 1349
1135 1303
1140 1317
1145 1332
1150 1336
1155 1351
1160 1359
1165 1369
1170 1296
1175 1410
1180 1369
1185 1258
1190 1352
1195 1408
1200 1441
1205 1601
1210 1645
1215 1502
1220 1522
1225 1573
1230 1541
1235 1549
1240 1565
1245 1671
1250 1585
1255 1595
1260 1814
1265 1714
1270 1722
1275 1659
1280 1679
1285 1791
1290 1775
1295 1899
1300 2036
1305 2055
1310 1822
1315 1936
1320 1980
1325 1851
1330 1937
1335 1953
1340 1838
1345 1832
1350 2084
1355 2002
1360 1866
1365 2057
1370 2035
1375 1904
1380 1991
1385 2072
1390 1980
1395 1961
1400 2006
1405 2055
1410 2035
1415 2029
1420 2190
1425 2072
1430 2054
1435 2036
1440 2136
1445 2103
1450 2111
1455 2126
1460 2457
1465 2183
1470 2209
1475 2184
1480 2122
1485 2241
1490 2227
1495 2308
1500 2263
1505 2285
1510 2394
1515 2304
1520 2357
1525 2447
1530 2564
1535 2404
1540 2388
1545 2333
1550 2409
1555 2412
1560 2440
1565 2484
1570 2473
1575 2694
1580 2860
1585 3040
1590 2857
1595 2550
1600 2702
1605 2783
1610 2696
1615 2852
1620 2640
1625 2898
1630 2662
1635 2748
1640 2701
1645 2794
1650 2889
1655 3182
1660 2828
1665 2801
1670 2690
1675 2830
1680 2825
1685 2912
1690 2858
1695 2890
1700 2893
1705 3031
1710 2937
1715 3165
1720 3064
1725 3029
1730 3065
1735 3087
1740 3109
1745 3080
1750 3126
1755 3087
1760 3141
1765 3082
1770 3129
1775 3414
1780 3154
1785 3494
1790 3214
1795 3273
1800 3256
1805 3311
1810 3304
1815 3417
1820 3381
1825 3551
1830 3358
1835 3443
1840 3412
1845 3417
1850 3433
1855 3451
1860 3451
1865 3524
1870 3499
1875 3481
1880 3551
1885 3546
1890 3622
1895 3615
1900 3601
1905 4035
1910 3653
1915 3826
1920 3895
1925 3845
1930 3615
1935 3793
1940 3778
1945 4038
1950 3894
1955 4051
1960 4028
1965 3859
1970 4030
1975 3952
1980 3915
1985 4051
1990 3991
1995 4041
2000 4426
