0 0
5 0
10 0
15 0
20 0
25 0
30 1
35 1
40 1
45 2
50 2
55 3
60 3
65 4
70 5
75 5
80 6
85 7
90 8
95 9
100 24
105 11
110 12
115 13
120 14
125 15
130 17
135 18
140 19
145 21
150 22
155 24
160 25
165 27
170 28
175 30
180 32
185 34
190 35
195 37
200 39
205 41
210 43
215 45
220 47
225 50
230 52
235 54
240 57
245 59
250 61
255 64
260 66
265 69
270 71
275 74
280 76
285 79
290 82
295 85
300 116
305 90
310 127
315 96
320 100
325 103
330 106
335 109
340 112
345 116
350 144
355 122
360 123
365 126
370 129
375 132
380 136
385 139
390 144
395 147
400 207
405 155
410 159
415 163
420 166
425 170
430 191
435 178
440 182
445 187
450 238
455 200
460 204
465 209
470 214
475 218
480 225
485 229
490 231
495 268
500 298
505 297
510 353
515 263
520 269
525 274
530 311
535 284
540 289
545 296
550 300
555 310
560 317
565 319
570 324
575 330
580 351
585 345
590 344
595 352
600 356
605 362
610 368
615 373
620 380
625 386
630 396
635 398
640 404
645 411
650 420
655 423
660 430
665 437
670 469
675 450
680 456
685 462
690 469
695 477
700 482
705 490
710 496
715 506
720 511
725 542
730 512
735 594
740 526
745 533
750 540
755 548
760 553
765 563
770 569
775 610
780 583
785 575
790 672
795 590
800 653
805 605
810 649
815 621
820 629
825 635
830 642
835 651
840 721
845 667
850 674
855 681
860 709
865 717
870 725
875 733
880 775
885 749
890 794
895 806
900 783
905 810
910 773
915 797
920 813
925 819
930 828
935 837
940 848
945 955
950 842
955 850
960 918
965 891
970 938
975 959
980 896
985 979
990 1068
995 959
1000 932
1005 1003
1010 1130
1015 986
1020 1031
1025 1083
1030 1092
1035 1135
1040 1128
1045 1123
1050 1165
1055 1127
1060 1104
1065 1116
1070 1128
1075 1132
1080 1144
1085 1154
1090 1167
1095 1177
1100 1154
1105 1164
1110 1177
1115 1157
1120 1167
1125 1300
1130 1332
1135 1344
1140 1242
1145 1288
1150 1263
1155 1466
1160 1333
1165 1334
1170 1349
1175 1360
1180 1370
1185 1431
1190 1394
1195 1459
1200 1415
1205 1447
1210 1438
1215 1448
1220 1516
1225 1514
1230 1601
1235 1501
1240 1528
1245 1523
1250 1562
1255 1544
1260 1703
1265 1598
1270 1600
1275 1684
1280 1630
1285 1690
1290 1694
1295 1650
1300 1675
1305 1670
1310 1764
1315 1698
1320 1723
1325 1728
1330 1786
1335 1925
1340 1822
1345 1848
1350 1788
1355 1797
1360 1875
1365 1826
1370 1916
1375 1876
1380 1882
1385 1927
1390 1899
1395 1906
1400 1928
1405 1935
1410 1949
1415 1964
1420 1978
1425 1970
1430 2241
1435 2018
1440 2059
1445 1993
1450 2059
1455 2109
1460 2088
1465 2110
1470 2401
1475 2135
1480 2236
1485 2139
1490 2407
1495 2199
1500 2206
1505 2287
1510 2237
1515 2253
1520 2286
1525 2348
1530 2357
1535 2318
1540 2388
1545 2343
1550 2353
1555 2370
1560 2412
1565 2410
1570 2429
1575 2509
1580 2443
1585 2503
1590 2477
1595 2552
1600 2506
1605 2770
1610 2539
1615 2555
1620 2568
1625 2695
1630 2613
1635 2631
1640 2684
1645 2707
1650 2669
1655 2731
1660 2750
1665 2724
1670 2822
1675 2775
1680 2840
1685 2811
1690 2799
1695 2812
1700 2829
1705 2869
1710 2861
1715 2880
1720 3008
1725 3000
1730 2942
1735 2985
1740 2966
1745 3036
1750 3018
1755 3098
1760 3069
1765 3048
1770 3200
1775 3084
1780 3120
1785 3168
1790 3236
1795 3187
1800 3171
1805 3472
1810 3203
1815 3553
1820 3281
1825 3273
1830 3383
1835 3315
1840 3320
1845 3349
1850 3362
1855 3555
1860 3413
1865 3388
1870 3468
1875 3507
1880 3575
1885 3665
1890 3496
1895 3522
1900 3586
1905 3572
1910 3871
1915 3650
1920 3606
1925 3657
1930 3688
1935 3662
1940 3734
1945 3707
1950 3704
1955 3791
1960 3810
1965 3815
1970 3841
1975 3872
1980 3932
1985 3876
1990 4001
1995 3979
2000 3928
