0 0
5 0
10 0
15 0
20 0
25 0
30 1
35 1
40 1
45 2
50 2
55 3
60 4
65 4
70 5
75 6
80 6
85 7
90 8
95 9
100 10
105 11
110 12
115 13
120 15
125 16
130 17
135 18
140 20
145 21
150 23
155 24
160 26
165 27
170 29
175 31
180 32
185 34
190 36
195 38
200 40
205 42
210 44
215 46
220 48
225 51
230 52
235 55
240 57
245 60
250 62
255 118
260 67
265 70
270 72
275 75
280 77
285 80
290 83
295 86
300 89
305 92
310 95
315 118
320 100
325 103
330 213
335 165
340 150
345 209
350 118
355 123
360 127
365 130
370 134
375 137
380 156
385 149
390 152
395 156
400 160
405 165
410 169
415 173
420 176
425 180
430 187
435 189
440 194
445 198
450 203
455 207
460 211
465 216
470 216
475 221
480 266
485 228
490 233
495 280
500 243
505 247
510 287
515 292
520 262
525 267
530 279
535 285
540 290
545 295
550 301
555 307
560 312
565 319
570 324
575 331
580 358
585 340
590 346
595 351
600 358
605 366
610 369
615 375
620 381
625 377
630 383
635 390
640 397
645 424
650 407
655 414
660 421
665 426
670 433
675 439
680 446
685 452
690 460
695 467
700 476
705 479
710 486
715 493
720 500
725 506
730 531
735 535
740 541
745 549
750 559
755 586
760 574
765 579
770 585
775 593
780 602
785 608
790 644
795 610
800 663
805 652
810 647
815 656
820 665
825 673
830 708
835 674
840 809
845 787
850 695
855 721
860 731
865 739
870 754
875 782
880 760
885 773
890 782
895 795
900 802
905 827
910 821
915 827
920 840
925 843
930 854
935 869
940 904
945 880
950 891
955 900
960 910
965 923
970 950
975 937
980 945
985 960
990 940
995 954
1000 962
1005 1005
1010 1007
1015 1014
1020 1063
1025 1194
1030 1020
1035 1079
1040 1066
1045 1079
1050 1146
1055 1095
1060 1107
1065 1125
1070 1102
1075 1293
1080 1153
1085 1166
1090 1137
1095 1150
1100 1161
1105 1170
1110 1181
1115 1226
1120 1446
1125 1245
1130 1223
1135 1268
1140 1386
1145 1280
1150 1612
1155 1277
1160 1537
1165 1334
1170 1347
1175 1357
1180 1415
1185 1372
1190 1491
1195 1423
1200 1670
1205 1427
1210 1457
1215 1457
1220 1497
1225 1483
1230 1492
1235 1567
1240 1519
1245 1527
1250 1552
1255 1597
1260 1563
1265 1574
1270 1640
1275 1604
1280 1615
1285 1634
1290 1653
1295 1654
1300 1675
1305 1706
1310 1696
1315 1860
1320 1955
1325 1907
1330 2032
1335 1909
1340 1771
1345 1833
1350 1818
1355 1806
1360 2000
1365 1921
1370 1988
1375 2020
1380 1880
1385 1884
1390 1944
1395 1910
1400 1953
1405 2166
1410 1934
1415 1985
1420 1982
1425 1991
1430 2204
1435 2038
1440 2034
1445 2203
1450 2201
1455 2090
1460 2092
1465 2117
1470 2158
1475 2125
1480 2157
1485 2171
1490 2179
1495 2259
1500 2212
1505 2371
1510 2324
1515 2191
1520 2364
1525 2288
1530 2403
1535 2316
1540 2300
1545 2358
1550 2356
1555 2381
1560 2384
1565 2501
1570 2406
1575 2530
1580 2389
1585 2478
1590 2484
1595 2507
1600 2631
1605 2545
1610 2546
1615 2591
1620 2918
1625 2608
1630 2625
1635 2659
1640 2737
1645 2673
1650 2713
1655 2702
1660 2774
1665 2750
1670 2774
1675 2752
1680 2825
1685 2790
1690 2831
1695 2822
1700 2843
1705 2853
1710 3060
1715 2966
1720 2978
1725 2938
1730 2967
1735 2952
1740 3056
1745 2909
1750 2885
1755 2867
1760 2879
1765 2896
1770 2909
1775 3054
1780 3351
1785 3046
1790 3061
1795 3089
1800 3116
1805 3026
1810 3207
1815 3218
1820 3201
1825 3130
1830 3185
1835 3169
1840 3224
1845 3235
1850 3284
1855 3254
1860 3217
1865 3300
1870 3487
1875 3687
1880 3626
1885 3490
1890 3567
1895 3573
1900 3561
1905 3638
1910 3647
1915 3637
1920 3735
1925 3730
1930 3664
1935 3905
1940 3726
1945 3726
1950 3949
1955 3796
1960 3895
1965 3891
1970 3864
1975 3859
1980 3926
1985 4162
1990 4023
1995 3996
2000 4210
