0 0
5 0
10 0
15 0
20 1
25 1
30 1
35 2
40 2
45 3
50 4
55 4
60 5
65 6
70 7
75 8
80 9
85 9
90 11
95 12
100 13
105 14
110 15
115 17
120 18
125 19
130 21
135 22
140 23
145 25
150 27
155 29
160 30
165 32
170 34
175 36
180 38
185 39
190 41
195 44
200 46
205 48
210 48
215 53
220 55
225 57
230 60
235 62
240 64
245 84
250 70
255 72
260 75
265 78
270 81
275 84
280 87
285 89
290 92
295 96
300 99
305 102
310 105
315 109
320 111
325 115
330 119
335 122
340 132
345 120
350 132
355 135
360 139
365 143
370 149
375 151
380 156
385 159
390 164
395 167
400 171
405 175
410 179
415 172
420 188
425 192
430 198
435 201
440 208
445 210
450 214
455 220
460 224
465 229
470 234
475 239
480 244
485 249
490 247
495 257
500 250
505 272
510 276
515 279
520 284
525 290
530 295
535 301
540 305
545 311
550 317
555 322
560 330
565 335
570 338
575 345
580 352
585 358
590 367
595 369
600 375
605 380
610 390
615 387
620 399
625 406
630 413
635 404
640 426
645 432
650 438
655 444
660 457
665 460
670 469
675 471
680 479
685 486
690 495
695 502
700 508
705 515
710 520
715 533
720 537
725 546
730 552
735 558
740 565
745 571
750 579
755 586
760 596
765 609
770 611
775 621
780 619
785 635
790 648
795 649
800 658
805 667
810 678
815 688
820 689
825 783
830 707
835 718
840 724
845 751
850 740
855 750
860 759
865 766
870 775
875 777
880 793
885 804
890 814
895 826
900 826
905 866
910 845
915 856
920 872
925 872
930 962
935 991
940 938
945 1041
950 947
955 1037
960 1037
965 976
970 963
975 984
980 993
985 1037
990 1003
995 1065
1000 1169
1005 1104
1010 1117
1015 1049
1020 1090
1025 1266
1030 1104
1035 1136
1040 1099
1045 1108
1050 1166
1055 1130
1060 1131
1065 1179
1070 1173
1075 1176
1080 1183
1085 1194
1090 1205
1095 1217
1100 1226
1105 1237
1110 1247
1115 1259
1120 1295
1125 1306
1130 1323
1135 1305
1140 1341
1145 1278
1150 1345
1155 1332
1160 1368
1165 1374
1170 1302
1175 1430
1180 1562
1185 1421
1190 1430
1195 1440
1200 1464
1205 1491
1210 1513
1215 1494
1220 1634
1225 1524
1230 1623
1235 1565
1240 1614
1245 1571
1250 1582
1255 1628
1260 1619
1265 1629
1270 1661
1275 1565
1280 1654
1285 1695
1290 1703
1295 1657
1300 1730
1305 1783
1310 1729
1315 1774
1320 1800
1325 1766
1330 1812
1335 1826
1340 1808
1345 1823
1350 1876
1355 1904
1360 1870
1365 1898
1370 1888
1375 1905
1380 1986
1385 1929
1390 1927
1395 2024
1400 1972
1405 2014
1410 2004
1415 2014
1420 2035
1425 2047
1430 2061
1435 2147
1440 2244
1445 2114
1450 2120
1455 2126
1460 2188
1465 2202
1470 2170
1475 2199
1480 2210
1485 2260
1490 2232
1495 2242
1500 2317
1505 2298
1510 2370
1515 2384
1520 2322
1525 2267
1530 2376
1535 2450
1540 2403
1545 2487
1550 2418
1555 2447
1560 2441
1565 2490
1570 2503
1575 2592
1580 2613
1585 2561
1590 2586
1595 2546
1600 2737
1605 2591
1610 2656
1615 2616
1620 2654
1625 2646
1630 2726
1635 2800
1640 2907
1645 2722
1650 2765
1655 2779
1660 2767
1665 2776
1670 2800
1675 2808
1680 2833
1685 2838
1690 2925
1695 2971
1700 3081
1705 2832
1710 2922
1715 2941
1720 2879
1725 2858
1730 2840
1735 2973
1740 2897
1745 2962
1750 2940
1755 3017
1760 3143
1765 3120
1770 3133
1775 3296
1780 3221
1785 3189
1790 3397
1795 3757
1800 3260
1805 3311
1810 3268
1815 3289
1820 3395
1825 3349
1830 3453
1835 3371
1840 3390
1845 3520
1850 3429
1855 3455
1860 3471
1865 3502
1870 3516
1875 3511
1880 3525
1885 3619
1890 3565
1895 3624
1900 3747
1905 3649
1910 3646
1915 4093
1920 3706
1925 3630
1930 3801
1935 3764
1940 3750
1945 4292
1950 3984
1955 3939
1960 3851
1965 4028
1970 3895
1975 3770
1980 4121
1985 3937
1990 3975
1995 3962
2000 4089
