0 0
5 0
10 0
15 0
20 0
25 0
30 1
35 1
40 1
45 2
50 2
55 3
60 4
65 4
70 5
75 6
80 6
85 7
90 8
95 9
100 10
105 11
110 12
115 13
120 14
125 16
130 17
135 18
140 20
145 21
150 23
155 24
160 26
165 27
170 29
175 31
180 33
185 34
190 36
195 38
200 40
205 42
210 44
215 47
220 49
225 51
230 53
235 56
240 58
245 60
250 62
255 65
260 68
265 70
270 73
275 78
280 78
285 93
290 86
295 87
300 91
305 93
310 96
315 99
320 102
325 105
330 109
335 112
340 115
345 118
350 122
355 126
360 129
365 133
370 137
375 140
380 144
385 147
390 152
395 155
400 159
405 163
410 167
415 173
420 175
425 179
430 179
435 183
440 187
445 191
450 232
455 200
460 204
465 209
470 214
475 217
480 222
485 227
490 232
495 236
500 241
505 246
510 251
515 255
520 261
525 265
530 270
535 276
540 280
545 286
550 291
555 298
560 303
565 299
570 305
575 403
580 316
585 321
590 326
595 332
600 338
605 344
610 349
615 413
620 359
625 366
630 372
635 378
640 384
645 389
650 395
655 439
660 408
665 413
670 420
675 427
680 433
685 475
690 444
695 452
700 459
705 466
710 472
715 479
720 773
725 492
730 513
735 518
740 527
745 531
750 539
755 547
760 539
765 546
770 554
775 561
780 569
785 596
790 583
795 591
800 599
805 605
810 612
815 658
820 628
825 636
830 642
835 650
840 659
845 666
850 674
855 681
860 708
865 716
870 725
875 940
880 743
885 770
890 804
895 787
900 796
905 805
910 911
915 823
920 832
925 944
930 828
935 836
940 907
945 876
950 886
955 902
960 906
965 917
970 925
975 935
980 944
985 957
990 969
995 973
1000 989
1005 993
1010 1016
1015 1012
1020 1020
1025 1031
1030 1042
1035 1098
1040 1061
1045 1073
1050 1085
1055 1092
1060 1136
1065 1114
1070 1124
1075 1133
1080 1144
1085 1146
1090 1167
1095 1215
1100 1187
1105 1303
1110 1209
1115 1220
1120 1229
1125 1245
1130 1254
1135 1263
1140 1276
1145 1286
1150 1298
1155 1312
1160 1321
1165 1330
1170 1349
1175 1352
1180 1371
1185 1384
1190 1389
1195 1491
1200 1415
1205 1471
1210 1437
1215 1530
1220 1464
1225 1505
1230 1483
1235 1510
1240 1525
1245 1628
1250 1688
1255 1549
1260 1687
1265 1719
1270 1588
1275 1673
1280 1604
1285 1629
1290 1742
1295 1662
1300 1668
1305 1626
1310 1643
1315 1817
1320 1745
1325 1755
1330 1737
1335 1826
1340 1763
1345 1780
1350 1803
1355 1809
1360 1825
1365 1831
1370 1886
1375 1858
1380 1869
1385 1994
1390 1965
1395 2126
1400 2009
1405 1943
1410 1954
1415 1991
1420 2003
1425 2002
1430 2010
1435 2054
1440 2099
1445 2057
1450 2068
1455 2174
1460 2128
1465 2123
1470 2164
1475 2144
1480 2299
1485 2169
1490 2236
1495 2272
1500 2280
1505 2311
1510 2235
1515 2280
1520 2292
1525 2392
1530 2371
1535 2347
1540 2376
1545 2367
1550 2401
1555 2366
1560 2419
1565 2400
1570 2508
1575 2524
1580 2506
1585 2543
1590 2539
1595 2488
1600 2512
1605 2522
1610 2538
1615 2552
1620 2569
1625 2556
1630 2601
1635 2622
1640 2562
1645 2589
1650 2527
1655 2656
1660 2625
1665 2736
1670 2697
1675 2753
1680 2762
1685 2820
1690 2812
1695 3040
1700 2900
1705 2863
1710 2862
1715 2887
1720 2939
1725 2943
1730 2960
1735 2985
1740 2969
1745 2900
1750 2953
1755 2859
1760 2933
1765 2891
1770 2908
1775 2962
1780 3016
1785 3104
1790 3086
1795 3025
1800 3007
1805 3167
1810 3076
1815 3094
1820 3111
1825 3173
1830 3108
1835 3125
1840 3179
1845 3232
1850 3797
1855 3373
1860 3657
1865 3351
1870 3329
1875 3370
1880 4305
1885 3477
1890 3399
1895 3631
1900 3548
1905 3491
1910 3591
1915 3767
1920 4052
1925 4007
1930 4917
1935 4499
1940 4769
1945 4076
1950 4006
1955 3754
1960 4113
1965 4002
1970 4462
1975 3837
1980 3878
1985 3940
1990 3870
1995 4136
2000 4081
