0 0
5 0
10 0
15 0
20 0
25 0
30 1
35 1
40 2
45 2
50 3
55 3
60 4
65 4
70 5
75 6
80 7
85 8
90 8
95 9
100 10
105 12
110 13
115 14
120 15
125 16
130 18
135 19
140 20
145 22
150 23
155 25
160 27
165 28
170 30
175 32
180 34
185 35
190 38
195 39
200 41
205 43
210 45
215 47
220 49
225 52
230 54
235 62
240 59
245 61
250 64
255 66
260 69
265 71
270 80
275 77
280 79
285 82
290 87
295 89
300 94
305 97
310 97
315 100
320 104
325 107
330 110
335 113
340 117
345 120
350 123
355 127
360 133
365 134
370 139
375 141
380 145
385 149
390 153
395 156
400 162
405 166
410 168
415 173
420 176
425 181
430 185
435 191
440 195
445 198
450 202
455 209
460 213
465 217
470 220
475 226
480 231
485 235
490 240
495 245
500 250
505 255
510 260
515 264
520 270
525 275
530 287
535 286
540 292
545 297
550 302
555 337
560 312
565 319
570 323
575 329
580 334
585 340
590 345
595 352
600 367
605 363
610 370
615 375
620 382
625 387
630 393
635 400
640 406
645 413
650 418
655 426
660 432
665 438
670 445
675 498
680 446
685 471
690 458
695 465
700 472
705 478
710 520
715 492
720 499
725 506
730 732
735 521
740 543
745 548
750 556
755 563
760 573
765 578
770 572
775 578
780 641
785 592
790 600
795 608
800 650
805 623
810 631
815 638
820 646
825 746
830 707
835 653
840 661
845 686
850 694
855 703
860 793
865 761
870 880
875 839
880 745
885 753
890 794
895 931
900 783
905 888
910 819
915 821
920 835
925 856
930 830
935 838
940 851
945 857
950 866
955 915
960 974
965 923
970 941
975 944
980 953
985 1002
990 1009
995 1005
1000 993
1005 1001
1010 1004
1015 1015
1020 1026
1025 1036
1030 1115
1035 1107
1040 1039
1045 1096
1050 1090
1055 1099
1060 1108
1065 1119
1070 1134
1075 1144
1080 1158
1085 1162
1090 1173
1095 1182
1100 1263
1105 1212
1110 1233
1115 1232
1120 1267
1125 1252
1130 1292
1135 1316
1140 1280
1145 1284
1150 1323
1155 1316
1160 1326
1165 1339
1170 1370
1175 1367
1180 1405
1185 1446
1190 1642
1195 1610
1200 1564
1205 1633
1210 1615
1215 1614
1220 1622
1225 1491
1230 1710
1235 1518
1240 1712
1245 1531
1250 1665
1255 1692
1260 1575
1265 1588
1270 1618
1275 1642
1280 1840
1285 1718
1290 1831
1295 1817
1300 1980
1305 1675
1310 1709
1315 1702
1320 1716
1325 1760
1330 1743
1335 1763
1340 1769
1345 1781
1350 1791
1355 1839
1360 1816
1365 1957
1370 2083
1375 1868
1380 1984
1385 1892
1390 2040
1395 1920
1400 1924
1405 1972
1410 2031
1415 1980
1420 1988
1425 2005
1430 2078
1435 2023
1440 2035
1445 2082
1450 2138
1455 2937
1460 2157
1465 2269
1470 2415
1475 2162
1480 2187
1485 2283
1490 2178
1495 2228
1500 2317
1505 2245
1510 2301
1515 2306
1520 2292
1525 2288
1530 2324
1535 2315
1540 2331
1545 2355
1550 2375
1555 2373
1560 2388
1565 2411
1570 2355
1575 2369
1580 2557
1585 2435
1590 2486
1595 2609
1600 2540
1605 2541
1610 2565
1615 2565
1620 2736
1625 2589
1630 2616
1635 2622
1640 2669
1645 2662
1650 2671
1655 2683
1660 2658
1665 2647
1670 2836
1675 2717
1680 2782
1685 2789
1690 2802
1695 2801
1700 2861
1705 2775
1710 3038
1715 3026
1720 2915
1725 2926
1730 2947
1735 3018
1740 3026
1745 2989
1750 3001
1755 3349
1760 2992
1765 3164
1770 2989
1775 3004
1780 3195
1785 3041
1790 3390
1795 3156
1800 3183
1805 3249
1810 3212
1815 3252
1820 3231
1825 3209
1830 3214
1835 3298
1840 3416
1845 3251
1850 3480
1855 3289
1860 3485
1865 3700
1870 3434
1875 3463
1880 3578
1885 3374
1890 3827
1895 3461
1900 3441
1905 3584
1910 3635
1915 3628
1920 3620
1925 3636
1930 3661
1935 3781
1940 3819
1945 3611
1950 3632
1955 3904
1960 3788
1965 3729
1970 3926
1975 3927
1980 3851
1985 3917
1990 4006
1995 3927
2000 3954
