0 0
5 0
10 0
15 0
20 0
25 0
30 1
35 1
40 2
45 2
50 3
55 3
60 4
65 5
70 5
75 6
80 7
85 8
90 8
95 9
100 11
105 12
110 13
115 14
120 15
125 16
130 18
135 19
140 20
145 22
150 23
155 25
160 27
165 28
170 30
175 32
180 33
185 35
190 37
195 39
200 41
205 43
210 45
215 47
220 49
225 52
230 54
235 56
240 59
245 61
250 64
255 66
260 69
265 71
270 74
275 77
280 79
285 82
290 85
295 88
300 91
305 95
310 121
315 120
320 103
325 106
330 110
335 113
340 117
345 120
350 123
355 127
360 130
365 146
370 138
375 141
380 145
385 147
390 152
395 157
400 161
405 164
410 169
415 171
420 177
425 180
430 205
435 189
440 194
445 200
450 200
455 214
460 218
465 215
470 220
475 228
480 246
485 235
490 240
495 255
500 265
505 267
510 302
515 271
520 283
525 277
530 289
535 289
540 293
545 298
550 302
555 308
560 313
565 319
570 323
575 329
580 335
585 340
590 351
595 354
600 355
605 363
610 370
615 375
620 381
625 387
630 438
635 475
640 401
645 413
650 418
655 425
660 431
665 465
670 447
675 452
680 458
685 464
690 472
695 530
700 505
705 499
710 528
715 528
720 516
725 527
730 531
735 534
740 543
745 570
750 557
755 564
760 576
765 574
770 586
775 593
780 601
785 608
790 620
795 624
800 633
805 641
810 692
815 657
820 664
825 674
830 811
835 689
840 699
845 708
850 714
855 724
860 730
865 747
870 751
875 758
880 769
885 773
890 834
895 790
900 881
905 815
910 820
915 850
920 846
925 846
930 909
935 864
940 872
945 922
950 898
955 897
960 976
965 921
970 926
975 967
980 946
985 955
990 967
995 975
1000 1046
1005 994
1010 1005
1015 1014
1020 1062
1025 1035
1030 1049
1035 1133
1040 1114
1045 1091
1050 1087
1055 1095
1060 1231
1065 1126
1070 1163
1075 1199
1080 1147
1085 1175
1090 1172
1095 1181
1100 1206
1105 1222
1110 1215
1115 1296
1120 1257
1125 1241
1130 1281
1135 1284
1140 1341
1145 1297
1150 1391
1155 1316
1160 1375
1165 1341
1170 1428
1175 1359
1180 1494
1185 1405
1190 1519
1195 1461
1200 1473
1205 1537
1210 1430
1215 1465
1220 1477
1225 1488
1230 1540
1235 1501
1240 1595
1245 1526
1250 1541
1255 1565
1260 1601
1265 1623
1270 1591
1275 1665
1280 1609
1285 1628
1290 1667
1295 1653
1300 1692
1305 1695
1310 1686
1315 1745
1320 1723
1325 1743
1330 1824
1335 1770
1340 1783
1345 1889
1350 1815
1355 1834
1360 1862
1365 1837
1370 1862
1375 1897
1380 1876
1385 1900
1390 1937
1395 2075
1400 1937
1405 1959
1410 1977
1415 1972
1420 1986
1425 1997
1430 2019
1435 2113
1440 2054
1445 2051
1450 2085
1455 2151
1460 2136
1465 2121
1470 2138
1475 2197
1480 2151
1485 2187
1490 2220
1495 2251
1500 2243
1505 2232
1510 2237
1515 2267
1520 2277
1525 2228
1530 2308
1535 2365
1540 2386
1545 2343
1550 2373
1555 2401
1560 2499
1565 2413
1570 2428
1575 2442
1580 2467
1585 2467
1590 2673
1595 2805
1600 2710
1605 2701
1610 2549
1615 2666
1620 2628
1625 2642
1630 2614
1635 2655
1640 2637
1645 2676
1650 2667
1655 2743
1660 2701
1665 2716
1670 2751
1675 2809
1680 2698
1685 2711
1690 2834
1695 2705
1700 2759
1705 2877
1710 2802
1715 2861
1720 2881
1725 2919
1730 2999
1735 2958
1740 3177
1745 3136
1750 3120
1755 3019
1760 3069
1765 2980
1770 2991
1775 2985
1780 3189
1785 3114
1790 3056
1795 3182
1800 3090
1805 3173
1810 3162
1815 3177
1820 3346
1825 3336
1830 3418
1835 3412
1840 3376
1845 3441
1850 3379
1855 3373
1860 3411
1865 3372
1870 3338
1875 3402
1880 3525
1885 3891
1890 3550
1895 3483
1900 3665
1905 3551
1910 3588
1915 3619
1920 3512
1925 3606
1930 3977
1935 3673
1940 3712
1945 3859
1950 3752
1955 3751
1960 3738
1965 3716
1970 3802
1975 3997
1980 3967
1985 4125
1990 3888
1995 3923
2000 3930
