0 0
5 0
10 0
15 0
20 1
25 1
30 1
35 2
40 3
45 3
50 4
55 4
60 5
65 6
70 7
75 7
80 8
85 10
90 11
95 12
100 13
105 14
110 16
115 29
120 18
125 19
130 20
135 22
140 24
145 27
150 29
155 30
160 31
165 33
170 33
175 36
180 38
185 41
190 68
195 44
200 49
205 57
210 63
215 53
220 93
225 78
230 79
235 89
240 94
245 70
250 75
255 72
260 83
265 90
270 88
275 89
280 90
285 92
290 99
295 114
300 107
305 104
310 100
315 103
320 126
325 119
330 118
335 122
340 125
345 145
350 134
355 165
360 157
365 150
370 147
375 155
380 161
385 161
390 174
395 168
400 171
405 174
410 168
415 184
420 201
425 259
430 199
435 201
440 205
445 240
450 218
455 231
460 225
465 231
470 245
475 259
480 266
485 250
490 274
495 259
500 264
505 272
510 275
515 280
520 284
525 290
530 342
535 315
540 309
545 313
550 322
555 361
560 329
565 338
570 352
575 347
580 351
585 361
590 396
595 370
600 348
605 428
610 388
615 394
620 418
625 413
630 435
635 419
640 445
645 432
650 437
655 444
660 450
665 457
670 473
675 475
680 484
685 510
690 516
695 568
700 506
705 513
710 521
715 528
720 963
725 547
730 596
735 558
740 564
745 573
750 582
755 587
760 594
765 634
770 611
775 670
780 721
785 708
790 580
795 649
800 655
805 718
810 675
815 688
820 699
825 822
830 707
835 718
840 732
845 749
850 744
855 802
860 758
865 767
870 774
875 726
880 790
885 809
890 870
895 981
900 910
905 922
910 883
915 855
920 873
925 1018
930 913
935 892
940 935
945 915
950 932
955 990
960 940
965 950
970 1007
975 986
980 1059
985 1130
990 996
995 1013
1000 1016
1005 1032
1010 1043
1015 1046
1020 1099
1025 1069
1030 1090
1035 1088
1040 1101
1045 1108
1050 1118
1055 1139
1060 1168
1065 1150
1070 1243
1075 1173
1080 1343
1085 1256
1090 1205
1095 1216
1100 1296
1105 1379
1110 1272
1115 1325
1120 1279
1125 1446
1130 1361
1135 1351
1140 1337
1145 1376
1150 1337
1155 1360
1160 1471
1165 1397
1170 1417
1175 1396
1180 1592
1185 1700
1190 1515
1195 1465
1200 1471
1205 1474
1210 1498
1215 1504
1220 1526
1225 1580
1230 1565
1235 1547
1240 1553
1245 1566
1250 1662
1255 1588
1260 1594
1265 1621
1270 1631
1275 1649
1280 1695
1285 1752
1290 1691
1295 1694
1300 1937
1305 1781
1310 1736
1315 1850
1320 1905
1325 1777
1330 2046
1335 1928
1340 1834
1345 2074
1350 2180
1355 2133
1360 2020
1365 1882
1370 1985
1375 2021
1380 1941
1385 1964
1390 2099
1395 1963
1400 2008
1405 2103
1410 2065
1415 2207
1420 2038
1425 2084
1430 2128
1435 2081
1440 2096
1445 2208
1450 2191
1455 2128
1460 2144
1465 2253
1470 2243
1475 2209
1480 2201
1485 2216
1490 2355
1495 2333
1500 2587
1505 2364
1510 2335
1515 2507
1520 2469
1525 2588
1530 2386
1535 2581
1540 2481
1545 2506
1550 2549
1555 2478
1560 2497
1565 2453
1570 2475
1575 2533
1580 2688
1585 2775
1590 2635
1595 2560
1600 2795
1605 2590
1610 2796
1615 2663
1620 2910
1625 2706
1630 2731
1635 2699
1640 2756
1645 2778
1650 2766
1655 3073
1660 3264
1665 2932
1670 2799
1675 2772
1680 2837
1685 2842
1690 2888
1695 2879
1700 2890
1705 2717
1710 2998
1715 3048
1720 2960
1725 3135
1730 3070
1735 3400
1740 3066
1745 2898
1750 3066
1755 3084
1760 3115
1765 3246
1770 3171
1775 3171
1780 3018
1785 3151
1790 3193
1795 3485
1800 3283
1805 3457
1810 3289
1815 3390
1820 3365
1825 3333
1830 3347
1835 3423
1840 3396
1845 3439
1850 3440
1855 3567
1860 3701
1865 3501
1870 3494
1875 3586
1880 3523
1885 3677
1890 3569
1895 3642
1900 3621
1905 3666
1910 3580
1915 3596
1920 3707
1925 3788
1930 3735
1935 3894
1940 3780
1945 3921
1950 3960
1955 3811
1960 3869
1965 3889
1970 4020
1975 4150
1980 4358
1985 4187
1990 4050
1995 4187
2000 4447
