0 0
5 0
10 0
15 0
20 0
25 0
30 1
35 1
40 2
45 2
50 2
55 3
60 4
65 4
70 5
75 6
80 6
85 7
90 8
95 9
100 10
105 11
110 12
115 14
120 15
125 16
130 17
135 18
140 20
145 21
150 23
155 24
160 26
165 27
170 29
175 31
180 32
185 34
190 36
195 38
200 40
205 42
210 64
215 82
220 65
225 52
230 73
235 55
240 57
245 60
250 62
255 66
260 67
265 69
270 72
275 104
280 77
285 80
290 119
295 86
300 89
305 92
310 95
315 97
320 101
325 104
330 107
335 110
340 114
345 117
350 120
355 123
360 131
365 134
370 143
375 143
380 146
385 147
390 159
395 157
400 192
405 165
410 169
415 174
420 182
425 182
430 194
435 190
440 194
445 199
450 202
455 211
460 211
465 216
470 222
475 225
480 231
485 235
490 239
495 253
500 249
505 276
510 256
515 273
520 270
525 275
530 280
535 304
540 366
545 299
550 306
555 311
560 383
565 366
570 368
575 329
580 381
585 345
590 347
595 352
600 358
605 364
610 372
615 375
620 385
625 384
630 393
635 396
640 406
645 412
650 418
655 454
660 431
665 438
670 459
675 457
680 458
685 467
690 472
695 478
700 480
705 493
710 500
715 506
720 513
725 520
730 533
735 533
740 549
745 551
750 620
755 565
760 572
765 579
770 588
775 593
780 605
785 612
790 653
795 624
800 633
805 640
810 648
815 657
820 666
825 678
830 681
835 691
840 696
845 705
850 713
855 721
860 731
865 740
870 748
875 755
880 769
885 752
890 976
895 769
900 873
905 847
910 816
915 828
920 837
925 839
930 833
935 839
940 848
945 856
950 866
955 874
960 862
965 872
970 881
975 907
980 957
985 930
990 942
995 949
1000 999
1005 1006
1010 980
1015 1158
1020 1034
1025 1007
1030 1017
1035 1396
1040 1077
1045 1076
1050 1145
1055 1105
1060 1075
1065 1088
1070 1128
1075 1138
1080 1206
1085 1215
1090 1168
1095 1180
1100 1191
1105 1201
1110 1216
1115 1230
1120 1238
1125 1237
1130 1305
1135 1275
1140 1337
1145 1293
1150 1329
1155 1313
1160 1377
1165 1336
1170 1381
1175 1404
1180 1682
1185 1445
1190 1491
1195 1657
1200 1526
1205 1553
1210 1579
1215 1456
1220 1464
1225 1478
1230 1751
1235 1500
1240 1553
1245 1589
1250 1613
1255 1580
1260 1596
1265 1593
1270 1589
1275 1708
1280 1687
1285 1642
1290 1681
1295 1867
1300 1674
1305 1680
1310 1907
1315 1945
1320 1910
1325 2222
1330 1926
1335 1760
1340 1864
1345 1914
1350 1938
1355 1919
1360 1872
1365 1976
1370 1923
1375 1885
1380 1959
1385 2229
1390 2035
1395 2107
1400 1978
1405 1975
1410 2056
1415 1985
1420 1998
1425 2002
1430 2021
1435 2034
1440 2040
1445 2162
1450 2078
1455 2080
1460 2099
1465 2115
1470 2165
1475 2134
1480 2168
1485 2167
1490 2204
1495 2247
1500 2242
1505 2333
1510 2251
1515 2254
1520 2311
1525 2297
1530 2398
1535 2369
1540 2363
1545 2462
1550 2477
1555 2613
1560 2752
1565 2829
1570 2612
1575 2736
1580 2587
1585 2641
1590 2773
1595 2618
1600 2644
1605 2771
1610 2873
1615 2833
1620 2655
1625 2773
1630 2647
1635 2741
1640 2830
1645 2850
1650 2765
1655 2891
1660 2841
1665 2953
1670 2768
1675 3079
1680 2780
1685 3149
1690 2802
1695 2997
1700 2845
1705 2881
1710 2943
1715 2957
1720 3011
1725 2990
1730 2940
1735 2977
1740 2970
1745 2990
1750 3000
1755 3020
1760 3070
1765 3065
1770 3085
1775 3096
1780 3119
1785 3156
1790 3181
1795 3190
1800 3284
1805 3245
1810 3201
1815 3291
1820 3300
1825 3483
1830 3475
1835 3538
1840 3395
1845 3595
1850 4047
1855 3724
1860 3410
1865 3463
1870 3439
1875 3765
1880 4399
1885 4334
1890 3843
1895 3571
1900 3769
1905 3612
1910 3677
1915 4216
1920 3707
1925 3638
1930 3665
1935 3855
1940 3755
1945 3749
1950 3807
1955 3796
1960 3772
1965 3755
1970 3822
1975 3843
1980 3845
1985 3832
1990 3714
1995 3762
2000 3835
