0 0
5 0
10 0
15 0
20 1
25 1
30 2
35 3
40 3
45 4
50 4
55 4
60 7
65 7
70 7
75 9
80 13
85 19
90 12
95 12
100 16
105 18
110 18
115 16
120 18
125 23
130 24
135 27
140 29
145 30
150 34
155 34
160 38
165 39
170 37
175 63
180 45
185 48
190 61
195 54
200 55
205 58
210 61
215 63
220 59
225 70
230 75
235 75
240 77
245 86
250 85
255 89
260 95
265 99
270 101
275 107
280 104
285 90
290 112
295 115
300 116
305 144
310 133
315 115
320 112
325 115
330 119
335 122
340 125
345 129
350 133
355 136
360 141
365 145
370 193
375 154
380 322
385 185
390 230
395 194
400 202
405 183
410 184
415 194
420 190
425 198
430 212
435 204
440 226
445 220
450 269
455 257
460 258
465 269
470 235
475 239
480 244
485 270
490 294
495 311
500 301
505 304
510 287
515 277
520 285
525 290
530 296
535 301
540 306
545 355
550 322
555 356
560 416
565 334
570 391
575 322
580 364
585 386
590 364
595 370
600 378
605 382
610 388
615 416
620 444
625 407
630 414
635 418
640 427
645 432
650 441
655 457
660 447
665 451
670 467
675 477
680 514
685 500
690 494
695 502
700 506
705 545
710 523
715 537
720 501
725 541
730 635
735 541
740 549
745 665
750 564
755 806
760 601
765 602
770 610
775 665
780 628
785 633
790 648
795 647
800 659
805 685
810 677
815 682
820 697
825 728
830 707
835 714
840 725
845 732
850 740
855 784
860 758
865 765
870 775
875 784
880 792
885 801
890 844
895 819
900 829
905 836
910 846
915 857
920 864
925 876
930 884
935 897
940 892
945 1003
950 932
955 875
960 887
965 1020
970 988
975 1011
980 1068
985 988
990 1005
995 1105
1000 1161
1005 1163
1010 1038
1015 1049
1020 1063
1025 1141
1030 1160
1035 1090
1040 1168
1045 1121
1050 1123
1055 1250
1060 1142
1065 1167
1070 1217
1075 1340
1080 1186
1085 1195
1090 1218
1095 1242
1100 1338
1105 1249
1110 1436
1115 1415
1120 1305
1125 1282
1130 1410
1135 1342
1140 1413
1145 1358
1150 1489
1155 1267
1160 1414
1165 1373
1170 1501
1175 1678
1180 1407
1185 1422
1190 1431
1195 1462
1200 1459
1205 1506
1210 1544
1215 1562
1220 1510
1225 1522
1230 1562
1235 1556
1240 1752
1245 1554
1250 1642
1255 1590
1260 1606
1265 1979
1270 1630
1275 1638
1280 1668
1285 1670
1290 1724
1295 1813
1300 1709
1305 1733
1310 1729
1315 1782
1320 1762
1325 1769
1330 1794
1335 1795
1340 1845
1345 1980
1350 1931
1355 1852
1360 1886
1365 2042
1370 1973
1375 1944
1380 1917
1385 2090
1390 1948
1395 1970
1400 2166
1405 2084
1410 2000
1415 2034
1420 2062
1425 2088
1430 2058
1435 2071
1440 2359
1445 2208
1450 2116
1455 2174
1460 2203
1465 2436
1470 2420
1475 2582
1480 2383
1485 2225
1490 2292
1495 2322
1500 2517
1505 2312
1510 2403
1515 2375
1520 2365
1525 2353
1530 2368
1535 2411
1540 2526
1545 2422
1550 2439
1555 2454
1560 2501
1565 2503
1570 2573
1575 2495
1580 2509
1585 2542
1590 2636
1595 2981
1600 2758
1605 2605
1610 2630
1615 2685
1620 2667
1625 2651
1630 2662
1635 2677
1640 2692
1645 2755
1650 2731
1655 2744
1660 2758
1665 3248
1670 2922
1675 2831
1680 3080
1685 2963
1690 2923
1695 2877
1700 2910
1705 2909
1710 2932
1715 2950
1720 2960
1725 3057
1730 3420
1735 3122
1740 3246
1745 3256
1750 3572
1755 3081
1760 3174
1765 3199
1770 3173
1775 3148
1780 3196
1785 3723
1790 3689
1795 3577
1800 3409
1805 3360
1810 3293
1815 3297
1820 3276
1825 3374
1830 3369
1835 3373
1840 3435
1845 3486
1850 3416
1855 3440
1860 3550
1865 3533
1870 3507
1875 3420
1880 3593
1885 3561
1890 3604
1895 3707
1900 3671
1905 3609
1910 3680
1915 3693
1920 3723
1925 3811
1930 3763
1935 3817
1940 4029
1945 3795
1950 3911
1955 3315
1960 3906
1965 3924
1970 3904
1975 4088
1980 3967
1985 3969
1990 4041
1995 4108
2000 3994
