0 0
5 0
10 0
15 0
20 1
25 1
30 1
35 2
40 2
45 3
50 3
55 4
60 5
65 6
70 7
75 7
80 8
85 9
90 10
95 11
100 13
105 14
110 15
115 16
120 18
125 19
130 20
135 22
140 23
145 24
150 26
155 28
160 28
165 32
170 34
175 36
180 38
185 40
190 42
195 42
200 46
205 49
210 50
215 51
220 55
225 57
230 60
235 62
240 65
245 67
250 70
255 68
260 76
265 78
270 81
275 85
280 112
285 84
290 93
295 108
300 96
305 99
310 102
315 106
320 107
325 113
330 115
335 118
340 123
345 117
350 130
355 148
360 172
365 228
370 165
375 190
380 157
385 195
390 187
395 186
400 218
405 209
410 228
415 242
420 207
425 210
430 238
435 211
440 211
445 228
450 265
455 236
460 234
465 232
470 236
475 239
480 244
485 255
490 254
495 260
500 284
505 266
510 368
515 279
520 331
525 306
530 301
535 303
540 381
545 346
550 318
555 323
560 327
565 335
570 341
575 346
580 341
585 358
590 364
595 410
600 397
605 382
610 390
615 394
620 400
625 407
630 414
635 392
640 416
645 397
650 439
655 446
660 425
665 459
670 466
675 472
680 478
685 440
690 479
695 486
700 530
705 499
710 508
715 564
720 523
725 645
730 535
735 542
740 583
745 589
750 564
755 571
760 531
765 621
770 699
775 655
780 626
785 632
790 641
795 650
800 657
805 666
810 654
815 664
820 691
825 744
830 723
835 758
840 792
845 775
850 740
855 749
860 766
865 764
870 775
875 783
880 793
885 814
890 840
895 815
900 831
905 835
910 846
915 858
920 863
925 897
930 883
935 894
940 900
945 910
950 948
955 959
960 979
965 954
970 966
975 975
980 978
985 989
990 1003
995 1010
1000 1019
1005 1037
1010 1039
1015 1048
1020 1072
1025 1067
1030 1077
1035 1086
1040 1100
1045 1107
1050 1119
1055 1208
1060 1168
1065 1149
1070 1164
1075 1170
1080 1152
1085 1197
1090 1213
1095 1182
1100 1193
1105 1255
1110 1257
1115 1198
1120 1205
1125 1216
1130 1225
1135 1269
1140 1279
1145 1361
1150 1355
1155 1443
1160 1378
1165 1383
1170 1409
1175 1398
1180 1410
1185 1421
1190 1470
1195 1443
1200 1455
1205 1467
1210 1482
1215 1493
1220 1507
1225 1699
1230 1672
1235 1549
1240 1553
1245 1568
1250 1585
1255 1618
1260 1667
1265 1692
1270 1653
1275 1644
1280 1665
1285 1924
1290 1928
1295 1983
1300 1845
1305 2016
1310 1999
1315 1884
1320 2058
1325 1883
1330 1853
1335 1818
1340 1813
1345 1853
1350 2022
1355 1859
1360 1898
1365 1902
1370 1919
1375 1907
1380 1968
1385 1928
1390 1931
1395 1979
1400 1998
1405 1984
1410 2006
1415 2064
1420 2035
1425 2040
1430 2071
1435 2133
1440 2149
1445 2102
1450 2129
1455 2141
1460 2165
1465 2185
1470 2168
1475 2185
1480 2259
1485 2264
1490 2250
1495 2245
1500 2263
1505 2275
1510 2310
1515 2240
1520 2313
1525 2402
1530 2324
1535 2336
1540 2315
1545 2394
1550 2326
1555 2420
1560 2531
1565 2388
1570 2489
1575 2484
1580 2666
1585 2484
1590 2760
1595 2417
1600 2497
1605 2735
1610 2596
1615 2623
1620 2624
1625 2649
1630 2638
1635 2680
1640 2697
1645 2712
1650 2561
1655 2743
1660 2714
1665 2735
1670 2803
1675 2782
1680 2824
1685 2922
1690 2871
1695 2799
1700 3056
1705 3015
1710 2924
1715 2936
1720 2957
1725 2982
1730 2989
1735 3009
1740 2926
1745 3152
1750 3136
1755 3174
1760 3273
1765 3136
1770 3161
1775 3150
1780 3170
1785 3202
1790 3153
1795 3222
1800 3343
1805 3340
1810 3521
1815 3303
1820 3426
1825 3333
1830 3348
1835 3350
1840 3291
1845 3390
1850 3325
1855 3525
1860 3562
1865 3451
1870 3499
1875 3509
1880 3508
1885 3452
1890 3459
1895 3574
1900 3645
1905 3678
1910 3649
1915 4169
1920 3804
1925 3951
1930 3755
1935 3731
1940 3775
1945 4103
1950 3764
1955 3783
1960 4102
1965 3868
1970 3837
1975 4142
1980 4125
1985 3947
1990 3953
1995 4139
2000 3982
