0 0
5 0
10 0
15 0
20 0
25 1
30 1
35 2
40 2
45 3
50 3
55 4
60 4
65 6
70 6
75 6
80 7
85 8
90 11
95 10
100 10
105 12
110 15
115 25
120 15
125 17
130 18
135 19
140 20
145 22
150 23
155 25
160 27
165 28
170 30
175 32
180 33
185 36
190 37
195 39
200 41
205 43
210 49
215 47
220 49
225 52
230 54
235 56
240 59
245 61
250 64
255 75
260 78
265 80
270 73
275 80
280 79
285 83
290 90
295 89
300 91
305 94
310 97
315 100
320 104
325 107
330 110
335 113
340 117
345 126
350 123
355 127
360 130
365 134
370 138
375 141
380 145
385 149
390 153
395 157
400 161
405 164
410 169
415 172
420 176
425 209
430 185
435 190
440 194
445 198
450 215
455 213
460 212
465 218
470 223
475 226
480 230
485 235
490 239
495 245
500 251
505 254
510 259
515 264
520 269
525 274
530 279
535 285
540 291
545 295
550 301
555 354
560 312
565 317
570 323
575 328
580 334
585 361
590 348
595 353
600 357
605 363
610 366
615 375
620 381
625 387
630 399
635 403
640 409
645 417
650 444
655 438
660 432
665 447
670 445
675 451
680 458
685 469
690 471
695 631
700 468
705 482
710 658
715 492
720 501
725 521
730 527
735 534
740 541
745 554
750 555
755 564
760 619
765 583
770 593
775 597
780 642
785 609
790 631
795 633
800 646
805 697
810 687
815 638
820 647
825 655
830 694
835 694
840 697
845 704
850 715
855 754
860 737
865 798
870 740
875 756
880 782
885 776
890 781
895 823
900 799
905 832
910 815
915 827
920 834
925 871
930 854
935 1043
940 856
945 950
950 869
955 877
960 884
965 1203
970 904
975 1038
980 981
985 984
990 1005
995 973
1000 987
1005 996
1010 1005
1015 1022
1020 1139
1025 1045
1030 1079
1035 1061
1040 1076
1045 1077
1050 1091
1055 1096
1060 1107
1065 1216
1070 1162
1075 1146
1080 1181
1085 1195
1090 1206
1095 1239
1100 1221
1105 1220
1110 1216
1115 1227
1120 1273
1125 1259
1130 1264
1135 1284
1140 1344
1145 1294
1150 1367
1155 1330
1160 1335
1165 1337
1170 1411
1175 1379
1180 1430
1185 1386
1190 1400
1195 1413
1200 1421
1205 1430
1210 1442
1215 1503
1220 1466
1225 1503
1230 1494
1235 1547
1240 1513
1245 1528
1250 1579
1255 1553
1260 1633
1265 1609
1270 1598
1275 1706
1280 1623
1285 1633
1290 1643
1295 1661
1300 1749
1305 1665
1310 1717
1315 1801
1320 1714
1325 1726
1330 1852
1335 1767
1340 1797
1345 1792
1350 1792
1355 1805
1360 1838
1365 1830
1370 1816
1375 2064
1380 1858
1385 1834
1390 2139
1395 1944
1400 1981
1405 1946
1410 1955
1415 2023
1420 2048
1425 2203
1430 2030
1435 2042
1440 2042
1445 2058
1450 2074
1455 2105
1460 2148
1465 2110
1470 2128
1475 2202
1480 2149
1485 2170
1490 2220
1495 2210
1500 2219
1505 2212
1510 2271
1515 2191
1520 2391
1525 2221
1530 2180
1535 2569
1540 2340
1545 2365
1550 2360
1555 2378
1560 2386
1565 2457
1570 2510
1575 2446
1580 2502
1585 2453
1590 2490
1595 2428
1600 2444
1605 2463
1610 2734
1615 2933
1620 2778
1625 2607
1630 2778
1635 2553
1640 2555
1645 2627
1650 2598
1655 2663
1660 2630
1665 2838
1670 2661
1675 2679
1680 2693
1685 2937
1690 2851
1695 2862
1700 2889
1705 2853
1710 2877
1715 2931
1720 2897
1725 2879
1730 2936
1735 3015
1740 3085
1745 3016
1750 3016
1755 3045
1760 3051
1765 3068
1770 3080
1775 3099
1780 3107
1785 3122
1790 3231
1795 3363
1800 3185
1805 3179
1810 3311
1815 3244
1820 3294
1825 3329
1830 3395
1835 3330
1840 3378
1845 3356
1850 3368
1855 3384
1860 3397
1865 3404
1870 3420
1875 3538
1880 3373
1885 3308
1890 3681
1895 3425
1900 3443
1905 3538
1910 3605
1915 3535
1920 3518
1925 3612
1930 3699
1935 3816
1940 3765
1945 3704
1950 3740
1955 3686
1960 4110
1965 3778
1970 3700
1975 3971
1980 3873
1985 3858
1990 3891
1995 3918
2000 3939
