0 0
5 0
10 0
15 0
20 1
25 1
30 1
35 2
40 2
45 3
50 4
55 4
60 5
65 6
70 7
75 8
80 9
85 10
90 10
95 12
100 13
105 14
110 15
115 17
120 17
125 19
130 21
135 22
140 24
145 24
150 26
155 27
160 30
165 32
170 34
175 36
180 36
185 39
190 42
195 45
200 47
205 49
210 50
215 52
220 55
225 57
230 60
235 63
240 65
245 67
250 70
255 72
260 75
265 78
270 80
275 83
280 86
285 85
290 93
295 120
300 106
305 103
310 105
315 108
320 112
325 110
330 119
335 122
340 140
345 149
350 175
355 149
360 166
365 145
370 150
375 155
380 174
385 160
390 215
395 168
400 173
405 177
410 181
415 197
420 192
425 203
430 216
435 201
440 206
445 211
450 220
455 220
460 226
465 228
470 235
475 239
480 257
485 250
490 248
495 267
500 266
505 269
510 275
515 279
520 290
525 307
530 320
535 303
540 306
545 321
550 316
555 360
560 329
565 340
570 361
575 344
580 350
585 359
590 370
595 375
600 390
605 441
610 408
615 418
620 426
625 414
630 386
635 419
640 425
645 433
650 446
655 511
660 456
665 513
670 465
675 471
680 479
685 485
690 492
695 500
700 507
705 529
710 551
715 595
720 642
725 631
730 617
735 561
740 543
745 599
750 581
755 593
760 663
765 636
770 610
775 617
780 625
785 678
790 641
795 660
800 707
805 811
810 667
815 687
820 712
825 741
830 713
835 738
840 813
845 768
850 743
855 771
860 772
865 767
870 775
875 879
880 844
885 800
890 808
895 820
900 828
905 841
910 903
915 856
920 865
925 874
930 885
935 895
940 953
945 875
950 921
955 933
960 941
965 949
970 1050
975 967
980 978
985 989
990 998
995 1023
1000 1055
1005 1030
1010 1041
1015 1067
1020 1062
1025 1080
1030 1097
1035 1138
1040 1125
1045 1109
1050 1136
1055 1131
1060 1141
1065 1152
1070 1160
1075 1187
1080 1224
1085 1207
1090 1212
1095 1237
1100 1234
1105 1243
1110 1253
1115 1267
1120 1281
1125 1284
1130 1299
1135 1308
1140 1316
1145 1329
1150 1337
1155 1356
1160 1430
1165 1372
1170 1385
1175 1398
1180 1408
1185 1423
1190 1433
1195 1414
1200 1421
1205 1469
1210 1478
1215 1491
1220 1507
1225 1583
1230 1529
1235 1622
1240 1570
1245 1564
1250 1605
1255 1626
1260 1698
1265 1614
1270 1647
1275 1640
1280 1656
1285 1720
1290 1678
1295 1687
1300 1749
1305 1751
1310 1823
1315 1851
1320 1798
1325 1867
1330 1992
1335 1806
1340 1810
1345 1996
1350 1839
1355 1931
1360 1886
1365 1924
1370 1893
1375 1907
1380 1949
1385 1927
1390 2071
1395 2051
1400 1987
1405 1993
1410 2166
1415 1959
1420 2194
1425 1972
1430 2055
1435 2080
1440 2086
1445 2198
1450 2213
1455 2148
1460 2172
1465 2157
1470 2178
1475 2248
1480 2202
1485 2228
1490 2229
1495 2244
1500 2282
1505 2273
1510 2298
1515 2306
1520 2335
1525 2350
1530 2352
1535 2372
1540 2380
1545 2438
1550 2452
1555 2548
1560 2477
1565 2365
1570 2507
1575 2617
1580 2652
1585 2632
1590 2650
1595 2643
1600 2659
1605 2593
1610 2602
1615 2614
1620 2915
1625 2596
1630 2712
1635 2689
1640 2781
1645 2724
1650 2802
1655 2780
1660 2857
1665 2865
1670 2978
1675 2876
1680 2923
1685 2860
1690 2872
1695 2877
1700 2964
1705 2909
1710 2925
1715 2991
1720 2982
1725 3111
1730 3018
1735 3029
1740 3045
1745 3063
1750 3061
1755 3096
1760 3108
1765 3132
1770 3270
1775 3182
1780 3253
1785 3188
1790 3201
1795 3279
1800 3296
1805 3377
1810 3272
1815 3547
1820 3197
1825 3336
1830 3395
1835 3379
1840 3437
1845 3458
1850 3273
1855 3475
1860 3584
1865 3436
1870 3493
1875 3578
1880 3501
1885 3618
1890 3632
1895 3605
1900 3533
1905 3524
1910 3709
1915 3659
1920 3697
1925 3699
1930 3723
1935 3777
1940 3578
1945 3784
1950 3816
1955 3804
1960 3989
1965 4125
1970 4091
1975 4141
1980 3881
1985 4085
1990 4016
1995 4161
2000 3985
