0 0
5 0
10 0
15 0
20 0
25 0
30 1
35 1
40 2
45 2
50 3
55 3
60 4
65 4
70 5
75 6
80 7
85 8
90 8
95 9
100 10
105 12
110 13
115 14
120 15
125 16
130 18
135 19
140 20
145 22
150 23
155 25
160 26
165 28
170 30
175 32
180 34
185 35
190 37
195 39
200 41
205 43
210 45
215 47
220 49
225 52
230 54
235 59
240 59
245 61
250 64
255 66
260 69
265 72
270 74
275 77
280 79
285 82
290 85
295 90
300 91
305 94
310 97
315 101
320 107
325 108
330 110
335 114
340 117
345 133
350 138
355 148
360 150
365 149
370 177
375 156
380 161
385 165
390 171
395 178
400 161
405 181
410 194
415 186
420 263
425 202
430 206
435 195
440 211
445 219
450 228
455 238
460 238
465 237
470 229
475 225
480 232
485 253
490 242
495 246
500 292
505 264
510 301
515 282
520 270
525 308
530 280
535 285
540 314
545 303
550 339
555 338
560 363
565 463
570 374
575 365
580 395
585 401
590 401
595 423
600 399
605 406
610 387
615 376
620 436
625 389
630 426
635 425
640 514
645 417
650 421
655 427
660 433
665 440
670 446
675 451
680 461
685 470
690 480
695 493
700 485
705 493
710 499
715 509
720 515
725 523
730 534
735 551
740 575
745 645
750 653
755 633
760 590
765 629
770 602
775 677
780 609
785 653
790 596
795 667
800 634
805 641
810 650
815 657
820 674
825 721
830 681
835 691
840 706
845 706
850 716
855 722
860 742
865 749
870 745
875 758
880 764
885 775
890 782
895 799
900 804
905 808
910 819
915 842
920 865
925 848
930 871
935 866
940 874
945 891
950 955
955 907
960 911
965 910
970 947
975 935
980 950
985 971
990 1030
995 978
1000 987
1005 999
1010 1173
1015 1096
1020 1102
1025 1102
1030 1084
1035 1175
1040 1079
1045 1093
1050 1103
1055 1098
1060 1117
1065 1174
1070 1168
1075 1130
1080 1158
1085 1193
1090 1172
1095 1210
1100 1190
1105 1287
1110 1239
1115 1219
1120 1234
1125 1245
1130 1279
1135 1266
1140 1279
1145 1289
1150 1309
1155 1355
1160 1315
1165 1364
1170 1349
1175 1361
1180 1369
1185 1495
1190 1418
1195 1406
1200 1417
1205 1428
1210 1500
1215 1451
1220 1461
1225 1481
1230 1482
1235 1494
1240 1470
1245 1611
1250 1501
1255 1553
1260 1556
1265 1587
1270 1585
1275 1598
1280 1644
1285 1621
1290 1636
1295 1648
1300 1673
1305 1673
1310 1687
1315 1723
1320 1712
1325 1731
1330 1792
1335 1753
1340 1867
1345 1850
1350 1790
1355 1833
1360 1985
1365 1865
1370 2040
1375 1966
1380 1873
1385 1992
1390 1904
1395 1944
1400 1935
1405 2046
1410 1949
1415 2022
1420 1986
1425 2000
1430 2104
1435 2021
1440 2039
1445 2054
1450 2066
1455 2126
1460 2091
1465 2105
1470 2160
1475 2133
1480 2202
1485 2167
1490 2217
1495 2225
1500 2214
1505 2398
1510 2242
1515 2299
1520 2503
1525 2286
1530 2418
1535 2322
1540 2381
1545 2505
1550 2435
1555 2375
1560 2640
1565 2441
1570 2448
1575 2443
1580 2487
1585 2477
1590 2506
1595 2506
1600 2892
1605 2669
1610 2573
1615 2592
1620 2576
1625 2640
1630 2610
1635 2597
1640 2889
1645 2656
1650 2698
1655 2704
1660 2709
1665 2717
1670 2792
1675 2820
1680 2777
1685 2806
1690 2803
1695 2833
1700 2856
1705 2857
1710 2877
1715 3366
1720 3045
1725 2951
1730 2970
1735 2948
1740 2970
1745 2986
1750 3003
1755 3000
1760 3184
1765 3063
1770 3149
1775 3045
1780 3059
1785 3071
1790 3132
1795 3187
1800 3091
1805 3030
1810 3121
1815 3136
1820 3712
1825 3358
1830 3284
1835 3299
1840 3888
1845 3395
1850 3370
1855 3382
1860 3401
1865 3438
1870 3437
1875 3451
1880 3461
1885 3480
1890 3506
1895 3379
1900 3341
1905 3444
1910 3427
1915 3556
1920 3518
1925 3606
1930 3462
1935 3515
1940 3844
1945 3612
1950 3573
1955 3688
1960 3658
1965 3778
1970 3764
1975 3697
1980 3772
1985 3863
1990 3778
1995 3903
2000 4075
