0 0
5 0
10 0
15 0
20 0
25 1
30 1
35 2
40 2
45 2
50 2
55 3
60 4
65 4
70 5
75 6
80 6
85 7
90 10
95 11
100 12
105 13
110 14
115 16
120 17
125 18
130 20
135 22
140 23
145 25
150 23
155 24
160 26
165 28
170 29
175 33
180 33
185 35
190 36
195 38
200 40
205 43
210 45
215 47
220 49
225 51
230 55
235 62
240 74
245 70
250 75
255 81
260 92
265 80
270 73
275 85
280 79
285 82
290 84
295 87
300 95
305 93
310 96
315 99
320 102
325 106
330 109
335 112
340 117
345 150
350 139
355 150
360 245
365 146
370 151
375 143
380 144
385 171
390 151
395 155
400 159
405 163
410 167
415 172
420 176
425 180
430 185
435 188
440 192
445 195
450 202
455 207
460 235
465 219
470 239
475 224
480 234
485 246
490 253
495 263
500 280
505 253
510 297
515 298
520 311
525 328
530 334
535 276
540 289
545 319
550 333
555 517
560 316
565 319
570 328
575 327
580 334
585 338
590 381
595 375
600 355
605 363
610 371
615 375
620 383
625 495
630 391
635 398
640 403
645 411
650 418
655 425
660 430
665 436
670 443
675 450
680 456
685 489
690 470
695 475
700 483
705 490
710 498
715 505
720 517
725 518
730 524
735 542
740 528
745 532
750 542
755 547
760 611
765 579
770 648
775 592
780 601
785 616
790 623
795 626
800 660
805 639
810 649
815 661
820 673
825 677
830 722
835 685
840 695
845 703
850 710
855 750
860 767
865 748
870 745
875 799
880 762
885 773
890 781
895 790
900 867
905 805
910 814
915 823
920 875
925 841
930 852
935 864
940 867
945 879
950 910
955 900
960 949
965 915
970 943
975 939
980 950
985 959
990 1032
995 998
1000 1008
1005 1150
1010 1003
1015 1026
1020 1024
1025 1060
1030 1066
1035 1144
1040 1068
1045 1073
1050 1081
1055 1092
1060 1103
1065 1154
1070 1122
1075 1134
1080 1146
1085 1164
1090 1306
1095 1180
1100 1187
1105 1245
1110 1216
1115 1221
1120 1235
1125 1249
1130 1381
1135 1351
1140 1315
1145 1303
1150 1308
1155 1335
1160 1324
1165 1348
1170 1344
1175 1428
1180 1364
1185 1391
1190 1390
1195 1453
1200 1456
1205 1425
1210 1464
1215 1452
1220 1465
1225 1472
1230 1545
1235 1493
1240 1546
1245 1582
1250 1561
1255 1616
1260 1556
1265 1688
1270 1584
1275 1594
1280 1612
1285 1620
1290 1630
1295 1644
1300 1715
1305 1669
1310 1681
1315 1729
1320 1708
1325 1721
1330 1938
1335 1817
1340 1785
1345 1973
1350 1813
1355 1861
1360 1877
1365 1848
1370 1870
1375 1972
1380 1859
1385 1906
1390 1983
1395 1909
1400 1929
1405 1967
1410 1950
1415 1965
1420 1975
1425 2043
1430 2055
1435 2019
1440 2060
1445 2134
1450 2051
1455 2163
1460 2609
1465 2101
1470 2262
1475 2143
1480 2198
1485 2223
1490 2402
1495 2478
1500 2225
1505 2410
1510 2238
1515 2258
1520 2283
1525 2281
1530 2283
1535 2342
1540 2408
1545 2335
1550 2355
1555 2362
1560 2385
1565 2464
1570 2422
1575 2577
1580 2444
1585 2548
1590 2484
1595 2485
1600 2516
1605 2523
1610 2538
1615 2788
1620 2542
1625 2586
1630 2602
1635 2619
1640 2639
1645 2645
1650 2837
1655 2715
1660 2739
1665 2768
1670 2785
1675 2787
1680 2788
1685 2818
1690 2802
1695 2812
1700 2840
1705 2899
1710 2871
1715 2915
1720 2897
1725 3129
1730 2938
1735 3049
1740 2994
1745 3100
1750 3039
1755 3009
1760 3051
1765 3057
1770 3165
1775 3135
1780 3408
1785 3143
1790 3146
1795 3284
1800 3176
1805 3346
1810 3597
1815 3232
1820 3368
1825 3295
1830 3287
1835 3407
1840 3328
1845 3507
1850 3395
1855 3385
1860 3502
1865 3421
1870 3434
1875 3467
1880 3473
1885 3481
1890 3606
1895 3526
1900 3601
1905 3559
1910 3584
1915 3595
1920 3621
1925 3628
1930 3603
1935 3565
1940 3721
1945 3813
1950 3623
1955 3678
1960 3809
1965 3617
1970 3707
1975 3877
1980 3912
1985 3855
1990 3883
1995 3897
2000 3808
