0 0
5 0
10 0
15 0
20 0
25 0
30 1
35 1
40 1
45 2
50 2
55 3
60 3
65 4
70 5
75 5
80 6
85 7
90 8
95 9
100 10
105 11
110 12
115 13
120 14
125 15
130 16
135 17
140 19
145 20
150 22
155 23
160 25
165 26
170 28
175 29
180 31
185 33
190 35
195 36
200 38
205 40
210 42
215 44
220 46
225 48
230 50
235 53
240 55
245 57
250 60
255 62
260 64
265 67
270 69
275 72
280 74
285 77
290 80
295 82
300 85
305 88
310 91
315 94
320 97
325 100
330 103
335 106
340 109
345 133
350 116
355 119
360 122
365 126
370 164
375 133
380 136
385 160
390 144
395 147
400 151
405 154
410 159
415 163
420 188
425 170
430 174
435 178
440 182
445 186
450 278
455 200
460 204
465 208
470 213
475 218
480 223
485 226
490 232
495 237
500 241
505 246
510 251
515 257
520 261
525 258
530 265
535 269
540 273
545 279
550 283
555 289
560 294
565 299
570 305
575 310
580 315
585 359
590 326
595 332
600 337
605 343
610 349
615 354
620 360
625 365
630 445
635 377
640 384
645 389
650 396
655 401
660 407
665 413
670 458
675 463
680 433
685 439
690 445
695 452
700 458
705 465
710 471
715 478
720 486
725 492
730 498
735 505
740 512
745 518
750 562
755 533
760 540
765 548
770 554
775 560
780 604
785 576
790 583
795 683
800 690
805 621
810 796
815 674
820 683
825 704
830 752
835 705
840 700
845 711
850 758
855 730
860 728
865 761
870 749
875 752
880 760
885 771
890 806
895 789
900 796
905 804
910 792
915 854
920 810
925 819
930 828
935 838
940 846
945 854
950 921
955 850
960 859
965 988
970 945
975 1007
980 1045
985 1042
990 1041
995 983
1000 1097
1005 992
1010 1001
1015 1046
1020 1024
1025 1032
1030 1233
1035 1023
1040 1147
1045 1075
1050 1084
1055 1097
1060 1228
1065 1091
1070 1131
1075 1104
1080 1204
1085 1124
1090 1134
1095 1200
1100 1156
1105 1204
1110 1177
1115 1187
1120 1196
1125 1230
1130 1190
1135 1198
1140 1467
1145 1346
1150 1503
1155 1365
1160 1323
1165 1332
1170 1351
1175 1355
1180 1369
1185 1407
1190 1394
1195 1400
1200 1410
1205 1426
1210 1443
1215 1410
1220 1420
1225 1469
1230 1442
1235 1455
1240 1505
1245 1516
1250 1489
1255 1582
1260 1667
1265 1608
1270 1797
1275 1810
1280 1842
1285 1802
1290 1842
1295 1805
1300 1838
1305 1658
1310 1641
1315 1806
1320 1939
1325 1741
1330 1748
1335 1752
1340 1769
1345 1781
1350 1796
1355 1820
1360 1807
1365 1983
1370 2680
1375 5420
1380 2202
1385 2161
1390 2017
1395 2285
1400 2320
1405 2123
1410 1995
1415 2307
1420 2402
1425 2351
1430 2472
1435 2457
1440 2548
1445 2350
1450 2405
1455 2328
1460 2384
1465 2437
1470 2125
1475 2308
1480 2424
1485 2888
1490 2449
1495 2807
1500 2924
1505 2643
1510 2839
1515 2773
1520 2594
1525 2599
1530 2662
1535 2715
1540 2720
1545 2604
1550 3258
1555 2400
1560 2685
1565 2691
1570 2551
1575 2516
1580 2762
1585 2528
1590 2734
1595 2693
1600 2666
1605 2812
1610 2743
1615 2912
1620 2863
1625 2556
1630 2883
1635 2836
1640 2651
1645 2960
1650 3130
1655 2797
1660 2723
1665 2715
1670 2825
1675 2903
1680 4957
1685 3534
1690 2954
1695 3044
1700 3069
1705 2981
1710 3224
1715 3385
1720 3249
1725 3043
1730 2959
1735 3368
1740 3328
1745 3242
1750 3295
1755 3113
1760 3184
1765 3298
1770 3083
1775 3472
1780 3213
1785 3119
1790 3185
1795 3171
1800 3327
1805 3186
1810 3204
1815 3228
1820 3271
1825 3434
1830 3281
1835 3295
1840 3394
1845 3347
1850 3413
1855 3385
1860 3384
1865 3635
1870 3423
1875 3455
1880 3468
1885 3476
1890 3569
1895 3596
1900 3560
1905 3686
1910 3569
1915 3607
1920 3622
1925 3651
1930 3676
1935 3737
1940 3738
1945 4177
1950 3833
1955 3788
1960 3759
1965 3821
1970 3856
1975 3851
1980 3853
1985 3903
1990 3954
1995 3921
2000 4239
