0 0
5 0
10 0
15 0
20 1
25 1
30 1
35 2
40 2
45 3
50 4
55 4
60 5
65 6
70 7
75 8
80 9
85 10
90 11
95 12
100 13
105 14
110 15
115 16
120 18
125 19
130 21
135 22
140 24
145 26
150 29
155 29
160 31
165 32
170 34
175 36
180 38
185 40
190 42
195 43
200 46
205 48
210 51
215 54
220 56
225 57
230 60
235 64
240 65
245 68
250 69
255 73
260 75
265 79
270 81
275 85
280 87
285 91
290 94
295 97
300 109
305 112
310 106
315 110
320 113
325 116
330 119
335 122
340 138
345 129
350 134
355 136
360 141
365 144
370 147
375 153
380 156
385 160
390 163
395 168
400 172
405 176
410 179
415 184
420 188
425 196
430 197
435 201
440 205
445 210
450 215
455 220
460 225
465 229
470 234
475 237
480 240
485 251
490 255
495 259
500 264
505 270
510 274
515 279
520 284
525 289
530 295
535 344
540 306
545 312
550 317
555 323
560 329
565 334
570 342
575 351
580 385
585 385
590 364
595 370
600 379
605 384
610 388
615 423
620 402
625 407
630 413
635 496
640 427
645 512
650 510
655 474
660 449
665 475
670 479
675 524
680 519
685 487
690 493
695 499
700 634
705 496
710 562
715 528
720 537
725 567
730 553
735 562
740 566
745 573
750 602
755 589
760 603
765 603
770 661
775 619
780 628
785 632
790 767
795 650
800 619
805 664
810 705
815 683
820 690
825 697
830 895
835 716
840 722
845 730
850 741
855 749
860 757
865 769
870 789
875 783
880 792
885 863
890 810
895 819
900 981
905 837
910 844
915 888
920 867
925 876
930 954
935 894
940 903
945 947
950 922
955 929
960 1083
965 957
970 962
975 1118
980 978
985 990
990 1001
995 1013
1000 1018
1005 1028
1010 1037
1015 1186
1020 1061
1025 1072
1030 1025
1035 1091
1040 1105
1045 1177
1050 1159
1055 1146
1060 1164
1065 1153
1070 1191
1075 1196
1080 1184
1085 1195
1090 1225
1095 1185
1100 1194
1105 1203
1110 1215
1115 1277
1120 1237
1125 1412
1130 1257
1135 1547
1140 1280
1145 1292
1150 1302
1155 1347
1160 1366
1165 1377
1170 1384
1175 1396
1180 1408
1185 1418
1190 1440
1195 1444
1200 1454
1205 1467
1210 1487
1215 1495
1220 1579
1225 1514
1230 1539
1235 1565
1240 1573
1245 1563
1250 1585
1255 1684
1260 1616
1265 1615
1270 1634
1275 1641
1280 1761
1285 1639
1290 1775
1295 1692
1300 1768
1305 1728
1310 1730
1315 1773
1320 1790
1325 1770
1330 1782
1335 1827
1340 1873
1345 1920
1350 1848
1355 1947
1360 1878
1365 1893
1370 1914
1375 1918
1380 2120
1385 1959
1390 1952
1395 1986
1400 2028
1405 2158
1410 2140
1415 2162
1420 2052
1425 2043
1430 2057
1435 2183
1440 2141
1445 2227
1450 2358
1455 2130
1460 2275
1465 2412
1470 2503
1475 2258
1480 2201
1485 2266
1490 2291
1495 2241
1500 2299
1505 2329
1510 2284
1515 2305
1520 2316
1525 2486
1530 2409
1535 2384
1540 2487
1545 2475
1550 2473
1555 2430
1560 2441
1565 2457
1570 2476
1575 2529
1580 2548
1585 2558
1590 2553
1595 2709
1600 2704
1605 2584
1610 2594
1615 2697
1620 2633
1625 2630
1630 2677
1635 2805
1640 2725
1645 2719
1650 2745
1655 2757
1660 2770
1665 2784
1670 2811
1675 2855
1680 2822
1685 2848
1690 2977
1695 2972
1700 2938
1705 2824
1710 2847
1715 2944
1720 2923
1725 3297
1730 3243
1735 3086
1740 3034
1745 3045
1750 3085
1755 3122
1760 3149
1765 3317
1770 3262
1775 3152
1780 3165
1785 3207
1790 3359
1795 3462
1800 3294
1805 3265
1810 3377
1815 3421
1820 3408
1825 3332
1830 3348
1835 3645
1840 3465
1845 3400
1850 3385
1855 3692
1860 3580
1865 3430
1870 3667
1875 3694
1880 3561
1885 3598
1890 3529
1895 3583
1900 3592
1905 3617
1910 3694
1915 3859
1920 3713
1925 3698
1930 3654
1935 3811
1940 3842
1945 3785
1950 4000
1955 3867
1960 3845
1965 3937
1970 4081
1975 3904
1980 3890
1985 4015
1990 3976
1995 4029
2000 4101
