0 0
5 0
10 0
15 0
20 0
25 0
30 1
35 1
40 2
45 2
50 3
55 3
60 4
65 4
70 5
75 6
80 7
85 8
90 8
95 9
100 10
105 11
110 13
115 14
120 15
125 16
130 17
135 19
140 20
145 22
150 24
155 25
160 26
165 28
170 30
175 32
180 33
185 35
190 37
195 39
200 41
205 43
210 45
215 50
220 49
225 52
230 61
235 74
240 59
245 61
250 63
255 66
260 69
265 71
270 74
275 77
280 79
285 82
290 85
295 91
300 90
305 94
310 98
315 103
320 103
325 109
330 123
335 140
340 116
345 141
350 138
355 144
360 143
365 176
370 149
375 156
380 183
385 165
390 167
395 159
400 171
405 184
410 199
415 194
420 198
425 213
430 198
435 219
440 228
445 202
450 203
455 207
460 240
465 228
470 240
475 227
480 234
485 260
490 240
495 244
500 249
505 284
510 260
515 264
520 270
525 296
530 287
535 317
540 290
545 299
550 301
555 334
560 329
565 395
570 385
575 346
580 340
585 341
590 359
595 353
600 359
605 485
610 370
615 378
620 422
625 393
630 401
635 438
640 456
645 415
650 435
655 428
660 485
665 438
670 524
675 519
680 520
685 495
690 537
695 479
700 501
705 494
710 501
715 551
720 545
725 519
730 527
735 536
740 569
745 556
750 559
755 565
760 687
765 582
770 602
775 598
780 680
785 820
790 683
795 644
800 827
805 641
810 653
815 677
820 669
825 679
830 699
835 696
840 696
845 707
850 716
855 734
860 731
865 740
870 748
875 762
880 764
885 774
890 782
895 801
900 798
905 811
910 824
915 827
920 853
925 869
930 854
935 860
940 874
945 880
950 890
955 978
960 927
965 941
970 957
975 944
980 954
985 1056
990 968
995 979
1000 987
1005 1000
1010 1066
1015 1061
1020 1029
1025 1055
1030 1045
1035 1077
1040 1085
1045 1097
1050 1085
1055 1122
1060 1114
1065 1138
1070 1129
1075 1163
1080 1211
1085 1207
1090 1223
1095 1179
1100 1232
1105 1355
1110 1325
1115 1230
1120 1246
1125 1293
1130 1257
1135 1269
1140 1273
1145 1291
1150 1392
1155 1313
1160 1329
1165 1392
1170 1388
1175 1380
1180 1413
1185 1380
1190 1490
1195 1396
1200 1630
1205 1497
1210 1451
1215 1466
1220 1475
1225 1569
1230 1508
1235 1640
1240 1702
1245 1526
1250 1648
1255 1571
1260 1667
1265 1578
1270 1613
1275 1784
1280 1813
1285 1703
1290 1702
1295 1825
1300 1663
1305 1703
1310 1741
1315 1710
1320 1743
1325 2083
1330 1749
1335 1866
1340 1832
1345 1787
1350 1932
1355 1982
1360 1842
1365 1952
1370 2125
1375 1856
1380 1921
1385 1919
1390 2071
1395 2011
1400 1932
1405 2027
1410 2448
1415 2111
1420 2320
1425 2230
1430 2144
1435 2410
1440 2425
1445 2343
1450 2316
1455 2320
1460 2369
1465 2261
1470 2502
1475 2390
1480 2291
1485 2442
1490 2812
1495 2452
1500 2652
1505 2511
1510 2279
1515 2269
1520 2368
1525 2819
1530 2383
1535 2451
1540 2405
1545 2388
1550 2359
1555 2372
1560 2406
1565 2412
1570 2449
1575 2469
1580 2464
1585 2468
1590 2671
1595 2556
1600 2524
1605 2724
1610 2620
1615 2998
1620 2574
1625 2594
1630 2673
1635 2634
1640 2659
1645 2692
1650 2669
1655 2721
1660 2708
1665 2779
1670 2775
1675 2780
1680 2797
1685 2870
1690 2839
1695 2843
1700 2855
1705 2893
1710 3007
1715 3152
1720 2930
1725 3297
1730 3066
1735 3212
1740 2992
1745 3017
1750 3137
1755 3031
1760 3190
1765 3127
1770 3272
1775 3520
1780 3730
1785 3275
1790 3188
1795 3237
1800 3512
1805 3239
1810 3308
1815 3263
1820 3509
1825 3575
1830 3290
1835 3736
1840 3589
1845 3431
1850 3424
1855 3471
1860 3406
1865 3413
1870 3455
1875 3452
1880 3475
1885 3499
1890 3517
1895 3540
1900 3556
1905 3568
1910 3585
1915 3602
1920 3626
1925 3646
1930 3659
1935 3718
1940 3728
1945 3724
1950 3823
1955 3749
1960 3808
1965 3781
1970 4103
1975 3840
1980 3853
1985 3916
1990 3992
1995 3944
2000 4044
