0 0
5 0
10 0
15 0
20 0
25 0
30 1
35 1
40 1
45 2
50 2
55 3
60 4
65 4
70 5
75 6
80 6
85 7
90 8
95 9
100 10
105 11
110 12
115 13
120 15
125 16
130 17
135 18
140 20
145 21
150 23
155 24
160 26
165 28
170 29
175 31
180 33
185 35
190 36
195 39
200 41
205 43
210 45
215 47
220 49
225 51
230 53
235 56
240 58
245 60
250 63
255 65
260 68
265 71
270 73
275 77
280 79
285 81
290 84
295 88
300 90
305 93
310 97
315 99
320 102
325 105
330 108
335 119
340 116
345 119
350 122
355 130
360 129
365 132
370 136
375 140
380 143
385 147
390 152
395 155
400 159
405 164
410 167
415 171
420 176
425 181
430 183
435 173
440 192
445 197
450 201
455 206
460 210
465 216
470 220
475 225
480 228
485 234
490 237
495 244
500 252
505 254
510 258
515 263
520 268
525 273
530 277
535 282
540 289
545 294
550 299
555 305
560 330
565 309
570 314
575 381
580 324
585 330
590 460
595 373
600 346
605 363
610 368
615 374
620 409
625 386
630 392
635 399
640 407
645 444
650 405
655 411
660 420
665 534
670 432
675 469
680 456
685 463
690 470
695 479
700 484
705 490
710 500
715 503
720 518
725 519
730 527
735 533
740 543
745 570
750 578
755 582
760 572
765 577
770 584
775 592
780 599
785 608
790 650
795 656
800 630
805 645
810 653
815 661
820 686
825 675
830 684
835 698
840 697
845 702
850 710
855 721
860 728
865 735
870 748
875 804
880 842
885 791
890 779
895 787
900 796
905 809
910 815
915 822
920 833
925 871
930 851
935 863
940 889
945 886
950 887
955 898
960 904
965 917
970 971
975 941
980 943
985 973
990 965
995 1018
1000 995
1005 992
1010 1001
1015 1012
1020 1026
1025 1026
1030 1043
1035 1053
1040 1062
1045 1078
1050 1093
1055 1093
1060 1108
1065 1115
1070 1130
1075 1164
1080 1144
1085 1156
1090 1165
1095 1234
1100 1207
1105 1202
1110 1210
1115 1225
1120 1266
1125 1358
1130 1308
1135 1390
1140 1336
1145 1302
1150 1305
1155 1394
1160 1361
1165 1375
1170 1343
1175 1384
1180 1390
1185 1373
1190 1388
1195 1501
1200 1504
1205 1488
1210 1462
1215 1654
1220 1731
1225 1477
1230 1512
1235 1501
1240 1702
1245 1534
1250 1565
1255 1545
1260 1606
1265 1623
1270 1616
1275 1596
1280 1609
1285 1624
1290 1636
1295 1648
1300 1733
1305 1674
1310 1722
1315 1745
1320 1719
1325 1743
1330 1753
1335 1756
1340 1761
1345 1775
1350 1789
1355 1799
1360 1850
1365 1915
1370 1867
1375 1885
1380 1868
1385 1879
1390 1991
1395 1926
1400 1951
1405 1993
1410 1950
1415 1977
1420 2005
1425 1990
1430 2009
1435 2021
1440 2097
1445 2232
1450 2062
1455 2078
1460 2150
1465 2140
1470 2148
1475 2134
1480 2143
1485 2179
1490 2244
1495 2374
1500 2232
1505 2222
1510 2231
1515 2251
1520 2537
1525 2292
1530 2460
1535 2390
1540 2419
1545 2405
1550 2353
1555 2385
1560 2383
1565 2554
1570 2425
1575 2573
1580 2447
1585 2479
1590 2569
1595 2549
1600 2618
1605 2607
1610 2634
1615 2612
1620 2652
1625 2681
1630 2700
1635 2664
1640 2683
1645 2818
1650 2886
1655 2871
1660 2810
1665 2730
1670 2747
1675 2756
1680 2802
1685 2838
1690 2827
1695 2836
1700 2830
1705 2887
1710 2878
1715 2932
1720 2924
1725 2948
1730 2966
1735 2982
1740 2968
1745 3015
1750 3057
1755 3024
1760 3151
1765 3078
1770 3076
1775 3091
1780 3176
1785 3157
1790 3167
1795 3256
1800 3186
1805 3214
1810 3215
1815 3301
1820 3404
1825 3276
1830 3302
1835 3329
1840 3396
1845 3437
1850 3346
1855 3432
1860 3565
1865 3502
1870 3674
1875 3655
1880 3458
1885 3575
1890 3555
1895 3595
1900 3573
1905 3599
1910 3596
1915 3614
1920 3688
1925 3620
1930 3707
1935 3729
1940 3683
1945 3784
1950 3733
1955 3835
1960 3814
1965 3910
1970 3891
1975 3837
1980 3957
1985 3853
1990 4006
1995 3943
2000 3993
