0 0
5 0
10 0
15 0
20 0
25 0
30 1
35 1
40 1
45 2
50 2
55 3
60 4
65 4
70 5
75 6
80 7
85 7
90 7
95 9
100 10
105 11
110 12
115 13
120 15
125 16
130 17
135 18
140 20
145 21
150 23
155 24
160 26
165 28
170 29
175 63
180 33
185 35
190 36
195 44
200 47
205 42
210 44
215 49
220 49
225 51
230 53
235 55
240 58
245 61
250 63
255 65
260 68
265 74
270 73
275 84
280 79
285 82
290 84
295 87
300 90
305 93
310 96
315 99
320 103
325 106
330 109
335 113
340 136
345 119
350 124
355 125
360 144
365 132
370 137
375 144
380 152
385 154
390 169
395 167
400 179
405 163
410 168
415 175
420 175
425 184
430 184
435 188
440 221
445 194
450 200
455 205
460 209
465 215
470 221
475 226
480 231
485 271
490 239
495 266
500 280
505 270
510 258
515 265
520 278
525 273
530 282
535 311
540 296
545 305
550 301
555 311
560 322
565 333
570 353
575 369
580 390
585 381
590 375
595 353
600 468
605 430
610 2540
615 431
620 429
625 434
630 469
635 481
640 469
645 443
650 467
655 477
660 448
665 478
670 470
675 467
680 646
685 505
690 519
695 465
700 525
705 573
710 526
715 507
720 638
725 691
730 664
735 551
740 622
745 698
750 622
755 625
760 723
765 660
770 650
775 655
780 664
785 705
790 716
795 723
800 701
805 810
810 818
815 711
820 720
825 696
830 707
835 950
840 1335
845 788
850 729
855 749
860 731
865 792
870 762
875 921
880 769
885 770
890 780
895 795
900 881
905 930
910 813
915 976
920 859
925 899
930 877
935 993
940 870
945 883
950 890
955 926
960 939
965 1002
970 1105
975 933
980 943
985 981
990 1040
995 973
1000 987
1005 993
1010 1010
1015 1123
1020 1022
1025 1037
1030 1094
1035 1132
1040 1102
1045 1074
1050 1083
1055 1092
1060 1130
1065 1159
1070 1176
1075 1137
1080 1203
1085 1307
1090 1173
1095 1177
1100 1186
1105 1514
1110 1208
1115 1223
1120 1254
1125 1258
1130 1254
1135 1280
1140 1277
1145 1408
1150 1338
1155 1444
1160 1322
1165 1340
1170 1443
1175 1463
1180 1654
1185 1567
1190 1566
1195 1441
1200 1702
1205 1519
1210 1522
1215 1556
1220 1643
1225 1548
1230 1610
1235 1560
1240 1511
1245 1521
1250 1809
1255 1542
1260 1560
1265 1746
1270 1599
1275 1639
1280 1627
1285 1659
1290 1862
1295 1655
1300 1691
1305 1669
1310 1699
1315 1729
1320 1741
1325 1725
1330 2010
1335 1748
1340 1789
1345 2021
1350 1934
1355 2014
1360 1843
1365 1855
1370 1912
1375 1853
1380 1867
1385 2064
1390 1891
1395 1910
1400 2068
1405 1934
1410 1947
1415 1966
1420 2022
1425 1991
1430 2057
1435 2022
1440 2265
1445 2055
1450 2067
1455 2225
1460 2085
1465 2217
1470 2131
1475 2132
1480 2146
1485 2159
1490 2300
1495 2252
1500 2218
1505 2349
1510 2294
1515 2314
1520 2372
1525 2302
1530 2329
1535 2466
1540 2345
1545 2608
1550 2383
1555 2378
1560 2438
1565 2445
1570 2456
1575 2487
1580 2534
1585 2499
1590 2662
1595 2494
1600 2681
1605 2510
1610 2731
1615 2587
1620 2667
1625 2597
1630 2603
1635 2617
1640 2633
1645 2649
1650 2666
1655 2655
1660 2662
1665 2713
1670 2729
1675 2782
1680 2772
1685 2782
1690 2827
1695 2976
1700 3209
1705 3098
1710 3154
1715 2891
1720 2901
1725 2924
1730 2949
1735 3115
1740 3063
1745 3191
1750 3005
1755 3080
1760 3028
1765 3066
1770 3136
1775 3131
1780 3299
1785 3122
1790 3258
1795 3224
1800 3208
1805 3190
1810 3256
1815 3533
1820 3243
1825 3260
1830 3452
1835 3317
1840 3500
1845 3366
1850 3581
1855 3757
1860 3610
1865 3539
1870 3432
1875 3623
1880 3545
1885 3549
1890 3507
1895 3754
1900 3692
1905 3762
1910 3831
1915 3930
1920 4064
1925 4166
1930 4006
1935 3790
1940 3813
1945 3713
1950 3972
1955 3925
1960 3760
1965 3788
1970 3960
1975 3817
1980 3835
1985 3885
1990 4259
1995 3922
2000 3953
