0 0
5 0
10 0
15 0
20 0
25 0
30 1
35 1
40 2
45 2
50 3
55 3
60 4
65 4
70 5
75 6
80 7
85 8
90 8
95 9
100 11
105 11
110 13
115 14
120 15
125 16
130 17
135 19
140 20
145 22
150 40
155 25
160 27
165 28
170 30
175 31
180 34
185 39
190 41
195 39
200 41
205 45
210 47
215 47
220 49
225 57
230 55
235 56
240 59
245 61
250 64
255 66
260 69
265 71
270 74
275 77
280 80
285 82
290 85
295 88
300 91
305 94
310 97
315 100
320 104
325 107
330 110
335 113
340 124
345 120
350 123
355 147
360 142
365 147
370 136
375 142
380 145
385 151
390 153
395 157
400 161
405 165
410 169
415 172
420 176
425 181
430 186
435 189
440 194
445 198
450 202
455 207
460 211
465 218
470 221
475 225
480 230
485 236
490 246
495 241
500 249
505 258
510 259
515 264
520 269
525 276
530 279
535 285
540 291
545 295
550 301
555 306
560 312
565 317
570 322
575 328
580 398
585 339
590 353
595 380
600 368
605 408
610 390
615 413
620 407
625 389
630 394
635 400
640 407
645 453
650 422
655 431
660 451
665 468
670 444
675 466
680 481
685 464
690 473
695 479
700 571
705 498
710 504
715 571
720 509
725 565
730 557
735 565
740 542
745 550
750 645
755 574
760 593
765 578
770 585
775 611
780 619
785 623
790 617
795 624
800 638
805 670
810 649
815 655
820 713
825 683
830 696
835 691
840 717
845 706
850 713
855 752
860 736
865 758
870 748
875 780
880 813
885 772
890 802
895 798
900 798
905 849
910 842
915 832
920 836
925 868
930 855
935 874
940 891
945 913
950 889
955 976
960 920
965 1007
970 949
975 936
980 946
985 999
990 993
995 990
1000 1006
1005 997
1010 1156
1015 1045
1020 1375
1025 1187
1030 1188
1035 1323
1040 1067
1045 1248
1050 1298
1055 1177
1060 1195
1065 1277
1070 1214
1075 1244
1080 1192
1085 1313
1090 1363
1095 1195
1100 1354
1105 1466
1110 1351
1115 1273
1120 1378
1125 1254
1130 1461
1135 1403
1140 1450
1145 1871
1150 1336
1155 1447
1160 1379
1165 1569
1170 1354
1175 1505
1180 1402
1185 1530
1190 1572
1195 1415
1200 1546
1205 1579
1210 1601
1215 1690
1220 1671
1225 1856
1230 1751
1235 1691
1240 2043
1245 1988
1250 1904
1255 1582
1260 1798
1265 1900
1270 1932
1275 1842
1280 1831
1285 1819
1290 1835
1295 1821
1300 1679
1305 1887
1310 1809
1315 1826
1320 1834
1325 1789
1330 1746
1335 1847
1340 1773
1345 1948
1350 2008
1355 1970
1360 1835
1365 1875
1370 1926
1375 1886
1380 2018
1385 1923
1390 1913
1395 2024
1400 2116
1405 1950
1410 1959
1415 2032
1420 2016
1425 2004
1430 2054
1435 2033
1440 2040
1445 2050
1450 2067
1455 2155
1460 2093
1465 2110
1470 2144
1475 2191
1480 2165
1485 2168
1490 2182
1495 2228
1500 2220
1505 2325
1510 2291
1515 2260
1520 2333
1525 2352
1530 2314
1535 2334
1540 2459
1545 2361
1550 2405
1555 2452
1560 2412
1565 2443
1570 2420
1575 2440
1580 2455
1585 2470
1590 2826
1595 2607
1600 2534
1605 2539
1610 2548
1615 2571
1620 2572
1625 2594
1630 2670
1635 2705
1640 2692
1645 2742
1650 2711
1655 2721
1660 2746
1665 2772
1670 2660
1675 2679
1680 2768
1685 2709
1690 2727
1695 2748
1700 2745
1705 3235
1710 2929
1715 2994
1720 2857
1725 2980
1730 3522
1735 3128
1740 2922
1745 3068
1750 3241
1755 3338
1760 2954
1765 2959
1770 3001
1775 3064
1780 3018
1785 3150
1790 2978
1795 2995
1800 3012
1805 3101
1810 3100
1815 3172
1820 3201
1825 3178
1830 3248
1835 3507
1840 3437
1845 3340
1850 3357
1855 3632
1860 3450
1865 3420
1870 3479
1875 3474
1880 3413
1885 3387
1890 3728
1895 3524
1900 3542
1905 3586
1910 3608
1915 3603
1920 3664
1925 3679
1930 3647
1935 3792
1940 3809
1945 3803
1950 3731
1955 3774
1960 3827
1965 3811
1970 3888
1975 3832
1980 3890
1985 3844
1990 3926
1995 3946
2000 3932
