0 0
5 0
10 0
15 0
20 0
25 0
30 1
35 1
40 2
45 2
50 3
55 3
60 4
65 4
70 5
75 6
80 6
85 7
90 8
95 9
100 10
105 11
110 12
115 13
120 15
125 16
130 17
135 18
140 20
145 21
150 23
155 24
160 26
165 27
170 29
175 31
180 32
185 34
190 36
195 38
200 40
205 42
210 44
215 46
220 48
225 52
230 54
235 56
240 59
245 61
250 64
255 66
260 69
265 72
270 74
275 77
280 79
285 82
290 85
295 88
300 91
305 94
310 97
315 100
320 103
325 106
330 110
335 113
340 116
345 120
350 123
355 132
360 130
365 134
370 159
375 141
380 145
385 149
390 153
395 158
400 165
405 164
410 169
415 173
420 178
425 216
430 195
435 189
440 193
445 201
450 246
455 245
460 212
465 216
470 223
475 226
480 272
485 234
490 239
495 280
500 254
505 255
510 260
515 267
520 270
525 275
530 280
535 286
540 291
545 334
550 297
555 303
560 312
565 318
570 324
575 330
580 335
585 340
590 458
595 347
600 358
605 363
610 370
615 376
620 382
625 384
630 394
635 401
640 407
645 414
650 420
655 426
660 432
665 439
670 448
675 452
680 461
685 466
690 473
695 480
700 485
705 493
710 495
715 513
720 526
725 521
730 532
735 534
740 544
745 550
750 557
755 560
760 572
765 583
770 586
775 595
780 635
785 610
790 617
795 628
800 634
805 641
810 651
815 702
820 669
825 703
830 683
835 689
840 698
845 742
850 713
855 777
860 753
865 802
870 748
875 755
880 766
885 774
890 782
895 817
900 799
905 808
910 817
915 831
920 838
925 852
930 863
935 862
940 875
945 885
950 890
955 904
960 999
965 927
970 930
975 947
980 1050
985 1016
990 976
995 1074
1000 1064
1005 1046
1010 1007
1015 1089
1020 1213
1025 1036
1030 1075
1035 1110
1040 1082
1045 1135
1050 1084
1055 1155
1060 1126
1065 1118
1070 1164
1075 1139
1080 1150
1085 1163
1090 1293
1095 1186
1100 1229
1105 1269
1110 1259
1115 1253
1120 1250
1125 1260
1130 1391
1135 1303
1140 1495
1145 1471
1150 1436
1155 1319
1160 1555
1165 1408
1170 1431
1175 1407
1180 1375
1185 1403
1190 1394
1195 1404
1200 1418
1205 1429
1210 1442
1215 1452
1220 1463
1225 1587
1230 1488
1235 1505
1240 1561
1245 1550
1250 1555
1255 1546
1260 1717
1265 1576
1270 1588
1275 1664
1280 1611
1285 1661
1290 1652
1295 1647
1300 1715
1305 1674
1310 1721
1315 1786
1320 1713
1325 1792
1330 1763
1335 1749
1340 1855
1345 1863
1350 1791
1355 1806
1360 1856
1365 1835
1370 1929
1375 1944
1380 1859
1385 1887
1390 1935
1395 1935
1400 1930
1405 1950
1410 2061
1415 1974
1420 1983
1425 1996
1430 2117
1435 2039
1440 2039
1445 2248
1450 2163
1455 2250
1460 2360
1465 2289
1470 2132
1475 2339
1480 2162
1485 2274
1490 2418
1495 2357
1500 2306
1505 2344
1510 2347
1515 2255
1520 2422
1525 2286
1530 2308
1535 2395
1540 2358
1545 2543
1550 2365
1555 2451
1560 2387
1565 2423
1570 2432
1575 2450
1580 2453
1585 2527
1590 2581
1595 2651
1600 2613
1605 2625
1610 2668
1615 2702
1620 2667
1625 2619
1630 2770
1635 2671
1640 2730
1645 2736
1650 2801
1655 2718
1660 2861
1665 2797
1670 2927
1675 2803
1680 2895
1685 2790
1690 2966
1695 2818
1700 3026
1705 2849
1710 2911
1715 2908
1720 3046
1725 2961
1730 2946
1735 2969
1740 2970
1745 2993
1750 3006
1755 3033
1760 3123
1765 3140
1770 3126
1775 3085
1780 4077
1785 3280
1790 3348
1795 3647
1800 3213
1805 3397
1810 3529
1815 3332
1820 3347
1825 3715
1830 3557
1835 3409
1840 3521
1845 3545
1850 3376
1855 3440
1860 3451
1865 3416
1870 3562
1875 3530
1880 3470
1885 3486
1890 3586
1895 3524
1900 3549
1905 3683
1910 3609
1915 3643
1920 3884
1925 3638
1930 3883
1935 3870
1940 3786
1945 3741
1950 3955
1955 3800
1960 3817
1965 3918
1970 3960
1975 3978
1980 4051
1985 4066
1990 4073
1995 8909
2000 4355
