0 0
5 0
10 0
15 0
20 0
25 1
30 1
35 1
40 1
45 2
50 2
55 3
60 4
65 4
70 5
75 6
80 6
85 7
90 8
95 9
100 10
105 13
110 23
115 15
120 16
125 17
130 19
135 20
140 22
145 23
150 25
155 27
160 29
165 28
170 30
175 35
180 37
185 40
190 40
195 42
200 46
205 49
210 50
215 53
220 55
225 58
230 62
235 79
240 66
245 71
250 77
255 77
260 71
265 73
270 73
275 75
280 79
285 82
290 85
295 87
300 90
305 99
310 99
315 110
320 121
325 106
330 109
335 125
340 116
345 151
350 122
355 140
360 129
365 133
370 138
375 139
380 144
385 148
390 152
395 156
400 159
405 163
410 167
415 202
420 175
425 179
430 204
435 212
440 193
445 196
450 245
455 205
460 210
465 214
470 220
475 239
480 229
485 235
490 237
495 263
500 247
505 253
510 276
515 274
520 279
525 276
530 276
535 301
540 297
545 296
550 301
555 314
560 314
565 316
570 322
575 327
580 333
585 337
590 382
595 352
600 357
605 362
610 368
615 376
620 382
625 388
630 394
635 397
640 406
645 410
650 419
655 424
660 431
665 436
670 444
675 449
680 456
685 462
690 473
695 477
700 506
705 491
710 500
715 505
720 526
725 524
730 524
735 532
740 539
745 547
750 555
755 561
760 573
765 592
770 592
775 592
780 602
785 607
790 614
795 685
800 635
805 673
810 645
815 654
820 666
825 674
830 680
835 686
840 698
845 709
850 710
855 726
860 727
865 737
870 745
875 766
880 819
885 750
890 762
895 783
900 797
905 804
910 845
915 840
920 840
925 840
930 853
935 863
940 882
945 893
950 863
955 912
960 906
965 915
970 926
975 994
980 973
985 957
990 962
995 972
1000 1000
1005 994
1010 1037
1015 1046
1020 1021
1025 1255
1030 1155
1035 1041
1040 1067
1045 1044
1050 1093
1055 1096
1060 1103
1065 1117
1070 1124
1075 1163
1080 1147
1085 1159
1090 1166
1095 1194
1100 1321
1105 1168
1110 1246
1115 1189
1120 1198
1125 1211
1130 1222
1135 1220
1140 1208
1145 1332
1150 1264
1155 1303
1160 1332
1165 1368
1170 1367
1175 1355
1180 1365
1185 1426
1190 1478
1195 1363
1200 1633
1205 1451
1210 1474
1215 1578
1220 1495
1225 1494
1230 1485
1235 1529
1240 1510
1245 1658
1250 1543
1255 1591
1260 1758
1265 1623
1270 1631
1275 1681
1280 1607
1285 1624
1290 1644
1295 1752
1300 1664
1305 1698
1310 1750
1315 1696
1320 1737
1325 1759
1330 1736
1335 1749
1340 1761
1345 1817
1350 1786
1355 1805
1360 1815
1365 1824
1370 1858
1375 1855
1380 1897
1385 1914
1390 1894
1395 1911
1400 1974
1405 1932
1410 1949
1415 2120
1420 1982
1425 2014
1430 2003
1435 2018
1440 2037
1445 2052
1450 2131
1455 2104
1460 2089
1465 2446
1470 2084
1475 2133
1480 2195
1485 2160
1490 2155
1495 2189
1500 2216
1505 2653
1510 2212
1515 2379
1520 2482
1525 2329
1530 2291
1535 2307
1540 2666
1545 2338
1550 2445
1555 2340
1560 2391
1565 2435
1570 2445
1575 2539
1580 2445
1585 2702
1590 2486
1595 2592
1600 2538
1605 2768
1610 2556
1615 2656
1620 2742
1625 2651
1630 2611
1635 2695
1640 2647
1645 2662
1650 2685
1655 2700
1660 2701
1665 2724
1670 2740
1675 2781
1680 2768
1685 2936
1690 2798
1695 2869
1700 2755
1705 2807
1710 2785
1715 3365
1720 2822
1725 2874
1730 2779
1735 2902
1740 2863
1745 3100
1750 2956
1755 2968
1760 3004
1765 3271
1770 3084
1775 3001
1780 2977
1785 2957
1790 2973
1795 3064
1800 3089
1805 3257
1810 3149
1815 3414
1820 3415
1825 3309
1830 3289
1835 3305
1840 3332
1845 3338
1850 3364
1855 3381
1860 3394
1865 3413
1870 3448
1875 3458
1880 3897
1885 3954
1890 3645
1895 3563
1900 3538
1905 3565
1910 3670
1915 3591
1920 3638
1925 3668
1930 3710
1935 3866
1940 3690
1945 3735
1950 3733
1955 3758
1960 3806
1965 3831
1970 3931
1975 3830
1980 3838
1985 3783
1990 3670
1995 3864
2000 3790
