0 0
5 0
10 0
15 0
20 1
25 1
30 1
35 2
40 2
45 3
50 4
55 4
60 5
65 6
70 7
75 8
80 9
85 10
90 12
95 12
100 13
105 14
110 15
115 17
120 18
125 19
130 21
135 23
140 24
145 25
150 27
155 29
160 31
165 32
170 34
175 46
180 36
185 38
190 41
195 44
200 46
205 48
210 51
215 52
220 55
225 57
230 59
235 62
240 64
245 68
250 70
255 73
260 76
265 79
270 81
275 84
280 87
285 89
290 95
295 95
300 99
305 100
310 105
315 109
320 114
325 117
330 121
335 122
340 130
345 130
350 134
355 150
360 140
365 144
370 154
375 151
380 156
385 163
390 162
395 167
400 171
405 180
410 179
415 186
420 181
425 192
430 198
435 202
440 206
445 211
450 213
455 219
460 259
465 231
470 234
475 240
480 243
485 251
490 254
495 259
500 263
505 269
510 273
515 280
520 286
525 291
530 294
535 315
540 306
545 315
550 317
555 323
560 328
565 337
570 342
575 345
580 350
585 356
590 362
595 369
600 373
605 380
610 387
615 393
620 399
625 414
630 372
635 407
640 432
645 419
650 426
655 432
660 439
665 462
670 453
675 459
680 465
685 473
690 513
695 485
700 548
705 500
710 523
715 551
720 634
725 590
730 574
735 666
740 582
745 672
750 579
755 589
760 604
765 607
770 608
775 595
780 630
785 633
790 640
795 649
800 656
805 645
810 674
815 664
820 661
825 625
830 686
835 668
840 678
845 730
850 740
855 750
860 717
865 768
870 775
875 895
880 795
885 829
890 810
895 814
900 827
905 836
910 845
915 878
920 865
925 872
930 883
935 891
940 900
945 911
950 919
955 930
960 941
965 950
970 964
975 970
980 964
985 991
990 1025
995 1022
1000 1022
1005 1041
1010 1053
1015 1063
1020 1050
1025 1067
1030 1125
1035 1118
1040 1099
1045 1110
1050 1122
1055 1132
1060 1163
1065 1185
1070 1162
1075 1173
1080 1191
1085 1214
1090 1196
1095 1218
1100 1185
1105 1243
1110 1254
1115 1283
1120 1273
1125 1288
1130 1349
1135 1304
1140 1315
1145 1326
1150 1302
1155 1409
1160 1361
1165 1390
1170 1384
1175 1395
1180 1435
1185 1419
1190 1394
1195 1406
1200 1416
1205 1775
1210 1549
1215 1453
1220 1465
1225 1746
1230 1526
1235 1537
1240 1510
1245 1562
1250 1536
1255 1662
1260 1608
1265 1624
1270 1635
1275 1645
1280 1653
1285 1764
1290 1683
1295 1698
1300 1713
1305 1749
1310 1736
1315 1747
1320 1758
1325 1790
1330 1941
1335 1797
1340 1861
1345 1837
1350 1841
1355 1864
1360 1864
1365 1880
1370 1907
1375 2000
1380 1901
1385 1992
1390 1942
1395 1957
1400 2074
1405 2009
1410 1872
1415 2006
1420 2028
1425 2041
1430 2053
1435 2071
1440 2052
1445 2096
1450 2057
1455 2072
1460 2191
1465 2143
1470 2369
1475 2185
1480 2252
1485 2311
1490 2169
1495 2246
1500 2272
1505 2252
1510 2227
1515 2250
1520 2272
1525 2425
1530 2379
1535 2372
1540 2536
1545 2398
1550 2427
1555 2425
1560 2452
1565 2454
1570 2471
1575 2487
1580 2500
1585 2449
1590 2549
1595 2577
1600 2609
1605 2632
1610 2639
1615 2611
1620 2631
1625 2829
1630 2662
1635 2657
1640 2622
1645 2639
1650 2655
1655 3064
1660 2766
1665 2707
1670 2793
1675 2876
1680 2839
1685 2733
1690 2913
1695 2913
1700 2922
1705 3019
1710 2855
1715 2982
1720 2969
1725 3160
1730 2999
1735 3023
1740 3158
1745 3210
1750 3062
1755 3082
1760 3157
1765 3142
1770 3137
1775 3162
1780 3432
1785 3185
1790 3209
1795 3266
1800 3238
1805 3205
1810 3271
1815 3374
1820 3566
1825 3396
1830 3385
1835 3452
1840 3387
1845 3533
1850 3416
1855 3442
1860 3487
1865 3477
1870 3492
1875 3657
1880 3510
1885 3773
1890 4117
1895 3646
1900 3627
1905 3621
1910 3636
1915 3695
1920 3591
1925 3639
1930 3686
1935 3634
1940 3699
1945 3731
1950 3802
1955 3576
1960 3766
1965 3797
1970 3841
1975 3761
1980 4118
1985 3826
1990 3993
1995 4538
2000 4003
