0 0
5 0
10 0
15 0
20 0
25 0
30 1
35 1
40 1
45 2
50 2
55 3
60 3
65 4
70 5
75 5
80 6
85 7
90 8
95 9
100 10
105 11
110 12
115 13
120 14
125 15
130 17
135 18
140 19
145 21
150 22
155 24
160 25
165 29
170 28
175 30
180 32
185 34
190 35
195 37
200 39
205 41
210 43
215 45
220 47
225 49
230 52
235 54
240 56
245 59
250 61
255 79
260 66
265 68
270 71
275 74
280 96
285 79
290 115
295 85
300 88
305 91
310 94
315 110
320 115
325 103
330 121
335 144
340 150
345 116
350 119
355 154
360 126
365 129
370 133
375 136
380 140
385 147
390 151
395 155
400 159
405 162
410 168
415 171
420 174
425 179
430 183
435 188
440 192
445 197
450 201
455 205
460 209
465 216
470 214
475 218
480 244
485 278
490 336
495 237
500 241
505 246
510 251
515 256
520 261
525 266
530 287
535 283
540 288
545 294
550 299
555 305
560 310
565 316
570 323
575 328
580 356
585 338
590 345
595 350
600 355
605 361
610 368
615 374
620 380
625 400
630 429
635 422
640 395
645 599
650 620
655 413
660 419
665 425
670 432
675 482
680 558
685 450
690 456
695 510
700 472
705 602
710 509
715 527
720 498
725 504
730 539
735 531
740 536
745 546
750 557
755 561
760 569
765 577
770 584
775 591
780 635
785 607
790 600
795 608
800 696
805 756
810 724
815 654
820 662
825 670
830 678
835 722
840 757
845 684
850 812
855 719
860 733
865 738
870 754
875 837
880 763
885 795
890 781
895 789
900 799
905 814
910 828
915 824
920 835
925 840
930 851
935 861
940 867
945 872
950 886
955 895
960 905
965 917
970 976
975 941
980 942
985 953
990 964
995 950
1000 1128
1005 970
1010 1002
1015 1012
1020 1022
1025 1252
1030 1015
1035 1068
1040 1085
1045 1070
1050 1108
1055 1093
1060 1103
1065 1113
1070 1284
1075 1202
1080 1118
1085 1125
1090 1135
1095 1244
1100 1256
1105 1198
1110 1178
1115 1187
1120 1467
1125 1249
1130 1219
1135 1267
1140 1343
1145 1252
1150 1269
1155 1314
1160 1367
1165 1332
1170 1342
1175 1358
1180 1393
1185 1377
1190 1387
1195 1409
1200 1537
1205 1418
1210 1435
1215 1480
1220 1534
1225 1474
1230 1486
1235 1506
1240 1508
1245 1523
1250 1536
1255 1568
1260 1560
1265 1570
1270 1595
1275 1600
1280 1611
1285 1620
1290 1687
1295 1644
1300 1668
1305 1769
1310 1693
1315 1812
1320 2012
1325 1934
1330 1876
1335 1988
1340 1762
1345 1805
1350 1790
1355 1854
1360 1924
1365 1896
1370 1980
1375 1889
1380 1902
1385 1890
1390 1904
1395 1896
1400 1926
1405 2265
1410 1895
1415 1909
1420 2098
1425 1993
1430 2042
1435 2021
1440 2061
1445 2302
1450 2007
1455 2073
1460 2092
1465 2163
1470 2206
1475 2130
1480 2179
1485 2193
1490 2172
1495 2234
1500 2205
1505 2206
1510 2251
1515 2216
1520 2204
1525 2257
1530 2295
1535 2316
1540 2306
1545 2537
1550 2356
1555 2507
1560 2385
1565 2409
1570 2412
1575 2400
1580 2555
1585 2599
1590 2527
1595 2519
1600 2521
1605 2727
1610 2649
1615 2555
1620 2738
1625 2711
1630 2725
1635 2657
1640 2726
1645 2660
1650 2714
1655 2700
1660 2753
1665 2785
1670 2783
1675 2739
1680 2806
1685 2783
1690 2875
1695 2814
1700 2914
1705 2847
1710 2822
1715 3307
1720 2915
1725 2947
1730 2943
1735 2950
1740 2960
1745 3035
1750 2915
1755 3048
1760 2953
1765 3102
1770 2945
1775 2961
1780 3273
1785 3118
1790 3172
1795 3105
1800 3129
1805 3098
1810 3314
1815 3173
1820 3228
1825 3252
1830 3326
1835 3212
1840 3195
1845 3229
1850 3210
1855 3268
1860 3405
1865 3306
1870 3341
1875 3502
1880 3483
1885 3570
1890 3552
1895 3538
1900 3622
1905 3618
1910 3588
1915 3666
1920 3636
1925 4245
1930 3754
1935 3707
1940 3700
1945 3894
1950 3748
1955 3845
1960 3907
1965 3922
1970 3822
1975 3895
1980 4177
1985 3910
1990 3896
1995 4002
2000 4339
