0 0
5 0
10 0
15 0
20 1
25 1
30 1
35 2
40 2
45 3
50 4
55 4
60 5
65 6
70 7
75 7
80 8
85 9
90 10
95 11
100 13
105 14
110 15
115 16
120 18
125 19
130 21
135 22
140 24
145 25
150 27
155 30
160 29
165 41
170 35
175 36
180 38
185 40
190 42
195 45
200 45
205 48
210 48
215 54
220 69
225 58
230 72
235 63
240 142
245 69
250 71
255 74
260 76
265 80
270 81
275 84
280 87
285 90
290 94
295 153
300 99
305 103
310 106
315 110
320 114
325 120
330 122
335 122
340 130
345 147
350 156
355 160
360 162
365 164
370 168
375 158
380 187
385 191
390 195
395 199
400 210
405 226
410 222
415 214
420 219
425 203
430 255
435 202
440 209
445 199
450 216
455 232
460 225
465 231
470 298
475 287
480 306
485 308
490 255
495 260
500 266
505 287
510 275
515 278
520 287
525 385
530 334
535 346
540 307
545 312
550 317
555 363
560 398
565 403
570 403
575 347
580 353
585 360
590 364
595 375
600 448
605 380
610 395
615 413
620 447
625 411
630 453
635 518
640 435
645 438
650 435
655 477
660 550
665 479
670 484
675 493
680 576
685 580
690 533
695 503
700 507
705 516
710 571
715 529
720 537
725 544
730 584
735 629
740 568
745 575
750 596
755 589
760 613
765 614
770 611
775 627
780 717
785 766
790 692
795 731
800 733
805 741
810 678
815 700
820 692
825 701
830 707
835 717
840 724
845 733
850 741
855 791
860 781
865 768
870 775
875 782
880 793
885 803
890 820
895 819
900 830
905 838
910 848
915 856
920 924
925 881
930 883
935 890
940 903
945 900
950 1034
955 999
960 953
965 969
970 972
975 972
980 1005
985 1021
990 1001
995 1011
1000 1019
1005 1030
1010 1075
1015 1049
1020 1060
1025 1081
1030 1078
1035 1132
1040 1105
1045 1113
1050 1119
1055 1180
1060 1249
1065 1152
1070 1161
1075 1174
1080 1187
1085 1190
1090 1303
1095 1215
1100 1248
1105 1405
1110 1265
1115 1392
1120 1428
1125 1454
1130 1375
1135 1320
1140 1431
1145 1371
1150 1445
1155 1352
1160 1539
1165 1410
1170 1557
1175 1401
1180 1465
1185 1505
1190 1431
1195 1445
1200 1459
1205 1524
1210 1481
1215 1537
1220 1545
1225 1645
1230 1557
1235 1684
1240 1727
1245 1565
1250 1672
1255 1605
1260 1573
1265 1661
1270 1651
1275 1841
1280 1755
1285 1725
1290 1931
1295 1785
1300 1702
1305 1918
1310 1765
1315 1744
1320 1922
1325 1979
1330 1786
1335 2142
1340 2081
1345 1840
1350 1880
1355 2165
1360 1874
1365 1911
1370 1921
1375 2046
1380 2030
1385 1935
1390 1985
1395 2307
1400 1970
1405 2381
1410 2250
1415 2103
1420 2403
1425 2252
1430 2330
1435 3518
1440 2482
1445 2206
1450 2386
1455 2319
1460 2806
1465 2650
1470 2756
1475 2554
1480 2721
1485 2597
1490 2626
1495 2593
1500 2491
1505 2447
1510 2326
1515 2349
1520 2583
1525 2511
1530 2644
1535 2367
1540 2471
1545 2489
1550 2414
1555 2434
1560 2447
1565 2821
1570 2586
1575 2556
1580 2555
1585 2596
1590 2659
1595 2557
1600 2574
1605 2748
1610 2649
1615 2710
1620 2648
1625 2836
1630 2662
1635 2693
1640 2694
1645 2757
1650 2794
1655 2768
1660 2800
1665 2786
1670 2791
1675 2811
1680 2824
1685 2849
1690 2867
1695 2873
1700 2905
1705 2789
1710 3104
1715 3118
1720 3369
1725 3348
1730 3249
1735 3036
1740 3061
1745 3053
1750 3395
1755 3181
1760 3408
1765 3429
1770 3104
1775 3447
1780 3243
1785 3410
1790 3752
1795 3267
1800 3354
1805 3278
1810 3348
1815 3616
1820 3316
1825 3461
1830 3580
1835 3509
1840 3536
1845 3805
1850 3434
1855 3468
1860 3503
1865 3484
1870 3504
1875 3483
1880 3540
1885 3572
1890 3567
1895 3592
1900 3630
1905 3633
1910 3639
1915 3694
1920 3694
1925 3695
1930 3723
1935 3864
1940 3766
1945 3911
1950 3788
1955 3859
1960 3854
1965 4171
1970 3898
1975 3948
1980 3945
1985 3928
1990 4178
1995 4449
2000 4248
