0 0
5 0
10 0
15 0
20 0
25 0
30 1
35 1
40 1
45 2
50 2
55 3
60 4
65 4
70 5
75 6
80 6
85 7
90 8
95 9
100 10
105 11
110 12
115 13
120 15
125 16
130 17
135 18
140 20
145 21
150 23
155 24
160 26
165 27
170 29
175 31
180 33
185 34
190 36
195 38
200 40
205 42
210 44
215 47
220 49
225 51
230 53
235 55
240 58
245 60
250 63
255 65
260 68
265 70
270 73
275 76
280 78
285 81
290 84
295 87
300 90
305 93
310 96
315 99
320 102
325 105
330 109
335 112
340 115
345 118
350 122
355 126
360 130
365 133
370 136
375 153
380 172
385 149
390 157
395 157
400 159
405 164
410 168
415 171
420 176
425 179
430 184
435 188
440 193
445 198
450 201
455 207
460 210
465 215
470 219
475 224
480 229
485 234
490 267
495 243
500 249
505 255
510 309
515 321
520 286
525 282
530 278
535 282
540 289
545 297
550 299
555 304
560 311
565 325
570 321
575 327
580 333
585 339
590 349
595 365
600 425
605 364
610 371
615 374
620 380
625 385
630 392
635 399
640 404
645 410
650 419
655 456
660 460
665 439
670 443
675 451
680 462
685 466
690 457
695 530
700 484
705 489
710 498
715 536
720 543
725 522
730 530
735 532
740 539
745 547
750 554
755 562
760 555
765 619
770 722
775 589
780 583
785 609
790 642
795 622
800 630
805 641
810 647
815 655
820 662
825 671
830 678
835 685
840 695
845 705
850 716
855 719
860 726
865 744
870 744
875 753
880 779
885 791
890 758
895 914
900 801
905 810
910 823
915 940
920 932
925 868
930 856
935 869
940 868
945 884
950 904
955 895
960 906
965 948
970 924
975 938
980 1013
985 962
990 963
995 1001
1000 987
1005 1024
1010 1001
1015 1012
1020 1024
1025 1032
1030 1058
1035 1053
1040 1060
1045 1072
1050 1125
1055 1248
1060 1077
1065 1120
1070 1124
1075 1147
1080 1117
1085 1125
1090 1136
1095 1147
1100 1161
1105 1259
1110 1220
1115 1189
1120 1205
1125 1439
1130 1246
1135 1229
1140 1278
1145 1441
1150 1264
1155 1278
1160 1401
1165 1364
1170 1343
1175 1354
1180 1365
1185 1498
1190 1354
1195 1356
1200 1510
1205 1428
1210 1469
1215 1454
1220 1461
1225 1481
1230 1486
1235 1494
1240 1547
1245 1542
1250 1531
1255 1549
1260 1717
1265 1672
1270 1648
1275 1632
1280 1648
1285 1620
1290 1653
1295 1659
1300 1657
1305 1684
1310 1799
1315 1698
1320 1770
1325 1831
1330 1761
1335 1872
1340 1862
1345 1932
1350 1832
1355 1972
1360 1941
1365 1847
1370 1843
1375 1870
1380 1888
1385 1890
1390 1935
1395 2065
1400 1969
1405 1966
1410 2068
1415 1968
1420 1989
1425 1994
1430 2034
1435 2030
1440 2039
1445 2049
1450 2121
1455 2105
1460 2113
1465 2214
1470 2121
1475 2300
1480 2176
1485 2168
1490 2179
1495 2203
1500 2270
1505 2227
1510 2265
1515 2290
1520 2269
1525 2314
1530 2364
1535 2307
1540 2394
1545 2395
1550 2383
1555 2380
1560 2435
1565 2427
1570 2430
1575 2427
1580 2640
1585 2459
1590 2562
1595 2489
1600 2576
1605 2596
1610 2597
1615 2664
1620 2600
1625 2665
1630 2682
1635 2692
1640 2700
1645 2804
1650 2761
1655 2763
1660 2778
1665 2731
1670 2752
1675 2801
1680 2830
1685 2800
1690 2839
1695 2845
1700 2968
1705 2859
1710 3017
1715 2921
1720 3001
1725 2934
1730 3014
1735 2947
1740 2978
1745 3000
1750 3009
1755 3150
1760 3074
1765 3124
1770 3069
1775 3214
1780 3099
1785 3248
1790 3305
1795 3154
1800 3186
1805 3186
1810 3248
1815 3420
1820 3250
1825 3292
1830 3297
1835 3362
1840 3397
1845 3334
1850 3391
1855 3439
1860 3388
1865 3524
1870 3440
1875 3450
1880 3618
1885 3475
1890 3523
1895 3695
1900 3535
1905 3566
1910 3613
1915 3590
1920 3652
1925 3644
1930 3671
1935 3699
1940 3790
1945 3706
1950 3896
1955 3778
1960 3759
1965 4080
1970 3909
1975 4069
1980 4162
1985 4286
1990 4032
1995 3988
2000 3939
