0 0
5 0
10 0
15 0
20 0
25 0
30 1
35 1
40 2
45 2
50 3
55 3
60 4
65 5
70 5
75 6
80 7
85 8
90 9
95 10
100 11
105 12
110 13
115 14
120 15
125 17
130 18
135 19
140 21
145 23
150 24
155 26
160 27
165 29
170 31
175 33
180 35
185 36
190 39
195 41
200 43
205 45
210 47
215 49
220 52
225 54
230 56
235 58
240 61
245 64
250 68
255 69
260 72
265 75
270 77
275 80
280 83
285 86
290 89
295 93
300 115
305 95
310 96
315 99
320 103
325 140
330 138
335 112
340 116
345 119
350 123
355 127
360 130
365 133
370 137
375 140
380 144
385 148
390 151
395 155
400 181
405 167
410 167
415 181
420 175
425 180
430 213
435 188
440 192
445 197
450 205
455 206
460 211
465 215
470 219
475 235
480 229
485 233
490 238
495 243
500 248
505 254
510 258
515 264
520 268
525 337
530 316
535 284
540 289
545 298
550 307
555 305
560 310
565 317
570 322
575 327
580 333
585 341
590 344
595 349
600 356
605 362
610 367
615 374
620 405
625 396
630 392
635 398
640 404
645 411
650 417
655 427
660 440
665 438
670 451
675 450
680 458
685 464
690 471
695 477
700 485
705 491
710 497
715 509
720 514
725 519
730 528
735 540
740 541
745 557
750 554
755 561
760 569
765 577
770 585
775 593
780 600
785 612
790 616
795 623
800 634
805 643
810 650
815 653
820 663
825 668
830 678
835 686
840 694
845 703
850 767
855 720
860 727
865 735
870 745
875 753
880 761
885 784
890 780
895 788
900 797
905 805
910 813
915 823
920 832
925 859
930 858
935 874
940 875
945 882
950 921
955 923
960 906
965 916
970 937
975 934
980 942
985 953
990 963
995 973
1000 982
1005 1027
1010 1003
1015 1014
1020 1124
1025 1044
1030 1281
1035 1050
1040 1068
1045 1088
1050 1082
1055 1107
1060 1143
1065 1172
1070 1125
1075 1133
1080 1150
1085 1155
1090 1186
1095 1178
1100 1393
1105 1243
1110 1316
1115 1228
1120 1258
1125 1255
1130 1221
1135 1231
1140 1266
1145 1316
1150 1296
1155 1312
1160 1320
1165 1355
1170 1371
1175 1393
1180 1396
1185 1381
1190 1478
1195 1449
1200 1512
1205 1485
1210 1438
1215 1453
1220 1461
1225 1740
1230 1484
1235 1507
1240 1525
1245 1573
1250 1632
1255 1824
1260 1564
1265 1588
1270 1583
1275 1601
1280 1627
1285 1618
1290 1669
1295 1651
1300 1664
1305 1624
1310 1671
1315 1642
1320 1620
1325 1632
1330 2099
1335 1772
1340 1773
1345 1789
1350 1785
1355 1802
1360 1861
1365 1784
1370 1743
1375 1882
1380 1875
1385 1846
1390 1833
1395 1844
1400 1892
1405 1836
1410 1849
1415 1861
1420 2114
1425 2172
1430 2009
1435 2029
1440 2043
1445 2334
1450 2068
1455 2225
1460 2229
1465 2103
1470 2186
1475 2339
1480 2210
1485 2230
1490 2177
1495 2226
1500 2205
1505 2221
1510 2526
1515 2375
1520 2265
1525 2279
1530 2369
1535 2318
1540 2394
1545 2351
1550 2398
1555 2418
1560 2392
1565 2469
1570 2420
1575 2438
1580 2449
1585 2462
1590 2479
1595 2511
1600 2522
1605 2531
1610 2554
1615 2586
1620 2579
1625 2601
1630 2776
1635 2620
1640 2768
1645 2791
1650 2873
1655 2858
1660 3056
1665 2777
1670 2894
1675 2775
1680 3080
1685 2819
1690 2966
1695 3001
1700 2896
1705 2937
1710 3581
1715 3432
1720 2953
1725 2982
1730 3182
1735 3032
1740 3093
1745 3136
1750 3102
1755 3023
1760 3311
1765 3162
1770 3168
1775 3124
1780 3101
1785 3165
1790 3197
1795 3214
1800 3184
1805 3212
1810 3260
1815 3263
1820 3278
1825 3403
1830 3290
1835 3364
1840 3374
1845 3397
1850 3423
1855 3369
1860 3533
1865 3414
1870 3439
1875 3572
1880 3457
1885 3481
1890 3577
1895 3547
1900 3526
1905 3616
1910 3571
1915 3524
1920 3620
1925 3864
1930 3751
1935 3704
1940 3683
1945 3707
1950 3961
1955 4106
1960 3854
1965 3885
1970 3920
1975 3811
1980 4200
1985 3898
1990 3969
1995 3921
2000 3951
