0 0
5 0
10 0
15 0
20 0
25 0
30 1
35 1
40 2
45 2
50 3
55 3
60 4
65 4
70 5
75 6
80 7
85 8
90 8
95 9
100 10
105 13
110 13
115 14
120 15
125 16
130 18
135 19
140 20
145 22
150 23
155 25
160 28
165 28
170 30
175 31
180 33
185 35
190 37
195 39
200 41
205 43
210 45
215 47
220 49
225 52
230 54
235 56
240 59
245 61
250 64
255 66
260 69
265 72
270 74
275 76
280 80
285 82
290 85
295 88
300 91
305 95
310 97
315 98
320 104
325 107
330 110
335 113
340 116
345 120
350 124
355 147
360 141
365 134
370 138
375 143
380 145
385 159
390 170
395 172
400 183
405 165
410 192
415 170
420 177
425 180
430 185
435 189
440 194
445 200
450 203
455 208
460 212
465 216
470 220
475 225
480 233
485 234
490 239
495 244
500 252
505 307
510 260
515 264
520 269
525 275
530 289
535 285
540 291
545 295
550 301
555 307
560 313
565 317
570 323
575 331
580 340
585 341
590 389
595 364
600 399
605 365
610 378
615 376
620 380
625 387
630 402
635 400
640 407
645 413
650 418
655 425
660 423
665 450
670 428
675 439
680 446
685 452
690 459
695 478
700 485
705 491
710 499
715 510
720 561
725 520
730 522
735 534
740 542
745 549
750 558
755 549
760 556
765 591
770 573
775 579
780 618
785 624
790 600
795 607
800 616
805 623
810 662
815 639
820 646
825 654
830 661
835 706
840 678
845 686
850 779
855 721
860 731
865 737
870 747
875 828
880 889
885 883
890 755
895 791
900 802
905 810
910 817
915 836
920 837
925 843
930 940
935 868
940 880
945 917
950 1054
955 956
960 912
965 918
970 942
975 1196
980 1091
985 1088
990 1104
995 984
1000 1150
1005 1112
1010 1008
1015 1027
1020 1223
1025 1187
1030 1143
1035 1114
1040 1066
1045 1115
1050 1167
1055 1107
1060 1200
1065 1272
1070 1268
1075 1345
1080 1482
1085 1315
1090 2593
1095 1391
1100 1254
1105 1173
1110 1276
1115 1194
1120 1207
1125 1249
1130 1281
1135 1279
1140 1284
1145 1294
1150 1323
1155 1359
1160 1571
1165 1568
1170 1383
1175 1357
1180 1637
1185 1437
1190 1425
1195 1406
1200 1427
1205 1431
1210 1440
1215 1429
1220 1778
1225 1542
1230 1491
1235 1553
1240 1512
1245 1527
1250 1541
1255 1697
1260 1565
1265 1577
1270 1644
1275 1603
1280 1658
1285 1628
1290 1662
1295 1650
1300 1864
1305 1689
1310 1688
1315 1704
1320 1770
1325 1749
1330 1750
1335 1792
1340 1863
1345 1782
1350 1863
1355 1812
1360 1817
1365 1967
1370 1852
1375 1870
1380 1958
1385 1884
1390 1897
1395 1918
1400 1923
1405 1937
1410 2091
1415 2016
1420 2054
1425 1992
1430 2057
1435 2215
1440 2039
1445 2065
1450 2100
1455 2066
1460 2286
1465 2121
1470 2123
1475 2162
1480 2185
1485 2288
1490 2182
1495 2197
1500 2286
1505 2164
1510 2481
1515 2255
1520 2297
1525 2332
1530 2298
1535 2603
1540 2269
1545 2718
1550 2359
1555 2504
1560 2393
1565 2538
1570 2429
1575 2469
1580 2486
1585 2505
1590 2546
1595 2551
1600 2762
1605 2531
1610 2591
1615 2565
1620 3016
1625 2604
1630 2956
1635 2619
1640 3236
1645 3035
1650 4327
1655 3520
1660 3458
1665 2806
1670 3040
1675 2789
1680 2949
1685 7610
1690 2779
1695 2982
1700 2892
1705 2857
1710 2881
1715 2887
1720 2924
1725 2938
1730 2969
1735 3006
1740 2973
1745 3174
1750 3005
1755 3249
1760 3059
1765 3111
1770 3072
1775 3099
1780 3168
1785 3141
1790 3206
1795 3236
1800 3204
1805 3225
1810 3218
1815 3288
1820 3276
1825 3325
1830 3297
1835 3333
1840 3559
1845 4087
1850 3485
1855 3461
1860 3395
1865 3451
1870 3493
1875 3548
1880 3556
1885 3538
1890 3720
1895 3557
1900 3576
1905 3570
1910 3663
1915 3859
1920 3618
1925 3638
1930 3656
1935 3674
1940 3669
1945 3864
1950 3781
1955 3763
1960 3781
1965 3855
1970 3823
1975 3810
1980 3847
1985 3859
1990 4130
1995 3908
2000 3987
