0 0
5 0
10 0
15 0
20 0
25 0
30 1
35 1
40 2
45 2
50 3
55 3
60 4
65 4
70 5
75 6
80 7
85 7
90 8
95 10
100 12
105 13
110 13
115 14
120 15
125 16
130 20
135 19
140 21
145 22
150 30
155 26
160 27
165 28
170 31
175 32
180 34
185 35
190 37
195 39
200 41
205 43
210 45
215 47
220 50
225 52
230 54
235 56
240 97
245 88
250 92
255 153
260 90
265 78
270 75
275 77
280 96
285 93
290 92
295 102
300 101
305 94
310 98
315 100
320 121
325 105
330 110
335 113
340 116
345 123
350 130
355 134
360 148
365 134
370 142
375 142
380 148
385 151
390 165
395 162
400 162
405 170
410 172
415 174
420 180
425 184
430 186
435 194
440 200
445 198
450 208
455 230
460 212
465 218
470 228
475 227
480 231
485 236
490 239
495 247
500 250
505 296
510 279
515 273
520 289
525 287
530 281
535 293
540 292
545 297
550 301
555 307
560 348
565 362
570 419
575 347
580 386
585 368
590 405
595 423
600 358
605 364
610 385
615 393
620 427
625 428
630 420
635 435
640 604
645 450
650 426
655 450
660 498
665 438
670 449
675 503
680 563
685 545
690 472
695 474
700 486
705 492
710 618
715 559
720 588
725 642
730 528
735 570
740 544
745 623
750 741
755 565
760 571
765 579
770 662
775 613
780 602
785 611
790 618
795 630
800 634
805 679
810 649
815 660
820 663
825 672
830 680
835 689
840 696
845 744
850 713
855 723
860 730
865 739
870 746
875 754
880 765
885 752
890 797
895 770
900 777
905 766
910 774
915 783
920 792
925 800
930 868
935 925
940 828
945 859
950 1104
955 950
960 901
965 917
970 929
975 940
980 1035
985 931
990 976
995 985
1000 1040
1005 1031
1010 1102
1015 1042
1020 1025
1025 1037
1030 1046
1035 1056
1040 1077
1045 1093
1050 1099
1055 1101
1060 1112
1065 1141
1070 1130
1075 1141
1080 1147
1085 1159
1090 1168
1095 1180
1100 1265
1105 1170
1110 1256
1115 1232
1120 1267
1125 1373
1130 1250
1135 1268
1140 1282
1145 1289
1150 1303
1155 1311
1160 1321
1165 1336
1170 1311
1175 1379
1180 1405
1185 1387
1190 1404
1195 1398
1200 1417
1205 1431
1210 1447
1215 1458
1220 1552
1225 1490
1230 1529
1235 1512
1240 1512
1245 1525
1250 1539
1255 1507
1260 1519
1265 1529
1270 1543
1275 1549
1280 1584
1285 1588
1290 1903
1295 1656
1300 1660
1305 1678
1310 1714
1315 1703
1320 1817
1325 1729
1330 1760
1335 2010
1340 1812
1345 1785
1350 1801
1355 1805
1360 1818
1365 1831
1370 1871
1375 1858
1380 1872
1385 1893
1390 1895
1395 1925
1400 1939
1405 1942
1410 1952
1415 2034
1420 1969
1425 2101
1430 2008
1435 2019
1440 2043
1445 2099
1450 2065
1455 2083
1460 2100
1465 2189
1470 2157
1475 2132
1480 2220
1485 2173
1490 2253
1495 2276
1500 2229
1505 2226
1510 2321
1515 2257
1520 2285
1525 2324
1530 2376
1535 2367
1540 2361
1545 2413
1550 2369
1555 2397
1560 2599
1565 2647
1570 2457
1575 2579
1580 2609
1585 2800
1590 2940
1595 2856
1600 2638
1605 2642
1610 2736
1615 2954
1620 2611
1625 2973
1630 2717
1635 2855
1640 2744
1645 2895
1650 2832
1655 3125
1660 2898
1665 2808
1670 2814
1675 2877
1680 2975
1685 2791
1690 2986
1695 2923
1700 2878
1705 2929
1710 2870
1715 2886
1720 2899
1725 2946
1730 2944
1735 2958
1740 2972
1745 2990
1750 3294
1755 3009
1760 3523
1765 3059
1770 3223
1775 3487
1780 3444
1785 3379
1790 3288
1795 3286
1800 3446
1805 3288
1810 3622
1815 3479
1820 3263
1825 3621
1830 4128
1835 3311
1840 3589
1845 3382
1850 3359
1855 3442
1860 3498
1865 3448
1870 3509
1875 3460
1880 3466
1885 3490
1890 3522
1895 3562
1900 3541
1905 3649
1910 3613
1915 3696
1920 3650
1925 3658
1930 3716
1935 3823
1940 3791
1945 3754
1950 3727
1955 3748
1960 3792
1965 3796
1970 3794
1975 3797
1980 3931
1985 4078
1990 3984
1995 4075
2000 4029
