0 0
5 0
10 0
15 0
20 0
25 0
30 1
35 1
40 2
45 2
50 3
55 3
60 4
65 4
70 5
75 6
80 7
85 8
90 8
95 9
100 10
105 12
110 13
115 14
120 15
125 16
130 17
135 19
140 20
145 22
150 23
155 25
160 26
165 28
170 30
175 32
180 33
185 35
190 37
195 39
200 41
205 43
210 45
215 47
220 58
225 52
230 54
235 56
240 61
245 61
250 78
255 66
260 69
265 73
270 75
275 77
280 80
285 82
290 86
295 89
300 91
305 94
310 97
315 100
320 103
325 107
330 110
335 114
340 140
345 186
350 121
355 127
360 131
365 134
370 137
375 141
380 145
385 149
390 153
395 156
400 160
405 164
410 168
415 173
420 176
425 181
430 185
435 189
440 195
445 207
450 204
455 207
460 211
465 217
470 221
475 225
480 232
485 235
490 246
495 245
500 249
505 254
510 259
515 264
520 269
525 274
530 279
535 285
540 290
545 295
550 304
555 310
560 314
565 317
570 322
575 329
580 335
585 380
590 346
595 351
600 358
605 363
610 369
615 375
620 382
625 388
630 394
635 400
640 483
645 463
650 476
655 503
660 446
665 442
670 445
675 451
680 458
685 467
690 472
695 478
700 485
705 496
710 554
715 527
720 512
725 521
730 528
735 578
740 544
745 552
750 556
755 565
760 638
765 579
770 611
775 595
780 656
785 640
790 619
795 633
800 645
805 644
810 651
815 659
820 666
825 683
830 682
835 689
840 729
845 706
850 714
855 722
860 806
865 741
870 748
875 765
880 831
885 788
890 782
895 790
900 799
905 809
910 897
915 824
920 835
925 923
930 852
935 862
940 914
945 881
950 889
955 923
960 908
965 917
970 1250
975 967
980 1060
985 993
990 971
995 993
1000 1021
1005 998
1010 1024
1015 1043
1020 1025
1025 1061
1030 1065
1035 1180
1040 1059
1045 1081
1050 1093
1055 1128
1060 1212
1065 1120
1070 1161
1075 1137
1080 1157
1085 1164
1090 1176
1095 1187
1100 1192
1105 1283
1110 1255
1115 1517
1120 1243
1125 1289
1130 1263
1135 1382
1140 1284
1145 1369
1150 1302
1155 1330
1160 1512
1165 1349
1170 1363
1175 1449
1180 1464
1185 1516
1190 1529
1195 1408
1200 1491
1205 1449
1210 1597
1215 1587
1220 1478
1225 1569
1230 1735
1235 1622
1240 1517
1245 1548
1250 1558
1255 1552
1260 1720
1265 1578
1270 1585
1275 1598
1280 1616
1285 1681
1290 1634
1295 1653
1300 1869
1305 1672
1310 1773
1315 1941
1320 1795
1325 1814
1330 1937
1335 1768
1340 1829
1345 1937
1350 1803
1355 1952
1360 1923
1365 1945
1370 2017
1375 1984
1380 1878
1385 2184
1390 1935
1395 1995
1400 2082
1405 1969
1410 2199
1415 2057
1420 1996
1425 2219
1430 2091
1435 2295
1440 2133
1445 2066
1450 2293
1455 2172
1460 2170
1465 2221
1470 2149
1475 2398
1480 2223
1485 2530
1490 2409
1495 2337
1500 2399
1505 2230
1510 2361
1515 2540
1520 2312
1525 2469
1530 2312
1535 2607
1540 2379
1545 2519
1550 2610
1555 2616
1560 2599
1565 2575
1570 2609
1575 2530
1580 2467
1585 2573
1590 2762
1595 2547
1600 2610
1605 2532
1610 2619
1615 2566
1620 2754
1625 2589
1630 2629
1635 2627
1640 2641
1645 2660
1650 2680
1655 2666
1660 2632
1665 2722
1670 2738
1675 2755
1680 2768
1685 2934
1690 2801
1695 2830
1700 2862
1705 2866
1710 3085
1715 2978
1720 2921
1725 2956
1730 2947
1735 3122
1740 3016
1745 3001
1750 3004
1755 3074
1760 3058
1765 3073
1770 3087
1775 3101
1780 3126
1785 3044
1790 3138
1795 3208
1800 3283
1805 3260
1810 3134
1815 3233
1820 3252
1825 3218
1830 3269
1835 3889
1840 3470
1845 3371
1850 3549
1855 3429
1860 3500
1865 3554
1870 3488
1875 3492
1880 3464
1885 3493
1890 3550
1895 3525
1900 3540
1905 3819
1910 3493
1915 3589
1920 3937
1925 3630
1930 3739
1935 3723
1940 3702
1945 3860
1950 3732
1955 3803
1960 3832
1965 3809
1970 3890
1975 3833
1980 3851
1985 3927
1990 3890
1995 3794
2000 3816
