0 0
5 0
10 0
15 0
20 0
25 1
30 1
35 2
40 2
45 3
50 3
55 4
60 4
65 5
70 6
75 7
80 8
85 9
90 10
95 12
100 12
105 13
110 14
115 16
120 18
125 19
130 20
135 19
140 21
145 22
150 27
155 28
160 30
165 28
170 31
175 36
180 38
185 48
190 37
195 39
200 41
205 43
210 45
215 48
220 61
225 52
230 70
235 64
240 78
245 61
250 93
255 81
260 69
265 90
270 74
275 77
280 79
285 96
290 84
295 101
300 116
305 114
310 109
315 100
320 116
325 124
330 126
335 126
340 150
345 142
350 137
355 140
360 132
365 152
370 156
375 143
380 198
385 169
390 151
395 186
400 168
405 174
410 214
415 172
420 182
425 189
430 220
435 204
440 194
445 234
450 207
455 228
460 212
465 224
470 232
475 226
480 266
485 269
490 269
495 289
500 325
505 259
510 293
515 267
520 297
525 328
530 305
535 320
540 311
545 341
550 305
555 343
560 387
565 338
570 348
575 336
580 348
585 352
590 379
595 343
600 348
605 355
610 409
615 387
620 382
625 391
630 396
635 411
640 393
645 397
650 423
655 442
660 440
665 438
670 444
675 460
680 474
685 475
690 466
695 479
700 499
705 541
710 494
715 507
720 513
725 523
730 537
735 537
740 561
745 543
750 556
755 564
760 570
765 579
770 602
775 637
780 607
785 631
790 618
795 628
800 648
805 642
810 655
815 657
820 682
825 704
830 729
835 721
840 699
845 711
850 724
855 768
860 753
865 794
870 787
875 781
880 781
885 833
890 847
895 837
900 800
905 810
910 830
915 828
920 877
925 853
930 905
935 872
940 904
945 885
950 893
955 1053
960 960
965 917
970 963
975 948
980 985
985 997
990 969
995 996
1000 988
1005 1000
1010 1051
1015 1043
1020 1035
1025 1037
1030 1050
1035 1108
1040 1075
1045 1078
1050 1089
1055 1099
1060 1174
1065 1164
1070 1215
1075 1142
1080 1165
1085 1258
1090 1171
1095 1182
1100 1194
1105 1295
1110 1228
1115 1314
1120 1241
1125 1358
1130 1354
1135 1298
1140 1346
1145 1401
1150 1495
1155 1331
1160 1329
1165 1339
1170 1406
1175 1412
1180 1389
1185 1381
1190 1410
1195 1430
1200 1438
1205 1433
1210 1448
1215 1454
1220 1464
1225 1574
1230 1504
1235 1501
1240 1512
1245 1531
1250 1621
1255 1546
1260 1658
1265 1624
1270 1588
1275 1592
1280 1600
1285 1667
1290 1592
1295 1859
1300 1835
1305 1672
1310 1784
1315 1833
1320 1715
1325 1799
1330 1773
1335 1765
1340 1828
1345 1832
1350 1788
1355 1883
1360 1840
1365 1833
1370 1910
1375 1876
1380 1872
1385 1986
1390 1910
1395 1908
1400 2030
1405 1960
1410 1951
1415 1988
1420 1985
1425 2212
1430 2019
1435 2016
1440 2169
1445 2255
1450 2067
1455 2091
1460 2108
1465 2224
1470 2287
1475 2166
1480 2151
1485 2165
1490 2344
1495 2255
1500 2211
1505 2258
1510 2258
1515 2373
1520 2269
1525 2321
1530 2342
1535 2312
1540 2366
1545 2349
1550 2526
1555 2380
1560 2495
1565 2419
1570 2422
1575 2460
1580 2452
1585 2468
1590 2480
1595 2551
1600 2517
1605 2663
1610 2544
1615 2702
1620 2616
1625 2663
1630 2645
1635 2822
1640 2639
1645 2792
1650 2731
1655 2931
1660 2707
1665 2917
1670 2755
1675 2989
1680 2779
1685 2907
1690 3087
1695 3106
1700 2872
1705 2904
1710 2891
1715 3421
1720 2959
1725 2936
1730 2989
1735 2952
1740 2994
1745 3099
1750 3017
1755 3142
1760 3039
1765 3091
1770 3073
1775 3102
1780 3111
1785 3419
1790 3245
1795 3169
1800 3187
1805 3190
1810 3268
1815 3436
1820 3267
1825 3312
1830 3306
1835 3339
1840 3427
1845 3391
1850 3355
1855 3457
1860 3581
1865 3459
1870 3463
1875 3493
1880 3827
1885 3493
1890 3545
1895 3564
1900 3565
1905 3946
1910 3864
1915 3597
1920 3640
1925 3827
1930 3718
1935 3781
1940 3907
1945 3759
1950 3729
1955 3790
1960 3877
1965 3841
1970 3869
1975 3924
1980 3857
1985 3906
1990 4227
1995 4040
2000 4167
