0 0
5 0
10 0
15 0
20 0
25 1
30 1
35 2
40 2
45 3
50 4
55 5
60 5
65 6
70 7
75 8
80 8
85 9
90 10
95 14
100 18
105 27
110 16
115 17
120 18
125 20
130 21
135 23
140 55
145 26
150 28
155 35
160 42
165 33
170 35
175 36
180 36
185 39
190 41
195 44
200 46
205 55
210 51
215 53
220 52
225 57
230 60
235 63
240 65
245 91
250 83
255 73
260 76
265 133
270 82
275 107
280 90
285 90
290 94
295 100
300 117
305 105
310 109
315 127
320 113
325 116
330 126
335 123
340 126
345 133
350 134
355 155
360 166
365 144
370 148
375 152
380 157
385 162
390 167
395 170
400 176
405 185
410 185
415 197
420 196
425 208
430 207
435 205
440 238
445 202
450 213
455 219
460 224
465 234
470 238
475 239
480 244
485 253
490 253
495 260
500 264
505 283
510 314
515 292
520 298
525 307
530 315
535 309
540 317
545 312
550 317
555 328
560 345
565 401
570 410
575 374
580 363
585 465
590 426
595 363
600 386
605 448
610 426
615 433
620 469
625 443
630 472
635 451
640 551
645 527
650 478
655 463
660 454
665 460
670 536
675 517
680 594
685 551
690 566
695 500
700 506
705 756
710 653
715 609
720 624
725 628
730 571
735 626
740 586
745 687
750 621
755 587
760 594
765 603
770 610
775 640
780 624
785 633
790 641
795 663
800 658
805 691
810 675
815 681
820 688
825 697
830 707
835 714
840 729
845 759
850 738
855 748
860 756
865 764
870 774
875 784
880 828
885 779
890 787
895 796
900 804
905 793
910 802
915 906
920 891
925 828
930 933
935 848
940 834
945 886
950 1027
955 904
960 943
965 952
970 958
975 968
980 953
985 960
990 971
995 1089
1000 1055
1005 1103
1010 1047
1015 968
1020 1058
1025 1069
1030 1082
1035 1090
1040 1105
1045 1118
1050 1156
1055 1166
1060 1234
1065 1193
1070 1195
1075 1173
1080 1185
1085 1195
1090 1206
1095 1215
1100 1264
1105 1326
1110 1266
1115 1272
1120 1339
1125 1242
1130 1294
1135 1305
1140 1268
1145 1343
1150 1342
1155 1350
1160 1361
1165 1400
1170 1594
1175 1397
1180 1410
1185 1426
1190 1454
1195 1444
1200 1473
1205 1467
1210 1485
1215 1499
1220 1521
1225 1593
1230 1526
1235 1560
1240 1599
1245 1565
1250 1578
1255 1547
1260 1668
1265 1576
1270 1611
1275 1554
1280 1567
1285 1619
1290 1877
1295 1691
1300 1705
1305 1732
1310 1731
1315 1736
1320 1826
1325 1854
1330 1978
1335 1823
1340 1839
1345 1842
1350 1892
1355 1854
1360 1865
1365 1887
1370 1915
1375 1887
1380 1945
1385 1945
1390 1944
1395 1960
1400 1975
1405 1995
1410 2001
1415 2014
1420 2028
1425 2040
1430 2100
1435 2068
1440 2084
1445 2096
1450 2093
1455 2129
1460 2143
1465 2158
1470 2169
1475 2227
1480 2198
1485 2142
1490 2448
1495 2246
1500 2287
1505 2392
1510 2296
1515 2312
1520 2388
1525 2365
1530 2394
1535 2432
1540 2472
1545 2445
1550 2433
1555 2698
1560 2487
1565 2604
1570 2475
1575 2676
1580 2519
1585 2733
1590 2689
1595 2844
1600 2639
1605 2724
1610 3172
1615 2996
1620 2994
1625 2958
1630 3028
1635 2896
1640 2995
1645 2940
1650 3068
1655 2909
1660 2975
1665 2991
1670 2931
1675 2814
1680 2983
1685 2871
1690 3118
1695 2961
1700 3061
1705 2926
1710 2964
1715 2861
1720 2975
1725 2986
1730 2984
1735 3100
1740 2958
1745 3073
1750 3159
1755 3054
1760 3435
1765 3275
1770 3277
1775 3439
1780 3592
1785 3713
1790 3473
1795 3238
1800 3609
1805 3747
1810 3350
1815 3570
1820 3453
1825 3502
1830 4031
1835 3529
1840 3391
1845 3456
1850 3419
1855 3454
1860 3471
1865 3973
1870 3493
1875 3480
1880 3860
1885 3576
1890 3601
1895 3582
1900 3740
1905 3988
1910 3645
1915 3659
1920 3774
1925 3857
1930 3796
1935 3797
1940 3804
1945 3778
1950 3818
1955 3836
1960 3847
1965 3871
1970 3984
1975 4180
1980 3850
1985 4089
1990 4015
1995 4045
2000 4183
