0 0
5 0
10 0
15 0
20 0
25 0
30 1
35 1
40 2
45 2
50 3
55 3
60 4
65 4
70 5
75 6
80 7
85 8
90 9
95 9
100 10
105 12
110 13
115 14
120 15
125 16
130 18
135 19
140 30
145 22
150 24
155 36
160 26
165 28
170 32
175 32
180 34
185 35
190 38
195 41
200 41
205 44
210 45
215 48
220 51
225 52
230 54
235 56
240 59
245 61
250 64
255 66
260 68
265 72
270 74
275 77
280 79
285 91
290 85
295 88
300 91
305 94
310 97
315 105
320 103
325 107
330 160
335 113
340 117
345 120
350 123
355 129
360 130
365 134
370 137
375 141
380 145
385 154
390 153
395 157
400 161
405 164
410 169
415 187
420 186
425 181
430 186
435 196
440 193
445 221
450 202
455 231
460 211
465 216
470 222
475 234
480 272
485 235
490 239
495 247
500 250
505 272
510 258
515 264
520 269
525 302
530 303
535 284
540 291
545 296
550 301
555 307
560 316
565 384
570 323
575 329
580 334
585 340
590 345
595 352
600 359
605 381
610 386
615 397
620 383
625 388
630 393
635 476
640 416
645 411
650 419
655 425
660 432
665 533
670 454
675 448
680 462
685 464
690 471
695 526
700 485
705 493
710 499
715 508
720 605
725 546
730 528
735 535
740 552
745 550
750 557
755 565
760 574
765 580
770 602
775 593
780 602
785 612
790 619
795 627
800 634
805 647
810 720
815 689
820 695
825 672
830 737
835 712
840 696
845 723
850 713
855 724
860 767
865 846
870 813
875 772
880 779
885 777
890 812
895 858
900 863
905 917
910 943
915 863
920 846
925 903
930 855
935 864
940 967
945 899
950 1018
955 1004
960 927
965 1052
970 933
975 959
980 1049
985 976
990 983
995 993
1000 989
1005 1006
1010 1030
1015 1017
1020 1070
1025 1043
1030 1074
1035 1059
1040 1075
1045 1144
1050 1087
1055 1103
1060 1108
1065 1125
1070 1129
1075 1143
1080 1169
1085 1162
1090 1173
1095 1183
1100 1199
1105 1231
1110 1216
1115 1239
1120 1251
1125 1267
1130 1261
1135 1431
1140 1284
1145 1396
1150 1301
1155 1360
1160 1333
1165 1378
1170 1348
1175 1368
1180 1377
1185 1417
1190 1424
1195 1406
1200 1426
1205 1433
1210 1453
1215 1493
1220 1671
1225 1499
1230 1498
1235 1518
1240 1530
1245 1540
1250 1548
1255 1563
1260 1565
1265 1577
1270 1646
1275 1606
1280 1683
1285 1637
1290 1673
1295 1725
1300 1662
1305 1678
1310 1700
1315 1703
1320 1765
1325 1723
1330 1737
1335 1768
1340 1764
1345 1776
1350 1800
1355 1804
1360 1826
1365 1844
1370 1872
1375 1857
1380 1881
1385 1921
1390 1912
1395 1915
1400 1934
1405 2022
1410 1961
1415 2022
1420 2025
1425 1995
1430 2017
1435 2028
1440 2038
1445 2267
1450 2094
1455 2079
1460 2114
1465 2108
1470 2140
1475 2167
1480 2151
1485 2188
1490 2198
1495 2208
1500 2240
1505 2237
1510 2269
1515 2255
1520 2277
1525 2318
1530 2369
1535 2333
1540 2333
1545 2349
1550 2366
1555 2384
1560 2399
1565 2426
1570 2593
1575 2523
1580 2503
1585 2609
1590 2579
1595 2501
1600 2535
1605 2540
1610 2551
1615 2562
1620 2586
1625 2657
1630 2644
1635 2629
1640 2650
1645 2655
1650 2688
1655 2705
1660 2703
1665 2748
1670 2742
1675 2755
1680 2772
1685 2787
1690 2799
1695 2857
1700 2862
1705 2853
1710 2916
1715 2897
1720 2925
1725 2914
1730 3238
1735 2963
1740 2982
1745 2982
1750 3044
1755 3139
1760 3077
1765 3103
1770 3080
1775 3091
1780 3108
1785 3173
1790 3250
1795 3356
1800 3223
1805 3226
1810 3441
1815 3265
1820 3328
1825 3379
1830 3308
1835 3308
1840 3324
1845 3347
1850 3402
1855 3384
1860 3347
1865 3507
1870 3431
1875 3787
1880 3463
1885 3484
1890 3532
1895 3523
1900 3521
1905 3799
1910 3514
1915 3766
1920 3667
1925 3633
1930 3655
1935 3745
1940 3725
1945 3732
1950 3745
1955 3857
1960 3805
1965 3893
1970 3823
1975 3863
1980 3850
1985 4035
1990 3891
1995 3833
2000 3948
