0 0
5 0
10 0
15 0
20 0
25 1
30 1
35 2
40 2
45 3
50 3
55 4
60 5
65 5
70 6
75 7
80 8
85 9
90 10
95 11
100 12
105 13
110 14
115 15
120 17
125 19
130 20
135 22
140 23
145 24
150 25
155 28
160 29
165 46
170 33
175 34
180 37
185 38
190 41
195 42
200 44
205 47
210 49
215 51
220 53
225 55
230 58
235 60
240 63
245 65
250 87
255 85
260 74
265 76
270 79
275 82
280 84
285 89
290 90
295 94
300 97
305 99
310 126
315 118
320 109
325 126
330 162
335 135
340 159
345 208
350 130
355 133
360 137
365 140
370 143
375 137
380 155
385 160
390 164
395 168
400 172
405 176
410 180
415 185
420 189
425 193
430 198
435 202
440 205
445 240
450 197
455 219
460 224
465 242
470 228
475 313
480 324
485 285
490 248
495 251
500 295
505 261
510 267
515 272
520 276
525 281
530 295
535 301
540 307
545 310
550 316
555 323
560 329
565 335
570 378
575 347
580 352
585 357
590 364
595 375
600 375
605 380
610 386
615 395
620 400
625 395
630 407
635 409
640 437
645 570
650 430
655 433
660 476
665 448
670 453
675 459
680 466
685 472
690 441
695 482
700 733
705 635
710 506
715 547
720 520
725 527
730 530
735 557
740 563
745 572
750 612
755 595
760 595
765 603
770 608
775 617
780 624
785 615
790 623
795 810
800 710
805 725
810 673
815 681
820 689
825 697
830 706
835 887
840 683
845 907
850 833
855 750
860 756
865 771
870 795
875 783
880 791
885 802
890 810
895 820
900 834
905 840
910 845
915 858
920 863
925 872
930 881
935 920
940 929
945 910
950 920
955 958
960 938
965 953
970 960
975 970
980 976
985 986
990 1008
995 1210
1000 990
1005 1026
1010 1038
1015 1047
1020 1072
1025 1040
1030 1087
1035 1088
1040 1101
1045 1116
1050 1118
1055 1128
1060 1141
1065 1122
1070 1285
1075 1156
1080 1150
1085 1191
1090 1233
1095 1217
1100 1193
1105 1235
1110 1215
1115 1335
1120 1277
1125 1250
1130 1287
1135 1345
1140 1450
1145 1596
1150 1371
1155 1376
1160 1407
1165 1374
1170 1386
1175 1406
1180 1227
1185 1416
1190 1439
1195 1494
1200 1456
1205 1470
1210 1508
1215 1535
1220 1516
1225 1532
1230 1528
1235 1597
1240 1557
1245 1595
1250 1637
1255 1612
1260 1607
1265 1645
1270 1689
1275 1643
1280 1651
1285 1746
1290 1721
1295 1678
1300 1890
1305 1740
1310 1939
1315 1939
1320 1949
1325 1968
1330 2144
1335 1867
1340 1817
1345 1942
1350 1853
1355 1897
1360 2083
1365 1898
1370 1907
1375 1849
1380 1927
1385 1931
1390 2011
1395 1955
1400 1970
1405 2037
1410 1980
1415 2086
1420 2042
1425 2011
1430 2226
1435 2068
1440 2121
1445 2078
1450 2141
1455 2222
1460 2142
1465 2181
1470 2172
1475 2200
1480 2162
1485 2214
1490 2253
1495 2261
1500 2286
1505 2604
1510 2228
1515 2434
1520 2368
1525 2334
1530 2394
1535 2365
1540 2617
1545 2417
1550 2460
1555 2425
1560 2468
1565 2459
1570 2485
1575 2709
1580 2501
1585 2614
1590 2534
1595 2578
1600 2678
1605 2643
1610 2600
1615 2630
1620 2947
1625 2667
1630 2671
1635 2689
1640 2700
1645 2630
1650 2727
1655 2744
1660 2777
1665 2777
1670 2790
1675 2802
1680 2825
1685 2845
1690 2859
1695 2885
1700 2896
1705 2946
1710 3100
1715 3048
1720 2962
1725 2980
1730 2995
1735 3011
1740 2951
1745 2887
1750 2987
1755 3069
1760 3130
1765 3088
1770 3163
1775 2985
1780 3190
1785 3103
1790 3154
1795 3091
1800 3179
1805 3400
1810 3116
1815 3205
1820 3140
1825 3318
1830 3328
1835 3303
1840 3360
1845 3301
1850 3276
1855 3302
1860 3352
1865 3664
1870 3636
1875 3553
1880 3666
1885 3557
1890 3647
1895 3740
1900 3604
1905 3713
1910 3666
1915 3679
1920 4141
1925 3790
1930 3755
1935 3756
1940 3858
1945 3849
1950 3819
1955 4036
1960 4121
1965 3881
1970 3918
1975 4024
1980 3929
1985 4140
1990 4372
1995 4089
2000 4049
