0 0
5 0
10 0
15 0
20 0
25 1
30 1
35 2
40 2
45 3
50 3
55 4
60 5
65 5
70 6
75 7
80 8
85 9
90 10
95 11
100 12
105 13
110 14
115 16
120 17
125 18
130 20
135 21
140 22
145 24
150 25
155 27
160 28
165 31
170 31
175 34
180 36
185 36
190 40
195 42
200 44
205 46
210 48
215 50
220 52
225 54
230 57
235 60
240 62
245 64
250 67
255 69
260 72
265 72
270 71
275 80
280 83
285 85
290 105
295 91
300 86
305 93
310 100
315 103
320 98
325 141
330 112
335 112
340 119
345 122
350 126
355 166
360 185
365 200
370 140
375 144
380 179
385 168
390 154
395 158
400 162
405 167
410 172
415 167
420 171
425 175
430 187
435 190
440 196
445 221
450 209
455 193
460 219
465 223
470 208
475 233
480 237
485 242
490 228
495 252
500 256
505 263
510 267
515 272
520 270
525 276
530 280
535 285
540 290
545 295
550 301
555 306
560 312
565 317
570 353
575 338
580 333
585 338
590 345
595 351
600 356
605 361
610 366
615 372
620 354
625 385
630 392
635 397
640 405
645 409
650 412
655 418
660 429
665 436
670 442
675 447
680 454
685 461
690 467
695 474
700 480
705 598
710 530
715 501
720 508
725 516
730 522
735 529
740 537
745 543
750 550
755 626
760 579
765 571
770 657
775 623
780 593
785 602
790 633
795 632
800 591
805 787
810 656
815 703
820 866
825 745
830 737
835 728
840 728
845 746
850 810
855 749
860 756
865 792
870 776
875 784
880 794
885 801
890 814
895 818
900 829
905 814
910 879
915 833
920 821
925 851
930 860
935 868
940 845
945 953
950 874
955 882
960 891
965 986
970 1042
975 1121
980 1035
985 1268
990 1002
995 1012
1000 972
1005 1027
1010 1038
1015 1077
1020 1057
1025 1038
1030 1052
1035 1282
1040 1099
1045 1110
1050 1120
1055 1169
1060 1111
1065 1121
1070 1132
1075 1220
1080 1152
1085 1165
1090 1231
1095 1186
1100 1233
1105 1353
1110 1167
1115 1262
1120 1237
1125 1331
1130 1283
1135 1529
1140 1538
1145 1505
1150 1339
1155 1371
1160 1393
1165 1387
1170 1410
1175 1399
1180 1407
1185 1413
1190 1430
1195 1447
1200 1455
1205 1466
1210 1439
1215 1488
1220 1465
1225 1477
1230 1485
1235 1446
1240 1473
1245 1485
1250 1496
1255 1728
1260 1537
1265 1573
1270 1660
1275 1903
1280 1851
1285 1997
1290 1943
1295 1757
1300 1791
1305 1713
1310 1741
1315 1986
1320 1827
1325 1826
1330 1817
1335 1811
1340 1890
1345 1834
1350 1870
1355 1894
1360 1937
1365 2140
1370 2454
1375 2488
1380 2438
1385 2029
1390 2230
1395 2405
1400 2314
1405 2303
1410 2360
1415 2206
1420 2270
1425 2248
1430 2487
1435 2797
1440 2745
1445 2336
1450 2449
1455 2430
1460 2470
1465 2220
1470 2461
1475 2233
1480 2635
1485 2736
1490 2653
1495 2863
1500 2970
1505 2698
1510 3010
1515 2878
1520 2594
1525 2790
1530 2665
1535 3052
1540 2849
1545 2922
1550 2480
1555 2511
1560 2776
1565 2591
1570 2817
1575 2871
1580 2637
1585 2730
1590 2775
1595 2813
1600 2924
1605 2640
1610 3003
1615 2917
1620 2788
1625 2984
1630 2936
1635 2725
1640 3146
1645 2828
1650 3144
1655 2815
1660 2762
1665 2843
1670 2956
1675 5723
1680 3948
1685 3343
1690 3027
1695 3140
1700 3092
1705 3225
1710 3418
1715 3540
1720 3222
1725 3279
1730 3484
1735 3439
1740 3389
1745 3219
1750 3184
1755 3526
1760 3215
1765 3341
1770 3392
1775 3396
1780 3271
1785 3191
1790 3205
1795 3336
1800 3249
1805 3450
1810 3275
1815 3293
1820 3215
1825 3369
1830 3435
1835 3377
1840 3396
1845 3449
1850 3463
1855 3549
1860 3457
1865 3476
1870 3526
1875 3527
1880 3454
1885 3558
1890 3594
1895 3611
1900 3719
1905 3623
1910 3715
1915 3685
1920 3691
1925 3776
1930 3733
1935 3734
1940 3826
1945 3911
1950 3798
1955 3699
1960 3847
1965 3953
1970 3885
1975 3967
1980 4299
1985 4068
1990 3892
1995 4169
2000 4035
