0 0
5 0
10 0
15 1
20 2
25 3
30 4
35 5
40 6
45 7
50 8
55 10
60 11
65 13
70 15
75 17
80 19
85 21
90 24
95 25
100 28
105 31
110 33
115 36
120 40
125 44
130 46
135 50
140 52
145 55
150 58
155 64
160 67
165 71
170 95
175 64
180 70
185 71
190 78
195 82
200 86
205 89
210 94
215 98
220 102
225 103
230 111
235 115
240 120
245 126
250 132
255 135
260 139
265 145
270 151
275 113
280 124
285 128
290 134
295 138
300 142
305 146
310 150
315 155
320 161
325 165
330 170
335 174
340 180
345 184
350 182
355 195
360 167
365 172
370 177
375 182
380 187
385 192
390 197
395 200
400 205
405 210
410 215
415 220
420 226
425 230
430 235
435 242
440 239
445 223
450 227
455 231
460 219
465 241
470 247
475 275
480 259
485 264
490 269
495 273
500 278
505 284
510 289
515 295
520 302
525 307
530 313
535 294
540 345
545 304
550 310
555 314
560 320
565 419
570 331
575 336
580 342
585 349
590 444
595 369
600 375
605 381
610 387
615 383
620 389
625 395
630 401
635 407
640 413
645 421
650 531
655 543
660 440
665 447
670 456
675 463
680 513
685 474
690 523
695 605
700 493
705 500
710 508
715 514
720 521
725 527
730 535
735 557
740 564
745 571
750 578
755 586
760 552
765 586
770 593
775 602
780 609
785 616
790 613
795 560
800 624
805 632
810 637
815 648
820 654
825 623
830 669
835 732
840 687
845 694
850 702
855 711
860 717
865 766
870 735
875 744
880 752
885 758
890 769
895 723
900 785
905 793
910 891
915 784
920 841
925 885
930 860
935 839
940 898
945 888
950 895
955 905
960 915
965 937
970 934
975 919
980 879
985 938
990 1030
995 956
1000 1035
1005 974
1010 1038
1015 993
1020 1004
1025 933
1030 1022
1035 1032
1040 1114
1045 1138
1050 1102
1055 1416
1060 1081
1065 1114
1070 1095
1075 1142
1080 1152
1085 1163
1090 1173
1095 1186
1100 1223
1105 1392
1110 1252
1115 1266
1120 1249
1125 1288
1130 1295
1135 1255
1140 1353
1145 1623
1150 1305
1155 1312
1160 1444
1165 1336
1170 1177
1175 1359
1180 1489
1185 1418
1190 1436
1195 1420
1200 1801
1205 1428
1210 1370
1215 1453
1220 1761
1225 1475
1230 1488
1235 1499
1240 1551
1245 1564
1250 1534
1255 1894
1260 1623
1265 1570
1270 1722
1275 1596
1280 1610
1285 1618
1290 1673
1295 1694
1300 1684
1305 1669
1310 1663
1315 1716
1320 1664
1325 1827
1330 1774
1335 1929
1340 1926
1345 1825
1350 1839
1355 1853
1360 1866
1365 1883
1370 1893
1375 1909
1380 1924
1385 1915
1390 1947
1395 1962
1400 1976
1405 2021
1410 2022
1415 2189
1420 2334
1425 2328
1430 2083
1435 2121
1440 2092
1445 2103
1450 2149
1455 2129
1460 2141
1465 2141
1470 2169
1475 2185
1480 2179
1485 2099
1490 2101
1495 2202
1500 2140
1505 2347
1510 2170
1515 2219
1520 2196
1525 2212
1530 2267
1535 2277
1540 2294
1545 2269
1550 2318
1555 2375
1560 2336
1565 2400
1570 2417
1575 2386
1580 2372
1585 2425
1590 2440
1595 2418
1600 2472
1605 2530
1610 2538
1615 2476
1620 2652
1625 2467
1630 2595
1635 2681
1640 2693
1645 2712
1650 3106
1655 2743
1660 2764
1665 2776
1670 2656
1675 2839
1680 2923
1685 2843
1690 2937
1695 2894
1700 2891
1705 2929
1710 2948
1715 2940
1720 2960
1725 2982
1730 2998
1735 3009
1740 2994
1745 3044
1750 3062
1755 3540
1760 3099
1765 3051
1770 3009
1775 2987
1780 3038
1785 3132
1790 3007
1795 3033
1800 3246
1805 3255
1810 3255
1815 3156
1820 3099
1825 3214
1830 3169
1835 3223
1840 3207
1845 3306
1850 3311
1855 3257
1860 3305
1865 3729
1870 3398
1875 3363
1880 3383
1885 3437
1890 3384
1895 3437
1900 3450
1905 3506
1910 3453
1915 3578
1920 3426
1925 3506
1930 3524
1935 3543
1940 3563
1945 3576
1950 3878
1955 4161
1960 3847
1965 3861
1970 3885
1975 4202
1980 4047
1985 3931
1990 3952
1995 3975
2000 4030
