0 0
5 0
10 0
15 0
20 0
25 0
30 1
35 1
40 1
45 2
50 3
55 3
60 4
65 4
70 5
75 6
80 7
85 8
90 9
95 10
100 12
105 13
110 15
115 13
120 15
125 16
130 17
135 18
140 20
145 22
150 23
155 24
160 29
165 31
170 29
175 31
180 33
185 35
190 36
195 38
200 40
205 42
210 45
215 57
220 49
225 57
230 64
235 60
240 58
245 60
250 63
255 66
260 92
265 86
270 73
275 76
280 79
285 81
290 85
295 91
300 89
305 93
310 96
315 99
320 102
325 102
330 109
335 112
340 115
345 135
350 123
355 158
360 147
365 156
370 155
375 143
380 144
385 176
390 172
395 171
400 167
405 231
410 170
415 173
420 232
425 216
430 217
435 192
440 206
445 214
450 201
455 209
460 213
465 215
470 225
475 241
480 252
485 241
490 244
495 246
500 286
505 286
510 261
515 262
520 267
525 273
530 294
535 306
540 290
545 295
550 299
555 305
560 314
565 316
570 322
575 346
580 336
585 339
590 366
595 368
600 359
605 395
610 424
615 480
620 447
625 391
630 450
635 453
640 448
645 480
650 475
655 424
660 430
665 494
670 443
675 452
680 464
685 466
690 470
695 519
700 483
705 493
710 500
715 519
720 629
725 524
730 528
735 560
740 568
745 603
750 575
755 562
760 576
765 614
770 591
775 597
780 603
785 713
790 616
795 690
800 665
805 639
810 674
815 657
820 663
825 690
830 682
835 687
840 694
845 729
850 710
855 718
860 733
865 737
870 798
875 805
880 884
885 771
890 779
895 797
900 803
905 980
910 899
915 827
920 832
925 842
930 852
935 866
940 894
945 912
950 898
955 923
960 911
965 964
970 1103
975 943
980 950
985 1046
990 1069
995 1113
1000 1022
1005 993
1010 1004
1015 1019
1020 1150
1025 1098
1030 1261
1035 1060
1040 1117
1045 1090
1050 1102
1055 1272
1060 1104
1065 1145
1070 1136
1075 1214
1080 1216
1085 1157
1090 1167
1095 1183
1100 1323
1105 1203
1110 1278
1115 1225
1120 1383
1125 1246
1130 1286
1135 1339
1140 1364
1145 1299
1150 1379
1155 1441
1160 1558
1165 1368
1170 1487
1175 1359
1180 1500
1185 1377
1190 1708
1195 1363
1200 1424
1205 1425
1210 1433
1215 1483
1220 1458
1225 1592
1230 1653
1235 1524
1240 1584
1245 1638
1250 1674
1255 1699
1260 1553
1265 1852
1270 1594
1275 1664
1280 1611
1285 1660
1290 1773
1295 1720
1300 1739
1305 1982
1310 1806
1315 1788
1320 1835
1325 1843
1330 1928
1335 1959
1340 1942
1345 1812
1350 1867
1355 1992
1360 1856
1365 1833
1370 1877
1375 2021
1380 2100
1385 1885
1390 1932
1395 1974
1400 1940
1405 2266
1410 1971
1415 2149
1420 2098
1425 2012
1430 2216
1435 2104
1440 2142
1445 2131
1450 2222
1455 2180
1460 2128
1465 2322
1470 2705
1475 2370
1480 2494
1485 2308
1490 2320
1495 2215
1500 2355
1505 2354
1510 2488
1515 2443
1520 2307
1525 2312
1530 2509
1535 2327
1540 2330
1545 2347
1550 2715
1555 2635
1560 2453
1565 2791
1570 2712
1575 2835
1580 2719
1585 2541
1590 2738
1595 2777
1600 2543
1605 2716
1610 2559
1615 2821
1620 2831
1625 2599
1630 2773
1635 2626
1640 2791
1645 2653
1650 2692
1655 2710
1660 2802
1665 2722
1670 2730
1675 2747
1680 2766
1685 2897
1690 3030
1695 3009
1700 2947
1705 3085
1710 3056
1715 2903
1720 2924
1725 2987
1730 3069
1735 3057
1740 3090
1745 3409
1750 3043
1755 3044
1760 3098
1765 3183
1770 3127
1775 3120
1780 3609
1785 3159
1790 3185
1795 3326
1800 3187
1805 3232
1810 3672
1815 3548
1820 3602
1825 3425
1830 3369
1835 3741
1840 3771
1845 3786
1850 3783
1855 3669
1860 3737
1865 3425
1870 3403
1875 3620
1880 3859
1885 3808
1890 3629
1895 3602
1900 3774
1905 3713
1910 3659
1915 3717
1920 3644
1925 3863
1930 3735
1935 3660
1940 3736
1945 3819
1950 3726
1955 3899
1960 3756
1965 3882
1970 3802
1975 3835
1980 3977
1985 3899
1990 4074
1995 4420
2000 4038
