0 0
5 0
10 0
15 0
20 0
25 0
30 1
35 1
40 2
45 2
50 3
55 3
60 4
65 4
70 5
75 6
80 7
85 8
90 9
95 11
100 11
105 12
110 13
115 14
120 15
125 17
130 18
135 20
140 21
145 30
150 24
155 26
160 27
165 29
170 31
175 32
180 34
185 36
190 39
195 40
200 43
205 45
210 47
215 49
220 52
225 54
230 56
235 58
240 61
245 63
250 66
255 69
260 71
265 79
270 77
275 80
280 83
285 90
290 89
295 92
300 95
305 99
310 102
315 105
320 108
325 112
330 114
335 118
340 122
345 120
350 122
355 126
360 129
365 132
370 136
375 140
380 144
385 147
390 158
395 155
400 159
405 164
410 167
415 171
420 176
425 180
430 183
435 188
440 193
445 196
450 201
455 205
460 210
465 214
470 219
475 224
480 239
485 227
490 231
495 236
500 240
505 246
510 251
515 255
520 259
525 266
530 271
535 276
540 281
545 285
550 291
555 297
560 302
565 307
570 320
575 318
580 325
585 330
590 351
595 340
600 346
605 352
610 357
615 363
620 369
625 375
630 380
635 388
640 383
645 390
650 395
655 436
660 408
665 443
670 420
675 426
680 433
685 439
690 446
695 452
700 458
705 465
710 471
715 497
720 484
725 491
730 498
735 506
740 512
745 519
750 526
755 534
760 540
765 546
770 553
775 798
780 569
785 639
790 657
795 590
800 599
805 622
810 629
815 637
820 644
825 652
830 643
835 650
840 713
845 665
850 675
855 683
860 690
865 736
870 706
875 714
880 721
885 731
890 776
895 747
900 755
905 762
910 772
915 810
920 789
925 890
930 806
935 815
940 824
945 832
950 842
955 850
960 859
965 866
970 876
975 886
980 895
985 904
990 913
995 922
1000 972
1005 944
1010 949
1015 1276
1020 1034
1025 1005
1030 1013
1035 1061
1040 1202
1045 1106
1050 1081
1055 1091
1060 1106
1065 1162
1070 1128
1075 1133
1080 1147
1085 1166
1090 1134
1095 1145
1100 1358
1105 1198
1110 1258
1115 1188
1120 1198
1125 1298
1130 1253
1135 1260
1140 1241
1145 1298
1150 1296
1155 1274
1160 1286
1165 1487
1170 1377
1175 1410
1180 1365
1185 1376
1190 1388
1195 1403
1200 1414
1205 1429
1210 1535
1215 1453
1220 1587
1225 1907
1230 1604
1235 1674
1240 1552
1245 1690
1250 1546
1255 1561
1260 1626
1265 1599
1270 1689
1275 1599
1280 1638
1285 1667
1290 1638
1295 1690
1300 1724
1305 1677
1310 1794
1315 1705
1320 1711
1325 1746
1330 1743
1335 1749
1340 1763
1345 1776
1350 1795
1355 1808
1360 1818
1365 1830
1370 1843
1375 1856
1380 1875
1385 1886
1390 1892
1395 1912
1400 1927
1405 1943
1410 1950
1415 1981
1420 1974
1425 2003
1430 1953
1435 1964
1440 1979
1445 2284
1450 2048
1455 2076
1460 2118
1465 2145
1470 2116
1475 2133
1480 2144
1485 2203
1490 2243
1495 2313
1500 2209
1505 2218
1510 2318
1515 2271
1520 2414
1525 2792
1530 2486
1535 2816
1540 2656
1545 2890
1550 2867
1555 2771
1560 2831
1565 2602
1570 2520
1575 2506
1580 2474
1585 2629
1590 2548
1595 2576
1600 2559
1605 2556
1610 2563
1615 2565
1620 2580
1625 2609
1630 2604
1635 2634
1640 2632
1645 2708
1650 2674
1655 2701
1660 2699
1665 2729
1670 2741
1675 2788
1680 2811
1685 2821
1690 2915
1695 2882
1700 3051
1705 3002
1710 2880
1715 2964
1720 3007
1725 2969
1730 3019
1735 2944
1740 2996
1745 2982
1750 3067
1755 3149
1760 3328
1765 3174
1770 3072
1775 3082
1780 3183
1785 3406
1790 3227
1795 3217
1800 3182
1805 3197
1810 3386
1815 3344
1820 3399
1825 3282
1830 3294
1835 3541
1840 3375
1845 3330
1850 3389
1855 3419
1860 3422
1865 3490
1870 3471
1875 3601
1880 3533
1885 3549
1890 3513
1895 3571
1900 3555
1905 3696
1910 3740
1915 3688
1920 3801
1925 3810
1930 3647
1935 3715
1940 3739
1945 3754
1950 3840
1955 3798
1960 3820
1965 3795
1970 3918
1975 3959
1980 3839
1985 3998
1990 3881
1995 4017
2000 4002
