0 0
5 0
10 0
15 0
20 0
25 0
30 1
35 1
40 2
45 2
50 3
55 3
60 4
65 4
70 5
75 6
80 7
85 8
90 8
95 10
100 10
105 11
110 13
115 14
120 15
125 16
130 18
135 19
140 20
145 22
150 23
155 28
160 26
165 28
170 30
175 32
180 33
185 35
190 37
195 39
200 41
205 44
210 46
215 48
220 50
225 52
230 54
235 57
240 59
245 61
250 64
255 66
260 69
265 71
270 74
275 78
280 80
285 83
290 85
295 89
300 103
305 118
310 97
315 101
320 104
325 106
330 110
335 114
340 117
345 120
350 124
355 127
360 130
365 134
370 138
375 143
380 146
385 149
390 152
395 156
400 160
405 164
410 168
415 172
420 177
425 224
430 185
435 190
440 194
445 198
450 203
455 207
460 211
465 216
470 220
475 225
480 232
485 234
490 239
495 246
500 249
505 254
510 259
515 264
520 269
525 274
530 282
535 285
540 290
545 295
550 301
555 307
560 313
565 318
570 323
575 335
580 362
585 362
590 346
595 352
600 359
605 365
610 370
615 399
620 381
625 396
630 394
635 400
640 432
645 454
650 479
655 495
660 432
665 494
670 452
675 520
680 463
685 466
690 497
695 479
700 544
705 577
710 501
715 508
720 515
725 575
730 530
735 541
740 550
745 587
750 607
755 562
760 600
765 589
770 629
775 594
780 602
785 609
790 622
795 624
800 633
805 641
810 648
815 658
820 665
825 672
830 680
835 697
840 705
845 706
850 783
855 723
860 731
865 738
870 792
875 755
880 766
885 819
890 780
895 790
900 798
905 810
910 817
915 826
920 837
925 845
930 856
935 868
940 873
945 880
950 894
955 898
960 907
965 923
970 926
975 941
980 945
985 954
990 1084
995 983
1000 986
1005 1014
1010 1005
1015 1022
1020 1026
1025 1035
1030 1044
1035 1085
1040 1083
1045 1132
1050 1095
1055 1205
1060 1105
1065 1117
1070 1128
1075 1201
1080 1146
1085 1158
1090 1170
1095 1225
1100 1157
1105 1205
1110 1216
1115 1488
1120 1234
1125 1211
1130 1227
1135 1232
1140 1283
1145 1256
1150 1604
1155 1277
1160 1330
1165 1334
1170 1346
1175 1358
1180 1411
1185 1447
1190 1392
1195 1403
1200 1421
1205 1427
1210 1440
1215 1534
1220 1541
1225 1478
1230 1601
1235 1508
1240 1620
1245 1522
1250 1535
1255 1687
1260 1560
1265 1576
1270 1600
1275 1796
1280 1630
1285 1631
1290 1716
1295 1656
1300 1665
1305 1702
1310 1689
1315 1700
1320 1720
1325 1739
1330 1737
1335 1760
1340 1912
1345 1806
1350 1806
1355 1809
1360 1820
1365 1847
1370 1845
1375 1924
1380 1913
1385 1919
1390 1899
1395 1971
1400 1931
1405 2190
1410 1985
1415 2120
1420 2005
1425 2005
1430 2182
1435 2047
1440 2043
1445 3712
1450 2072
1455 2202
1460 2171
1465 2481
1470 2273
1475 2363
1480 2280
1485 2180
1490 2233
1495 2237
1500 2214
1505 2231
1510 2325
1515 2259
1520 2279
1525 2390
1530 2399
1535 2385
1540 2337
1545 2342
1550 2377
1555 2411
1560 2428
1565 2466
1570 2535
1575 2652
1580 2566
1585 2594
1590 2656
1595 2588
1600 2558
1605 2591
1610 2602
1615 2566
1620 2573
1625 2594
1630 2606
1635 2688
1640 2876
1645 2662
1650 2700
1655 2690
1660 2703
1665 2725
1670 2735
1675 2749
1680 2753
1685 2788
1690 2825
1695 2923
1700 2841
1705 2873
1710 2968
1715 3070
1720 2898
1725 3066
1730 2859
1735 3015
1740 2980
1745 3021
1750 3027
1755 3237
1760 3044
1765 3058
1770 3104
1775 3219
1780 3260
1785 3146
1790 3159
1795 3194
1800 3376
1805 3328
1810 3248
1815 3243
1820 3296
1825 3446
1830 3289
1835 3311
1840 3411
1845 3483
1850 3369
1855 3385
1860 3497
1865 3539
1870 3464
1875 3500
1880 3476
1885 3563
1890 3506
1895 3539
1900 3543
1905 3826
1910 3595
1915 3759
1920 3663
1925 3637
1930 3707
1935 3985
1940 4082
1945 3715
1950 3906
1955 3794
1960 3870
1965 3811
1970 3893
1975 3875
1980 3889
1985 3897
1990 3956
1995 3937
2000 4035
