0 0
5 0
10 0
15 0
20 0
25 0
30 1
35 1
40 1
45 2
50 2
55 3
60 4
65 4
70 5
75 6
80 6
85 7
90 8
95 9
100 10
105 11
110 12
115 13
120 15
125 16
130 17
135 20
140 20
145 21
150 46
155 24
160 26
165 28
170 29
175 31
180 33
185 34
190 36
195 38
200 40
205 42
210 45
215 46
220 57
225 51
230 53
235 57
240 74
245 68
250 63
255 66
260 68
265 70
270 73
275 75
280 78
285 81
290 84
295 87
300 90
305 94
310 110
315 115
320 102
325 106
330 120
335 112
340 115
345 180
350 137
355 140
360 155
365 147
370 149
375 153
380 164
385 173
390 177
395 174
400 180
405 190
410 205
415 188
420 195
425 207
430 203
435 220
440 227
445 197
450 201
455 254
460 208
465 225
470 228
475 238
480 251
485 264
490 271
495 259
500 248
505 253
510 258
515 263
520 267
525 273
530 304
535 309
540 289
545 294
550 299
555 345
560 359
565 324
570 370
575 361
580 364
585 346
590 354
595 352
600 365
605 464
610 378
615 449
620 413
625 410
630 396
635 523
640 448
645 412
650 423
655 454
660 436
665 517
670 488
675 492
680 521
685 520
690 534
695 491
700 483
705 490
710 499
715 593
720 511
725 518
730 526
735 559
740 579
745 547
750 555
755 562
760 581
765 577
770 634
775 608
780 616
785 618
790 764
795 668
800 826
805 640
810 682
815 654
820 670
825 675
830 686
835 692
840 694
845 704
850 734
855 768
860 761
865 758
870 744
875 754
880 762
885 782
890 778
895 836
900 797
905 807
910 817
915 829
920 904
925 909
930 884
935 859
940 871
945 877
950 900
955 990
960 922
965 941
970 944
975 940
980 949
985 1056
990 964
995 973
1000 986
1005 995
1010 1004
1015 1021
1020 1023
1025 1069
1030 1042
1035 1052
1040 1062
1045 1081
1050 1083
1055 1096
1060 1112
1065 1137
1070 1159
1075 1253
1080 1188
1085 1214
1090 1174
1095 1178
1100 1186
1105 1205
1110 1336
1115 1221
1120 1347
1125 1316
1130 1434
1135 1315
1140 1271
1145 1358
1150 1415
1155 1344
1160 1322
1165 1371
1170 1348
1175 1371
1180 1371
1185 1382
1190 1427
1195 1399
1200 1420
1205 1457
1210 1584
1215 1448
1220 1597
1225 1687
1230 1540
1235 1745
1240 1540
1245 1756
1250 1540
1255 1549
1260 1686
1265 1576
1270 1642
1275 1596
1280 1758
1285 1770
1290 1673
1295 1844
1300 1842
1305 1678
1310 1816
1315 1917
1320 1710
1325 1929
1330 2000
1335 1771
1340 1822
1345 1836
1350 1817
1355 1917
1360 1920
1365 2058
1370 1991
1375 1862
1380 1993
1385 2153
1390 1894
1395 2025
1400 2064
1405 2022
1410 2081
1415 2060
1420 2159
1425 2248
1430 2125
1435 2333
1440 3121
1445 2428
1450 2294
1455 2347
1460 2250
1465 2186
1470 2423
1475 2559
1480 2345
1485 2369
1490 2598
1495 2669
1500 3114
1505 2434
1510 2358
1515 2308
1520 2503
1525 2682
1530 2506
1535 2435
1540 2327
1545 2354
1550 2363
1555 2376
1560 2394
1565 2404
1570 2544
1575 2443
1580 2524
1585 2481
1590 2483
1595 2562
1600 2603
1605 2550
1610 2607
1615 2804
1620 2577
1625 2625
1630 2643
1635 2631
1640 2651
1645 2655
1650 2664
1655 2686
1660 2697
1665 2712
1670 2727
1675 2750
1680 2768
1685 2778
1690 2798
1695 2811
1700 2828
1705 2944
1710 2914
1715 3435
1720 3217
1725 3299
1730 3278
1735 3104
1740 2997
1745 3121
1750 3026
1755 3079
1760 3248
1765 3135
1770 3181
1775 3322
1780 3470
1785 3492
1790 3181
1795 3242
1800 3226
1805 3296
1810 3408
1815 3278
1820 3345
1825 3310
1830 3444
1835 3472
1840 3324
1845 3651
1850 3620
1855 3394
1860 3432
1865 3436
1870 3436
1875 3446
1880 3478
1885 3615
1890 3551
1895 3554
1900 3548
1905 3564
1910 3578
1915 3601
1920 3621
1925 3623
1930 3656
1935 3672
1940 3753
1945 3715
1950 3731
1955 3803
1960 3783
1965 3796
1970 4359
1975 3923
1980 3862
1985 3871
1990 3920
1995 3947
2000 4517
