0 0
5 0
10 0
15 0
20 0
25 1
30 1
35 2
40 2
45 3
50 4
55 4
60 5
65 6
70 6
75 7
80 8
85 9
90 10
95 11
100 13
105 14
110 15
115 17
120 18
125 19
130 21
135 22
140 24
145 24
150 27
155 28
160 30
165 31
170 34
175 36
180 38
185 39
190 40
195 49
200 46
205 48
210 51
215 52
220 55
225 56
230 65
235 62
240 65
245 67
250 69
255 73
260 85
265 78
270 81
275 84
280 87
285 90
290 93
295 97
300 99
305 96
310 105
315 108
320 111
325 115
330 119
335 122
340 125
345 128
350 131
355 126
360 140
365 143
370 147
375 163
380 156
385 162
390 162
395 168
400 173
405 176
410 186
415 208
420 229
425 206
430 238
435 256
440 223
445 244
450 248
455 243
460 246
465 232
470 234
475 281
480 286
485 256
490 253
495 296
500 268
505 271
510 312
515 278
520 306
525 320
530 297
535 325
540 350
545 332
550 316
555 323
560 331
565 336
570 341
575 349
580 478
585 396
590 372
595 414
600 436
605 440
610 442
615 431
620 448
625 465
630 491
635 503
640 504
645 500
650 449
655 448
660 465
665 502
670 466
675 471
680 480
685 489
690 495
695 558
700 512
705 530
710 527
715 533
720 541
725 554
730 556
735 564
740 577
745 663
750 606
755 620
760 660
765 617
770 611
775 620
780 702
785 720
790 674
795 729
800 740
805 671
810 711
815 828
820 814
825 769
830 741
835 732
840 758
845 734
850 745
855 751
860 809
865 812
870 877
875 787
880 829
885 891
890 814
895 879
900 834
905 840
910 854
915 943
920 1009
925 885
930 881
935 891
940 902
945 912
950 927
955 934
960 940
965 949
970 959
975 980
980 978
985 988
990 998
995 1015
1000 1023
1005 1026
1010 1050
1015 1064
1020 1061
1025 1067
1030 1109
1035 1087
1040 1099
1045 1109
1050 1126
1055 1099
1060 1110
1065 1121
1070 1169
1075 1228
1080 1247
1085 1165
1090 1207
1095 1213
1100 1305
1105 1209
1110 1423
1115 1259
1120 1310
1125 1282
1130 1294
1135 1416
1140 1315
1145 1329
1150 1344
1155 1351
1160 1362
1165 1372
1170 1385
1175 1394
1180 1406
1185 1453
1190 1392
1195 1405
1200 1843
1205 1471
1210 1491
1215 1461
1220 1526
1225 1472
1230 1458
1235 1498
1240 1509
1245 2004
1250 1576
1255 1578
1260 1558
1265 1569
1270 1661
1275 1552
1280 1618
1285 1620
1290 1652
1295 1791
1300 1678
1305 1794
1310 1682
1315 1696
1320 1839
1325 1768
1330 1734
1335 1845
1340 1808
1345 1848
1350 2005
1355 1847
1360 1861
1365 1964
1370 1916
1375 1970
1380 1974
1385 2007
1390 1943
1395 1956
1400 1969
1405 2093
1410 1998
1415 2037
1420 2084
1425 2087
1430 2054
1435 2069
1440 2084
1445 2139
1450 2112
1455 2126
1460 2139
1465 2167
1470 2251
1475 2182
1480 2226
1485 2221
1490 2226
1495 2316
1500 2274
1505 2274
1510 2372
1515 2302
1520 2190
1525 2370
1530 2390
1535 2364
1540 2378
1545 2395
1550 2410
1555 2450
1560 2446
1565 2464
1570 2518
1575 2525
1580 2564
1585 2518
1590 2464
1595 2517
1600 2562
1605 2513
1610 2696
1615 2648
1620 2670
1625 2780
1630 2667
1635 2684
1640 2704
1645 2716
1650 2733
1655 2749
1660 2690
1665 2789
1670 2861
1675 2817
1680 2843
1685 2954
1690 3012
1695 2947
1700 3027
1705 2972
1710 3003
1715 2971
1720 2966
1725 2975
1730 2992
1735 3010
1740 3029
1745 3135
1750 3125
1755 3122
1760 3118
1765 3158
1770 3129
1775 3147
1780 3237
1785 3237
1790 3247
1795 3217
1800 3238
1805 3404
1810 3392
1815 3414
1820 3324
1825 3388
1830 3401
1835 3364
1840 3379
1845 3414
1850 3444
1855 3689
1860 3490
1865 3538
1870 3613
1875 6443
1880 3748
1885 3566
1890 3660
1895 3606
1900 3829
1905 3649
1910 4031
1915 3784
1920 3692
1925 3481
1930 3864
1935 3799
1940 3695
1945 3824
1950 3842
1955 3837
1960 3838
1965 3762
1970 3768
1975 3891
1980 3744
1985 3860
1990 3888
1995 3873
2000 4132
