0 0
5 0
10 0
15 0
20 0
25 1
30 1
35 2
40 2
45 3
50 3
55 3
60 5
65 6
70 5
75 6
80 8
85 10
90 9
95 10
100 12
105 15
110 13
115 14
120 15
125 17
130 24
135 22
140 24
145 24
150 27
155 29
160 30
165 33
170 30
175 35
180 38
185 45
190 42
195 45
200 47
205 49
210 52
215 54
220 56
225 60
230 61
235 65
240 66
245 95
250 73
255 78
260 81
265 85
270 88
275 101
280 88
285 93
290 87
295 101
300 92
305 113
310 115
315 121
320 103
325 107
330 111
335 113
340 117
345 120
350 123
355 127
360 131
365 148
370 139
375 142
380 176
385 178
390 171
395 174
400 167
405 165
410 170
415 175
420 183
425 183
430 200
435 197
440 204
445 198
450 254
455 231
460 235
465 225
470 233
475 225
480 231
485 235
490 302
495 303
500 271
505 270
510 311
515 266
520 287
525 272
530 280
535 285
540 290
545 297
550 327
555 317
560 338
565 317
570 369
575 370
580 335
585 374
590 343
595 353
600 359
605 364
610 369
615 416
620 397
625 388
630 398
635 400
640 406
645 412
650 424
655 429
660 434
665 439
670 446
675 454
680 518
685 467
690 474
695 481
700 487
705 491
710 499
715 507
720 513
725 521
730 527
735 520
740 527
745 534
750 542
755 681
760 571
765 584
770 587
775 594
780 612
785 611
790 618
795 625
800 633
805 647
810 689
815 657
820 709
825 678
830 680
835 689
840 698
845 724
850 713
855 723
860 723
865 741
870 747
875 793
880 764
885 775
890 787
895 793
900 799
905 808
910 819
915 819
920 837
925 853
930 852
935 872
940 900
945 968
950 938
955 906
960 908
965 918
970 929
975 945
980 948
985 957
990 964
995 1176
1000 1098
1005 995
1010 1017
1015 1017
1020 1130
1025 1044
1030 1052
1035 1056
1040 1169
1045 1219
1050 1086
1055 1098
1060 1106
1065 1126
1070 1218
1075 1270
1080 1155
1085 1168
1090 1220
1095 1199
1100 1291
1105 1206
1110 1334
1115 1418
1120 1329
1125 1248
1130 1270
1135 1278
1140 1307
1145 1295
1150 1419
1155 1322
1160 1336
1165 1336
1170 1411
1175 1575
1180 1412
1185 1388
1190 1398
1195 1416
1200 1442
1205 1429
1210 1456
1215 1645
1220 1466
1225 1506
1230 1496
1235 1516
1240 1531
1245 1548
1250 1583
1255 1549
1260 1649
1265 1722
1270 1587
1275 1645
1280 1612
1285 1634
1290 1638
1295 1698
1300 1881
1305 1682
1310 1680
1315 1785
1320 1712
1325 1729
1330 1795
1335 1751
1340 1776
1345 2047
1350 1881
1355 1805
1360 1848
1365 1834
1370 1880
1375 2094
1380 1939
1385 1882
1390 1953
1395 1920
1400 2180
1405 1944
1410 1967
1415 2034
1420 2037
1425 1994
1430 2011
1435 2024
1440 2185
1445 2054
1450 2065
1455 2107
1460 2309
1465 2360
1470 2384
1475 2169
1480 2306
1485 2179
1490 2200
1495 2272
1500 2489
1505 2296
1510 2263
1515 2330
1520 2286
1525 2311
1530 2317
1535 2384
1540 2607
1545 2426
1550 2464
1555 2386
1560 2421
1565 2440
1570 2435
1575 2453
1580 2463
1585 2592
1590 2519
1595 2827
1600 2879
1605 2607
1610 2557
1615 2708
1620 2631
1625 2605
1630 2665
1635 2622
1640 2640
1645 2672
1650 2693
1655 2739
1660 2706
1665 2872
1670 2774
1675 3059
1680 2772
1685 2798
1690 2879
1695 3002
1700 2881
1705 2987
1710 2962
1715 2900
1720 2910
1725 2941
1730 3020
1735 2966
1740 2987
1745 3161
1750 3526
1755 3072
1760 2966
1765 3119
1770 3115
1775 3174
1780 3119
1785 3348
1790 3450
1795 3551
1800 3275
1805 3336
1810 3222
1815 3235
1820 3307
1825 3327
1830 3347
1835 3304
1840 3326
1845 3349
1850 3386
1855 3439
1860 3416
1865 3407
1870 3447
1875 3466
1880 3473
1885 3534
1890 3557
1895 3538
1900 3558
1905 3629
1910 3607
1915 3825
1920 3638
1925 3666
1930 3778
1935 3677
1940 3732
1945 3825
1950 3760
1955 3815
1960 3791
1965 3788
1970 3961
1975 4077
1980 3890
1985 3883
1990 3986
1995 3910
2000 3968
