0 0
5 0
10 0
15 0
20 0
25 0
30 1
35 1
40 1
45 2
50 2
55 3
60 4
65 4
70 5
75 6
80 7
85 7
90 8
95 9
100 11
105 11
110 12
115 13
120 14
125 16
130 17
135 18
140 20
145 21
150 23
155 24
160 26
165 28
170 29
175 31
180 33
185 35
190 37
195 39
200 41
205 47
210 86
215 57
220 61
225 51
230 79
235 59
240 59
245 64
250 86
255 104
260 78
265 70
270 73
275 76
280 78
285 91
290 84
295 87
300 90
305 101
310 104
315 112
320 103
325 112
330 111
335 113
340 116
345 161
350 152
355 139
360 134
365 159
370 136
375 141
380 147
385 148
390 157
395 181
400 158
405 163
410 168
415 196
420 195
425 193
430 214
435 235
440 217
445 198
450 202
455 222
460 254
465 234
470 272
475 236
480 240
485 234
490 239
495 303
500 249
505 253
510 264
515 262
520 274
525 288
530 370
535 303
540 351
545 299
550 333
555 377
560 311
565 321
570 324
575 427
580 412
585 338
590 344
595 353
600 399
605 404
610 369
615 437
620 469
625 447
630 468
635 414
640 490
645 475
650 459
655 482
660 484
665 493
670 524
675 457
680 526
685 539
690 538
695 491
700 545
705 503
710 559
715 572
720 572
725 540
730 563
735 546
740 553
745 534
750 580
755 626
760 627
765 596
770 623
775 720
780 707
785 608
790 631
795 640
800 770
805 769
810 727
815 665
820 720
825 671
830 701
835 837
840 735
845 717
850 711
855 720
860 744
865 740
870 839
875 756
880 761
885 770
890 775
895 864
900 891
905 867
910 900
915 997
920 945
925 1010
930 955
935 887
940 963
945 889
950 1039
955 1019
960 1046
965 1031
970 935
975 993
980 972
985 969
990 963
995 1010
1000 1056
1005 993
1010 1002
1015 1045
1020 1022
1025 1036
1030 1047
1035 1053
1040 1062
1045 1071
1050 1088
1055 1092
1060 1109
1065 1112
1070 1123
1075 1136
1080 1145
1085 1229
1090 1172
1095 1186
1100 1206
1105 1198
1110 1235
1115 1223
1120 1260
1125 1241
1130 1270
1135 1288
1140 1467
1145 1295
1150 1345
1155 1358
1160 1343
1165 1345
1170 1353
1175 1353
1180 1370
1185 1408
1190 1413
1195 1405
1200 1415
1205 1424
1210 1453
1215 1531
1220 1459
1225 1484
1230 1500
1235 1505
1240 1507
1245 1521
1250 1572
1255 1555
1260 1598
1265 1601
1270 1592
1275 1621
1280 1607
1285 1663
1290 1630
1295 1645
1300 1741
1305 1680
1310 1690
1315 1841
1320 1711
1325 1753
1330 1732
1335 1748
1340 1820
1345 1779
1350 1816
1355 1927
1360 1824
1365 1833
1370 1902
1375 1843
1380 1873
1385 1878
1390 1897
1395 1919
1400 1922
1405 1940
1410 2004
1415 1964
1420 1992
1425 2021
1430 2150
1435 2047
1440 2045
1445 2060
1450 2232
1455 2091
1460 2089
1465 2161
1470 2203
1475 2163
1480 2150
1485 2166
1490 2184
1495 2261
1500 2231
1505 2340
1510 2259
1515 2268
1520 2275
1525 2295
1530 2299
1535 2332
1540 2484
1545 2483
1550 2362
1555 2407
1560 2461
1565 2419
1570 2769
1575 2955
1580 3211
1585 3027
1590 2805
1595 3581
1600 2889
1605 3135
1610 3060
1615 3198
1620 2994
1625 3413
1630 2867
1635 3147
1640 3194
1645 2940
1650 2984
1655 2727
1660 2817
1665 2721
1670 2845
1675 3236
1680 3075
1685 2803
1690 2885
1695 2825
1700 2837
1705 2827
1710 2826
1715 3002
1720 2926
1725 3069
1730 2949
1735 3519
1740 3229
1745 3206
1750 5998
1755 3020
1760 3224
1765 3237
1770 6085
1775 3895
1780 3758
1785 3484
1790 3149
1795 3179
1800 3575
1805 3750
1810 3603
1815 3428
1820 3243
1825 3340
1830 3354
1835 3307
1840 3516
1845 3327
1850 3363
1855 3468
1860 3387
1865 3417
1870 3419
1875 3449
1880 3524
1885 3488
1890 3496
1895 3634
1900 3554
1905 3554
1910 3935
1915 3594
1920 3636
1925 3686
1930 3674
1935 3661
1940 3784
1945 3807
1950 3866
1955 3905
1960 3785
1965 3780
1970 3842
1975 3834
1980 3956
1985 4068
1990 4111
1995 4705
2000 3949
