0 0
5 0
10 0
15 0
20 0
25 0
30 1
35 1
40 2
45 2
50 3
55 3
60 4
65 4
70 5
75 6
80 7
85 8
90 8
95 9
100 10
105 12
110 13
115 14
120 15
125 16
130 18
135 19
140 20
145 22
150 23
155 25
160 27
165 28
170 30
175 31
180 33
185 35
190 37
195 39
200 41
205 43
210 45
215 48
220 50
225 55
230 54
235 56
240 59
245 80
250 63
255 66
260 68
265 72
270 74
275 77
280 79
285 83
290 85
295 88
300 91
305 95
310 97
315 100
320 103
325 106
330 110
335 113
340 117
345 120
350 123
355 127
360 131
365 134
370 138
375 145
380 146
385 149
390 153
395 157
400 161
405 163
410 169
415 173
420 177
425 182
430 186
435 190
440 197
445 198
450 203
455 208
460 212
465 217
470 220
475 225
480 230
485 235
490 239
495 245
500 249
505 257
510 260
515 265
520 271
525 275
530 280
535 285
540 291
545 297
550 298
555 306
560 313
565 319
570 324
575 330
580 336
585 341
590 347
595 355
600 358
605 364
610 370
615 376
620 381
625 390
630 395
635 402
640 408
645 413
650 419
655 427
660 437
665 440
670 442
675 452
680 458
685 466
690 473
695 484
700 485
705 493
710 500
715 507
720 512
725 520
730 528
735 535
740 544
745 551
750 556
755 566
760 572
765 581
770 587
775 595
780 603
785 610
790 619
795 626
800 651
805 640
810 656
815 658
820 664
825 680
830 689
835 691
840 717
845 706
850 716
855 731
860 732
865 751
870 750
875 757
880 766
885 829
890 786
895 794
900 817
905 811
910 818
915 827
920 827
925 867
930 894
935 1010
940 946
945 955
950 959
955 1023
960 983
965 938
970 948
975 954
980 1008
985 987
990 971
995 987
1000 1139
1005 1174
1010 1025
1015 1049
1020 1049
1025 1064
1030 1053
1035 1056
1040 1070
1045 1076
1050 1094
1055 1095
1060 1108
1065 1117
1070 1129
1075 1207
1080 1150
1085 1159
1090 1169
1095 1179
1100 1190
1105 1224
1110 1213
1115 1226
1120 1251
1125 1250
1130 1266
1135 1339
1140 1284
1145 1339
1150 1304
1155 1326
1160 1325
1165 1359
1170 1359
1175 1357
1180 1370
1185 1388
1190 1394
1195 1421
1200 1423
1205 1457
1210 1445
1215 1455
1220 1531
1225 1540
1230 1540
1235 1532
1240 1539
1245 1534
1250 1545
1255 1606
1260 1581
1265 1576
1270 1644
1275 1657
1280 1631
1285 1629
1290 1780
1295 1648
1300 1666
1305 1710
1310 1687
1315 1709
1320 1759
1325 1737
1330 1739
1335 1749
1340 1782
1345 1776
1350 1790
1355 1869
1360 1821
1365 1880
1370 1859
1375 1860
1380 1943
1385 1914
1390 1899
1395 1993
1400 1935
1405 1940
1410 2073
1415 1969
1420 2013
1425 2012
1430 2012
1435 2070
1440 2092
1445 2089
1450 2180
1455 2084
1460 2167
1465 2269
1470 2136
1475 2198
1480 2161
1485 2166
1490 2265
1495 2219
1500 2224
1505 2235
1510 2574
1515 2289
1520 2265
1525 2313
1530 2358
1535 2377
1540 2422
1545 2348
1550 2372
1555 2412
1560 2455
1565 2435
1570 2535
1575 2460
1580 2723
1585 2498
1590 2504
1595 2483
1600 2629
1605 2538
1610 2541
1615 2992
1620 2584
1625 2607
1630 2605
1635 2891
1640 2737
1645 2716
1650 2674
1655 2700
1660 2702
1665 2730
1670 2736
1675 2752
1680 2781
1685 2785
1690 2796
1695 2815
1700 2794
1705 2812
1710 2872
1715 2880
1720 2919
1725 2857
1730 2935
1735 2833
1740 2869
1745 2905
1750 2846
1755 3309
1760 3012
1765 3081
1770 3404
1775 3517
1780 3129
1785 3344
1790 3139
1795 3410
1800 3180
1805 3304
1810 3209
1815 3335
1820 3362
1825 3268
1830 3345
1835 3299
1840 3411
1845 3388
1850 3366
1855 3485
1860 3421
1865 3453
1870 3491
1875 3455
1880 3496
1885 3488
1890 3485
1895 3604
1900 3565
1905 3580
1910 3681
1915 3633
1920 3609
1925 3938
1930 3648
1935 3673
1940 3910
1945 3716
1950 3837
1955 3940
1960 3940
1965 3869
1970 3805
1975 3884
1980 3911
1985 3868
1990 3958
1995 4011
2000 3944
