0 0
5 0
10 0
15 0
20 0
25 0
30 1
35 1
40 2
45 2
50 3
55 3
60 4
65 4
70 5
75 6
80 7
85 8
90 8
95 10
100 10
105 12
110 13
115 14
120 15
125 16
130 18
135 19
140 20
145 22
150 23
155 25
160 27
165 28
170 49
175 32
180 40
185 35
190 37
195 39
200 41
205 43
210 45
215 47
220 49
225 52
230 56
235 56
240 59
245 61
250 63
255 66
260 69
265 71
270 74
275 77
280 79
285 82
290 85
295 88
300 91
305 94
310 97
315 100
320 104
325 107
330 110
335 113
340 117
345 132
350 134
355 133
360 148
365 134
370 141
375 145
380 147
385 167
390 159
395 156
400 159
405 165
410 170
415 176
420 227
425 195
430 185
435 189
440 197
445 203
450 203
455 208
460 214
465 217
470 222
475 231
480 267
485 236
490 240
495 246
500 250
505 257
510 263
515 290
520 272
525 311
530 313
535 286
540 291
545 313
550 316
555 357
560 312
565 321
570 326
575 329
580 335
585 342
590 381
595 355
600 359
605 415
610 370
615 379
620 396
625 388
630 394
635 401
640 444
645 413
650 422
655 429
660 437
665 458
670 469
675 457
680 459
685 466
690 475
695 547
700 486
705 500
710 507
715 511
720 619
725 545
730 543
735 536
740 559
745 560
750 556
755 565
760 624
765 670
770 587
775 594
780 639
785 610
790 618
795 626
800 642
805 724
810 677
815 659
820 682
825 669
830 681
835 689
840 714
845 781
850 724
855 723
860 732
865 741
870 746
875 762
880 816
885 772
890 788
895 814
900 801
905 809
910 860
915 851
920 836
925 855
930 856
935 860
940 886
945 945
950 891
955 896
960 912
965 920
970 938
975 968
980 947
985 957
990 968
995 979
1000 1000
1005 995
1010 1008
1015 1016
1020 1031
1025 1039
1030 1222
1035 1064
1040 1066
1045 1081
1050 1085
1055 1097
1060 1105
1065 1122
1070 1126
1075 1160
1080 1167
1085 1167
1090 1177
1095 1178
1100 1195
1105 1202
1110 1218
1115 1226
1120 1237
1125 1251
1130 1261
1135 1301
1140 1282
1145 1293
1150 1335
1155 1308
1160 1328
1165 1334
1170 1394
1175 1353
1180 1437
1185 1380
1190 1441
1195 1423
1200 1498
1205 1428
1210 1454
1215 1452
1220 1473
1225 1477
1230 1491
1235 1506
1240 1578
1245 1596
1250 1526
1255 1552
1260 1632
1265 1574
1270 1688
1275 1609
1280 1619
1285 1674
1290 1644
1295 1688
1300 1662
1305 1681
1310 1864
1315 1823
1320 1771
1325 1964
1330 1741
1335 1899
1340 1861
1345 1820
1350 1797
1355 1882
1360 1826
1365 1873
1370 1843
1375 1905
1380 1880
1385 1890
1390 1902
1395 1930
1400 1935
1405 1981
1410 1958
1415 1989
1420 1986
1425 2134
1430 2011
1435 2027
1440 2037
1445 2032
1450 2113
1455 2139
1460 2113
1465 2115
1470 2133
1475 2214
1480 2159
1485 2186
1490 2188
1495 2194
1500 2212
1505 2222
1510 2239
1515 2253
1520 2271
1525 2291
1530 2301
1535 2389
1540 2378
1545 2343
1550 2364
1555 2371
1560 2450
1565 2401
1570 2428
1575 2447
1580 2798
1585 2499
1590 2647
1595 2531
1600 2549
1605 2540
1610 2577
1615 2565
1620 2662
1625 2640
1630 2670
1635 2641
1640 2690
1645 2709
1650 2746
1655 2711
1660 2750
1665 2726
1670 2839
1675 2764
1680 2844
1685 2789
1690 2889
1695 2900
1700 2869
1705 2862
1710 2921
1715 2892
1720 2899
1725 2965
1730 2938
1735 2957
1740 2971
1745 3018
1750 3023
1755 3124
1760 3041
1765 3174
1770 3139
1775 3117
1780 3204
1785 3163
1790 3299
1795 3168
1800 3189
1805 3254
1810 3325
1815 4045
1820 3268
1825 3392
1830 3405
1835 3314
1840 3386
1845 3419
1850 3384
1855 3410
1860 3398
1865 3443
1870 3470
1875 3445
1880 3466
1885 3530
1890 3512
1895 3535
1900 3582
1905 3580
1910 3601
1915 3613
1920 3616
1925 3637
1930 3672
1935 3668
1940 3697
1945 3815
1950 3732
1955 3937
1960 3847
1965 3915
1970 4167
1975 3977
1980 3932
1985 3879
1990 4123
1995 3914
2000 4040
