0 0
5 0
10 0
15 0
20 1
25 1
30 1
35 2
40 2
45 3
50 3
55 4
60 5
65 6
70 7
75 7
80 8
85 10
90 11
95 11
100 13
105 14
110 15
115 17
120 19
125 19
130 20
135 22
140 24
145 25
150 27
155 31
160 30
165 32
170 34
175 36
180 38
185 39
190 42
195 44
200 46
205 46
210 50
215 53
220 56
225 57
230 56
235 62
240 65
245 68
250 70
255 73
260 76
265 78
270 81
275 86
280 88
285 90
290 95
295 97
300 99
305 109
310 106
315 117
320 113
325 120
330 119
335 122
340 126
345 130
350 145
355 137
360 140
365 144
370 148
375 152
380 156
385 159
390 163
395 170
400 171
405 177
410 181
415 184
420 190
425 193
430 201
435 203
440 206
445 211
450 207
455 219
460 226
465 231
470 266
475 239
480 271
485 249
490 254
495 259
500 276
505 268
510 274
515 278
520 302
525 290
530 295
535 300
540 332
545 312
550 317
555 323
560 398
565 392
570 340
575 346
580 352
585 357
590 363
595 370
600 376
605 382
610 389
615 395
620 434
625 374
630 413
635 422
640 426
645 478
650 439
655 497
660 453
665 458
670 465
675 472
680 479
685 486
690 492
695 502
700 523
705 514
710 533
715 527
720 536
725 543
730 551
735 557
740 566
745 573
750 579
755 587
760 596
765 602
770 611
775 618
780 661
785 633
790 641
795 689
800 658
805 667
810 674
815 681
820 709
825 697
830 708
835 727
840 751
845 731
850 740
855 748
860 786
865 765
870 778
875 902
880 739
885 788
890 812
895 795
900 827
905 862
910 876
915 857
920 896
925 874
930 883
935 900
940 1095
945 909
950 924
955 930
960 939
965 1020
970 975
975 921
980 948
985 990
990 997
995 1029
1000 1020
1005 1029
1010 1058
1015 1048
1020 1091
1025 1077
1030 1127
1035 1144
1040 1120
1045 1186
1050 1150
1055 1130
1060 1200
1065 1189
1070 1223
1075 1387
1080 1313
1085 1207
1090 1406
1095 1278
1100 1233
1105 1259
1110 1249
1115 1281
1120 1274
1125 1394
1130 1346
1135 1333
1140 1348
1145 1345
1150 1338
1155 1406
1160 1374
1165 1488
1170 1384
1175 1438
1180 1424
1185 1444
1190 1431
1195 1448
1200 1459
1205 1467
1210 1486
1215 1508
1220 1512
1225 1515
1230 1585
1235 1635
1240 1612
1245 1532
1250 1580
1255 1447
1260 1601
1265 1674
1270 1712
1275 1586
1280 1654
1285 1668
1290 1717
1295 1690
1300 1715
1305 1714
1310 1727
1315 1776
1320 1755
1325 1767
1330 1828
1335 1988
1340 1845
1345 1987
1350 2043
1355 1855
1360 1924
1365 1898
1370 1894
1375 1926
1380 1920
1385 1936
1390 1965
1395 2040
1400 1979
1405 2162
1410 2014
1415 2028
1420 2145
1425 2059
1430 2277
1435 2278
1440 2277
1445 2204
1450 2138
1455 2364
1460 2329
1465 2173
1470 2172
1475 2160
1480 2278
1485 2256
1490 2328
1495 2252
1500 2261
1505 2293
1510 2303
1515 2314
1520 2359
1525 2351
1530 2349
1535 2359
1540 2404
1545 2426
1550 2453
1555 2467
1560 2439
1565 2457
1570 2500
1575 2564
1580 2511
1585 2699
1590 2566
1595 2848
1600 3036
1605 2908
1610 2873
1615 2772
1620 2639
1625 2598
1630 2688
1635 2698
1640 2708
1645 2975
1650 2766
1655 2939
1660 2782
1665 2783
1670 2791
1675 2842
1680 2829
1685 2870
1690 2859
1695 2902
1700 2845
1705 2913
1710 2926
1715 2955
1720 2963
1725 3006
1730 3034
1735 3076
1740 3157
1745 3061
1750 3060
1755 3081
1760 3096
1765 3114
1770 3144
1775 3262
1780 3092
1785 3253
1790 3226
1795 3233
1800 3249
1805 3280
1810 3324
1815 3300
1820 3294
1825 3426
1830 3580
1835 3538
1840 3389
1845 3399
1850 3858
1855 3399
1860 3453
1865 3513
1870 3494
1875 3643
1880 3577
1885 3551
1890 3678
1895 3434
1900 3803
1905 3673
1910 3642
1915 3661
1920 3972
1925 3740
1930 3691
1935 3995
1940 3878
1945 3776
1950 3914
1955 3883
1960 3829
1965 3931
1970 3915
1975 4000
1980 3916
1985 4086
1990 4071
1995 4035
2000 4099
