0 0
5 0
10 0
15 0
20 1
25 1
30 1
35 2
40 2
45 3
50 4
55 4
60 5
65 6
70 7
75 8
80 10
85 12
90 13
95 14
100 16
105 18
110 16
115 17
120 19
125 20
130 21
135 22
140 24
145 26
150 28
155 34
160 37
165 33
170 34
175 36
180 38
185 40
190 42
195 44
200 47
205 49
210 62
215 78
220 65
225 66
230 61
235 85
240 66
245 65
250 71
255 76
260 76
265 80
270 83
275 85
280 88
285 91
290 99
295 100
300 100
305 103
310 107
315 109
320 117
325 115
330 119
335 112
340 149
345 159
350 142
355 144
360 153
365 144
370 154
375 144
380 197
385 160
390 217
395 185
400 172
405 177
410 183
415 203
420 229
425 208
430 192
435 237
440 231
445 225
450 221
455 220
460 227
465 246
470 240
475 254
480 311
485 256
490 314
495 301
500 264
505 270
510 274
515 266
520 285
525 291
530 302
535 300
540 310
545 312
550 318
555 335
560 330
565 332
570 399
575 346
580 355
585 384
590 364
595 371
600 421
605 460
610 457
615 461
620 445
625 483
630 483
635 568
640 490
645 432
650 439
655 460
660 452
665 466
670 471
675 481
680 479
685 485
690 621
695 499
700 518
705 478
710 522
715 639
720 534
725 537
730 591
735 581
740 618
745 573
750 579
755 587
760 595
765 603
770 615
775 620
780 658
785 667
790 641
795 650
800 667
805 782
810 642
815 667
820 692
825 757
830 727
835 715
840 722
845 733
850 739
855 748
860 836
865 769
870 818
875 784
880 792
885 800
890 812
895 868
900 977
905 957
910 870
915 776
920 864
925 874
930 883
935 896
940 900
945 910
950 988
955 930
960 941
965 950
970 973
975 979
980 1164
985 1125
990 1030
995 1042
1000 1022
1005 1113
1010 1157
1015 1140
1020 1134
1025 1228
1030 1177
1035 1147
1040 1266
1045 1111
1050 1173
1055 1128
1060 1258
1065 1217
1070 1171
1075 1312
1080 1262
1085 1261
1090 1201
1095 1219
1100 1224
1105 1238
1110 1249
1115 1382
1120 1314
1125 1309
1130 1330
1135 1415
1140 1321
1145 1335
1150 1389
1155 1313
1160 1462
1165 1424
1170 1384
1175 1395
1180 1406
1185 1522
1190 1571
1195 1789
1200 1454
1205 1468
1210 1485
1215 1492
1220 1501
1225 1602
1230 1816
1235 1737
1240 1776
1245 1609
1250 1644
1255 1708
1260 2031
1265 1625
1270 1694
1275 1640
1280 1775
1285 1755
1290 1729
1295 1706
1300 1827
1305 1941
1310 1930
1315 1958
1320 1970
1325 1998
1330 2177
1335 1803
1340 1819
1345 1733
1350 2019
1355 1857
1360 1891
1365 1933
1370 1919
1375 2127
1380 1971
1385 2030
1390 1976
1395 1970
1400 2154
1405 2052
1410 2019
1415 2193
1420 2067
1425 2184
1430 2310
1435 2097
1440 2226
1445 2212
1450 2241
1455 2330
1460 2211
1465 2512
1470 2490
1475 2548
1480 2230
1485 2234
1490 2462
1495 2612
1500 2470
1505 2360
1510 2565
1515 2313
1520 2328
1525 2377
1530 2386
1535 2509
1540 2396
1545 2460
1550 2845
1555 2454
1560 2844
1565 2833
1570 2591
1575 2798
1580 2915
1585 2689
1590 2845
1595 2646
1600 2912
1605 2766
1610 3202
1615 2811
1620 2712
1625 2776
1630 2696
1635 2996
1640 2771
1645 2753
1650 2876
1655 2902
1660 2837
1665 2782
1670 2796
1675 2868
1680 2849
1685 2844
1690 2868
1695 2862
1700 2865
1705 3205
1710 3132
1715 3033
1720 3008
1725 3269
1730 3020
1735 3054
1740 3129
1745 3188
1750 3096
1755 3114
1760 3093
1765 3124
1770 3316
1775 3628
1780 3463
1785 3181
1790 3572
1795 3279
1800 3298
1805 3824
1810 3767
1815 4016
1820 3533
1825 3522
1830 3725
1835 3825
1840 3886
1845 3838
1850 4104
1855 3935
1860 3817
1865 3653
1870 3450
1875 3847
1880 3932
1885 3549
1890 3708
1895 4049
1900 3610
1905 3825
1910 3582
1915 3694
1920 3822
1925 3719
1930 3783
1935 3688
1940 3757
1945 3934
1950 3893
1955 3935
1960 3923
1965 3931
1970 3883
1975 3901
1980 3913
1985 4008
1990 5051
1995 4531
2000 4528
