0 0
5 0
10 0
15 0
20 1
25 1
30 1
35 2
40 2
45 3
50 4
55 4
60 5
65 6
70 6
75 8
80 8
85 9
90 10
95 12
100 13
105 14
110 16
115 19
120 22
125 23
130 21
135 22
140 24
145 25
150 27
155 28
160 30
165 32
170 35
175 36
180 38
185 39
190 42
195 45
200 46
205 48
210 51
215 53
220 58
225 80
230 74
235 64
240 71
245 66
250 73
255 73
260 76
265 80
270 97
275 90
280 94
285 98
290 127
295 108
300 99
305 102
310 106
315 110
320 113
325 118
330 120
335 125
340 141
345 130
350 156
355 157
360 141
365 148
370 151
375 161
380 162
385 166
390 157
395 168
400 173
405 176
410 180
415 186
420 189
425 193
430 197
435 202
440 208
445 210
450 216
455 220
460 224
465 229
470 234
475 241
480 251
485 249
490 253
495 259
500 264
505 269
510 275
515 279
520 284
525 290
530 295
535 329
540 307
545 314
550 320
555 351
560 329
565 334
570 402
575 347
580 354
585 358
590 369
595 368
600 376
605 381
610 391
615 395
620 400
625 411
630 412
635 417
640 450
645 460
650 440
655 445
660 454
665 458
670 470
675 472
680 478
685 486
690 492
695 500
700 510
705 513
710 520
715 527
720 535
725 542
730 550
735 558
740 564
745 574
750 593
755 585
760 595
765 602
770 610
775 666
780 642
785 634
790 643
795 663
800 763
805 665
810 675
815 732
820 691
825 700
830 706
835 767
840 726
845 733
850 742
855 762
860 724
865 766
870 811
875 806
880 792
885 800
890 814
895 817
900 828
905 908
910 847
915 854
920 958
925 872
930 885
935 1037
940 902
945 911
950 1007
955 932
960 940
965 963
970 961
975 1033
980 979
985 1117
990 1035
995 976
1000 1051
1005 1040
1010 1072
1015 1050
1020 1129
1025 1072
1030 1088
1035 1088
1040 1129
1045 1156
1050 1124
1055 1142
1060 1143
1065 1200
1070 1269
1075 1325
1080 1175
1085 1196
1090 1174
1095 1249
1100 1303
1105 1167
1110 1251
1115 1276
1120 1274
1125 1283
1130 2884
1135 1818
1140 1689
1145 1464
1150 1561
1155 1777
1160 1618
1165 1496
1170 1731
1175 1748
1180 2177
1185 1697
1190 1485
1195 1445
1200 1552
1205 1522
1210 1485
1215 1510
1220 1558
1225 1523
1230 1534
1235 1562
1240 1555
1245 1735
1250 1580
1255 1634
1260 1601
1265 1615
1270 1626
1275 1653
1280 1681
1285 1700
1290 1679
1295 1742
1300 1703
1305 1722
1310 1792
1315 1745
1320 1783
1325 1843
1330 2054
1335 1924
1340 1891
1345 1823
1350 1901
1355 1875
1360 1895
1365 1982
1370 1893
1375 1907
1380 2026
1385 1958
1390 1981
1395 2073
1400 1973
1405 2015
1410 2058
1415 2039
1420 2136
1425 2048
1430 2170
1435 2098
1440 2088
1445 2159
1450 2147
1455 2134
1460 2141
1465 2157
1470 2206
1475 2248
1480 2221
1485 2178
1490 2233
1495 2278
1500 2298
1505 2293
1510 2232
1515 2309
1520 2347
1525 2333
1530 2406
1535 2367
1540 2571
1545 2401
1550 2413
1555 2462
1560 2485
1565 2548
1570 2569
1575 2657
1580 2526
1585 2580
1590 2442
1595 2553
1600 2567
1605 2607
1610 2659
1615 2631
1620 2759
1625 2648
1630 2765
1635 2680
1640 2746
1645 2721
1650 2812
1655 2770
1660 2910
1665 2778
1670 2839
1675 2829
1680 2903
1685 2841
1690 2836
1695 2875
1700 2919
1705 2909
1710 2894
1715 2943
1720 3026
1725 3061
1730 3001
1735 3254
1740 3082
1745 3088
1750 3004
1755 3084
1760 3263
1765 3121
1770 3120
1775 3154
1780 3049
1785 3106
1790 3184
1795 3340
1800 3710
1805 3265
1810 3598
1815 3356
1820 4299
1825 3367
1830 3345
1835 3380
1840 3432
1845 3432
1850 3386
1855 3627
1860 3488
1865 3477
1870 3421
1875 3421
1880 3476
1885 3526
1890 3489
1895 3750
1900 3792
1905 3668
1910 3666
1915 3687
1920 3531
1925 3765
1930 3726
1935 3742
1940 3839
1945 3778
1950 3946
1955 3586
1960 3609
1965 3977
1970 3872
1975 4069
1980 3918
1985 4009
1990 3910
1995 4065
2000 3889
