0 0
5 0
10 0
15 0
20 1
25 1
30 1
35 2
40 3
45 3
50 4
55 5
60 6
65 7
70 7
75 8
80 9
85 10
90 11
95 13
100 14
105 15
110 17
115 18
120 19
125 21
130 22
135 23
140 25
145 27
150 29
155 30
160 32
165 34
170 36
175 38
180 40
185 42
190 44
195 46
200 48
205 51
210 54
215 56
220 59
225 61
230 63
235 66
240 68
245 71
250 74
255 77
260 81
265 83
270 86
275 89
280 92
285 96
290 98
295 107
300 103
305 103
310 106
315 110
320 155
325 114
330 132
335 126
340 126
345 128
350 152
355 137
360 140
365 144
370 147
375 151
380 156
385 159
390 163
395 175
400 174
405 170
410 180
415 172
420 188
425 193
430 196
435 195
440 206
445 211
450 215
455 220
460 224
465 236
470 280
475 239
480 243
485 248
490 253
495 260
500 263
505 278
510 280
515 286
520 308
525 310
530 294
535 299
540 311
545 285
550 317
555 322
560 327
565 332
570 338
575 343
580 350
585 325
590 362
595 368
600 379
605 381
610 385
615 417
620 403
625 406
630 411
635 458
640 424
645 431
650 439
655 445
660 451
665 480
670 460
675 471
680 480
685 485
690 491
695 499
700 502
705 515
710 524
715 529
720 539
725 570
730 551
735 555
740 564
745 572
750 579
755 601
760 594
765 642
770 610
775 618
780 625
785 632
790 641
795 649
800 659
805 664
810 684
815 681
820 692
825 697
830 707
835 714
840 723
845 731
850 740
855 747
860 757
865 820
870 775
875 783
880 790
885 801
890 809
895 817
900 879
905 837
910 846
915 876
920 865
925 834
930 931
935 957
940 905
945 968
950 972
955 930
960 988
965 952
970 958
975 995
980 1006
985 939
990 998
995 1008
1000 1017
1005 1031
1010 1038
1015 1134
1020 1102
1025 1142
1030 1205
1035 1091
1040 1141
1045 1109
1050 1170
1055 1169
1060 1157
1065 1149
1070 1160
1075 1132
1080 1190
1085 1279
1090 1202
1095 1222
1100 1289
1105 1238
1110 1262
1115 1281
1120 1275
1125 1261
1130 1342
1135 1269
1140 1316
1145 1326
1150 1345
1155 1349
1160 1396
1165 1412
1170 1544
1175 1417
1180 1409
1185 1425
1190 1437
1195 1476
1200 1554
1205 1531
1210 1600
1215 1495
1220 1533
1225 1583
1230 1657
1235 1573
1240 1567
1245 1609
1250 1782
1255 1698
1260 1763
1265 1710
1270 1658
1275 1629
1280 1659
1285 1562
1290 1675
1295 1689
1300 1656
1305 1670
1310 1640
1315 1652
1320 1664
1325 1702
1330 1944
1335 1749
1340 1824
1345 1820
1350 1880
1355 1858
1360 1774
1365 1778
1370 1997
1375 1932
1380 1866
1385 1832
1390 1844
1395 1856
1400 1943
1405 1888
1410 1935
1415 2132
1420 2238
1425 2059
1430 2105
1435 2087
1440 2181
1445 2222
1450 2133
1455 2210
1460 2139
1465 2279
1470 2287
1475 2217
1480 2279
1485 2223
1490 2231
1495 2157
1500 2258
1505 2570
1510 2347
1515 2307
1520 2316
1525 2344
1530 2356
1535 2563
1540 2472
1545 2432
1550 2421
1555 2434
1560 2580
1565 2433
1570 2507
1575 2494
1580 2511
1585 2546
1590 2540
1595 2561
1600 2574
1605 2596
1610 2605
1615 2626
1620 2642
1625 2678
1630 2763
1635 2715
1640 3050
1645 3003
1650 2907
1655 3138
1660 2969
1665 3096
1670 2889
1675 3165
1680 2877
1685 3166
1690 2969
1695 3032
1700 2906
1705 3041
1710 3516
1715 3005
1720 3045
1725 3007
1730 2998
1735 3014
1740 3141
1745 3187
1750 3171
1755 3232
1760 3099
1765 3141
1770 3148
1775 3316
1780 3304
1785 3186
1790 3142
1795 3226
1800 3252
1805 3349
1810 3323
1815 3328
1820 3452
1825 3407
1830 3432
1835 3437
1840 3420
1845 3403
1850 3422
1855 3679
1860 3423
1865 3519
1870 3512
1875 3510
1880 3585
1885 3566
1890 3566
1895 3643
1900 3613
1905 3619
1910 3555
1915 3563
1920 3581
1925 4292
1930 3720
1935 3779
1940 3882
1945 3882
1950 4203
1955 3831
1960 3950
1965 3877
1970 3907
1975 3861
1980 4018
1985 3929
1990 4002
1995 3985
2000 4063
