0 0
5 0
10 0
15 0
20 0
25 0
30 1
35 1
40 2
45 2
50 3
55 3
60 4
65 4
70 5
75 6
80 7
85 8
90 9
95 10
100 11
105 12
110 13
115 16
120 17
125 18
130 18
135 19
140 20
145 22
150 23
155 25
160 27
165 28
170 30
175 35
180 33
185 35
190 37
195 40
200 41
205 43
210 45
215 47
220 55
225 52
230 60
235 73
240 59
245 61
250 64
255 66
260 69
265 80
270 76
275 82
280 87
285 95
290 87
295 92
300 91
305 94
310 98
315 101
320 104
325 110
330 112
335 114
340 156
345 128
350 188
355 143
360 132
365 135
370 139
375 143
380 146
385 170
390 161
395 156
400 160
405 165
410 169
415 172
420 177
425 181
430 210
435 192
440 194
445 198
450 203
455 207
460 211
465 216
470 221
475 257
480 234
485 236
490 249
495 274
500 283
505 254
510 260
515 265
520 270
525 274
530 281
535 285
540 291
545 296
550 303
555 306
560 312
565 319
570 328
575 332
580 335
585 340
590 347
595 377
600 357
605 364
610 372
615 387
620 381
625 388
630 394
635 399
640 406
645 413
650 449
655 427
660 433
665 438
670 446
675 452
680 458
685 465
690 472
695 479
700 489
705 492
710 499
715 506
720 514
725 520
730 548
735 563
740 542
745 550
750 557
755 564
760 573
765 579
770 586
775 595
780 602
785 609
790 618
795 627
800 722
805 642
810 649
815 660
820 669
825 677
830 682
835 713
840 762
845 707
850 716
855 782
860 732
865 742
870 752
875 832
880 764
885 774
890 894
895 835
900 798
905 871
910 817
915 826
920 879
925 844
930 854
935 914
940 870
945 883
950 915
955 899
960 905
965 925
970 995
975 976
980 947
985 955
990 965
995 977
1000 989
1005 1011
1010 1005
1015 1019
1020 1038
1025 1065
1030 1075
1035 1056
1040 1063
1045 1074
1050 1090
1055 1144
1060 1107
1065 1116
1070 1131
1075 1368
1080 1181
1085 1161
1090 1238
1095 1342
1100 1274
1105 1201
1110 1248
1115 1258
1120 1285
1125 1247
1130 1443
1135 1724
1140 1354
1145 1502
1150 1583
1155 1454
1160 1553
1165 1568
1170 1651
1175 1529
1180 1537
1185 1822
1190 1606
1195 1446
1200 1469
1205 1430
1210 1444
1215 1504
1220 1557
1225 1487
1230 1506
1235 1504
1240 1602
1245 1611
1250 1541
1255 1605
1260 1580
1265 1649
1270 1615
1275 1669
1280 1674
1285 1677
1290 1685
1295 2261
1300 1661
1305 1743
1310 1723
1315 1705
1320 1804
1325 1732
1330 1740
1335 2042
1340 1811
1345 1777
1350 1981
1355 1811
1360 1817
1365 2054
1370 1853
1375 1856
1380 2154
1385 1886
1390 1896
1395 2025
1400 1959
1405 1953
1410 2039
1415 1983
1420 2824
1425 2042
1430 2019
1435 2021
1440 2044
1445 2164
1450 2182
1455 2082
1460 2160
1465 2111
1470 2230
1475 2197
1480 2150
1485 2191
1490 2197
1495 2269
1500 2293
1505 2224
1510 2243
1515 2255
1520 2325
1525 2364
1530 2324
1535 2327
1540 2389
1545 2364
1550 2356
1555 2414
1560 2395
1565 2444
1570 2418
1575 2441
1580 2456
1585 2466
1590 2483
1595 2530
1600 2545
1605 2538
1610 2727
1615 2569
1620 2661
1625 2600
1630 2786
1635 2634
1640 2671
1645 2659
1650 2749
1655 2689
1660 2739
1665 2700
1670 2816
1675 2751
1680 2855
1685 2785
1690 2833
1695 2835
1700 2862
1705 2912
1710 3263
1715 2900
1720 3334
1725 2917
1730 2937
1735 2991
1740 2998
1745 3110
1750 3000
1755 2976
1760 2989
1765 3158
1770 3092
1775 3095
1780 3122
1785 3117
1790 3098
1795 3624
1800 3128
1805 3197
1810 3721
1815 3241
1820 3260
1825 3580
1830 3325
1835 3223
1840 3326
1845 3343
1850 3910
1855 3375
1860 3347
1865 3414
1870 3434
1875 3362
1880 3447
1885 3386
1890 3465
1895 3611
1900 3433
1905 3614
1910 3628
1915 3661
1920 3747
1925 3637
1930 3728
1935 3800
1940 3700
1945 3818
1950 3737
1955 3834
1960 3890
1965 3788
1970 3948
1975 3829
1980 4119
1985 3872
1990 3920
1995 3800
2000 4104
