0 0
5 0
10 0
15 0
20 0
25 0
30 1
35 1
40 2
45 2
50 3
55 3
60 4
65 4
70 5
75 6
80 7
85 8
90 8
95 9
100 10
105 11
110 13
115 14
120 15
125 16
130 18
135 19
140 20
145 22
150 23
155 25
160 27
165 28
170 30
175 32
180 34
185 35
190 37
195 39
200 41
205 43
210 45
215 47
220 49
225 52
230 54
235 56
240 59
245 61
250 68
255 75
260 69
265 71
270 74
275 77
280 80
285 82
290 85
295 88
300 91
305 94
310 97
315 100
320 104
325 107
330 110
335 113
340 116
345 119
350 123
355 127
360 132
365 133
370 138
375 170
380 146
385 149
390 158
395 189
400 161
405 166
410 190
415 198
420 181
425 213
430 201
435 232
440 193
445 219
450 227
455 217
460 216
465 218
470 240
475 227
480 233
485 236
490 240
495 260
500 269
505 257
510 290
515 267
520 273
525 273
530 280
535 288
540 326
545 333
550 318
555 307
560 311
565 318
570 323
575 330
580 440
585 389
590 376
595 354
600 399
605 508
610 458
615 436
620 416
625 397
630 448
635 466
640 480
645 475
650 421
655 429
660 434
665 444
670 446
675 454
680 459
685 468
690 477
695 518
700 485
705 494
710 511
715 512
720 554
725 516
730 533
735 542
740 546
745 618
750 609
755 567
760 666
765 634
770 589
775 593
780 700
785 722
790 701
795 692
800 728
805 674
810 674
815 887
820 716
825 716
830 759
835 743
840 752
845 759
850 734
855 755
860 785
865 851
870 766
875 794
880 767
885 782
890 784
895 833
900 922
905 814
910 837
915 934
920 871
925 994
930 852
935 863
940 872
945 914
950 890
955 903
960 910
965 920
970 930
975 961
980 946
985 959
990 967
995 980
1000 993
1005 996
1010 1005
1015 1227
1020 1027
1025 1028
1030 1046
1035 1054
1040 1064
1045 1077
1050 1096
1055 1167
1060 1110
1065 1122
1070 1098
1075 1286
1080 1159
1085 1226
1090 1138
1095 1183
1100 1259
1105 1203
1110 1232
1115 1225
1120 1306
1125 1246
1130 1249
1135 1267
1140 1278
1145 1298
1150 1307
1155 1312
1160 1323
1165 1345
1170 1344
1175 1359
1180 1370
1185 1345
1190 1355
1195 1366
1200 1379
1205 1525
1210 1448
1215 1509
1220 1424
1225 1463
1230 1763
1235 1461
1240 1556
1245 1481
1250 1537
1255 1582
1260 1519
1265 1620
1270 1523
1275 1516
1280 1637
1285 1582
1290 1688
1295 1648
1300 1616
1305 1799
1310 1642
1315 1796
1320 1715
1325 1725
1330 1762
1335 1762
1340 1766
1345 1782
1350 1819
1355 1803
1360 1820
1365 1883
1370 1904
1375 1859
1380 2137
1385 1887
1390 1895
1395 1916
1400 1947
1405 1948
1410 1952
1415 1971
1420 2075
1425 2005
1430 2035
1435 2028
1440 2070
1445 2050
1450 2066
1455 2086
1460 2243
1465 2148
1470 2128
1475 2136
1480 2159
1485 2221
1490 2229
1495 2207
1500 2206
1505 2298
1510 2248
1515 2275
1520 2322
1525 2283
1530 2303
1535 2311
1540 2332
1545 2346
1550 2361
1555 2517
1560 2446
1565 2491
1570 2418
1575 2436
1580 2450
1585 2464
1590 2486
1595 2438
1600 2512
1605 2500
1610 2518
1615 2735
1620 2800
1625 2695
1630 2621
1635 2646
1640 2758
1645 2679
1650 2698
1655 2710
1660 2714
1665 2767
1670 2794
1675 2778
1680 2779
1685 2801
1690 2809
1695 2886
1700 2840
1705 2851
1710 2907
1715 2957
1720 3027
1725 2962
1730 3036
1735 2965
1740 2973
1745 2996
1750 3002
1755 3047
1760 3083
1765 3099
1770 3094
1775 3121
1780 3117
1785 3123
1790 3225
1795 3199
1800 3176
1805 3380
1810 3239
1815 3534
1820 3324
1825 3290
1830 3290
1835 3367
1840 3396
1845 3360
1850 3367
1855 3542
1860 3398
1865 3512
1870 3466
1875 3880
1880 3810
1885 3596
1890 3523
1895 3523
1900 3761
1905 3568
1910 3668
1915 3609
1920 3626
1925 3653
1930 3839
1935 3665
1940 3712
1945 3727
1950 3744
1955 3749
1960 3714
1965 3782
1970 3871
1975 3847
1980 3844
1985 3758
1990 3896
1995 3697
2000 4114
