0 0
5 0
10 0
15 0
20 0
25 0
30 1
35 1
40 2
45 2
50 3
55 3
60 4
65 4
70 5
75 6
80 7
85 8
90 9
95 9
100 11
105 12
110 13
115 14
120 15
125 16
130 17
135 19
140 20
145 22
150 24
155 25
160 27
165 28
170 30
175 32
180 33
185 35
190 37
195 39
200 41
205 43
210 45
215 47
220 49
225 52
230 54
235 57
240 59
245 61
250 62
255 66
260 69
265 71
270 75
275 77
280 80
285 132
290 85
295 88
300 91
305 94
310 97
315 100
320 104
325 107
330 110
335 113
340 116
345 120
350 124
355 127
360 131
365 134
370 138
375 142
380 146
385 151
390 153
395 157
400 161
405 165
410 172
415 173
420 176
425 181
430 185
435 190
440 195
445 201
450 203
455 207
460 211
465 215
470 220
475 225
480 230
485 234
490 239
495 244
500 249
505 254
510 262
515 268
520 272
525 274
530 280
535 284
540 290
545 296
550 300
555 307
560 311
565 317
570 323
575 330
580 341
585 331
590 336
595 343
600 359
605 479
610 397
615 365
620 372
625 387
630 393
635 399
640 406
645 414
650 419
655 454
660 431
665 563
670 433
675 528
680 446
685 452
690 459
695 465
700 548
705 479
710 529
715 493
720 607
725 506
730 512
735 520
740 572
745 534
750 541
755 549
760 556
765 716
770 601
775 599
780 587
785 639
790 622
795 703
800 617
805 711
810 717
815 662
820 677
825 672
830 682
835 744
840 696
845 713
850 722
855 771
860 738
865 768
870 755
875 748
880 768
885 773
890 780
895 791
900 798
905 808
910 816
915 832
920 834
925 843
930 851
935 862
940 871
945 888
950 891
955 876
960 886
965 922
970 908
975 1059
980 897
985 981
990 940
995 951
1000 959
1005 969
1010 991
1015 995
1020 989
1025 1007
1030 1091
1035 1121
1040 1064
1045 1111
1050 1085
1055 1121
1060 1109
1065 1120
1070 1127
1075 1137
1080 1179
1085 1165
1090 1246
1095 1184
1100 1159
1105 1245
1110 1181
1115 1283
1120 1245
1125 1340
1130 1453
1135 1287
1140 1282
1145 1323
1150 1303
1155 1316
1160 1325
1165 1347
1170 1349
1175 1364
1180 1382
1185 1426
1190 1394
1195 1403
1200 1415
1205 1435
1210 1464
1215 1554
1220 1660
1225 1602
1230 1723
1235 1750
1240 1555
1245 1853
1250 1563
1255 1643
1260 1614
1265 1588
1270 1700
1275 1803
1280 1765
1285 1703
1290 1644
1295 1707
1300 1750
1305 1847
1310 1641
1315 1827
1320 1841
1325 1906
1330 1869
1335 1878
1340 1767
1345 1836
1350 1796
1355 1817
1360 1834
1365 1835
1370 1851
1375 1881
1380 1886
1385 1996
1390 2054
1395 1920
1400 1948
1405 1944
1410 1958
1415 1974
1420 1985
1425 2000
1430 2013
1435 2027
1440 2064
1445 2057
1450 2071
1455 2086
1460 2111
1465 2115
1470 2175
1475 2143
1480 2173
1485 2177
1490 2185
1495 2229
1500 2204
1505 2254
1510 2237
1515 2239
1520 2286
1525 2269
1530 2327
1535 2318
1540 2363
1545 2346
1550 2361
1555 2459
1560 2484
1565 2423
1570 2441
1575 2435
1580 2891
1585 2473
1590 2467
1595 2494
1600 2520
1605 2494
1610 2910
1615 2682
1620 2826
1625 2592
1630 2674
1635 2989
1640 2747
1645 2656
1650 2733
1655 2763
1660 2863
1665 2729
1670 2862
1675 3049
1680 3213
1685 3048
1690 2923
1695 3077
1700 2969
1705 2886
1710 2868
1715 2901
1720 2975
1725 2923
1730 2942
1735 2974
1740 3071
1745 3000
1750 3054
1755 3267
1760 3064
1765 3319
1770 3150
1775 3147
1780 3264
1785 3153
1790 3161
1795 3185
1800 3178
1805 3194
1810 3214
1815 3205
1820 3223
1825 3211
1830 3446
1835 3251
1840 3270
1845 3287
1850 3490
1855 3561
1860 3338
1865 3358
1870 3335
1875 3638
1880 3514
1885 3612
1890 3548
1895 3568
1900 3534
1905 3557
1910 3596
1915 3648
1920 3616
1925 3655
1930 3648
1935 3683
1940 3690
1945 3706
1950 3818
1955 3917
1960 3847
1965 3698
1970 3806
1975 3991
1980 3758
1985 3827
1990 3848
1995 3794
2000 3851
