0 0
5 0
10 0
15 0
20 0
25 0
30 1
35 1
40 2
45 2
50 3
55 3
60 4
65 4
70 5
75 6
80 7
85 8
90 9
95 10
100 11
105 12
110 13
115 14
120 18
125 16
130 21
135 19
140 20
145 22
150 23
155 25
160 27
165 28
170 30
175 32
180 33
185 35
190 38
195 39
200 41
205 43
210 45
215 47
220 49
225 52
230 54
235 57
240 59
245 61
250 64
255 66
260 69
265 73
270 74
275 78
280 81
285 83
290 87
295 89
300 92
305 94
310 97
315 101
320 104
325 111
330 137
335 113
340 117
345 119
350 128
355 126
360 131
365 134
370 137
375 141
380 145
385 149
390 153
395 157
400 160
405 165
410 169
415 172
420 176
425 181
430 186
435 189
440 193
445 198
450 202
455 207
460 212
465 217
470 222
475 225
480 230
485 235
490 240
495 244
500 249
505 254
510 259
515 264
520 269
525 274
530 279
535 285
540 290
545 292
550 301
555 306
560 312
565 318
570 324
575 380
580 334
585 347
590 348
595 352
600 357
605 364
610 369
615 404
620 390
625 387
630 393
635 400
640 419
645 414
650 418
655 487
660 432
665 438
670 445
675 451
680 459
685 465
690 473
695 479
700 489
705 535
710 511
715 506
720 514
725 520
730 528
735 605
740 542
745 549
750 567
755 626
760 573
765 580
770 587
775 593
780 601
785 608
790 617
795 627
800 740
805 641
810 650
815 657
820 664
825 673
830 680
835 690
840 747
845 709
850 714
855 721
860 775
865 743
870 748
875 769
880 763
885 774
890 782
895 887
900 801
905 887
910 927
915 826
920 836
925 869
930 851
935 866
940 963
945 885
950 912
955 932
960 909
965 923
970 1093
975 939
980 952
985 958
990 966
995 1040
1000 991
1005 1067
1010 1025
1015 1019
1020 1042
1025 1054
1030 1162
1035 1064
1040 1069
1045 1071
1050 1088
1055 1162
1060 1172
1065 1411
1070 1202
1075 1286
1080 1150
1085 1131
1090 1138
1095 1189
1100 1227
1105 1240
1110 1220
1115 1273
1120 1311
1125 1325
1130 1324
1135 1333
1140 1301
1145 1339
1150 1300
1155 1349
1160 1366
1165 1335
1170 1347
1175 1373
1180 1419
1185 1397
1190 1392
1195 1422
1200 1444
1205 1507
1210 1450
1215 1484
1220 1471
1225 1500
1230 1531
1235 1498
1240 1511
1245 1514
1250 1593
1255 1576
1260 1591
1265 1597
1270 1589
1275 1639
1280 1613
1285 1636
1290 1637
1295 1650
1300 1691
1305 1744
1310 1715
1315 1718
1320 1788
1325 1791
1330 1801
1335 1918
1340 1915
1345 1813
1350 2064
1355 1851
1360 1857
1365 1976
1370 1846
1375 1885
1380 1945
1385 1896
1390 1964
1395 1928
1400 1929
1405 1959
1410 1981
1415 1969
1420 2103
1425 2131
1430 2197
1435 2184
1440 2131
1445 2134
1450 2157
1455 2327
1460 2189
1465 2113
1470 2203
1475 2196
1480 2175
1485 2202
1490 2177
1495 2299
1500 2242
1505 2272
1510 2367
1515 2254
1520 2276
1525 2312
1530 2326
1535 2318
1540 2329
1545 2352
1550 2360
1555 2484
1560 2420
1565 2483
1570 2444
1575 2630
1580 2523
1585 2591
1590 2510
1595 2808
1600 2965
1605 2909
1610 2950
1615 2792
1620 2622
1625 2653
1630 2629
1635 2637
1640 2801
1645 2824
1650 2959
1655 2882
1660 2725
1665 2782
1670 2741
1675 2847
1680 2792
1685 2839
1690 2820
1695 2915
1700 2836
1705 2862
1710 2877
1715 2912
1720 2898
1725 2963
1730 2944
1735 2981
1740 3023
1745 2988
1750 3054
1755 3025
1760 3072
1765 2819
1770 3099
1775 3118
1780 3115
1785 3172
1790 3493
1795 3257
1800 3206
1805 3251
1810 3228
1815 3247
1820 3327
1825 4432
1830 3427
1835 3675
1840 3321
1845 3365
1850 3406
1855 3377
1860 3514
1865 3407
1870 3551
1875 3615
1880 3501
1885 3489
1890 3632
1895 3525
1900 3846
1905 3668
1910 3590
1915 3627
1920 3704
1925 3635
1930 3852
1935 3852
1940 3711
1945 3744
1950 4103
1955 3774
1960 3793
1965 3873
1970 3840
1975 3837
1980 3932
1985 4180
1990 3975
1995 3959
2000 4169
