0 0
5 0
10 0
15 0
20 1
25 1
30 1
35 2
40 2
45 3
50 4
55 4
60 5
65 6
70 7
75 7
80 9
85 9
90 11
95 12
100 13
105 14
110 15
115 17
120 17
125 19
130 20
135 22
140 24
145 25
150 27
155 27
160 30
165 32
170 32
175 36
180 41
185 44
190 48
195 45
200 48
205 48
210 88
215 67
220 55
225 57
230 60
235 62
240 65
245 68
250 70
255 82
260 76
265 78
270 81
275 84
280 81
285 90
290 93
295 89
300 96
305 102
310 106
315 108
320 112
325 114
330 118
335 122
340 147
345 129
350 146
355 130
360 165
365 141
370 148
375 173
380 155
385 161
390 163
395 167
400 170
405 162
410 179
415 183
420 198
425 279
430 197
435 201
440 191
445 195
450 214
455 218
460 201
465 229
470 233
475 239
480 245
485 291
490 255
495 257
500 263
505 260
510 274
515 278
520 284
525 289
530 263
535 394
540 304
545 311
550 316
555 321
560 328
565 335
570 339
575 345
580 382
585 413
590 375
595 411
600 432
605 418
610 489
615 419
620 405
625 408
630 412
635 418
640 425
645 441
650 440
655 453
660 465
665 458
670 464
675 475
680 516
685 485
690 491
695 500
700 524
705 521
710 526
715 529
720 552
725 552
730 597
735 562
740 565
745 572
750 579
755 579
760 608
765 602
770 660
775 658
780 627
785 634
790 689
795 666
800 668
805 665
810 700
815 702
820 729
825 699
830 706
835 720
840 742
845 732
850 739
855 811
860 772
865 767
870 841
875 854
880 784
885 758
890 881
895 832
900 834
905 838
910 885
915 857
920 883
925 874
930 882
935 894
940 950
945 911
950 910
955 937
960 977
965 948
970 978
975 967
980 1032
985 997
990 1019
995 1062
1000 1027
1005 1056
1010 1135
1015 1049
1020 1228
1025 1220
1030 1305
1035 1095
1040 1168
1045 1295
1050 1277
1055 1334
1060 1337
1065 1193
1070 1343
1075 1309
1080 1406
1085 1360
1090 1408
1095 1235
1100 1395
1105 1333
1110 1451
1115 1380
1120 1282
1125 1388
1130 1568
1135 1460
1140 1575
1145 1496
1150 1349
1155 1409
1160 1746
1165 1596
1170 1434
1175 1511
1180 1432
1185 1514
1190 1554
1195 1472
1200 1650
1205 1607
1210 1678
1215 1861
1220 1760
1225 2041
1230 2091
1235 1787
1240 1986
1245 1734
1250 1767
1255 1702
1260 1913
1265 1861
1270 2021
1275 1806
1280 1738
1285 1918
1290 1731
1295 2044
1300 1716
1305 1967
1310 1745
1315 1884
1320 1798
1325 1869
1330 1791
1335 1975
1340 1909
1345 1853
1350 1860
1355 1937
1360 1893
1365 2293
1370 1937
1375 1984
1380 1962
1385 2171
1390 2016
1395 1970
1400 2022
1405 2060
1410 2011
1415 2023
1420 2029
1425 2155
1430 2018
1435 2107
1440 2204
1445 2099
1450 2125
1455 2150
1460 2165
1465 2156
1470 2180
1475 2184
1480 2202
1485 2230
1490 2248
1495 2251
1500 2261
1505 2286
1510 2294
1515 2367
1520 2562
1525 2341
1530 2322
1535 2500
1540 2484
1545 2400
1550 2598
1555 2433
1560 2490
1565 2468
1570 2476
1575 2514
1580 2479
1585 2553
1590 2687
1595 2551
1600 2573
1605 2576
1610 2603
1615 2635
1620 2647
1625 2672
1630 2659
1635 2673
1640 2695
1645 2662
1650 2732
1655 2739
1660 2785
1665 2808
1670 2766
1675 2731
1680 2941
1685 2805
1690 2780
1695 2797
1700 2890
1705 2888
1710 2775
1715 2914
1720 2991
1725 3201
1730 3353
1735 3189
1740 2991
1745 3183
1750 3347
1755 3246
1760 3060
1765 2883
1770 3050
1775 3112
1780 3004
1785 3056
1790 3074
1795 3057
1800 3073
1805 3126
1810 3103
1815 3120
1820 3290
1825 3243
1830 3273
1835 3246
1840 3343
1845 3412
1850 3494
1855 3345
1860 3377
1865 3522
1870 3444
1875 3450
1880 3560
1885 3868
1890 3567
1895 3590
1900 3636
1905 3618
1910 3640
1915 3672
1920 3679
1925 3736
1930 3777
1935 3769
1940 3867
1945 3813
1950 3916
1955 3850
1960 3862
1965 3930
1970 3873
1975 3948
1980 3913
1985 3981
1990 4010
1995 3997
2000 4045
