0 0
5 0
10 0
15 0
20 1
25 1
30 1
35 2
40 2
45 3
50 4
55 4
60 5
65 6
70 7
75 7
80 8
85 9
90 10
95 11
100 12
105 14
110 15
115 16
120 17
125 19
130 20
135 38
140 23
145 25
150 25
155 28
160 29
165 30
170 33
175 35
180 37
185 37
190 41
195 43
200 45
205 45
210 46
215 51
220 54
225 56
230 58
235 61
240 58
245 66
250 85
255 93
260 127
265 98
270 80
275 106
280 87
285 89
290 91
295 94
300 97
305 93
310 97
315 138
320 107
325 112
330 115
335 118
340 114
345 126
350 129
355 188
360 188
365 140
370 145
375 149
380 153
385 156
390 161
395 162
400 168
405 178
410 183
415 188
420 191
425 217
430 197
435 203
440 207
445 209
450 214
455 220
460 225
465 229
470 236
475 244
480 243
485 248
490 254
495 258
500 264
505 269
510 273
515 280
520 284
525 290
530 295
535 303
540 307
545 339
550 309
555 316
560 321
565 325
570 331
575 374
580 447
585 349
590 388
595 360
600 402
605 373
610 392
615 468
620 390
625 415
630 387
635 419
640 426
645 433
650 441
655 446
660 453
665 460
670 475
675 480
680 474
685 487
690 489
695 504
700 523
705 516
710 528
715 549
720 536
725 549
730 613
735 573
740 572
745 630
750 582
755 589
760 593
765 601
770 610
775 619
780 626
785 634
790 641
795 648
800 659
805 664
810 673
815 717
820 673
825 681
830 688
835 731
840 704
845 782
850 722
855 784
860 762
865 766
870 717
875 783
880 791
885 784
890 1067
895 797
900 806
905 814
910 883
915 853
920 907
925 911
930 1001
935 924
940 901
945 919
950 919
955 959
960 944
965 958
970 960
975 980
980 984
985 998
990 997
995 986
1000 1020
1005 1026
1010 1046
1015 1050
1020 1059
1025 1068
1030 1086
1035 1178
1040 1100
1045 1108
1050 1142
1055 1134
1060 1154
1065 1119
1070 1166
1075 1324
1080 1162
1085 1161
1090 1197
1095 1244
1100 1241
1105 1321
1110 1246
1115 1291
1120 1271
1125 1285
1130 1295
1135 1302
1140 1314
1145 1325
1150 1321
1155 1313
1160 1431
1165 1335
1170 1445
1175 1396
1180 1407
1185 1381
1190 1392
1195 1367
1200 1499
1205 1425
1210 1457
1215 1548
1220 1649
1225 1562
1230 1528
1235 1542
1240 1557
1245 1681
1250 1588
1255 1604
1260 1614
1265 1628
1270 1637
1275 1696
1280 1677
1285 1755
1290 1698
1295 1696
1300 1715
1305 1791
1310 1736
1315 1775
1320 1765
1325 1821
1330 1826
1335 1899
1340 1970
1345 1890
1350 1968
1355 1867
1360 1878
1365 1971
1370 1978
1375 1904
1380 1941
1385 1934
1390 1998
1395 1968
1400 1973
1405 1989
1410 2063
1415 2024
1420 2052
1425 2042
1430 2073
1435 2078
1440 2082
1445 2112
1450 2156
1455 2125
1460 2144
1465 2162
1470 2171
1475 2194
1480 2197
1485 2211
1490 2267
1495 2184
1500 2267
1505 2271
1510 2300
1515 2437
1520 2330
1525 2467
1530 2226
1535 2571
1540 2316
1545 2414
1550 2412
1555 2399
1560 2475
1565 2812
1570 2780
1575 2549
1580 2575
1585 2527
1590 2542
1595 2549
1600 2570
1605 2595
1610 2595
1615 2629
1620 2690
1625 2651
1630 2694
1635 2681
1640 2747
1645 2709
1650 2733
1655 2676
1660 3058
1665 2775
1670 3098
1675 2877
1680 3188
1685 2843
1690 3035
1695 3221
1700 2941
1705 2908
1710 2932
1715 2937
1720 2880
1725 2896
1730 2915
1735 2930
1740 2947
1745 3252
1750 3027
1755 3328
1760 3053
1765 3291
1770 3049
1775 2989
1780 3016
1785 3471
1790 3508
1795 3244
1800 3380
1805 3380
1810 3316
1815 3354
1820 3374
1825 3326
1830 3345
1835 3417
1840 3428
1845 3523
1850 3423
1855 3454
1860 3456
1865 3489
1870 3516
1875 3522
1880 3542
1885 3625
1890 3498
1895 3597
1900 3603
1905 3638
1910 3691
1915 3658
1920 3578
1925 3892
1930 3643
1935 3993
1940 3777
1945 3829
1950 4387
1955 3851
1960 3831
1965 3861
1970 3880
1975 3898
1980 3912
1985 4128
1990 3967
1995 4018
2000 3991
