0 0
5 0
10 0
15 0
20 1
25 1
30 1
35 2
40 3
45 3
50 3
55 4
60 5
65 6
70 7
75 7
80 9
85 10
90 11
95 12
100 15
105 18
110 15
115 17
120 17
125 20
130 21
135 22
140 24
145 25
150 27
155 29
160 31
165 32
170 35
175 36
180 38
185 41
190 42
195 44
200 47
205 56
210 61
215 53
220 59
225 71
230 60
235 63
240 69
245 83
250 70
255 73
260 84
265 74
270 90
275 92
280 101
285 91
290 93
295 96
300 99
305 137
310 109
315 103
320 108
325 116
330 132
335 144
340 145
345 153
350 155
355 155
360 167
365 145
370 156
375 160
380 164
385 191
390 167
395 176
400 182
405 182
410 190
415 194
420 199
425 190
430 193
435 193
440 199
445 222
450 229
455 232
460 224
465 229
470 235
475 266
480 278
485 248
490 255
495 238
500 270
505 288
510 274
515 279
520 284
525 290
530 296
535 301
540 306
545 311
550 293
555 296
560 328
565 336
570 340
575 346
580 351
585 357
590 462
595 371
600 377
605 380
610 388
615 394
620 415
625 486
630 418
635 421
640 437
645 432
650 439
655 469
660 451
665 458
670 464
675 471
680 477
685 528
690 492
695 503
700 522
705 514
710 549
715 527
720 534
725 542
730 549
735 556
740 594
745 577
750 597
755 588
760 673
765 602
770 610
775 621
780 626
785 632
790 710
795 706
800 656
805 693
810 674
815 681
820 714
825 701
830 719
835 754
840 771
845 730
850 739
855 747
860 756
865 768
870 847
875 805
880 809
885 744
890 854
895 806
900 848
905 839
910 849
915 853
920 870
925 873
930 952
935 928
940 877
945 997
950 924
955 929
960 942
965 1062
970 973
975 913
980 1090
985 986
990 1008
995 974
1000 1040
1005 1047
1010 1040
1015 1053
1020 1126
1025 1290
1030 1190
1035 1236
1040 1169
1045 1175
1050 1289
1055 1154
1060 1143
1065 1282
1070 1237
1075 1181
1080 1291
1085 1264
1090 1224
1095 1230
1100 1246
1105 1230
1110 1276
1115 1322
1120 1272
1125 1293
1130 1384
1135 1314
1140 1349
1145 1358
1150 1385
1155 1416
1160 1382
1165 1372
1170 1412
1175 1400
1180 1427
1185 1423
1190 1514
1195 1453
1200 1475
1205 1489
1210 1479
1215 1493
1220 1508
1225 1517
1230 1560
1235 1583
1240 1554
1245 1563
1250 1596
1255 1599
1260 1600
1265 1641
1270 1654
1275 1648
1280 1651
1285 1680
1290 1677
1295 1624
1300 1720
1305 1726
1310 1737
1315 1750
1320 1771
1325 1765
1330 1840
1335 1868
1340 1856
1345 1823
1350 1837
1355 1791
1360 1881
1365 1876
1370 1905
1375 1880
1380 2121
1385 2041
1390 2094
1395 2001
1400 2026
1405 2032
1410 2207
1415 2135
1420 2054
1425 2040
1430 2119
1435 2092
1440 2085
1445 2134
1450 2113
1455 2225
1460 2151
1465 2155
1470 2187
1475 2200
1480 2275
1485 2217
1490 2259
1495 2293
1500 1961
1505 2324
1510 2234
1515 2199
1520 2350
1525 2377
1530 2372
1535 2389
1540 2335
1545 2459
1550 2539
1555 2447
1560 2467
1565 2506
1570 2474
1575 2621
1580 2517
1585 2524
1590 2551
1595 2611
1600 2563
1605 2660
1610 2645
1615 2735
1620 2705
1625 2761
1630 2778
1635 2639
1640 2820
1645 2782
1650 2934
1655 2792
1660 2869
1665 2904
1670 2871
1675 2807
1680 2831
1685 2853
1690 2858
1695 2874
1700 2889
1705 2930
1710 2936
1715 3026
1720 3058
1725 3071
1730 3048
1735 3096
1740 3024
1745 3184
1750 3149
1755 3171
1760 3189
1765 3186
1770 3198
1775 3168
1780 3307
1785 3234
1790 3239
1795 3235
1800 3240
1805 3396
1810 3302
1815 3350
1820 3340
1825 3323
1830 3455
1835 3448
1840 3349
1845 3435
1850 3440
1855 3453
1860 3536
1865 3503
1870 3611
1875 3569
1880 3553
1885 3582
1890 3931
1895 3833
1900 3619
1905 3618
1910 3657
1915 3783
1920 3739
1925 3709
1930 4062
1935 3748
1940 3763
1945 3864
1950 4056
1955 3816
1960 3837
1965 3869
1970 3893
1975 3965
1980 3994
1985 4099
1990 3983
1995 4006
2000 4151
