0 0
5 0
10 0
15 0
20 0
25 0
30 1
35 1
40 1
45 2
50 2
55 3
60 4
65 4
70 5
75 5
80 7
85 7
90 8
95 9
100 10
105 11
110 12
115 13
120 14
125 16
130 17
135 18
140 20
145 21
150 23
155 24
160 26
165 27
170 29
175 31
180 33
185 35
190 37
195 41
200 40
205 42
210 45
215 46
220 48
225 80
230 53
235 56
240 58
245 60
250 63
255 65
260 68
265 70
270 74
275 76
280 78
285 81
290 84
295 89
300 91
305 93
310 97
315 99
320 103
325 106
330 110
335 112
340 115
345 119
350 122
355 126
360 129
365 133
370 138
375 141
380 144
385 147
390 151
395 155
400 161
405 164
410 167
415 172
420 176
425 180
430 184
435 190
440 193
445 196
450 201
455 206
460 210
465 215
470 219
475 223
480 229
485 234
490 238
495 244
500 248
505 253
510 258
515 263
520 268
525 274
530 286
535 286
540 291
545 297
550 312
555 313
560 310
565 322
570 321
575 327
580 333
585 339
590 344
595 349
600 355
605 362
610 368
615 374
620 382
625 386
630 391
635 398
640 404
645 410
650 417
655 424
660 429
665 436
670 442
675 449
680 498
685 450
690 457
695 463
700 471
705 477
710 484
715 494
720 536
725 504
730 512
735 563
740 576
745 547
750 554
755 561
760 569
765 576
770 589
775 576
780 824
785 591
790 598
795 606
800 614
805 620
810 628
815 674
820 644
825 781
830 663
835 651
840 729
845 682
850 691
855 699
860 708
865 754
870 807
875 774
880 773
885 809
890 758
895 831
900 812
905 928
910 836
915 823
920 831
925 843
930 856
935 837
940 923
945 855
950 928
955 875
960 1030
965 997
970 924
975 964
980 957
985 960
990 973
995 1082
1000 1000
1005 1001
1010 1006
1015 1021
1020 1027
1025 1031
1030 1014
1035 1024
1040 1126
1045 1087
1050 1084
1055 1096
1060 1107
1065 1121
1070 1128
1075 1137
1080 1146
1085 1156
1090 1168
1095 1194
1100 1198
1105 1204
1110 1218
1115 1228
1120 1238
1125 1244
1130 1255
1135 1274
1140 1282
1145 1296
1150 1329
1155 1349
1160 1324
1165 1336
1170 1348
1175 1361
1180 1525
1185 1388
1190 1530
1195 1570
1200 1560
1205 1622
1210 1574
1215 1516
1220 1637
1225 1636
1230 1656
1235 1519
1240 1600
1245 1641
1250 1686
1255 1584
1260 1588
1265 1593
1270 1596
1275 1684
1280 1830
1285 1641
1290 1811
1295 1830
1300 2157
1305 1678
1310 1685
1315 1702
1320 1726
1325 1741
1330 1740
1335 1789
1340 1775
1345 1774
1350 1796
1355 1805
1360 1820
1365 1923
1370 1984
1375 1867
1380 1878
1385 1971
1390 1980
1395 1969
1400 1924
1405 2005
1410 1948
1415 1984
1420 1980
1425 2042
1430 2035
1435 2051
1440 2087
1445 2096
1450 2175
1455 2077
1460 2190
1465 2111
1470 2486
1475 2227
1480 2179
1485 2182
1490 2164
1495 2189
1500 2330
1505 2356
1510 2262
1515 2261
1520 2261
1525 2282
1530 2291
1535 2318
1540 2349
1545 2363
1550 2351
1555 2366
1560 2391
1565 2410
1570 2428
1575 2400
1580 2625
1585 2404
1590 2694
1595 2669
1600 2695
1605 2625
1610 2542
1615 2572
1620 2527
1625 2587
1630 2628
1635 2620
1640 2641
1645 2657
1650 2669
1655 2683
1660 2699
1665 2760
1670 2692
1675 2749
1680 2979
1685 2809
1690 2794
1695 2815
1700 2826
1705 2772
1710 2791
1715 3001
1720 2908
1725 2941
1730 2950
1735 3049
1740 3037
1745 2985
1750 3026
1755 3022
1760 2951
1765 3159
1770 3023
1775 3081
1780 3091
1785 3072
1790 3481
1795 3154
1800 3250
1805 3248
1810 3217
1815 3231
1820 3241
1825 3364
1830 3230
1835 3295
1840 3287
1845 3245
1850 3502
1855 3324
1860 3523
1865 3385
1870 3435
1875 3480
1880 3456
1885 3391
1890 3698
1895 3467
1900 3436
1905 3679
1910 3638
1915 3607
1920 3676
1925 3637
1930 3581
1935 4099
1940 3684
1945 3602
1950 3883
1955 3674
1960 3711
1965 3887
1970 3882
1975 3859
1980 3851
1985 3893
1990 3934
1995 3946
2000 3941
