0 0
5 0
10 0
15 0
20 0
25 0
30 1
35 1
40 1
45 2
50 2
55 3
60 4
65 4
70 5
75 6
80 6
85 7
90 8
95 9
100 10
105 11
110 12
115 13
120 15
125 16
130 17
135 18
140 20
145 21
150 22
155 24
160 26
165 27
170 29
175 31
180 32
185 34
190 36
195 38
200 40
205 42
210 44
215 46
220 48
225 50
230 53
235 55
240 57
245 60
250 62
255 64
260 67
265 70
270 72
275 75
280 77
285 80
290 86
295 86
300 103
305 92
310 94
315 97
320 101
325 104
330 107
335 110
340 113
345 117
350 120
355 135
360 123
365 127
370 130
375 134
380 137
385 141
390 190
395 148
400 152
405 155
410 159
415 163
420 167
425 171
430 175
435 179
440 183
445 188
450 192
455 201
460 206
465 210
470 214
475 220
480 259
485 228
490 233
495 284
500 285
505 267
510 343
515 281
520 269
525 278
530 310
535 315
540 291
545 298
550 301
555 331
560 314
565 351
570 325
575 332
580 336
585 341
590 346
595 351
600 365
605 362
610 369
615 375
620 382
625 387
630 393
635 400
640 406
645 413
650 419
655 425
660 432
665 438
670 445
675 452
680 457
685 467
690 471
695 478
700 486
705 492
710 499
715 505
720 512
725 507
730 513
735 521
740 522
745 534
750 576
755 548
760 556
765 563
770 570
775 578
780 598
785 578
790 585
795 592
800 636
805 662
810 615
815 694
820 629
825 638
830 645
835 654
840 778
845 668
850 832
855 704
860 710
865 720
870 728
875 735
880 737
885 753
890 762
895 771
900 760
905 912
910 813
915 785
920 813
925 822
930 830
935 839
940 826
945 959
950 928
955 891
960 884
965 894
970 902
975 969
980 899
985 908
990 915
995 927
1000 971
1005 943
1010 978
1015 1061
1020 1072
1025 1083
1030 1108
1035 1104
1040 1172
1045 1122
1050 1098
1055 1098
1060 1114
1065 1120
1070 1135
1075 1137
1080 1147
1085 1158
1090 1168
1095 1179
1100 1236
1105 1170
1110 1325
1115 1160
1120 1170
1125 1180
1130 1240
1135 1278
1140 1248
1145 1328
1150 1327
1155 1437
1160 1325
1165 1365
1170 1347
1175 1361
1180 1383
1185 1548
1190 1479
1195 1419
1200 1436
1205 1475
1210 1431
1215 1450
1220 1639
1225 1871
1230 1548
1235 1513
1240 1527
1245 1522
1250 1536
1255 1631
1260 1587
1265 1629
1270 1594
1275 1624
1280 1732
1285 1633
1290 1658
1295 1638
1300 1680
1305 1691
1310 1705
1315 1698
1320 1734
1325 1729
1330 1740
1335 1865
1340 1837
1345 1777
1350 1794
1355 1827
1360 1845
1365 1844
1370 1854
1375 1863
1380 1901
1385 1953
1390 1896
1395 1938
1400 2009
1405 1926
1410 1984
1415 1971
1420 1979
1425 1978
1430 2045
1435 2021
1440 2111
1445 2037
1450 2092
1455 2175
1460 2093
1465 2183
1470 2108
1475 2134
1480 2377
1485 2105
1490 2245
1495 2281
1500 2243
1505 2252
1510 2236
1515 2291
1520 2296
1525 2330
1530 2310
1535 2347
1540 2372
1545 2392
1550 2407
1555 2371
1560 2395
1565 2402
1570 2451
1575 2468
1580 2449
1585 2528
1590 2479
1595 2568
1600 2540
1605 2652
1610 2547
1615 2627
1620 2576
1625 2753
1630 2635
1635 2703
1640 2651
1645 2754
1650 2675
1655 2795
1660 2714
1665 2751
1670 2809
1675 2757
1680 2776
1685 2796
1690 2801
1695 2837
1700 2833
1705 2882
1710 2867
1715 3008
1720 2942
1725 2997
1730 2974
1735 2982
1740 2975
1745 2995
1750 3066
1755 3043
1760 3058
1765 3041
1770 3209
1775 3085
1780 3103
1785 3125
1790 3067
1795 3192
1800 3173
1805 3707
1810 3237
1815 3530
1820 3366
1825 3266
1830 3391
1835 3322
1840 3336
1845 3415
1850 3351
1855 3373
1860 3426
1865 3410
1870 3444
1875 3506
1880 3476
1885 3598
1890 3526
1895 3570
1900 3816
1905 3620
1910 3579
1915 3803
1920 3647
1925 3648
1930 3805
1935 3705
1940 3758
1945 3775
1950 3729
1955 3777
1960 3793
1965 3807
1970 3897
1975 3831
1980 3971
1985 3929
1990 3903
1995 3986
2000 4009
