0 0
5 0
10 0
15 0
20 0
25 0
30 1
35 1
40 1
45 2
50 2
55 3
60 3
65 4
70 5
75 5
80 6
85 7
90 8
95 9
100 10
105 11
110 12
115 13
120 14
125 15
130 17
135 18
140 19
145 21
150 22
155 24
160 25
165 27
170 28
175 30
180 32
185 34
190 35
195 37
200 39
205 41
210 43
215 45
220 48
225 50
230 52
235 54
240 56
245 59
250 86
255 82
260 68
265 88
270 71
275 145
280 93
285 79
290 82
295 85
300 87
305 91
310 94
315 96
320 100
325 103
330 106
335 109
340 112
345 115
350 119
355 122
360 126
365 149
370 133
375 136
380 140
385 144
390 147
395 152
400 156
405 161
410 169
415 174
420 178
425 181
430 186
435 189
440 193
445 197
450 201
455 205
460 210
465 214
470 219
475 224
480 229
485 235
490 238
495 243
500 277
505 253
510 258
515 263
520 268
525 273
530 281
535 285
540 288
545 293
550 291
555 297
560 301
565 307
570 327
575 352
580 326
585 367
590 335
595 377
600 400
605 372
610 385
615 383
620 371
625 410
630 396
635 435
640 406
645 413
650 418
655 425
660 431
665 437
670 445
675 452
680 460
685 464
690 472
695 477
700 484
705 511
710 500
715 505
720 519
725 518
730 601
735 581
740 540
745 548
750 557
755 565
760 568
765 576
770 586
775 592
780 604
785 607
790 614
795 621
800 630
805 667
810 646
815 655
820 795
825 652
830 660
835 668
840 676
845 795
850 692
855 699
860 745
865 734
870 744
875 753
880 761
885 776
890 758
895 832
900 775
905 783
910 918
915 880
920 875
925 865
930 935
935 937
940 974
945 879
950 891
955 901
960 909
965 917
970 929
975 963
980 950
985 992
990 969
995 973
1000 986
1005 992
1010 1002
1015 1013
1020 1024
1025 1033
1030 1044
1035 1060
1040 1069
1045 1071
1050 1085
1055 1065
1060 1075
1065 1234
1070 1128
1075 1214
1080 1114
1085 1349
1090 1170
1095 1236
1100 1195
1105 1205
1110 1243
1115 1229
1120 1232
1125 1269
1130 1253
1135 1264
1140 1276
1145 1286
1150 1448
1155 1364
1160 1286
1165 1472
1170 1545
1175 1381
1180 1372
1185 1389
1190 1690
1195 1363
1200 1373
1205 1387
1210 1692
1215 1487
1220 1572
1225 1623
1230 1575
1235 1499
1240 1540
1245 1539
1250 1543
1255 1557
1260 1569
1265 1588
1270 1597
1275 1611
1280 1663
1285 1688
1290 1673
1295 1671
1300 1674
1305 1748
1310 1730
1315 1701
1320 1739
1325 1740
1330 1779
1335 1767
1340 1954
1345 1996
1350 1818
1355 2001
1360 1855
1365 1842
1370 1903
1375 1990
1380 1877
1385 1917
1390 1892
1395 1919
1400 1927
1405 2009
1410 1953
1415 1965
1420 1980
1425 2122
1430 2003
1435 2104
1440 2042
1445 2075
1450 2088
1455 2081
1460 2091
1465 2125
1470 2167
1475 2130
1480 2145
1485 2162
1490 2198
1495 2284
1500 2271
1505 2217
1510 2234
1515 2256
1520 2375
1525 2289
1530 2181
1535 2305
1540 2296
1545 2348
1550 2703
1555 2356
1560 2428
1565 2404
1570 2726
1575 2673
1580 2525
1585 2480
1590 2501
1595 2534
1600 2530
1605 2530
1610 2538
1615 2552
1620 2586
1625 2617
1630 2598
1635 2726
1640 2632
1645 2652
1650 2667
1655 2681
1660 2695
1665 2755
1670 2659
1675 2671
1680 2690
1685 2770
1690 2800
1695 2740
1700 2792
1705 2845
1710 2875
1715 2880
1720 2837
1725 2832
1730 3187
1735 2956
1740 3259
1745 2976
1750 3179
1755 2937
1760 2948
1765 3000
1770 2987
1775 2986
1780 3047
1785 3360
1790 3348
1795 3213
1800 3430
1805 3266
1810 3354
1815 3237
1820 3261
1825 3277
1830 3310
1835 3351
1840 3314
1845 3331
1850 3419
1855 3407
1860 3408
1865 3456
1870 3430
1875 3468
1880 3508
1885 3481
1890 3616
1895 3525
1900 3626
1905 3617
1910 3565
1915 3588
1920 3578
1925 3563
1930 3687
1935 3569
1940 3711
1945 3770
1950 3722
1955 3912
1960 3831
1965 3893
1970 3823
1975 3884
1980 3875
1985 3855
1990 3939
1995 3937
2000 3964
