0 0
5 0
10 0
15 0
20 1
25 1
30 1
35 2
40 3
45 3
50 4
55 4
60 5
65 6
70 7
75 7
80 9
85 9
90 11
95 12
100 13
105 17
110 18
115 18
120 20
125 19
130 23
135 25
140 27
145 29
150 31
155 31
160 32
165 43
170 41
175 40
180 46
185 47
190 50
195 68
200 56
205 59
210 61
215 64
220 65
225 66
230 74
235 77
240 78
245 84
250 87
255 84
260 75
265 93
270 81
275 84
280 81
285 91
290 94
295 105
300 93
305 103
310 138
315 121
320 111
325 115
330 140
335 122
340 166
345 149
350 133
355 175
360 144
365 144
370 163
375 152
380 156
385 162
390 163
395 167
400 171
405 177
410 180
415 184
420 190
425 193
430 232
435 203
440 206
445 228
450 215
455 220
460 225
465 230
470 232
475 246
480 245
485 256
490 276
495 242
500 263
505 275
510 280
515 283
520 285
525 334
530 303
535 300
540 308
545 312
550 335
555 322
560 327
565 342
570 341
575 366
580 439
585 392
590 365
595 371
600 376
605 390
610 397
615 400
620 404
625 408
630 416
635 419
640 430
645 434
650 441
655 444
660 452
665 467
670 464
675 432
680 442
685 497
690 494
695 499
700 506
705 517
710 523
715 530
720 537
725 565
730 550
735 559
740 565
745 571
750 587
755 590
760 594
765 619
770 627
775 618
780 626
785 578
790 643
795 648
800 663
805 664
810 673
815 682
820 689
825 698
830 706
835 728
840 723
845 731
850 741
855 749
860 757
865 765
870 775
875 788
880 771
885 782
890 824
895 820
900 831
905 837
910 848
915 854
920 870
925 880
930 883
935 868
940 912
945 887
950 928
955 929
960 939
965 897
970 973
975 944
980 1018
985 1041
990 998
995 1036
1000 1069
1005 1066
1010 1042
1015 1049
1020 1032
1025 1042
1030 1081
1035 1101
1040 1000
1045 1080
1050 1118
1055 1131
1060 1071
1065 1150
1070 1135
1075 1173
1080 1149
1085 1194
1090 1186
1095 1393
1100 1334
1105 1140
1110 1213
1115 1226
1120 1288
1125 1246
1130 1315
1135 1239
1140 1523
1145 1305
1150 1356
1155 1352
1160 1380
1165 1374
1170 1386
1175 1415
1180 1411
1185 1422
1190 1476
1195 1548
1200 1516
1205 1511
1210 1481
1215 1497
1220 1521
1225 1517
1230 1535
1235 1544
1240 1589
1245 1618
1250 1727
1255 1863
1260 1644
1265 1612
1270 1736
1275 1718
1280 1668
1285 1695
1290 1768
1295 1696
1300 1615
1305 1718
1310 1729
1315 1742
1320 1759
1325 1771
1330 1781
1335 1792
1340 1808
1345 1821
1350 1852
1355 1868
1360 1636
1365 1847
1370 1913
1375 1899
1380 1895
1385 1844
1390 1900
1395 1979
1400 1971
1405 2018
1410 2035
1415 2014
1420 2028
1425 2085
1430 2096
1435 2067
1440 2106
1445 2100
1450 2120
1455 2128
1460 2126
1465 2294
1470 2167
1475 2285
1480 2176
1485 2191
1490 2392
1495 2242
1500 2371
1505 2173
1510 2297
1515 2497
1520 2320
1525 2411
1530 2353
1535 2536
1540 2389
1545 2408
1550 2343
1555 2453
1560 2517
1565 2456
1570 2743
1575 2333
1580 2762
1585 2498
1590 2638
1595 2553
1600 2598
1605 2595
1610 2671
1615 2782
1620 2665
1625 2653
1630 2691
1635 2683
1640 2723
1645 2735
1650 2754
1655 2759
1660 2784
1665 2785
1670 2728
1675 2870
1680 2749
1685 2843
1690 2844
1695 2829
1700 2833
1705 2867
1710 2884
1715 2898
1720 2951
1725 3079
1730 3050
1735 3042
1740 2963
1745 3001
1750 2959
1755 3041
1760 3121
1765 3068
1770 3120
1775 3145
1780 3063
1785 3211
1790 3037
1795 3092
1800 3111
1805 3091
1810 3104
1815 3347
1820 3458
1825 3341
1830 3357
1835 3410
1840 3394
1845 3419
1850 3424
1855 3445
1860 3471
1865 3508
1870 3554
1875 3517
1880 4184
1885 4105
1890 3597
1895 3621
1900 3627
1905 4027
1910 3663
1915 3669
1920 3946
1925 3872
1930 3815
1935 3816
1940 3802
1945 3808
1950 3826
1955 3825
1960 3837
1965 3854
1970 3882
1975 3957
1980 3943
1985 4051
1990 3843
1995 4045
2000 3897
