0 0
5 0
10 0
15 0
20 0
25 0
30 1
35 1
40 1
45 2
50 2
55 3
60 4
65 4
70 5
75 6
80 6
85 7
90 8
95 9
100 10
105 11
110 12
115 13
120 15
125 16
130 17
135 18
140 20
145 21
150 23
155 24
160 26
165 27
170 29
175 31
180 33
185 39
190 40
195 55
200 75
205 47
210 45
215 46
220 48
225 56
230 59
235 55
240 58
245 60
250 62
255 65
260 84
265 70
270 73
275 76
280 78
285 81
290 84
295 87
300 90
305 93
310 96
315 99
320 105
325 108
330 108
335 112
340 115
345 119
350 122
355 138
360 129
365 151
370 137
375 141
380 150
385 149
390 152
395 156
400 159
405 163
410 167
415 171
420 175
425 194
430 191
435 188
440 193
445 196
450 201
455 205
460 210
465 215
470 219
475 223
480 228
485 233
490 258
495 243
500 248
505 252
510 257
515 263
520 268
525 273
530 277
535 283
540 297
545 293
550 300
555 310
560 310
565 316
570 322
575 327
580 334
585 338
590 430
595 352
600 364
605 385
610 404
615 446
620 380
625 388
630 392
635 399
640 406
645 460
650 434
655 429
660 451
665 459
670 443
675 457
680 498
685 509
690 506
695 479
700 488
705 492
710 507
715 531
720 511
725 524
730 546
735 558
740 565
745 547
750 582
755 566
760 578
765 576
770 585
775 592
780 697
785 608
790 656
795 649
800 650
805 645
810 646
815 657
820 718
825 670
830 690
835 769
840 719
845 711
850 710
855 801
860 766
865 759
870 743
875 760
880 776
885 773
890 778
895 822
900 799
905 806
910 827
915 832
920 833
925 907
930 859
935 860
940 902
945 922
950 879
955 960
960 926
965 909
970 953
975 961
980 944
985 1053
990 1007
995 1043
1000 1016
1005 996
1010 1051
1015 1157
1020 1141
1025 1196
1030 1211
1035 1176
1040 1076
1045 1247
1050 1216
1055 1277
1060 1292
1065 1335
1070 1199
1075 1341
1080 1291
1085 1287
1090 1296
1095 1258
1100 1231
1105 1322
1110 1441
1115 1439
1120 1318
1125 1292
1130 1366
1135 1741
1140 1487
1145 1436
1150 1387
1155 1969
1160 1416
1165 1592
1170 1493
1175 1553
1180 1383
1185 1556
1190 1485
1195 1505
1200 1539
1205 1499
1210 1624
1215 1639
1220 1690
1225 1845
1230 1694
1235 1732
1240 1965
1245 1910
1250 1744
1255 1654
1260 1816
1265 1742
1270 1997
1275 1847
1280 1814
1285 1754
1290 1817
1295 1746
1300 1676
1305 1783
1310 1968
1315 1705
1320 1880
1325 1806
1330 1741
1335 1768
1340 1857
1345 2000
1350 1903
1355 1831
1360 1878
1365 1926
1370 1924
1375 1866
1380 1994
1385 1945
1390 1920
1395 2034
1400 1944
1405 1970
1410 1958
1415 1987
1420 1986
1425 2093
1430 2091
1435 2021
1440 2029
1445 2058
1450 2077
1455 2079
1460 2095
1465 2107
1470 2173
1475 2160
1480 2149
1485 2174
1490 2179
1495 2252
1500 2251
1505 2224
1510 2261
1515 2261
1520 2277
1525 2416
1530 2374
1535 2367
1540 2440
1545 2381
1550 2379
1555 2620
1560 2451
1565 2410
1570 2415
1575 2458
1580 2446
1585 2566
1590 2498
1595 2539
1600 2613
1605 2530
1610 2549
1615 2554
1620 2592
1625 2586
1630 2603
1635 2624
1640 2636
1645 2684
1650 2668
1655 2682
1660 2704
1665 2641
1670 2656
1675 2810
1680 2688
1685 3057
1690 2723
1695 2778
1700 2760
1705 3137
1710 2868
1715 2736
1720 2817
1725 2799
1730 3275
1735 3128
1740 3165
1745 2979
1750 3179
1755 3298
1760 3036
1765 2976
1770 3053
1775 2998
1780 2941
1785 2956
1790 3126
1795 2988
1800 3078
1805 3172
1810 3040
1815 3253
1820 3528
1825 3334
1830 3228
1835 3256
1840 3279
1845 3645
1850 3440
1855 3320
1860 3495
1865 3426
1870 3420
1875 3349
1880 3457
1885 3383
1890 3402
1895 3566
1900 3674
1905 3546
1910 3632
1915 3680
1920 3617
1925 3765
1930 3651
1935 3670
1940 3795
1945 3749
1950 3754
1955 3739
1960 3745
1965 3818
1970 3819
1975 3867
1980 3842
1985 3903
1990 3876
1995 3900
2000 3974
