0 0
5 0
10 0
15 0
20 0
25 0
30 1
35 1
40 1
45 2
50 2
55 3
60 4
65 4
70 5
75 6
80 6
85 7
90 8
95 9
100 10
105 11
110 12
115 14
120 15
125 16
130 17
135 18
140 20
145 21
150 23
155 28
160 26
165 27
170 29
175 31
180 33
185 35
190 37
195 39
200 40
205 42
210 45
215 47
220 49
225 52
230 54
235 56
240 58
245 60
250 63
255 66
260 68
265 71
270 73
275 76
280 79
285 81
290 85
295 88
300 104
305 93
310 97
315 99
320 103
325 106
330 110
335 112
340 115
345 119
350 123
355 126
360 129
365 133
370 137
375 140
380 145
385 148
390 151
395 155
400 159
405 163
410 167
415 171
420 179
425 180
430 184
435 189
440 192
445 196
450 201
455 206
460 210
465 215
470 219
475 223
480 230
485 233
490 287
495 242
500 249
505 252
510 257
515 262
520 268
525 273
530 278
535 283
540 288
545 294
550 300
555 333
560 311
565 317
570 322
575 331
580 372
585 367
590 346
595 350
600 356
605 366
610 369
615 380
620 382
625 405
630 395
635 399
640 408
645 415
650 465
655 480
660 445
665 473
670 443
675 502
680 458
685 463
690 471
695 477
700 484
705 577
710 522
715 505
720 513
725 521
730 526
735 536
740 544
745 547
750 631
755 562
760 596
765 578
770 584
775 595
780 600
785 610
790 614
795 651
800 630
805 657
810 666
815 695
820 662
825 670
830 681
835 727
840 694
845 704
850 717
855 721
860 728
865 735
870 875
875 754
880 762
885 770
890 780
895 788
900 797
905 840
910 815
915 823
920 932
925 841
930 851
935 960
940 876
945 878
950 1036
955 902
960 905
965 932
970 930
975 933
980 945
985 953
990 962
995 978
1000 982
1005 1160
1010 1001
1015 1011
1020 1035
1025 1034
1030 1077
1035 1053
1040 1082
1045 1090
1050 1091
1055 1127
1060 1109
1065 1115
1070 1132
1075 1133
1080 1143
1085 1156
1090 1167
1095 1179
1100 1156
1105 1166
1110 1179
1115 1223
1120 1249
1125 1209
1130 1221
1135 1229
1140 1295
1145 1253
1150 1344
1155 1385
1160 1322
1165 1330
1170 1341
1175 1356
1180 1370
1185 1377
1190 1389
1195 1400
1200 1413
1205 1427
1210 1444
1215 1452
1220 1536
1225 1475
1230 1494
1235 1545
1240 1589
1245 1515
1250 1530
1255 1576
1260 1577
1265 1576
1270 1619
1275 1594
1280 1609
1285 1624
1290 1642
1295 1645
1300 1656
1305 1673
1310 1764
1315 1695
1320 1751
1325 1781
1330 1735
1335 1784
1340 1817
1345 1800
1350 1792
1355 1878
1360 1815
1365 1831
1370 1879
1375 1886
1380 1895
1385 1932
1390 1917
1395 1958
1400 1926
1405 1982
1410 1966
1415 1974
1420 2042
1425 2110
1430 2009
1435 2041
1440 2070
1445 3476
1450 2059
1455 2388
1460 2088
1465 2418
1470 2262
1475 2176
1480 2190
1485 2215
1490 2260
1495 2197
1500 2210
1505 2289
1510 2315
1515 2399
1520 2397
1525 2277
1530 2308
1535 2335
1540 2329
1545 2338
1550 2387
1555 2475
1560 2590
1565 2613
1570 2462
1575 2447
1580 2512
1585 2489
1590 2531
1595 2494
1600 2525
1605 2554
1610 2540
1615 2562
1620 2568
1625 2584
1630 2604
1635 2624
1640 3176
1645 2656
1650 2667
1655 2691
1660 2730
1665 2759
1670 2732
1675 2734
1680 2764
1685 2803
1690 2794
1695 2976
1700 2971
1705 2887
1710 2869
1715 2802
1720 2898
1725 3451
1730 2901
1735 3056
1740 2973
1745 2996
1750 3030
1755 3111
1760 3250
1765 3220
1770 3073
1775 3084
1780 3107
1785 3252
1790 3301
1795 3242
1800 3197
1805 3210
1810 3374
1815 3310
1820 3253
1825 3266
1830 3452
1835 3437
1840 3299
1845 3377
1850 3541
1855 3512
1860 3386
1865 3410
1870 3644
1875 3438
1880 3535
1885 3538
1890 3504
1895 3525
1900 3584
1905 3551
1910 3475
1915 3827
1920 3665
1925 3664
1930 3885
1935 3601
1940 3692
1945 3905
1950 3799
1955 3827
1960 3782
1965 3946
1970 3807
1975 4014
1980 3896
1985 3921
1990 3886
1995 4071
2000 3949
