0 0
5 0
10 0
15 0
20 1
25 1
30 2
35 2
40 3
45 4
50 4
55 5
60 6
65 49
70 8
75 8
80 9
85 11
90 12
95 14
100 13
105 17
110 15
115 16
120 18
125 19
130 21
135 22
140 23
145 25
150 27
155 29
160 30
165 33
170 35
175 37
180 39
185 40
190 42
195 45
200 47
205 49
210 50
215 54
220 57
225 57
230 59
235 62
240 65
245 68
250 71
255 88
260 91
265 90
270 82
275 85
280 96
285 98
290 94
295 96
300 99
305 103
310 105
315 109
320 117
325 115
330 119
335 122
340 120
345 129
350 133
355 138
360 140
365 144
370 148
375 141
380 155
385 159
390 163
395 167
400 170
405 175
410 168
415 183
420 188
425 193
430 200
435 203
440 208
445 211
450 248
455 219
460 224
465 230
470 238
475 239
480 244
485 248
490 253
495 258
500 264
505 270
510 274
515 279
520 284
525 290
530 294
535 300
540 306
545 311
550 316
555 353
560 328
565 334
570 339
575 346
580 351
585 357
590 368
595 371
600 376
605 380
610 388
615 393
620 400
625 406
630 415
635 419
640 428
645 441
650 457
655 444
660 452
665 458
670 464
675 472
680 478
685 486
690 493
695 522
700 528
705 501
710 501
715 543
720 521
725 543
730 550
735 557
740 564
745 573
750 579
755 595
760 599
765 605
770 636
775 646
780 656
785 661
790 650
795 886
800 733
805 706
810 689
815 720
820 671
825 680
830 725
835 693
840 726
845 732
850 743
855 758
860 787
865 766
870 774
875 783
880 696
885 800
890 808
895 822
900 866
905 872
910 845
915 852
920 864
925 872
930 882
935 867
940 1000
945 897
950 897
955 905
960 915
965 928
970 932
975 1028
980 969
985 1001
990 1000
995 1011
1000 1014
1005 1026
1010 1073
1015 1066
1020 1065
1025 1156
1030 1095
1035 1090
1040 1101
1045 1110
1050 1146
1055 1129
1060 1146
1065 1267
1070 1171
1075 1173
1080 1180
1085 1252
1090 1213
1095 1223
1100 1229
1105 1238
1110 1262
1115 1271
1120 1285
1125 1281
1130 1294
1135 1306
1140 1314
1145 1308
1150 1324
1155 1352
1160 1345
1165 1375
1170 1395
1175 1396
1180 1409
1185 1422
1190 1433
1195 1474
1200 1456
1205 1492
1210 1490
1215 1497
1220 1507
1225 1526
1230 1541
1235 1541
1240 1611
1245 1566
1250 1675
1255 1592
1260 1604
1265 1616
1270 1636
1275 1716
1280 1658
1285 1671
1290 1741
1295 1717
1300 1706
1305 1722
1310 1729
1315 1761
1320 1753
1325 1803
1330 1829
1335 1831
1340 1805
1345 1819
1350 1833
1355 1847
1360 1864
1365 1760
1370 1839
1375 1854
1380 1864
1385 1879
1390 1892
1395 1989
1400 2014
1405 1990
1410 2002
1415 1961
1420 2145
1425 2105
1430 2067
1435 2093
1440 2117
1445 2162
1450 2111
1455 2155
1460 2164
1465 2159
1470 2302
1475 2182
1480 2214
1485 2216
1490 2228
1495 2241
1500 2260
1505 2246
1510 2227
1515 2238
1520 2255
1525 2274
1530 2555
1535 2421
1540 2462
1545 2670
1550 2432
1555 2423
1560 2493
1565 2486
1570 2555
1575 2579
1580 2501
1585 2517
1590 2479
1595 2479
1600 2568
1605 2545
1610 2527
1615 2652
1620 2635
1625 2609
1630 2725
1635 2636
1640 2887
1645 2669
1650 3018
1655 2622
1660 2913
1665 3002
1670 3059
1675 2769
1680 3003
1685 2811
1690 2887
1695 3604
1700 2906
1705 2903
1710 2928
1715 2860
1720 2953
1725 2930
1730 3004
1735 3131
1740 3020
1745 3062
1750 3070
1755 3117
1760 3109
1765 3133
1770 3141
1775 3147
1780 3170
1785 3223
1790 3453
1795 3231
1800 3277
1805 3285
1810 3456
1815 3392
1820 3386
1825 3326
1830 3348
1835 3389
1840 3391
1845 3401
1850 3414
1855 3435
1860 3452
1865 3477
1870 3489
1875 3414
1880 3496
1885 3472
1890 3471
1895 3457
1900 3543
1905 3593
1910 3578
1915 3629
1920 3795
1925 3504
1930 3597
1935 3917
1940 3779
1945 3773
1950 3831
1955 3831
1960 3767
1965 3993
1970 3761
1975 3914
1980 3917
1985 3936
1990 3964
1995 3983
2000 4042
