0 0
5 0
10 0
15 0
20 0
25 0
30 1
35 1
40 2
45 2
50 3
55 3
60 4
65 5
70 5
75 6
80 7
85 8
90 9
95 10
100 11
105 12
110 13
115 15
120 16
125 17
130 19
135 20
140 22
145 23
150 25
155 26
160 28
165 30
170 32
175 33
180 35
185 37
190 39
195 41
200 44
205 46
210 48
215 50
220 52
225 55
230 57
235 60
240 62
245 65
250 67
255 70
260 73
265 76
270 83
275 81
280 84
285 87
290 91
295 96
300 91
305 98
310 97
315 101
320 109
325 140
330 125
335 113
340 117
345 122
350 124
355 127
360 130
365 135
370 138
375 142
380 145
385 149
390 153
395 157
400 170
405 163
410 168
415 173
420 177
425 182
430 186
435 190
440 194
445 202
450 202
455 207
460 212
465 214
470 245
475 225
480 230
485 235
490 244
495 249
500 256
505 254
510 258
515 264
520 269
525 277
530 297
535 285
540 291
545 296
550 302
555 306
560 311
565 331
570 323
575 328
580 334
585 340
590 346
595 351
600 357
605 363
610 370
615 376
620 381
625 388
630 393
635 433
640 406
645 413
650 419
655 425
660 444
665 527
670 446
675 453
680 458
685 484
690 472
695 479
700 490
705 493
710 500
715 510
720 582
725 527
730 531
735 561
740 543
745 591
750 558
755 564
760 571
765 578
770 586
775 596
780 602
785 609
790 667
795 625
800 635
805 643
810 673
815 658
820 668
825 671
830 717
835 717
840 691
845 705
850 715
855 724
860 733
865 738
870 741
875 756
880 764
885 819
890 777
895 791
900 811
905 807
910 818
915 825
920 836
925 863
930 865
935 870
940 877
945 897
950 893
955 902
960 909
965 920
970 928
975 938
980 946
985 956
990 1000
995 974
1000 977
1005 1038
1010 1009
1015 1067
1020 1134
1025 1073
1030 1270
1035 1055
1040 1179
1045 1079
1050 1091
1055 1111
1060 1109
1065 1155
1070 1119
1075 1195
1080 1178
1085 1159
1090 1176
1095 1224
1100 1317
1105 1236
1110 1267
1115 1236
1120 1255
1125 1258
1130 1438
1135 1297
1140 1333
1145 1289
1150 1342
1155 1312
1160 1438
1165 1380
1170 1642
1175 1359
1180 1386
1185 1383
1190 1455
1195 1406
1200 1535
1205 1436
1210 1569
1215 1576
1220 1476
1225 1846
1230 1487
1235 1500
1240 1565
1245 1569
1250 1687
1255 1815
1260 1674
1265 1754
1270 1590
1275 1597
1280 1628
1285 1623
1290 1637
1295 1651
1300 1618
1305 1619
1310 1692
1315 1611
1320 1659
1325 1706
1330 1833
1335 1704
1340 1766
1345 1806
1350 1802
1355 1803
1360 1771
1365 1778
1370 1928
1375 1810
1380 1823
1385 1906
1390 1942
1395 1954
1400 1901
1405 1913
1410 1854
1415 1883
1420 2109
1425 2066
1430 2010
1435 2028
1440 2107
1445 2092
1450 2076
1455 2087
1460 2109
1465 2151
1470 2180
1475 2156
1480 2159
1485 2206
1490 2180
1495 2197
1500 2210
1505 2225
1510 2319
1515 2254
1520 2298
1525 2282
1530 2369
1535 2378
1540 2412
1545 2363
1550 2376
1555 2410
1560 2477
1565 2470
1570 2444
1575 2450
1580 2457
1585 2472
1590 2485
1595 2571
1600 2534
1605 2532
1610 2549
1615 2565
1620 2579
1625 2738
1630 2815
1635 2630
1640 3077
1645 2781
1650 2903
1655 2836
1660 3055
1665 2965
1670 2778
1675 2823
1680 2795
1685 2866
1690 2960
1695 3304
1700 2881
1705 2880
1710 3810
1715 3048
1720 3001
1725 3073
1730 3134
1735 2978
1740 3021
1745 3114
1750 3065
1755 3093
1760 3157
1765 3144
1770 3089
1775 3292
1780 3119
1785 3204
1790 3213
1795 3166
1800 3314
1805 3233
1810 3285
1815 3258
1820 3301
1825 3420
1830 3305
1835 3632
1840 3344
1845 3339
1850 3365
1855 3471
1860 3499
1865 3524
1870 3434
1875 3466
1880 3526
1885 3492
1890 3572
1895 3566
1900 3543
1905 3624
1910 3578
1915 3533
1920 3559
1925 3936
1930 3842
1935 3710
1940 3726
1945 3877
1950 4000
1955 4064
1960 3788
1965 4164
1970 3852
1975 3933
1980 3794
1985 3917
1990 3808
1995 3965
2000 3941
