0 0
5 0
10 0
15 0
20 0
25 0
30 1
35 1
40 1
45 2
50 2
55 3
60 3
65 4
70 5
75 5
80 6
85 7
90 8
95 9
100 10
105 11
110 12
115 13
120 14
125 15
130 17
135 18
140 19
145 21
150 22
155 24
160 25
165 27
170 62
175 30
180 32
185 34
190 35
195 64
200 39
205 41
210 43
215 45
220 47
225 64
230 53
235 55
240 58
245 60
250 63
255 65
260 68
265 70
270 73
275 76
280 79
285 82
290 84
295 87
300 90
305 93
310 96
315 99
320 102
325 105
330 109
335 112
340 117
345 119
350 122
355 128
360 129
365 132
370 137
375 140
380 144
385 148
390 157
395 155
400 159
405 180
410 169
415 171
420 177
425 180
430 186
435 188
440 192
445 219
450 230
455 219
460 234
465 214
470 221
475 224
480 229
485 231
490 239
495 273
500 248
505 277
510 259
515 264
520 269
525 274
530 280
535 286
540 289
545 294
550 299
555 308
560 313
565 317
570 322
575 330
580 337
585 339
590 348
595 351
600 356
605 363
610 368
615 383
620 381
625 386
630 394
635 399
640 405
645 411
650 420
655 424
660 431
665 436
670 444
675 451
680 462
685 464
690 470
695 477
700 484
705 494
710 499
715 510
720 540
725 520
730 527
735 534
740 541
745 549
750 558
755 572
760 569
765 578
770 647
775 593
780 605
785 650
790 615
795 623
800 633
805 640
810 649
815 687
820 667
825 698
830 864
835 737
840 699
845 703
850 716
855 720
860 738
865 763
870 745
875 763
880 762
885 770
890 812
895 877
900 851
905 806
910 816
915 825
920 833
925 843
930 883
935 867
940 870
945 878
950 893
955 895
960 910
965 958
970 933
975 938
980 944
985 1121
990 986
995 1061
1000 985
1005 992
1010 1010
1015 1015
1020 1179
1025 1032
1030 1041
1035 1052
1040 1096
1045 1217
1050 1081
1055 1092
1060 1163
1065 1137
1070 1183
1075 1140
1080 1179
1085 1196
1090 1245
1095 1187
1100 1192
1105 1198
1110 1267
1115 1257
1120 1327
1125 1244
1130 1399
1135 1418
1140 1277
1145 1460
1150 1356
1155 1349
1160 1366
1165 1357
1170 1374
1175 1452
1180 1402
1185 1403
1190 1582
1195 1401
1200 1462
1205 1472
1210 1437
1215 1446
1220 1457
1225 1476
1230 1485
1235 1560
1240 1511
1245 1571
1250 1538
1255 1545
1260 1560
1265 1571
1270 1671
1275 1646
1280 1608
1285 1649
1290 1632
1295 1660
1300 1672
1305 1673
1310 1956
1315 1696
1320 1737
1325 1858
1330 1739
1335 1748
1340 1868
1345 1772
1350 1787
1355 1913
1360 1811
1365 1832
1370 1888
1375 1862
1380 1866
1385 1969
1390 2011
1395 1931
1400 1951
1405 1968
1410 1951
1415 1963
1420 1979
1425 2069
1430 2042
1435 2018
1440 2062
1445 2216
1450 2185
1455 2094
1460 2267
1465 2187
1470 2155
1475 2330
1480 2426
1485 2253
1490 2357
1495 2192
1500 2321
1505 2360
1510 2391
1515 2316
1520 2266
1525 2317
1530 2335
1535 2461
1540 2323
1545 2447
1550 2412
1555 2378
1560 2383
1565 2408
1570 2586
1575 2547
1580 2564
1585 2516
1590 2468
1595 2487
1600 2504
1605 2529
1610 2538
1615 2570
1620 2589
1625 2586
1630 2620
1635 2667
1640 2640
1645 2743
1650 2678
1655 2707
1660 2749
1665 2738
1670 2743
1675 2789
1680 2853
1685 2825
1690 2895
1695 2890
1700 2960
1705 2846
1710 3080
1715 2878
1720 2957
1725 2913
1730 3048
1735 3014
1740 3009
1745 3039
1750 3008
1755 3014
1760 2951
1765 3047
1770 3066
1775 3269
1780 4850
1785 3229
1790 3454
1795 3386
1800 3413
1805 3307
1810 3409
1815 3397
1820 3315
1825 3423
1830 3449
1835 3308
1840 3693
1845 3773
1850 3349
1855 3432
1860 3476
1865 3444
1870 3466
1875 3441
1880 3497
1885 3518
1890 3498
1895 3637
1900 3610
1905 3547
1910 3679
1915 3858
1920 3613
1925 3728
1930 3903
1935 3784
1940 3708
1945 4043
1950 3989
1955 3770
1960 3882
1965 4002
1970 3892
1975 3847
1980 4188
1985 3939
1990 3879
1995 5273
2000 4385
