0 0
5 0
10 0
15 0
20 0
25 1
30 1
35 2
40 2
45 3
50 4
55 4
60 5
65 6
70 20
75 8
80 9
85 10
90 11
95 12
100 13
105 14
110 15
115 17
120 18
125 20
130 21
135 22
140 24
145 26
150 27
155 29
160 31
165 33
170 34
175 35
180 38
185 38
190 41
195 51
200 53
205 46
210 59
215 53
220 56
225 58
230 60
235 62
240 65
245 67
250 70
255 73
260 75
265 131
270 81
275 84
280 88
285 89
290 92
295 90
300 99
305 101
310 105
315 109
320 112
325 110
330 119
335 141
340 127
345 132
350 148
355 143
360 187
365 144
370 180
375 188
380 176
385 173
390 198
395 168
400 172
405 175
410 196
415 187
420 191
425 193
430 198
435 202
440 234
445 212
450 215
455 220
460 225
465 231
470 238
475 243
480 245
485 248
490 254
495 274
500 269
505 269
510 276
515 280
520 292
525 291
530 302
535 342
540 356
545 312
550 331
555 352
560 414
565 388
570 396
575 395
580 402
585 410
590 436
595 449
600 518
605 404
610 450
615 432
620 418
625 533
630 521
635 528
640 525
645 517
650 497
655 531
660 499
665 540
670 519
675 557
680 578
685 596
690 511
695 596
700 573
705 586
710 580
715 630
720 826
725 617
730 700
735 655
740 575
745 619
750 689
755 635
760 704
765 941
770 732
775 636
780 805
785 823
790 789
795 967
800 742
805 698
810 864
815 736
820 737
825 820
830 769
835 1059
840 744
845 762
850 810
855 837
860 774
865 786
870 859
875 789
880 792
885 800
890 874
895 847
900 964
905 837
910 865
915 955
920 872
925 878
930 901
935 898
940 901
945 914
950 961
955 1038
960 1105
965 1078
970 1190
975 967
980 1025
985 1095
990 997
995 1007
1000 1037
1005 1029
1010 1107
1015 1098
1020 1058
1025 1070
1030 1109
1035 1136
1040 1102
1045 1109
1050 1118
1055 1217
1060 1142
1065 1156
1070 1199
1075 1182
1080 1811
1085 1193
1090 1212
1095 1218
1100 1278
1105 1239
1110 1378
1115 1272
1120 1363
1125 1347
1130 1330
1135 1306
1140 1424
1145 1549
1150 1560
1155 1359
1160 1485
1165 1746
1170 1725
1175 1425
1180 1478
1185 1547
1190 1714
1195 1504
1200 1530
1205 1665
1210 1522
1215 1860
1220 1572
1225 1640
1230 1699
1235 1541
1240 1562
1245 1939
1250 1621
1255 1594
1260 1619
1265 1664
1270 1677
1275 1646
1280 1847
1285 1698
1290 1696
1295 1992
1300 1703
1305 1752
1310 1952
1315 1800
1320 1756
1325 1939
1330 1808
1335 1960
1340 2067
1345 1916
1350 2209
1355 1942
1360 1864
1365 1874
1370 1911
1375 1910
1380 1914
1385 1928
1390 1945
1395 2135
1400 1971
1405 1984
1410 2306
1415 2013
1420 2029
1425 2087
1430 2084
1435 1999
1440 2085
1445 2244
1450 2249
1455 2158
1460 2155
1465 2157
1470 2171
1475 2374
1480 2214
1485 2291
1490 2228
1495 2262
1500 2447
1505 2321
1510 2288
1515 2304
1520 2482
1525 2332
1530 2362
1535 2398
1540 2630
1545 2450
1550 2502
1555 2435
1560 2467
1565 2557
1570 2527
1575 2946
1580 2502
1585 2538
1590 2541
1595 2557
1600 2566
1605 2529
1610 2670
1615 2611
1620 2561
1625 2669
1630 2664
1635 2703
1640 2694
1645 2737
1650 2804
1655 3101
1660 2910
1665 2802
1670 2794
1675 2842
1680 2823
1685 2872
1690 2862
1695 2926
1700 3176
1705 3127
1710 3027
1715 3163
1720 2961
1725 2917
1730 2990
1735 3009
1740 3032
1745 3120
1750 3145
1755 3083
1760 3257
1765 3117
1770 3130
1775 3189
1780 3232
1785 3201
1790 3201
1795 3175
1800 3273
1805 3268
1810 3361
1815 3340
1820 3439
1825 3368
1830 3318
1835 3544
1840 3438
1845 3451
1850 3674
1855 3618
1860 3521
1865 3546
1870 3515
1875 3525
1880 3781
1885 3645
1890 3779
1895 3966
1900 3738
1905 3687
1910 3993
1915 4053
1920 3881
1925 3943
1930 4150
1935 3803
1940 3754
1945 4195
1950 3802
1955 3815
1960 3885
1965 3886
1970 3867
1975 3896
1980 4262
1985 4086
1990 3927
1995 3969
2000 4171
