0 0
5 0
10 0
15 0
20 1
25 1
30 2
35 2
40 3
45 4
50 4
55 4
60 5
65 6
70 7
75 8
80 9
85 12
90 13
95 15
100 16
105 17
110 19
115 21
120 22
125 24
130 25
135 28
140 28
145 26
150 27
155 29
160 31
165 47
170 34
175 36
180 38
185 40
190 42
195 45
200 47
205 49
210 52
215 53
220 57
225 64
230 60
235 63
240 76
245 80
250 73
255 87
260 83
265 76
270 90
275 84
280 87
285 90
290 93
295 97
300 100
305 102
310 105
315 109
320 111
325 116
330 127
335 117
340 151
345 153
350 158
355 156
360 174
365 164
370 169
375 146
380 183
385 161
390 151
395 237
400 204
405 164
410 181
415 184
420 189
425 198
430 261
435 202
440 206
445 210
450 217
455 230
460 256
465 229
470 242
475 269
480 261
485 259
490 285
495 282
500 286
505 276
510 274
515 309
520 298
525 343
530 336
535 287
540 315
545 362
550 372
555 375
560 331
565 334
570 340
575 345
580 351
585 365
590 369
595 401
600 375
605 382
610 457
615 405
620 454
625 406
630 412
635 418
640 392
645 431
650 439
655 407
660 451
665 456
670 464
675 471
680 479
685 485
690 492
695 499
700 506
705 512
710 520
715 520
720 534
725 543
730 549
735 656
740 550
745 557
750 565
755 661
760 594
765 565
770 610
775 620
780 628
785 691
790 643
795 701
800 656
805 666
810 683
815 683
820 693
825 706
830 707
835 714
840 723
845 731
850 717
855 761
860 799
865 751
870 774
875 809
880 795
885 807
890 831
895 822
900 862
905 836
910 847
915 862
920 875
925 879
930 962
935 912
940 909
945 930
950 947
955 943
960 942
965 956
970 961
975 1005
980 977
985 1101
990 996
995 1010
1000 1931
1005 1050
1010 1047
1015 1108
1020 1063
1025 1067
1030 1078
1035 1093
1040 1177
1045 1108
1050 1118
1055 1130
1060 1148
1065 1177
1070 1161
1075 1199
1080 1206
1085 1238
1090 1206
1095 1216
1100 1232
1105 1227
1110 1295
1115 1251
1120 1272
1125 1297
1130 1441
1135 1463
1140 1361
1145 1331
1150 1440
1155 1362
1160 1360
1165 1370
1170 1442
1175 1398
1180 1408
1185 1422
1190 1483
1195 1458
1200 1479
1205 1464
1210 1508
1215 1500
1220 1539
1225 1521
1230 1526
1235 1530
1240 1620
1245 1613
1250 1587
1255 1622
1260 1678
1265 1615
1270 1626
1275 1647
1280 1674
1285 1667
1290 1683
1295 1761
1300 1701
1305 1747
1310 1813
1315 1740
1320 1668
1325 1786
1330 1733
1335 1797
1340 1878
1345 1821
1350 1834
1355 1856
1360 1861
1365 1890
1370 1920
1375 1899
1380 1915
1385 1977
1390 1888
1395 1942
1400 2030
1405 1983
1410 2026
1415 2063
1420 2024
1425 2043
1430 2055
1435 2090
1440 2160
1445 2105
1450 2141
1455 2231
1460 2152
1465 2251
1470 2183
1475 2199
1480 2206
1485 2322
1490 2393
1495 2362
1500 2286
1505 2276
1510 2330
1515 2319
1520 2486
1525 2314
1530 2346
1535 2367
1540 2378
1545 2419
1550 2465
1555 2452
1560 2529
1565 2475
1570 2479
1575 2543
1580 2532
1585 2517
1590 2560
1595 2422
1600 2568
1605 2636
1610 2609
1615 2913
1620 2679
1625 2682
1630 2670
1635 2675
1640 2692
1645 3066
1650 2650
1655 2812
1660 2763
1665 2831
1670 2808
1675 2853
1680 2706
1685 2897
1690 2870
1695 3098
1700 2938
1705 2976
1710 2938
1715 2878
1720 2991
1725 2981
1730 2989
1735 3026
1740 3063
1745 3044
1750 3181
1755 3075
1760 3154
1765 3149
1770 3142
1775 3318
1780 3193
1785 3233
1790 3524
1795 3326
1800 3288
1805 5202
1810 3566
1815 3405
1820 3321
1825 3448
1830 3353
1835 3369
1840 3405
1845 3400
1850 3584
1855 3510
1860 3465
1865 3502
1870 3501
1875 3518
1880 3536
1885 3557
1890 3692
1895 3693
1900 3646
1905 3636
1910 3644
1915 3738
1920 3682
1925 3650
1930 3690
1935 3617
1940 4002
1945 3711
1950 3695
1955 3751
1960 3650
1965 3726
1970 3837
1975 3946
1980 3941
1985 3942
1990 3954
1995 3875
2000 4087
