0 0
5 0
10 0
15 0
20 0
25 0
30 1
35 1
40 2
45 2
50 3
55 3
60 4
65 4
70 5
75 6
80 7
85 8
90 8
95 9
100 10
105 24
110 14
115 14
120 17
125 16
130 20
135 19
140 20
145 22
150 24
155 25
160 28
165 28
170 30
175 32
180 33
185 35
190 37
195 39
200 41
205 43
210 45
215 47
220 49
225 52
230 54
235 56
240 59
245 61
250 64
255 66
260 69
265 71
270 74
275 77
280 79
285 82
290 85
295 88
300 91
305 94
310 97
315 100
320 103
325 107
330 110
335 149
340 117
345 119
350 124
355 129
360 131
365 134
370 138
375 144
380 147
385 163
390 156
395 157
400 161
405 164
410 169
415 179
420 191
425 194
430 185
435 190
440 194
445 198
450 203
455 207
460 211
465 217
470 221
475 226
480 231
485 245
490 298
495 255
500 259
505 254
510 259
515 265
520 269
525 275
530 281
535 286
540 290
545 297
550 301
555 306
560 312
565 317
570 390
575 326
580 338
585 342
590 392
595 384
600 365
605 381
610 378
615 375
620 377
625 406
630 394
635 400
640 449
645 413
650 419
655 426
660 432
665 467
670 455
675 457
680 459
685 464
690 472
695 478
700 505
705 494
710 500
715 506
720 512
725 588
730 529
735 536
740 542
745 548
750 583
755 565
760 573
765 579
770 586
775 593
780 601
785 604
790 616
795 670
800 632
805 641
810 649
815 692
820 664
825 670
830 680
835 691
840 698
845 714
850 715
855 724
860 740
865 763
870 787
875 756
880 773
885 793
890 781
895 793
900 805
905 808
910 817
915 826
920 888
925 843
930 854
935 909
940 876
945 883
950 895
955 903
960 907
965 928
970 927
975 937
980 1002
985 949
990 970
995 978
1000 1044
1005 1030
1010 1020
1015 1031
1020 1029
1025 1038
1030 1051
1035 1085
1040 1064
1045 1092
1050 1084
1055 1098
1060 1108
1065 1127
1070 1130
1075 1130
1080 1158
1085 1158
1090 1171
1095 1215
1100 1196
1105 1206
1110 1222
1115 1226
1120 1235
1125 1279
1130 1260
1135 1280
1140 1280
1145 1305
1150 1310
1155 1327
1160 1329
1165 1343
1170 1348
1175 1373
1180 1368
1185 1396
1190 1394
1195 1417
1200 1417
1205 1527
1210 1442
1215 1487
1220 1468
1225 1469
1230 1533
1235 1507
1240 1573
1245 1524
1250 1546
1255 1549
1260 1598
1265 1638
1270 1593
1275 1863
1280 1626
1285 1701
1290 1767
1295 1647
1300 1748
1305 1713
1310 1793
1315 1702
1320 1883
1325 1726
1330 1767
1335 1864
1340 1784
1345 1872
1350 1816
1355 2015
1360 2037
1365 2219
1370 2042
1375 2002
1380 1991
1385 2035
1390 2077
1395 1971
1400 1996
1405 1971
1410 1961
1415 1983
1420 1991
1425 2005
1430 2052
1435 2049
1440 2039
1445 2060
1450 2091
1455 2113
1460 2103
1465 2135
1470 2135
1475 2206
1480 2162
1485 2187
1490 2195
1495 2215
1500 2223
1505 2274
1510 2263
1515 2348
1520 2321
1525 2368
1530 2324
1535 2343
1540 2352
1545 2346
1550 2425
1555 2462
1560 2465
1565 2461
1570 2439
1575 2433
1580 2451
1585 2467
1590 2480
1595 2505
1600 2517
1605 2532
1610 2550
1615 2584
1620 2591
1625 2592
1630 2624
1635 2702
1640 3009
1645 2987
1650 3001
1655 2963
1660 2987
1665 2986
1670 3261
1675 2817
1680 2906
1685 2864
1690 2890
1695 3234
1700 3092
1705 3293
1710 2901
1715 3020
1720 2913
1725 3075
1730 3086
1735 2994
1740 3352
1745 3001
1750 3322
1755 3061
1760 3268
1765 3351
1770 3149
1775 3282
1780 3130
1785 3125
1790 3104
1795 3476
1800 3198
1805 3199
1810 3289
1815 3252
1820 3264
1825 3451
1830 3465
1835 3299
1840 3324
1845 3366
1850 3412
1855 3398
1860 3396
1865 3466
1870 3832
1875 3455
1880 4385
1885 3540
1890 3564
1895 3933
1900 3648
1905 3702
1910 3933
1915 4026
1920 3672
1925 3820
1930 4064
1935 3689
1940 3966
1945 3942
1950 4111
1955 3750
1960 3929
1965 4174
1970 3823
1975 3857
1980 4035
1985 4015
1990 3946
1995 4055
2000 3968
