0 0
5 0
10 0
15 0
20 0
25 1
30 1
35 1
40 2
45 2
50 3
55 4
60 4
65 5
70 6
75 7
80 8
85 9
90 10
95 11
100 12
105 13
110 15
115 16
120 17
125 19
130 20
135 22
140 24
145 26
150 27
155 29
160 31
165 33
170 35
175 37
180 39
185 41
190 43
195 46
200 48
205 51
210 53
215 56
220 58
225 61
230 63
235 67
240 69
245 72
250 75
255 78
260 81
265 84
270 87
275 90
280 94
285 98
290 100
295 104
300 110
305 113
310 117
315 121
320 128
325 127
330 115
335 119
340 122
345 126
350 129
355 132
360 136
365 140
370 144
375 148
380 152
385 156
390 160
395 164
400 168
405 172
410 177
415 181
420 185
425 190
430 194
435 198
440 266
445 207
450 211
455 217
460 223
465 208
470 213
475 257
480 236
485 268
490 267
495 310
500 247
505 253
510 258
515 262
520 268
525 273
530 277
535 282
540 288
545 294
550 300
555 305
560 301
565 307
570 402
575 319
580 324
585 475
590 370
595 340
600 346
605 351
610 358
615 363
620 536
625 376
630 382
635 387
640 394
645 417
650 418
655 424
660 430
665 437
670 445
675 458
680 457
685 451
690 457
695 508
700 471
705 477
710 623
715 519
720 548
725 553
730 542
735 545
740 544
745 547
750 555
755 561
760 569
765 606
770 583
775 592
780 641
785 610
790 637
795 663
800 631
805 714
810 645
815 655
820 685
825 678
830 678
835 688
840 716
845 702
850 711
855 720
860 739
865 737
870 759
875 761
880 771
885 774
890 806
895 820
900 800
905 807
910 930
915 826
920 832
925 916
930 894
935 883
940 900
945 906
950 962
955 911
960 1029
965 934
970 931
975 936
980 1054
985 984
990 972
995 985
1000 982
1005 992
1010 1007
1015 1014
1020 1079
1025 1031
1030 1041
1035 1054
1040 1062
1045 1110
1050 1084
1055 1093
1060 1169
1065 1114
1070 1125
1075 1134
1080 1183
1085 1161
1090 1165
1095 1176
1100 1187
1105 1212
1110 1210
1115 1227
1120 1231
1125 1283
1130 1253
1135 1298
1140 1273
1145 1386
1150 1306
1155 1488
1160 1326
1165 1444
1170 1349
1175 1480
1180 1373
1185 1495
1190 1395
1195 1434
1200 1414
1205 1435
1210 1445
1215 1451
1220 1483
1225 1488
1230 1526
1235 1589
1240 1699
1245 1577
1250 1556
1255 1783
1260 1562
1265 1701
1270 1612
1275 1640
1280 1619
1285 1624
1290 1636
1295 1728
1300 1661
1305 1678
1310 1687
1315 1695
1320 1720
1325 1725
1330 1741
1335 1817
1340 1770
1345 1782
1350 1807
1355 1812
1360 1821
1365 1834
1370 1852
1375 1869
1380 1928
1385 1976
1390 1895
1395 1946
1400 1921
1405 2008
1410 1957
1415 1990
1420 2000
1425 2098
1430 2004
1435 2022
1440 2062
1445 2075
1450 2060
1455 2098
1460 2248
1465 2120
1470 2156
1475 2221
1480 2207
1485 2173
1490 2187
1495 2197
1500 2268
1505 2316
1510 2341
1515 2355
1520 2290
1525 2312
1530 2298
1535 2324
1540 2336
1545 2375
1550 2583
1555 2390
1560 2473
1565 2556
1570 2424
1575 2451
1580 2475
1585 2636
1590 2472
1595 2493
1600 2537
1605 2558
1610 2598
1615 2614
1620 2651
1625 2648
1630 2691
1635 2677
1640 2686
1645 2725
1650 2692
1655 2765
1660 2740
1665 2804
1670 2838
1675 2811
1680 2805
1685 2877
1690 2877
1695 2834
1700 2839
1705 2861
1710 2910
1715 2890
1720 2895
1725 2923
1730 2964
1735 2993
1740 3059
1745 3064
1750 3008
1755 3016
1760 3039
1765 3154
1770 3192
1775 3532
1780 3114
1785 3342
1790 3190
1795 3561
1800 3207
1805 3186
1810 3213
1815 3240
1820 3512
1825 3262
1830 3277
1835 3353
1840 3394
1845 3335
1850 3354
1855 3503
1860 3512
1865 3424
1870 3479
1875 3514
1880 3725
1885 3599
1890 3811
1895 3552
1900 3537
1905 3990
1910 3559
1915 3677
1920 3642
1925 3700
1930 3691
1935 3667
1940 3790
1945 3705
1950 3750
1955 3744
1960 3800
1965 3810
1970 3809
1975 3973
1980 3861
1985 3924
1990 4187
1995 3970
2000 4003
