0 0
5 0
10 0
15 0
20 0
25 0
30 1
35 1
40 1
45 2
50 2
55 3
60 3
65 4
70 5
75 6
80 6
85 7
90 28
95 9
100 10
105 11
110 12
115 13
120 14
125 15
130 33
135 18
140 19
145 21
150 22
155 24
160 25
165 27
170 29
175 30
180 32
185 34
190 35
195 37
200 39
205 41
210 43
215 45
220 47
225 50
230 52
235 54
240 56
245 59
250 61
255 64
260 64
265 67
270 69
275 69
280 74
285 77
290 80
295 82
300 85
305 88
310 91
315 130
320 97
325 119
330 143
335 107
340 110
345 112
350 115
355 129
360 126
365 133
370 129
375 152
380 190
385 158
390 183
395 156
400 190
405 174
410 163
415 193
420 201
425 180
430 276
435 183
440 187
445 198
450 200
455 236
460 223
465 208
470 220
475 224
480 229
485 234
490 240
495 243
500 249
505 253
510 260
515 263
520 268
525 273
530 281
535 284
540 292
545 294
550 330
555 305
560 311
565 322
570 321
575 328
580 332
585 339
590 348
595 377
600 368
605 365
610 376
615 374
620 381
625 418
630 405
635 401
640 405
645 411
650 435
655 423
660 430
665 437
670 471
675 499
680 458
685 463
690 469
695 478
700 485
705 509
710 497
715 503
720 511
725 535
730 525
735 559
740 541
745 546
750 553
755 560
760 570
765 579
770 616
775 713
780 603
785 696
790 615
795 623
800 644
805 661
810 646
815 654
820 665
825 670
830 678
835 687
840 694
845 933
850 855
855 720
860 754
865 717
870 725
875 734
880 741
885 812
890 758
895 767
900 756
905 764
910 773
915 796
920 809
925 834
930 828
935 857
940 867
945 879
950 887
955 873
960 882
965 931
970 939
975 993
980 955
985 930
990 916
995 942
1000 931
1005 977
1010 1001
1015 960
1020 970
1025 978
1030 989
1035 1033
1040 1009
1045 1016
1050 1136
1055 1037
1060 1047
1065 1117
1070 1144
1075 1222
1080 1163
1085 1127
1090 1135
1095 1145
1100 1126
1105 1416
1110 1321
1115 1345
1120 1259
1125 1247
1130 1273
1135 1265
1140 1294
1145 1284
1150 1299
1155 1354
1160 1341
1165 1394
1170 1354
1175 1447
1180 1373
1185 1442
1190 1407
1195 1423
1200 1412
1205 1438
1210 1459
1215 1494
1220 1463
1225 1501
1230 1499
1235 1499
1240 1513
1245 1525
1250 1594
1255 1547
1260 1560
1265 1593
1270 1585
1275 1600
1280 1610
1285 1618
1290 1658
1295 1650
1300 1723
1305 1671
1310 1710
1315 1705
1320 1761
1325 1722
1330 1825
1335 1751
1340 1756
1345 1773
1350 1927
1355 1824
1360 1817
1365 1851
1370 1830
1375 1917
1380 1928
1385 1966
1390 1901
1395 1971
1400 1939
1405 1975
1410 1963
1415 1973
1420 2092
1425 2007
1430 2021
1435 2071
1440 2086
1445 2078
1450 2064
1455 2109
1460 2134
1465 2106
1470 2490
1475 2140
1480 2195
1485 2197
1490 2178
1495 2232
1500 2205
1505 2280
1510 2259
1515 2318
1520 2316
1525 2280
1530 2327
1535 2317
1540 2354
1545 2408
1550 2361
1555 2446
1560 2486
1565 2456
1570 2422
1575 2443
1580 2451
1585 2605
1590 2485
1595 2509
1600 2611
1605 2553
1610 2569
1615 2563
1620 2605
1625 2592
1630 2595
1635 2646
1640 2632
1645 2677
1650 2725
1655 2683
1660 2831
1665 2744
1670 2788
1675 2749
1680 2806
1685 2781
1690 2723
1695 2812
1700 2820
1705 2847
1710 2865
1715 2881
1720 2894
1725 3135
1730 2931
1735 3409
1740 3207
1745 3256
1750 3377
1755 3624
1760 3276
1765 3955
1770 3437
1775 3911
1780 3161
1785 3665
1790 3518
1795 3178
1800 3179
1805 3193
1810 3213
1815 3219
1820 3172
1825 3172
1830 3140
1835 3405
1840 3447
1845 3242
1850 3484
1855 3373
1860 3399
1865 3318
1870 3317
1875 3821
1880 3576
1885 3477
1890 3496
1895 3494
1900 3350
1905 3366
1910 3499
1915 3551
1920 3602
1925 3530
1930 3618
1935 3611
1940 3491
1945 3621
1950 3721
1955 3543
1960 3827
1965 3971
1970 3886
1975 3840
1980 3833
1985 3788
1990 3775
1995 3780
2000 3905
