0 0
5 0
10 0
15 0
20 0
25 0
30 1
35 1
40 1
45 2
50 2
55 3
60 3
65 4
70 5
75 6
80 6
85 7
90 8
95 11
100 10
105 11
110 13
115 13
120 15
125 16
130 17
135 18
140 20
145 21
150 23
155 24
160 26
165 28
170 29
175 44
180 33
185 35
190 37
195 38
200 40
205 42
210 44
215 46
220 49
225 51
230 53
235 56
240 58
245 60
250 63
255 65
260 68
265 71
270 74
275 75
280 79
285 82
290 85
295 88
300 91
305 93
310 96
315 99
320 104
325 107
330 110
335 113
340 116
345 120
350 124
355 127
360 135
365 133
370 174
375 148
380 144
385 148
390 152
395 156
400 159
405 164
410 168
415 171
420 176
425 180
430 184
435 189
440 192
445 197
450 201
455 206
460 210
465 232
470 219
475 224
480 228
485 233
490 238
495 243
500 248
505 252
510 257
515 261
520 267
525 273
530 279
535 283
540 290
545 294
550 299
555 305
560 310
565 316
570 324
575 329
580 332
585 339
590 343
595 353
600 355
605 362
610 368
615 374
620 380
625 386
630 382
635 387
640 497
645 400
650 441
655 413
660 418
665 425
670 432
675 437
680 444
685 451
690 530
695 466
700 472
705 520
710 513
715 491
720 495
725 567
730 540
735 547
740 562
745 583
750 561
755 562
760 616
765 581
770 589
775 592
780 648
785 609
790 615
795 622
800 630
805 636
810 646
815 821
820 648
825 686
830 660
835 705
840 693
845 738
850 710
855 722
860 727
865 757
870 749
875 757
880 786
885 772
890 790
895 794
900 798
905 808
910 817
915 823
920 833
925 842
930 850
935 865
940 869
945 878
950 890
955 915
960 911
965 921
970 929
975 937
980 946
985 960
990 968
995 982
1000 1005
1005 1000
1010 1072
1015 1022
1020 1047
1025 1033
1030 1040
1035 1081
1040 1127
1045 1081
1050 1082
1055 1119
1060 1114
1065 1115
1070 1130
1075 1134
1080 1156
1085 1330
1090 1177
1095 1179
1100 1252
1105 1227
1110 1215
1115 1227
1120 1251
1125 1244
1130 1255
1135 1269
1140 1275
1145 1285
1150 1403
1155 1274
1160 1340
1165 1344
1170 1360
1175 1355
1180 1366
1185 1379
1190 1412
1195 1363
1200 1411
1205 1387
1210 1432
1215 1582
1220 1421
1225 1433
1230 1483
1235 1493
1240 1507
1245 1480
1250 1574
1255 1580
1260 1648
1265 1573
1270 1585
1275 1597
1280 1624
1285 1663
1290 1703
1295 1646
1300 1662
1305 1680
1310 1687
1315 1700
1320 1711
1325 1725
1330 1737
1335 1754
1340 1763
1345 1786
1350 1789
1355 1835
1360 1831
1365 1834
1370 1846
1375 1861
1380 1916
1385 1887
1390 1905
1395 1908
1400 1922
1405 1937
1410 2001
1415 1962
1420 2005
1425 1987
1430 2007
1435 2019
1440 2031
1445 2046
1450 2055
1455 2016
1460 2034
1465 2234
1470 2192
1475 2134
1480 2150
1485 2103
1490 2197
1495 2472
1500 2204
1505 2159
1510 2175
1515 2187
1520 2499
1525 2383
1530 2419
1535 2334
1540 2359
1545 2477
1550 2362
1555 2372
1560 2410
1565 2402
1570 2414
1575 2430
1580 2445
1585 2459
1590 2487
1595 2425
1600 2516
1605 2581
1610 2693
1615 2579
1620 2580
1625 2588
1630 2606
1635 2620
1640 2755
1645 2577
1650 2595
1655 2632
1660 2827
1665 2716
1670 2731
1675 2747
1680 2860
1685 2794
1690 2838
1695 2832
1700 2895
1705 2855
1710 3049
1715 2908
1720 3030
1725 2937
1730 2950
1735 2974
1740 3008
1745 3101
1750 3010
1755 3073
1760 3059
1765 3048
1770 3022
1775 3003
1780 3558
1785 3180
1790 3319
1795 3189
1800 3167
1805 3136
1810 3199
1815 3524
1820 3677
1825 3262
1830 3282
1835 3303
1840 3378
1845 3337
1850 3357
1855 3436
1860 3385
1865 3405
1870 3423
1875 3443
1880 3449
1885 3383
1890 3429
1895 4094
1900 3560
1905 3550
1910 3847
1915 3571
1920 3609
1925 3842
1930 3553
1935 3483
1940 3883
1945 3687
1950 3619
1955 4000
1960 3658
1965 3698
1970 4013
1975 3748
1980 3761
1985 3898
1990 3909
1995 4155
2000 3970
