0 0
5 0
10 0
15 0
20 0
25 0
30 1
35 1
40 1
45 2
50 2
55 3
60 4
65 4
70 5
75 6
80 7
85 7
90 8
95 9
100 10
105 11
110 12
115 13
120 15
125 16
130 17
135 18
140 20
145 21
150 23
155 24
160 26
165 28
170 29
175 31
180 33
185 35
190 37
195 38
200 40
205 42
210 44
215 47
220 49
225 51
230 53
235 56
240 58
245 60
250 63
255 65
260 68
265 70
270 73
275 76
280 79
285 81
290 84
295 87
300 90
305 93
310 96
315 100
320 103
325 106
330 109
335 113
340 115
345 119
350 137
355 141
360 145
365 151
370 152
375 154
380 159
385 165
390 200
395 189
400 182
405 174
410 185
415 195
420 185
425 200
430 211
435 213
440 219
445 217
450 227
455 242
460 236
465 279
470 239
475 240
480 230
485 248
490 240
495 243
500 297
505 253
510 296
515 311
520 268
525 293
530 279
535 319
540 303
545 302
550 333
555 345
560 344
565 362
570 365
575 357
580 372
585 396
590 443
595 417
600 433
605 406
610 378
615 379
620 393
625 413
630 399
635 405
640 455
645 420
650 418
655 425
660 432
665 436
670 444
675 451
680 457
685 469
690 478
695 497
700 484
705 496
710 497
715 504
720 513
725 522
730 530
735 579
740 563
745 584
750 629
755 578
760 575
765 590
770 595
775 611
780 603
785 661
790 774
795 641
800 652
805 639
810 646
815 684
820 681
825 725
830 725
835 690
840 695
845 705
850 713
855 721
860 731
865 761
870 745
875 757
880 763
885 775
890 780
895 787
900 855
905 806
910 821
915 844
920 836
925 842
930 886
935 862
940 869
945 886
950 1022
955 902
960 928
965 916
970 927
975 935
980 945
985 998
990 969
995 986
1000 984
1005 994
1010 1020
1015 1105
1020 1032
1025 1081
1030 1052
1035 1087
1040 1130
1045 1228
1050 1105
1055 1101
1060 1105
1065 1140
1070 1122
1075 1134
1080 1225
1085 1196
1090 1214
1095 1219
1100 1186
1105 1200
1110 1249
1115 1219
1120 1233
1125 1243
1130 1259
1135 1262
1140 1275
1145 1290
1150 1299
1155 1330
1160 1320
1165 1332
1170 1350
1175 1398
1180 1371
1185 1386
1190 1407
1195 1430
1200 1418
1205 1453
1210 1444
1215 1449
1220 1461
1225 1474
1230 1484
1235 1454
1240 1468
1245 1481
1250 1702
1255 1660
1260 1541
1265 1599
1270 1581
1275 1600
1280 1609
1285 1625
1290 1630
1295 1645
1300 1679
1305 1670
1310 1681
1315 1753
1320 1712
1325 1727
1330 1739
1335 1748
1340 1796
1345 1800
1350 1807
1355 1803
1360 1821
1365 1842
1370 1861
1375 2070
1380 1908
1385 1948
1390 1895
1395 1918
1400 1924
1405 2124
1410 1948
1415 1984
1420 1987
1425 2000
1430 2090
1435 2018
1440 2058
1445 2100
1450 2061
1455 2088
1460 2079
1465 2129
1470 2263
1475 2134
1480 2151
1485 2161
1490 2173
1495 2228
1500 2245
1505 2472
1510 2215
1515 2247
1520 2430
1525 2284
1530 2425
1535 2434
1540 2354
1545 2348
1550 2432
1555 2453
1560 2415
1565 2494
1570 2483
1575 2437
1580 2452
1585 2478
1590 2516
1595 2506
1600 2510
1605 2677
1610 2568
1615 2568
1620 2572
1625 2586
1630 2609
1635 2617
1640 2801
1645 2655
1650 2685
1655 2688
1660 2712
1665 2719
1670 2729
1675 2744
1680 2763
1685 2781
1690 2803
1695 2842
1700 2842
1705 2847
1710 2862
1715 3161
1720 3016
1725 3059
1730 2943
1735 2972
1740 2964
1745 2980
1750 3002
1755 3011
1760 2952
1765 3006
1770 3067
1775 3037
1780 3063
1785 2958
1790 3163
1795 3069
1800 3159
1805 3259
1810 3113
1815 3215
1820 3072
1825 3701
1830 3310
1835 3294
1840 3429
1845 3337
1850 3362
1855 3389
1860 3396
1865 3414
1870 3436
1875 3462
1880 3472
1885 3473
1890 3493
1895 3493
1900 3385
1905 3439
1910 3693
1915 3475
1920 3457
1925 3474
1930 3569
1935 3678
1940 3573
1945 3682
1950 3631
1955 3756
1960 3696
1965 3738
1970 3640
1975 3738
1980 3742
1985 4052
1990 3845
1995 3788
2000 4297
