0 0
5 0
10 0
15 0
20 0
25 0
30 1
35 1
40 1
45 2
50 2
55 3
60 3
65 4
70 5
75 6
80 7
85 7
90 8
95 9
100 10
105 11
110 12
115 13
120 15
125 16
130 17
135 18
140 20
145 21
150 23
155 24
160 26
165 27
170 29
175 31
180 33
185 35
190 36
195 39
200 41
205 42
210 44
215 47
220 49
225 52
230 53
235 55
240 58
245 60
250 62
255 65
260 68
265 71
270 73
275 76
280 79
285 81
290 84
295 87
300 90
305 93
310 96
315 99
320 103
325 106
330 109
335 112
340 116
345 118
350 122
355 126
360 129
365 133
370 140
375 141
380 145
385 148
390 149
395 155
400 159
405 170
410 167
415 171
420 178
425 180
430 184
435 188
440 192
445 212
450 201
455 205
460 211
465 215
470 219
475 224
480 229
485 233
490 239
495 243
500 248
505 254
510 259
515 263
520 269
525 273
530 278
535 283
540 290
545 295
550 305
555 305
560 310
565 316
570 323
575 327
580 333
585 339
590 344
595 353
600 357
605 363
610 368
615 374
620 380
625 387
630 393
635 399
640 405
645 412
650 417
655 426
660 430
665 439
670 444
675 453
680 458
685 464
690 473
695 478
700 486
705 491
710 498
715 505
720 517
725 521
730 527
735 534
740 540
745 548
750 586
755 562
760 571
765 579
770 587
775 593
780 600
785 608
790 616
795 712
800 631
805 638
810 649
815 655
820 688
825 674
830 758
835 696
840 698
845 704
850 734
855 727
860 728
865 752
870 747
875 756
880 767
885 824
890 814
895 790
900 802
905 807
910 819
915 823
920 836
925 965
930 853
935 1002
940 979
945 892
950 1016
955 1012
960 965
965 1093
970 1006
975 1091
980 1008
985 962
990 1010
995 981
1000 1046
1005 1155
1010 1097
1015 1119
1020 1036
1025 1070
1030 1133
1035 1071
1040 1081
1045 1075
1050 1081
1055 1094
1060 1147
1065 1117
1070 1126
1075 1135
1080 1164
1085 1154
1090 1165
1095 1176
1100 1210
1105 1198
1110 1209
1115 1221
1120 1230
1125 1417
1130 1255
1135 1306
1140 1275
1145 1313
1150 1320
1155 1311
1160 1323
1165 1340
1170 1351
1175 1354
1180 1370
1185 1466
1190 1401
1195 1401
1200 1444
1205 1494
1210 1462
1215 1463
1220 1483
1225 1524
1230 1500
1235 1558
1240 1547
1245 1524
1250 1548
1255 1553
1260 1587
1265 1578
1270 1582
1275 1732
1280 1618
1285 1623
1290 1788
1295 1661
1300 1656
1305 1691
1310 1699
1315 1730
1320 1707
1325 1754
1330 1732
1335 1746
1340 1789
1345 1772
1350 1787
1355 1833
1360 1815
1365 1827
1370 1859
1375 1851
1380 1872
1385 1882
1390 1899
1395 1908
1400 1956
1405 1938
1410 1965
1415 2038
1420 1981
1425 2028
1430 2008
1435 2028
1440 2166
1445 2093
1450 2085
1455 2087
1460 2120
1465 2224
1470 2184
1475 2137
1480 2212
1485 2165
1490 2304
1495 2192
1500 2216
1505 2235
1510 2233
1515 2328
1520 2273
1525 2331
1530 2301
1535 2319
1540 2337
1545 2337
1550 2385
1555 2372
1560 2519
1565 2406
1570 2439
1575 2478
1580 2532
1585 2474
1590 2480
1595 2491
1600 2504
1605 2876
1610 2538
1615 2709
1620 2552
1625 2644
1630 2602
1635 3075
1640 2645
1645 2782
1650 2667
1655 2703
1660 2726
1665 2800
1670 2731
1675 2823
1680 2764
1685 2781
1690 2792
1695 2779
1700 2790
1705 2919
1710 2867
1715 2887
1720 2895
1725 2837
1730 2812
1735 2954
1740 3025
1745 2975
1750 3044
1755 2981
1760 3086
1765 3187
1770 3083
1775 3103
1780 3164
1785 3130
1790 3260
1795 3354
1800 3239
1805 3219
1810 3210
1815 3304
1820 3242
1825 3409
1830 3287
1835 3280
1840 3423
1845 3339
1850 3368
1855 3393
1860 3388
1865 3511
1870 3421
1875 3466
1880 3558
1885 3509
1890 3483
1895 3574
1900 3555
1905 3610
1910 3620
1915 3589
1920 3720
1925 3688
1930 3626
1935 3662
1940 3860
1945 3701
1950 4201
1955 4378
1960 3893
1965 3920
1970 3811
1975 3887
1980 3846
1985 4090
1990 3970
1995 3901
2000 3914
